-4.0601e-14,0.045037,0.056724
-4.2567e-14,0.045149,0.056512
-4.4458e-14,0.045261,0.056304
-4.6262e-14,0.045373,0.056101
-4.7967e-14,0.045485,0.055902
-4.9563e-14,0.045598,0.055709
-5.1037e-14,0.04571,0.055521
-5.2377e-14,0.045822,0.055339
-5.3572e-14,0.045933,0.055163
-5.4608e-14,0.046045,0.054993
-5.5475e-14,0.046155,0.05483
-5.616e-14,0.046266,0.054672
-5.6652e-14,0.046375,0.054522
-5.6939e-14,0.046483,0.054379
-5.701e-14,0.046591,0.054242
-5.6853e-14,0.046697,0.054113
-5.6459e-14,0.046802,0.05399
-5.5818e-14,0.046906,0.053875
-5.4919e-14,0.047009,0.053767
-5.3754e-14,0.04711,0.053666
-5.2314e-14,0.047209,0.053572
-5.0592e-14,0.047307,0.053485
-4.858e-14,0.047403,0.053405
-4.6272e-14,0.047497,0.053332
-4.3664e-14,0.047589,0.053266
-4.0751e-14,0.047679,0.053207
-3.753e-14,0.047768,0.053154
-3.3999e-14,0.047854,0.053108
-3.0156e-14,0.047938,0.053067
-2.6002e-14,0.048019,0.053033
-2.1538e-14,0.048099,0.053005
-1.6767e-14,0.048176,0.052982
-1.1693e-14,0.048251,0.052965
-6.3229e-15,0.048323,0.052953
-6.6233e-16,0.048393,0.052946
5.2797e-15,0.048461,0.052943
1.1493e-14,0.048526,0.052945
1.7966e-14,0.048588,0.052951
2.4684e-14,0.048648,0.052961
3.1634e-14,0.048706,0.052975
3.8798e-14,0.048761,0.052991
4.6158e-14,0.048813,0.053012
5.3694e-14,0.048863,0.053034
6.1384e-14,0.04891,0.05306
6.9204e-14,0.048955,0.053088
7.7129e-14,0.048997,0.053118
8.5133e-14,0.049037,0.053149
9.3186e-14,0.049074,0.053183
1.0126e-13,0.049109,0.053217
1.0932e-13,0.049142,0.053253
1.1734e-13,0.049172,0.053289
1.2527e-13,0.049199,0.053326
1.3309e-13,0.049224,0.053363
1.4076e-13,0.049247,0.053401
1.4824e-13,0.049267,0.053439
1.5548e-13,0.049285,0.053476
1.6246e-13,0.049301,0.053513
1.6912e-13,0.049314,0.05355
1.7542e-13,0.049325,0.053585
1.8132e-13,0.049334,0.05362
1.8678e-13,0.04934,0.053654
1.9176e-13,0.049345,0.053687
1.962e-13,0.049347,0.053719
2.0008e-13,0.049347,0.053749
2.0333e-13,0.049344,0.053778
2.0592e-13,0.04934,0.053805
2.078e-13,0.049333,0.053831
2.0894e-13,0.049324,0.053854
2.0929e-13,0.049314,0.053877
2.0881e-13,0.049301,0.053897
2.0746e-13,0.049286,0.053916
2.052e-13,0.049269,0.053932
2.0201e-13,0.04925,0.053947
1.9784e-13,0.049229,0.05396
1.9267e-13,0.049206,0.053971
1.8646e-13,0.049181,0.053981
1.7919e-13,0.049155,0.053988
1.7084e-13,0.049126,0.053993
1.6139e-13,0.049096,0.053997
1.5082e-13,0.049064,0.053999
1.3912e-13,0.04903,0.053999
1.2628e-13,0.048994,0.053997
1.1229e-13,0.048956,0.053994
9.7169e-14,0.048917,0.053989
8.0907e-14,0.048876,0.053983
6.3516e-14,0.048834,0.053975
4.5012e-14,0.04879,0.053965
2.5416e-14,0.048744,0.053954
4.751e-15,0.048697,0.053942
-1.695e-14,0.048648,0.053929
-3.9652e-14,0.048598,0.053915
-6.3311e-14,0.048546,0.053899
-8.7878e-14,0.048493,0.053882
-1.133e-13,0.048439,0.053865
-1.3952e-13,0.048383,0.053847
-1.6646e-13,0.048326,0.053827
-1.9406e-13,0.048268,0.053808
-2.2223e-13,0.048209,0.053787
-2.5088e-13,0.048148,0.053766
-2.7994e-13,0.048086,0.053744
-3.0929e-13,0.048024,0.053722
-3.3884e-13,0.04796,0.0537
-3.6848e-13,0.047896,0.053677
-3.9808e-13,0.04783,0.053653
-4.2753e-13,0.047764,0.05363
-4.567e-13,0.047697,0.053606
-4.8547e-13,0.047629,0.053582
-5.1368e-13,0.047561,0.053558
-5.4121e-13,0.047492,0.053534
-5.679e-13,0.047422,0.05351
-5.9362e-13,0.047352,0.053485
-6.1819e-13,0.047282,0.053461
-6.4148e-13,0.047211,0.053437
-6.6332e-13,0.047139,0.053412
-6.8356e-13,0.047068,0.053388
-7.0203e-13,0.046996,0.053364
-7.1856e-13,0.046924,0.05334
-7.3301e-13,0.046852,0.053316
-7.452e-13,0.04678,0.053291
-7.5498e-13,0.046708,0.053268
-7.6219e-13,0.046637,0.053244
-7.6667e-13,0.046565,0.05322
-7.6828e-13,0.046494,0.053196
-7.6685e-13,0.046422,0.053173
-7.6226e-13,0.046352,0.053149
-7.5435e-13,0.046281,0.053126
-7.4301e-13,0.046211,0.053103
-7.281e-13,0.046142,0.05308
-7.0951e-13,0.046074,0.053057
-6.8714e-13,0.046006,0.053035
-6.6089e-13,0.045938,0.053013
-6.3067e-13,0.045872,0.05299
-5.9642e-13,0.045806,0.052969
-5.5807e-13,0.045741,0.052947
-5.1557e-13,0.045678,0.052926
-4.689e-13,0.045615,0.052905
-4.1803e-13,0.045554,0.052884
-3.6296e-13,0.045493,0.052864
-3.0372e-13,0.045434,0.052844
-2.4033e-13,0.045376,0.052824
-1.7285e-13,0.045319,0.052805
-1.0135e-13,0.045264,0.052786
-2.591e-14,0.04521,0.052768
5.3343e-14,0.045157,0.05275
1.3628e-13,0.045106,0.052733
2.2276e-13,0.045057,0.052716
3.1259e-13,0.045009,0.0527
4.0558e-13,0.044963,0.052685
5.0151e-13,0.044918,0.05267
6.0013e-13,0.044875,0.052656
7.0119e-13,0.044834,0.052643
8.0438e-13,0.044794,0.05263
9.0941e-13,0.044757,0.052618
1.0159e-12,0.044721,0.052607
1.1236e-12,0.044687,0.052597
1.232e-12,0.044655,0.052588
1.3408e-12,0.044624,0.05258
1.4495e-12,0.044596,0.052573
1.5577e-12,0.044569,0.052567
1.6649e-12,0.044545,0.052562
1.7707e-12,0.044522,0.052557
1.8745e-12,0.044502,0.052555
1.9758e-12,0.044483,0.052553
2.0742e-12,0.044467,0.052552
2.169e-12,0.044452,0.052553
2.2597e-12,0.044439,0.052554
2.3457e-12,0.044429,0.052557
2.4265e-12,0.04442,0.052562
2.5015e-12,0.044413,0.052567
2.57e-12,0.044409,0.052574
2.6315e-12,0.044406,0.052582
2.6854e-12,0.044405,0.052592
2.7311e-12,0.044406,0.052602
2.768e-12,0.04441,0.052614
2.7955e-12,0.044415,0.052628
2.8131e-12,0.044421,0.052643
2.8201e-12,0.04443,0.052659
2.8162e-12,0.04444,0.052676
2.8006e-12,0.044453,0.052695
2.7729e-12,0.044467,0.052714
2.7327e-12,0.044482,0.052735
2.6794e-12,0.044499,0.052758
2.6127e-12,0.044518,0.052781
2.5321e-12,0.044538,0.052806
2.4373e-12,0.04456,0.052831
2.328e-12,0.044583,0.052858
2.2039e-12,0.044608,0.052886
2.0647e-12,0.044634,0.052914
1.9104e-12,0.044661,0.052944
1.7407e-12,0.04469,0.052974
1.5557e-12,0.04472,0.053005
1.3552e-12,0.044751,0.053036
1.1394e-12,0.044783,0.053068
9.0837e-13,0.044816,0.053101
6.6228e-13,0.04485,0.053134
4.0139e-13,0.044885,0.053167
1.2604e-13,0.044921,0.0532
-1.6338e-13,0.044957,0.053233
-4.664e-13,0.044995,0.053266
-7.8245e-13,0.045033,0.053299
-1.1109e-12,0.045073,0.053332
-1.451e-12,0.045113,0.053364
-1.802e-12,0.045153,0.053396
-2.163e-12,0.045195,0.053428
-2.5331e-12,0.045237,0.053458
-2.9111e-12,0.04528,0.053488
-3.2959e-12,0.045323,0.053517
-3.6864e-12,0.045367,0.053544
-4.0812e-12,0.045411,0.053571
-4.479e-12,0.045457,0.053596
-4.8782e-12,0.045502,0.05362
-5.2773e-12,0.045548,0.053643
-5.6748e-12,0.045595,0.053664
-6.0689e-12,0.045642,0.053683
-6.4578e-12,0.04569,0.053701
-6.8398e-12,0.045738,0.053716
-7.2129e-12,0.045786,0.05373
-7.5753e-12,0.045835,0.053742
-7.9248e-12,0.045885,0.053752
-8.2595e-12,0.045935,0.05376
-8.5773e-12,0.045985,0.053766
-8.8761e-12,0.046036,0.053769
-9.1537e-12,0.046087,0.053771
-9.4079e-12,0.046138,0.05377
-9.6366e-12,0.04619,0.053767
-9.8376e-12,0.046242,0.053761
-1.0009e-11,0.046295,0.053754
-1.0148e-11,0.046347,0.053744
-1.0253e-11,0.0464,0.053732
-1.0321e-11,0.046453,0.053718
-1.0352e-11,0.046506,0.053702
-1.0341e-11,0.046559,0.053683
-1.0289e-11,0.046613,0.053663
-1.0192e-11,0.046666,0.05364
-1.005e-11,0.046719,0.053616
-9.8595e-12,0.046772,0.053589
-9.62e-12,0.046825,0.053561
-9.3298e-12,0.046878,0.053531
-8.9876e-12,0.04693,0.053499
-8.5921e-12,0.046982,0.053466
-8.1425e-12,0.047034,0.053431
-7.6378e-12,0.047085,0.053395
-7.0774e-12,0.047135,0.053358
-6.4608e-12,0.047185,0.053319
-5.7876e-12,0.047233,0.053279
-5.0579e-12,0.047281,0.053238
-4.2719e-12,0.047328,0.053196
-3.4298e-12,0.047374,0.053154
-2.5325e-12,0.047418,0.05311
-1.5806e-12,0.047461,0.053066
-5.7558e-13,0.047503,0.053022
4.813e-13,0.047544,0.052977
1.5883e-12,0.047583,0.052932
2.7433e-12,0.04762,0.052887
3.9442e-12,0.047655,0.052842
5.1882e-12,0.047689,0.052796
6.4725e-12,0.047721,0.052751
7.7939e-12,0.047751,0.052706
9.1488e-12,0.047779,0.052661
1.0533e-11,0.047805,0.052617
1.1944e-11,0.047828,0.052573
1.3375e-11,0.04785,0.05253
1.4823e-11,0.047869,0.052487
1.6282e-11,0.047885,0.052445
1.7747e-11,0.0479,0.052404
1.9213e-11,0.047912,0.052364
2.0673e-11,0.047921,0.052324
2.2121e-11,0.047928,0.052286
2.3551e-11,0.047932,0.052248
2.4956e-11,0.047934,0.052212
2.633e-11,0.047933,0.052177
2.7665e-11,0.04793,0.052142
2.8953e-11,0.047923,0.052109
3.0189e-11,0.047915,0.052077
3.1362e-11,0.047903,0.052047
3.2467e-11,0.047889,0.052017
3.3495e-11,0.047873,0.051989
3.4438e-11,0.047853,0.051962
3.5288e-11,0.047831,0.051937
3.6037e-11,0.047807,0.051913
3.6678e-11,0.04778,0.05189
3.7202e-11,0.04775,0.051868
3.7601e-11,0.047718,0.051848
3.7868e-11,0.047684,0.051829
3.7994e-11,0.047647,0.051812
3.7974e-11,0.047608,0.051795
3.7799e-11,0.047566,0.05178
3.7462e-11,0.047523,0.051766
3.6957e-11,0.047477,0.051754
3.6278e-11,0.047428,0.051743
3.5419e-11,0.047378,0.051732
3.4374e-11,0.047326,0.051723
3.3139e-11,0.047272,0.051716
3.1709e-11,0.047217,0.051709
3.008e-11,0.047159,0.051703
2.825e-11,0.0471,0.051698
2.6215e-11,0.047039,0.051695
2.3974e-11,0.046978,0.051692
2.1526e-11,0.046914,0.05169
1.887e-11,0.04685,0.051688
1.6007e-11,0.046785,0.051688
1.2938e-11,0.046718,0.051688
9.6658e-12,0.046651,0.051689
6.1935e-12,0.046584,0.05169
2.5251e-12,0.046516,0.051692
-1.3341e-12,0.046448,0.051695
-5.378e-12,0.046379,0.051698
-9.5992e-12,0.046311,0.051701
-1.3989e-11,0.046243,0.051705
-1.8539e-11,0.046175,0.051709
-2.3238e-11,0.046108,0.051713
-2.8075e-11,0.046041,0.051718
-3.3036e-11,0.045976,0.051722
-3.8107e-11,0.045911,0.051727
-4.3275e-11,0.045848,0.051732
-4.8522e-11,0.045786,0.051737
-5.383e-11,0.045727,0.051743
-5.9183e-11,0.045668,0.051748
-6.456e-11,0.045612,0.051753
-6.9941e-11,0.045559,0.051759
-7.5303e-11,0.045508,0.051764
-8.0626e-11,0.045459,0.05177
-8.5884e-11,0.045413,0.051775
-9.1054e-11,0.04537,0.051781
-9.6111e-11,0.045331,0.051787
-1.0103e-10,0.045294,0.051793
-1.0578e-10,0.045262,0.051799
-1.1033e-10,0.045233,0.051805
-1.1467e-10,0.045207,0.051811
-1.1875e-10,0.045186,0.051818
-1.2256e-10,0.045168,0.051825
-1.2606e-10,0.045155,0.051832
-1.2922e-10,0.045146,0.051839
-1.3201e-10,0.045142,0.051847
-1.344e-10,0.045142,0.051855
-1.3638e-10,0.045147,0.051864
-1.3789e-10,0.045156,0.051873
-1.3893e-10,0.04517,0.051882
-1.3945e-10,0.045188,0.051893
-1.3943e-10,0.045211,0.051903
-1.3885e-10,0.045239,0.051915
-1.3768e-10,0.045272,0.051927
-1.359e-10,0.045309,0.05194
-1.3348e-10,0.045351,0.051954
-1.304e-10,0.045397,0.051968
-1.2664e-10,0.045448,0.051984
-1.2218e-10,0.045503,0.052
-1.1701e-10,0.045562,0.052018
-1.1111e-10,0.045626,0.052036
-1.0447e-10,0.045693,0.052056
-9.7085e-11,0.045764,0.052076
-8.8941e-11,0.045839,0.052098
-8.0037e-11,0.045917,0.052121
-7.037e-11,0.045998,0.052145
-5.9943e-11,0.046083,0.052171
-4.876e-11,0.04617,0.052197
-3.683e-11,0.04626,0.052225
-2.4163e-11,0.046352,0.052255
-1.0774e-11,0.046446,0.052285
3.3172e-12,0.046542,0.052317
1.8089e-11,0.046639,0.05235
3.3515e-11,0.046738,0.052385
4.9565e-11,0.046837,0.052421
6.6205e-11,0.046937,0.052458
8.3397e-11,0.047038,0.052496
1.011e-10,0.047139,0.052536
1.1926e-10,0.047239,0.052577
1.3784e-10,0.04734,0.05262
1.5677e-10,0.047439,0.052663
1.76e-10,0.047538,0.052708
1.9547e-10,0.047635,0.052754
2.151e-10,0.047731,0.052801
2.3484e-10,0.047825,0.052849
2.5459e-10,0.047917,0.052898
2.7429e-10,0.048007,0.052949
2.9385e-10,0.048094,0.053
3.1318e-10,0.048179,0.053052
3.322e-10,0.048261,0.053104
3.5081e-10,0.04834,0.053158
3.6892e-10,0.048415,0.053212
3.8643e-10,0.048487,0.053267
4.0324e-10,0.048556,0.053322
4.1924e-10,0.048621,0.053378
4.3434e-10,0.048682,0.053434
4.4843e-10,0.048739,0.053491
4.6139e-10,0.048792,0.053547
4.7313e-10,0.048841,0.053604
4.8354e-10,0.048886,0.053661
4.925e-10,0.048927,0.053718
4.9991e-10,0.048964,0.053774
5.0566e-10,0.048996,0.053831
5.0966e-10,0.049024,0.053887
5.1178e-10,0.049047,0.053942
5.1195e-10,0.049067,0.053997
5.1005e-10,0.049082,0.054052
5.06e-10,0.049093,0.054105
4.997e-10,0.0491,0.054158
4.9106e-10,0.049102,0.05421
4.8002e-10,0.049101,0.054261
4.665e-10,0.049096,0.054311
4.5042e-10,0.049086,0.054359
4.3173e-10,0.049073,0.054406
4.1037e-10,0.049057,0.054452
3.863e-10,0.049036,0.054496
3.5948e-10,0.049012,0.054539
3.2989e-10,0.048985,0.05458
2.9751e-10,0.048955,0.054619
2.6233e-10,0.048921,0.054656
2.2436e-10,0.048884,0.054692
1.8361e-10,0.048844,0.054725
1.4011e-10,0.048802,0.054756
9.3905e-11,0.048757,0.054785
4.5043e-11,0.048709,0.054812
-6.4063e-12,0.048659,0.054836
-6.0364e-11,0.048606,0.054858
-1.1673e-10,0.048551,0.054878
-1.7541e-10,0.048494,0.054895
-2.3626e-10,0.048436,0.05491
-2.9916e-10,0.048375,0.054922
-3.6394e-10,0.048312,0.054932
-4.3044e-10,0.048248,0.054939
-4.9847e-10,0.048182,0.054944
-5.6784e-10,0.048115,0.054946
-6.3833e-10,0.048046,0.054946
-7.0971e-10,0.047977,0.054943
-7.8173e-10,0.047906,0.054938
-8.5414e-10,0.047834,0.05493
-9.2666e-10,0.047761,0.05492
-9.99e-10,0.047687,0.054907
-1.0709e-09,0.047612,0.054893
-1.1419e-09,0.047537,0.054876
-1.2119e-09,0.047461,0.054857
-1.2804e-09,0.047385,0.054836
-1.3471e-09,0.047309,0.054813
-1.4116e-09,0.047232,0.054788
-1.4736e-09,0.047154,0.054761
-1.5327e-09,0.047077,0.054733
-1.5885e-09,0.047,0.054704
-1.6407e-09,0.046922,0.054673
-1.6887e-09,0.046845,0.054641
-1.7323e-09,0.046768,0.054608
-1.7711e-09,0.046691,0.054574
-1.8046e-09,0.046614,0.054539
-1.8324e-09,0.046538,0.054504
-1.8542e-09,0.046462,0.054469
-1.8696e-09,0.046387,0.054433
-1.8782e-09,0.046313,0.054397
-1.8796e-09,0.046239,0.054361
-1.8735e-09,0.046167,0.054325
-1.8595e-09,0.046095,0.05429
-1.8373e-09,0.046024,0.054255
-1.8065e-09,0.045954,0.05422
-1.767e-09,0.045886,0.054187
-1.7183e-09,0.045818,0.054154
-1.6603e-09,0.045753,0.054123
-1.5928e-09,0.045688,0.054092
-1.5155e-09,0.045625,0.054063
-1.4282e-09,0.045564,0.054035
-1.3309e-09,0.045505,0.054009
-1.2234e-09,0.045447,0.053984
-1.1056e-09,0.045392,0.053962
-9.776e-10,0.045339,0.05394
-8.3932e-10,0.045287,0.053921
-6.9084e-10,0.045238,0.053904
-5.3226e-10,0.045192,0.053888
-3.6372e-10,0.045148,0.053875
-1.8541e-10,0.045107,0.053863
2.4335e-12,0.045068,0.053854
1.9952e-10,0.045032,0.053846
4.055e-10,0.045,0.053841
6.1998e-10,0.04497,0.053838
8.4251e-10,0.044943,0.053837
1.0726e-09,0.04492,0.053838
1.3097e-09,0.044899,0.053841
1.5531e-09,0.044883,0.053846
1.8023e-09,0.044869,0.053853
2.0565e-09,0.04486,0.053861
2.3148e-09,0.044854,0.053872
2.5765e-09,0.044851,0.053885
2.8407e-09,0.044852,0.053899
3.1064e-09,0.044857,0.053915
3.3726e-09,0.044866,0.053932
3.6383e-09,0.044878,0.053951
3.9023e-09,0.044894,0.053971
4.1636e-09,0.044914,0.053993
4.4209e-09,0.044938,0.054016
4.673e-09,0.044965,0.05404
4.9187e-09,0.044996,0.054065
5.1565e-09,0.045031,0.054091
5.3852e-09,0.045069,0.054118
5.6034e-09,0.045111,0.054145
5.8096e-09,0.045156,0.054173
6.0025e-09,0.045205,0.054202
6.1807e-09,0.045257,0.054231
6.3426e-09,0.045311,0.05426
6.4869e-09,0.045369,0.054289
6.612e-09,0.04543,0.054319
6.7165e-09,0.045493,0.054348
6.7991e-09,0.045559,0.054377
6.8582e-09,0.045627,0.054405
6.8925e-09,0.045697,0.054434
6.9006e-09,0.045769,0.054462
6.8812e-09,0.045843,0.054489
6.833e-09,0.045918,0.054515
6.7548e-09,0.045995,0.054541
6.6455e-09,0.046073,0.054566
6.5039e-09,0.046151,0.054589
6.329e-09,0.046231,0.054612
6.1199e-09,0.046311,0.054633
5.8758e-09,0.046391,0.054654
5.5959e-09,0.046471,0.054672
5.2796e-09,0.046551,0.05469
4.9263e-09,0.046631,0.054706
4.5358e-09,0.046709,0.05472
4.1077e-09,0.046787,0.054733
3.6418e-09,0.046864,0.054744
3.1384e-09,0.046939,0.054754
2.5974e-09,0.047012,0.054762
2.0193e-09,0.047084,0.054768
1.4046e-09,0.047154,0.054772
7.539e-10,0.047221,0.054775
6.8137e-11,0.047286,0.054775
-6.5167e-10,0.047348,0.054774
-1.4043e-09,0.047407,0.054771
-2.1883e-09,0.047463,0.054766
-3.002e-09,0.047515,0.054759
-3.8437e-09,0.047565,0.05475
-4.7113e-09,0.04761,0.05474
-5.6025e-09,0.047652,0.054727
-6.515e-09,0.047691,0.054713
-7.4461e-09,0.047725,0.054697
-8.3929e-09,0.047755,0.054679
-9.3524e-09,0.047781,0.054659
-1.0321e-08,0.047803,0.054637
-1.1296e-08,0.04782,0.054614
-1.2273e-08,0.047834,0.054589
-1.3249e-08,0.047842,0.054562
-1.4219e-08,0.047847,0.054534
-1.518e-08,0.047847,0.054504
-1.6126e-08,0.047843,0.054473
-1.7054e-08,0.047835,0.05444
-1.7958e-08,0.047822,0.054406
-1.8834e-08,0.047805,0.054371
-1.9678e-08,0.047784,0.054334
-2.0483e-08,0.047759,0.054296
-2.1245e-08,0.047731,0.054257
-2.1959e-08,0.047698,0.054217
-2.2619e-08,0.047661,0.054176
-2.322e-08,0.047622,0.054134
-2.3757e-08,0.047578,0.054091
-2.4224e-08,0.047532,0.054047
-2.4616e-08,0.047482,0.054003
-2.4928e-08,0.04743,0.053959
-2.5155e-08,0.047375,0.053914
-2.5291e-08,0.047317,0.053868
-2.5331e-08,0.047257,0.053822
-2.5271e-08,0.047195,0.053777
-2.5106e-08,0.047131,0.053731
-2.4831e-08,0.047065,0.053685
-2.4442e-08,0.046998,0.05364
-2.3935e-08,0.04693,0.053594
-2.3307e-08,0.046861,0.05355
-2.2553e-08,0.04679,0.053505
-2.1671e-08,0.04672,0.053462
-2.0657e-08,0.046648,0.053419
-1.9511e-08,0.046577,0.053377
-1.8229e-08,0.046506,0.053336
-1.681e-08,0.046435,0.053296
-1.5253e-08,0.046364,0.053258
-1.3558e-08,0.046295,0.05322
-1.1725e-08,0.046226,0.053184
-9.7536e-09,0.046158,0.05315
-7.6461e-09,0.046091,0.053117
-5.4037e-09,0.046026,0.053086
-3.0292e-09,0.045962,0.053057
-5.2537e-10,0.0459,0.05303
2.1038e-09,0.04584,0.053005
4.854e-09,0.045782,0.052981
7.72e-09,0.045726,0.05296
1.0696e-08,0.045672,0.052941
1.3775e-08,0.04562,0.052925
1.695e-08,0.045571,0.05291
2.0213e-08,0.045525,0.052898
2.3555e-08,0.045481,0.052889
2.6967e-08,0.045439,0.052881
3.0437e-08,0.045401,0.052876
3.3955e-08,0.045365,0.052874
3.7509e-08,0.045332,0.052874
4.1087e-08,0.045301,0.052876
4.4674e-08,0.045273,0.052881
4.8257e-08,0.045248,0.052887
5.1822e-08,0.045226,0.052897
5.5353e-08,0.045207,0.052908
5.8834e-08,0.04519,0.052922
6.2248e-08,0.045176,0.052937
6.5579e-08,0.045164,0.052955
6.8809e-08,0.045155,0.052974
7.1919e-08,0.045149,0.052996
7.4892e-08,0.045144,0.053019
7.7709e-08,0.045143,0.053043
8.035e-08,0.045143,0.053069
8.2796e-08,0.045146,0.053097
8.5028e-08,0.04515,0.053125
8.7025e-08,0.045157,0.053154
8.877e-08,0.045165,0.053185
9.0241e-08,0.045175,0.053216
9.142e-08,0.045187,0.053248
9.2287e-08,0.045201,0.05328
9.2824e-08,0.045215,0.053312
9.3012e-08,0.045232,0.053344
9.2833e-08,0.045249,0.053377
9.227e-08,0.045268,0.053409
9.1306e-08,0.045287,0.05344
8.9925e-08,0.045308,0.053472
8.8113e-08,0.045329,0.053502
8.5855e-08,0.045351,0.053532
8.3139e-08,0.045374,0.05356
7.9952e-08,0.045397,0.053588
7.6286e-08,0.045421,0.053614
7.213e-08,0.045445,0.053639
6.7478e-08,0.045469,0.053662
6.2325e-08,0.045494,0.053684
5.6665e-08,0.045518,0.053704
5.0497e-08,0.045543,0.053722
4.3821e-08,0.045567,0.053738
3.6639e-08,0.045592,0.053753
2.8956e-08,0.045616,0.053765
2.0776e-08,0.04564,0.053775
1.211e-08,0.045663,0.053783
2.9676e-09,0.045686,0.053788
-6.6371e-09,0.045709,0.053792
-1.6688e-08,0.045731,0.053793
-2.7167e-08,0.045753,0.053792
-3.8052e-08,0.045774,0.053788
-4.932e-08,0.045794,0.053782
-6.0944e-08,0.045814,0.053774
-7.2894e-08,0.045833,0.053764
-8.5138e-08,0.045851,0.053752
-9.7641e-08,0.045868,0.053737
-1.1037e-07,0.045884,0.05372
-1.2327e-07,0.0459,0.053701
-1.3631e-07,0.045914,0.053681
-1.4945e-07,0.045928,0.053658
-1.6263e-07,0.04594,0.053633
-1.758e-07,0.045952,0.053607
-1.8891e-07,0.045962,0.053579
-2.019e-07,0.045972,0.053549
-2.1472e-07,0.04598,0.053518
-2.273e-07,0.045987,0.053486
-2.3958e-07,0.045993,0.053452
-2.515e-07,0.045998,0.053418
-2.6299e-07,0.046002,0.053382
-2.7398e-07,0.046005,0.053345
-2.8441e-07,0.046006,0.053308
-2.9421e-07,0.046006,0.05327
-3.033e-07,0.046005,0.053232
-3.1161e-07,0.046003,0.053193
-3.1908e-07,0.045999,0.053154
-3.2562e-07,0.045994,0.053115
-3.3118e-07,0.045988,0.053076
-3.3567e-07,0.045981,0.053038
-3.3903e-07,0.045972,0.053
-3.4118e-07,0.045962,0.052962
-3.4207e-07,0.045951,0.052925
-3.4162e-07,0.045938,0.052888
-3.3977e-07,0.045925,0.052853
-3.3646e-07,0.04591,0.052819
-3.3163e-07,0.045893,0.052786
-3.2523e-07,0.045876,0.052754
-3.172e-07,0.045857,0.052723
-3.075e-07,0.045837,0.052695
-2.9608e-07,0.045816,0.052668
-2.8292e-07,0.045793,0.052642
-2.6796e-07,0.04577,0.052619
-2.512e-07,0.045745,0.052598
-2.326e-07,0.04572,0.052579
-2.1215e-07,0.045693,0.052562
-1.8984e-07,0.045665,0.052548
-1.6568e-07,0.045636,0.052536
-1.3967e-07,0.045607,0.052527
-1.1182e-07,0.045576,0.05252
-8.2162e-08,0.045545,0.052516
-5.0721e-08,0.045513,0.052515
-1.7539e-08,0.04548,0.052516
1.7336e-08,0.045447,0.052521
5.3844e-08,0.045413,0.052528
9.1918e-08,0.045378,0.052538
1.3148e-07,0.045343,0.052551
1.7244e-07,0.045308,0.052567
2.1471e-07,0.045273,0.052586
2.5817e-07,0.045238,0.052608
3.0271e-07,0.045202,0.052633
3.482e-07,0.045167,0.052661
3.945e-07,0.045131,0.052691
4.4147e-07,0.045096,0.052725
4.8894e-07,0.045061,0.052761
5.3675e-07,0.045027,0.0528
5.8471e-07,0.044993,0.052842
6.3265e-07,0.044959,0.052886
6.8037e-07,0.044926,0.052933
7.2765e-07,0.044894,0.052982
7.7429e-07,0.044862,0.053034
8.2007e-07,0.044832,0.053088
8.6476e-07,0.044802,0.053144
9.0811e-07,0.044773,0.053202
9.499e-07,0.044746,0.053262
9.8986e-07,0.044719,0.053323
1.0278e-06,0.044694,0.053387
1.0633e-06,0.04467,0.053452
1.0963e-06,0.044647,0.053518
1.1264e-06,0.044626,0.053585
1.1534e-06,0.044606,0.053654
1.1771e-06,0.044588,0.053724
1.1971e-06,0.044571,0.053794
1.2132e-06,0.044555,0.053865
1.2251e-06,0.044541,0.053937
1.2326e-06,0.044529,0.054009
1.2355e-06,0.044519,0.054081
1.2334e-06,0.04451,0.054153
1.2262e-06,0.044502,0.054225
1.2137e-06,0.044497,0.054297
1.1955e-06,0.044492,0.054369
1.1716e-06,0.04449,0.05444
1.1417e-06,0.044489,0.05451
1.1057e-06,0.04449,0.054579
1.0634e-06,0.044493,0.054648
1.0146e-06,0.044497,0.054715
9.5925e-07,0.044503,0.054781
8.9726e-07,0.04451,0.054846
8.2853e-07,0.044519,0.054909
7.5301e-07,0.04453,0.05497
6.7068e-07,0.044542,0.05503
5.8153e-07,0.044555,0.055088
4.8559e-07,0.04457,0.055144
3.8292e-07,0.044587,0.055197
2.736e-07,0.044604,0.055248
1.5776e-07,0.044623,0.055297
3.5535e-08,0.044644,0.055344
-9.2878e-08,0.044665,0.055388
-2.2726e-07,0.044688,0.055429
-3.6736e-07,0.044711,0.055468
-5.1288e-07,0.044736,0.055504
-6.6349e-07,0.044762,0.055537
-8.1883e-07,0.044789,0.055568
-9.7849e-07,0.044817,0.055595
-1.142e-06,0.044845,0.055619
-1.3089e-06,0.044875,0.055641
-1.4787e-06,0.044905,0.055659
-1.6508e-06,0.044935,0.055674
-1.8246e-06,0.044967,0.055686
-1.9995e-06,0.044999,0.055695
-2.1747e-06,0.045031,0.055701
-2.3496e-06,0.045064,0.055704
-2.5235e-06,0.045097,0.055703
-2.6955e-06,0.04513,0.0557
-2.8648e-06,0.045164,0.055693
-3.0306e-06,0.045198,0.055683
-3.192e-06,0.045231,0.05567
-3.3481e-06,0.045265,0.055654
-3.4979e-06,0.045299,0.055635
-3.6405e-06,0.045333,0.055614
-3.775e-06,0.045367,0.055589
-3.9002e-06,0.045401,0.055561
-4.0152e-06,0.045434,0.055531
-4.1189e-06,0.045467,0.055498
-4.2104e-06,0.0455,0.055462
-4.2885e-06,0.045532,0.055424
-4.3522e-06,0.045564,0.055383
-4.4005e-06,0.045596,0.055339
-4.4322e-06,0.045627,0.055293
-4.4464e-06,0.045657,0.055245
-4.4421e-06,0.045686,0.055195
-4.4181e-06,0.045715,0.055143
-4.3736e-06,0.045743,0.055088
-4.3075e-06,0.045771,0.055032
-4.2189e-06,0.045797,0.054974
-4.107e-06,0.045822,0.054914
-3.9708e-06,0.045847,0.054852
-3.8095e-06,0.04587,0.054789
-3.6224e-06,0.045892,0.054725
-3.4087e-06,0.045914,0.054659
-3.1678e-06,0.045934,0.054592
-2.8991e-06,0.045952,0.054525
-2.6021e-06,0.04597,0.054456
-2.2763e-06,0.045986,0.054387
-1.9213e-06,0.046001,0.054317
-1.5369e-06,0.046015,0.054246
-1.1228e-06,0.046028,0.054175
-6.7893e-07,0.046039,0.054104
-2.0529e-07,0.046049,0.054033
2.9807e-07,0.046057,0.053962
8.3097e-07,0.046064,0.053891
1.3931e-06,0.04607,0.05382
1.9841e-06,0.046075,0.05375
2.6035e-06,0.046078,0.05368
3.2507e-06,0.046081,0.053611
3.9248e-06,0.046082,0.053543
4.6251e-06,0.046082,0.053476
5.3507e-06,0.046081,0.05341
6.1004e-06,0.046079,0.053345
6.8731e-06,0.046075,0.053282
7.6674e-06,0.046072,0.05322
8.4819e-06,0.046067,0.05316
9.3151e-06,0.046061,0.053102
1.0165e-05,0.046055,0.053045
1.1031e-05,0.046049,0.052991
1.191e-05,0.046042,0.052939
1.28e-05,0.046034,0.052888
1.37e-05,0.046026,0.05284
1.4607e-05,0.046019,0.052795
1.5519e-05,0.046011,0.052751
1.6434e-05,0.046003,0.05271
1.7349e-05,0.045995,0.052672
1.8261e-05,0.045988,0.052637
1.917e-05,0.045981,0.052604
2.007e-05,0.045974,0.052573
2.0961e-05,0.045969,0.052546
2.184e-05,0.045963,0.052521
2.2703e-05,0.045959,0.052499
2.3549e-05,0.045956,0.05248
2.4374e-05,0.045954,0.052463
2.5176e-05,0.045952,0.052449
2.5952e-05,0.045953,0.052438
2.67e-05,0.045954,0.05243
2.7417e-05,0.045957,0.052424
2.8101e-05,0.045961,0.05242
2.875e-05,0.045967,0.05242
2.936e-05,0.045975,0.052421
2.9931e-05,0.045984,0.052425
3.0459e-05,0.045996,0.052431
3.0943e-05,0.046009,0.052439
3.1381e-05,0.046024,0.05245
3.1772e-05,0.04604,0.052462
3.2114e-05,0.046059,0.052475
3.2405e-05,0.04608,0.052491
3.2645e-05,0.046103,0.052508
3.2833e-05,0.046128,0.052526
3.2967e-05,0.046155,0.052545
3.3048e-05,0.046183,0.052565
3.3075e-05,0.046214,0.052586
3.3048e-05,0.046247,0.052608
3.2967e-05,0.046282,0.05263
3.2833e-05,0.046318,0.052652
3.2645e-05,0.046357,0.052674
3.2405e-05,0.046397,0.052697
3.2114e-05,0.046439,0.052719
3.1772e-05,0.046483,0.052741
3.1381e-05,0.046529,0.052762
3.0943e-05,0.046576,0.052782
3.0459e-05,0.046624,0.052802
2.9931e-05,0.046674,0.05282
2.936e-05,0.046725,0.052838
2.875e-05,0.046778,0.052854
2.8101e-05,0.046831,0.052868
2.7417e-05,0.046885,0.052881
2.67e-05,0.046941,0.052892
2.5952e-05,0.046997,0.052901
2.5176e-05,0.047054,0.052909
2.4374e-05,0.047111,0.052914
2.3549e-05,0.047169,0.052918
2.2703e-05,0.047227,0.052919
2.184e-05,0.047286,0.052918
2.0961e-05,0.047344,0.052915
2.007e-05,0.047403,0.05291
1.917e-05,0.047461,0.052902
1.8261e-05,0.047519,0.052892
1.7349e-05,0.047577,0.05288
1.6434e-05,0.047634,0.052865
1.5519e-05,0.04769,0.052849
1.4607e-05,0.047746,0.05283
1.37e-05,0.047801,0.052809
1.28e-05,0.047855,0.052785
1.191e-05,0.047908,0.05276
1.1031e-05,0.04796,0.052733
1.0165e-05,0.048011,0.052704
9.3151e-06,0.04806,0.052674
8.4819e-06,0.048108,0.052641
7.6674e-06,0.048154,0.052607
6.8731e-06,0.048199,0.052572
6.1004e-06,0.048242,0.052536
5.3507e-06,0.048283,0.052498
4.6251e-06,0.048323,0.052459
3.9248e-06,0.04836,0.05242
3.2507e-06,0.048396,0.05238
2.6035e-06,0.048429,0.052339
1.9841e-06,0.048461,0.052298
1.3931e-06,0.04849,0.052256
8.3097e-07,0.048517,0.052215
2.9807e-07,0.048541,0.052174
-2.0529e-07,0.048564,0.052132
-6.7893e-07,0.048584,0.052092
-1.1228e-06,0.048602,0.052052
-1.5369e-06,0.048617,0.052012
-1.9213e-06,0.04863,0.051974
-2.2763e-06,0.048641,0.051936
-2.6021e-06,0.048649,0.0519
-2.8991e-06,0.048654,0.051865
-3.1678e-06,0.048657,0.051831
-3.4087e-06,0.048658,0.051799
-3.6224e-06,0.048656,0.051769
-3.8095e-06,0.048652,0.05174
-3.9708e-06,0.048645,0.051713
-4.107e-06,0.048636,0.051689
-4.2189e-06,0.048625,0.051666
-4.3075e-06,0.048611,0.051646
-4.3736e-06,0.048595,0.051628
-4.4181e-06,0.048577,0.051613
-4.4421e-06,0.048556,0.051599
-4.4464e-06,0.048533,0.051589
-4.4322e-06,0.048508,0.051581
-4.4005e-06,0.048481,0.051575
-4.3522e-06,0.048452,0.051572
-4.2885e-06,0.048422,0.051572
-4.2104e-06,0.048389,0.051574
-4.1189e-06,0.048355,0.051579
-4.0152e-06,0.048319,0.051586
-3.9002e-06,0.048281,0.051596
-3.775e-06,0.048242,0.051608
-3.6405e-06,0.048202,0.051623
-3.4979e-06,0.04816,0.05164
-3.3481e-06,0.048117,0.05166
-3.192e-06,0.048074,0.051682
-3.0306e-06,0.048029,0.051706
-2.8648e-06,0.047984,0.051732
-2.6955e-06,0.047937,0.05176
-2.5235e-06,0.047891,0.05179
-2.3496e-06,0.047844,0.051821
-2.1747e-06,0.047797,0.051855
-1.9995e-06,0.047749,0.05189
-1.8246e-06,0.047702,0.051926
-1.6508e-06,0.047654,0.051963
-1.4787e-06,0.047607,0.052002
-1.3089e-06,0.04756,0.052041
-1.142e-06,0.047514,0.052082
-9.7849e-07,0.047468,0.052122
-8.1883e-07,0.047423,0.052164
-6.6349e-07,0.047378,0.052205
-5.1288e-07,0.047335,0.052247
-3.6736e-07,0.047293,0.052289
-2.2726e-07,0.047251,0.052331
-9.2878e-08,0.047211,0.052372
3.5535e-08,0.047172,0.052413
1.5776e-07,0.047134,0.052453
2.736e-07,0.047098,0.052492
3.8292e-07,0.047063,0.05253
4.8559e-07,0.04703,0.052568
5.8153e-07,0.046999,0.052604
6.7068e-07,0.046969,0.052639
7.5301e-07,0.04694,0.052672
8.2853e-07,0.046914,0.052704
8.9726e-07,0.046889,0.052734
9.5925e-07,0.046866,0.052763
1.0146e-06,0.046845,0.052789
1.0634e-06,0.046825,0.052814
1.1057e-06,0.046807,0.052837
1.1417e-06,0.046791,0.052858
1.1716e-06,0.046777,0.052877
1.1955e-06,0.046764,0.052893
1.2137e-06,0.046753,0.052908
1.2262e-06,0.046744,0.052921
1.2334e-06,0.046736,0.052931
1.2355e-06,0.04673,0.052939
1.2326e-06,0.046725,0.052946
1.2251e-06,0.046721,0.05295
1.2132e-06,0.046719,0.052952
1.1971e-06,0.046718,0.052953
1.1771e-06,0.046718,0.052951
1.1534e-06,0.046719,0.052948
1.1264e-06,0.046722,0.052943
1.0963e-06,0.046725,0.052936
1.0633e-06,0.046729,0.052928
1.0278e-06,0.046734,0.052918
9.8986e-07,0.046739,0.052907
9.499e-07,0.046745,0.052895
9.0811e-07,0.046752,0.052882
8.6476e-07,0.046758,0.052868
8.2007e-07,0.046766,0.052853
7.7429e-07,0.046773,0.052837
7.2765e-07,0.04678,0.05282
6.8037e-07,0.046788,0.052803
6.3265e-07,0.046795,0.052786
5.8471e-07,0.046803,0.052768
5.3675e-07,0.04681,0.052751
4.8894e-07,0.046817,0.052733
4.4147e-07,0.046824,0.052715
3.945e-07,0.04683,0.052698
3.482e-07,0.046836,0.052681
3.0271e-07,0.046841,0.052665
2.5817e-07,0.046846,0.052649
2.1471e-07,0.04685,0.052633
1.7244e-07,0.046853,0.052619
1.3148e-07,0.046856,0.052605
9.1918e-08,0.046858,0.052593
5.3844e-08,0.04686,0.052581
1.7336e-08,0.046861,0.05257
-1.7539e-08,0.046861,0.052561
-5.0721e-08,0.04686,0.052552
-8.2162e-08,0.046858,0.052545
-1.1182e-07,0.046856,0.05254
-1.3967e-07,0.046853,0.052535
-1.6568e-07,0.046849,0.052532
-1.8984e-07,0.046844,0.05253
-2.1215e-07,0.046839,0.05253
-2.326e-07,0.046833,0.052531
-2.512e-07,0.046826,0.052533
-2.6796e-07,0.046818,0.052537
-2.8292e-07,0.04681,0.052542
-2.9608e-07,0.046801,0.052549
-3.075e-07,0.046791,0.052557
-3.172e-07,0.046781,0.052566
-3.2523e-07,0.04677,0.052576
-3.3163e-07,0.046758,0.052588
-3.3646e-07,0.046746,0.0526
-3.3977e-07,0.046733,0.052614
-3.4162e-07,0.046719,0.052629
-3.4207e-07,0.046705,0.052644
-3.4118e-07,0.046691,0.05266
-3.3903e-07,0.046676,0.052677
-3.3567e-07,0.04666,0.052695
-3.3118e-07,0.046644,0.052714
-3.2562e-07,0.046627,0.052732
-3.1908e-07,0.04661,0.052751
-3.1161e-07,0.046593,0.052771
-3.033e-07,0.046575,0.05279
-2.9421e-07,0.046557,0.05281
-2.8441e-07,0.046539,0.052829
-2.7398e-07,0.04652,0.052848
-2.6299e-07,0.046501,0.052867
-2.515e-07,0.046482,0.052886
-2.3958e-07,0.046462,0.052904
-2.273e-07,0.046442,0.052922
-2.1472e-07,0.046422,0.052938
-2.019e-07,0.046402,0.052954
-1.8891e-07,0.046382,0.052969
-1.758e-07,0.046361,0.052983
-1.6263e-07,0.046341,0.052996
-1.4945e-07,0.04632,0.053008
-1.3631e-07,0.0463,0.053018
-1.2327e-07,0.046279,0.053027
-1.1037e-07,0.046258,0.053035
-9.7641e-08,0.046238,0.053041
-8.5138e-08,0.046218,0.053045
-7.2894e-08,0.046197,0.053048
-6.0944e-08,0.046177,0.053049
-4.932e-08,0.046157,0.053048
-3.8052e-08,0.046138,0.053045
-2.7167e-08,0.046118,0.053041
-1.6688e-08,0.046099,0.053034
-6.6371e-09,0.04608,0.053026
2.9676e-09,0.046062,0.053015
1.211e-08,0.046043,0.053003
2.0776e-08,0.046025,0.052989
2.8956e-08,0.046008,0.052973
3.6639e-08,0.045991,0.052955
4.3821e-08,0.045974,0.052935
5.0497e-08,0.045958,0.052913
5.6665e-08,0.045943,0.052889
6.2325e-08,0.045928,0.052863
6.7478e-08,0.045913,0.052836
7.213e-08,0.0459,0.052807
7.6286e-08,0.045887,0.052776
7.9952e-08,0.045874,0.052744
8.3139e-08,0.045863,0.05271
8.5855e-08,0.045852,0.052675
8.8113e-08,0.045842,0.052639
8.9925e-08,0.045833,0.052601
9.1306e-08,0.045825,0.052563
9.227e-08,0.045818,0.052523
9.2833e-08,0.045812,0.052482
9.3012e-08,0.045807,0.052441
9.2824e-08,0.045803,0.0524
9.2287e-08,0.0458,0.052357
9.142e-08,0.045798,0.052315
9.0241e-08,0.045798,0.052272
8.877e-08,0.045799,0.052229
8.7025e-08,0.045801,0.052186
8.5028e-08,0.045804,0.052144
8.2796e-08,0.045809,0.052101
8.035e-08,0.045816,0.05206
7.7709e-08,0.045824,0.052018
7.4892e-08,0.045833,0.051978
7.1919e-08,0.045844,0.051938
6.8809e-08,0.045856,0.0519
6.5579e-08,0.04587,0.051862
6.2248e-08,0.045886,0.051826
5.8834e-08,0.045903,0.051792
5.5353e-08,0.045922,0.051758
5.1822e-08,0.045942,0.051727
4.8257e-08,0.045964,0.051697
4.4674e-08,0.045988,0.051668
4.1087e-08,0.046013,0.051642
3.7509e-08,0.046039,0.051617
3.3955e-08,0.046068,0.051595
3.0437e-08,0.046097,0.051574
2.6967e-08,0.046129,0.051556
2.3555e-08,0.046161,0.05154
2.0213e-08,0.046196,0.051525
1.695e-08,0.046231,0.051513
1.3775e-08,0.046268,0.051504
1.0696e-08,0.046306,0.051496
7.72e-09,0.046345,0.05149
4.854e-09,0.046385,0.051487
2.1038e-09,0.046427,0.051485
-5.2537e-10,0.046469,0.051486
-3.0292e-09,0.046512,0.051488
-5.4037e-09,0.046556,0.051492
-7.6461e-09,0.046601,0.051498
-9.7536e-09,0.046646,0.051506
-1.1725e-08,0.046692,0.051515
-1.3558e-08,0.046739,0.051526
-1.5253e-08,0.046786,0.051538
-1.681e-08,0.046833,0.051552
-1.8229e-08,0.04688,0.051566
-1.9511e-08,0.046927,0.051582
-2.0657e-08,0.046975,0.051598
-2.1671e-08,0.047022,0.051616
-2.2553e-08,0.047069,0.051633
-2.3307e-08,0.047116,0.051652
-2.3935e-08,0.047162,0.05167
-2.4442e-08,0.047208,0.051689
-2.4831e-08,0.047254,0.051708
-2.5106e-08,0.047299,0.051727
-2.5271e-08,0.047343,0.051746
-2.5331e-08,0.047387,0.051765
-2.5291e-08,0.047429,0.051783
-2.5155e-08,0.047471,0.0518
-2.4928e-08,0.047512,0.051817
-2.4616e-08,0.047552,0.051833
-2.4224e-08,0.047591,0.051848
-2.3757e-08,0.047629,0.051862
-2.322e-08,0.047666,0.051875
-2.2619e-08,0.047702,0.051888
-2.1959e-08,0.047736,0.051898
-2.1245e-08,0.04777,0.051908
-2.0483e-08,0.047802,0.051916
-1.9678e-08,0.047833,0.051923
-1.8834e-08,0.047862,0.051929
-1.7958e-08,0.047891,0.051933
-1.7054e-08,0.047918,0.051935
-1.6126e-08,0.047944,0.051936
-1.518e-08,0.047969,0.051936
-1.4219e-08,0.047992,0.051934
-1.3249e-08,0.048014,0.05193
-1.2273e-08,0.048035,0.051925
-1.1296e-08,0.048055,0.051919
-1.0321e-08,0.048073,0.051911
-9.3524e-09,0.048091,0.051901
-8.3929e-09,0.048107,0.05189
-7.4461e-09,0.048122,0.051878
-6.515e-09,0.048135,0.051865
-5.6025e-09,0.048148,0.05185
-4.7113e-09,0.04816,0.051834
-3.8437e-09,0.048171,0.051816
-3.002e-09,0.04818,0.051798
-2.1883e-09,0.048189,0.051778
-1.4043e-09,0.048197,0.051758
-6.5167e-10,0.048203,0.051736
6.8137e-11,0.04821,0.051714
7.539e-10,0.048215,0.05169
1.4046e-09,0.048219,0.051666
2.0193e-09,0.048223,0.051641
2.5974e-09,0.048226,0.051615
3.1384e-09,0.048229,0.051589
3.6418e-09,0.048231,0.051562
4.1077e-09,0.048233,0.051534
4.5358e-09,0.048234,0.051506
4.9263e-09,0.048235,0.051478
5.2796e-09,0.048235,0.051449
5.5959e-09,0.048235,0.05142
5.8758e-09,0.048235,0.05139
6.1199e-09,0.048235,0.05136
6.329e-09,0.048235,0.05133
6.5039e-09,0.048234,0.051299
6.6455e-09,0.048234,0.051269
6.7548e-09,0.048233,0.051238
6.833e-09,0.048233,0.051207
6.8812e-09,0.048233,0.051176
6.9006e-09,0.048233,0.051145
6.8925e-09,0.048233,0.051114
6.8582e-09,0.048233,0.051083
6.7991e-09,0.048234,0.051052
6.7165e-09,0.048235,0.051021
6.612e-09,0.048236,0.050991
6.4869e-09,0.048238,0.05096
6.3426e-09,0.04824,0.050929
6.1807e-09,0.048242,0.050899
6.0025e-09,0.048245,0.050869
5.8096e-09,0.048248,0.050839
5.6034e-09,0.048251,0.050809
5.3852e-09,0.048255,0.050779
5.1565e-09,0.04826,0.05075
4.9187e-09,0.048265,0.050722
4.673e-09,0.04827,0.050693
4.4209e-09,0.048276,0.050665
4.1636e-09,0.048282,0.050638
3.9023e-09,0.048288,0.050611
3.6383e-09,0.048295,0.050585
3.3726e-09,0.048302,0.050559
3.1064e-09,0.04831,0.050535
2.8407e-09,0.048318,0.05051
2.5765e-09,0.048326,0.050487
2.3148e-09,0.048335,0.050465
2.0565e-09,0.048343,0.050443
1.8023e-09,0.048352,0.050423
1.5531e-09,0.048361,0.050403
1.3097e-09,0.04837,0.050385
1.0726e-09,0.048379,0.050368
8.4251e-10,0.048388,0.050352
6.1998e-10,0.048397,0.050338
4.0549e-10,0.048406,0.050325
1.9952e-10,0.048415,0.050314
2.4334e-12,0.048423,0.050304
-1.8541e-10,0.048431,0.050295
-3.6372e-10,0.048439,0.050288
-5.3226e-10,0.048447,0.050283
-6.9084e-10,0.048454,0.05028
-8.3932e-10,0.04846,0.050278
-9.776e-10,0.048466,0.050278
-1.1056e-09,0.048471,0.05028
-1.2234e-09,0.048476,0.050284
-1.3309e-09,0.048479,0.05029
-1.4282e-09,0.048482,0.050297
-1.5155e-09,0.048484,0.050306
-1.5928e-09,0.048485,0.050317
-1.6603e-09,0.048485,0.05033
-1.7183e-09,0.048483,0.050345
-1.767e-09,0.048481,0.050361
-1.8065e-09,0.048477,0.050379
-1.8373e-09,0.048472,0.050399
-1.8595e-09,0.048465,0.05042
-1.8735e-09,0.048457,0.050442
-1.8796e-09,0.048448,0.050466
-1.8782e-09,0.048437,0.050491
-1.8696e-09,0.048424,0.050517
-1.8542e-09,0.04841,0.050545
-1.8324e-09,0.048394,0.050573
-1.8046e-09,0.048376,0.050602
-1.7711e-09,0.048356,0.050631
-1.7323e-09,0.048334,0.050662
-1.6887e-09,0.048311,0.050692
-1.6407e-09,0.048285,0.050723
-1.5885e-09,0.048258,0.050754
-1.5327e-09,0.048228,0.050785
-1.4736e-09,0.048197,0.050816
-1.4116e-09,0.048163,0.050846
-1.3471e-09,0.048128,0.050876
-1.2804e-09,0.04809,0.050906
-1.2119e-09,0.048051,0.050935
-1.1419e-09,0.048009,0.050963
-1.0709e-09,0.047965,0.05099
-9.99e-10,0.047919,0.051016
-9.2666e-10,0.047871,0.051042
-8.5414e-10,0.047822,0.051066
-7.8173e-10,0.04777,0.051089
-7.0971e-10,0.047716,0.05111
-6.3833e-10,0.04766,0.051131
-5.6784e-10,0.047603,0.05115
-4.9847e-10,0.047544,0.051167
-4.3044e-10,0.047482,0.051183
-3.6394e-10,0.04742,0.051198
-2.9916e-10,0.047355,0.051211
-2.3626e-10,0.047289,0.051223
-1.7541e-10,0.047222,0.051234
-1.1673e-10,0.047153,0.051243
-6.0364e-11,0.047083,0.051252
-6.4063e-12,0.047012,0.051259
4.5044e-11,0.04694,0.051264
9.3905e-11,0.046867,0.051269
1.4011e-10,0.046793,0.051273
1.8361e-10,0.046718,0.051277
2.2436e-10,0.046643,0.051279
2.6233e-10,0.046567,0.051282
2.9751e-10,0.046491,0.051283
3.2989e-10,0.046414,0.051285
3.5948e-10,0.046338,0.051286
3.863e-10,0.046261,0.051287
4.1037e-10,0.046185,0.051289
4.3173e-10,0.046109,0.051291
4.5042e-10,0.046034,0.051293
4.665e-10,0.045959,0.051296
4.8002e-10,0.045885,0.0513
4.9106e-10,0.045812,0.051305
4.997e-10,0.045741,0.05131
5.06e-10,0.04567,0.051317
5.1005e-10,0.045601,0.051325
5.1195e-10,0.045533,0.051335
5.1178e-10,0.045468,0.051345
5.0966e-10,0.045404,0.051358
5.0566e-10,0.045342,0.051372
4.9991e-10,0.045282,0.051388
4.925e-10,0.045225,0.051406
4.8354e-10,0.04517,0.051425
4.7313e-10,0.045118,0.051447
4.6139e-10,0.045069,0.05147
4.4843e-10,0.045023,0.051495
4.3434e-10,0.044979,0.051522
4.1924e-10,0.044939,0.051551
4.0324e-10,0.044902,0.051582
3.8643e-10,0.044868,0.051614
3.6892e-10,0.044838,0.051648
3.5081e-10,0.044812,0.051683
3.322e-10,0.044789,0.05172
3.1318e-10,0.04477,0.051759
2.9384e-10,0.044754,0.051798
2.7429e-10,0.044743,0.051839
2.5459e-10,0.044735,0.051881
2.3484e-10,0.044731,0.051923
2.151e-10,0.044731,0.051966
1.9547e-10,0.044735,0.052009
1.76e-10,0.044743,0.052053
1.5677e-10,0.044755,0.052096
1.3784e-10,0.044771,0.05214
1.1926e-10,0.044791,0.052183
1.011e-10,0.044815,0.052225
8.3396e-11,0.044842,0.052266
6.6205e-11,0.044874,0.052307
4.9565e-11,0.044909,0.052346
3.3515e-11,0.044947,0.052383
1.8089e-11,0.04499,0.052419
3.3169e-12,0.045035,0.052452
-1.0774e-11,0.045084,0.052484
-2.4163e-11,0.045137,0.052513
-3.683e-11,0.045192,0.052539
-4.8761e-11,0.045251,0.052562
-5.9943e-11,0.045312,0.052582
-7.037e-11,0.045376,0.052599
-8.0037e-11,0.045443,0.052613
-8.8941e-11,0.045512,0.052623
-9.7085e-11,0.045584,0.052629
-1.0447e-10,0.045657,0.052631
-1.1111e-10,0.045733,0.05263
-1.1701e-10,0.045811,0.052624
-1.2218e-10,0.04589,0.052613
-1.2664e-10,0.045971,0.052599
-1.304e-10,0.046053,0.05258
-1.3348e-10,0.046136,0.052557
-1.359e-10,0.046221,0.052529
-1.3768e-10,0.046306,0.052497
-1.3885e-10,0.046391,0.052461
-1.3943e-10,0.046478,0.05242
-1.3945e-10,0.046564,0.052375
-1.3893e-10,0.04665,0.052326
-1.3789e-10,0.046736,0.052272
-1.3638e-10,0.046822,0.052215
-1.344e-10,0.046908,0.052154
-1.3201e-10,0.046993,0.05209
-1.2921e-10,0.047076,0.052022
-1.2606e-10,0.047159,0.051951
-1.2256e-10,0.047241,0.051877
-1.1875e-10,0.047321,0.051801
-1.1467e-10,0.047399,0.051722
-1.1033e-10,0.047476,0.051641
-1.0578e-10,0.04755,0.051558
-1.0103e-10,0.047623,0.051474
-9.611e-11,0.047693,0.051388
-9.1053e-11,0.047761,0.051302
-8.5883e-11,0.047827,0.051215
-8.0625e-11,0.047889,0.051128
-7.5302e-11,0.047949,0.051042
-6.994e-11,0.048006,0.050956
-6.4559e-11,0.048059,0.050871
-5.9182e-11,0.04811,0.050788
-5.3829e-11,0.048157,0.050706
-4.852e-11,0.048201,0.050627
-4.3274e-11,0.048241,0.05055
-3.8106e-11,0.048278,0.050476
-3.3035e-11,0.048311,0.050406
-2.8074e-11,0.04834,0.050339
-2.3237e-11,0.048366,0.050276
-1.8538e-11,0.048387,0.050218
-1.3988e-11,0.048405,0.050164
-9.5981e-12,0.04842,0.050115
-5.3769e-12,0.04843,0.050072
-1.3331e-12,0.048436,0.050034
2.5261e-12,0.048439,0.050001
6.1944e-12,0.048438,0.049975
9.6667e-12,0.048433,0.049955
1.2939e-11,0.048424,0.049942
1.6007e-11,0.048412,0.049935
1.887e-11,0.048396,0.049935
2.1526e-11,0.048377,0.049942
2.3975e-11,0.048354,0.049955
2.6215e-11,0.048328,0.049976
2.825e-11,0.048299,0.050003
3.0081e-11,0.048267,0.050038
3.1709e-11,0.048232,0.050079
3.3139e-11,0.048195,0.050128
3.4374e-11,0.048154,0.050183
3.5419e-11,0.048112,0.050244
3.6278e-11,0.048067,0.050312
3.6957e-11,0.04802,0.050387
3.7461e-11,0.047971,0.050467
3.7798e-11,0.04792,0.050554
3.7973e-11,0.047868,0.050646
3.7993e-11,0.047815,0.050743
3.7867e-11,0.04776,0.050845
3.76e-11,0.047705,0.050953
3.72e-11,0.047649,0.051064
3.6676e-11,0.047592,0.05118
3.6036e-11,0.047535,0.051299
3.5286e-11,0.047478,0.051421
3.4436e-11,0.047421,0.051547
3.3493e-11,0.047365,0.051675
3.2465e-11,0.047309,0.051805
3.136e-11,0.047254,0.051936
3.0186e-11,0.047199,0.05207
2.8951e-11,0.047146,0.052203
2.7662e-11,0.047094,0.052338
2.6327e-11,0.047044,0.052472
2.4953e-11,0.046996,0.052606
2.3548e-11,0.046949,0.05274
2.2117e-11,0.046904,0.052872
2.0669e-11,0.046861,0.053003
1.9209e-11,0.046821,0.053131
1.7743e-11,0.046783,0.053258
1.6278e-11,0.046748,0.053382
1.4819e-11,0.046715,0.053503
1.3371e-11,0.046685,0.05362
1.194e-11,0.046658,0.053734
1.0529e-11,0.046634,0.053844
9.1446e-12,0.046612,0.05395
7.7897e-12,0.046594,0.054051
6.4683e-12,0.046579,0.054147
5.184e-12,0.046568,0.054239
3.9401e-12,0.046559,0.054326
2.7393e-12,0.046554,0.054407
1.5843e-12,0.046551,0.054482
4.7744e-13,0.046552,0.054552
-5.7931e-13,0.046556,0.054616
-1.5842e-12,0.046564,0.054674
-2.5358e-12,0.046574,0.054726
-3.433e-12,0.046587,0.054772
-4.2749e-12,0.046604,0.054812
-5.0607e-12,0.046623,0.054846
-5.7901e-12,0.046645,0.054873
-6.4629e-12,0.04667,0.054895
-7.0793e-12,0.046698,0.05491
-7.6393e-12,0.046728,0.054919
-8.1437e-12,0.046761,0.054922
-8.5929e-12,0.046796,0.054918
-8.9879e-12,0.046833,0.054909
-9.3297e-12,0.046873,0.054894
-9.6195e-12,0.046914,0.054874
-9.8585e-12,0.046957,0.054848
-1.0048e-11,0.047002,0.054816
-1.019e-11,0.047049,0.054779
-1.0287e-11,0.047097,0.054737
-1.0338e-11,0.047146,0.05469
-1.0348e-11,0.047197,0.054639
-1.0317e-11,0.047248,0.054583
-1.0248e-11,0.047301,0.054523
-1.0143e-11,0.047354,0.054459
-1.0003e-11,0.047408,0.054391
-9.8312e-12,0.047462,0.054319
-9.6296e-12,0.047516,0.054244
-9.4003e-12,0.047571,0.054166
-9.1454e-12,0.047626,0.054085
-8.8672e-12,0.047681,0.054002
-8.5679e-12,0.047736,0.053916
-8.2495e-12,0.047791,0.053828
-7.9142e-12,0.047845,0.053739
-7.5641e-12,0.047899,0.053648
-7.2013e-12,0.047952,0.053556
-6.8276e-12,0.048005,0.053462
-6.4451e-12,0.048057,0.053368
-6.0557e-12,0.048108,0.053274
-5.6612e-12,0.048159,0.053179
-5.2634e-12,0.048208,0.053084
-4.8639e-12,0.048257,0.052989
-4.4643e-12,0.048305,0.052895
-4.0663e-12,0.048352,0.052801
-3.6713e-12,0.048397,0.052708
-3.2806e-12,0.048442,0.052617
-2.8956e-12,0.048485,0.052526
-2.5176e-12,0.048527,0.052437
-2.1475e-12,0.048568,0.052349
-1.7866e-12,0.048608,0.052264
-1.4357e-12,0.048647,0.05218
-1.0957e-12,0.048684,0.052098
-7.6752e-13,0.048721,0.052019
-4.5179e-13,0.048756,0.051941
-1.4918e-13,0.048789,0.051867
1.3977e-13,0.048822,0.051795
4.1456e-13,0.048853,0.051726
6.7481e-13,0.048883,0.051659
9.2018e-13,0.048912,0.051596
1.1504e-12,0.04894,0.051535
1.3653e-12,0.048967,0.051477
1.5648e-12,0.048992,0.051423
1.7488e-12,0.049016,0.051372
1.9173e-12,0.04904,0.051324
2.0704e-12,0.049062,0.051279
2.2083e-12,0.049082,0.051238
2.331e-12,0.049102,0.0512
2.4388e-12,0.049121,0.051165
2.5321e-12,0.049139,0.051133
2.611e-12,0.049156,0.051105
2.6761e-12,0.049171,0.05108
2.7276e-12,0.049186,0.051058
2.766e-12,0.049199,0.05104
2.7918e-12,0.049212,0.051025
2.8054e-12,0.049224,0.051013
2.8074e-12,0.049234,0.051004
2.7982e-12,0.049244,0.050998
2.7786e-12,0.049252,0.050995
2.7489e-12,0.04926,0.050995
2.7098e-12,0.049266,0.050999
2.662e-12,0.049272,0.051005
2.6059e-12,0.049276,0.051013
2.5422e-12,0.04928,0.051025
2.4714e-12,0.049283,0.051039
2.3943e-12,0.049284,0.051056
2.3114e-12,0.049284,0.051075
2.2232e-12,0.049284,0.051097
2.1304e-12,0.049282,0.051121
2.0336e-12,0.049279,0.051147
1.9333e-12,0.049276,0.051175
1.83e-12,0.049271,0.051206
1.7244e-12,0.049265,0.051238
1.6169e-12,0.049258,0.051273
1.5081e-12,0.049249,0.051309
1.3984e-12,0.04924,0.051346
1.2884e-12,0.049229,0.051386
1.1784e-12,0.049218,0.051426
1.069e-12,0.049205,0.051469
9.6045e-13,0.049191,0.051512
8.5325e-13,0.049175,0.051556
7.4773e-13,0.049159,0.051602
6.4425e-13,0.049141,0.051649
5.4312e-13,0.049122,0.051696
4.4465e-13,0.049102,0.051744
3.4912e-13,0.04908,0.051792
2.5677e-13,0.049057,0.051841
1.6784e-13,0.049033,0.051891
8.253e-14,0.049008,0.05194
1.0294e-15,0.048981,0.05199
-7.6502e-14,0.048953,0.05204
-1.4992e-13,0.048923,0.052089
-2.1912e-13,0.048892,0.052138
-2.84e-13,0.04886,0.052187
-3.4447e-13,0.048827,0.052236
-4.0049e-13,0.048792,0.052283
-4.5203e-13,0.048755,0.05233
-4.9905e-13,0.048717,0.052377
-5.4157e-13,0.048678,0.052422
-5.7961e-13,0.048638,0.052466
-6.1319e-13,0.048596,0.052509
-6.4237e-13,0.048552,0.05255
-6.6721e-13,0.048507,0.05259
-6.878e-13,0.048461,0.052629
-7.0423e-13,0.048414,0.052666
-7.166e-13,0.048365,0.052701
-7.2504e-13,0.048314,0.052735
-7.2967e-13,0.048262,0.052767
-7.3062e-13,0.048209,0.052796
-7.2805e-13,0.048155,0.052824
-7.2212e-13,0.048099,0.052849
-7.1298e-13,0.048042,0.052872
-7.0081e-13,0.047984,0.052893
-6.8578e-13,0.047925,0.052912
-6.6807e-13,0.047864,0.052928
-6.4788e-13,0.047803,0.052941
-6.2538e-13,0.04774,0.052952
-6.0077e-13,0.047676,0.052961
-5.7424e-13,0.047612,0.052967
-5.4599e-13,0.047546,0.05297
-5.1621e-13,0.04748,0.052971
-4.851e-13,0.047413,0.052969
-4.5285e-13,0.047346,0.052964
-4.1967e-13,0.047278,0.052957
-3.8573e-13,0.047209,0.052947
-3.5123e-13,0.047141,0.052934
-3.1635e-13,0.047072,0.052919
-2.8129e-13,0.047002,0.052901
-2.4621e-13,0.046933,0.052881
-2.113e-13,0.046864,0.052858
-1.7672e-13,0.046795,0.052832
-1.4264e-13,0.046726,0.052805
-1.0922e-13,0.046657,0.052774
-7.6613e-14,0.04659,0.052742
-4.4968e-14,0.046522,0.052707
-1.4424e-14,0.046456,0.05267
1.4884e-14,0.04639,0.052631
4.2828e-14,0.046325,0.05259
6.929e-14,0.046261,0.052548
9.4157e-14,0.046199,0.052504
1.1733e-13,0.046137,0.052458
1.387e-13,0.046077,0.05241
1.5819e-13,0.046019,0.052362
1.7572e-13,0.045962,0.052312
1.9121e-13,0.045906,0.052261
2.0461e-13,0.045853,0.052209
2.1585e-13,0.045801,0.052156
2.249e-13,0.045751,0.052103
2.3172e-13,0.045703,0.052049
2.3629e-13,0.045658,0.051995
2.3857e-13,0.045614,0.051941
2.3857e-13,0.045572,0.051887
2.3629e-13,0.045533,0.051833
2.3172e-13,0.045496,0.05178
2.249e-13,0.045461,0.051727
2.1585e-13,0.045429,0.051674
2.0461e-13,0.045398,0.051622
1.9121e-13,0.045371,0.051572
1.7572e-13,0.045345,0.051522
1.5819e-13,0.045322,0.051473
1.387e-13,0.045301,0.051426
1.1733e-13,0.045283,0.051381
9.4157e-14,0.045267,0.051336
6.929e-14,0.045254,0.051294
4.2828e-14,0.045242,0.051254
1.4884e-14,0.045233,0.051215
-1.4424e-14,0.045227,0.051179
-4.4968e-14,0.045222,0.051144
-7.6613e-14,0.04522,0.051112
-1.0922e-13,0.04522,0.051082
-1.4264e-13,0.045222,0.051054
-1.7672e-13,0.045226,0.051029
-2.113e-13,0.045232,0.051006
-2.4621e-13,0.04524,0.050986
-2.8129e-13,0.04525,0.050968
-3.1635e-13,0.045261,0.050953
-3.5123e-13,0.045274,0.05094
-3.8573e-13,0.045289,0.05093
-4.1967e-13,0.045306,0.050922
-4.5285e-13,0.045324,0.050917
-4.851e-13,0.045343,0.050914
-5.1621e-13,0.045364,0.050913
-5.4599e-13,0.045386,0.050915
-5.7424e-13,0.04541,0.05092
-6.0077e-13,0.045434,0.050926
-6.2538e-13,0.04546,0.050935
-6.4788e-13,0.045486,0.050946
-6.6807e-13,0.045514,0.050959
-6.8578e-13,0.045542,0.050974
-7.0081e-13,0.045572,0.050991
-7.1298e-13,0.045602,0.05101
-7.2212e-13,0.045633,0.051031
-7.2805e-13,0.045664,0.051053
-7.3062e-13,0.045696,0.051077
-7.2967e-13,0.045729,0.051102
-7.2504e-13,0.045762,0.051129
-7.166e-13,0.045796,0.051157
-7.0423e-13,0.04583,0.051187
-6.878e-13,0.045865,0.051217
-6.6721e-13,0.0459,0.051249
-6.4237e-13,0.045935,0.051281
-6.1319e-13,0.045971,0.051315
-5.7961e-13,0.046008,0.051349
-5.4157e-13,0.046044,0.051383
-4.9905e-13,0.046081,0.051418
-4.5203e-13,0.046119,0.051454
-4.0049e-13,0.046156,0.05149
-3.4447e-13,0.046194,0.051527
-2.84e-13,0.046233,0.051563
-2.1912e-13,0.046271,0.0516
-1.4992e-13,0.04631,0.051637
-7.6502e-14,0.04635,0.051674
1.0294e-15,0.046389,0.051711
8.253e-14,0.046429,0.051748
1.6784e-13,0.04647,0.051784
2.5677e-13,0.046511,0.05182
3.4912e-13,0.046552,0.051856
4.4465e-13,0.046593,0.051892
5.4312e-13,0.046635,0.051927
6.4425e-13,0.046677,0.051961
7.4773e-13,0.046719,0.051995
8.5325e-13,0.046761,0.052028
9.6045e-13,0.046804,0.052061
1.069e-12,0.046847,0.052092
1.1784e-12,0.046891,0.052123
1.2884e-12,0.046934,0.052153
1.3984e-12,0.046978,0.052182
1.5081e-12,0.047021,0.05221
1.6169e-12,0.047065,0.052237
1.7244e-12,0.047109,0.052263
1.83e-12,0.047153,0.052288
1.9333e-12,0.047197,0.052311
2.0336e-12,0.04724,0.052334
2.1304e-12,0.047284,0.052355
2.2232e-12,0.047327,0.052374
2.3114e-12,0.04737,0.052392
2.3943e-12,0.047413,0.052409
2.4714e-12,0.047455,0.052424
2.5422e-12,0.047497,0.052438
2.6059e-12,0.047538,0.05245
2.662e-12,0.047579,0.05246
2.7098e-12,0.047619,0.052469
2.7489e-12,0.047658,0.052476
2.7786e-12,0.047696,0.052482
2.7982e-12,0.047733,0.052485
2.8074e-12,0.047769,0.052487
2.8054e-12,0.047804,0.052487
2.7918e-12,0.047838,0.052485
2.766e-12,0.04787,0.052482
2.7276e-12,0.047901,0.052476
2.6761e-12,0.047931,0.052469
2.611e-12,0.047959,0.05246
2.5321e-12,0.047985,0.052449
2.4388e-12,0.04801,0.052436
2.331e-12,0.048033,0.052421
2.2083e-12,0.048054,0.052405
2.0704e-12,0.048074,0.052387
1.9173e-12,0.048091,0.052367
1.7488e-12,0.048107,0.052345
1.5648e-12,0.04812,0.052322
1.3653e-12,0.048131,0.052297
1.1504e-12,0.048141,0.05227
9.2018e-13,0.048148,0.052241
6.7481e-13,0.048153,0.052212
4.1456e-13,0.048156,0.05218
1.3977e-13,0.048157,0.052147
-1.4918e-13,0.048156,0.052113
-4.5179e-13,0.048153,0.052077
-7.6752e-13,0.048147,0.05204
-1.0957e-12,0.04814,0.052001
-1.4357e-12,0.048131,0.051961
-1.7866e-12,0.048119,0.05192
-2.1475e-12,0.048106,0.051878
-2.5176e-12,0.048091,0.051835
-2.8956e-12,0.048074,0.051791
-3.2806e-12,0.048055,0.051745
-3.6713e-12,0.048034,0.051699
-4.0663e-12,0.048012,0.051652
-4.4643e-12,0.047988,0.051603
-4.8639e-12,0.047963,0.051554
-5.2634e-12,0.047937,0.051505
-5.6612e-12,0.047909,0.051454
-6.0557e-12,0.047879,0.051403
-6.4451e-12,0.047849,0.051351
-6.8276e-12,0.047817,0.051298
-7.2013e-12,0.047784,0.051245
-7.5641e-12,0.047751,0.051192
-7.9142e-12,0.047716,0.051138
-8.2495e-12,0.047681,0.051083
-8.5679e-12,0.047644,0.051029
-8.8672e-12,0.047608,0.050973
-9.1454e-12,0.04757,0.050918
-9.4003e-12,0.047532,0.050862
-9.6296e-12,0.047494,0.050806
-9.8312e-12,0.047455,0.05075
-1.0003e-11,0.047416,0.050694
-1.0143e-11,0.047376,0.050638
-1.0248e-11,0.047337,0.050582
-1.0317e-11,0.047297,0.050526
-1.0348e-11,0.047257,0.05047
-1.0338e-11,0.047216,0.050415
-1.0287e-11,0.047176,0.05036
-1.019e-11,0.047136,0.050305
-1.0048e-11,0.047095,0.05025
-9.8585e-12,0.047055,0.050196
-9.6195e-12,0.047015,0.050142
-9.3297e-12,0.046974,0.05009
-8.9879e-12,0.046934,0.050037
-8.5929e-12,0.046894,0.049986
-8.1437e-12,0.046854,0.049936
-7.6393e-12,0.046814,0.049886
-7.0793e-12,0.046774,0.049838
-6.4629e-12,0.046734,0.049791
-5.7901e-12,0.046694,0.049745
-5.0607e-12,0.046655,0.0497
-4.2749e-12,0.046615,0.049657
-3.433e-12,0.046576,0.049616
-2.5358e-12,0.046536,0.049576
-1.5842e-12,0.046497,0.049538
-5.7931e-13,0.046458,0.049501
4.7744e-13,0.046419,0.049467
1.5843e-12,0.04638,0.049434
2.7393e-12,0.046341,0.049404
3.9401e-12,0.046302,0.049376
5.184e-12,0.046264,0.04935
6.4683e-12,0.046226,0.049326
7.7897e-12,0.046188,0.049305
9.1446e-12,0.04615,0.049286
1.0529e-11,0.046113,0.049269
1.194e-11,0.046076,0.049255
1.3371e-11,0.04604,0.049243
1.4819e-11,0.046004,0.049234
1.6278e-11,0.045968,0.049227
1.7743e-11,0.045933,0.049223
1.9209e-11,0.045899,0.049221
2.0669e-11,0.045866,0.049221
2.2117e-11,0.045834,0.049225
2.3548e-11,0.045803,0.04923
2.4953e-11,0.045772,0.049238
2.6327e-11,0.045743,0.049248
2.7662e-11,0.045716,0.04926
2.8951e-11,0.045689,0.049275
3.0186e-11,0.045664,0.049291
3.136e-11,0.045641,0.04931
3.2465e-11,0.04562,0.049331
3.3493e-11,0.0456,0.049353
3.4436e-11,0.045583,0.049377
3.5286e-11,0.045567,0.049402
3.6036e-11,0.045554,0.049429
3.6676e-11,0.045543,0.049457
3.72e-11,0.045534,0.049487
3.76e-11,0.045528,0.049518
3.7867e-11,0.045524,0.049549
3.7993e-11,0.045523,0.049582
3.7973e-11,0.045525,0.049615
3.7798e-11,0.04553,0.049649
3.7461e-11,0.045537,0.049683
3.6957e-11,0.045548,0.049718
3.6278e-11,0.045561,0.049753
3.5419e-11,0.045578,0.049789
3.4374e-11,0.045597,0.049824
3.3139e-11,0.04562,0.04986
3.1709e-11,0.045646,0.049895
3.0081e-11,0.045674,0.04993
2.825e-11,0.045706,0.049965
2.6215e-11,0.045741,0.05
2.3975e-11,0.045779,0.050034
2.1526e-11,0.04582,0.050068
1.887e-11,0.045863,0.050101
1.6007e-11,0.04591,0.050135
1.2939e-11,0.045959,0.050167
9.6667e-12,0.046011,0.050199
6.1944e-12,0.046065,0.050231
2.5261e-12,0.046122,0.050262
-1.3331e-12,0.046181,0.050293
-5.3769e-12,0.046242,0.050323
-9.5981e-12,0.046305,0.050353
-1.3988e-11,0.04637,0.050382
-1.8538e-11,0.046437,0.050411
-2.3237e-11,0.046506,0.05044
-2.8074e-11,0.046575,0.050469
-3.3035e-11,0.046646,0.050498
-3.8106e-11,0.046718,0.050526
-4.3274e-11,0.04679,0.050555
-4.852e-11,0.046864,0.050584
-5.3829e-11,0.046937,0.050612
-5.9182e-11,0.047011,0.050642
-6.4559e-11,0.047085,0.050671
-6.994e-11,0.047158,0.050701
-7.5302e-11,0.047231,0.050731
-8.0625e-11,0.047304,0.050762
-8.5883e-11,0.047375,0.050794
-9.1053e-11,0.047446,0.050827
-9.611e-11,0.047515,0.05086
-1.0103e-10,0.047583,0.050894
-1.0578e-10,0.047649,0.05093
-1.1033e-10,0.047713,0.050966
-1.1467e-10,0.047775,0.051004
-1.1875e-10,0.047835,0.051043
-1.2256e-10,0.047892,0.051083
-1.2606e-10,0.047947,0.051124
-1.2921e-10,0.047999,0.051167
-1.3201e-10,0.048048,0.051211
-1.344e-10,0.048095,0.051257
-1.3638e-10,0.048138,0.051304
-1.3789e-10,0.048177,0.051353
-1.3893e-10,0.048214,0.051403
-1.3945e-10,0.048246,0.051455
-1.3943e-10,0.048276,0.051508
-1.3885e-10,0.048301,0.051563
-1.3768e-10,0.048323,0.051619
-1.359e-10,0.048341,0.051677
-1.3348e-10,0.048356,0.051736
-1.304e-10,0.048366,0.051796
-1.2664e-10,0.048373,0.051858
-1.2218e-10,0.048376,0.051921
-1.1701e-10,0.048375,0.051985
-1.1111e-10,0.04837,0.05205
-1.0447e-10,0.048362,0.052116
-9.7085e-11,0.04835,0.052183
-8.8941e-11,0.048334,0.052251
-8.0037e-11,0.048315,0.05232
-7.037e-11,0.048292,0.052389
-5.9943e-11,0.048267,0.052458
-4.8761e-11,0.048237,0.052528
-3.683e-11,0.048205,0.052599
-2.4163e-11,0.04817,0.052669
-1.0774e-11,0.048132,0.052739
3.3169e-12,0.048091,0.052809
1.8089e-11,0.048048,0.052879
3.3515e-11,0.048002,0.052948
4.9565e-11,0.047954,0.053016
6.6205e-11,0.047904,0.053084
8.3396e-11,0.047852,0.05315
1.011e-10,0.047798,0.053216
1.1926e-10,0.047743,0.05328
1.3784e-10,0.047687,0.053343
1.5677e-10,0.047629,0.053404
1.76e-10,0.047571,0.053463
1.9547e-10,0.047511,0.053521
2.151e-10,0.047451,0.053576
2.3484e-10,0.047391,0.053629
2.5459e-10,0.04733,0.05368
2.7429e-10,0.04727,0.053728
2.9384e-10,0.047209,0.053774
3.1318e-10,0.047149,0.053816
3.322e-10,0.04709,0.053856
3.5081e-10,0.047031,0.053893
3.6892e-10,0.046973,0.053927
3.8643e-10,0.046916,0.053957
4.0324e-10,0.04686,0.053984
4.1924e-10,0.046805,0.054008
4.3434e-10,0.046752,0.054028
4.4843e-10,0.0467,0.054045
4.6139e-10,0.04665,0.054058
4.7313e-10,0.046602,0.054067
4.8354e-10,0.046556,0.054073
4.925e-10,0.046512,0.054074
4.9991e-10,0.04647,0.054072
5.0566e-10,0.046431,0.054066
5.0966e-10,0.046394,0.054056
5.1178e-10,0.046359,0.054043
5.1195e-10,0.046327,0.054025
5.1005e-10,0.046298,0.054004
5.06e-10,0.046271,0.053979
4.997e-10,0.046247,0.053951
4.9106e-10,0.046226,0.053919
4.8002e-10,0.046207,0.053883
4.665e-10,0.046192,0.053844
4.5042e-10,0.046179,0.053802
4.3173e-10,0.04617,0.053757
4.1037e-10,0.046163,0.053708
3.863e-10,0.046159,0.053657
3.5948e-10,0.046159,0.053603
3.2989e-10,0.046161,0.053547
2.9751e-10,0.046166,0.053488
2.6233e-10,0.046174,0.053427
2.2436e-10,0.046185,0.053364
1.8361e-10,0.046199,0.053299
1.4011e-10,0.046216,0.053232
9.3905e-11,0.046235,0.053164
4.5044e-11,0.046258,0.053095
-6.4063e-12,0.046283,0.053025
-6.0364e-11,0.04631,0.052954
-1.1673e-10,0.046341,0.052883
-1.7541e-10,0.046373,0.052811
-2.3626e-10,0.046409,0.052739
-2.9916e-10,0.046446,0.052668
-3.6394e-10,0.046486,0.052596
-4.3044e-10,0.046528,0.052526
-4.9847e-10,0.046572,0.052456
-5.6784e-10,0.046618,0.052387
-6.3833e-10,0.046666,0.052319
-7.0971e-10,0.046715,0.052253
-7.8173e-10,0.046767,0.052188
-8.5414e-10,0.046819,0.052125
-9.2666e-10,0.046873,0.052064
-9.99e-10,0.046929,0.052006
-1.0709e-09,0.046985,0.051949
-1.1419e-09,0.047043,0.051895
-1.2119e-09,0.047101,0.051844
-1.2804e-09,0.04716,0.051796
-1.3471e-09,0.047219,0.051751
-1.4116e-09,0.047279,0.051708
-1.4736e-09,0.04734,0.051669
-1.5327e-09,0.0474,0.051633
-1.5885e-09,0.04746,0.051601
-1.6407e-09,0.04752,0.051572
-1.6887e-09,0.04758,0.051546
-1.7323e-09,0.04764,0.051524
-1.7711e-09,0.047698,0.051506
-1.8046e-09,0.047756,0.051491
-1.8324e-09,0.047813,0.05148
-1.8542e-09,0.047869,0.051473
-1.8696e-09,0.047924,0.051469
-1.8782e-09,0.047978,0.051469
-1.8796e-09,0.04803,0.051472
-1.8735e-09,0.04808,0.051479
-1.8595e-09,0.048129,0.05149
-1.8373e-09,0.048176,0.051504
-1.8065e-09,0.048221,0.051521
-1.767e-09,0.048264,0.051541
-1.7183e-09,0.048304,0.051564
-1.6603e-09,0.048343,0.05159
-1.5928e-09,0.048379,0.051619
-1.5155e-09,0.048412,0.051651
-1.4282e-09,0.048443,0.051685
-1.3309e-09,0.048472,0.051722
-1.2234e-09,0.048498,0.051761
-1.1056e-09,0.048521,0.051801
-9.776e-10,0.048541,0.051844
-8.3932e-10,0.048558,0.051888
-6.9084e-10,0.048572,0.051934
-5.3226e-10,0.048584,0.051981
-3.6372e-10,0.048592,0.052029
-1.8541e-10,0.048598,0.052078
2.4334e-12,0.048601,0.052128
1.9952e-10,0.0486,0.052178
4.0549e-10,0.048597,0.052228
6.1998e-10,0.048591,0.052279
8.4251e-10,0.048582,0.052329
1.0726e-09,0.04857,0.05238
1.3097e-09,0.048555,0.052429
1.5531e-09,0.048537,0.052478
1.8023e-09,0.048517,0.052526
2.0565e-09,0.048493,0.052573
2.3148e-09,0.048468,0.052619
2.5765e-09,0.048439,0.052664
2.8407e-09,0.048409,0.052707
3.1064e-09,0.048376,0.052748
3.3726e-09,0.04834,0.052787
3.6383e-09,0.048303,0.052825
3.9023e-09,0.048263,0.05286
4.1636e-09,0.048222,0.052893
4.4209e-09,0.048178,0.052924
4.673e-09,0.048133,0.052953
4.9187e-09,0.048086,0.052978
5.1565e-09,0.048038,0.053002
5.3852e-09,0.047988,0.053022
5.6034e-09,0.047938,0.05304
5.8096e-09,0.047886,0.053055
6.0025e-09,0.047833,0.053067
6.1807e-09,0.047779,0.053076
6.3426e-09,0.047724,0.053083
6.4869e-09,0.047669,0.053086
6.612e-09,0.047613,0.053087
6.7165e-09,0.047557,0.053084
6.7991e-09,0.047501,0.053079
6.8582e-09,0.047445,0.053071
6.8925e-09,0.047389,0.05306
6.9006e-09,0.047333,0.053046
6.8812e-09,0.047277,0.053029
6.833e-09,0.047221,0.05301
6.7548e-09,0.047167,0.052987
6.6455e-09,0.047112,0.052963
6.5039e-09,0.047058,0.052935
6.329e-09,0.047005,0.052906
6.1199e-09,0.046953,0.052874
5.8758e-09,0.046902,0.05284
5.5959e-09,0.046852,0.052803
5.2796e-09,0.046803,0.052765
4.9263e-09,0.046754,0.052724
4.5358e-09,0.046707,0.052682
4.1077e-09,0.046662,0.052638
3.6418e-09,0.046617,0.052593
3.1384e-09,0.046573,0.052546
2.5974e-09,0.046531,0.052498
2.0193e-09,0.04649,0.052448
1.4046e-09,0.046451,0.052398
7.539e-10,0.046412,0.052346
6.8137e-11,0.046375,0.052294
-6.5167e-10,0.046339,0.052241
-1.4043e-09,0.046304,0.052187
-2.1883e-09,0.04627,0.052134
-3.002e-09,0.046238,0.052079
-3.8437e-09,0.046206,0.052025
-4.7113e-09,0.046176,0.05197
-5.6025e-09,0.046146,0.051916
-6.515e-09,0.046118,0.051861
-7.4461e-09,0.04609,0.051807
-8.3929e-09,0.046063,0.051753
-9.3524e-09,0.046037,0.0517
-1.0321e-08,0.046012,0.051648
-1.1296e-08,0.045987,0.051596
-1.2273e-08,0.045963,0.051544
-1.3249e-08,0.045939,0.051494
-1.4219e-08,0.045916,0.051445
-1.518e-08,0.045893,0.051396
-1.6126e-08,0.04587,0.051349
-1.7054e-08,0.045847,0.051303
-1.7958e-08,0.045825,0.051258
-1.8834e-08,0.045802,0.051214
-1.9678e-08,0.04578,0.051172
-2.0483e-08,0.045758,0.051131
-2.1245e-08,0.045735,0.051092
-2.1959e-08,0.045712,0.051054
-2.2619e-08,0.045689,0.051017
-2.322e-08,0.045666,0.050983
-2.3757e-08,0.045643,0.050949
-2.4224e-08,0.045619,0.050918
-2.4616e-08,0.045594,0.050888
-2.4928e-08,0.04557,0.050859
-2.5155e-08,0.045545,0.050833
-2.5291e-08,0.045519,0.050808
-2.5331e-08,0.045493,0.050785
-2.5271e-08,0.045467,0.050763
-2.5106e-08,0.04544,0.050744
-2.4831e-08,0.045412,0.050726
-2.4442e-08,0.045385,0.05071
-2.3935e-08,0.045357,0.050696
-2.3307e-08,0.045328,0.050683
-2.2553e-08,0.0453,0.050672
-2.1671e-08,0.045271,0.050663
-2.0657e-08,0.045242,0.050656
-1.9511e-08,0.045212,0.05065
-1.8229e-08,0.045183,0.050647
-1.681e-08,0.045154,0.050645
-1.5253e-08,0.045124,0.050644
-1.3558e-08,0.045095,0.050645
-1.1725e-08,0.045066,0.050648
-9.7536e-09,0.045038,0.050653
-7.6461e-09,0.04501,0.050659
-5.4037e-09,0.044982,0.050667
-3.0292e-09,0.044955,0.050676
-5.2537e-10,0.044929,0.050687
2.1038e-09,0.044904,0.0507
4.854e-09,0.04488,0.050713
7.72e-09,0.044857,0.050729
1.0696e-08,0.044835,0.050745
1.3775e-08,0.044814,0.050763
1.695e-08,0.044795,0.050782
2.0213e-08,0.044778,0.050803
2.3555e-08,0.044762,0.050824
2.6967e-08,0.044748,0.050847
3.0437e-08,0.044736,0.05087
3.3955e-08,0.044725,0.050895
3.7509e-08,0.044717,0.050921
4.1087e-08,0.044711,0.050947
4.4674e-08,0.044708,0.050975
4.8257e-08,0.044707,0.051003
5.1822e-08,0.044708,0.051031
5.5353e-08,0.044711,0.051061
5.8834e-08,0.044717,0.051091
6.2248e-08,0.044726,0.051121
6.5579e-08,0.044737,0.051152
6.8809e-08,0.044751,0.051183
7.1919e-08,0.044768,0.051214
7.4892e-08,0.044787,0.051246
7.7709e-08,0.044809,0.051277
8.035e-08,0.044833,0.051309
8.2796e-08,0.04486,0.05134
8.5028e-08,0.044889,0.051372
8.7025e-08,0.044921,0.051403
8.877e-08,0.044956,0.051434
9.0241e-08,0.044993,0.051464
9.142e-08,0.045032,0.051494
9.2287e-08,0.045073,0.051524
9.2824e-08,0.045117,0.051553
9.3012e-08,0.045162,0.051581
9.2833e-08,0.04521,0.051609
9.227e-08,0.045259,0.051636
9.1306e-08,0.04531,0.051662
8.9925e-08,0.045362,0.051687
8.8113e-08,0.045416,0.051711
8.5855e-08,0.045471,0.051734
8.3139e-08,0.045528,0.051757
7.9952e-08,0.045585,0.051778
7.6286e-08,0.045644,0.051797
7.213e-08,0.045703,0.051816
6.7478e-08,0.045763,0.051833
6.2325e-08,0.045823,0.05185
5.6665e-08,0.045883,0.051864
5.0497e-08,0.045944,0.051878
4.3821e-08,0.046005,0.05189
3.6639e-08,0.046066,0.051901
2.8956e-08,0.046127,0.05191
2.0776e-08,0.046188,0.051918
1.211e-08,0.046249,0.051924
2.9676e-09,0.046308,0.051929
-6.6371e-09,0.046368,0.051933
-1.6688e-08,0.046427,0.051935
-2.7167e-08,0.046485,0.051936
-3.8052e-08,0.046542,0.051935
-4.932e-08,0.046598,0.051933
-6.0944e-08,0.046654,0.051929
-7.2894e-08,0.046709,0.051924
-8.5138e-08,0.046762,0.051918
-9.7641e-08,0.046814,0.051911
-1.1037e-07,0.046866,0.051902
-1.2327e-07,0.046916,0.051892
-1.3631e-07,0.046964,0.05188
-1.4945e-07,0.047012,0.051868
-1.6263e-07,0.047058,0.051854
-1.758e-07,0.047103,0.051839
-1.8891e-07,0.047147,0.051823
-2.019e-07,0.047189,0.051806
-2.1472e-07,0.04723,0.051788
-2.273e-07,0.047269,0.05177
-2.3958e-07,0.047307,0.05175
-2.515e-07,0.047344,0.05173
-2.6299e-07,0.047379,0.051708
-2.7398e-07,0.047412,0.051687
-2.8441e-07,0.047445,0.051664
-2.9421e-07,0.047475,0.051641
-3.033e-07,0.047505,0.051618
-3.1161e-07,0.047533,0.051594
-3.1908e-07,0.047559,0.051569
-3.2562e-07,0.047584,0.051545
-3.3118e-07,0.047607,0.05152
-3.3567e-07,0.047629,0.051495
-3.3903e-07,0.04765,0.051469
-3.4118e-07,0.047669,0.051444
-3.4207e-07,0.047687,0.051418
-3.4162e-07,0.047703,0.051393
-3.3977e-07,0.047718,0.051367
-3.3646e-07,0.047731,0.051342
-3.3163e-07,0.047743,0.051317
-3.2523e-07,0.047754,0.051292
-3.172e-07,0.047763,0.051267
-3.075e-07,0.047771,0.051242
-2.9608e-07,0.047777,0.051218
-2.8292e-07,0.047783,0.051193
-2.6796e-07,0.047787,0.05117
-2.512e-07,0.047789,0.051146
-2.326e-07,0.047791,0.051123
-2.1215e-07,0.047791,0.0511
-1.8984e-07,0.04779,0.051078
-1.6568e-07,0.047788,0.051056
-1.3967e-07,0.047785,0.051035
-1.1182e-07,0.047781,0.051014
-8.2162e-08,0.047776,0.050993
-5.0721e-08,0.04777,0.050973
-1.7539e-08,0.047763,0.050953
1.7336e-08,0.047755,0.050934
5.3844e-08,0.047747,0.050915
9.1918e-08,0.047737,0.050897
1.3148e-07,0.047727,0.050879
1.7244e-07,0.047716,0.050861
2.1471e-07,0.047704,0.050844
2.5817e-07,0.047692,0.050827
3.0271e-07,0.047679,0.050811
3.482e-07,0.047665,0.050795
3.945e-07,0.047651,0.05078
4.4147e-07,0.047636,0.050765
4.8894e-07,0.047621,0.050751
5.3675e-07,0.047605,0.050737
5.8471e-07,0.047589,0.050723
6.3265e-07,0.047572,0.05071
6.8037e-07,0.047556,0.050697
7.2765e-07,0.047538,0.050684
7.7429e-07,0.04752,0.050672
8.2007e-07,0.047502,0.050661
8.6476e-07,0.047484,0.050649
9.0811e-07,0.047465,0.050638
9.499e-07,0.047446,0.050628
9.8986e-07,0.047427,0.050618
1.0278e-06,0.047407,0.050608
1.0633e-06,0.047387,0.050599
1.0963e-06,0.047366,0.05059
1.1264e-06,0.047346,0.050582
1.1534e-06,0.047325,0.050574
1.1771e-06,0.047303,0.050567
1.1971e-06,0.047281,0.05056
1.2132e-06,0.047259,0.050554
1.2251e-06,0.047237,0.050548
1.2326e-06,0.047214,0.050543
1.2355e-06,0.04719,0.050539
1.2334e-06,0.047167,0.050535
1.2262e-06,0.047142,0.050532
1.2137e-06,0.047118,0.050529
1.1955e-06,0.047093,0.050527
1.1716e-06,0.047067,0.050526
1.1417e-06,0.047042,0.050526
1.1057e-06,0.047015,0.050527
1.0634e-06,0.046989,0.050528
1.0146e-06,0.046962,0.050531
9.5925e-07,0.046934,0.050534
8.9726e-07,0.046906,0.050538
8.2853e-07,0.046878,0.050544
7.5301e-07,0.046849,0.05055
6.7068e-07,0.04682,0.050558
5.8153e-07,0.04679,0.050566
4.8559e-07,0.046761,0.050576
3.8292e-07,0.046731,0.050587
2.736e-07,0.046701,0.050599
1.5776e-07,0.04667,0.050613
3.5535e-08,0.04664,0.050628
-9.2878e-08,0.04661,0.050643
-2.2726e-07,0.046579,0.050661
-3.6736e-07,0.046549,0.050679
-5.1288e-07,0.046519,0.050699
-6.6349e-07,0.046489,0.05072
-8.1883e-07,0.046459,0.050742
-9.7849e-07,0.04643,0.050765
-1.142e-06,0.046401,0.050789
-1.3089e-06,0.046373,0.050815
-1.4787e-06,0.046346,0.050842
-1.6508e-06,0.046319,0.050869
-1.8246e-06,0.046294,0.050898
-1.9995e-06,0.046269,0.050927
-2.1747e-06,0.046245,0.050958
-2.3496e-06,0.046223,0.050989
-2.5235e-06,0.046202,0.051021
-2.6955e-06,0.046182,0.051053
-2.8648e-06,0.046164,0.051086
-3.0306e-06,0.046148,0.051119
-3.192e-06,0.046133,0.051152
-3.3481e-06,0.046121,0.051186
-3.4979e-06,0.04611,0.05122
-3.6405e-06,0.046101,0.051254
-3.775e-06,0.046095,0.051287
-3.9002e-06,0.04609,0.05132
-4.0152e-06,0.046088,0.051353
-4.1189e-06,0.046089,0.051386
-4.2104e-06,0.046092,0.051417
-4.2885e-06,0.046097,0.051448
-4.3522e-06,0.046105,0.051479
-4.4005e-06,0.046115,0.051508
-4.4322e-06,0.046129,0.051536
-4.4464e-06,0.046145,0.051563
-4.4421e-06,0.046163,0.051589
-4.4181e-06,0.046185,0.051613
-4.3736e-06,0.046209,0.051636
-4.3075e-06,0.046235,0.051657
-4.2189e-06,0.046265,0.051676
-4.107e-06,0.046297,0.051694
-3.9708e-06,0.046332,0.05171
-3.8095e-06,0.046369,0.051724
-3.6224e-06,0.046409,0.051736
-3.4087e-06,0.046451,0.051746
-3.1678e-06,0.046496,0.051754
-2.8991e-06,0.046543,0.05176
-2.6021e-06,0.046592,0.051764
-2.2763e-06,0.046643,0.051765
-1.9213e-06,0.046697,0.051765
-1.5369e-06,0.046752,0.051762
-1.1228e-06,0.046809,0.051757
-6.7893e-07,0.046868,0.05175
-2.0529e-07,0.046928,0.051741
2.9807e-07,0.04699,0.051729
8.3097e-07,0.047053,0.051715
1.3931e-06,0.047118,0.0517
1.9841e-06,0.047183,0.051682
2.6035e-06,0.04725,0.051662
3.2507e-06,0.047317,0.05164
3.9248e-06,0.047385,0.051617
4.6251e-06,0.047453,0.051592
5.3507e-06,0.047522,0.051564
6.1004e-06,0.047591,0.051536
6.8731e-06,0.04766,0.051505
7.6674e-06,0.047729,0.051474
8.4819e-06,0.047798,0.051441
9.3151e-06,0.047866,0.051406
1.0165e-05,0.047934,0.051371
1.1031e-05,0.048002,0.051334
1.191e-05,0.048068,0.051297
1.28e-05,0.048133,0.051259
1.37e-05,0.048198,0.05122
1.4607e-05,0.048261,0.05118
1.5519e-05,0.048323,0.05114
1.6434e-05,0.048383,0.0511
1.7349e-05,0.048442,0.05106
1.8261e-05,0.048499,0.051019
1.917e-05,0.048554,0.050979
2.007e-05,0.048607,0.050938
2.0961e-05,0.048658,0.050899
2.184e-05,0.048706,0.050859
2.2703e-05,0.048753,0.05082
2.3549e-05,0.048796,0.050782
2.4374e-05,0.048838,0.050744
2.5176e-05,0.048877,0.050708
2.5952e-05,0.048913,0.050672
2.67e-05,0.048946,0.050637
2.7417e-05,0.048976,0.050604
2.8101e-05,0.049004,0.050572
2.875e-05,0.049028,0.050541
2.936e-05,0.049049,0.050512
2.9931e-05,0.049068,0.050485
3.0459e-05,0.049083,0.050459
3.0943e-05,0.049095,0.050434
3.1381e-05,0.049104,0.050412
3.1772e-05,0.049109,0.050391
3.2114e-05,0.049112,0.050372
3.2405e-05,0.049111,0.050355
3.2645e-05,0.049107,0.05034
3.2833e-05,0.0491,0.050327
3.2967e-05,0.049089,0.050317
3.3048e-05,0.049076,0.050308
3.3075e-05,0.049059,0.050301
3.3048e-05,0.049039,0.050297
3.2967e-05,0.049017,0.050294
3.2833e-05,0.048991,0.050294
3.2645e-05,0.048962,0.050296
3.2405e-05,0.048931,0.0503
3.2114e-05,0.048897,0.050307
3.1772e-05,0.04886,0.050315
3.1381e-05,0.048821,0.050326
3.0943e-05,0.048779,0.050338
3.0459e-05,0.048735,0.050353
2.9931e-05,0.048689,0.050371
2.936e-05,0.048641,0.05039
2.875e-05,0.04859,0.050411
2.8101e-05,0.048538,0.050434
2.7417e-05,0.048485,0.05046
2.67e-05,0.048429,0.050487
2.5952e-05,0.048372,0.050516
2.5176e-05,0.048314,0.050548
2.4374e-05,0.048255,0.050581
2.3549e-05,0.048195,0.050616
2.2703e-05,0.048134,0.050653
2.184e-05,0.048072,0.050691
2.0961e-05,0.04801,0.050731
2.007e-05,0.047947,0.050773
1.917e-05,0.047884,0.050817
1.8261e-05,0.047821,0.050862
1.7349e-05,0.047758,0.050908
1.6434e-05,0.047694,0.050956
1.5519e-05,0.047632,0.051004
1.4607e-05,0.047569,0.051055
1.37e-05,0.047507,0.051106
1.28e-05,0.047446,0.051158
1.191e-05,0.047385,0.051211
1.1031e-05,0.047325,0.051265
1.0165e-05,0.047266,0.05132
9.3151e-06,0.047208,0.051375
8.4819e-06,0.047152,0.051431
7.6674e-06,0.047096,0.051487
6.8731e-06,0.047042,0.051544
6.1004e-06,0.046989,0.051601
5.3507e-06,0.046938,0.051658
4.6251e-06,0.046888,0.051715
3.9248e-06,0.04684,0.051772
3.2507e-06,0.046794,0.051829
2.6035e-06,0.046749,0.051885
1.9841e-06,0.046706,0.051942
1.3931e-06,0.046665,0.051998
8.3097e-07,0.046626,0.052053
2.9807e-07,0.046589,0.052108
-2.0529e-07,0.046553,0.052162
-6.7893e-07,0.04652,0.052215
-1.1228e-06,0.046489,0.052268
-1.5369e-06,0.046459,0.052319
-1.9213e-06,0.046432,0.05237
-2.2763e-06,0.046407,0.052419
-2.6021e-06,0.046384,0.052468
-2.8991e-06,0.046363,0.052516
-3.1678e-06,0.046344,0.052562
-3.4087e-06,0.046327,0.052607
-3.6224e-06,0.046312,0.052651
-3.8095e-06,0.046299,0.052694
-3.9708e-06,0.046289,0.052735
-4.107e-06,0.04628,0.052775
-4.2189e-06,0.046273,0.052814
-4.3075e-06,0.046269,0.052852
-4.3736e-06,0.046266,0.052888
-4.4181e-06,0.046265,0.052923
-4.4421e-06,0.046266,0.052957
-4.4464e-06,0.046269,0.052989
-4.4322e-06,0.046274,0.05302
-4.4005e-06,0.046281,0.05305
-4.3522e-06,0.046289,0.053079
-4.2885e-06,0.046299,0.053106
-4.2104e-06,0.04631,0.053133
-4.1189e-06,0.046323,0.053158
-4.0152e-06,0.046338,0.053182
-3.9002e-06,0.046354,0.053206
-3.775e-06,0.046371,0.053228
-3.6405e-06,0.04639,0.053249
-3.4979e-06,0.04641,0.053269
-3.3481e-06,0.046431,0.053288
-3.192e-06,0.046453,0.053306
-3.0306e-06,0.046477,0.053324
-2.8648e-06,0.046501,0.05334
-2.6955e-06,0.046526,0.053356
-2.5235e-06,0.046552,0.053371
-2.3496e-06,0.046578,0.053385
-2.1747e-06,0.046605,0.053399
-1.9995e-06,0.046633,0.053411
-1.8246e-06,0.046661,0.053423
-1.6508e-06,0.046689,0.053434
-1.4787e-06,0.046718,0.053445
-1.3089e-06,0.046747,0.053454
-1.142e-06,0.046776,0.053463
-9.7849e-07,0.046805,0.053471
-8.1883e-07,0.046834,0.053478
-6.6349e-07,0.046863,0.053485
-5.1288e-07,0.046892,0.05349
-3.6736e-07,0.046921,0.053495
-2.2726e-07,0.046949,0.053499
-9.2878e-08,0.046976,0.053502
3.5535e-08,0.047004,0.053504
1.5776e-07,0.04703,0.053505
2.736e-07,0.047056,0.053505
3.8292e-07,0.047081,0.053504
4.8559e-07,0.047106,0.053502
5.8153e-07,0.04713,0.053499
6.7068e-07,0.047152,0.053494
7.5301e-07,0.047174,0.053489
8.2853e-07,0.047195,0.053482
8.9726e-07,0.047215,0.053474
9.5925e-07,0.047234,0.053464
1.0146e-06,0.047251,0.053454
1.0634e-06,0.047268,0.053442
1.1057e-06,0.047284,0.053428
1.1417e-06,0.047298,0.053414
1.1716e-06,0.047311,0.053397
1.1955e-06,0.047323,0.05338
1.2137e-06,0.047334,0.053361
1.2262e-06,0.047344,0.05334
1.2334e-06,0.047352,0.053318
1.2355e-06,0.047359,0.053295
1.2326e-06,0.047365,0.05327
1.2251e-06,0.047371,0.053244
1.2132e-06,0.047374,0.053216
1.1971e-06,0.047377,0.053187
1.1771e-06,0.047379,0.053157
1.1534e-06,0.04738,0.053125
1.1264e-06,0.04738,0.053092
1.0963e-06,0.047379,0.053058
1.0633e-06,0.047377,0.053023
1.0278e-06,0.047374,0.052986
9.8986e-07,0.047371,0.052949
9.499e-07,0.047366,0.05291
9.0811e-07,0.047361,0.052871
8.6476e-07,0.047356,0.052831
8.2007e-07,0.04735,0.05279
7.7429e-07,0.047343,0.052748
7.2765e-07,0.047337,0.052706
6.8037e-07,0.047329,0.052663
6.3265e-07,0.047322,0.05262
5.8471e-07,0.047314,0.052576
5.3675e-07,0.047306,0.052532
4.8894e-07,0.047298,0.052488
4.4147e-07,0.04729,0.052444
3.945e-07,0.047282,0.0524
3.482e-07,0.047274,0.052356
3.0271e-07,0.047266,0.052312
2.5817e-07,0.047258,0.052269
2.1471e-07,0.047251,0.052226
1.7244e-07,0.047244,0.052183
1.3148e-07,0.047238,0.052141
9.1918e-08,0.047232,0.0521
5.3844e-08,0.047226,0.052059
1.7336e-08,0.047221,0.052019
-1.7539e-08,0.047217,0.05198
-5.0721e-08,0.047213,0.051942
-8.2162e-08,0.04721,0.051905
-1.1182e-07,0.047208,0.051869
-1.3967e-07,0.047206,0.051834
-1.6568e-07,0.047206,0.0518
-1.8984e-07,0.047206,0.051767
-2.1215e-07,0.047208,0.051736
-2.326e-07,0.04721,0.051706
-2.512e-07,0.047214,0.051678
-2.6796e-07,0.047218,0.05165
-2.8292e-07,0.047224,0.051624
-2.9608e-07,0.04723,0.0516
-3.075e-07,0.047238,0.051577
-3.172e-07,0.047247,0.051555
-3.2523e-07,0.047257,0.051534
-3.3163e-07,0.047268,0.051515
-3.3646e-07,0.047281,0.051497
-3.3977e-07,0.047294,0.051481
-3.4162e-07,0.047309,0.051465
-3.4207e-07,0.047325,0.051451
-3.4118e-07,0.047342,0.051438
-3.3903e-07,0.047361,0.051426
-3.3567e-07,0.04738,0.051415
-3.3118e-07,0.047401,0.051404
-3.2562e-07,0.047423,0.051395
-3.1908e-07,0.047445,0.051386
-3.1161e-07,0.047469,0.051378
-3.033e-07,0.047494,0.051371
-2.9421e-07,0.04752,0.051364
-2.8441e-07,0.047547,0.051358
-2.7398e-07,0.047575,0.051351
-2.6299e-07,0.047603,0.051345
-2.515e-07,0.047633,0.051339
-2.3958e-07,0.047663,0.051333
-2.273e-07,0.047693,0.051327
-2.1472e-07,0.047725,0.051321
-2.019e-07,0.047756,0.051314
-1.8891e-07,0.047788,0.051307
-1.758e-07,0.047821,0.0513
-1.6263e-07,0.047853,0.051292
-1.4945e-07,0.047886,0.051283
-1.3631e-07,0.047918,0.051274
-1.2327e-07,0.047951,0.051264
-1.1037e-07,0.047983,0.051253
-9.7641e-08,0.048015,0.051242
-8.5138e-08,0.048047,0.051229
-7.2894e-08,0.048078,0.051216
-6.0944e-08,0.048108,0.051201
-4.932e-08,0.048137,0.051186
-3.8052e-08,0.048166,0.05117
-2.7167e-08,0.048193,0.051153
-1.6688e-08,0.048219,0.051134
-6.6371e-09,0.048244,0.051116
2.9676e-09,0.048268,0.051096
1.211e-08,0.04829,0.051075
2.0776e-08,0.04831,0.051054
2.8956e-08,0.048329,0.051032
3.6639e-08,0.048346,0.051009
4.3821e-08,0.04836,0.050986
5.0497e-08,0.048373,0.050963
5.6665e-08,0.048384,0.050939
6.2325e-08,0.048392,0.050915
6.7478e-08,0.048399,0.050891
7.213e-08,0.048403,0.050867
7.6286e-08,0.048404,0.050843
7.9952e-08,0.048404,0.050819
8.3139e-08,0.0484,0.050795
8.5855e-08,0.048395,0.050772
8.8113e-08,0.048387,0.05075
8.9925e-08,0.048376,0.050728
9.1306e-08,0.048363,0.050707
9.227e-08,0.048348,0.050687
9.2833e-08,0.04833,0.050668
9.3012e-08,0.04831,0.05065
9.2824e-08,0.048288,0.050633
9.2287e-08,0.048263,0.050618
9.142e-08,0.048237,0.050604
9.0241e-08,0.048208,0.050592
8.877e-08,0.048177,0.050581
8.7025e-08,0.048145,0.050572
8.5028e-08,0.048111,0.050565
8.2796e-08,0.048075,0.05056
8.035e-08,0.048037,0.050557
7.7709e-08,0.047998,0.050555
7.4892e-08,0.047958,0.050556
7.1919e-08,0.047916,0.050559
6.8809e-08,0.047874,0.050564
6.5579e-08,0.04783,0.050571
6.2248e-08,0.047786,0.05058
5.8834e-08,0.047742,0.050591
5.5353e-08,0.047696,0.050605
5.1822e-08,0.047651,0.05062
4.8257e-08,0.047605,0.050638
4.4674e-08,0.04756,0.050658
4.1087e-08,0.047514,0.05068
3.7509e-08,0.047469,0.050704
3.3955e-08,0.047424,0.05073
3.0437e-08,0.04738,0.050758
2.6967e-08,0.047336,0.050788
2.3555e-08,0.047293,0.050819
2.0213e-08,0.047251,0.050853
1.695e-08,0.047211,0.050888
1.3775e-08,0.047171,0.050924
1.0696e-08,0.047133,0.050963
7.72e-09,0.047095,0.051002
4.854e-09,0.04706,0.051043
2.1038e-09,0.047026,0.051085
-5.2537e-10,0.046994,0.051129
-3.0292e-09,0.046963,0.051173
-5.4037e-09,0.046934,0.051219
-7.6461e-09,0.046907,0.051265
-9.7536e-09,0.046882,0.051312
-1.1725e-08,0.046859,0.05136
-1.3558e-08,0.046838,0.051408
-1.5253e-08,0.046819,0.051456
-1.681e-08,0.046802,0.051505
-1.8229e-08,0.046787,0.051555
-1.9511e-08,0.046775,0.051604
-2.0657e-08,0.046764,0.051653
-2.1671e-08,0.046756,0.051702
-2.2553e-08,0.046749,0.051751
-2.3307e-08,0.046745,0.0518
-2.3935e-08,0.046743,0.051849
-2.4442e-08,0.046743,0.051896
-2.4831e-08,0.046745,0.051944
-2.5106e-08,0.046749,0.05199
-2.5271e-08,0.046755,0.052036
-2.5331e-08,0.046763,0.052081
-2.5291e-08,0.046772,0.052125
-2.5155e-08,0.046783,0.052168
-2.4928e-08,0.046796,0.05221
-2.4616e-08,0.046811,0.052251
-2.4224e-08,0.046826,0.052291
-2.3757e-08,0.046844,0.052329
-2.322e-08,0.046862,0.052367
-2.2619e-08,0.046882,0.052402
-2.1959e-08,0.046902,0.052437
-2.1245e-08,0.046924,0.052469
-2.0483e-08,0.046946,0.052501
-1.9678e-08,0.046969,0.052531
-1.8834e-08,0.046992,0.052559
-1.7958e-08,0.047016,0.052586
-1.7054e-08,0.047039,0.052611
-1.6126e-08,0.047063,0.052635
-1.518e-08,0.047087,0.052657
-1.4219e-08,0.047111,0.052677
-1.3249e-08,0.047134,0.052696
-1.2273e-08,0.047156,0.052714
-1.1296e-08,0.047178,0.052729
-1.0321e-08,0.047199,0.052744
-9.3524e-09,0.047219,0.052757
-8.3929e-09,0.047238,0.052768
-7.4461e-09,0.047256,0.052779
-6.515e-09,0.047272,0.052788
-5.6025e-09,0.047287,0.052795
-4.7113e-09,0.0473,0.052802
-3.8437e-09,0.047311,0.052807
-3.002e-09,0.04732,0.052812
-2.1883e-09,0.047328,0.052815
-1.4043e-09,0.047333,0.052818
-6.5167e-10,0.047336,0.05282
6.8137e-11,0.047337,0.052821
7.539e-10,0.047335,0.052821
1.4046e-09,0.047332,0.052821
2.0193e-09,0.047325,0.052821
2.5974e-09,0.047316,0.05282
3.1384e-09,0.047305,0.052819
3.6418e-09,0.047291,0.052817
4.1077e-09,0.047275,0.052816
4.5358e-09,0.047256,0.052814
4.9263e-09,0.047234,0.052813
5.2796e-09,0.04721,0.052812
5.5959e-09,0.047184,0.05281
5.8758e-09,0.047155,0.05281
6.1199e-09,0.047124,0.052809
6.329e-09,0.04709,0.052809
6.5039e-09,0.047054,0.052809
6.6455e-09,0.047016,0.05281
6.7548e-09,0.046976,0.052811
6.833e-09,0.046934,0.052813
6.8812e-09,0.046889,0.052816
6.9006e-09,0.046844,0.052819
6.8925e-09,0.046796,0.052823
6.8582e-09,0.046747,0.052827
6.7991e-09,0.046696,0.052832
6.7165e-09,0.046644,0.052838
6.612e-09,0.046591,0.052845
6.4869e-09,0.046537,0.052852
6.3426e-09,0.046481,0.05286
6.1807e-09,0.046425,0.052868
6.0025e-09,0.046368,0.052877
5.8096e-09,0.046311,0.052887
5.6034e-09,0.046253,0.052897
5.3852e-09,0.046195,0.052908
5.1565e-09,0.046137,0.052919
4.9187e-09,0.046078,0.052931
4.673e-09,0.04602,0.052943
4.4209e-09,0.045962,0.052955
4.1636e-09,0.045904,0.052967
3.9023e-09,0.045846,0.05298
3.6383e-09,0.045789,0.052993
3.3726e-09,0.045732,0.053006
3.1064e-09,0.045676,0.053019
2.8407e-09,0.045621,0.053032
2.5765e-09,0.045567,0.053045
2.3148e-09,0.045513,0.053058
2.0565e-09,0.045461,0.05307
1.8023e-09,0.045409,0.053082
1.5531e-09,0.045359,0.053094
1.3097e-09,0.04531,0.053106
1.0726e-09,0.045262,0.053117
8.4251e-10,0.045215,0.053128
6.1998e-10,0.045169,0.053139
4.055e-10,0.045125,0.053148
1.9952e-10,0.045083,0.053157
2.4335e-12,0.045041,0.053166
-1.8541e-10,0.045001,0.053174
-3.6372e-10,0.044963,0.053181
-5.3226e-10,0.044926,0.053187
-6.9084e-10,0.044891,0.053193
-8.3932e-10,0.044857,0.053198
-9.776e-10,0.044825,0.053202
-1.1056e-09,0.044795,0.053205
-1.2234e-09,0.044766,0.053207
-1.3309e-09,0.044739,0.053208
-1.4282e-09,0.044714,0.053208
-1.5155e-09,0.044691,0.053208
-1.5928e-09,0.044669,0.053206
-1.6603e-09,0.04465,0.053203
-1.7183e-09,0.044632,0.0532
-1.767e-09,0.044617,0.053195
-1.8065e-09,0.044603,0.053189
-1.8373e-09,0.044592,0.053182
-1.8595e-09,0.044582,0.053174
-1.8735e-09,0.044575,0.053165
-1.8796e-09,0.04457,0.053156
-1.8782e-09,0.044567,0.053145
-1.8696e-09,0.044567,0.053133
-1.8542e-09,0.044569,0.05312
-1.8324e-09,0.044573,0.053106
-1.8046e-09,0.04458,0.053091
-1.7711e-09,0.04459,0.053075
-1.7323e-09,0.044602,0.053058
-1.6887e-09,0.044616,0.05304
-1.6407e-09,0.044634,0.053022
-1.5885e-09,0.044654,0.053002
-1.5327e-09,0.044677,0.052982
-1.4736e-09,0.044702,0.05296
-1.4116e-09,0.044731,0.052938
-1.3471e-09,0.044762,0.052916
-1.2804e-09,0.044796,0.052892
-1.2119e-09,0.044834,0.052868
-1.1419e-09,0.044874,0.052843
-1.0709e-09,0.044917,0.052817
-9.99e-10,0.044963,0.052791
-9.2666e-10,0.045012,0.052764
-8.5414e-10,0.045065,0.052736
-7.8173e-10,0.04512,0.052708
-7.0971e-10,0.045178,0.052679
-6.3833e-10,0.045239,0.052649
-5.6784e-10,0.045303,0.052619
-4.9847e-10,0.045371,0.052588
-4.3044e-10,0.045441,0.052557
-3.6394e-10,0.045513,0.052525
-2.9916e-10,0.045589,0.052492
-2.3626e-10,0.045667,0.052459
-1.7541e-10,0.045748,0.052426
-1.1673e-10,0.045831,0.052392
-6.0364e-11,0.045917,0.052357
-6.4063e-12,0.046005,0.052322
4.5043e-11,0.046096,0.052286
9.3905e-11,0.046188,0.052249
1.4011e-10,0.046282,0.052212
1.8361e-10,0.046378,0.052175
2.2436e-10,0.046476,0.052137
2.6233e-10,0.046576,0.052098
2.9751e-10,0.046676,0.052059
3.2989e-10,0.046778,0.052019
3.5948e-10,0.046881,0.051979
3.863e-10,0.046985,0.051938
4.1037e-10,0.047089,0.051897
4.3173e-10,0.047194,0.051855
4.5042e-10,0.047299,0.051813
4.665e-10,0.047404,0.05177
4.8002e-10,0.047509,0.051727
4.9106e-10,0.047613,0.051684
4.997e-10,0.047717,0.05164
5.06e-10,0.04782,0.051596
5.1005e-10,0.047922,0.051551
5.1195e-10,0.048023,0.051507
5.1178e-10,0.048122,0.051462
5.0966e-10,0.04822,0.051417
5.0566e-10,0.048315,0.051372
4.9991e-10,0.048409,0.051327
4.925e-10,0.0485,0.051282
4.8354e-10,0.048589,0.051237
4.7313e-10,0.048675,0.051193
4.6139e-10,0.048758,0.051149
4.4843e-10,0.048838,0.051105
4.3434e-10,0.048915,0.051061
4.1924e-10,0.048988,0.051018
4.0324e-10,0.049058,0.050976
3.8643e-10,0.049124,0.050934
3.6892e-10,0.049186,0.050893
3.5081e-10,0.049244,0.050854
3.322e-10,0.049298,0.050815
3.1318e-10,0.049348,0.050777
2.9385e-10,0.049394,0.05074
2.7429e-10,0.049434,0.050705
2.5459e-10,0.049471,0.050671
2.3484e-10,0.049503,0.050639
2.151e-10,0.04953,0.050608
1.9547e-10,0.049552,0.05058
1.76e-10,0.04957,0.050553
1.5677e-10,0.049583,0.050528
1.3784e-10,0.049592,0.050505
1.1926e-10,0.049595,0.050484
1.011e-10,0.049594,0.050465
8.3397e-11,0.049588,0.050449
6.6205e-11,0.049578,0.050436
4.9565e-11,0.049563,0.050424
3.3515e-11,0.049544,0.050416
1.8089e-11,0.04952,0.05041
3.3172e-12,0.049492,0.050408
-1.0774e-11,0.04946,0.050408
-2.4163e-11,0.049423,0.050411
-3.683e-11,0.049383,0.050417
-4.876e-11,0.049339,0.050426
-5.9943e-11,0.049291,0.050439
-7.037e-11,0.049239,0.050455
-8.0037e-11,0.049185,0.050473
-8.8941e-11,0.049127,0.050496
-9.7085e-11,0.049065,0.050521
-1.0447e-10,0.049002,0.05055
-1.1111e-10,0.048935,0.050582
-1.1701e-10,0.048866,0.050617
-1.2218e-10,0.048794,0.050656
-1.2664e-10,0.048721,0.050697
-1.304e-10,0.048646,0.050742
-1.3348e-10,0.048569,0.050791
-1.359e-10,0.04849,0.050842
-1.3768e-10,0.048411,0.050896
-1.3885e-10,0.04833,0.050953
-1.3943e-10,0.048249,0.051013
-1.3945e-10,0.048167,0.051076
-1.3893e-10,0.048084,0.051141
-1.3789e-10,0.048002,0.051209
-1.3638e-10,0.047919,0.051279
-1.344e-10,0.047837,0.051352
-1.3201e-10,0.047756,0.051426
-1.2922e-10,0.047675,0.051503
-1.2606e-10,0.047594,0.051581
-1.2256e-10,0.047515,0.051661
-1.1875e-10,0.047438,0.051742
-1.1467e-10,0.047361,0.051824
-1.1033e-10,0.047287,0.051908
-1.0578e-10,0.047214,0.051992
-1.0103e-10,0.047143,0.052078
-9.6111e-11,0.047075,0.052163
-9.1054e-11,0.047008,0.052249
-8.5884e-11,0.046944,0.052335
-8.0626e-11,0.046883,0.052421
-7.5303e-11,0.046825,0.052507
-6.9941e-11,0.046769,0.052592
-6.456e-11,0.046716,0.052676
-5.9183e-11,0.046666,0.052759
-5.383e-11,0.04662,0.052842
-4.8522e-11,0.046577,0.052922
-4.3275e-11,0.046537,0.053002
-3.8107e-11,0.0465,0.053079
-3.3036e-11,0.046467,0.053155
-2.8075e-11,0.046438,0.053229
-2.3238e-11,0.046412,0.0533
-1.8539e-11,0.04639,0.053369
-1.3989e-11,0.046372,0.053435
-9.5992e-12,0.046357,0.053499
-5.378e-12,0.046346,0.053559
-1.3341e-12,0.046339,0.053617
2.5251e-12,0.046335,0.053671
6.1935e-12,0.046336,0.053722
9.6658e-12,0.04634,0.05377
1.2938e-11,0.046348,0.053814
1.6007e-11,0.046359,0.053855
1.887e-11,0.046375,0.053892
2.1526e-11,0.046394,0.053925
2.3974e-11,0.046416,0.053955
2.6215e-11,0.046442,0.05398
2.825e-11,0.046472,0.054002
3.008e-11,0.046505,0.05402
3.1709e-11,0.046541,0.054034
3.3139e-11,0.046581,0.054044
3.4374e-11,0.046624,0.05405
3.5419e-11,0.04667,0.054052
3.6278e-11,0.046719,0.054051
3.6957e-11,0.04677,0.054046
3.7462e-11,0.046825,0.054037
3.7799e-11,0.046882,0.054024
3.7974e-11,0.046941,0.054008
3.7994e-11,0.047003,0.053989
3.7868e-11,0.047066,0.053966
3.7601e-11,0.047132,0.05394
3.7202e-11,0.0472,0.05391
3.6678e-11,0.047269,0.053878
3.6037e-11,0.04734,0.053843
3.5288e-11,0.047412,0.053805
3.4438e-11,0.047485,0.053765
3.3495e-11,0.047559,0.053722
3.2467e-11,0.047634,0.053677
3.1362e-11,0.047709,0.05363
3.0189e-11,0.047785,0.053581
2.8953e-11,0.047861,0.05353
2.7665e-11,0.047936,0.053478
2.633e-11,0.048012,0.053424
2.4956e-11,0.048087,0.053369
2.3551e-11,0.048161,0.053313
2.2121e-11,0.048234,0.053256
2.0673e-11,0.048307,0.053198
1.9213e-11,0.048378,0.05314
1.7747e-11,0.048448,0.053082
1.6282e-11,0.048516,0.053023
1.4823e-11,0.048582,0.052965
1.3375e-11,0.048646,0.052906
1.1944e-11,0.048709,0.052848
1.0533e-11,0.048769,0.052791
9.1488e-12,0.048826,0.052734
7.7939e-12,0.048881,0.052678
6.4725e-12,0.048934,0.052623
5.1882e-12,0.048983,0.052568
3.9442e-12,0.04903,0.052516
2.7433e-12,0.049073,0.052464
1.5883e-12,0.049113,0.052414
4.813e-13,0.04915,0.052365
-5.7558e-13,0.049184,0.052318
-1.5806e-12,0.049214,0.052272
-2.5325e-12,0.049241,0.052228
-3.4298e-12,0.049265,0.052186
-4.2719e-12,0.049285,0.052146
-5.0579e-12,0.049301,0.052108
-5.7876e-12,0.049314,0.052072
-6.4608e-12,0.049323,0.052037
-7.0774e-12,0.049328,0.052005
-7.6378e-12,0.04933,0.051975
-8.1425e-12,0.049329,0.051946
-8.5921e-12,0.049324,0.05192
-8.9876e-12,0.049315,0.051895
-9.3298e-12,0.049303,0.051873
-9.62e-12,0.049288,0.051852
-9.8595e-12,0.049269,0.051834
-1.005e-11,0.049248,0.051817
-1.0192e-11,0.049223,0.051802
-1.0289e-11,0.049195,0.051789
-1.0341e-11,0.049164,0.051778
-1.0352e-11,0.049131,0.051768
-1.0321e-11,0.049094,0.05176
-1.0253e-11,0.049056,0.051754
-1.0148e-11,0.049014,0.051749
-1.0009e-11,0.048971,0.051745
-9.8376e-12,0.048925,0.051743
-9.6366e-12,0.048877,0.051742
-9.4079e-12,0.048827,0.051742
-9.1537e-12,0.048775,0.051744
-8.8761e-12,0.048722,0.051746
-8.5773e-12,0.048667,0.05175
-8.2595e-12,0.048611,0.051755
-7.9248e-12,0.048553,0.05176
-7.5753e-12,0.048494,0.051766
-7.2129e-12,0.048435,0.051773
-6.8398e-12,0.048374,0.051781
-6.4578e-12,0.048313,0.051789
-6.0689e-12,0.048251,0.051798
-5.6748e-12,0.048189,0.051807
-5.2773e-12,0.048127,0.051817
-4.8782e-12,0.048064,0.051827
-4.479e-12,0.048002,0.051838
-4.0812e-12,0.047939,0.051848
-3.6864e-12,0.047877,0.051859
-3.2959e-12,0.047815,0.05187
-2.9111e-12,0.047753,0.051881
-2.5331e-12,0.047692,0.051892
-2.163e-12,0.047632,0.051903
-1.802e-12,0.047573,0.051914
-1.451e-12,0.047514,0.051925
-1.1109e-12,0.047457,0.051936
-7.8245e-13,0.0474,0.051946
-4.664e-13,0.047345,0.051957
-1.6338e-13,0.047291,0.051967
1.2604e-13,0.047239,0.051977
4.0139e-13,0.047188,0.051986
6.6228e-13,0.047138,0.051995
9.0837e-13,0.04709,0.052004
1.1394e-12,0.047044,0.052012
1.3552e-12,0.046999,0.05202
1.5557e-12,0.046957,0.052028
1.7407e-12,0.046916,0.052035
1.9104e-12,0.046877,0.052042
2.0647e-12,0.046839,0.052048
2.2039e-12,0.046804,0.052054
2.328e-12,0.046771,0.052059
2.4373e-12,0.046739,0.052064
2.5321e-12,0.04671,0.052068
2.6127e-12,0.046683,0.052071
2.6794e-12,0.046657,0.052074
2.7327e-12,0.046634,0.052077
2.7729e-12,0.046613,0.052079
2.8006e-12,0.046593,0.05208
2.8162e-12,0.046576,0.052081
2.8201e-12,0.04656,0.052081
2.8131e-12,0.046546,0.052081
2.7955e-12,0.046535,0.05208
2.768e-12,0.046524,0.052079
2.7311e-12,0.046516,0.052077
2.6854e-12,0.046509,0.052075
2.6315e-12,0.046504,0.052072
2.57e-12,0.0465,0.052068
2.5015e-12,0.046498,0.052065
2.4265e-12,0.046497,0.05206
2.3457e-12,0.046497,0.052055
2.2597e-12,0.046498,0.05205
2.169e-12,0.046501,0.052044
2.0742e-12,0.046504,0.052038
1.9758e-12,0.046508,0.052032
1.8745e-12,0.046513,0.052025
1.7707e-12,0.046519,0.052018
1.6649e-12,0.046525,0.05201
1.5577e-12,0.046532,0.052002
1.4495e-12,0.046539,0.051994
1.3408e-12,0.046547,0.051985
1.232e-12,0.046554,0.051976
1.1236e-12,0.046562,0.051967
1.0159e-12,0.046569,0.051957
9.0941e-13,0.046577,0.051947
8.0438e-13,0.046584,0.051937
7.0119e-13,0.046591,0.051927
6.0013e-13,0.046597,0.051916
5.0151e-13,0.046603,0.051905
4.0558e-13,0.046609,0.051894
3.1259e-13,0.046614,0.051883
2.2276e-13,0.046618,0.051872
1.3628e-13,0.046622,0.05186
5.3343e-14,0.046625,0.051849
-2.591e-14,0.046627,0.051837
-1.0135e-13,0.046628,0.051825
-1.7285e-13,0.046629,0.051812
-2.4033e-13,0.046629,0.0518
-3.0372e-13,0.046628,0.051787
-3.6296e-13,0.046626,0.051775
-4.1803e-13,0.046623,0.051762
-4.689e-13,0.046619,0.051749
-5.1557e-13,0.046614,0.051736
-5.5807e-13,0.046609,0.051723
-5.9642e-13,0.046603,0.05171
-6.3067e-13,0.046596,0.051697
-6.6089e-13,0.046588,0.051683
-6.8714e-13,0.04658,0.05167
-7.0951e-13,0.04657,0.051656
-7.281e-13,0.046561,0.051643
-7.4301e-13,0.04655,0.051629
-7.5435e-13,0.046539,0.051615
-7.6226e-13,0.046528,0.051601
-7.6685e-13,0.046516,0.051587
-7.6828e-13,0.046503,0.051572
-7.6667e-13,0.046491,0.051558
-7.6219e-13,0.046478,0.051544
-7.5498e-13,0.046464,0.051529
-7.452e-13,0.046451,0.051514
-7.3301e-13,0.046437,0.051499
-7.1856e-13,0.046423,0.051484
-7.0203e-13,0.04641,0.051469
-6.8356e-13,0.046396,0.051454
-6.6332e-13,0.046382,0.051438
-6.4148e-13,0.046368,0.051422
-6.1819e-13,0.046355,0.051406
-5.9362e-13,0.046342,0.05139
-5.679e-13,0.046329,0.051374
-5.4121e-13,0.046316,0.051357
-5.1368e-13,0.046304,0.05134
-4.8547e-13,0.046292,0.051323
-4.567e-13,0.04628,0.051306
-4.2753e-13,0.046269,0.051288
-3.9808e-13,0.046259,0.05127
-3.6848e-13,0.046249,0.051252
-3.3884e-13,0.046239,0.051234
-3.0929e-13,0.04623,0.051215
-2.7994e-13,0.046222,0.051196
-2.5088e-13,0.046215,0.051176
-2.2223e-13,0.046208,0.051157
-1.9406e-13,0.046202,0.051137
-1.6646e-13,0.046197,0.051116
-1.3952e-13,0.046192,0.051095
-1.133e-13,0.046189,0.051074
-8.7878e-14,0.046186,0.051052
-6.3311e-14,0.046184,0.05103
-3.9652e-14,0.046183,0.051008
-1.695e-14,0.046183,0.050985
4.751e-15,0.046183,0.050962
2.5416e-14,0.046185,0.050939
4.5012e-14,0.046188,0.050915
6.3516e-14,0.046192,0.050891
8.0907e-14,0.046196,0.050866
9.7169e-14,0.046202,0.050841
1.1229e-13,0.046209,0.050816
1.2628e-13,0.046217,0.05079
1.3912e-13,0.046226,0.050765
1.5082e-13,0.046236,0.050739
1.6139e-13,0.046247,0.050712
1.7084e-13,0.04626,0.050686
1.7919e-13,0.046273,0.05066
1.8646e-13,0.046288,0.050633
1.9267e-13,0.046304,0.050606
1.9784e-13,0.046322,0.05058
2.0201e-13,0.04634,0.050553
2.052e-13,0.04636,0.050527
2.0746e-13,0.046381,0.0505
2.0881e-13,0.046403,0.050474
2.0929e-13,0.046427,0.050448
2.0894e-13,0.046452,0.050422
2.078e-13,0.046479,0.050397
2.0592e-13,0.046506,0.050372
2.0333e-13,0.046535,0.050347
2.0008e-13,0.046566,0.050323
1.962e-13,0.046597,0.0503
1.9176e-13,0.04663,0.050277
1.8678e-13,0.046665,0.050255
1.8132e-13,0.046701,0.050233
1.7542e-13,0.046737,0.050212
1.6912e-13,0.046776,0.050192
1.6246e-13,0.046815,0.050173
1.5548e-13,0.046856,0.050155
1.4824e-13,0.046898,0.050137
1.4076e-13,0.046941,0.050121
1.3309e-13,0.046985,0.050105
1.2527e-13,0.04703,0.050091
1.1734e-13,0.047076,0.050077
1.0932e-13,0.047123,0.050065
1.0126e-13,0.04717,0.050053
9.3186e-14,0.047219,0.050043
8.5133e-14,0.047268,0.050034
7.7129e-14,0.047318,0.050026
6.9204e-14,0.047369,0.050019
6.1384e-14,0.04742,0.050013
5.3694e-14,0.047471,0.050009
4.6158e-14,0.047523,0.050005
3.8798e-14,0.047574,0.050003
3.1634e-14,0.047626,0.050002
2.4684e-14,0.047678,0.050002
1.7966e-14,0.04773,0.050003
1.1493e-14,0.047782,0.050005
5.2797e-15,0.047834,0.050008
-6.6233e-16,0.047885,0.050013
-6.3229e-15,0.047935,0.050018
-1.1693e-14,0.047985,0.050025
-1.6767e-14,0.048035,0.050032
-2.1538e-14,0.048083,0.050041
-2.6002e-14,0.048131,0.050051
-3.0156e-14,0.048177,0.050061
-3.3999e-14,0.048223,0.050073
-3.753e-14,0.048267,0.050085
-4.0751e-14,0.04831,0.050099
-4.3664e-14,0.048351,0.050113
-4.6272e-14,0.048391,0.050129
-4.858e-14,0.048429,0.050145
-5.0592e-14,0.048466,0.050162
-5.2314e-14,0.0485,0.05018
-5.3754e-14,0.048533,0.050199
-5.4919e-14,0.048563,0.050219
-5.5818e-14,0.048591,0.050239
-5.6459e-14,0.048617,0.050261
-5.6853e-14,0.048641,0.050283
-5.701e-14,0.048662,0.050306
-5.6939e-14,0.048681,0.05033
-5.6652e-14,0.048697,0.050354
-5.616e-14,0.04871,0.05038
-5.5475e-14,0.04872,0.050406
-5.4608e-14,0.048728,0.050433
-5.3572e-14,0.048733,0.05046
-5.2377e-14,0.048735,0.050488
-5.1037e-14,0.048734,0.050517
-4.9563e-14,0.048729,0.050546
-4.7967e-14,0.048722,0.050576
-4.6262e-14,0.048712,0.050607
-4.4458e-14,0.048698,0.050638
-4.2567e-14,0.048682,0.05067
-4.0601e-14,0.048662,0.050702
-3.8571e-14,0.048639,0.050735
-3.6487e-14,0.048614,0.050768
-3.4361e-14,0.048585,0.050801
-3.2202e-14,0.048553,0.050836
-3.002e-14,0.048518,0.05087
-2.7825e-14,0.048481,0.050905
-2.5625e-14,0.04844,0.05094
-2.343e-14,0.048397,0.050976
-2.1248e-14,0.048351,0.051012
-1.9087e-14,0.048303,0.051048
-1.6953e-14,0.048252,0.051085
-1.4854e-14,0.048199,0.051122
-1.2796e-14,0.048144,0.051159
-1.0786e-14,0.048087,0.051196
-8.8279e-15,0.048028,0.051234
-6.9281e-15,0.047968,0.051272
-5.0907e-15,0.047906,0.05131
-3.32e-15,0.047843,0.051348
-1.6195e-15,0.047778,0.051387
7.3712e-18,0.047713,0.051426
1.5579e-15,0.047646,0.051465
3.0296e-15,0.04758,0.051504
4.4206e-15,0.047512,0.051544
5.7293e-15,0.047445,0.051584
6.9545e-15,0.047377,0.051623
8.0954e-15,0.04731,0.051664
9.1515e-15,0.047244,0.051704
1.0123e-14,0.047177,0.051745
1.101e-14,0.047112,0.051785
1.1812e-14,0.047048,0.051826
1.2532e-14,0.046985,0.051867
1.3169e-14,0.046923,0.051909
1.3726e-14,0.046863,0.05195
1.4204e-14,0.046804,0.051992
1.4604e-14,0.046748,0.052033
1.493e-14,0.046693,0.052075
1.5182e-14,0.046641,0.052117
1.5365e-14,0.046591,0.052159
1.5479e-14,0.046544,0.0522
1.5529e-14,0.0465,0.052242
1.5516e-14,0.046458,0.052284
1.5444e-14,0.046419,0.052325
1.5316e-14,0.046383,0.052366
1.5135e-14,0.04635,0.052407
1.4904e-14,0.046321,0.052448
1.4627e-14,0.046294,0.052488
1.4306e-14,0.046271,0.052527
1.3945e-14,0.046251,0.052566
1.3547e-14,0.046235,0.052605
1.3116e-14,0.046222,0.052642
1.2654e-14,0.046212,0.052679
1.2166e-14,0.046206,0.052715
1.1653e-14,0.046203,0.05275
1.112e-14,0.046204,0.052784
1.0568e-14,0.046208,0.052817
1.0002e-14,0.046215,0.052848
9.424e-15,0.046225,0.052878
8.8367e-15,0.046239,0.052906
8.2429e-15,0.046256,0.052933
7.6452e-15,0.046276,0.052958
7.0461e-15,0.046299,0.052982
6.4479e-15,0.046325,0.053003
5.853e-15,0.046354,0.053023
5.2634e-15,0.046386,0.05304
4.6812e-15,0.04642,0.053055
4.1083e-15,0.046457,0.053068
3.5464e-15,0.046497,0.053079
2.9973e-15,0.046538,0.053088
2.4623e-15,0.046582,0.053094
1.943e-15,0.046628,0.053097
1.4406e-15,0.046675,0.053098
9.5616e-16,0.046725,0.053097
4.908e-16,0.046776,0.053093
4.5383e-17,0.046828,0.053086
-3.793e-16,0.046882,0.053077
-7.826e-16,0.046937,0.053065
-1.1639e-15,0.046993,0.05305
-1.5229e-15,0.04705,0.053033
-1.8592e-15,0.047108,0.053014
-2.1725e-15,0.047166,0.052991
-2.4627e-15,0.047224,0.052967
-2.7298e-15,0.047283,0.052939
-2.9739e-15,0.047342,0.05291
-3.195e-15,0.0474,0.052878
-3.3935e-15,0.047459,0.052843
-3.5696e-15,0.047517,0.052807
-3.7236e-15,0.047574,0.052768
-3.8561e-15,0.047631,0.052728
-3.9675e-15,0.047687,0.052685
-4.0583e-15,0.047742,0.052641
-4.1293e-15,0.047796,0.052595
-4.181e-15,0.047848,0.052548
-4.2142e-15,0.047899,0.052499
-4.2296e-15,0.047949,0.05245
-4.2279e-15,0.047996,0.052399
-4.2101e-15,0.048042,0.052347
-4.1768e-15,0.048086,0.052294
-4.129e-15,0.048128,0.052241
-4.0676e-15,0.048168,0.052187
-3.9933e-15,0.048205,0.052134
-3.9072e-15,0.048241,0.05208
-3.81e-15,0.048273,0.052026
-3.7027e-15,0.048303,0.051972
-3.5862e-15,0.048331,0.051919
-3.4613e-15,0.048355,0.051866
-3.329e-15,0.048377,0.051814
-3.19e-15,0.048397,0.051763
-3.0453e-15,0.048413,0.051713
-2.8956e-15,0.048426,0.051664
-2.7417e-15,0.048436,0.051617
-2.5846e-15,0.048444,0.051571
-2.4248e-15,0.048448,0.051527
-2.2632e-15,0.048449,0.051485
-2.1005e-15,0.048448,0.051445
-1.9373e-15,0.048443,0.051407
-1.7743e-15,0.048435,0.051371
-1.6121e-15,0.048424,0.051337
-1.4513e-15,0.048411,0.051306
-1.2924e-15,0.048394,0.051278
-1.1361e-15,0.048374,0.051252
-9.8265e-16,0.048352,0.051229
-8.3265e-16,0.048327,0.051208
-6.8648e-16,0.048299,0.051191
-5.4453e-16,0.048269,0.051176
-4.0714e-16,0.048236,0.051165
-2.7463e-16,0.048201,0.051156
-1.4728e-16,0.048164,0.05115
-2.534e-17,0.048124,0.051148
9.0976e-17,0.048083,0.051148
2.0148e-16,0.048039,0.051151
3.0603e-16,0.047994,0.051158
4.0449e-16,0.047947,0.051167
4.9676e-16,0.047899,0.051179
5.828e-16,0.047849,0.051194
6.6255e-16,0.047799,0.051212
7.36e-16,0.047747,0.051233
8.0317e-16,0.047694,0.051256
8.641e-16,0.047641,0.051282
9.1883e-16,0.047587,0.051311
9.6745e-16,0.047533,0.051342
1.0101e-15,0.047479,0.051375
1.0468e-15,0.047425,0.051411
1.0777e-15,0.047371,0.051448
1.1031e-15,0.047317,0.051488
1.123e-15,0.047264,0.05153
1.1377e-15,0.047212,0.051573
1.1473e-15,0.04716,0.051618
1.152e-15,0.04711,0.051665
1.152e-15,0.04706,0.051713
1.1476e-15,0.047013,0.051762
1.139e-15,0.046966,0.051812
1.1264e-15,0.046922,0.051864
1.1101e-15,0.046879,0.051916
1.0902e-15,0.046838,0.051969
1.0671e-15,0.046799,0.052022
1.0409e-15,0.046762,0.052076
1.012e-15,0.046727,0.052131
9.8051e-16,0.046695,0.052186
9.4673e-16,0.046665,0.05224
9.1089e-16,0.046638,0.052295
8.7321e-16,0.046613,0.05235
8.3394e-16,0.046591,0.052404
7.933e-16,0.046572,0.052458
7.5151e-16,0.046556,0.052512
7.0878e-16,0.046542,0.052565
6.6533e-16,0.046532,0.052618
6.2135e-16,0.046524,0.052669
5.7704e-16,0.046519,0.05272
5.3259e-16,0.046517,0.05277
4.8817e-16,0.046518,0.052819
4.4396e-16,0.046521,0.052867
4.001e-16,0.046528,0.052913
3.5677e-16,0.046538,0.052959
3.1409e-16,0.04655,0.053003
2.7221e-16,0.046565,0.053046
2.3124e-16,0.046583,0.053088
1.913e-16,0.046603,0.053128
1.525e-16,0.046626,0.053166
1.1493e-16,0.046651,0.053203
7.8688e-17,0.046679,0.053239
4.3839e-17,0.046709,0.053273
1.0457e-17,0.046742,0.053306
-2.1399e-17,0.046776,0.053336
-5.1678e-17,0.046812,0.053366
-8.0336e-17,0.046851,0.053393
-1.0734e-16,0.046891,0.053419
-1.3266e-16,0.046932,0.053443
-1.5629e-16,0.046975,0.053466
-1.782e-16,0.04702,0.053487
-1.984e-16,0.047065,0.053506
-2.1688e-16,0.047112,0.053524
-2.3366e-16,0.047159,0.05354
-2.4875e-16,0.047207,0.053554
-2.6218e-16,0.047256,0.053567
-2.7397e-16,0.047305,0.053578
-2.8414e-16,0.047354,0.053588
-2.9275e-16,0.047404,0.053596
-2.9982e-16,0.047453,0.053602
-3.054e-16,0.047502,0.053607
-3.0955e-16,0.047551,0.053611
-3.1231e-16,0.047599,0.053613
-3.1373e-16,0.047647,0.053614
-3.1388e-16,0.047694,0.053613
-3.1281e-16,0.047739,0.053611
-3.1059e-16,0.047784,0.053608
-3.0728e-16,0.047827,0.053603
-3.0293e-16,0.04787,0.053597
-2.9762e-16,0.04791,0.05359
-2.9142e-16,0.047949,0.053582
-2.8438e-16,0.047986,0.053573
-2.7658e-16,0.048022,0.053563
-2.6807e-16,0.048055,0.053551
-2.5894e-16,0.048087,0.053539
-2.4923e-16,0.048117,0.053526
-2.3902e-16,0.048144,0.053511
-2.2836e-16,0.048169,0.053496
-2.1733e-16,0.048192,0.05348
-2.0598e-16,0.048213,0.053463
-1.9436e-16,0.048231,0.053446
-1.8255e-16,0.048247,0.053427
-1.7058e-16,0.048261,0.053408
-1.5852e-16,0.048272,0.053388
-1.4641e-16,0.048281,0.053368
-1.343e-16,0.048287,0.053347
-1.2225e-16,0.048292,0.053325
-1.1029e-16,0.048293,0.053303
-9.8469e-17,0.048293,0.05328
-8.6822e-17,0.048291,0.053257
-7.5387e-17,0.048286,0.053233
-6.4198e-17,0.048279,0.053209
-5.3286e-17,0.04827,0.053185
-4.2682e-17,0.04826,0.05316
-3.241e-17,0.048247,0.053135
-2.2496e-17,0.048232,0.053109
-1.296e-17,0.048216,0.053083
-3.8215e-18,0.048199,0.053057
4.9026e-18,0.04818,0.053031
1.3198e-17,0.048159,0.053005
2.1054e-17,0.048137,0.052979
2.846e-17,0.048114,0.052952
3.5408e-17,0.04809,0.052925
4.1894e-17,0.048065,0.052899
4.7915e-17,0.04804,0.052872
5.3468e-17,0.048013,0.052846
5.8554e-17,0.047986,0.052819
6.3176e-17,0.047959,0.052793
6.7337e-17,0.047931,0.052767
7.1044e-17,0.047903,0.052741
7.4303e-17,0.047875,0.052715
7.7123e-17,0.047847,0.05269
7.9513e-17,0.047819,0.052665
8.1484e-17,0.047791,0.05264
8.3049e-17,0.047764,0.052616
8.4221e-17,0.047737,0.052592
8.5013e-17,0.04771,0.052568
8.544e-17,0.047684,0.052546
8.5518e-17,0.047658,0.052523
8.5262e-17,0.047633,0.052501
8.469e-17,0.047609,0.05248
8.3819e-17,0.047586,0.052459
8.2665e-17,0.047563,0.052439
8.1247e-17,0.047541,0.05242
7.9582e-17,0.047521,0.052401
7.7689e-17,0.047501,0.052383
7.5585e-17,0.047482,0.052366
7.3288e-17,0.047464,0.05235
7.0817e-17,0.047447,0.052334
6.8189e-17,0.047431,0.052319
6.5422e-17,0.047416,0.052305
6.2532e-17,0.047402,0.052291
5.9537e-17,0.047389,0.052278
5.6453e-17,0.047377,0.052267
5.3296e-17,0.047366,0.052255
5.0082e-17,0.047355,0.052245
4.6825e-17,0.047346,0.052235
4.3541e-17,0.047337,0.052226
4.0244e-17,0.047329,0.052218
3.6946e-17,0.047322,0.052211
3.366e-17,0.047316,0.052204
3.0399e-17,0.04731,0.052198
2.7174e-17,0.047305,0.052193
2.3995e-17,0.047301,0.052188
2.0873e-17,0.047297,0.052184
1.7818e-17,0.047293,0.052181
1.4837e-17,0.04729,0.052178
1.1938e-17,0.047287,0.052175
9.1298e-18,0.047285,0.052173
6.4181e-18,0.047282,0.052172
3.8089e-18,0.04728,0.052171
1.3075e-18,0.047279,0.05217
-1.0816e-18,0.047277,0.05217
-3.3544e-18,0.047275,0.05217
-5.5076e-18,0.047274,0.052171
-7.5386e-18,0.047272,0.052171
-9.4451e-18,0.04727,0.052172
-1.1226e-17,0.047268,0.052173
-1.288e-17,0.047266,0.052174
-1.4406e-17,0.047263,0.052175
-1.5806e-17,0.047261,0.052177
-1.7079e-17,0.047258,0.052178
-1.8226e-17,0.047254,0.052179
-1.9249e-17,0.04725,0.05218
-2.015e-17,0.047245,0.052181
-2.0931e-17,0.04724,0.052182
-2.1595e-17,0.047235,0.052182
-2.2144e-17,0.047228,0.052182
-2.2582e-17,0.047221,0.052182
-2.2913e-17,0.047213,0.052182
-2.314e-17,0.047204,0.052181
-2.3267e-17,0.047195,0.05218
-2.3298e-17,0.047184,0.052178
-2.3238e-17,0.047172,0.052176
-2.3092e-17,0.047159,0.052174
-2.2863e-17,0.047146,0.05217
-2.2557e-17,0.047131,0.052166
-2.2178e-17,0.047114,0.052162
-2.1732e-17,0.047097,0.052157
-2.1223e-17,0.047078,0.052151
-2.0656e-17,0.047058,0.052145
-2.0035e-17,0.047036,0.052137
-1.9367e-17,0.047013,0.052129
-1.8656e-17,0.046989,0.052121
-1.7906e-17,0.046963,0.052111
-1.7122e-17,0.046936,0.052101
-1.6309e-17,0.046907,0.05209
-1.5471e-17,0.046876,0.052078
-1.4613e-17,0.046844,0.052065
-1.3739e-17,0.046811,0.052052
-1.2853e-17,0.046776,0.052037
-1.1959e-17,0.046739,0.052022
-1.1061e-17,0.046701,0.052006
-1.0163e-17,0.046661,0.051989
-9.267e-18,0.04662,0.051972
-8.3778e-18,0.046578,0.051953
-7.498e-18,0.046534,0.051934
-6.6306e-18,0.046489,0.051915
-5.7783e-18,0.046442,0.051894
-4.9438e-18,0.046395,0.051873
-4.1294e-18,0.046346,0.051851
-3.3373e-18,0.046297,0.051829
-2.5695e-18,0.046246,0.051806
-1.8278e-18,0.046195,0.051783
-1.1139e-18,0.046144,0.051759
-4.2921e-19,0.046092,0.051735
2.25e-19,0.046039,0.051711
8.4764e-19,0.045986,0.051686
1.4378e-18,0.045934,0.051661
1.9947e-18,0.045881,0.051636
2.5178e-18,0.045829,0.051611
3.0067e-18,0.045777,0.051585
3.461e-18,0.045726,0.05156
3.8806e-18,0.045676,0.051535
4.2656e-18,0.045626,0.05151
4.6161e-18,0.045578,0.051485
4.9324e-18,0.045531,0.051461
5.2148e-18,0.045485,0.051436
5.4638e-18,0.045441,0.051413
5.6801e-18,0.045399,0.051389
5.8644e-18,0.045359,0.051366
6.0174e-18,0.045321,0.051344
6.1401e-18,0.045286,0.051322
6.2333e-18,0.045252,0.051301
6.2981e-18,0.045222,0.051281
6.3356e-18,0.045194,0.051261
6.347e-18,0.045169,0.051242
6.3333e-18,0.045147,0.051224
6.2959e-18,0.045128,0.051207
6.236e-18,0.045112,0.051191
6.1548e-18,0.045099,0.051175
6.0538e-18,0.045089,0.051161
5.9341e-18,0.045083,0.051147
5.7972e-18,0.04508,0.051135
5.6444e-18,0.045081,0.051123
5.477e-18,0.045085,0.051112
5.2964e-18,0.045092,0.051103
5.1038e-18,0.045103,0.051094
4.9006e-18,0.045118,0.051086
4.688e-18,0.045135,0.05108
4.4674e-18,0.045156,0.051074
4.2399e-18,0.045181,0.051069
4.0067e-18,0.045208,0.051065
3.769e-18,0.045239,0.051062
3.528e-18,0.045273,0.051061
3.2847e-18,0.04531,0.051059
3.0401e-18,0.04535,0.051059
2.7953e-18,0.045392,0.05106
2.5513e-18,0.045438,0.051061
2.3088e-18,0.045486,0.051064
2.0688e-18,0.045536,0.051066
1.8321e-18,0.045589,0.05107
1.5995e-18,0.045644,0.051074
1.3716e-18,0.045701,0.051079
1.1492e-18,0.045761,0.051084
9.3271e-19,0.045822,0.05109
7.2282e-19,0.045884,0.051096
5.1999e-19,0.045949,0.051103
3.2468e-19,0.046014,0.05111
1.3729e-19,0.046081,0.051117
-4.1833e-20,0.046149,0.051125
-2.1239e-19,0.046218,0.051132
-3.7412e-19,0.046288,0.05114
-5.2682e-19,0.046359,0.051147
-6.7032e-19,0.04643,0.051155
-8.0451e-19,0.046502,0.051163
-9.2929e-19,0.046574,0.05117
-1.0446e-18,0.046646,0.051177
-1.1505e-18,0.046719,0.051184
-1.247e-18,0.046791,0.051191
-1.3342e-18,0.046863,0.051197
-1.4122e-18,0.046935,0.051203
-1.481e-18,0.047007,0.051209
-1.5409e-18,0.047078,0.051214
-1.592e-18,0.047149,0.051218
-1.6347e-18,0.047218,0.051222
-1.669e-18,0.047288,0.051226
-1.6952e-18,0.047356,0.051228
-1.7138e-18,0.047424,0.05123
-1.7248e-18,0.04749,0.051232
-1.7287e-18,0.047556,0.051232
-1.7257e-18,0.04762,0.051232
-1.7162e-18,0.047683,0.051231
-1.7006e-18,0.047745,0.05123
-1.6791e-18,0.047806,0.051227
-1.6522e-18,0.047865,0.051224
-1.6202e-18,0.047922,0.051219
-1.5835e-18,0.047979,0.051214
-1.5423e-18,0.048033,0.051208
-1.4972e-18,0.048086,0.051202
-1.4484e-18,0.048138,0.051194
-1.3963e-18,0.048187,0.051185
-1.3413e-18,0.048235,0.051176
-1.2837e-18,0.048282,0.051166
-1.2239e-18,0.048326,0.051154
-1.1622e-18,0.048368,0.051142
-1.0989e-18,0.048409,0.051129
-1.0343e-18,0.048448,0.051116
-9.6881e-19,0.048484,0.051101
-9.0265e-19,0.048519,0.051086
-8.3611e-19,0.048551,0.05107
-7.6949e-19,0.048582,0.051053
-7.0303e-19,0.048611,0.051035
-6.3699e-19,0.048637,0.051017
-5.716e-19,0.048661,0.050998
-5.0708e-19,0.048683,0.050979
-4.4365e-19,0.048703,0.050959
-3.8148e-19,0.048721,0.050938
-3.2077e-19,0.048737,0.050917
-2.6168e-19,0.048751,0.050896
-2.0436e-19,0.048762,0.050874
-1.4895e-19,0.048771,0.050852
-9.5572e-20,0.048779,0.05083
-4.4335e-20,0.048784,0.050808
4.6639e-21,0.048786,0.050786
5.134e-20,0.048787,0.050764
9.5624e-20,0.048786,0.050742
1.3746e-19,0.048782,0.05072
1.7679e-19,0.048777,0.050699
2.136e-19,0.04877,0.050678
2.4785e-19,0.04876,0.050658
2.7954e-19,0.048749,0.050638
3.0867e-19,0.048735,0.050619
3.3523e-19,0.04872,0.050601
3.5926e-19,0.048703,0.050583
3.8078e-19,0.048684,0.050567
3.9982e-19,0.048663,0.050552
4.1643e-19,0.048641,0.050538
4.3066e-19,0.048617,0.050525
4.4257e-19,0.048591,0.050514
4.5221e-19,0.048564,0.050505
4.5967e-19,0.048535,0.050497
4.6501e-19,0.048505,0.05049
4.6832e-19,0.048473,0.050486
4.6967e-19,0.04844,0.050483
4.6916e-19,0.048406,0.050483
4.6688e-19,0.048371,0.050484
4.6292e-19,0.048334,0.050488
4.5737e-19,0.048297,0.050493
4.5033e-19,0.048259,0.050501
4.4191e-19,0.048219,0.050511
4.3219e-19,0.048179,0.050523
4.2127e-19,0.048138,0.050538
4.0926e-19,0.048097,0.050554
3.9626e-19,0.048055,0.050573
3.8236e-19,0.048012,0.050595
3.6766e-19,0.047969,0.050618
3.5225e-19,0.047926,0.050644
3.3622e-19,0.047883,0.050672
3.1968e-19,0.047839,0.050703
3.027e-19,0.047795,0.050735
2.8538e-19,0.047752,0.050769
2.6779e-19,0.047708,0.050806
2.5002e-19,0.047665,0.050844
2.3215e-19,0.047622,0.050885
2.1424e-19,0.047579,0.050927
1.9637e-19,0.047537,0.050971
1.7861e-19,0.047495,0.051016
1.6102e-19,0.047454,0.051063
1.4366e-19,0.047414,0.051111
1.2658e-19,0.047375,0.051161
1.0985e-19,0.047336,0.051211
9.3495e-20,0.047299,0.051263
7.7573e-20,0.047262,0.051316
6.2123e-20,0.047227,0.051369
4.7179e-20,0.047193,0.051423
3.2776e-20,0.04716,0.051478
1.8943e-20,0.047129,0.051533
5.7039e-21,0.047099,0.051588
-6.9184e-21,0.047071,0.051644
-1.8906e-20,0.047045,0.0517
-3.0244e-20,0.04702,0.051755
-4.0921e-20,0.046996,0.05181
-5.0928e-20,0.046975,0.051865
-6.0261e-20,0.046955,0.05192
-6.8918e-20,0.046937,0.051974
-7.6898e-20,0.046921,0.052027
-8.4205e-20,0.046907,0.052079
-9.0846e-20,0.046895,0.052131
-9.6829e-20,0.046884,0.052182
-1.0216e-19,0.046876,0.052231
-1.0686e-19,0.04687,0.05228
-1.1094e-19,0.046865,0.052327
-1.1442e-19,0.046863,0.052373
-1.1731e-19,0.046863,0.052417
-1.1963e-19,0.046864,0.052461
-1.2141e-19,0.046868,0.052502
-1.2266e-19,0.046873,0.052543
-1.2342e-19,0.04688,0.052581
-1.237e-19,0.046889,0.052618
-1.2352e-19,0.0469,0.052653
-1.2293e-19,0.046912,0.052687
-1.2193e-19,0.046926,0.052719
-1.2055e-19,0.046942,0.052749
-1.1883e-19,0.04696,0.052778
-1.1679e-19,0.046978,0.052805
-1.1446e-19,0.046998,0.05283
-1.1185e-19,0.04702,0.052853
-1.09e-19,0.047043,0.052874
-1.0594e-19,0.047067,0.052894
-1.0268e-19,0.047092,0.052912
-9.9255e-20,0.047118,0.052929
-9.5685e-20,0.047144,0.052943
-9.1994e-20,0.047172,0.052956
-8.8205e-20,0.0472,0.052968
-8.4337e-20,0.047229,0.052978
-8.0412e-20,0.047259,0.052986
-7.645e-20,0.047289,0.052993
-7.2468e-20,0.047319,0.052998
-6.8483e-20,0.047349,0.053002
-6.4513e-20,0.04738,0.053005
-6.0572e-20,0.04741,0.053006
-5.6673e-20,0.047441,0.053006
-5.283e-20,0.047471,0.053005
-4.9053e-20,0.047501,0.053002
-4.5354e-20,0.047531,0.052999
-4.1741e-20,0.04756,0.052994
-3.8223e-20,0.047589,0.052989
-3.4805e-20,0.047617,0.052982
-3.1493e-20,0.047645,0.052975
-2.8292e-20,0.047672,0.052967
-2.5205e-20,0.047698,0.052958
-2.2235e-20,0.047723,0.052949
-1.9382e-20,0.047747,0.052939
-1.6647e-20,0.047771,0.052928
-1.4028e-20,0.047793,0.052917
-1.1525e-20,0.047814,0.052905
-9.1347e-21,0.047834,0.052893
-6.8534e-21,0.047853,0.05288
-4.6773e-21,0.04787,0.052867
-2.6015e-21,0.047887,0.052854
-6.2061e-22,0.047902,0.05284
1.2714e-21,0.047915,0.052827
3.0811e-21,0.047928,0.052813
4.8154e-21,0.047938,0.052799
6.4816e-21,0.047948,0.052784
8.0874e-21,0.047956,0.05277
9.6407e-21,0.047963,0.052756
1.1149e-20,0.047968,0.052742
1.2622e-20,0.047971,0.052727
1.4066e-20,0.047973,0.052713
1.549e-20,0.047974,0.052699
1.6903e-20,0.047973,0.052684
1.8311e-20,0.047971,0.05267
1.9722e-20,0.047967,0.052656
2.1145e-20,0.047962,0.052642
2.2585e-20,0.047955,0.052628
2.4049e-20,0.047947,0.052615
2.5543e-20,0.047938,0.052601
2.7073e-20,0.047926,0.052588
2.8644e-20,0.047914,0.052574
3.026e-20,0.0479,0.052561
3.1924e-20,0.047884,0.052548
3.3639e-20,0.047867,0.052535
3.5407e-20,0.047849,0.052522
3.723e-20,0.047829,0.05251
3.9107e-20,0.047808,0.052497
4.1038e-20,0.047785,0.052485
4.3023e-20,0.047761,0.052472
4.5057e-20,0.047735,0.05246
4.7139e-20,0.047708,0.052448
4.9263e-20,0.04768,0.052436
5.1424e-20,0.04765,0.052425
5.3617e-20,0.047619,0.052413
5.5833e-20,0.047587,0.052401
5.8065e-20,0.047553,0.05239
6.0303e-20,0.047518,0.052379
6.2538e-20,0.047482,0.052367
6.4759e-20,0.047445,0.052356
6.6952e-20,0.047407,0.052345
6.9107e-20,0.047367,0.052334
7.1208e-20,0.047327,0.052324
7.3242e-20,0.047285,0.052313
7.5194e-20,0.047243,0.052302
7.7047e-20,0.047199,0.052292
7.8786e-20,0.047155,0.052281
8.0393e-20,0.04711,0.052271
8.1851e-20,0.047065,0.052261
8.3142e-20,0.047018,0.052251
8.4248e-20,0.046972,0.052241
8.515e-20,0.046924,0.052231
8.5829e-20,0.046877,0.052222
8.6268e-20,0.046829,0.052212
8.6446e-20,0.046782,0.052203
8.6346e-20,0.046734,0.052194
8.5949e-20,0.046686,0.052185
8.5237e-20,0.046639,0.052176
8.4193e-20,0.046592,0.052168
8.2798e-20,0.046545,0.052159
8.1037e-20,0.046499,0.052151
7.8894e-20,0.046454,0.052143
7.6353e-20,0.046409,0.052136
7.3402e-20,0.046366,0.052128
7.0026e-20,0.046323,0.052121
6.6216e-20,0.046282,0.052114
6.1959e-20,0.046243,0.052108
5.7249e-20,0.046205,0.052101
5.2076e-20,0.046168,0.052095
4.6437e-20,0.046133,0.05209
4.0327e-20,0.0461,0.052084
3.3744e-20,0.04607,0.052079
2.6689e-20,0.046041,0.052074
1.9163e-20,0.046015,0.052069
1.1173e-20,0.045991,0.052065
2.7229e-21,0.045969,0.052061
-6.1763e-21,0.04595,0.052057
-1.5513e-20,0.045934,0.052053
-2.5274e-20,0.045921,0.05205
-3.5441e-20,0.04591,0.052047
-4.5996e-20,0.045903,0.052044
-5.6916e-20,0.045898,0.052041
-6.8176e-20,0.045897,0.052039
-7.9748e-20,0.045898,0.052036
-9.1602e-20,0.045903,0.052034
-1.037e-19,0.045911,0.052032
-1.1602e-19,0.045922,0.05203
-1.2851e-19,0.045937,0.052028
-1.4112e-19,0.045955,0.052026
-1.5383e-19,0.045975,0.052025
-1.6658e-19,0.046,0.052023
-1.7931e-19,0.046027,0.052022
-1.9198e-19,0.046057,0.05202
-2.0454e-19,0.046091,0.052019
-2.1692e-19,0.046128,0.052018
-2.2907e-19,0.046167,0.052016
-2.4092e-19,0.04621,0.052015
-2.5241e-19,0.046256,0.052013
-2.6348e-19,0.046304,0.052012
-2.7406e-19,0.046355,0.052011
-2.8408e-19,0.046408,0.05201
-2.9347e-19,0.046464,0.052008
-3.0217e-19,0.046522,0.052007
-3.101e-19,0.046583,0.052006
-3.1719e-19,0.046645,0.052005
-3.2336e-19,0.04671,0.052004
-3.2856e-19,0.046776,0.052003
-3.327e-19,0.046844,0.052002
-3.3572e-19,0.046913,0.052001
-3.3754e-19,0.046983,0.052
-3.3811e-19,0.047055,0.051999
-3.3735e-19,0.047127,0.051999
-3.3521e-19,0.047201,0.051998
-3.3161e-19,0.047275,0.051998
-3.2651e-19,0.047349,0.051998
-3.1984e-19,0.047423,0.051998
-3.1156e-19,0.047498,0.051999
-3.0162e-19,0.047572,0.051999
-2.8997e-19,0.047646,0.052
-2.7659e-19,0.04772,0.052002
-2.6142e-19,0.047793,0.052003
-2.4446e-19,0.047865,0.052005
-2.2567e-19,0.047935,0.052007
-2.0505e-19,0.048005,0.05201
-1.8257e-19,0.048073,0.052013
-1.5826e-19,0.04814,0.052017
-1.321e-19,0.048205,0.052021
-1.0411e-19,0.048268,0.052025
-7.4322e-20,0.048329,0.05203
-4.276e-20,0.048388,0.052036
-9.4643e-21,0.048444,0.052042
2.5515e-20,0.048498,0.052048
6.2121e-20,0.04855,0.052056
1.0029e-19,0.048598,0.052063
1.3993e-19,0.048644,0.052072
1.8098e-19,0.048687,0.052081
2.2332e-19,0.048727,0.05209
2.6685e-19,0.048764,0.0521
3.1145e-19,0.048798,0.052111
3.57e-19,0.048828,0.052123
4.0336e-19,0.048855,0.052135
4.5038e-19,0.048879,0.052148
4.9791e-19,0.048899,0.052162
5.4577e-19,0.048916,0.052176
5.9379e-19,0.04893,0.052191
6.4179e-19,0.04894,0.052207
6.8956e-19,0.048947,0.052224
7.3691e-19,0.04895,0.052241
7.8362e-19,0.04895,0.052259
8.2946e-19,0.048947,0.052278
8.7422e-19,0.04894,0.052298
9.1766e-19,0.04893,0.052319
9.5954e-19,0.048917,0.05234
9.996e-19,0.048901,0.052362
1.0376e-18,0.048881,0.052385
1.0733e-18,0.048859,0.052409
1.1064e-18,0.048834,0.052433
1.1367e-18,0.048806,0.052458
1.1639e-18,0.048775,0.052484
1.1877e-18,0.048742,0.052511
1.2079e-18,0.048707,0.052538
1.2242e-18,0.048669,0.052565
1.2363e-18,0.04863,0.052593
1.2441e-18,0.048588,0.052622
1.2472e-18,0.048545,0.052651
1.2454e-18,0.0485,0.052681
1.2386e-18,0.048454,0.052711
1.2263e-18,0.048406,0.052741
1.2086e-18,0.048357,0.052771
1.185e-18,0.048308,0.052802
1.1555e-18,0.048258,0.052833
1.1199e-18,0.048207,0.052863
1.078e-18,0.048156,0.052893
1.0297e-18,0.048105,0.052924
9.7482e-19,0.048053,0.052954
9.1332e-19,0.048003,0.052983
8.4509e-19,0.047952,0.053012
7.7009e-19,0.047902,0.053041
6.8828e-19,0.047853,0.053068
5.9965e-19,0.047805,0.053095
5.0424e-19,0.047757,0.053122
4.0209e-19,0.047711,0.053147
2.9328e-19,0.047667,0.053171
1.7793e-19,0.047624,0.053194
5.6178e-20,0.047583,0.053215
-7.18e-20,0.047544,0.053236
-2.0579e-19,0.047506,0.053254
-3.4555e-19,0.047471,0.053272
-4.908e-19,0.047438,0.053287
-6.4121e-19,0.047407,0.053301
-7.9644e-19,0.047379,0.053313
-9.561e-19,0.047353,0.053323
-1.1198e-18,0.04733,0.053331
-1.2869e-18,0.047309,0.053338
-1.4572e-18,0.047291,0.053342
-1.6299e-18,0.047276,0.053343
-1.8045e-18,0.047263,0.053343
-1.9804e-18,0.047253,0.05334
-2.157e-18,0.047245,0.053335
-2.3336e-18,0.047241,0.053328
-2.5094e-18,0.047239,0.053318
-2.6838e-18,0.047239,0.053306
-2.8558e-18,0.047242,0.053292
-3.0248e-18,0.047247,0.053275
-3.1899e-18,0.047255,0.053255
-3.3503e-18,0.047265,0.053233
-3.5049e-18,0.047277,0.053209
-3.6531e-18,0.047292,0.053182
-3.7937e-18,0.047308,0.053153
-3.9259e-18,0.047326,0.053122
-4.0488e-18,0.047345,0.053088
-4.1614e-18,0.047366,0.053052
-4.2626e-18,0.047388,0.053014
-4.3517e-18,0.047412,0.052973
-4.4275e-18,0.047436,0.052931
-4.4891e-18,0.047461,0.052886
-4.5356e-18,0.047487,0.05284
-4.5661e-18,0.047512,0.052792
-4.5796e-18,0.047538,0.052742
-4.5753e-18,0.047564,0.05269
-4.5522e-18,0.04759,0.052637
-4.5096e-18,0.047615,0.052583
-4.4467e-18,0.047639,0.052527
-4.3627e-18,0.047663,0.05247
-4.2569e-18,0.047685,0.052412
-4.1287e-18,0.047706,0.052354
-3.9775e-18,0.047725,0.052294
-3.8027e-18,0.047743,0.052234
-3.604e-18,0.047758,0.052173
-3.3809e-18,0.047772,0.052112
-3.1332e-18,0.047783,0.052051
-2.8606e-18,0.047792,0.05199
-2.563e-18,0.047797,0.051929
-2.2404e-18,0.0478,0.051868
-1.8928e-18,0.0478,0.051808
-1.5205e-18,0.047797,0.051748
-1.1236e-18,0.047791,0.051688
-7.0274e-19,0.047781,0.05163
-2.5828e-19,0.047767,0.051572
2.0912e-19,0.04775,0.051515
6.9869e-19,0.04773,0.05146
1.2095e-18,0.047705,0.051406
1.7407e-18,0.047677,0.051353
2.2909e-18,0.047645,0.051302
2.8589e-18,0.047609,0.051252
3.4434e-18,0.047569,0.051204
4.0427e-18,0.047525,0.051157
4.6552e-18,0.047477,0.051113
5.2791e-18,0.047426,0.051071
5.9123e-18,0.04737,0.05103
6.5527e-18,0.047311,0.050992
7.1982e-18,0.047248,0.050955
7.8464e-18,0.047182,0.050921
8.4948e-18,0.047112,0.050889
9.1408e-18,0.047039,0.05086
9.7816e-18,0.046962,0.050833
1.0414e-17,0.046883,0.050808
1.1036e-17,0.0468,0.050785
1.1644e-17,0.046715,0.050765
1.2235e-17,0.046627,0.050747
1.2805e-17,0.046537,0.050731
1.3352e-17,0.046445,0.050718
1.3871e-17,0.046351,0.050708
1.436e-17,0.046255,0.0507
1.4815e-17,0.046157,0.050694
1.5233e-17,0.046059,0.05069
1.5609e-17,0.045959,0.050689
1.5941e-17,0.045859,0.05069
1.6225e-17,0.045759,0.050694
1.6457e-17,0.045658,0.0507
1.6634e-17,0.045557,0.050708
1.6753e-17,0.045457,0.050718
1.6809e-17,0.045357,0.05073
1.6801e-17,0.045259,0.050745
1.6724e-17,0.045161,0.050762
1.6576e-17,0.045065,0.05078
1.6353e-17,0.044971,0.050801
1.6053e-17,0.044879,0.050824
1.5674e-17,0.044789,0.050848
1.5212e-17,0.044701,0.050875
1.4666e-17,0.044617,0.050903
1.4034e-17,0.044535,0.050932
1.3315e-17,0.044457,0.050964
1.2505e-17,0.044382,0.050997
1.1606e-17,0.044311,0.051031
1.0615e-17,0.044243,0.051067
9.5328e-18,0.04418,0.051105
8.3585e-18,0.044121,0.051143
7.0926e-18,0.044067,0.051183
5.7357e-18,0.044016,0.051224
4.2888e-18,0.043971,0.051266
2.7532e-18,0.04393,0.051309
1.131e-18,0.043894,0.051354
-5.7575e-19,0.043863,0.051398
-2.3642e-18,0.043837,0.051444
-4.2311e-18,0.043816,0.051491
-6.1729e-18,0.043801,0.051538
-8.1853e-18,0.04379,0.051586
-1.0264e-17,0.043784,0.051634
-1.2403e-17,0.043783,0.051683
-1.4597e-17,0.043788,0.051732
-1.6841e-17,0.043797,0.051781
-1.9127e-17,0.043811,0.051831
-2.1448e-17,0.04383,0.05188
-2.3796e-17,0.043854,0.05193
-2.6164e-17,0.043882,0.05198
-2.8543e-17,0.043915,0.05203
-3.0924e-17,0.043952,0.05208
-3.3296e-17,0.043993,0.05213
-3.5651e-17,0.044039,0.052179
-3.7978e-17,0.044088,0.052228
-4.0266e-17,0.044142,0.052277
-4.2503e-17,0.044198,0.052325
-4.4679e-17,0.044259,0.052372
-4.6781e-17,0.044322,0.052419
-4.8798e-17,0.044388,0.052465
-5.0717e-17,0.044458,0.05251
-5.2525e-17,0.04453,0.052555
-5.4209e-17,0.044604,0.052598
-5.5758e-17,0.04468,0.052641
-5.7157e-17,0.044759,0.052682
-5.8394e-17,0.044839,0.052722
-5.9456e-17,0.044921,0.052761
-6.0329e-17,0.045004,0.052798
-6.1002e-17,0.045089,0.052834
-6.1461e-17,0.045174,0.052868
-6.1694e-17,0.04526,0.052901
-6.169e-17,0.045346,0.052932
-6.1435e-17,0.045433,0.052962
-6.092e-17,0.04552,0.052989
-6.0132e-17,0.045607,0.053015
-5.9063e-17,0.045694,0.053039
-5.7703e-17,0.04578,0.053061
-5.6042e-17,0.045866,0.053081
-5.4073e-17,0.045951,0.053098
-5.1788e-17,0.046034,0.053114
-4.9181e-17,0.046117,0.053127
-4.6247e-17,0.046199,0.053139
-4.2981e-17,0.046279,0.053148
-3.9381e-17,0.046357,0.053154
-3.5444e-17,0.046434,0.053159
-3.117e-17,0.046509,0.053161
-2.656e-17,0.046582,0.053161
-2.1615e-17,0.046653,0.053159
-1.634e-17,0.046722,0.053154
-1.0738e-17,0.046788,0.053147
-4.8173e-18,0.046853,0.053138
1.4145e-18,0.046915,0.053127
7.9474e-18,0.046975,0.053114
1.477e-17,0.047032,0.053098
2.1869e-17,0.047086,0.05308
2.9228e-17,0.047139,0.053061
3.6832e-17,0.047188,0.053039
4.4662e-17,0.047235,0.053016
5.2696e-17,0.047279,0.052991
6.0913e-17,0.047321,0.052964
6.9289e-17,0.04736,0.052936
7.7796e-17,0.047396,0.052905
8.6408e-17,0.04743,0.052874
9.5095e-17,0.047461,0.052841
1.0382e-16,0.04749,0.052807
1.1256e-16,0.047516,0.052772
1.2128e-16,0.047539,0.052736
1.2993e-16,0.04756,0.052698
1.3849e-16,0.047578,0.05266
1.469e-16,0.047594,0.052622
1.5514e-16,0.047607,0.052582
1.6315e-16,0.047619,0.052542
1.709e-16,0.047627,0.052502
1.7834e-16,0.047634,0.052462
1.8543e-16,0.047638,0.052421
1.9211e-16,0.047641,0.052381
1.9835e-16,0.047641,0.05234
2.0409e-16,0.047639,0.0523
2.0928e-16,0.047635,0.05226
2.1389e-16,0.047629,0.052221
2.1786e-16,0.047621,0.052182
2.2115e-16,0.047612,0.052144
2.237e-16,0.047601,0.052107
2.2547e-16,0.047588,0.05207
2.2642e-16,0.047573,0.052034
2.265e-16,0.047557,0.052
2.2567e-16,0.04754,0.051967
2.2388e-16,0.047521,0.051934
2.211e-16,0.047501,0.051904
2.1729e-16,0.047479,0.051874
2.1242e-16,0.047456,0.051846
2.0644e-16,0.047432,0.05182
1.9934e-16,0.047407,0.051795
1.9108e-16,0.047381,0.051772
1.8164e-16,0.047354,0.05175
1.71e-16,0.047326,0.05173
1.5915e-16,0.047298,0.051713
1.4607e-16,0.047268,0.051696
1.3175e-16,0.047238,0.051682
1.162e-16,0.047207,0.05167
9.9407e-17,0.047176,0.051659
8.1389e-17,0.047144,0.05165
6.2154e-17,0.047112,0.051644
4.1721e-17,0.04708,0.051639
2.0113e-17,0.047047,0.051636
-2.6402e-18,0.047014,0.051635
-2.6503e-17,0.046981,0.051636
-5.1434e-17,0.046948,0.051639
-7.7384e-17,0.046915,0.051644
-1.043e-16,0.046882,0.05165
-1.3212e-16,0.046849,0.051658
-1.6077e-16,0.046817,0.051668
-1.9019e-16,0.046785,0.05168
-2.2028e-16,0.046753,0.051694
-2.5097e-16,0.046722,0.051709
-2.8215e-16,0.046691,0.051726
-3.1373e-16,0.04666,0.051744
-3.4559e-16,0.046631,0.051763
-3.7762e-16,0.046601,0.051784
-4.0971e-16,0.046573,0.051807
-4.4172e-16,0.046545,0.05183
-4.7351e-16,0.046519,0.051855
-5.0496e-16,0.046493,0.05188
-5.3592e-16,0.046468,0.051907
-5.6623e-16,0.046444,0.051934
-5.9575e-16,0.046421,0.051963
-6.2431e-16,0.046399,0.051992
-6.5175e-16,0.046378,0.052021
-6.7791e-16,0.046358,0.052051
-7.0261e-16,0.046339,0.052081
-7.2569e-16,0.046322,0.052111
-7.4697e-16,0.046305,0.052142
-7.6628e-16,0.04629,0.052172
-7.8344e-16,0.046276,0.052203
-7.9828e-16,0.046264,0.052233
-8.1062e-16,0.046253,0.052262
-8.2029e-16,0.046243,0.052292
-8.2712e-16,0.046235,0.05232
-8.3094e-16,0.046228,0.052348
-8.3159e-16,0.046222,0.052375
-8.2891e-16,0.046218,0.052401
-8.2274e-16,0.046215,0.052426
-8.1295e-16,0.046214,0.05245
-7.9938e-16,0.046214,0.052472
-7.8191e-16,0.046216,0.052493
-7.6043e-16,0.046219,0.052512
-7.3481e-16,0.046224,0.05253
-7.0495e-16,0.04623,0.052546
-6.7078e-16,0.046238,0.052561
-6.3221e-16,0.046248,0.052573
-5.8918e-16,0.046258,0.052584
-5.4166e-16,0.046271,0.052592
-4.896e-16,0.046284,0.052598
-4.33e-16,0.046299,0.052602
-3.7186e-16,0.046316,0.052604
-3.0621e-16,0.046334,0.052604
-2.3609e-16,0.046354,0.052601
-1.6155e-16,0.046375,0.052596
-8.27e-17,0.046397,0.052588
3.7131e-19,0.04642,0.052578
8.7532e-17,0.046445,0.052565
1.7863e-16,0.046471,0.05255
2.7349e-16,0.046499,0.052533
3.7192e-16,0.046527,0.052513
4.7369e-16,0.046557,0.052491
5.7855e-16,0.046588,0.052466
6.8624e-16,0.04662,0.052438
7.9646e-16,0.046653,0.052409
9.0889e-16,0.046686,0.052376
1.0232e-15,0.046721,0.052342
1.1389e-15,0.046757,0.052305
1.2558e-15,0.046793,0.052266
1.3734e-15,0.04683,0.052225
1.4911e-15,0.046867,0.052181
1.6087e-15,0.046905,0.052136
1.7255e-15,0.046944,0.052088
1.8411e-15,0.046983,0.052038
1.955e-15,0.047022,0.051987
2.0666e-15,0.047062,0.051934
2.1753e-15,0.047102,0.051879
2.2805e-15,0.047141,0.051822
2.3817e-15,0.047181,0.051765
2.4783e-15,0.047221,0.051705
2.5696e-15,0.04726,0.051645
2.655e-15,0.0473,0.051583
2.7339e-15,0.047339,0.051521
2.8056e-15,0.047377,0.051457
2.8694e-15,0.047415,0.051393
2.9249e-15,0.047452,0.051329
2.9712e-15,0.047489,0.051264
3.0078e-15,0.047525,0.051198
3.034e-15,0.04756,0.051133
3.0493e-15,0.047594,0.051068
3.053e-15,0.047628,0.051003
3.0445e-15,0.04766,0.050938
3.0233e-15,0.047691,0.050875
2.9888e-15,0.04772,0.050812
2.9406e-15,0.047749,0.050749
2.878e-15,0.047776,0.050688
2.8008e-15,0.047802,0.050629
2.7084e-15,0.047826,0.050571
2.6005e-15,0.047849,0.050514
2.4768e-15,0.047871,0.05046
2.337e-15,0.047891,0.050407
2.1809e-15,0.047909,0.050357
2.0082e-15,0.047926,0.05031
1.8189e-15,0.047941,0.050265
1.613e-15,0.047954,0.050222
1.3904e-15,0.047966,0.050183
1.1512e-15,0.047976,0.050147
8.9554e-16,0.047985,0.050114
6.237e-16,0.047992,0.050084
3.3595e-16,0.047997,0.050058
3.2672e-17,0.048001,0.050036
-2.8567e-16,0.048003,0.050017
-6.1853e-16,0.048004,0.050003
-9.6529e-16,0.048003,0.049992
-1.3252e-15,0.048,0.049985
-1.6975e-15,0.047996,0.049983
-2.0813e-15,0.047991,0.049985
-2.4755e-15,0.047984,0.049991
-2.8791e-15,0.047976,0.050001
-3.291e-15,0.047966,0.050015
-3.7098e-15,0.047956,0.050034
-4.1343e-15,0.047944,0.050057
-4.563e-15,0.047931,0.050085
-4.9943e-15,0.047917,0.050116
-5.4266e-15,0.047902,0.050152
-5.8583e-15,0.047885,0.050192
-6.2876e-15,0.047868,0.050235
-6.7126e-15,0.047851,0.050283
-7.1313e-15,0.047832,0.050334
-7.5419e-15,0.047813,0.050389
-7.9421e-15,0.047793,0.050447
-8.33e-15,0.047772,0.050508
-8.7032e-15,0.047751,0.050573
-9.0597e-15,0.04773,0.05064
-9.3971e-15,0.047708,0.05071
-9.713e-15,0.047686,0.050782
-1.0005e-14,0.047664,0.050857
-1.0272e-14,0.047641,0.050933
-1.0509e-14,0.047619,0.051011
-1.0716e-14,0.047596,0.051091
-1.089e-14,0.047574,0.051171
-1.1028e-14,0.047551,0.051253
-1.1129e-14,0.047529,0.051335
-1.119e-14,0.047507,0.051418
-1.1208e-14,0.047485,0.0515
-1.1182e-14,0.047463,0.051583
-1.1109e-14,0.047442,0.051665
-1.0988e-14,0.047421,0.051746
-1.0816e-14,0.047401,0.051826
-1.0593e-14,0.047381,0.051905
-1.0315e-14,0.047362,0.051983
-9.982e-15,0.047343,0.052059
-9.5923e-15,0.047325,0.052133
-9.1446e-15,0.047308,0.052204
-8.6379e-15,0.047292,0.052274
-8.0713e-15,0.047276,0.05234
-7.4441e-15,0.047261,0.052404
-6.756e-15,0.047247,0.052465
-6.0066e-15,0.047234,0.052523
-5.1961e-15,0.047221,0.052578
-4.3247e-15,0.04721,0.052629
-3.3928e-15,0.047199,0.052676
-2.4014e-15,0.047189,0.05272
-1.3514e-15,0.047181,0.05276
-2.4422e-16,0.047173,0.052797
9.1844e-16,0.047166,0.05283
2.1346e-15,0.04716,0.052858
3.4021e-15,0.047156,0.052883
4.7182e-15,0.047152,0.052905
6.08e-15,0.047149,0.052922
7.4843e-15,0.047147,0.052936
8.9275e-15,0.047146,0.052945
1.0406e-14,0.047146,0.052952
1.1914e-14,0.047147,0.052955
1.3449e-14,0.047149,0.052954
1.5006e-14,0.047152,0.05295
1.6578e-14,0.047156,0.052943
1.816e-14,0.047161,0.052933
1.9747e-14,0.047167,0.05292
2.1333e-14,0.047174,0.052904
2.291e-14,0.047182,0.052886
2.4472e-14,0.047191,0.052866
2.6012e-14,0.0472,0.052843
2.7522e-14,0.047211,0.052819
2.8996e-14,0.047223,0.052793
3.0425e-14,0.047235,0.052766
3.1802e-14,0.047248,0.052737
3.3117e-14,0.047263,0.052708
3.4364e-14,0.047278,0.052677
3.5533e-14,0.047294,0.052646
3.6616e-14,0.047311,0.052615
3.7604e-14,0.04733,0.052584
3.8488e-14,0.047348,0.052553
3.9261e-14,0.047368,0.052522
3.9913e-14,0.047389,0.052491
4.0435e-14,0.047411,0.052462
4.082e-14,0.047433,0.052433
4.1059e-14,0.047456,0.052405
4.1143e-14,0.04748,0.052378
4.1065e-14,0.047505,0.052353
4.0818e-14,0.047531,0.052329
4.0393e-14,0.047557,0.052307
3.9784e-14,0.047585,0.052287
3.8983e-14,0.047612,0.052268
3.7986e-14,0.047641,0.052252
3.6787e-14,0.04767,0.052237
3.5379e-14,0.0477,0.052225
3.3759e-14,0.04773,0.052215
3.1922e-14,0.047761,0.052206
2.9867e-14,0.047792,0.052201
2.7589e-14,0.047823,0.052197
2.5087e-14,0.047855,0.052196
2.2361e-14,0.047887,0.052197
1.941e-14,0.047919,0.0522
1.6235e-14,0.047951,0.052205
1.2839e-14,0.047983,0.052213
9.223e-15,0.048015,0.052222
5.3919e-15,0.048047,0.052234
1.3503e-15,0.048079,0.052248
-2.8958e-15,0.04811,0.052263
-7.3392e-15,0.04814,0.052281
-1.1972e-14,0.048171,0.0523
-1.6784e-14,0.0482,0.052321
-2.1765e-14,0.048229,0.052344
-2.6904e-14,0.048257,0.052368
-3.2187e-14,0.048284,0.052394
-3.76e-14,0.04831,0.05242
-4.3127e-14,0.048334,0.052448
-4.8752e-14,0.048358,0.052477
-5.4457e-14,0.04838,0.052507
-6.0223e-14,0.048401,0.052538
-6.6029e-14,0.048421,0.052569
-7.1854e-14,0.048439,0.052601
-7.7675e-14,0.048456,0.052633
-8.3469e-14,0.048471,0.052666
-8.921e-14,0.048484,0.052699
-9.4874e-14,0.048496,0.052732
-1.0043e-13,0.048506,0.052765
-1.0586e-13,0.048514,0.052797
-1.1112e-13,0.04852,0.05283
-1.162e-13,0.048525,0.052862
-1.2106e-13,0.048527,0.052893
-1.2566e-13,0.048528,0.052924
-1.2998e-13,0.048527,0.052954
-1.3399e-13,0.048524,0.052983
-1.3766e-13,0.048519,0.053012
-1.4095e-13,0.048513,0.053039
-1.4383e-13,0.048504,0.053065
-1.4628e-13,0.048494,0.05309
-1.4825e-13,0.048482,0.053114
-1.4972e-13,0.048469,0.053136
-1.5065e-13,0.048453,0.053157
-1.5103e-13,0.048437,0.053177
-1.5081e-13,0.048418,0.053194
-1.4997e-13,0.048398,0.053211
-1.4848e-13,0.048377,0.053225
-1.4632e-13,0.048355,0.053238
-1.4346e-13,0.048331,0.053248
-1.3988e-13,0.048306,0.053257
-1.3556e-13,0.04828,0.053264
-1.3047e-13,0.048253,0.053269
-1.2461e-13,0.048225,0.053272
-1.1796e-13,0.048197,0.053273
-1.105e-13,0.048167,0.053272
-1.0223e-13,0.048137,0.053269
-9.3135e-14,0.048107,0.053263
-8.3217e-14,0.048076,0.053256
-7.2475e-14,0.048044,0.053246
-6.0911e-14,0.048013,0.053234
-4.8531e-14,0.047981,0.05322
-3.5345e-14,0.047949,0.053203
-2.1366e-14,0.047917,0.053185
-6.6136e-15,0.047886,0.053164
8.8925e-15,0.047854,0.05314
2.5126e-14,0.047823,0.053115
4.2058e-14,0.047792,0.053087
5.9653e-14,0.047761,0.053057
7.7873e-14,0.047731,0.053024
9.6675e-14,0.047702,0.052989
1.1601e-13,0.047673,0.052952
1.3583e-13,0.047644,0.052913
1.5608e-13,0.047617,0.052872
1.7669e-13,0.04759,0.052828
1.9761e-13,0.047564,0.052782
2.1875e-13,0.047539,0.052735
2.4005e-13,0.047515,0.052685
2.6143e-13,0.047492,0.052633
2.8281e-13,0.047469,0.052579
3.0409e-13,0.047448,0.052523
3.2519e-13,0.047428,0.052465
3.4602e-13,0.047408,0.052405
3.6647e-13,0.04739,0.052343
3.8645e-13,0.047373,0.05228
4.0585e-13,0.047356,0.052215
4.2456e-13,0.047341,0.052149
4.4248e-13,0.047327,0.052081
4.5949e-13,0.047314,0.052012
4.7548e-13,0.047301,0.051941
4.9033e-13,0.04729,0.05187
5.0393e-13,0.047279,0.051797
5.1617e-13,0.04727,0.051723
5.2692e-13,0.047261,0.051648
5.3607e-13,0.047253,0.051573
5.435e-13,0.047246,0.051497
5.491e-13,0.047239,0.05142
5.5276e-13,0.047233,0.051344
5.5436e-13,0.047227,0.051266
5.538e-13,0.047222,0.051189
5.5097e-13,0.047217,0.051112
5.4577e-13,0.047213,0.051034
5.3811e-13,0.047209,0.050957
5.279e-13,0.047205,0.050881
5.1505e-13,0.047201,0.050805
4.9948e-13,0.047198,0.050729
4.8113e-13,0.047194,0.050655
4.5993e-13,0.04719,0.050581
4.3582e-13,0.047186,0.050509
4.0877e-13,0.047182,0.050437
3.7873e-13,0.047177,0.050368
3.4568e-13,0.047172,0.050299
3.096e-13,0.047167,0.050232
2.705e-13,0.047161,0.050167
2.2838e-13,0.047154,0.050104
1.8326e-13,0.047147,0.050043
1.3517e-13,0.047139,0.049984
8.4176e-14,0.04713,0.049927
3.0327e-14,0.047121,0.049872
-2.6297e-14,0.04711,0.04982
-8.5602e-14,0.047099,0.049771
-1.4748e-13,0.047087,0.049724
-2.1181e-13,0.047073,0.04968
-2.7845e-13,0.047059,0.049639
-3.4725e-13,0.047044,0.0496
-4.1803e-13,0.047027,0.049564
-4.906e-13,0.04701,0.049532
-5.6477e-13,0.046991,0.049502
-6.403e-13,0.046971,0.049476
-7.1697e-13,0.04695,0.049452
-7.9451e-13,0.046928,0.049432
-8.7265e-13,0.046905,0.049415
-9.5111e-13,0.046881,0.049401
-1.0296e-12,0.046856,0.04939
-1.1078e-12,0.046829,0.049383
-1.1853e-12,0.046802,0.049378
-1.2619e-12,0.046774,0.049377
-1.3372e-12,0.046745,0.049378
-1.4107e-12,0.046715,0.049383
-1.4822e-12,0.046685,0.04939
-1.5511e-12,0.046653,0.049401
-1.6173e-12,0.046621,0.049414
-1.6801e-12,0.046589,0.04943
-1.7392e-12,0.046556,0.049448
-1.7942e-12,0.046523,0.049469
-1.8447e-12,0.046489,0.049492
-1.8902e-12,0.046455,0.049518
-1.9302e-12,0.046422,0.049546
-1.9645e-12,0.046388,0.049576
-1.9925e-12,0.046354,0.049608
-2.0138e-12,0.046321,0.049641
-2.028e-12,0.046288,0.049676
-2.0347e-12,0.046255,0.049713
-2.0335e-12,0.046223,0.049751
-2.0241e-12,0.046192,0.049791
-2.006e-12,0.046162,0.049831
-1.9789e-12,0.046132,0.049872
-1.9424e-12,0.046104,0.049914
-1.8963e-12,0.046077,0.049957
-1.8403e-12,0.046051,0.05
-1.774e-12,0.046026,0.050043
-1.6974e-12,0.046003,0.050087
-1.61e-12,0.045982,0.05013
-1.5119e-12,0.045962,0.050174
-1.4029e-12,0.045944,0.050217
-1.2827e-12,0.045928,0.05026
-1.1515e-12,0.045914,0.050302
-1.0092e-12,0.045902,0.050344
-8.5577e-13,0.045892,0.050385
-6.9133e-13,0.045885,0.050425
-5.16e-13,0.04588,0.050464
-3.2996e-13,0.045877,0.050503
-1.3341e-13,0.045876,0.05054
7.3351e-14,0.045878,0.050576
2.9e-13,0.045882,0.05061
5.1614e-13,0.045889,0.050644
7.5133e-13,0.045898,0.050676
9.9506e-13,0.045909,0.050707
1.2468e-12,0.045923,0.050736
1.5058e-12,0.04594,0.050764
1.7716e-12,0.045959,0.05079
2.0432e-12,0.04598,0.050815
2.32e-12,0.046004,0.050838
2.601e-12,0.04603,0.05086
2.8853e-12,0.046059,0.05088
3.172e-12,0.046089,0.050899
3.46e-12,0.046122,0.050916
3.7481e-12,0.046157,0.050932
4.0353e-12,0.046193,0.050946
4.3203e-12,0.046232,0.050959
4.6018e-12,0.046272,0.05097
4.8787e-12,0.046314,0.05098
5.1494e-12,0.046357,0.050989
5.4126e-12,0.046402,0.050997
5.6669e-12,0.046448,0.051003
5.9108e-12,0.046495,0.051008
6.1429e-12,0.046543,0.051013
6.3615e-12,0.046592,0.051016
6.5651e-12,0.046642,0.051018
6.7522e-12,0.046692,0.05102
6.9213e-12,0.046742,0.05102
7.0706e-12,0.046793,0.05102
7.1988e-12,0.046844,0.051019
7.3041e-12,0.046894,0.051018
7.3851e-12,0.046945,0.051016
7.4402e-12,0.046994,0.051014
7.4679e-12,0.047044,0.051011
7.4669e-12,0.047092,0.051009
7.4355e-12,0.04714,0.051006
7.3726e-12,0.047187,0.051002
7.2767e-12,0.047232,0.050999
7.1467e-12,0.047276,0.050996
6.9814e-12,0.047319,0.050993
6.7797e-12,0.04736,0.05099
6.5407e-12,0.047399,0.050987
6.2634e-12,0.047436,0.050985
5.9472e-12,0.047472,0.050983
5.5914e-12,0.047505,0.050982
5.1954e-12,0.047536,0.050981
4.7589e-12,0.047564,0.050981
4.2817e-12,0.047591,0.050981
3.7637e-12,0.047614,0.050983
3.2049e-12,0.047635,0.050985
2.6057e-12,0.047653,0.050988
1.9664e-12,0.047669,0.050992
1.2877e-12,0.047681,0.050997
5.7036e-13,0.047691,0.051003
-1.846e-13,0.047697,0.05101
-9.7599e-13,0.047701,0.051018
-1.8024e-12,0.047701,0.051027
-2.6622e-12,0.047698,0.051038
-3.5536e-12,0.047692,0.05105
-4.4745e-12,0.047683,0.051063
-5.4227e-12,0.04767,0.051077
-6.3956e-12,0.047654,0.051093
-7.3906e-12,0.047635,0.051111
-8.4047e-12,0.047613,0.051129
-9.4347e-12,0.047587,0.051149
-1.0477e-11,0.047559,0.051171
-1.1529e-11,0.047527,0.051194
-1.2586e-11,0.047491,0.051218
-1.3643e-11,0.047453,0.051244
-1.4698e-11,0.047412,0.051271
-1.5746e-11,0.047367,0.0513
-1.6781e-11,0.04732,0.05133
-1.7799e-11,0.047269,0.051361
-1.8796e-11,0.047216,0.051393
-1.9765e-11,0.04716,0.051427
-2.0702e-11,0.047101,0.051462
-2.1602e-11,0.04704,0.051498
-2.2459e-11,0.046977,0.051535
-2.3267e-11,0.046911,0.051574
-2.4021e-11,0.046843,0.051613
-2.4715e-11,0.046773,0.051653
-2.5343e-11,0.046701,0.051694
-2.5899e-11,0.046627,0.051736
-2.6379e-11,0.046551,0.051779
-2.6775e-11,0.046474,0.051822
-2.7082e-11,0.046396,0.051866
-2.7295e-11,0.046316,0.05191
-2.7408e-11,0.046236,0.051954
-2.7416e-11,0.046155,0.051999
-2.7313e-11,0.046073,0.052044
-2.7095e-11,0.04599,0.052089
-2.6756e-11,0.045908,0.052134
-2.6293e-11,0.045825,0.052179
-2.5701e-11,0.045742,0.052224
-2.4975e-11,0.04566,0.052268
-2.4113e-11,0.045578,0.052312
-2.311e-11,0.045497,0.052355
-2.1965e-11,0.045416,0.052398
-2.0675e-11,0.045337,0.05244
-1.9238e-11,0.045259,0.052481
-1.7652e-11,0.045182,0.052521
-1.5916e-11,0.045106,0.05256
-1.4031e-11,0.045033,0.052599
-1.1996e-11,0.044961,0.052636
-9.8125e-12,0.044891,0.052672
-7.4817e-12,0.044824,0.052706
-5.006e-12,0.044758,0.052739
-2.388e-12,0.044696,0.052771
3.6847e-13,0.044636,0.052801
3.2592e-12,0.044579,0.05283
6.2791e-12,0.044524,0.052857
9.4223e-12,0.044473,0.052883
1.2682e-11,0.044425,0.052906
1.6051e-11,0.04438,0.052928
1.9521e-11,0.044339,0.052949
2.3084e-11,0.044301,0.052967
2.6728e-11,0.044266,0.052984
3.0443e-11,0.044236,0.052999
3.4218e-11,0.044209,0.053012
3.8041e-11,0.044185,0.053023
4.1899e-11,0.044166,0.053033
4.5776e-11,0.04415,0.053041
4.966e-11,0.044139,0.053046
5.3534e-11,0.044131,0.053051
5.7382e-11,0.044127,0.053053
6.1188e-11,0.044127,0.053053
6.4934e-11,0.044132,0.053052
6.8601e-11,0.04414,0.053049
7.2172e-11,0.044152,0.053045
7.5627e-11,0.044168,0.053039
7.8946e-11,0.044188,0.053031
8.211e-11,0.044211,0.053022
8.5097e-11,0.044239,0.053011
8.7887e-11,0.04427,0.052999
9.0459e-11,0.044305,0.052985
9.2791e-11,0.044343,0.05297
9.4864e-11,0.044385,0.052953
9.6655e-11,0.04443,0.052936
9.8143e-11,0.044479,0.052917
9.9308e-11,0.044531,0.052897
1.0013e-10,0.044586,0.052876
1.0058e-10,0.044644,0.052853
1.0066e-10,0.044704,0.05283
1.0032e-10,0.044768,0.052806
9.9571e-11,0.044834,0.052781
9.8378e-11,0.044902,0.052754
9.6727e-11,0.044973,0.052728
9.4605e-11,0.045046,0.0527
9.1995e-11,0.045121,0.052671
8.8885e-11,0.045198,0.052642
8.5263e-11,0.045276,0.052613
8.1117e-11,0.045356,0.052582
7.6439e-11,0.045437,0.052551
7.1222e-11,0.04552,0.05252
6.546e-11,0.045604,0.052488
5.9149e-11,0.045689,0.052456
5.2288e-11,0.045774,0.052424
4.4878e-11,0.04586,0.052391
3.6922e-11,0.045947,0.052358
2.8425e-11,0.046033,0.052325
1.9394e-11,0.04612,0.052292
9.8405e-12,0.046208,0.052258
-2.2348e-13,0.046294,0.052225
-1.0782e-11,0.046381,0.052192
-2.1817e-11,0.046467,0.052158
-3.3307e-11,0.046553,0.052125
-4.5228e-11,0.046638,0.052092
-5.7554e-11,0.046722,0.05206
-7.0253e-11,0.046806,0.052028
-8.3294e-11,0.046888,0.051996
-9.664e-11,0.046969,0.051964
-1.1025e-10,0.047049,0.051933
-1.2409e-10,0.047128,0.051903
-1.3811e-10,0.047205,0.051873
-1.5225e-10,0.04728,0.051843
-1.6648e-10,0.047354,0.051815
-1.8074e-10,0.047426,0.051787
-1.9497e-10,0.047497,0.05176
-2.0911e-10,0.047565,0.051733
-2.231e-10,0.047631,0.051708
-2.3688e-10,0.047696,0.051683
-2.5037e-10,0.047758,0.05166
-2.6352e-10,0.047819,0.051637
-2.7626e-10,0.047877,0.051615
-2.885e-10,0.047933,0.051595
-3.0018e-10,0.047987,0.051575
-3.1122e-10,0.048038,0.051557
-3.2154e-10,0.048088,0.051539
-3.3107e-10,0.048135,0.051523
-3.3974e-10,0.048179,0.051508
-3.4745e-10,0.048222,0.051495
-3.5414e-10,0.048262,0.051482
-3.5973e-10,0.0483,0.051471
-3.6414e-10,0.048335,0.051461
-3.673e-10,0.048368,0.051452
-3.6912e-10,0.048399,0.051445
-3.6954e-10,0.048427,0.051439
-3.6849e-10,0.048454,0.051435
-3.6589e-10,0.048478,0.051432
-3.6169e-10,0.048499,0.05143
-3.5582e-10,0.048519,0.05143
-3.4822e-10,0.048536,0.051431
-3.3884e-10,0.048551,0.051434
-3.2763e-10,0.048564,0.051438
-3.1454e-10,0.048575,0.051443
-2.9953e-10,0.048584,0.05145
-2.8257e-10,0.048591,0.051458
-2.6364e-10,0.048595,0.051468
-2.427e-10,0.048598,0.051479
-2.1976e-10,0.048599,0.051492
-1.9479e-10,0.048598,0.051506
-1.6781e-10,0.048595,0.051521
-1.3882e-10,0.048591,0.051538
-1.0785e-10,0.048584,0.051556
-7.4908e-11,0.048576,0.051576
-4.0045e-11,0.048567,0.051597
-3.3028e-12,0.048555,0.051619
3.5262e-11,0.048543,0.051642
7.5582e-11,0.048528,0.051667
1.1758e-10,0.048513,0.051692
1.6118e-10,0.048495,0.051719
2.0626e-10,0.048477,0.051747
2.5274e-10,0.048457,0.051776
3.0048e-10,0.048436,0.051805
3.4936e-10,0.048414,0.051836
3.9923e-10,0.048391,0.051868
4.4994e-10,0.048367,0.0519
5.0133e-10,0.048342,0.051933
5.5322e-10,0.048316,0.051967
6.0543e-10,0.048289,0.052001
6.5776e-10,0.048262,0.052036
7.1002e-10,0.048234,0.052072
7.6197e-10,0.048205,0.052108
8.134e-10,0.048175,0.052144
8.6407e-10,0.048146,0.05218
9.1374e-10,0.048115,0.052216
9.6217e-10,0.048085,0.052253
1.0091e-09,0.048054,0.05229
1.0542e-09,0.048023,0.052326
1.0973e-09,0.047992,0.052362
1.1381e-09,0.047961,0.052399
1.1763e-09,0.04793,0.052434
1.2117e-09,0.047899,0.05247
1.2438e-09,0.047868,0.052504
1.2725e-09,0.047838,0.052539
1.2975e-09,0.047807,0.052572
1.3185e-09,0.047778,0.052605
1.3352e-09,0.047748,0.052637
1.3473e-09,0.04772,0.052668
1.3545e-09,0.047691,0.052697
1.3566e-09,0.047664,0.052726
1.3534e-09,0.047637,0.052753
1.3445e-09,0.047611,0.05278
1.3297e-09,0.047586,0.052804
1.3088e-09,0.047562,0.052827
1.2816e-09,0.047538,0.052849
1.2479e-09,0.047516,0.052869
1.2075e-09,0.047495,0.052887
1.1602e-09,0.047474,0.052903
1.1059e-09,0.047455,0.052917
1.0444e-09,0.047437,0.052929
9.7572e-10,0.04742,0.05294
8.9968e-10,0.047404,0.052948
8.1626e-10,0.047389,0.052953
7.2543e-10,0.047376,0.052957
6.2719e-10,0.047363,0.052958
5.2158e-10,0.047352,0.052957
4.0866e-10,0.047342,0.052953
2.8853e-10,0.047333,0.052947
1.6131e-10,0.047326,0.052939
2.7179e-11,0.047319,0.052928
-1.1367e-10,0.047314,0.052914
-2.6099e-10,0.04731,0.052898
-4.1451e-10,0.047306,0.05288
-5.7392e-10,0.047304,0.052859
-7.3885e-10,0.047303,0.052835
-9.0892e-10,0.047303,0.052809
-1.0837e-09,0.047304,0.052781
-1.2627e-09,0.047305,0.052751
-1.4454e-09,0.047308,0.052718
-1.6312e-09,0.047311,0.052683
-1.8196e-09,0.047315,0.052646
-2.0099e-09,0.04732,0.052607
-2.2015e-09,0.047325,0.052566
-2.3936e-09,0.047331,0.052524
-2.5855e-09,0.047338,0.052479
-2.7764e-09,0.047345,0.052434
-2.9654e-09,0.047353,0.052387
-3.1518e-09,0.047361,0.052338
-3.3346e-09,0.04737,0.052289
-3.5129e-09,0.047379,0.052239
-3.6857e-09,0.047388,0.052188
-3.8522e-09,0.047398,0.052137
-4.0114e-09,0.047407,0.052085
-4.1621e-09,0.047417,0.052033
-4.3034e-09,0.047428,0.051981
-4.4343e-09,0.047438,0.051929
-4.5537e-09,0.047448,0.051878
-4.6605e-09,0.047459,0.051827
-4.7538e-09,0.04747,0.051777
-4.8324e-09,0.04748,0.051727
-4.8954e-09,0.047491,0.051679
-4.9417e-09,0.047501,0.051632
-4.9703e-09,0.047512,0.051587
-4.9802e-09,0.047522,0.051543
-4.9704e-09,0.047533,0.051501
-4.94e-09,0.047543,0.051461
-4.8882e-09,0.047553,0.051423
-4.8141e-09,0.047563,0.051387
-4.7168e-09,0.047573,0.051354
-4.5957e-09,0.047583,0.051323
-4.4501e-09,0.047593,0.051294
-4.2792e-09,0.047603,0.051269
-4.0827e-09,0.047612,0.051246
-3.8599e-09,0.047621,0.051226
-3.6106e-09,0.04763,0.051209
-3.3344e-09,0.047639,0.051196
-3.0312e-09,0.047647,0.051185
-2.7007e-09,0.047656,0.051178
-2.3431e-09,0.047664,0.051174
-1.9583e-09,0.047671,0.051173
-1.5467e-09,0.047679,0.051176
-1.1086e-09,0.047686,0.051182
-6.4441e-10,0.047692,0.051191
-1.5477e-10,0.047699,0.051204
3.5961e-10,0.047705,0.051219
8.9787e-10,0.04771,0.051239
1.459e-09,0.047715,0.051261
2.0419e-09,0.04772,0.051287
2.6452e-09,0.047724,0.051315
3.2675e-09,0.047727,0.051347
3.9072e-09,0.04773,0.051382
4.5627e-09,0.047733,0.051419
5.2319e-09,0.047734,0.051459
5.913e-09,0.047735,0.051502
6.6037e-09,0.047736,0.051547
7.3017e-09,0.047735,0.051595
8.0045e-09,0.047734,0.051644
8.7096e-09,0.047732,0.051696
9.4142e-09,0.047729,0.051749
1.0115e-08,0.047725,0.051804
1.081e-08,0.047721,0.051861
1.1496e-08,0.047715,0.051918
1.2168e-08,0.047709,0.051977
1.2825e-08,0.047701,0.052037
1.3462e-08,0.047693,0.052097
1.4076e-08,0.047684,0.052158
1.4663e-08,0.047674,0.052219
1.522e-08,0.047662,0.05228
1.5742e-08,0.04765,0.05234
1.6227e-08,0.047636,0.052401
1.667e-08,0.047622,0.052461
1.7068e-08,0.047607,0.05252
1.7416e-08,0.04759,0.052578
1.7711e-08,0.047573,0.052635
1.7948e-08,0.047554,0.05269
1.8125e-08,0.047534,0.052744
1.8237e-08,0.047513,0.052796
1.8281e-08,0.047492,0.052846
1.8253e-08,0.047469,0.052894
1.815e-08,0.047445,0.052939
1.7969e-08,0.04742,0.052982
1.7706e-08,0.047394,0.053023
1.7358e-08,0.047368,0.053061
1.6923e-08,0.04734,0.053095
1.6399e-08,0.047311,0.053127
1.5782e-08,0.047282,0.053156
1.5071e-08,0.047251,0.053181
1.4264e-08,0.04722,0.053203
1.3359e-08,0.047188,0.053221
1.2356e-08,0.047155,0.053237
1.1254e-08,0.047121,0.053248
1.0052e-08,0.047087,0.053256
8.7495e-09,0.047051,0.05326
7.348e-09,0.047016,0.053261
5.8478e-09,0.046979,0.053258
4.2501e-09,0.046942,0.053251
2.5565e-09,0.046905,0.053241
7.6922e-10,0.046867,0.053227
-1.1092e-09,0.046829,0.05321
-3.0756e-09,0.04679,0.053189
-5.1265e-09,0.046751,0.053165
-7.2575e-09,0.046712,0.053137
-9.4642e-09,0.046672,0.053106
-1.1741e-08,0.046633,0.053072
-1.4083e-08,0.046593,0.053035
-1.6483e-08,0.046553,0.052995
-1.8935e-08,0.046514,0.052952
-2.143e-08,0.046474,0.052907
-2.3962e-08,0.046435,0.052859
-2.6522e-08,0.046396,0.052808
-2.91e-08,0.046357,0.052756
-3.1688e-08,0.046318,0.052702
-3.4275e-08,0.04628,0.052646
-3.6851e-08,0.046243,0.052588
-3.9405e-08,0.046205,0.052529
-4.1925e-08,0.046169,0.052468
-4.4399e-08,0.046133,0.052407
-4.6816e-08,0.046098,0.052344
-4.9163e-08,0.046063,0.052281
-5.1426e-08,0.046029,0.052218
-5.3593e-08,0.045996,0.052154
-5.565e-08,0.045964,0.05209
-5.7583e-08,0.045933,0.052027
-5.9378e-08,0.045903,0.051963
-6.1022e-08,0.045874,0.0519
-6.25e-08,0.045846,0.051838
-6.3798e-08,0.045819,0.051777
-6.4901e-08,0.045792,0.051717
-6.5797e-08,0.045768,0.051658
-6.6471e-08,0.045744,0.0516
-6.6909e-08,0.045721,0.051544
-6.7098e-08,0.0457,0.051489
-6.7025e-08,0.045679,0.051436
-6.6677e-08,0.04566,0.051385
-6.6042e-08,0.045642,0.051336
-6.511e-08,0.045626,0.051289
-6.3868e-08,0.04561,0.051244
-6.2306e-08,0.045596,0.051202
-6.0416e-08,0.045583,0.051162
-5.8188e-08,0.045571,0.051124
-5.5615e-08,0.045561,0.051089
-5.2691e-08,0.045551,0.051056
-4.9409e-08,0.045543,0.051025
-4.5766e-08,0.045536,0.050998
-4.1759e-08,0.045531,0.050973
-3.7385e-08,0.045526,0.05095
-3.2645e-08,0.045523,0.05093
-2.754e-08,0.04552,0.050913
-2.2071e-08,0.045519,0.050898
-1.6244e-08,0.045519,0.050886
-1.0064e-08,0.04552,0.050876
-3.5396e-09,0.045522,0.050869
3.3208e-09,0.045525,0.050865
1.0506e-08,0.045529,0.050863
1.8002e-08,0.045535,0.050863
2.5794e-08,0.045541,0.050866
3.3866e-08,0.045548,0.050872
4.2199e-08,0.045557,0.050879
5.0771e-08,0.045566,0.050889
5.9561e-08,0.045577,0.050901
6.8542e-08,0.045588,0.050915
7.7688e-08,0.0456,0.050931
8.6971e-08,0.045614,0.05095
9.6359e-08,0.045628,0.05097
1.0582e-07,0.045644,0.050992
1.1532e-07,0.04566,0.051016
1.2482e-07,0.045678,0.051042
1.3428e-07,0.045697,0.05107
1.4367e-07,0.045716,0.051099
1.5294e-07,0.045737,0.05113
1.6204e-07,0.045759,0.051162
1.7094e-07,0.045782,0.051195
1.7959e-07,0.045806,0.05123
1.8793e-07,0.045831,0.051266
1.9593e-07,0.045858,0.051304
2.0353e-07,0.045885,0.051342
2.1068e-07,0.045914,0.051381
2.1733e-07,0.045943,0.051421
2.2343e-07,0.045974,0.051462
2.2892e-07,0.046006,0.051504
2.3376e-07,0.046039,0.051546
2.379e-07,0.046073,0.051589
2.4127e-07,0.046108,0.051632
2.4384e-07,0.046144,0.051675
2.4554e-07,0.046181,0.051718
2.4634e-07,0.046219,0.051762
2.4618e-07,0.046258,0.051805
2.4502e-07,0.046298,0.051849
2.4281e-07,0.046338,0.051892
2.395e-07,0.04638,0.051935
2.3507e-07,0.046422,0.051977
2.2947e-07,0.046465,0.052019
2.2266e-07,0.046508,0.05206
2.1462e-07,0.046552,0.052101
2.0532e-07,0.046597,0.052141
1.9472e-07,0.046641,0.05218
1.8282e-07,0.046686,0.052218
1.6959e-07,0.046732,0.052255
1.5502e-07,0.046777,0.052291
1.3911e-07,0.046823,0.052326
1.2185e-07,0.046868,0.05236
1.0325e-07,0.046914,0.052392
8.3317e-08,0.046959,0.052423
6.2063e-08,0.047003,0.052453
3.9511e-08,0.047048,0.052482
1.5689e-08,0.047092,0.052509
-9.3716e-09,0.047135,0.052535
-3.5629e-08,0.047177,0.05256
-6.3036e-08,0.047219,0.052583
-9.1538e-08,0.04726,0.052605
-1.2108e-07,0.0473,0.052625
-1.5158e-07,0.047339,0.052644
-1.8297e-07,0.047376,0.052661
-2.1517e-07,0.047412,0.052677
-2.4809e-07,0.047447,0.052692
-2.8163e-07,0.047481,0.052706
-3.1568e-07,0.047513,0.052718
-3.5014e-07,0.047544,0.052729
-3.8488e-07,0.047572,0.052738
-4.1977e-07,0.0476,0.052746
-4.5469e-07,0.047625,0.052754
-4.8949e-07,0.047649,0.05276
-5.2403e-07,0.04767,0.052765
-5.5816e-07,0.04769,0.052769
-5.9171e-07,0.047708,0.052771
-6.2452e-07,0.047724,0.052773
-6.5643e-07,0.047739,0.052774
-6.8727e-07,0.047751,0.052775
-7.1684e-07,0.047761,0.052774
-7.4498e-07,0.047769,0.052773
-7.715e-07,0.047775,0.05277
-7.9621e-07,0.04778,0.052768
-8.1893e-07,0.047782,0.052764
-8.3945e-07,0.047783,0.05276
-8.5761e-07,0.047781,0.052756
-8.7319e-07,0.047778,0.052751
-8.8603e-07,0.047773,0.052745
-8.9592e-07,0.047767,0.052739
-9.0268e-07,0.047759,0.052733
-9.0614e-07,0.047749,0.052726
-9.0612e-07,0.047737,0.052719
-9.0245e-07,0.047725,0.052712
-8.9495e-07,0.04771,0.052705
-8.8349e-07,0.047695,0.052697
-8.679e-07,0.047678,0.052689
-8.4805e-07,0.047661,0.052681
-8.2381e-07,0.047642,0.052672
-7.9506e-07,0.047623,0.052664
-7.617e-07,0.047602,0.052655
-7.2364e-07,0.047581,0.052646
-6.808e-07,0.047559,0.052637
-6.3312e-07,0.047537,0.052628
-5.8056e-07,0.047514,0.052619
-5.2308e-07,0.047491,0.05261
-4.6069e-07,0.047468,0.0526
-3.9339e-07,0.047445,0.05259
-3.2122e-07,0.047422,0.05258
-2.4422e-07,0.047398,0.05257
-1.6248e-07,0.047375,0.05256
-7.6093e-08,0.047352,0.052549
1.4818e-08,0.04733,0.052538
1.1011e-07,0.047308,0.052527
2.096e-07,0.047286,0.052515
3.131e-07,0.047265,0.052503
4.2039e-07,0.047245,0.052491
5.3121e-07,0.047225,0.052478
6.4529e-07,0.047206,0.052465
7.6232e-07,0.047188,0.052451
8.8198e-07,0.04717,0.052437
1.0039e-06,0.047154,0.052422
1.1277e-06,0.047138,0.052407
1.253e-06,0.047124,0.05239
1.3793e-06,0.04711,0.052373
1.5062e-06,0.047098,0.052356
1.6332e-06,0.047086,0.052337
1.7597e-06,0.047076,0.052318
1.8853e-06,0.047066,0.052298
2.0094e-06,0.047058,0.052277
2.1313e-06,0.047051,0.052255
2.2506e-06,0.047045,0.052232
2.3665e-06,0.04704,0.052208
2.4785e-06,0.047036,0.052183
2.5858e-06,0.047033,0.052156
2.6879e-06,0.047031,0.052129
2.7841e-06,0.04703,0.052101
2.8736e-06,0.04703,0.052072
2.9557e-06,0.047031,0.052041
3.0299e-06,0.047033,0.05201
3.0953e-06,0.047036,0.051977
3.1513e-06,0.04704,0.051943
3.1972e-06,0.047045,0.051908
3.2323e-06,0.04705,0.051872
3.256e-06,0.047056,0.051835
3.2674e-06,0.047063,0.051797
3.2661e-06,0.047071,0.051758
3.2514e-06,0.047079,0.051718
3.2227e-06,0.047087,0.051677
3.1794e-06,0.047096,0.051636
3.1209e-06,0.047106,0.051593
3.0468e-06,0.047116,0.05155
2.9565e-06,0.047126,0.051506
2.8498e-06,0.047136,0.051461
2.7261e-06,0.047147,0.051416
2.5851e-06,0.047158,0.05137
2.4266e-06,0.047169,0.051324
2.2504e-06,0.04718,0.051278
2.0562e-06,0.04719,0.051232
1.844e-06,0.047201,0.051185
1.6138e-06,0.047212,0.051138
1.3657e-06,0.047222,0.051092
1.0997e-06,0.047232,0.051045
8.1603e-07,0.047242,0.050999
5.1504e-07,0.047252,0.050953
1.9709e-07,0.047261,0.050908
-1.3736e-07,0.04727,0.050864
-4.8775e-07,0.047278,0.05082
-8.5342e-07,0.047286,0.050777
-1.2336e-06,0.047294,0.050735
-1.6275e-06,0.047301,0.050693
-2.0341e-06,0.047307,0.050653
-2.4524e-06,0.047313,0.050615
-2.8813e-06,0.047319,0.050577
-3.3194e-06,0.047324,0.050542
-3.7654e-06,0.047328,0.050507
-4.2178e-06,0.047332,0.050475
-4.6751e-06,0.047336,0.050444
-5.1356e-06,0.047339,0.050415
-5.5975e-06,0.047341,0.050388
-6.059e-06,0.047344,0.050363
-6.5181e-06,0.047345,0.05034
-6.9726e-06,0.047347,0.050319
-7.4206e-06,0.047348,0.0503
-7.8596e-06,0.047349,0.050284
-8.2874e-06,0.04735,0.05027
-8.7017e-06,0.04735,0.050258
-9.0998e-06,0.047351,0.050249
-9.4792e-06,0.047351,0.050243
-9.8375e-06,0.047351,0.050239
-1.0172e-05,0.047352,0.050237
-1.0479e-05,0.047352,0.050238
-1.0758e-05,0.047353,0.050242
-1.1004e-05,0.047354,0.050248
-1.1215e-05,0.047355,0.050257
-1.1388e-05,0.047356,0.050269
-1.1521e-05,0.047358,0.050283
-1.161e-05,0.047361,0.0503
-1.1653e-05,0.047364,0.05032
-1.1647e-05,0.047367,0.050342
-1.1589e-05,0.047371,0.050366
-1.1476e-05,0.047376,0.050394
-1.1307e-05,0.047382,0.050424
-1.1077e-05,0.047388,0.050456
-1.0786e-05,0.047395,0.050491
-1.043e-05,0.047404,0.050528
-1.0007e-05,0.047413,0.050567
-9.5152e-06,0.047423,0.050609
-8.9525e-06,0.047434,0.050653
-8.3169e-06,0.047446,0.0507
-7.6069e-06,0.04746,0.050748
-6.8208e-06,0.047474,0.050799
-5.9574e-06,0.04749,0.050852
-5.0155e-06,0.047507,0.050906
-3.9941e-06,0.047525,0.050962
-2.8926e-06,0.047545,0.05102
-1.7104e-06,0.047565,0.05108
-4.4749e-07,0.047587,0.051141
8.9628e-07,0.04761,0.051204
2.3206e-06,0.047635,0.051268
3.8248e-06,0.04766,0.051333
5.4082e-06,0.047687,0.0514
7.0696e-06,0.047714,0.051467
8.8075e-06,0.047743,0.051535
1.062e-05,0.047773,0.051604
1.2506e-05,0.047804,0.051674
1.4462e-05,0.047836,0.051744
1.6486e-05,0.047868,0.051814
1.8575e-05,0.047902,0.051885
2.0726e-05,0.047936,0.051955
2.2935e-05,0.047971,0.052026
2.5198e-05,0.048006,0.052096
2.7512e-05,0.048042,0.052166
2.9871e-05,0.048078,0.052236
3.2271e-05,0.048114,0.052305
3.4708e-05,0.04815,0.052373
3.7175e-05,0.048187,0.052441
3.9667e-05,0.048223,0.052507
4.2179e-05,0.048259,0.052573
4.4705e-05,0.048295,0.052637
4.7238e-05,0.04833,0.0527
4.9772e-05,0.048364,0.052761
5.2301e-05,0.048398,0.052821
5.4818e-05,0.048431,0.052879
5.7316e-05,0.048462,0.052936
5.9788e-05,0.048493,0.05299
6.2228e-05,0.048522,0.053043
6.4628e-05,0.04855,0.053093
6.6982e-05,0.048576,0.053142
6.9282e-05,0.0486,0.053188
7.1522e-05,0.048623,0.053232
7.3695e-05,0.048643,0.053273
7.5794e-05,0.048661,0.053312
7.7812e-05,0.048678,0.053349
7.9743e-05,0.048692,0.053383
8.1581e-05,0.048703,0.053414
8.3319e-05,0.048712,0.053443
8.4953e-05,0.048719,0.053469
8.6476e-05,0.048723,0.053492
8.7883e-05,0.048724,0.053513
8.917e-05,0.048722,0.053531
9.0333e-05,0.048718,0.053547
9.1366e-05,0.048711,0.053559
9.2267e-05,0.048701,0.053569
9.3032e-05,0.048688,0.053576
9.3658e-05,0.048673,0.053581
9.4144e-05,0.048655,0.053583
9.4487e-05,0.048634,0.053582
9.4687e-05,0.04861,0.053579
9.4741e-05,0.048583,0.053573
9.4651e-05,0.048554,0.053565
9.4416e-05,0.048522,0.053554
9.4036e-05,0.048488,0.053541
9.3514e-05,0.048451,0.053526
9.2851e-05,0.048413,0.053508
9.2049e-05,0.048371,0.053488
9.1111e-05,0.048328,0.053467
9.004e-05,0.048283,0.053443
8.8839e-05,0.048236,0.053418
8.7514e-05,0.048187,0.053391
8.6068e-05,0.048137,0.053362
8.4506e-05,0.048085,0.053332
8.2833e-05,0.048032,0.0533
8.1056e-05,0.047978,0.053268
7.9179e-05,0.047922,0.053234
7.721e-05,0.047866,0.053199
7.5154e-05,0.04781,0.053163
7.3019e-05,0.047752,0.053126
7.081e-05,0.047695,0.053089
6.8535e-05,0.047637,0.053052
6.6201e-05,0.047579,0.053014
6.3814e-05,0.047522,0.052976
6.1383e-05,0.047464,0.052938
5.8913e-05,0.047408,0.0529
5.6413e-05,0.047351,0.052862
5.3888e-05,0.047296,0.052824
5.1347e-05,0.047241,0.052787
4.8796e-05,0.047188,0.052751
4.6241e-05,0.047135,0.052715
4.369e-05,0.047084,0.05268
4.1148e-05,0.047035,0.052646
3.8622e-05,0.046986,0.052613
3.6118e-05,0.04694,0.052581
3.3642e-05,0.046895,0.052551
3.1198e-05,0.046852,0.052522
2.8793e-05,0.046811,0.052494
2.6431e-05,0.046772,0.052468
2.4118e-05,0.046734,0.052443
2.1857e-05,0.046699,0.05242
1.9652e-05,0.046666,0.052399
1.7507e-05,0.046636,0.052379
1.5427e-05,0.046607,0.052361
1.3413e-05,0.046581,0.052345
1.147e-05,0.046556,0.05233
9.5988e-06,0.046534,0.052318
7.8023e-06,0.046515,0.052307
6.0825e-06,0.046497,0.052298
4.4409e-06,0.046482,0.05229
2.8789e-06,0.046469,0.052285
1.3976e-06,0.046458,0.052281
-2.4868e-09,0.046449,0.052279
-1.3207e-06,0.046442,0.052278
-2.557e-06,0.046437,0.052279
-3.7114e-06,0.046434,0.052282
-4.7842e-06,0.046433,0.052286
-5.776e-06,0.046434,0.052292
-6.6876e-06,0.046437,0.052299
-7.5202e-06,0.046441,0.052307
-8.2748e-06,0.046447,0.052317
-8.953e-06,0.046455,0.052328
-9.5563e-06,0.046464,0.05234
-1.0087e-05,0.046474,0.052353
-1.0546e-05,0.046486,0.052367
-1.0936e-05,0.046499,0.052382
-1.126e-05,0.046513,0.052398
-1.1519e-05,0.046528,0.052415
-1.1716e-05,0.046544,0.052432
-1.1855e-05,0.046561,0.052451
-1.1936e-05,0.046579,0.052469
-1.1963e-05,0.046598,0.052489
-1.1939e-05,0.046617,0.052509
-1.1867e-05,0.046637,0.052529
-1.1749e-05,0.046658,0.05255
-1.1588e-05,0.046679,0.052571
-1.1388e-05,0.0467,0.052593
-1.1151e-05,0.046722,0.052614
-1.0879e-05,0.046744,0.052636
-1.0576e-05,0.046766,0.052658
-1.0245e-05,0.046789,0.05268
-9.8887e-06,0.046812,0.052702
-9.5091e-06,0.046835,0.052724
-9.1093e-06,0.046857,0.052746
-8.6919e-06,0.04688,0.052768
-8.2596e-06,0.046903,0.05279
-7.8147e-06,0.046926,0.052811
-7.3597e-06,0.046949,0.052832
-6.8969e-06,0.046971,0.052853
-6.4286e-06,0.046994,0.052874
-5.9569e-06,0.047016,0.052894
-5.4839e-06,0.047039,0.052914
-5.0115e-06,0.047061,0.052933
-4.5415e-06,0.047083,0.052951
-4.0758e-06,0.047105,0.05297
-3.616e-06,0.047126,0.052987
-3.1636e-06,0.047148,0.053004
-2.7201e-06,0.047169,0.053021
-2.2868e-06,0.047191,0.053036
-1.8649e-06,0.047212,0.053051
-1.4555e-06,0.047233,0.053065
-1.0597e-06,0.047254,0.053079
-6.7841e-07,0.047275,0.053092
-3.124e-07,0.047296,0.053104
3.7601e-08,0.047316,0.053115
3.7098e-07,0.047337,0.053125
6.8721e-07,0.047357,0.053135
9.8586e-07,0.047378,0.053143
1.2666e-06,0.047398,0.053151
1.5292e-06,0.047419,0.053158
1.7734e-06,0.047439,0.053164
1.9993e-06,0.047459,0.05317
2.2067e-06,0.04748,0.053174
2.3957e-06,0.0475,0.053177
2.5665e-06,0.04752,0.05318
2.7192e-06,0.04754,0.053182
2.8541e-06,0.04756,0.053183
2.9716e-06,0.04758,0.053183
3.0719e-06,0.0476,0.053182
3.1556e-06,0.04762,0.05318
3.223e-06,0.04764,0.053178
3.2747e-06,0.047659,0.053174
3.3112e-06,0.047678,0.05317
3.3331e-06,0.047697,0.053165
3.341e-06,0.047716,0.053159
3.3355e-06,0.047734,0.053153
3.3172e-06,0.047752,0.053145
3.2869e-06,0.047769,0.053137
3.2452e-06,0.047786,0.053128
3.1929e-06,0.047802,0.053118
3.1306e-06,0.047818,0.053107
3.059e-06,0.047833,0.053096
2.9789e-06,0.047847,0.053084
2.8909e-06,0.04786,0.053071
2.7958e-06,0.047873,0.053057
2.6943e-06,0.047884,0.053043
2.5871e-06,0.047894,0.053028
2.4748e-06,0.047903,0.053012
2.3582e-06,0.047911,0.052995
2.2379e-06,0.047918,0.052978
2.1145e-06,0.047924,0.05296
1.9887e-06,0.047928,0.052941
1.861e-06,0.04793,0.052922
1.7321e-06,0.047932,0.052902
1.6024e-06,0.047931,0.052881
1.4726e-06,0.047929,0.052859
1.3432e-06,0.047926,0.052837
1.2146e-06,0.047921,0.052814
1.0873e-06,0.047914,0.052791
9.6167e-07,0.047906,0.052766
8.3821e-07,0.047896,0.052742
7.1725e-07,0.047884,0.052716
5.9916e-07,0.047871,0.05269
4.8425e-07,0.047856,0.052663
3.7283e-07,0.04784,0.052635
2.6515e-07,0.047822,0.052607
1.6146e-07,0.047802,0.052579
6.197e-08,0.047781,0.052549
-3.3124e-08,0.047758,0.05252
-1.2366e-07,0.047734,0.052489
-2.0951e-07,0.047709,0.052458
-2.9056e-07,0.047682,0.052427
-3.6671e-07,0.047654,0.052395
-4.379e-07,0.047625,0.052363
-5.0409e-07,0.047594,0.05233
-5.6526e-07,0.047563,0.052297
-6.2141e-07,0.047531,0.052263
-6.7254e-07,0.047498,0.052229
-7.1871e-07,0.047465,0.052195
-7.5996e-07,0.04743,0.052161
-7.9637e-07,0.047396,0.052126
-8.2802e-07,0.047361,0.052091
-8.55e-07,0.047325,0.052056
-8.7745e-07,0.047289,0.052021
-8.9547e-07,0.047254,0.051985
-9.0921e-07,0.047218,0.05195
-9.1881e-07,0.047183,0.051914
-9.2444e-07,0.047147,0.051879
-9.2625e-07,0.047112,0.051843
-9.2442e-07,0.047078,0.051808
-9.1912e-07,0.047044,0.051773
-9.1053e-07,0.04701,0.051738
-8.9885e-07,0.046978,0.051703
-8.8427e-07,0.046946,0.051668
-8.6696e-07,0.046915,0.051633
-8.4714e-07,0.046885,0.051599
-8.2498e-07,0.046856,0.051565
-8.007e-07,0.046828,0.051531
-7.7447e-07,0.046801,0.051498
-7.465e-07,0.046775,0.051465
-7.1697e-07,0.04675,0.051432
-6.8606e-07,0.046727,0.0514
-6.5397e-07,0.046705,0.051368
-6.2086e-07,0.046684,0.051337
-5.8692e-07,0.046665,0.051307
-5.5232e-07,0.046646,0.051277
-5.1721e-07,0.046629,0.051247
-4.8176e-07,0.046614,0.051218
-4.4612e-07,0.046599,0.05119
-4.1044e-07,0.046586,0.051163
-3.7485e-07,0.046574,0.051136
-3.3949e-07,0.046564,0.05111
-3.0448e-07,0.046554,0.051084
-2.6994e-07,0.046546,0.05106
-2.3599e-07,0.046538,0.051036
-2.0272e-07,0.046532,0.051013
-1.7023e-07,0.046527,0.05099
-1.3862e-07,0.046522,0.050969
-1.0795e-07,0.046519,0.050948
-7.8309e-08,0.046516,0.050929
-4.9757e-08,0.046514,0.05091
-2.2354e-08,0.046512,0.050892
3.8479e-09,0.046512,0.050875
2.8805e-08,0.046511,0.050859
5.2479e-08,0.046512,0.050844
7.4839e-08,0.046512,0.05083
9.586e-08,0.046513,0.050816
1.1553e-07,0.046515,0.050804
1.3382e-07,0.046516,0.050793
1.5074e-07,0.046518,0.050783
1.6629e-07,0.04652,0.050774
1.8047e-07,0.046522,0.050765
1.9328e-07,0.046524,0.050758
2.0475e-07,0.046526,0.050752
2.1489e-07,0.046528,0.050747
2.2373e-07,0.046529,0.050743
2.3129e-07,0.046531,0.05074
2.376e-07,0.046533,0.050738
2.427e-07,0.046534,0.050738
2.4663e-07,0.046535,0.050738
2.4942e-07,0.046537,0.05074
2.5112e-07,0.046538,0.050742
2.5177e-07,0.046538,0.050746
2.5142e-07,0.046539,0.050751
2.5012e-07,0.04654,0.050757
2.4791e-07,0.04654,0.050764
2.4486e-07,0.04654,0.050773
2.41e-07,0.04654,0.050782
2.364e-07,0.04654,0.050793
2.311e-07,0.04654,0.050805
2.2516e-07,0.046541,0.050818
2.1863e-07,0.046541,0.050833
2.1156e-07,0.046541,0.050848
2.0401e-07,0.046541,0.050865
1.9603e-07,0.046541,0.050883
1.8767e-07,0.046542,0.050902
1.7897e-07,0.046543,0.050922
1.7e-07,0.046544,0.050944
1.6079e-07,0.046545,0.050966
1.5139e-07,0.046547,0.05099
1.4185e-07,0.046549,0.051015
1.3222e-07,0.046551,0.05104
1.2252e-07,0.046554,0.051067
1.1281e-07,0.046557,0.051095
1.0312e-07,0.04656,0.051124
9.3486e-08,0.046564,0.051153
8.3944e-08,0.046569,0.051183
7.4527e-08,0.046574,0.051215
6.5265e-08,0.046579,0.051247
5.6185e-08,0.046585,0.051279
4.7316e-08,0.046592,0.051312
3.868e-08,0.046599,0.051346
3.0301e-08,0.046606,0.05138
2.2198e-08,0.046614,0.051415
1.439e-08,0.046622,0.05145
6.893e-09,0.046631,0.051485
-2.7868e-10,0.04664,0.051521
-7.1127e-09,0.046649,0.051557
-1.3598e-08,0.046659,0.051593
-1.9727e-08,0.046669,0.051629
-2.5493e-08,0.04668,0.051665
-3.0889e-08,0.04669,0.051701
-3.5913e-08,0.046701,0.051736
-4.0563e-08,0.046712,0.051772
-4.4838e-08,0.046723,0.051807
-4.874e-08,0.046734,0.051842
-5.2271e-08,0.046746,0.051877
-5.5435e-08,0.046757,0.051911
-5.8236e-08,0.046768,0.051944
-6.0682e-08,0.046779,0.051977
-6.2778e-08,0.04679,0.05201
-6.4535e-08,0.046801,0.052042
-6.596e-08,0.046812,0.052073
-6.7064e-08,0.046823,0.052103
-6.7858e-08,0.046833,0.052132
-6.8353e-08,0.046843,0.052161
-6.8562e-08,0.046853,0.052189
-6.8496e-08,0.046863,0.052216
-6.817e-08,0.046872,0.052242
-6.7596e-08,0.046882,0.052266
-6.6788e-08,0.04689,0.05229
-6.5761e-08,0.046899,0.052313
-6.4529e-08,0.046907,0.052335
-6.3105e-08,0.046915,0.052355
-6.1506e-08,0.046923,0.052374
-5.9744e-08,0.04693,0.052392
-5.7835e-08,0.046937,0.052409
-5.5793e-08,0.046944,0.052424
-5.3631e-08,0.046951,0.052438
-5.1364e-08,0.046957,0.052451
-4.9005e-08,0.046963,0.052462
-4.6569e-08,0.046969,0.052472
-4.4067e-08,0.046975,0.052481
-4.1513e-08,0.046981,0.052488
-3.8918e-08,0.046986,0.052494
-3.6296e-08,0.046992,0.052498
-3.3656e-08,0.046997,0.052501
-3.1011e-08,0.047002,0.052502
-2.837e-08,0.047008,0.052502
-2.5744e-08,0.047013,0.052501
-2.3142e-08,0.047018,0.052498
-2.0573e-08,0.047023,0.052494
-1.8045e-08,0.047029,0.052489
-1.5566e-08,0.047034,0.052482
-1.3144e-08,0.047039,0.052474
-1.0785e-08,0.047044,0.052465
-8.4943e-09,0.047049,0.052455
-6.2788e-09,0.047054,0.052444
-4.143e-09,0.047059,0.052432
-2.0915e-09,0.047064,0.052418
-1.2829e-10,0.047069,0.052404
1.7433e-09,0.047074,0.052389
3.5204e-09,0.047079,0.052374
5.2005e-09,0.047083,0.052357
6.7817e-09,0.047088,0.05234
8.2626e-09,0.047092,0.052323
9.6422e-09,0.047096,0.052305
1.092e-08,0.047099,0.052287
1.2095e-08,0.047102,0.052269
1.3169e-08,0.047105,0.052251
1.4142e-08,0.047107,0.052232
1.5014e-08,0.047108,0.052214
1.5788e-08,0.047109,0.052196
1.6465e-08,0.04711,0.052178
1.7046e-08,0.047109,0.052161
1.7534e-08,0.047108,0.052144
1.7932e-08,0.047105,0.052128
1.8242e-08,0.047102,0.052112
1.8468e-08,0.047098,0.052097
1.8611e-08,0.047093,0.052083
1.8676e-08,0.047086,0.05207
1.8666e-08,0.047079,0.052058
1.8585e-08,0.04707,0.052047
1.8435e-08,0.04706,0.052037
1.8222e-08,0.047049,0.052028
1.7949e-08,0.047036,0.052021
1.7619e-08,0.047023,0.052015
1.7236e-08,0.047007,0.05201
1.6806e-08,0.046991,0.052007
1.633e-08,0.046973,0.052004
1.5814e-08,0.046954,0.052004
1.5262e-08,0.046934,0.052005
1.4676e-08,0.046912,0.052007
1.4062e-08,0.046889,0.052011
1.3422e-08,0.046865,0.052016
1.276e-08,0.04684,0.052022
1.208e-08,0.046814,0.05203
1.1386e-08,0.046786,0.052039
1.068e-08,0.046758,0.052049
9.9661e-09,0.046728,0.052061
9.2474e-09,0.046698,0.052074
8.5268e-09,0.046667,0.052088
7.8071e-09,0.046635,0.052103
7.0912e-09,0.046603,0.052119
6.3815e-09,0.04657,0.052136
5.6805e-09,0.046536,0.052154
4.9905e-09,0.046503,0.052173
4.3137e-09,0.046469,0.052192
3.652e-09,0.046435,0.052212
3.0073e-09,0.0464,0.052233
2.3813e-09,0.046366,0.052254
1.7754e-09,0.046332,0.052275
1.1912e-09,0.046298,0.052297
6.2974e-10,0.046264,0.052319
9.2241e-11,0.046231,0.05234
-4.2039e-10,0.046198,0.052362
-9.0734e-10,0.046165,0.052384
-1.3679e-09,0.046133,0.052406
-1.8017e-09,0.046102,0.052427
-2.2081e-09,0.046072,0.052448
-2.5869e-09,0.046042,0.052468
-2.938e-09,0.046013,0.052488
-3.2613e-09,0.045985,0.052508
-3.5568e-09,0.045958,0.052527
-3.8248e-09,0.045932,0.052545
-4.0655e-09,0.045907,0.052562
-4.2792e-09,0.045883,0.052579
-4.4663e-09,0.04586,0.052594
-4.6275e-09,0.045838,0.052609
-4.7633e-09,0.045818,0.052623
-4.8743e-09,0.045798,0.052635
-4.9614e-09,0.04578,0.052647
-5.0252e-09,0.045763,0.052657
-5.0667e-09,0.045747,0.052667
-5.0867e-09,0.045733,0.052675
-5.0862e-09,0.04572,0.052682
-5.0661e-09,0.045708,0.052688
-5.0274e-09,0.045697,0.052692
-4.9711e-09,0.045687,0.052696
-4.8983e-09,0.045679,0.052698
-4.8101e-09,0.045672,0.052699
-4.7075e-09,0.045666,0.052698
-4.5915e-09,0.045662,0.052696
-4.4633e-09,0.045658,0.052693
-4.3239e-09,0.045656,0.052689
-4.1744e-09,0.045656,0.052684
-4.0158e-09,0.045656,0.052677
-3.8492e-09,0.045658,0.052669
-3.6756e-09,0.045661,0.052659
-3.4959e-09,0.045665,0.052648
-3.3112e-09,0.04567,0.052636
-3.1224e-09,0.045677,0.052623
-2.9305e-09,0.045685,0.052609
-2.7362e-09,0.045694,0.052593
-2.5405e-09,0.045705,0.052576
-2.3443e-09,0.045716,0.052557
-2.1481e-09,0.045729,0.052537
-1.953e-09,0.045743,0.052516
-1.7594e-09,0.045759,0.052494
-1.5682e-09,0.045775,0.05247
-1.3799e-09,0.045794,0.052445
-1.1951e-09,0.045813,0.052418
-1.0143e-09,0.045834,0.05239
-8.3817e-10,0.045856,0.052361
-6.6705e-10,0.045879,0.05233
-5.0139e-10,0.045904,0.052298
-3.4158e-10,0.04593,0.052264
-1.8794e-10,0.045958,0.052229
-4.0797e-11,0.045987,0.052192
9.9603e-11,0.046018,0.052153
2.3303e-10,0.04605,0.052113
3.593e-10,0.046084,0.052072
4.7825e-10,0.046119,0.052028
5.8978e-10,0.046155,0.051984
6.9381e-10,0.046193,0.051937
7.9027e-10,0.046233,0.051889
8.7917e-10,0.046274,0.051839
9.605e-10,0.046317,0.051787
1.0343e-09,0.046362,0.051734
1.1007e-09,0.046408,0.051679
1.1597e-09,0.046455,0.051623
1.2115e-09,0.046504,0.051565
1.2561e-09,0.046555,0.051505
1.2939e-09,0.046607,0.051444
1.3248e-09,0.04666,0.051381
1.3493e-09,0.046715,0.051316
1.3673e-09,0.046772,0.051251
1.3793e-09,0.04683,0.051184
1.3854e-09,0.046889,0.051115
1.3858e-09,0.04695,0.051045
1.3809e-09,0.047012,0.050975
1.3709e-09,0.047075,0.050903
1.3561e-09,0.047139,0.05083
1.3367e-09,0.047205,0.050757
1.3132e-09,0.047272,0.050682
1.2856e-09,0.04734,0.050608
1.2544e-09,0.047408,0.050533
1.2198e-09,0.047478,0.050457
1.1822e-09,0.047548,0.050382
1.1417e-09,0.047619,0.050306
1.0988e-09,0.047691,0.050231
1.0536e-09,0.047763,0.050156
1.0065e-09,0.047836,0.050082
9.5775e-10,0.047909,0.050008
9.0757e-10,0.047982,0.049935
8.5625e-10,0.048056,0.049864
8.0404e-10,0.048129,0.049794
7.5118e-10,0.048202,0.049725
6.9791e-10,0.048275,0.049658
6.4444e-10,0.048348,0.049594
5.9101e-10,0.04842,0.049531
5.378e-10,0.048492,0.049471
4.8502e-10,0.048562,0.049413
4.3284e-10,0.048632,0.049358
3.8145e-10,0.048701,0.049307
3.3099e-10,0.048768,0.049258
2.8163e-10,0.048835,0.049213
2.335e-10,0.0489,0.049172
1.8673e-10,0.048963,0.049134
1.4144e-10,0.049025,0.0491
9.7723e-11,0.049085,0.04907
5.5683e-11,0.049143,0.049045
1.5402e-11,0.049199,0.049024
-2.3049e-11,0.049253,0.049008
-5.9606e-11,0.049304,0.048996
-9.4218e-11,0.049353,0.048989
-1.2684e-10,0.0494,0.048987
-1.5745e-10,0.049444,0.048991
-1.8601e-10,0.049485,0.048999
-2.1251e-10,0.049524,0.049012
-2.3695e-10,0.049559,0.04903
-2.5933e-10,0.049592,0.049054
-2.7967e-10,0.049622,0.049083
-2.9797e-10,0.049648,0.049117
-3.1426e-10,0.049672,0.049156
-3.2857e-10,0.049692,0.049201
-3.4095e-10,0.049709,0.04925
-3.5144e-10,0.049722,0.049304
-3.6007e-10,0.049732,0.049364
-3.6692e-10,0.049739,0.049428
-3.7203e-10,0.049743,0.049497
-3.7546e-10,0.049743,0.049571
-3.7729e-10,0.049739,0.049649
-3.7757e-10,0.049732,0.049731
-3.7639e-10,0.049722,0.049818
-3.7382e-10,0.049708,0.049908
-3.6992e-10,0.049691,0.050003
-3.6478e-10,0.049671,0.050101
-3.5848e-10,0.049647,0.050203
-3.5109e-10,0.04962,0.050307
-3.4269e-10,0.04959,0.050415
-3.3337e-10,0.049557,0.050526
-3.232e-10,0.049521,0.050639
-3.1226e-10,0.049482,0.050755
-3.0063e-10,0.04944,0.050872
-2.8839e-10,0.049396,0.050992
-2.7561e-10,0.049349,0.051113
-2.6237e-10,0.049299,0.051235
-2.4874e-10,0.049247,0.051359
-2.3479e-10,0.049193,0.051483
-2.2059e-10,0.049137,0.051608
-2.0621e-10,0.049079,0.051734
-1.9171e-10,0.049019,0.051859
-1.7715e-10,0.048957,0.051985
-1.6259e-10,0.048894,0.05211
-1.4808e-10,0.04883,0.052234
-1.3369e-10,0.048765,0.052358
-1.1945e-10,0.048698,0.05248
-1.0543e-10,0.048631,0.052602
-9.1654e-11,0.048563,0.052721
-7.8173e-11,0.048494,0.052839
-6.5024e-11,0.048426,0.052955
-5.2241e-11,0.048357,0.053069
-3.9856e-11,0.048288,0.05318
-2.79e-11,0.048219,0.053289
-1.6396e-11,0.04815,0.053396
-5.3698e-12,0.048082,0.053499
5.1599e-12,0.048015,0.053599
1.5176e-11,0.047948,0.053696
2.4663e-11,0.047883,0.05379
3.361e-11,0.047818,0.053881
4.2007e-11,0.047754,0.053968
4.9849e-11,0.047692,0.054051
5.713e-11,0.047631,0.054131
6.385e-11,0.047572,0.054207
7.0008e-11,0.047514,0.054279
7.5607e-11,0.047458,0.054347
8.0652e-11,0.047404,0.054411
8.515e-11,0.047352,0.054471
8.9108e-11,0.047302,0.054527
9.2537e-11,0.047254,0.054579
9.5449e-11,0.047208,0.054627
9.7856e-11,0.047165,0.054671
9.9773e-11,0.047124,0.054711
1.0122e-10,0.047085,0.054747
1.022e-10,0.047049,0.054779
1.0274e-10,0.047015,0.054808
1.0287e-10,0.046983,0.054832
1.0259e-10,0.046955,0.054852
1.0193e-10,0.046928,0.054869
1.009e-10,0.046905,0.054882
9.954e-11,0.046884,0.054892
9.7856e-11,0.046865,0.054898
9.5874e-11,0.046849,0.054901
9.3616e-11,0.046836,0.0549
9.1103e-11,0.046826,0.054896
8.8357e-11,0.046818,0.054889
8.5399e-11,0.046812,0.054879
8.2251e-11,0.046809,0.054867
7.8933e-11,0.046809,0.054851
7.5468e-11,0.046811,0.054833
7.1873e-11,0.046815,0.054812
6.8171e-11,0.046822,0.054789
6.438e-11,0.046831,0.054764
6.0518e-11,0.046843,0.054736
5.6604e-11,0.046856,0.054706
5.2656e-11,0.046872,0.054675
4.869e-11,0.04689,0.054641
4.4723e-11,0.046909,0.054606
4.077e-11,0.046931,0.054569
3.6845e-11,0.046954,0.054531
3.2962e-11,0.046979,0.054491
2.9134e-11,0.047006,0.05445
2.5374e-11,0.047034,0.054407
2.1692e-11,0.047064,0.054364
1.81e-11,0.047094,0.054319
1.4606e-11,0.047126,0.054274
1.122e-11,0.047159,0.054228
7.95e-12,0.047193,0.054181
4.8025e-12,0.047227,0.054133
1.7843e-12,0.047263,0.054085
-1.0992e-12,0.047298,0.054036
-3.8431e-12,0.047334,0.053986
-6.4434e-12,0.047371,0.053937
-8.8969e-12,0.047407,0.053887
-1.1201e-11,0.047444,0.053836
-1.3354e-11,0.047481,0.053786
-1.5354e-11,0.047517,0.053735
-1.7201e-11,0.047553,0.053685
-1.8895e-11,0.047588,0.053634
-2.0437e-11,0.047623,0.053583
-2.1828e-11,0.047657,0.053532
-2.3069e-11,0.047691,0.053482
-2.4164e-11,0.047723,0.053432
-2.5113e-11,0.047754,0.053381
-2.5922e-11,0.047785,0.053331
-2.6592e-11,0.047814,0.053282
-2.7129e-11,0.047842,0.053232
-2.7536e-11,0.047868,0.053183
-2.7817e-11,0.047893,0.053135
-2.7978e-11,0.047917,0.053086
-2.8024e-11,0.047939,0.053038
-2.796e-11,0.047959,0.052991
-2.7791e-11,0.047978,0.052944
-2.7523e-11,0.047995,0.052897
-2.7161e-11,0.04801,0.052851
-2.6711e-11,0.048023,0.052806
-2.618e-11,0.048035,0.052761
-2.5573e-11,0.048045,0.052716
-2.4896e-11,0.048052,0.052672
-2.4154e-11,0.048059,0.052629
-2.3354e-11,0.048063,0.052586
-2.2502e-11,0.048065,0.052544
-2.1603e-11,0.048066,0.052503
-2.0663e-11,0.048065,0.052462
-1.9688e-11,0.048062,0.052422
-1.8682e-11,0.048058,0.052382
-1.7652e-11,0.048052,0.052343
-1.6602e-11,0.048044,0.052305
-1.5537e-11,0.048035,0.052267
-1.4462e-11,0.048024,0.05223
-1.3382e-11,0.048012,0.052194
-1.2301e-11,0.047998,0.052159
-1.1224e-11,0.047983,0.052124
-1.0153e-11,0.047968,0.05209
-9.0941e-12,0.04795,0.052057
-8.0496e-12,0.047932,0.052024
-7.023e-12,0.047913,0.051993
-6.0176e-12,0.047894,0.051962
-5.0362e-12,0.047873,0.051932
-4.0815e-12,0.047852,0.051902
-3.1558e-12,0.04783,0.051874
-2.2614e-12,0.047807,0.051846
-1.4002e-12,0.047785,0.051819
-5.7408e-13,0.047762,0.051793
2.1549e-13,0.047738,0.051767
9.6718e-13,0.047715,0.051743
1.6799e-12,0.047692,0.051719
2.3526e-12,0.047668,0.051696
2.9847e-12,0.047645,0.051674
3.5757e-12,0.047622,0.051652
4.1251e-12,0.047599,0.051631
4.6329e-12,0.047577,0.051611
5.099e-12,0.047554,0.051592
5.5235e-12,0.047533,0.051573
5.9069e-12,0.047512,0.051555
6.2494e-12,0.047491,0.051538
6.5519e-12,0.047471,0.051521
6.8148e-12,0.047452,0.051505
7.0392e-12,0.047433,0.051489
7.2259e-12,0.047415,0.051474
7.376e-12,0.047398,0.051459
7.4907e-12,0.047382,0.051445
7.571e-12,0.047366,0.051431
7.6185e-12,0.047352,0.051417
7.6343e-12,0.047338,0.051404
7.62e-12,0.047324,0.051391
7.577e-12,0.047312,0.051379
7.5068e-12,0.0473,0.051366
7.411e-12,0.047289,0.051354
7.2911e-12,0.047279,0.051342
7.1487e-12,0.04727,0.05133
6.9854e-12,0.047261,0.051318
6.8029e-12,0.047253,0.051306
6.6028e-12,0.047245,0.051295
6.3866e-12,0.047238,0.051283
6.1559e-12,0.047232,0.051271
5.9123e-12,0.047226,0.051259
5.6574e-12,0.04722,0.051247
5.3926e-12,0.047215,0.051235
5.1195e-12,0.04721,0.051222
4.8395e-12,0.047206,0.05121
4.5539e-12,0.047201,0.051197
4.2642e-12,0.047197,0.051184
3.9717e-12,0.047193,0.051171
3.6776e-12,0.047189,0.051158
3.3831e-12,0.047184,0.051145
3.0894e-12,0.04718,0.051132
2.7976e-12,0.047176,0.051118
2.5087e-12,0.047171,0.051104
2.2237e-12,0.047166,0.051091
1.9434e-12,0.047161,0.051077
1.6689e-12,0.047156,0.051063
1.4008e-12,0.04715,0.05105
1.1399e-12,0.047143,0.051036
8.868e-13,0.047137,0.051022
6.422e-13,0.047129,0.051009
4.066e-13,0.047122,0.050996
1.8048e-13,0.047113,0.050982
-3.5713e-14,0.047104,0.05097
-2.4163e-13,0.047095,0.050957
-4.3694e-13,0.047084,0.050945
-6.2141e-13,0.047074,0.050933
-7.9483e-13,0.047062,0.050922
-9.5704e-13,0.04705,0.050911
-1.108e-12,0.047038,0.050901
-1.2475e-12,0.047025,0.050891
-1.3757e-12,0.047011,0.050882
-1.4926e-12,0.046997,0.050873
-1.5982e-12,0.046982,0.050865
-1.6928e-12,0.046967,0.050858
-1.7763e-12,0.046952,0.050851
-1.8491e-12,0.046936,0.050845
-1.9114e-12,0.04692,0.05084
-1.9634e-12,0.046904,0.050836
-2.0053e-12,0.046888,0.050832
-2.0376e-12,0.046872,0.050829
-2.0605e-12,0.046856,0.050827
-2.0744e-12,0.04684,0.050826
-2.0796e-12,0.046824,0.050825
-2.0766e-12,0.046809,0.050825
-2.0657e-12,0.046794,0.050826
-2.0474e-12,0.046779,0.050828
-2.022e-12,0.046766,0.05083
-1.9901e-12,0.046752,0.050833
-1.9519e-12,0.04674,0.050837
-1.908e-12,0.046729,0.050841
-1.8589e-12,0.046719,0.050846
-1.8049e-12,0.046709,0.050852
-1.7464e-12,0.046701,0.050858
-1.684e-12,0.046695,0.050865
-1.618e-12,0.046689,0.050872
-1.5489e-12,0.046686,0.05088
-1.477e-12,0.046683,0.050888
-1.4028e-12,0.046683,0.050897
-1.3267e-12,0.046684,0.050906
-1.2491e-12,0.046687,0.050916
-1.1703e-12,0.046692,0.050926
-1.0907e-12,0.046698,0.050936
-1.0106e-12,0.046707,0.050946
-9.3036e-13,0.046717,0.050957
-8.5031e-13,0.046729,0.050968
-7.7075e-13,0.046743,0.050979
-6.9194e-13,0.04676,0.050991
-6.1417e-13,0.046778,0.051003
-5.3768e-13,0.046798,0.051014
-4.6271e-13,0.04682,0.051027
-3.8948e-13,0.046844,0.051039
-3.1818e-13,0.046869,0.051051
-2.49e-13,0.046897,0.051064
-1.821e-13,0.046926,0.051076
-1.1765e-13,0.046957,0.051089
-5.5762e-14,0.046989,0.051102
3.433e-15,0.047023,0.051115
5.9837e-14,0.047058,0.051128
1.1336e-13,0.047094,0.051142
1.6394e-13,0.047131,0.051155
2.1151e-13,0.047169,0.051169
2.5604e-13,0.047209,0.051183
2.9748e-13,0.047249,0.051196
3.3584e-13,0.047289,0.05121
3.711e-13,0.04733,0.051225
4.0328e-13,0.047371,0.051239
4.3239e-13,0.047413,0.051254
4.5847e-13,0.047454,0.051268
4.8156e-13,0.047496,0.051283
5.0171e-13,0.047537,0.051298
5.1898e-13,0.047578,0.051313
5.3344e-13,0.047618,0.051328
5.4516e-13,0.047658,0.051344
5.5424e-13,0.047696,0.051359
5.6075e-13,0.047734,0.051375
5.648e-13,0.047771,0.05139
5.6647e-13,0.047807,0.051406
5.6589e-13,0.047842,0.051422
5.6316e-13,0.047875,0.051438
5.5838e-13,0.047907,0.051454
5.5167e-13,0.047938,0.05147
5.4315e-13,0.047967,0.051487
5.3294e-13,0.047994,0.051503
5.2116e-13,0.048019,0.051519
5.0791e-13,0.048043,0.051535
4.9334e-13,0.048064,0.051551
4.7754e-13,0.048084,0.051567
4.6065e-13,0.048102,0.051583
4.4277e-13,0.048118,0.051599
4.2403e-13,0.048132,0.051614
4.0453e-13,0.048144,0.05163
3.8439e-13,0.048154,0.051645
3.6371e-13,0.048162,0.05166
3.426e-13,0.048168,0.051675
3.2116e-13,0.048172,0.05169
2.9949e-13,0.048174,0.051704
2.7768e-13,0.048174,0.051718
2.5583e-13,0.048172,0.051732
2.3401e-13,0.048168,0.051745
2.1232e-13,0.048162,0.051758
1.9083e-13,0.048155,0.05177
1.6961e-13,0.048145,0.051782
1.4873e-13,0.048134,0.051794
1.2826e-13,0.048122,0.051805
1.0825e-13,0.048107,0.051816
8.8769e-14,0.048092,0.051826
6.9858e-14,0.048074,0.051836
5.1565e-14,0.048056,0.051846
3.3932e-14,0.048036,0.051854
1.6995e-14,0.048014,0.051862
7.8829e-16,0.047992,0.05187
-1.4661e-14,0.047968,0.051877
-2.9329e-14,0.047944,0.051884
-4.3196e-14,0.047919,0.05189
-5.6245e-14,0.047892,0.051895
-6.8465e-14,0.047865,0.0519
-7.9848e-14,0.047837,0.051904
-9.0389e-14,0.047809,0.051908
-1.0009e-13,0.04778,0.051911
-1.0894e-13,0.04775,0.051913
-1.1697e-13,0.04772,0.051915
-1.2416e-13,0.04769,0.051916
-1.3054e-13,0.04766,0.051917
-1.3611e-13,0.047629,0.051917
-1.409e-13,0.047598,0.051917
-1.4492e-13,0.047567,0.051916
-1.482e-13,0.047536,0.051915
-1.5075e-13,0.047505,0.051914
-1.526e-13,0.047474,0.051912
-1.5377e-13,0.047443,0.051909
-1.543e-13,0.047412,0.051906
-1.5421e-13,0.047381,0.051903
-1.5352e-13,0.04735,0.0519
-1.5228e-13,0.04732,0.051897
-1.5051e-13,0.04729,0.051893
-1.4824e-13,0.04726,0.051889
-1.4551e-13,0.04723,0.051885
-1.4234e-13,0.047201,0.051881
-1.3878e-13,0.047172,0.051877
-1.3485e-13,0.047144,0.051874
-1.3058e-13,0.047115,0.05187
-1.2601e-13,0.047087,0.051867
-1.2116e-13,0.047059,0.051864
-1.1608e-13,0.047032,0.051861
-1.1079e-13,0.047005,0.051859
-1.0532e-13,0.046978,0.051857
-9.9704e-14,0.046952,0.051856
-9.3964e-14,0.046926,0.051855
-8.8132e-14,0.0469,0.051855
-8.2234e-14,0.046875,0.051856
-7.6296e-14,0.04685,0.051858
-7.0343e-14,0.046825,0.051861
-6.4397e-14,0.046801,0.051864
-5.8483e-14,0.046777,0.051869
-5.2621e-14,0.046753,0.051874
-4.6831e-14,0.046729,0.051881
-4.1132e-14,0.046706,0.051889
-3.5542e-14,0.046683,0.051898
-3.0077e-14,0.046661,0.051908
-2.4753e-14,0.046639,0.05192
-1.9584e-14,0.046617,0.051933
-1.4581e-14,0.046596,0.051947
-9.7571e-15,0.046575,0.051963
-5.1219e-15,0.046554,0.051979
-6.8435e-16,0.046534,0.051998
3.5476e-15,0.046515,0.052017
7.5673e-15,0.046496,0.052038
1.1369e-14,0.046477,0.052061
1.4949e-14,0.046459,0.052084
1.8303e-14,0.046442,0.052109
2.1429e-14,0.046425,0.052135
2.4326e-14,0.046409,0.052163
2.6994e-14,0.046394,0.052192
2.9432e-14,0.04638,0.052221
3.1642e-14,0.046366,0.052252
3.3627e-14,0.046353,0.052284
3.5389e-14,0.046342,0.052317
3.6932e-14,0.046331,0.052351
3.826e-14,0.046321,0.052386
3.9379e-14,0.046312,0.052421
4.0293e-14,0.046304,0.052458
4.1009e-14,0.046298,0.052494
4.1534e-14,0.046292,0.052532
4.1874e-14,0.046288,0.05257
4.2037e-14,0.046285,0.052608
4.203e-14,0.046284,0.052647
4.1861e-14,0.046283,0.052685
4.1539e-14,0.046284,0.052724
4.1072e-14,0.046286,0.052763
4.0468e-14,0.046289,0.052802
3.9737e-14,0.046294,0.052841
3.8888e-14,0.0463,0.052879
3.7928e-14,0.046307,0.052918
3.6867e-14,0.046316,0.052955
3.5714e-14,0.046326,0.052992
3.4477e-14,0.046337,0.053029
3.3165e-14,0.04635,0.053064
3.1787e-14,0.046363,0.053099
3.0352e-14,0.046378,0.053133
2.8866e-14,0.046394,0.053166
2.7339e-14,0.046411,0.053198
2.5778e-14,0.046429,0.053228
2.4191e-14,0.046448,0.053258
2.2586e-14,0.046468,0.053286
2.0968e-14,0.046489,0.053312
1.9346e-14,0.046511,0.053337
1.7725e-14,0.046534,0.05336
1.6112e-14,0.046557,0.053382
1.4512e-14,0.046581,0.053401
1.2931e-14,0.046606,0.053419
1.1375e-14,0.046631,0.053435
9.8472e-15,0.046657,0.053449
8.3534e-15,0.046683,0.053461
6.8975e-15,0.04671,0.053471
5.4831e-15,0.046737,0.053478
4.1138e-15,0.046764,0.053484
2.7928e-15,0.046791,0.053487
1.5229e-15,0.046819,0.053487
3.0658e-16,0.046847,0.053486
-8.5402e-16,0.046875,0.053482
-1.957e-15,0.046903,0.053475
-3.0009e-15,0.046931,0.053466
-3.9843e-15,0.046959,0.053454
-4.9064e-15,0.046988,0.05344
-5.7665e-15,0.047016,0.053424
-6.5642e-15,0.047044,0.053404
-7.2993e-15,0.047072,0.053383
-7.972e-15,0.0471,0.053358
-8.5825e-15,0.047128,0.053331
-9.1315e-15,0.047155,0.053302
-9.6196e-15,0.047183,0.05327
-1.0048e-14,0.047211,0.053236
-1.0418e-14,0.047238,0.053199
-1.073e-14,0.047266,0.05316
-1.0986e-14,0.047293,0.053118
-1.1189e-14,0.047321,0.053074
-1.1338e-14,0.047348,0.053028
-1.1438e-14,0.047376,0.052979
-1.1488e-14,0.047403,0.052929
-1.1492e-14,0.04743,0.052876
-1.1452e-14,0.047458,0.052822
-1.1369e-14,0.047485,0.052766
-1.1247e-14,0.047513,0.052708
-1.1087e-14,0.047541,0.052648
-1.0891e-14,0.047569,0.052587
-1.0663e-14,0.047597,0.052524
-1.0405e-14,0.047625,0.05246
-1.0119e-14,0.047653,0.052395
-9.8068e-15,0.047682,0.052329
-9.4716e-15,0.04771,0.052262
-9.1156e-15,0.047739,0.052194
-8.7411e-15,0.047768,0.052126
-8.3503e-15,0.047797,0.052057
-7.9456e-15,0.047826,0.051988
-7.5291e-15,0.047855,0.051918
-7.1029e-15,0.047884,0.051849
-6.6692e-15,0.047913,0.051779
-6.2299e-15,0.047943,0.05171
-5.7869e-15,0.047972,0.051641
-5.3422e-15,0.048001,0.051573
-4.8974e-15,0.04803,0.051505
-4.4543e-15,0.048059,0.051438
-4.0145e-15,0.048088,0.051373
-3.5795e-15,0.048116,0.051308
-3.1507e-15,0.048144,0.051244
-2.7295e-15,0.048172,0.051182
-2.3171e-15,0.048199,0.051121
-1.9147e-15,0.048226,0.051062
-1.5233e-15,0.048252,0.051004
-1.1439e-15,0.048278,0.050948
-7.7733e-16,0.048302,0.050894
-4.2446e-16,0.048327,0.050842
-8.5975e-17,0.04835,0.050792
2.3753e-16,0.048372,0.050744
5.4551e-16,0.048393,0.050698
8.3753e-16,0.048414,0.050655
1.1132e-15,0.048433,0.050614
1.3723e-15,0.048451,0.050575
1.6145e-15,0.048468,0.050539
1.8398e-15,0.048483,0.050506
2.048e-15,0.048498,0.050475
2.2392e-15,0.04851,0.050446
2.4134e-15,0.048522,0.050421
2.5707e-15,0.048532,0.050398
2.7113e-15,0.04854,0.050377
2.8355e-15,0.048547,0.05036
2.9435e-15,0.048552,0.050345
3.0356e-15,0.048555,0.050333
3.1122e-15,0.048557,0.050324
3.1738e-15,0.048557,0.050318
3.2207e-15,0.048556,0.050314
3.2534e-15,0.048552,0.050313
3.2725e-15,0.048547,0.050315
3.2784e-15,0.04854,0.05032
3.2718e-15,0.048532,0.050327
3.2531e-15,0.048521,0.050337
3.2231e-15,0.048509,0.05035
3.1822e-15,0.048495,0.050366
3.1311e-15,0.04848,0.050384
3.0704e-15,0.048463,0.050405
3.0007e-15,0.048444,0.050429
2.9228e-15,0.048423,0.050455
2.837e-15,0.048401,0.050483
2.7442e-15,0.048377,0.050514
2.6449e-15,0.048351,0.050548
2.5398e-15,0.048325,0.050583
2.4294e-15,0.048296,0.050622
2.3143e-15,0.048266,0.050662
2.1951e-15,0.048235,0.050704
2.0724e-15,0.048203,0.050749
1.9467e-15,0.04817,0.050796
1.8186e-15,0.048135,0.050845
1.6886e-15,0.048099,0.050896
1.5572e-15,0.048063,0.050948
1.4249e-15,0.048025,0.051003
1.2921e-15,0.047987,0.051059
1.1593e-15,0.047948,0.051117
1.027e-15,0.047908,0.051176
8.954e-16,0.047868,0.051237
7.6505e-16,0.047827,0.051299
6.3628e-16,0.047786,0.051363
5.0942e-16,0.047745,0.051428
3.848e-16,0.047704,0.051494
2.6271e-16,0.047662,0.051561
1.4345e-16,0.047621,0.051629
2.7274e-17,0.04758,0.051698
-8.5574e-17,0.047539,0.051768
-1.9487e-16,0.047499,0.051838
-3.0041e-16,0.047459,0.051909
-4.0201e-16,0.04742,0.05198
-4.9949e-16,0.047382,0.052051
-5.927e-16,0.047345,0.052123
-6.8151e-16,0.047308,0.052195
-7.658e-16,0.047273,0.052267
-8.4544e-16,0.047239,0.052338
-9.2036e-16,0.047206,0.05241
-9.9048e-16,0.047175,0.052481
-1.0557e-15,0.047145,0.052551
-1.116e-15,0.047117,0.052621
-1.1714e-15,0.047091,0.05269
-1.2217e-15,0.047066,0.052759
-1.267e-15,0.047043,0.052826
-1.3072e-15,0.047023,0.052892
-1.3424e-15,0.047004,0.052957
-1.3725e-15,0.046987,0.05302
-1.3976e-15,0.046973,0.053083
-1.4176e-15,0.046961,0.053143
-1.4327e-15,0.046951,0.053202
-1.4427e-15,0.046943,0.053259
-1.4478e-15,0.046938,0.053314
-1.448e-15,0.046936,0.053368
-1.4433e-15,0.046935,0.053419
-1.4338e-15,0.046938,0.053468
-1.4195e-15,0.046942,0.053514
-1.4005e-15,0.046949,0.053559
-1.3769e-15,0.046959,0.053601
-1.3486e-15,0.046971,0.05364
-1.3159e-15,0.046986,0.053677
-1.2787e-15,0.047003,0.053711
-1.2371e-15,0.047022,0.053743
-1.1913e-15,0.047044,0.053772
-1.1412e-15,0.047068,0.053798
-1.087e-15,0.047094,0.053821
-1.0288e-15,0.047122,0.053842
-9.6673e-16,0.047152,0.053859
-9.0083e-16,0.047185,0.053874
-8.3124e-16,0.047219,0.053885
-7.5808e-16,0.047255,0.053894
-6.8148e-16,0.047293,0.0539
-6.0158e-16,0.047332,0.053903
-5.1851e-16,0.047373,0.053903
-4.3243e-16,0.047415,0.0539
-3.435e-16,0.047459,0.053895
-2.5189e-16,0.047503,0.053886
-1.5778e-16,0.047549,0.053875
-6.1346e-17,0.047595,0.053861
3.7199e-17,0.047642,0.053845
1.3765e-16,0.047689,0.053826
2.3978e-16,0.047737,0.053805
3.4337e-16,0.047785,0.053781
4.4816e-16,0.047833,0.053755
5.539e-16,0.047881,0.053727
6.6031e-16,0.047929,0.053696
7.6713e-16,0.047976,0.053664
8.7405e-16,0.048022,0.05363
9.8077e-16,0.048068,0.053593
1.087e-15,0.048113,0.053556
1.1923e-15,0.048157,0.053516
1.2964e-15,0.0482,0.053475
1.399e-15,0.048241,0.053433
1.4997e-15,0.048281,0.05339
1.5981e-15,0.048319,0.053345
1.6938e-15,0.048356,0.0533
1.7864e-15,0.048391,0.053253
1.8755e-15,0.048423,0.053206
1.9607e-15,0.048454,0.053158
2.0415e-15,0.048482,0.05311
2.1177e-15,0.048508,0.053061
2.1886e-15,0.048532,0.053012
2.2538e-15,0.048553,0.052963
2.313e-15,0.048571,0.052914
2.3657e-15,0.048587,0.052864
2.4114e-15,0.048601,0.052815
2.4497e-15,0.048611,0.052766
2.4802e-15,0.048619,0.052717
2.5023e-15,0.048624,0.052669
2.5158e-15,0.048626,0.052621
2.5202e-15,0.048626,0.052574
2.5151e-15,0.048622,0.052527
2.5001e-15,0.048616,0.052481
2.4748e-15,0.048607,0.052436
2.4389e-15,0.048596,0.052392
2.392e-15,0.048581,0.052348
2.3338e-15,0.048564,0.052306
2.2641e-15,0.048545,0.052264
2.1826e-15,0.048523,0.052224
2.0891e-15,0.048498,0.052185
1.9833e-15,0.048472,0.052147
1.8652e-15,0.048443,0.052111
1.7345e-15,0.048411,0.052075
1.5913e-15,0.048378,0.052041
1.4355e-15,0.048343,0.052008
1.2671e-15,0.048306,0.051977
1.0861e-15,0.048267,0.051947
8.927e-16,0.048227,0.051919
6.8703e-16,0.048185,0.051892
4.6932e-16,0.048143,0.051866
2.3983e-16,0.048098,0.051842
-1.1082e-18,0.048053,0.05182
-2.5309e-16,0.048008,0.051799
-5.1568e-16,0.047961,0.051779
-7.8834e-16,0.047914,0.051762
-1.0705e-15,0.047866,0.051745
-1.3615e-15,0.047818,0.05173
-1.6607e-15,0.04777,0.051717
-1.9672e-15,0.047723,0.051705
-2.2802e-15,0.047675,0.051695
-2.5988e-15,0.047627,0.051686
-2.9221e-15,0.047581,0.051679
-3.2489e-15,0.047534,0.051673
-3.5781e-15,0.047489,0.051669
-3.9087e-15,0.047444,0.051666
-4.2393e-15,0.0474,0.051665
-4.5686e-15,0.047357,0.051665
-4.8953e-15,0.047316,0.051666
-5.218e-15,0.047276,0.051669
-5.5352e-15,0.047237,0.051673
-5.8453e-15,0.047199,0.051678
-6.1468e-15,0.047163,0.051684
-6.4382e-15,0.047129,0.051692
-6.7177e-15,0.047096,0.051701
-6.9836e-15,0.047065,0.051711
-7.2343e-15,0.047036,0.051722
-7.468e-15,0.047009,0.051734
-7.683e-15,0.046983,0.051747
-7.8774e-15,0.046959,0.051761
-8.0496e-15,0.046936,0.051776
-8.1978e-15,0.046916,0.051792
-8.3201e-15,0.046897,0.051809
-8.4149e-15,0.04688,0.051826
-8.4803e-15,0.046864,0.051844
-8.5149e-15,0.04685,0.051862
-8.5168e-15,0.046838,0.051881
-8.4845e-15,0.046827,0.0519
-8.4165e-15,0.046818,0.05192
-8.3113e-15,0.04681,0.05194
-8.1675e-15,0.046803,0.05196
-7.9837e-15,0.046797,0.05198
-7.7588e-15,0.046792,0.052001
-7.4917e-15,0.046788,0.052021
-7.1814e-15,0.046785,0.052041
-6.8269e-15,0.046783,0.052061
-6.4277e-15,0.046782,0.052081
-5.983e-15,0.046781,0.0521
-5.4924e-15,0.04678,0.052119
-4.9558e-15,0.04678,0.052138
-4.3729e-15,0.04678,0.052156
-3.7438e-15,0.04678,0.052173
-3.0689e-15,0.04678,0.05219
-2.3486e-15,0.04678,0.052205
-1.5835e-15,0.04678,0.05222
-7.7462e-16,0.04678,0.052234
7.7018e-17,0.046779,0.052247
9.7006e-16,0.046777,0.052259
1.9029e-15,0.046775,0.05227
2.8739e-15,0.046773,0.05228
3.8807e-15,0.04677,0.052288
4.9213e-15,0.046766,0.052295
5.9931e-15,0.046761,0.052301
7.0932e-15,0.046755,0.052305
8.2186e-15,0.046748,0.052308
9.366e-15,0.046741,0.052309
1.0532e-14,0.046733,0.052309
1.1713e-14,0.046723,0.052307
1.2904e-14,0.046713,0.052304
1.4101e-14,0.046701,0.052299
1.5301e-14,0.046689,0.052292
1.6497e-14,0.046676,0.052283
1.7686e-14,0.046662,0.052273
1.8861e-14,0.046647,0.052261
2.0018e-14,0.046631,0.052247
2.1151e-14,0.046615,0.052231
2.2255e-14,0.046598,0.052213
2.3322e-14,0.04658,0.052194
2.4348e-14,0.046562,0.052173
2.5325e-14,0.046543,0.052149
2.6249e-14,0.046524,0.052124
2.7111e-14,0.046505,0.052098
2.7907e-14,0.046486,0.052069
2.8629e-14,0.046467,0.052038
2.927e-14,0.046448,0.052006
2.9825e-14,0.046429,0.051972
3.0287e-14,0.046411,0.051936
3.0649e-14,0.046394,0.051899
3.0905e-14,0.046377,0.05186
3.1048e-14,0.046361,0.051819
3.1073e-14,0.046347,0.051776
3.0974e-14,0.046333,0.051733
3.0744e-14,0.046321,0.051687
3.0379e-14,0.046311,0.05164
2.9873e-14,0.046302,0.051592
2.9222e-14,0.046294,0.051543
2.842e-14,0.046289,0.051492
2.7464e-14,0.046286,0.05144
2.635e-14,0.046285,0.051387
2.5074e-14,0.046286,0.051333
2.3635e-14,0.04629,0.051279
2.2029e-14,0.046296,0.051223
2.0255e-14,0.046305,0.051167
1.8311e-14,0.046316,0.05111
1.6198e-14,0.04633,0.051053
1.3916e-14,0.046347,0.050996
1.1465e-14,0.046367,0.050938
8.847e-15,0.04639,0.050881
6.0643e-15,0.046415,0.050823
3.1202e-15,0.046443,0.050766
1.8555e-17,0.046474,0.050709
-3.2358e-15,0.046508,0.050652
-6.6373e-15,0.046545,0.050596
-1.0179e-14,0.046584,0.050541
-1.3855e-14,0.046626,0.050486
-1.7655e-14,0.046671,0.050433
-2.1571e-14,0.046718,0.050381
-2.5592e-14,0.046767,0.05033
-2.9708e-14,0.046819,0.05028
-3.3906e-14,0.046873,0.050233
-3.8174e-14,0.046929,0.050187
-4.2498e-14,0.046987,0.050142
-4.6863e-14,0.047047,0.0501
-5.1253e-14,0.047109,0.05006
-5.5652e-14,0.047172,0.050022
-6.0043e-14,0.047236,0.049986
-6.4407e-14,0.047301,0.049953
-6.8725e-14,0.047367,0.049922
-7.2978e-14,0.047434,0.049893
-7.7145e-14,0.047502,0.049868
-8.1206e-14,0.04757,0.049845
-8.5138e-14,0.047638,0.049824
-8.892e-14,0.047706,0.049807
-9.2528e-14,0.047775,0.049792
-9.5939e-14,0.047842,0.04978
-9.9131e-14,0.04791,0.049771
-1.0208e-13,0.047976,0.049765
-1.0476e-13,0.048042,0.049761
-1.0715e-13,0.048106,0.04976
-1.0922e-13,0.04817,0.049762
-1.1095e-13,0.048232,0.049767
-1.1232e-13,0.048292,0.049774
-1.1331e-13,0.04835,0.049784
-1.1388e-13,0.048407,0.049796
-1.1402e-13,0.048462,0.04981
-1.1371e-13,0.048514,0.049827
-1.1292e-13,0.048565,0.049846
-1.1164e-13,0.048612,0.049867
-1.0984e-13,0.048658,0.04989
-1.0751e-13,0.0487,0.049915
-1.0463e-13,0.04874,0.049942
-1.0119e-13,0.048777,0.04997
-9.7163e-14,0.048811,0.049999
-9.2548e-14,0.048842,0.050029
-8.7332e-14,0.04887,0.050061
-8.1506e-14,0.048895,0.050094
-7.5063e-14,0.048916,0.050127
-6.8e-14,0.048935,0.050161
-6.0313e-14,0.04895,0.050195
-5.2005e-14,0.048962,0.05023
-4.3077e-14,0.048971,0.050265
-3.3535e-14,0.048976,0.050299
-2.3388e-14,0.048979,0.050334
-1.2647e-14,0.048978,0.050368
-1.3257e-15,0.048973,0.050402
1.0558e-14,0.048966,0.050435
2.2985e-14,0.048956,0.050467
3.5931e-14,0.048942,0.050499
4.9368e-14,0.048926,0.050529
6.3268e-14,0.048906,0.050559
7.7596e-14,0.048884,0.050587
9.2317e-14,0.048859,0.050613
1.0739e-13,0.048832,0.050639
1.2277e-13,0.048801,0.050662
1.3841e-13,0.048769,0.050684
1.5426e-13,0.048734,0.050705
1.7027e-13,0.048696,0.050723
1.8637e-13,0.048657,0.05074
2.0252e-13,0.048616,0.050755
2.1864e-13,0.048572,0.050768
2.3468e-13,0.048527,0.050779
2.5055e-13,0.048481,0.050788
2.6619e-13,0.048433,0.050795
2.8153e-13,0.048383,0.0508
2.9648e-13,0.048332,0.050803
3.1097e-13,0.048281,0.050804
3.2491e-13,0.048228,0.050803
3.3823e-13,0.048175,0.0508
3.5084e-13,0.04812,0.050796
3.6265e-13,0.048066,0.050789
3.7357e-13,0.048011,0.050781
3.8352e-13,0.047955,0.050771
3.9241e-13,0.0479,0.050759
4.0015e-13,0.047845,0.050746
4.0666e-13,0.047789,0.050732
4.1184e-13,0.047734,0.050716
4.156e-13,0.04768,0.050699
4.1788e-13,0.047626,0.050681
4.1858e-13,0.047572,0.050662
4.1761e-13,0.047519,0.050642
4.1492e-13,0.047467,0.050621
4.1041e-13,0.047416,0.050599
4.0402e-13,0.047366,0.050577
3.9568e-13,0.047317,0.050555
3.8533e-13,0.047269,0.050532
3.7292e-13,0.047223,0.050509
3.5838e-13,0.047177,0.050487
3.4168e-13,0.047133,0.050464
3.2277e-13,0.04709,0.050441
3.0163e-13,0.047049,0.050419
2.7823e-13,0.047009,0.050398
2.5255e-13,0.04697,0.050376
2.2459e-13,0.046933,0.050356
1.9434e-13,0.046898,0.050336
1.6181e-13,0.046863,0.050318
1.2703e-13,0.046831,0.0503
9.0025e-14,0.046799,0.050283
5.0832e-14,0.046769,0.050267
9.5024e-15,0.046741,0.050253
-3.39e-14,0.046713,0.05024
-7.9303e-14,0.046687,0.050228
-1.2662e-13,0.046663,0.050217
-1.7576e-13,0.046639,0.050208
-2.266e-13,0.046617,0.0502
-2.7903e-13,0.046595,0.050194
-3.3292e-13,0.046575,0.050189
-3.8811e-13,0.046556,0.050185
-4.4445e-13,0.046538,0.050183
-5.0177e-13,0.046521,0.050183
-5.5988e-13,0.046505,0.050184
-6.1859e-13,0.046489,0.050187
-6.7769e-13,0.046475,0.05019
-7.3696e-13,0.046461,0.050196
-7.9616e-13,0.046448,0.050203
-8.5506e-13,0.046435,0.050211
-9.1341e-13,0.046423,0.05022
-9.7093e-13,0.046412,0.050231
-1.0274e-12,0.046402,0.050243
-1.0824e-12,0.046392,0.050257
-1.1358e-12,0.046383,0.050272
-1.1872e-12,0.046374,0.050287
-1.2364e-12,0.046366,0.050304
-1.283e-12,0.046358,0.050322
-1.3266e-12,0.046351,0.050341
-1.3671e-12,0.046345,0.050361
-1.4041e-12,0.046339,0.050382
-1.4371e-12,0.046333,0.050404
-1.466e-12,0.046329,0.050427
-1.4904e-12,0.046325,0.05045
-1.51e-12,0.046321,0.050475
-1.5244e-12,0.046318,0.0505
-1.5333e-12,0.046316,0.050525
-1.5366e-12,0.046315,0.050551
-1.5337e-12,0.046314,0.050578
-1.5245e-12,0.046314,0.050605
-1.5087e-12,0.046315,0.050633
-1.486e-12,0.046316,0.050661
-1.4562e-12,0.046319,0.05069
-1.419e-12,0.046322,0.050719
-1.3743e-12,0.046326,0.050748
-1.3218e-12,0.046331,0.050778
-1.2613e-12,0.046337,0.050808
-1.1928e-12,0.046344,0.050838
-1.1161e-12,0.046352,0.050868
-1.0311e-12,0.046361,0.050899
-9.3779e-13,0.046371,0.050929
-8.3606e-13,0.046381,0.05096
-7.2593e-13,0.046393,0.050991
-6.0744e-13,0.046406,0.051023
-4.8066e-13,0.04642,0.051054
-3.457e-13,0.046435,0.051086
-2.0269e-13,0.046451,0.051117
-5.1821e-14,0.046468,0.051149
1.0669e-13,0.046486,0.051181
2.7257e-13,0.046505,0.051213
4.4552e-13,0.046525,0.051245
6.2518e-13,0.046546,0.051278
8.1116e-13,0.046567,0.05131
1.003e-12,0.04659,0.051343
1.2003e-12,0.046614,0.051375
1.4024e-12,0.046638,0.051408
1.6088e-12,0.046663,0.051441
1.8188e-12,0.04669,0.051474
2.0318e-12,0.046716,0.051507
2.2472e-12,0.046744,0.05154
2.464e-12,0.046772,0.051573
2.6815e-12,0.0468,0.051606
2.8989e-12,0.046829,0.051639
3.1153e-12,0.046858,0.051672
3.3298e-12,0.046888,0.051705
3.5413e-12,0.046918,0.051738
3.7489e-12,0.046948,0.051771
3.9516e-12,0.046979,0.051804
4.1484e-12,0.047009,0.051836
4.338e-12,0.047039,0.051869
4.5194e-12,0.047069,0.051901
4.6915e-12,0.047099,0.051933
4.853e-12,0.047129,0.051965
5.0029e-12,0.047158,0.051997
5.14e-12,0.047187,0.052029
5.263e-12,0.047215,0.05206
5.3708e-12,0.047242,0.05209
5.4622e-12,0.047269,0.052121
5.536e-12,0.047294,0.052151
5.591e-12,0.047319,0.052181
5.6262e-12,0.047343,0.05221
5.6403e-12,0.047365,0.052239
5.6323e-12,0.047387,0.052268
5.6012e-12,0.047407,0.052296
5.5458e-12,0.047425,0.052323
5.4653e-12,0.047443,0.052351
5.3588e-12,0.047458,0.052378
5.2253e-12,0.047472,0.052404
5.0641e-12,0.047485,0.05243
4.8746e-12,0.047495,0.052455
4.6559e-12,0.047504,0.052481
4.4077e-12,0.047511,0.052505
4.1294e-12,0.047517,0.05253
3.8208e-12,0.04752,0.052554
3.4814e-12,0.047522,0.052577
3.1113e-12,0.047522,0.052601
2.7104e-12,0.04752,0.052624
2.2788e-12,0.047516,0.052646
1.8167e-12,0.04751,0.052669
1.3246e-12,0.047503,0.052691
8.0279e-13,0.047493,0.052713
2.5208e-13,0.047482,0.052735
-3.2677e-13,0.04747,0.052757
-9.328e-13,0.047455,0.052778
-1.5649e-12,0.047439,0.0528
-2.2218e-12,0.047422,0.052821
-2.902e-12,0.047403,0.052843
-3.6041e-12,0.047383,0.052864
-4.3261e-12,0.047362,0.052885
-5.0662e-12,0.047339,0.052907
-5.8222e-12,0.047316,0.052928
-6.5919e-12,0.047291,0.05295
-7.3729e-12,0.047266,0.052971
-8.1625e-12,0.04724,0.052993
-8.9579e-12,0.047213,0.053015
-9.7563e-12,0.047186,0.053037
-1.0555e-11,0.047159,0.053059
-1.135e-11,0.047132,0.053081
-1.2138e-11,0.047104,0.053103
-1.2916e-11,0.047077,0.053125
-1.368e-11,0.047049,0.053148
-1.4426e-11,0.047022,0.05317
-1.5151e-11,0.046995,0.053193
-1.585e-11,0.046969,0.053215
-1.6519e-11,0.046944,0.053238
-1.7155e-11,0.046919,0.053261
-1.7752e-11,0.046895,0.053284
-1.8307e-11,0.046871,0.053306
-1.8816e-11,0.046849,0.053329
-1.9273e-11,0.046828,0.053351
-1.9675e-11,0.046808,0.053374
-2.0018e-11,0.046789,0.053396
-2.0296e-11,0.046772,0.053418
-2.0505e-11,0.046756,0.05344
-2.0643e-11,0.046741,0.053461
-2.0703e-11,0.046727,0.053482
-2.0683e-11,0.046715,0.053503
-2.0578e-11,0.046705,0.053523
-2.0385e-11,0.046696,0.053543
-2.0099e-11,0.046688,0.053563
-1.9719e-11,0.046682,0.053582
-1.924e-11,0.046677,0.0536
-1.866e-11,0.046674,0.053617
-1.7975e-11,0.046672,0.053634
-1.7184e-11,0.046671,0.053651
-1.6285e-11,0.046672,0.053666
-1.5276e-11,0.046674,0.05368
-1.4155e-11,0.046678,0.053694
-1.2922e-11,0.046683,0.053707
-1.1575e-11,0.046689,0.053719
-1.0116e-11,0.046696,0.05373
-8.5438e-12,0.046704,0.053739
-6.8597e-12,0.046714,0.053748
-5.0649e-12,0.046724,0.053756
-3.1613e-12,0.046735,0.053762
-1.1512e-12,0.046748,0.053768
9.626e-13,0.046761,0.053772
3.1766e-12,0.046775,0.053775
5.4867e-12,0.04679,0.053776
7.8884e-12,0.046806,0.053777
1.0376e-11,0.046822,0.053776
1.2945e-11,0.046839,0.053774
1.5588e-11,0.046857,0.05377
1.8298e-11,0.046875,0.053766
2.1067e-11,0.046895,0.05376
2.3887e-11,0.046914,0.053753
2.675e-11,0.046934,0.053744
2.9646e-11,0.046955,0.053735
3.2564e-11,0.046977,0.053724
3.5494e-11,0.046998,0.053712
3.8425e-11,0.047021,0.053699
4.1345e-11,0.047044,0.053684
4.4242e-11,0.047067,0.053669
4.7102e-11,0.047091,0.053652
4.9913e-11,0.047115,0.053635
5.266e-11,0.04714,0.053617
5.533e-11,0.047166,0.053597
5.7907e-11,0.047192,0.053577
6.0377e-11,0.047219,0.053556
6.2725e-11,0.047246,0.053534
6.4934e-11,0.047273,0.053512
6.699e-11,0.047302,0.053489
6.8876e-11,0.047331,0.053465
7.0576e-11,0.04736,0.053441
7.2075e-11,0.047391,0.053417
7.3356e-11,0.047421,0.053392
7.4404e-11,0.047453,0.053367
7.5202e-11,0.047485,0.053342
7.5735e-11,0.047518,0.053317
7.5989e-11,0.047551,0.053291
7.5947e-11,0.047585,0.053266
7.5597e-11,0.04762,0.05324
7.4924e-11,0.047656,0.053215
7.3914e-11,0.047692,0.05319
7.2556e-11,0.047728,0.053165
7.0838e-11,0.047765,0.053141
6.8748e-11,0.047803,0.053116
6.6278e-11,0.047841,0.053093
6.3418e-11,0.04788,0.053069
6.0161e-11,0.047919,0.053047
5.65e-11,0.047959,0.053024
5.243e-11,0.047999,0.053003
4.7948e-11,0.048039,0.052982
4.3051e-11,0.048079,0.052961
3.7739e-11,0.048119,0.052942
3.2013e-11,0.04816,0.052923
2.5876e-11,0.0482,0.052904
1.9332e-11,0.048241,0.052887
1.2387e-11,0.048281,0.05287
5.0502e-12,0.048321,0.052854
-2.6682e-12,0.04836,0.052839
-1.0756e-11,0.048399,0.052824
-1.9198e-11,0.048438,0.052811
-2.7979e-11,0.048476,0.052798
-3.7079e-11,0.048513,0.052785
-4.6477e-11,0.04855,0.052774
-5.6149e-11,0.048585,0.052763
-6.6071e-11,0.048619,0.052753
-7.6215e-11,0.048653,0.052744
-8.6549e-11,0.048685,0.052735
-9.7043e-11,0.048716,0.052727
-1.0766e-10,0.048745,0.052719
-1.1837e-10,0.048773,0.052712
-1.2912e-10,0.0488,0.052705
-1.3988e-10,0.048824,0.052699
-1.5061e-10,0.048847,0.052694
-1.6125e-10,0.048869,0.052689
-1.7177e-10,0.048888,0.052684
-1.8211e-10,0.048905,0.05268
-1.9222e-10,0.048921,0.052676
-2.0205e-10,0.048934,0.052672
-2.1156e-10,0.048946,0.052668
-2.2067e-10,0.048955,0.052665
-2.2934e-10,0.048962,0.052661
-2.3751e-10,0.048967,0.052658
-2.4512e-10,0.048969,0.052655
-2.5211e-10,0.048969,0.052651
-2.5843e-10,0.048967,0.052648
-2.6402e-10,0.048963,0.052645
-2.6881e-10,0.048956,0.052641
-2.7275e-10,0.048947,0.052637
-2.7578e-10,0.048936,0.052633
-2.7785e-10,0.048922,0.052629
-2.789e-10,0.048907,0.052624
-2.7887e-10,0.048888,0.052618
-2.7771e-10,0.048868,0.052613
-2.7537e-10,0.048846,0.052606
-2.718e-10,0.048821,0.052599
-2.6695e-10,0.048795,0.052592
-2.6079e-10,0.048766,0.052584
-2.5327e-10,0.048736,0.052575
-2.4436e-10,0.048703,0.052565
-2.3402e-10,0.048669,0.052554
-2.2222e-10,0.048634,0.052543
-2.0894e-10,0.048596,0.052531
-1.9417e-10,0.048558,0.052517
-1.7788e-10,0.048518,0.052503
-1.6007e-10,0.048476,0.052487
-1.4074e-10,0.048434,0.052471
-1.1989e-10,0.048391,0.052453
-9.7521e-11,0.048346,0.052435
-7.3659e-11,0.048301,0.052415
-4.8325e-11,0.048256,0.052394
-2.1548e-11,0.048209,0.052371
6.6344e-12,0.048163,0.052347
3.6178e-11,0.048116,0.052323
6.703e-11,0.048069,0.052296
9.913e-11,0.048022,0.052269
1.3241e-10,0.047976,0.05224
1.6679e-10,0.047929,0.05221
2.022e-10,0.047883,0.052178
2.3852e-10,0.047838,0.052146
2.7567e-10,0.047793,0.052111
3.1354e-10,0.047749,0.052076
3.52e-10,0.047706,0.05204
3.9094e-10,0.047664,0.052002
4.3021e-10,0.047623,0.051963
4.6967e-10,0.047583,0.051922
5.0918e-10,0.047544,0.051881
5.4857e-10,0.047506,0.051839
5.8769e-10,0.04747,0.051795
6.2636e-10,0.047435,0.051751
6.6439e-10,0.047402,0.051706
7.0162e-10,0.04737,0.051659
7.3783e-10,0.047339,0.051613
7.7285e-10,0.04731,0.051565
8.0647e-10,0.047283,0.051517
8.3848e-10,0.047257,0.051468
8.6868e-10,0.047233,0.051419
8.9685e-10,0.04721,0.05137
9.2279e-10,0.047188,0.05132
9.4627e-10,0.047168,0.051271
9.6707e-10,0.047149,0.051221
9.85e-10,0.047132,0.051171
9.9982e-10,0.047115,0.051122
1.0113e-09,0.0471,0.051073
1.0193e-09,0.047086,0.051024
1.0236e-09,0.047074,0.050976
1.0239e-09,0.047062,0.050928
1.0201e-09,0.04705,0.050881
1.012e-09,0.04704,0.050836
9.9939e-10,0.04703,0.05079
9.8213e-10,0.047021,0.050747
9.6005e-10,0.047012,0.050704
9.3299e-10,0.047004,0.050662
9.0084e-10,0.046995,0.050622
8.6345e-10,0.046987,0.050583
8.2074e-10,0.046979,0.050545
7.726e-10,0.046971,0.050509
7.1896e-10,0.046962,0.050475
6.5978e-10,0.046954,0.050442
5.9502e-10,0.046945,0.050412
5.2466e-10,0.046935,0.050382
4.4872e-10,0.046925,0.050355
3.6722e-10,0.046914,0.05033
2.8022e-10,0.046902,0.050306
1.8781e-10,0.04689,0.050284
9.0087e-11,0.046877,0.050264
-1.2813e-11,0.046863,0.050247
-1.2073e-10,0.046848,0.050231
-2.3347e-10,0.046831,0.050217
-3.5082e-10,0.046814,0.050205
-4.7252e-10,0.046796,0.050195
-5.9831e-10,0.046777,0.050187
-7.2788e-10,0.046757,0.050181
-8.6088e-10,0.046735,0.050176
-9.9695e-10,0.046713,0.050174
-1.1357e-09,0.04669,0.050173
-1.2767e-09,0.046666,0.050175
-1.4194e-09,0.04664,0.050178
-1.5635e-09,0.046614,0.050182
-1.7083e-09,0.046588,0.050189
-1.8533e-09,0.04656,0.050197
-1.998e-09,0.046532,0.050207
-2.1417e-09,0.046504,0.050218
-2.2839e-09,0.046475,0.050231
-2.4238e-09,0.046445,0.050245
-2.5608e-09,0.046416,0.050261
-2.6942e-09,0.046387,0.050278
-2.8233e-09,0.046357,0.050297
-2.9473e-09,0.046328,0.050316
-3.0655e-09,0.046299,0.050337
-3.1771e-09,0.046271,0.050359
-3.2814e-09,0.046243,0.050382
-3.3775e-09,0.046216,0.050407
-3.4647e-09,0.04619,0.050432
-3.5422e-09,0.046166,0.050458
-3.6092e-09,0.046142,0.050485
-3.6649e-09,0.04612,0.050513
-3.7085e-09,0.046099,0.050542
-3.7392e-09,0.04608,0.050571
-3.7564e-09,0.046063,0.050601
-3.7592e-09,0.046047,0.050632
-3.747e-09,0.046034,0.050663
-3.719e-09,0.046023,0.050695
-3.6745e-09,0.046014,0.050727
-3.6131e-09,0.046007,0.050759
-3.534e-09,0.046003,0.050792
-3.4367e-09,0.046002,0.050826
-3.3207e-09,0.046003,0.050859
-3.1856e-09,0.046006,0.050893
-3.0309e-09,0.046012,0.050926
-2.8564e-09,0.046021,0.05096
-2.6617e-09,0.046033,0.050994
-2.4467e-09,0.046047,0.051027
-2.2112e-09,0.046065,0.051061
-1.9552e-09,0.046084,0.051094
-1.6786e-09,0.046107,0.051128
-1.3817e-09,0.046132,0.05116
-1.0645e-09,0.04616,0.051193
-7.2744e-10,0.04619,0.051225
-3.7082e-10,0.046223,0.051256
4.8669e-12,0.046258,0.051287
3.9903e-10,0.046295,0.051318
8.1099e-10,0.046335,0.051348
1.24e-09,0.046377,0.051376
1.685e-09,0.04642,0.051405
2.1452e-09,0.046466,0.051432
2.6194e-09,0.046513,0.051458
3.1063e-09,0.046562,0.051483
3.6046e-09,0.046612,0.051508
4.1129e-09,0.046663,0.051531
4.6296e-09,0.046716,0.051553
5.153e-09,0.046769,0.051573
5.6814e-09,0.046824,0.051593
6.2128e-09,0.046879,0.051611
6.7452e-09,0.046934,0.051628
7.2766e-09,0.04699,0.051643
7.8047e-09,0.047045,0.051657
8.3273e-09,0.047101,0.051669
8.8419e-09,0.047157,0.05168
9.3461e-09,0.047212,0.05169
9.8373e-09,0.047267,0.051697
1.0313e-08,0.04732,0.051704
1.077e-08,0.047374,0.051709
1.1207e-08,0.047426,0.051712
1.1619e-08,0.047477,0.051713
1.2005e-08,0.047526,0.051714
1.2361e-08,0.047575,0.051712
1.2685e-08,0.047621,0.051709
1.2974e-08,0.047666,0.051705
1.3224e-08,0.04771,0.051699
1.3433e-08,0.047751,0.051692
1.3598e-08,0.04779,0.051683
1.3716e-08,0.047828,0.051673
1.3785e-08,0.047863,0.051661
1.3801e-08,0.047895,0.051649
1.3762e-08,0.047926,0.051635
1.3666e-08,0.047954,0.05162
1.351e-08,0.047979,0.051604
1.3291e-08,0.048003,0.051587
1.3008e-08,0.048023,0.051568
1.2658e-08,0.048041,0.051549
1.224e-08,0.048056,0.051529
1.1752e-08,0.048069,0.051509
1.1192e-08,0.048079,0.051487
1.0559e-08,0.048087,0.051465
9.8527e-09,0.048092,0.051442
9.0716e-09,0.048094,0.051419
8.2153e-09,0.048094,0.051395
7.2837e-09,0.048091,0.051371
6.2767e-09,0.048086,0.051346
5.1948e-09,0.048079,0.051321
4.0386e-09,0.048069,0.051296
2.8092e-09,0.048057,0.051271
1.5078e-09,0.048043,0.051246
1.3627e-10,0.048027,0.05122
-1.3033e-09,0.048009,0.051195
-2.8086e-09,0.04799,0.051169
-4.3766e-09,0.047968,0.051144
-6.0041e-09,0.047945,0.051118
-7.6874e-09,0.04792,0.051093
-9.4226e-09,0.047894,0.051068
-1.1205e-08,0.047867,0.051044
-1.303e-08,0.047839,0.051019
-1.4892e-08,0.047809,0.050995
-1.6786e-08,0.047779,0.050972
-1.8705e-08,0.047748,0.050948
-2.0643e-08,0.047717,0.050926
-2.2592e-08,0.047685,0.050903
-2.4547e-08,0.047653,0.050881
-2.6498e-08,0.047621,0.05086
-2.8438e-08,0.047588,0.050839
-3.0359e-08,0.047556,0.050819
-3.2252e-08,0.047524,0.050799
-3.4107e-08,0.047493,0.05078
-3.5916e-08,0.047462,0.050762
-3.7669e-08,0.047431,0.050744
-3.9356e-08,0.047401,0.050727
-4.0966e-08,0.047372,0.050711
-4.249e-08,0.047344,0.050696
-4.3918e-08,0.047318,0.050681
-4.5238e-08,0.047292,0.050668
-4.644e-08,0.047267,0.050655
-4.7514e-08,0.047244,0.050643
-4.8448e-08,0.047222,0.050632
-4.9232e-08,0.047201,0.050622
-4.9856e-08,0.047182,0.050613
-5.0309e-08,0.047165,0.050605
-5.0581e-08,0.047148,0.050597
-5.0662e-08,0.047134,0.050591
-5.0542e-08,0.047121,0.050586
-5.0212e-08,0.04711,0.050582
-4.9662e-08,0.0471,0.050579
-4.8884e-08,0.047092,0.050578
-4.787e-08,0.047086,0.050577
-4.6613e-08,0.047081,0.050577
-4.5106e-08,0.047077,0.050579
-4.3341e-08,0.047075,0.050581
-4.1315e-08,0.047075,0.050585
-3.9022e-08,0.047076,0.05059
-3.6458e-08,0.047078,0.050595
-3.362e-08,0.047081,0.050602
-3.0506e-08,0.047086,0.05061
-2.7116e-08,0.047091,0.050619
-2.3449e-08,0.047098,0.050629
-1.9507e-08,0.047105,0.05064
-1.5292e-08,0.047113,0.050652
-1.0807e-08,0.047122,0.050664
-6.0583e-09,0.047132,0.050678
-1.0507e-09,0.047141,0.050692
4.2077e-09,0.047151,0.050708
9.7081e-09,0.047162,0.050723
1.544e-08,0.047172,0.05074
2.1392e-08,0.047182,0.050757
2.755e-08,0.047192,0.050775
3.3901e-08,0.047202,0.050793
4.0427e-08,0.047211,0.050811
4.7111e-08,0.04722,0.05083
5.3933e-08,0.047229,0.050849
6.0874e-08,0.047236,0.050868
6.791e-08,0.047243,0.050887
7.5018e-08,0.047249,0.050906
8.2173e-08,0.047254,0.050925
8.9348e-08,0.047258,0.050944
9.6515e-08,0.047261,0.050963
1.0364e-07,0.047263,0.050981
1.1071e-07,0.047263,0.050999
1.1767e-07,0.047262,0.051016
1.245e-07,0.04726,0.051032
1.3116e-07,0.047257,0.051048
1.3762e-07,0.047252,0.051063
1.4384e-07,0.047246,0.051077
1.4978e-07,0.047239,0.05109
1.5542e-07,0.04723,0.051102
1.607e-07,0.04722,0.051112
1.6559e-07,0.047209,0.051122
1.7006e-07,0.047197,0.05113
1.7405e-07,0.047183,0.051136
1.7754e-07,0.047168,0.051141
1.8048e-07,0.047152,0.051145
1.8284e-07,0.047135,0.051146
1.8457e-07,0.047118,0.051147
1.8565e-07,0.047099,0.051145
1.8602e-07,0.04708,0.051142
1.8567e-07,0.04706,0.051136
1.8454e-07,0.04704,0.051129
1.8261e-07,0.047019,0.05112
1.7985e-07,0.046998,0.051109
1.7623e-07,0.046976,0.051096
1.7171e-07,0.046955,0.051081
1.6628e-07,0.046934,0.051065
1.599e-07,0.046913,0.051046
1.5257e-07,0.046893,0.051025
1.4426e-07,0.046873,0.051003
1.3496e-07,0.046853,0.050978
1.2465e-07,0.046834,0.050952
1.1333e-07,0.046817,0.050924
1.0099e-07,0.0468,0.050894
8.7642e-08,0.046784,0.050862
7.3279e-08,0.04677,0.050829
5.7911e-08,0.046757,0.050795
4.1552e-08,0.046745,0.050759
2.422e-08,0.046735,0.050721
5.9351e-09,0.046727,0.050682
-1.3274e-08,0.04672,0.050642
-3.3376e-08,0.046715,0.050601
-5.4334e-08,0.046713,0.050559
-7.6105e-08,0.046712,0.050516
-9.864e-08,0.046713,0.050473
-1.2189e-07,0.046716,0.050428
-1.4579e-07,0.046722,0.050383
-1.7028e-07,0.046729,0.050338
-1.9528e-07,0.046739,0.050293
-2.2073e-07,0.046751,0.050248
-2.4654e-07,0.046765,0.050202
-2.7263e-07,0.046781,0.050157
-2.989e-07,0.0468,0.050113
-3.2526e-07,0.04682,0.050068
-3.516e-07,0.046843,0.050025
-3.7782e-07,0.046867,0.049982
-4.038e-07,0.046894,0.04994
-4.2943e-07,0.046922,0.0499
-4.5459e-07,0.046952,0.049861
-4.7916e-07,0.046984,0.049823
-5.03e-07,0.047017,0.049786
-5.2598e-07,0.047051,0.049752
-5.4797e-07,0.047087,0.049719
-5.6883e-07,0.047125,0.049688
-5.8842e-07,0.047163,0.049659
-6.066e-07,0.047202,0.049633
-6.2323e-07,0.047242,0.049609
-6.3816e-07,0.047282,0.049587
-6.5125e-07,0.047323,0.049568
-6.6236e-07,0.047364,0.049552
-6.7134e-07,0.047405,0.049539
-6.7805e-07,0.047446,0.049528
-6.8237e-07,0.047487,0.049521
-6.8414e-07,0.047528,0.049516
-6.8324e-07,0.047568,0.049515
-6.7954e-07,0.047608,0.049517
-6.7292e-07,0.047646,0.049522
-6.6326e-07,0.047683,0.04953
-6.5046e-07,0.04772,0.049542
-6.344e-07,0.047755,0.049557
-6.15e-07,0.047788,0.049575
-5.9217e-07,0.04782,0.049597
-5.6583e-07,0.04785,0.049622
-5.3593e-07,0.047878,0.049651
-5.0239e-07,0.047904,0.049682
-4.6519e-07,0.047927,0.049717
-4.2429e-07,0.047949,0.049755
-3.7968e-07,0.047968,0.049796
-3.3136e-07,0.047985,0.049841
-2.7934e-07,0.047998,0.049888
-2.2364e-07,0.04801,0.049938
-1.6432e-07,0.048018,0.049991
-1.0144e-07,0.048024,0.050047
-3.5077e-08,0.048027,0.050106
3.4672e-08,0.048027,0.050167
1.0769e-07,0.048024,0.05023
1.8384e-07,0.048017,0.050296
2.6296e-07,0.048008,0.050364
3.4489e-07,0.047996,0.050434
4.2942e-07,0.047981,0.050506
5.1634e-07,0.047963,0.05058
6.0542e-07,0.047942,0.050655
6.964e-07,0.047918,0.050732
7.8901e-07,0.047891,0.050811
8.8294e-07,0.047861,0.05089
9.7788e-07,0.047828,0.050971
1.0735e-06,0.047793,0.051053
1.1694e-06,0.047755,0.051136
1.2653e-06,0.047714,0.05122
1.3607e-06,0.047671,0.051304
1.4553e-06,0.047625,0.051389
1.5486e-06,0.047577,0.051474
1.6401e-06,0.047527,0.05156
1.7295e-06,0.047475,0.051646
1.8162e-06,0.047421,0.051731
1.8998e-06,0.047366,0.051817
1.9797e-06,0.047308,0.051902
2.0555e-06,0.047249,0.051987
2.1266e-06,0.047189,0.052071
2.1926e-06,0.047128,0.052155
2.2529e-06,0.047065,0.052239
2.3069e-06,0.047002,0.052321
2.3542e-06,0.046938,0.052403
2.3942e-06,0.046873,0.052483
2.4263e-06,0.046808,0.052563
2.4502e-06,0.046743,0.052641
2.4652e-06,0.046678,0.052718
2.471e-06,0.046613,0.052794
2.4669e-06,0.046549,0.052868
2.4525e-06,0.046485,0.052941
2.4274e-06,0.046422,0.053012
2.3911e-06,0.046359,0.053082
2.3432e-06,0.046298,0.053149
2.2835e-06,0.046238,0.053215
2.2114e-06,0.046179,0.053279
2.1267e-06,0.046122,0.053341
2.0292e-06,0.046066,0.053401
1.9185e-06,0.046013,0.053458
1.7945e-06,0.045961,0.053514
1.6571e-06,0.045912,0.053567
1.506e-06,0.045865,0.053618
1.3414e-06,0.04582,0.053667
1.1631e-06,0.045779,0.053713
9.7118e-07,0.045739,0.053756
7.6584e-07,0.045703,0.053798
5.472e-07,0.04567,0.053836
3.1551e-07,0.04564,0.053872
7.1069e-08,0.045613,0.053906
-1.8576e-07,0.045589,0.053937
-4.5452e-07,0.045569,0.053965
-7.3472e-07,0.045552,0.05399
-1.0258e-06,0.045539,0.054013
-1.327e-06,0.045529,0.054034
-1.6377e-06,0.045523,0.054051
-1.957e-06,0.045521,0.054066
-2.284e-06,0.045522,0.054078
-2.6179e-06,0.045527,0.054088
-2.9574e-06,0.045536,0.054095
-3.3016e-06,0.045548,0.054099
-3.6492e-06,0.045564,0.054101
-3.9989e-06,0.045584,0.0541
-4.3494e-06,0.045608,0.054097
-4.6993e-06,0.045635,0.054091
-5.047e-06,0.045666,0.054083
-5.391e-06,0.0457,0.054072
-5.7297e-06,0.045738,0.05406
-6.0613e-06,0.045779,0.054045
-6.3841e-06,0.045823,0.054027
-6.6962e-06,0.045871,0.054008
-6.9959e-06,0.045922,0.053987
-7.2811e-06,0.045975,0.053964
-7.5499e-06,0.046032,0.053938
-7.8004e-06,0.046091,0.053912
-8.0304e-06,0.046153,0.053883
-8.2379e-06,0.046217,0.053853
-8.4208e-06,0.046283,0.053821
-8.577e-06,0.046352,0.053789
-8.7044e-06,0.046422,0.053754
-8.801e-06,0.046494,0.053719
-8.8645e-06,0.046567,0.053683
-8.8929e-06,0.046642,0.053645
-8.8842e-06,0.046718,0.053607
-8.8363e-06,0.046795,0.053568
-8.7472e-06,0.046872,0.053529
-8.615e-06,0.04695,0.053489
-8.4379e-06,0.047029,0.053449
-8.214e-06,0.047107,0.053409
-7.9415e-06,0.047186,0.053368
-7.619e-06,0.047264,0.053327
-7.2447e-06,0.047342,0.053287
-6.8174e-06,0.047419,0.053247
-6.3356e-06,0.047495,0.053207
-5.7982e-06,0.047571,0.053168
-5.2041e-06,0.047645,0.053129
-4.5525e-06,0.047718,0.053091
-3.8426e-06,0.047789,0.053054
-3.0737e-06,0.047859,0.053017
-2.2456e-06,0.047927,0.052982
-1.3579e-06,0.047993,0.052948
-4.1057e-07,0.048056,0.052914
5.9615e-07,0.048118,0.052883
1.6619e-06,0.048177,0.052852
2.7862e-06,0.048234,0.052823
3.9683e-06,0.048288,0.052795
5.207e-06,0.04834,0.052768
6.5013e-06,0.048389,0.052743
7.8496e-06,0.048435,0.05272
9.2503e-06,0.048479,0.052698
1.0701e-05,0.048519,0.052678
1.2201e-05,0.048557,0.05266
1.3746e-05,0.048592,0.052643
1.5335e-05,0.048624,0.052628
1.6964e-05,0.048652,0.052615
1.863e-05,0.048678,0.052603
2.0331e-05,0.048701,0.052593
2.2062e-05,0.048722,0.052584
2.382e-05,0.048739,0.052577
2.56e-05,0.048753,0.052572
2.74e-05,0.048765,0.052568
2.9214e-05,0.048773,0.052566
3.1038e-05,0.048779,0.052565
3.2867e-05,0.048783,0.052565
3.4697e-05,0.048783,0.052567
3.6523e-05,0.048782,0.052569
3.8339e-05,0.048777,0.052573
4.0141e-05,0.048771,0.052578
4.1923e-05,0.048762,0.052584
4.368e-05,0.04875,0.05259
4.5406e-05,0.048737,0.052598
4.7098e-05,0.048722,0.052605
4.8748e-05,0.048705,0.052614
5.0352e-05,0.048686,0.052623
5.1904e-05,0.048665,0.052632
5.34e-05,0.048642,0.052641
5.4835e-05,0.048618,0.05265
5.6203e-05,0.048593,0.05266
5.75e-05,0.048566,0.052669
5.8721e-05,0.048539,0.052678
5.9861e-05,0.04851,0.052686
6.0918e-05,0.04848,0.052694
6.1886e-05,0.048449,0.052701
6.2763e-05,0.048417,0.052708
6.3544e-05,0.048385,0.052713
6.4228e-05,0.048353,0.052718
6.481e-05,0.048319,0.052721
6.5291e-05,0.048286,0.052724
6.5666e-05,0.048252,0.052725
6.5935e-05,0.048218,0.052724
6.6097e-05,0.048184,0.052722
6.6151e-05,0.048151,0.052719
6.6097e-05,0.048117,0.052713
6.5935e-05,0.048083,0.052706
6.5666e-05,0.04805,0.052697
6.5291e-05,0.048018,0.052686
6.481e-05,0.047985,0.052674
6.4228e-05,0.047954,0.052659
6.3544e-05,0.047923,0.052642
6.2763e-05,0.047892,0.052622
6.1886e-05,0.047863,0.052601
6.0918e-05,0.047834,0.052577
5.9861e-05,0.047806,0.052551
5.8721e-05,0.04778,0.052523
5.75e-05,0.047754,0.052493
5.6203e-05,0.047729,0.05246
5.4835e-05,0.047705,0.052425
5.34e-05,0.047683,0.052387
5.1904e-05,0.047661,0.052347
5.0352e-05,0.047641,0.052305
4.8748e-05,0.047622,0.052261
4.7098e-05,0.047604,0.052215
4.5406e-05,0.047587,0.052166
4.368e-05,0.047572,0.052116
4.1923e-05,0.047557,0.052063
4.0141e-05,0.047544,0.052008
3.8339e-05,0.047533,0.051952
3.6523e-05,0.047522,0.051893
3.4697e-05,0.047513,0.051833
3.2867e-05,0.047504,0.051772
3.1038e-05,0.047497,0.051709
2.9214e-05,0.047491,0.051644
2.74e-05,0.047486,0.051578
2.56e-05,0.047482,0.051511
2.382e-05,0.047479,0.051443
2.2062e-05,0.047476,0.051374
2.0331e-05,0.047475,0.051304
1.863e-05,0.047474,0.051234
1.6964e-05,0.047474,0.051163
1.5335e-05,0.047475,0.051092
1.3746e-05,0.047476,0.051021
1.2201e-05,0.047477,0.050949
1.0701e-05,0.047479,0.050878
9.2503e-06,0.047482,0.050807
7.8496e-06,0.047484,0.050737
6.5013e-06,0.047486,0.050667
5.207e-06,0.047489,0.050598
3.9683e-06,0.047491,0.05053
2.7862e-06,0.047493,0.050463
1.6619e-06,0.047495,0.050397
5.9615e-07,0.047497,0.050334
-4.1057e-07,0.047498,0.050271
-1.3579e-06,0.047498,0.050211
-2.2456e-06,0.047498,0.050153
-3.0737e-06,0.047497,0.050097
-3.8426e-06,0.047495,0.050043
-4.5525e-06,0.047492,0.049992
-5.2041e-06,0.047488,0.049944
-5.7982e-06,0.047483,0.049898
-6.3356e-06,0.047476,0.049855
-6.8174e-06,0.047469,0.049816
-7.2447e-06,0.04746,0.04978
-7.619e-06,0.04745,0.049747
-7.9415e-06,0.047438,0.049717
-8.214e-06,0.047425,0.049692
-8.4379e-06,0.04741,0.04967
-8.615e-06,0.047394,0.049651
-8.7472e-06,0.047376,0.049637
-8.8363e-06,0.047356,0.049626
-8.8842e-06,0.047335,0.049619
-8.8929e-06,0.047312,0.049617
-8.8645e-06,0.047288,0.049618
-8.801e-06,0.047262,0.049623
-8.7044e-06,0.047234,0.049632
-8.577e-06,0.047205,0.049646
-8.4208e-06,0.047174,0.049663
-8.2379e-06,0.047142,0.049684
-8.0304e-06,0.047108,0.049708
-7.8004e-06,0.047073,0.049737
-7.5499e-06,0.047036,0.049769
-7.2811e-06,0.046998,0.049805
-6.9959e-06,0.046959,0.049844
-6.6962e-06,0.046919,0.049887
-6.3841e-06,0.046878,0.049932
-6.0613e-06,0.046835,0.049981
-5.7297e-06,0.046792,0.050033
-5.391e-06,0.046748,0.050087
-5.047e-06,0.046704,0.050144
-4.6993e-06,0.046658,0.050203
-4.3494e-06,0.046612,0.050264
-3.9989e-06,0.046566,0.050327
-3.6492e-06,0.04652,0.050392
-3.3016e-06,0.046473,0.050458
-2.9574e-06,0.046426,0.050525
-2.6179e-06,0.046379,0.050594
-2.284e-06,0.046332,0.050664
-1.957e-06,0.046286,0.050734
-1.6377e-06,0.046239,0.050804
-1.327e-06,0.046193,0.050875
-1.0258e-06,0.046148,0.050946
-7.3472e-07,0.046103,0.051017
-4.5452e-07,0.046058,0.051087
-1.8576e-07,0.046014,0.051156
7.1069e-08,0.045971,0.051225
3.1551e-07,0.045929,0.051293
5.472e-07,0.045888,0.05136
7.6584e-07,0.045848,0.051425
9.7118e-07,0.045809,0.051489
1.1631e-06,0.045771,0.051552
1.3414e-06,0.045734,0.051612
1.506e-06,0.045698,0.051671
1.6571e-06,0.045664,0.051728
1.7945e-06,0.04563,0.051783
1.9185e-06,0.045599,0.051835
2.0292e-06,0.045568,0.051885
2.1267e-06,0.045539,0.051933
2.2114e-06,0.045512,0.051978
2.2835e-06,0.045485,0.052021
2.3432e-06,0.045461,0.052062
2.3911e-06,0.045437,0.052099
2.4274e-06,0.045416,0.052134
2.4525e-06,0.045396,0.052167
2.4669e-06,0.045377,0.052197
2.471e-06,0.04536,0.052224
2.4652e-06,0.045344,0.052248
2.4502e-06,0.04533,0.05227
2.4263e-06,0.045318,0.052289
2.3942e-06,0.045307,0.052305
2.3542e-06,0.045298,0.052319
2.3069e-06,0.04529,0.05233
2.2529e-06,0.045284,0.052339
2.1926e-06,0.04528,0.052345
2.1266e-06,0.045277,0.052349
2.0555e-06,0.045275,0.05235
1.9797e-06,0.045276,0.052349
1.8998e-06,0.045278,0.052346
1.8162e-06,0.045281,0.052341
1.7295e-06,0.045286,0.052333
1.6401e-06,0.045293,0.052323
1.5486e-06,0.045302,0.052312
1.4553e-06,0.045312,0.052298
1.3607e-06,0.045324,0.052283
1.2653e-06,0.045337,0.052266
1.1694e-06,0.045352,0.052247
1.0735e-06,0.045369,0.052226
9.7788e-07,0.045387,0.052204
8.8294e-07,0.045407,0.052181
7.8901e-07,0.045429,0.052156
6.964e-07,0.045452,0.052129
6.0542e-07,0.045477,0.052102
5.1634e-07,0.045503,0.052073
4.2942e-07,0.045531,0.052043
3.4489e-07,0.045561,0.052012
2.6296e-07,0.045592,0.05198
1.8384e-07,0.045625,0.051946
1.0769e-07,0.045659,0.051912
3.4672e-08,0.045694,0.051878
-3.5077e-08,0.045731,0.051842
-1.0144e-07,0.045769,0.051806
-1.6432e-07,0.045809,0.051769
-2.2364e-07,0.04585,0.051732
-2.7934e-07,0.045892,0.051694
-3.3136e-07,0.045936,0.051655
-3.7968e-07,0.04598,0.051617
-4.2429e-07,0.046025,0.051578
-4.6519e-07,0.046072,0.051539
-5.0239e-07,0.046119,0.051499
-5.3593e-07,0.046168,0.05146
-5.6583e-07,0.046217,0.05142
-5.9217e-07,0.046266,0.051381
-6.15e-07,0.046316,0.051342
-6.344e-07,0.046367,0.051303
-6.5046e-07,0.046418,0.051265
-6.6326e-07,0.04647,0.051226
-6.7292e-07,0.046522,0.051189
-6.7954e-07,0.046574,0.051152
-6.8324e-07,0.046626,0.051115
-6.8414e-07,0.046677,0.05108
-6.8237e-07,0.046729,0.051045
-6.7805e-07,0.046781,0.051011
-6.7134e-07,0.046832,0.050979
-6.6236e-07,0.046883,0.050947
-6.5125e-07,0.046933,0.050916
-6.3816e-07,0.046983,0.050887
-6.2323e-07,0.047032,0.050859
-6.066e-07,0.047081,0.050833
-5.8842e-07,0.047128,0.050807
-5.6883e-07,0.047175,0.050784
-5.4797e-07,0.047221,0.050761
-5.2598e-07,0.047265,0.050741
-5.03e-07,0.047309,0.050722
-4.7916e-07,0.047352,0.050704
-4.5459e-07,0.047393,0.050689
-4.2943e-07,0.047433,0.050675
-4.038e-07,0.047472,0.050662
-3.7782e-07,0.047509,0.050652
-3.516e-07,0.047545,0.050643
-3.2526e-07,0.047579,0.050635
-2.989e-07,0.047613,0.05063
-2.7263e-07,0.047644,0.050626
-2.4654e-07,0.047674,0.050623
-2.2073e-07,0.047703,0.050622
-1.9528e-07,0.04773,0.050623
-1.7028e-07,0.047756,0.050624
-1.4579e-07,0.04778,0.050628
-1.2189e-07,0.047803,0.050632
-9.864e-08,0.047824,0.050638
-7.6105e-08,0.047844,0.050645
-5.4334e-08,0.047862,0.050653
-3.3376e-08,0.047878,0.050662
-1.3274e-08,0.047893,0.050672
5.9351e-09,0.047907,0.050683
2.422e-08,0.047919,0.050695
4.1552e-08,0.04793,0.050707
5.7911e-08,0.047939,0.05072
7.3279e-08,0.047947,0.050733
8.7642e-08,0.047954,0.050746
1.0099e-07,0.047959,0.05076
1.1333e-07,0.047963,0.050774
1.2465e-07,0.047966,0.050788
1.3496e-07,0.047968,0.050802
1.4426e-07,0.047968,0.050816
1.5257e-07,0.047967,0.05083
1.599e-07,0.047965,0.050843
1.6628e-07,0.047962,0.050856
1.7171e-07,0.047959,0.050869
1.7623e-07,0.047954,0.050881
1.7985e-07,0.047948,0.050892
1.8261e-07,0.047941,0.050903
1.8454e-07,0.047933,0.050913
1.8567e-07,0.047925,0.050923
1.8602e-07,0.047916,0.050931
1.8565e-07,0.047906,0.050939
1.8457e-07,0.047895,0.050946
1.8284e-07,0.047884,0.050952
1.8048e-07,0.047872,0.050957
1.7754e-07,0.04786,0.050961
1.7405e-07,0.047848,0.050965
1.7006e-07,0.047835,0.050967
1.6559e-07,0.047821,0.050968
1.607e-07,0.047808,0.050969
1.5542e-07,0.047794,0.050968
1.4978e-07,0.04778,0.050967
1.4384e-07,0.047766,0.050965
1.3762e-07,0.047751,0.050962
1.3116e-07,0.047737,0.050958
1.245e-07,0.047723,0.050954
1.1767e-07,0.047709,0.050949
1.1071e-07,0.047695,0.050944
1.0364e-07,0.047682,0.050938
9.6515e-08,0.047668,0.050932
8.9348e-08,0.047655,0.050926
8.2173e-08,0.047642,0.050919
7.5018e-08,0.04763,0.050913
6.791e-08,0.047619,0.050906
6.0874e-08,0.047607,0.050899
5.3933e-08,0.047597,0.050893
4.7111e-08,0.047587,0.050887
4.0427e-08,0.047578,0.050881
3.3901e-08,0.047569,0.050876
2.755e-08,0.047562,0.050871
2.1392e-08,0.047555,0.050867
1.544e-08,0.047549,0.050864
9.7081e-09,0.047544,0.050861
4.2077e-09,0.04754,0.050859
-1.0507e-09,0.047537,0.050859
-6.0583e-09,0.047535,0.050859
-1.0807e-08,0.047534,0.050861
-1.5292e-08,0.047534,0.050864
-1.9507e-08,0.047535,0.050868
-2.3449e-08,0.047538,0.050873
-2.7116e-08,0.047542,0.050879
-3.0506e-08,0.047547,0.050888
-3.362e-08,0.047553,0.050897
-3.6458e-08,0.04756,0.050908
-3.9022e-08,0.047569,0.05092
-4.1315e-08,0.047579,0.050934
-4.3341e-08,0.04759,0.050949
-4.5106e-08,0.047602,0.050966
-4.6613e-08,0.047616,0.050984
-4.787e-08,0.047631,0.051003
-4.8884e-08,0.047647,0.051024
-4.9662e-08,0.047664,0.051046
-5.0212e-08,0.047683,0.05107
-5.0542e-08,0.047703,0.051094
-5.0662e-08,0.047724,0.05112
-5.0581e-08,0.047745,0.051147
-5.0309e-08,0.047768,0.051175
-4.9856e-08,0.047792,0.051203
-4.9232e-08,0.047817,0.051233
-4.8448e-08,0.047843,0.051263
-4.7514e-08,0.04787,0.051294
-4.644e-08,0.047897,0.051325
-4.5238e-08,0.047925,0.051357
-4.3918e-08,0.047954,0.051388
-4.249e-08,0.047983,0.05142
-4.0966e-08,0.048013,0.051453
-3.9356e-08,0.048044,0.051485
-3.7669e-08,0.048074,0.051516
-3.5916e-08,0.048105,0.051548
-3.4107e-08,0.048136,0.051579
-3.2252e-08,0.048167,0.05161
-3.0359e-08,0.048199,0.05164
-2.8438e-08,0.04823,0.051669
-2.6498e-08,0.04826,0.051697
-2.4547e-08,0.048291,0.051725
-2.2592e-08,0.048321,0.051751
-2.0643e-08,0.048351,0.051776
-1.8705e-08,0.048381,0.0518
-1.6786e-08,0.048409,0.051823
-1.4892e-08,0.048437,0.051845
-1.303e-08,0.048464,0.051865
-1.1205e-08,0.048491,0.051883
-9.4226e-09,0.048516,0.0519
-7.6874e-09,0.04854,0.051916
-6.0041e-09,0.048563,0.05193
-4.3766e-09,0.048585,0.051943
-2.8086e-09,0.048606,0.051953
-1.3033e-09,0.048625,0.051963
1.3627e-10,0.048642,0.05197
1.5078e-09,0.048659,0.051976
2.8092e-09,0.048673,0.051981
4.0386e-09,0.048686,0.051983
5.1948e-09,0.048697,0.051985
6.2767e-09,0.048706,0.051985
7.2837e-09,0.048713,0.051983
8.2153e-09,0.048719,0.05198
9.0716e-09,0.048722,0.051976
9.8527e-09,0.048723,0.051971
1.0559e-08,0.048722,0.051964
1.1192e-08,0.048719,0.051957
1.1752e-08,0.048714,0.051948
1.224e-08,0.048707,0.051939
1.2658e-08,0.048697,0.051929
1.3008e-08,0.048686,0.051918
1.3291e-08,0.048671,0.051907
1.351e-08,0.048655,0.051896
1.3666e-08,0.048636,0.051884
1.3762e-08,0.048615,0.051872
1.3801e-08,0.048592,0.051859
1.3785e-08,0.048567,0.051847
1.3716e-08,0.048539,0.051836
1.3598e-08,0.048509,0.051824
1.3433e-08,0.048476,0.051813
1.3224e-08,0.048442,0.051803
1.2974e-08,0.048405,0.051793
1.2685e-08,0.048366,0.051784
1.2361e-08,0.048325,0.051776
1.2005e-08,0.048283,0.051769
1.1619e-08,0.048238,0.051763
1.1207e-08,0.048191,0.051759
1.077e-08,0.048142,0.051755
1.0313e-08,0.048092,0.051754
9.8373e-09,0.04804,0.051754
9.3461e-09,0.047987,0.051755
8.8419e-09,0.047932,0.051758
8.3273e-09,0.047875,0.051763
7.8047e-09,0.047817,0.05177
7.2766e-09,0.047759,0.051779
6.7452e-09,0.047699,0.051789
6.2128e-09,0.047638,0.051802
5.6814e-09,0.047576,0.051817
5.153e-09,0.047513,0.051833
4.6296e-09,0.04745,0.051852
4.1129e-09,0.047387,0.051873
3.6046e-09,0.047323,0.051895
3.1063e-09,0.047259,0.05192
2.6194e-09,0.047195,0.051947
2.1452e-09,0.047132,0.051975
1.685e-09,0.047068,0.052006
1.24e-09,0.047005,0.052039
8.1099e-10,0.046942,0.052073
3.9903e-10,0.04688,0.052109
4.8669e-12,0.046819,0.052147
-3.7082e-10,0.046759,0.052186
-7.2744e-10,0.046701,0.052227
-1.0645e-09,0.046643,0.052269
-1.3817e-09,0.046587,0.052313
-1.6786e-09,0.046532,0.052358
-1.9552e-09,0.046479,0.052404
-2.2112e-09,0.046428,0.052452
-2.4467e-09,0.046379,0.0525
-2.6617e-09,0.046332,0.052549
-2.8564e-09,0.046287,0.052599
-3.0309e-09,0.046244,0.052649
-3.1856e-09,0.046203,0.0527
-3.3207e-09,0.046165,0.052752
-3.4367e-09,0.046129,0.052803
-3.534e-09,0.046096,0.052855
-3.6131e-09,0.046065,0.052907
-3.6745e-09,0.046037,0.052958
-3.719e-09,0.046012,0.05301
-3.747e-09,0.045989,0.053061
-3.7592e-09,0.045969,0.053111
-3.7564e-09,0.045952,0.053161
-3.7392e-09,0.045938,0.05321
-3.7085e-09,0.045926,0.053259
-3.6649e-09,0.045916,0.053306
-3.6092e-09,0.04591,0.053352
-3.5422e-09,0.045906,0.053397
-3.4647e-09,0.045905,0.053441
-3.3775e-09,0.045906,0.053483
-3.2814e-09,0.045909,0.053523
-3.1771e-09,0.045915,0.053562
-3.0655e-09,0.045923,0.053599
-2.9473e-09,0.045933,0.053634
-2.8233e-09,0.045946,0.053668
-2.6942e-09,0.04596,0.053699
-2.5608e-09,0.045976,0.053728
-2.4238e-09,0.045994,0.053755
-2.2839e-09,0.046014,0.05378
-2.1417e-09,0.046035,0.053802
-1.998e-09,0.046057,0.053822
-1.8533e-09,0.046081,0.05384
-1.7083e-09,0.046106,0.053855
-1.5635e-09,0.046131,0.053867
-1.4194e-09,0.046158,0.053878
-1.2767e-09,0.046185,0.053885
-1.1357e-09,0.046213,0.05389
-9.9695e-10,0.046241,0.053893
-8.6088e-10,0.046269,0.053893
-7.2788e-10,0.046298,0.05389
-5.9831e-10,0.046327,0.053885
-4.7252e-10,0.046355,0.053877
-3.5082e-10,0.046383,0.053867
-2.3347e-10,0.046411,0.053855
-1.2073e-10,0.046439,0.05384
-1.2813e-11,0.046466,0.053823
9.0087e-11,0.046492,0.053804
1.8781e-10,0.046517,0.053783
2.8022e-10,0.046542,0.053759
3.6722e-10,0.046566,0.053734
4.4872e-10,0.046589,0.053707
5.2466e-10,0.046611,0.053678
5.9502e-10,0.046632,0.053647
6.5978e-10,0.046651,0.053615
7.1896e-10,0.04667,0.053581
7.726e-10,0.046687,0.053546
8.2074e-10,0.046704,0.05351
8.6345e-10,0.046719,0.053473
9.0084e-10,0.046733,0.053436
9.3299e-10,0.046746,0.053397
9.6005e-10,0.046757,0.053358
9.8213e-10,0.046768,0.053318
9.9939e-10,0.046777,0.053278
1.012e-09,0.046785,0.053238
1.0201e-09,0.046792,0.053198
1.0239e-09,0.046799,0.053158
1.0236e-09,0.046804,0.053118
1.0193e-09,0.046808,0.053079
1.0113e-09,0.046811,0.05304
9.9982e-10,0.046813,0.053002
9.85e-10,0.046815,0.052965
9.6707e-10,0.046816,0.052929
9.4627e-10,0.046816,0.052894
9.2279e-10,0.046815,0.05286
8.9685e-10,0.046814,0.052828
8.6868e-10,0.046812,0.052797
8.3848e-10,0.04681,0.052768
8.0647e-10,0.046807,0.05274
7.7285e-10,0.046803,0.052715
7.3783e-10,0.0468,0.052692
7.0162e-10,0.046795,0.05267
6.6439e-10,0.046791,0.052651
6.2636e-10,0.046786,0.052634
5.8769e-10,0.046781,0.052619
5.4857e-10,0.046775,0.052607
5.0918e-10,0.04677,0.052597
4.6967e-10,0.046764,0.052589
4.3021e-10,0.046758,0.052584
3.9094e-10,0.046752,0.052582
3.52e-10,0.046745,0.052582
3.1354e-10,0.046739,0.052584
2.7567e-10,0.046732,0.052589
2.3852e-10,0.046725,0.052597
2.022e-10,0.046718,0.052607
1.6679e-10,0.046711,0.052619
1.3241e-10,0.046704,0.052634
9.913e-11,0.046697,0.052651
6.703e-11,0.04669,0.05267
3.6178e-11,0.046683,0.052691
6.6344e-12,0.046676,0.052715
-2.1548e-11,0.046669,0.05274
-4.8325e-11,0.046661,0.052768
-7.3659e-11,0.046654,0.052797
-9.7521e-11,0.046647,0.052827
-1.1989e-10,0.04664,0.052859
-1.4074e-10,0.046633,0.052893
-1.6007e-10,0.046626,0.052928
-1.7788e-10,0.046619,0.052963
-1.9417e-10,0.046613,0.053
-2.0894e-10,0.046606,0.053037
-2.2222e-10,0.0466,0.053075
-2.3402e-10,0.046594,0.053114
-2.4436e-10,0.046588,0.053152
-2.5327e-10,0.046583,0.053191
-2.6079e-10,0.046578,0.053229
-2.6695e-10,0.046573,0.053267
-2.718e-10,0.046569,0.053305
-2.7537e-10,0.046566,0.053341
-2.7771e-10,0.046562,0.053377
-2.7887e-10,0.04656,0.053412
-2.789e-10,0.046558,0.053445
-2.7785e-10,0.046556,0.053477
-2.7578e-10,0.046556,0.053508
-2.7275e-10,0.046556,0.053536
-2.6881e-10,0.046557,0.053563
-2.6402e-10,0.046558,0.053587
-2.5843e-10,0.046561,0.053609
-2.5211e-10,0.046564,0.053628
-2.4512e-10,0.046568,0.053645
-2.3751e-10,0.046573,0.053659
-2.2934e-10,0.046579,0.05367
-2.2067e-10,0.046586,0.053678
-2.1156e-10,0.046594,0.053682
-2.0205e-10,0.046602,0.053683
-1.9222e-10,0.046612,0.053681
-1.8211e-10,0.046623,0.053675
-1.7177e-10,0.046634,0.053666
-1.6125e-10,0.046647,0.053653
-1.5061e-10,0.04666,0.053635
-1.3988e-10,0.046674,0.053614
-1.2912e-10,0.046689,0.053589
-1.1837e-10,0.046705,0.05356
-1.0766e-10,0.046722,0.053527
-9.7043e-11,0.046739,0.05349
-8.6549e-11,0.046757,0.053449
-7.6215e-11,0.046776,0.053404
-6.6071e-11,0.046795,0.053354
-5.6149e-11,0.046815,0.053301
-4.6477e-11,0.046836,0.053243
-3.7079e-11,0.046856,0.053182
-2.7979e-11,0.046877,0.053117
-1.9198e-11,0.046898,0.053047
-1.0756e-11,0.04692,0.052974
-2.6682e-12,0.046941,0.052898
5.0502e-12,0.046963,0.052817
1.2387e-11,0.046984,0.052733
1.9332e-11,0.047006,0.052646
2.5876e-11,0.047027,0.052555
3.2013e-11,0.047048,0.052461
3.7739e-11,0.047068,0.052364
4.3051e-11,0.047088,0.052265
4.7948e-11,0.047108,0.052162
5.243e-11,0.047127,0.052057
5.65e-11,0.047146,0.051949
6.0161e-11,0.047164,0.05184
6.3418e-11,0.047181,0.051728
6.6278e-11,0.047197,0.051614
6.8748e-11,0.047213,0.051499
7.0838e-11,0.047227,0.051382
7.2556e-11,0.047241,0.051264
7.3914e-11,0.047254,0.051145
7.4924e-11,0.047266,0.051025
7.5597e-11,0.047277,0.050904
7.5947e-11,0.047288,0.050783
7.5989e-11,0.047297,0.050662
7.5735e-11,0.047305,0.05054
7.5202e-11,0.047313,0.05042
7.4404e-11,0.04732,0.050299
7.3356e-11,0.047325,0.050179
7.2075e-11,0.04733,0.05006
7.0576e-11,0.047335,0.049943
6.8876e-11,0.047338,0.049826
6.699e-11,0.047341,0.049712
6.4934e-11,0.047343,0.049599
6.2725e-11,0.047345,0.049488
6.0377e-11,0.047347,0.04938
5.7907e-11,0.047348,0.049274
5.533e-11,0.047349,0.04917
5.266e-11,0.047349,0.04907
4.9913e-11,0.04735,0.048972
4.7102e-11,0.04735,0.048878
4.4242e-11,0.047351,0.048787
4.1345e-11,0.047351,0.0487
3.8425e-11,0.047352,0.048616
3.5494e-11,0.047354,0.048537
3.2564e-11,0.047355,0.048461
2.9646e-11,0.047357,0.048389
2.675e-11,0.04736,0.048322
2.3887e-11,0.047364,0.048259
2.1067e-11,0.047368,0.048201
1.8298e-11,0.047373,0.048147
1.5588e-11,0.047379,0.048098
1.2945e-11,0.047386,0.048053
1.0376e-11,0.047393,0.048013
7.8884e-12,0.047402,0.047978
5.4867e-12,0.047412,0.047948
3.1766e-12,0.047423,0.047923
9.626e-13,0.047436,0.047902
-1.1512e-12,0.047449,0.047886
-3.1613e-12,0.047463,0.047875
-5.0649e-12,0.047479,0.047869
-6.8597e-12,0.047496,0.047868
-8.5438e-12,0.047514,0.047871
-1.0116e-11,0.047534,0.047878
-1.1575e-11,0.047554,0.047891
-1.2922e-11,0.047576,0.047907
-1.4155e-11,0.047599,0.047928
-1.5276e-11,0.047622,0.047954
-1.6285e-11,0.047647,0.047983
-1.7184e-11,0.047673,0.048016
-1.7975e-11,0.0477,0.048053
-1.866e-11,0.047728,0.048094
-1.924e-11,0.047757,0.048138
-1.9719e-11,0.047786,0.048186
-2.0099e-11,0.047816,0.048237
-2.0385e-11,0.047847,0.048291
-2.0578e-11,0.047879,0.048347
-2.0683e-11,0.047911,0.048407
-2.0703e-11,0.047943,0.048468
-2.0643e-11,0.047976,0.048532
-2.0505e-11,0.048009,0.048598
-2.0296e-11,0.048043,0.048666
-2.0018e-11,0.048076,0.048735
-1.9675e-11,0.04811,0.048806
-1.9273e-11,0.048144,0.048878
-1.8816e-11,0.048178,0.048951
-1.8307e-11,0.048211,0.049025
-1.7752e-11,0.048245,0.049099
-1.7155e-11,0.048278,0.049173
-1.6519e-11,0.048311,0.049248
-1.585e-11,0.048343,0.049322
-1.5151e-11,0.048375,0.049396
-1.4426e-11,0.048407,0.04947
-1.368e-11,0.048437,0.049543
-1.2916e-11,0.048468,0.049615
-1.2138e-11,0.048497,0.049686
-1.135e-11,0.048526,0.049756
-1.0555e-11,0.048554,0.049824
-9.7563e-12,0.048581,0.04989
-8.9579e-12,0.048607,0.049955
-8.1625e-12,0.048632,0.050018
-7.3729e-12,0.048657,0.050079
-6.5919e-12,0.04868,0.050138
-5.8222e-12,0.048702,0.050194
-5.0662e-12,0.048723,0.050248
-4.3261e-12,0.048743,0.050299
-3.6041e-12,0.048761,0.050348
-2.902e-12,0.048779,0.050395
-2.2218e-12,0.048795,0.050438
-1.5649e-12,0.04881,0.050479
-9.328e-13,0.048824,0.050517
-3.2677e-13,0.048836,0.050552
2.5208e-13,0.048847,0.050584
8.0279e-13,0.048857,0.050613
1.3246e-12,0.048866,0.050639
1.8167e-12,0.048873,0.050662
2.2788e-12,0.048879,0.050683
2.7104e-12,0.048884,0.050701
3.1113e-12,0.048887,0.050715
3.4814e-12,0.048889,0.050727
3.8208e-12,0.04889,0.050737
4.1294e-12,0.04889,0.050744
4.4077e-12,0.048888,0.050748
4.6559e-12,0.048885,0.050749
4.8746e-12,0.048881,0.050749
5.0641e-12,0.048876,0.050746
5.2253e-12,0.048869,0.050741
5.3588e-12,0.048861,0.050734
5.4653e-12,0.048852,0.050725
5.5458e-12,0.048842,0.050714
5.6012e-12,0.04883,0.050702
5.6323e-12,0.048818,0.050688
5.6403e-12,0.048804,0.050672
5.6262e-12,0.048789,0.050656
5.591e-12,0.048773,0.050638
5.536e-12,0.048756,0.05062
5.4622e-12,0.048738,0.0506
5.3708e-12,0.048719,0.05058
5.263e-12,0.048699,0.05056
5.14e-12,0.048678,0.05054
5.0029e-12,0.048656,0.050519
4.853e-12,0.048633,0.050498
4.6915e-12,0.048609,0.050478
4.5194e-12,0.048584,0.050457
4.338e-12,0.048557,0.050438
4.1484e-12,0.04853,0.050418
3.9516e-12,0.048503,0.0504
3.7489e-12,0.048474,0.050383
3.5413e-12,0.048444,0.050366
3.3298e-12,0.048413,0.050351
3.1153e-12,0.048382,0.050337
2.8989e-12,0.048349,0.050325
2.6815e-12,0.048316,0.050314
2.464e-12,0.048282,0.050304
2.2472e-12,0.048247,0.050297
2.0318e-12,0.048211,0.050291
1.8188e-12,0.048175,0.050287
1.6088e-12,0.048137,0.050285
1.4024e-12,0.048099,0.050285
1.2003e-12,0.048061,0.050287
1.003e-12,0.048021,0.050291
8.1116e-13,0.047981,0.050298
6.2518e-13,0.04794,0.050306
4.4552e-13,0.047899,0.050317
2.7257e-13,0.047857,0.05033
1.0669e-13,0.047814,0.050345
-5.1821e-14,0.047771,0.050362
-2.0269e-13,0.047727,0.050381
-3.457e-13,0.047683,0.050403
-4.8066e-13,0.047639,0.050426
-6.0744e-13,0.047594,0.050452
-7.2593e-13,0.047549,0.050479
-8.3606e-13,0.047504,0.050508
-9.3779e-13,0.047459,0.050539
-1.0311e-12,0.047413,0.050572
-1.1161e-12,0.047367,0.050606
-1.1928e-12,0.047321,0.050641
-1.2613e-12,0.047276,0.050678
-1.3218e-12,0.04723,0.050716
-1.3743e-12,0.047185,0.050755
-1.419e-12,0.047139,0.050794
-1.4562e-12,0.047094,0.050835
-1.486e-12,0.047049,0.050876
-1.5087e-12,0.047005,0.050918
-1.5245e-12,0.046961,0.05096
-1.5337e-12,0.046917,0.051002
-1.5366e-12,0.046874,0.051045
-1.5333e-12,0.046832,0.051087
-1.5244e-12,0.04679,0.051129
-1.51e-12,0.046749,0.05117
-1.4904e-12,0.046709,0.051211
-1.466e-12,0.04667,0.051252
-1.4371e-12,0.046631,0.051292
-1.4041e-12,0.046593,0.05133
-1.3671e-12,0.046557,0.051368
-1.3266e-12,0.046521,0.051405
-1.283e-12,0.046487,0.051441
-1.2364e-12,0.046454,0.051475
-1.1872e-12,0.046422,0.051508
-1.1358e-12,0.046391,0.05154
-1.0824e-12,0.046361,0.05157
-1.0274e-12,0.046333,0.051599
-9.7093e-13,0.046306,0.051627
-9.1341e-13,0.046281,0.051652
-8.5506e-13,0.046257,0.051676
-7.9616e-13,0.046234,0.051699
-7.3696e-13,0.046213,0.05172
-6.7769e-13,0.046193,0.05174
-6.1859e-13,0.046175,0.051758
-5.5988e-13,0.046158,0.051774
-5.0177e-13,0.046143,0.051789
-4.4445e-13,0.04613,0.051803
-3.8811e-13,0.046118,0.051815
-3.3292e-13,0.046107,0.051826
-2.7903e-13,0.046099,0.051836
-2.266e-13,0.046092,0.051845
-1.7576e-13,0.046086,0.051853
-1.2662e-13,0.046082,0.05186
-7.9303e-14,0.04608,0.051865
-3.3901e-14,0.046079,0.051871
9.5021e-15,0.04608,0.051875
5.0831e-14,0.046082,0.051879
9.0025e-14,0.046086,0.051882
1.2703e-13,0.046091,0.051886
1.6181e-13,0.046098,0.051888
1.9434e-13,0.046106,0.051891
2.2459e-13,0.046116,0.051893
2.5255e-13,0.046127,0.051896
2.7823e-13,0.046139,0.051898
3.0163e-13,0.046153,0.0519
3.2277e-13,0.046168,0.051903
3.4168e-13,0.046184,0.051906
3.5838e-13,0.046201,0.051909
3.7292e-13,0.04622,0.051912
3.8533e-13,0.04624,0.051916
3.9568e-13,0.04626,0.05192
4.0402e-13,0.046282,0.051925
4.1041e-13,0.046305,0.051929
4.1492e-13,0.046328,0.051934
4.1761e-13,0.046353,0.05194
4.1857e-13,0.046378,0.051946
4.1788e-13,0.046404,0.051952
4.156e-13,0.046431,0.051958
4.1183e-13,0.046458,0.051965
4.0665e-13,0.046486,0.051972
4.0015e-13,0.046514,0.051978
3.9241e-13,0.046543,0.051985
3.8352e-13,0.046572,0.051992
3.7357e-13,0.046602,0.051999
3.6264e-13,0.046632,0.052006
3.5084e-13,0.046662,0.052013
3.3823e-13,0.046693,0.052019
3.2491e-13,0.046724,0.052025
3.1097e-13,0.046754,0.052031
2.9648e-13,0.046785,0.052036
2.8152e-13,0.046816,0.052041
2.6619e-13,0.046847,0.052045
2.5055e-13,0.046878,0.052048
2.3467e-13,0.046909,0.052051
2.1864e-13,0.04694,0.052053
2.0252e-13,0.046971,0.052054
1.8637e-13,0.047001,0.052054
1.7027e-13,0.047031,0.052053
1.5426e-13,0.047061,0.052051
1.3841e-13,0.047091,0.052048
1.2277e-13,0.047121,0.052044
1.0739e-13,0.04715,0.052039
9.2317e-14,0.047179,0.052033
7.7597e-14,0.047207,0.052026
6.3268e-14,0.047235,0.052017
4.9369e-14,0.047263,0.052008
3.5931e-14,0.04729,0.051997
2.2986e-14,0.047317,0.051985
1.0559e-14,0.047343,0.051972
-1.3247e-15,0.047369,0.051958
-1.2646e-14,0.047395,0.051943
-2.3387e-14,0.047419,0.051927
-3.3534e-14,0.047444,0.05191
-4.3075e-14,0.047468,0.051892
-5.2003e-14,0.047491,0.051873
-6.0311e-14,0.047513,0.051853
-6.7997e-14,0.047535,0.051832
-7.5061e-14,0.047557,0.05181
-8.1503e-14,0.047577,0.051788
-8.7329e-14,0.047598,0.051765
-9.2545e-14,0.047617,0.051741
-9.716e-14,0.047636,0.051716
-1.0118e-13,0.047654,0.051692
-1.0463e-13,0.047671,0.051666
-1.0751e-13,0.047687,0.05164
-1.0984e-13,0.047703,0.051614
-1.1164e-13,0.047718,0.051587
-1.1292e-13,0.047732,0.05156
-1.1371e-13,0.047746,0.051533
-1.1402e-13,0.047758,0.051506
-1.1388e-13,0.04777,0.051479
-1.133e-13,0.047781,0.051451
-1.1232e-13,0.047791,0.051424
-1.1095e-13,0.047801,0.051396
-1.0922e-13,0.047809,0.051369
-1.0714e-13,0.047816,0.051341
-1.0475e-13,0.047823,0.051314
-1.0207e-13,0.047829,0.051287
-9.9126e-14,0.047834,0.05126
-9.5935e-14,0.047838,0.051233
-9.2523e-14,0.047842,0.051207
-8.8915e-14,0.047844,0.051181
-8.5134e-14,0.047846,0.051155
-8.1202e-14,0.047847,0.051129
-7.7141e-14,0.047848,0.051104
-7.2974e-14,0.047847,0.051079
-6.8721e-14,0.047846,0.051054
-6.4403e-14,0.047845,0.05103
-6.004e-14,0.047842,0.051006
-5.5649e-14,0.047839,0.050982
-5.1251e-14,0.047836,0.050959
-4.6861e-14,0.047832,0.050936
-4.2496e-14,0.047828,0.050913
-3.8173e-14,0.047823,0.050891
-3.3905e-14,0.047818,0.05087
-2.9708e-14,0.047813,0.050848
-2.5592e-14,0.047807,0.050827
-2.1571e-14,0.047801,0.050807
-1.7656e-14,0.047795,0.050787
-1.3856e-14,0.047789,0.050767
-1.0181e-14,0.047784,0.050748
-6.6399e-15,0.047778,0.050729
-3.239e-15,0.047772,0.050711
1.4742e-17,0.047766,0.050693
3.1158e-15,0.047761,0.050676
6.0593e-15,0.047756,0.05066
8.8412e-15,0.047752,0.050644
1.1459e-14,0.047748,0.050628
1.3909e-14,0.047744,0.050614
1.6191e-14,0.047741,0.0506
1.8303e-14,0.047739,0.050587
2.0246e-14,0.047738,0.050575
2.2019e-14,0.047737,0.050564
2.3624e-14,0.047737,0.050553
2.5063e-14,0.047738,0.050544
2.6338e-14,0.04774,0.050536
2.7452e-14,0.047743,0.050529
2.8407e-14,0.047748,0.050523
2.9208e-14,0.047753,0.050518
2.9859e-14,0.04776,0.050514
3.0365e-14,0.047768,0.050512
3.0729e-14,0.047777,0.050512
3.0958e-14,0.047787,0.050513
3.1057e-14,0.047799,0.050515
3.1032e-14,0.047813,0.050519
3.0888e-14,0.047828,0.050525
3.0632e-14,0.047844,0.050532
3.027e-14,0.047862,0.050542
2.9808e-14,0.047881,0.050553
2.9253e-14,0.047902,0.050566
2.8612e-14,0.047924,0.050581
2.789e-14,0.047948,0.050598
2.7094e-14,0.047974,0.050617
2.6232e-14,0.048001,0.050638
2.5309e-14,0.04803,0.050662
2.4331e-14,0.04806,0.050687
2.3306e-14,0.048091,0.050715
2.2239e-14,0.048124,0.050744
2.1137e-14,0.048159,0.050776
2.0004e-14,0.048194,0.05081
1.8848e-14,0.048232,0.050846
1.7673e-14,0.04827,0.050884
1.6486e-14,0.04831,0.050924
1.529e-14,0.04835,0.050966
1.4092e-14,0.048392,0.05101
1.2896e-14,0.048435,0.051056
1.1706e-14,0.048479,0.051104
1.0527e-14,0.048524,0.051154
9.3624e-15,0.048569,0.051205
8.2166e-15,0.048615,0.051257
7.0929e-15,0.048662,0.051311
5.9945e-15,0.04871,0.051367
4.9247e-15,0.048757,0.051423
3.886e-15,0.048805,0.051481
2.8811e-15,0.048854,0.051539
1.9123e-15,0.048902,0.051598
9.816e-16,0.048951,0.051658
9.0766e-17,0.048999,0.051719
-7.5861e-16,0.049048,0.051779
-1.5652e-15,0.049096,0.05184
-2.3279e-15,0.049144,0.051901
-3.0458e-15,0.049191,0.051962
-3.7183e-15,0.049238,0.052022
-4.345e-15,0.049284,0.052082
-4.9254e-15,0.049329,0.052141
-5.4597e-15,0.049374,0.052199
-5.9478e-15,0.049418,0.052256
-6.3901e-15,0.04946,0.052312
-6.787e-15,0.049502,0.052367
-7.1391e-15,0.049542,0.05242
-7.4472e-15,0.049582,0.052472
-7.7121e-15,0.049619,0.052522
-7.9349e-15,0.049656,0.05257
-8.1166e-15,0.049691,0.052616
-8.2586e-15,0.049724,0.05266
-8.362e-15,0.049756,0.052701
-8.4284e-15,0.049786,0.05274
-8.4591e-15,0.049814,0.052777
-8.4558e-15,0.04984,0.052811
-8.4201e-15,0.049864,0.052843
-8.3536e-15,0.049887,0.052871
-8.2581e-15,0.049907,0.052897
-8.1352e-15,0.049925,0.052921
-7.9867e-15,0.049941,0.052941
-7.8144e-15,0.049955,0.052958
-7.62e-15,0.049967,0.052973
-7.4055e-15,0.049976,0.052984
-7.1724e-15,0.049983,0.052993
-6.9227e-15,0.049988,0.052998
-6.6579e-15,0.04999,0.053001
-6.38e-15,0.049989,0.053
-6.0905e-15,0.049987,0.052997
-5.7911e-15,0.049981,0.052991
-5.4835e-15,0.049974,0.052982
-5.1691e-15,0.049963,0.05297
-4.8496e-15,0.04995,0.052956
-4.5264e-15,0.049935,0.052938
-4.2009e-15,0.049917,0.052919
-3.8745e-15,0.049896,0.052896
-3.5485e-15,0.049873,0.052872
-3.2241e-15,0.049847,0.052845
-2.9025e-15,0.049818,0.052815
-2.5848e-15,0.049787,0.052784
-2.2721e-15,0.049754,0.05275
-1.9653e-15,0.049717,0.052715
-1.6653e-15,0.049679,0.052677
-1.373e-15,0.049637,0.052638
-1.0891e-15,0.049594,0.052598
-8.1428e-16,0.049547,0.052555
-5.4926e-16,0.049499,0.052512
-2.9456e-16,0.049448,0.052467
-5.0681e-17,0.049394,0.05242
1.8195e-16,0.049339,0.052373
4.0297e-16,0.049281,0.052325
6.1205e-16,0.049221,0.052275
8.0897e-16,0.049158,0.052225
9.9353e-16,0.049094,0.052175
1.1656e-15,0.049028,0.052124
1.3251e-15,0.048959,0.052072
1.472e-15,0.048889,0.052021
1.6063e-15,0.048817,0.051969
1.7282e-15,0.048743,0.051916
1.8377e-15,0.048668,0.051864
1.9349e-15,0.048591,0.051813
2.0201e-15,0.048513,0.051761
2.0936e-15,0.048433,0.05171
2.1555e-15,0.048352,0.051659
2.2062e-15,0.048269,0.051609
2.246e-15,0.048186,0.051559
2.2753e-15,0.048101,0.05151
2.2945e-15,0.048015,0.051462
2.3039e-15,0.047929,0.051415
2.304e-15,0.047842,0.051369
2.2952e-15,0.047754,0.051324
2.278e-15,0.047665,0.051281
2.2528e-15,0.047577,0.051239
2.2201e-15,0.047487,0.051198
2.1804e-15,0.047398,0.051159
2.1342e-15,0.047308,0.051122
2.0819e-15,0.047218,0.051086
2.024e-15,0.047128,0.051052
1.961e-15,0.047039,0.05102
1.8935e-15,0.046949,0.05099
1.8218e-15,0.04686,0.050961
1.7464e-15,0.046771,0.050935
1.6679e-15,0.046683,0.050912
1.5866e-15,0.046595,0.05089
1.503e-15,0.046508,0.050871
1.4176e-15,0.046422,0.050854
1.3307e-15,0.046336,0.050839
1.2427e-15,0.046251,0.050827
1.1541e-15,0.046168,0.050817
1.0652e-15,0.046085,0.05081
9.7634e-16,0.046004,0.050805
8.8791e-16,0.045923,0.050803
8.0021e-16,0.045845,0.050803
7.1354e-16,0.045767,0.050806
6.2818e-16,0.045691,0.050811
5.4441e-16,0.045617,0.050819
4.6248e-16,0.045544,0.05083
3.826e-16,0.045473,0.050842
3.05e-16,0.045403,0.050857
2.2987e-16,0.045335,0.050875
1.5738e-16,0.04527,0.050895
8.7678e-17,0.045206,0.050917
2.0913e-17,0.045144,0.050941
-4.2799e-17,0.045085,0.050967
-1.0336e-16,0.045027,0.050995
-1.6067e-16,0.044972,0.051025
-2.1468e-16,0.044919,0.051057
-2.6533e-16,0.044868,0.051091
-3.1257e-16,0.044819,0.051126
-3.564e-16,0.044773,0.051163
-3.9679e-16,0.044729,0.051201
-4.3376e-16,0.044688,0.05124
-4.6732e-16,0.04465,0.051281
-4.9751e-16,0.044613,0.051322
-5.2436e-16,0.04458,0.051365
-5.4793e-16,0.044549,0.051408
-5.6829e-16,0.04452,0.051452
-5.855e-16,0.044495,0.051496
-5.9964e-16,0.044472,0.051541
-6.1081e-16,0.044451,0.051586
-6.191e-16,0.044433,0.051631
-6.2462e-16,0.044418,0.051676
-6.2747e-16,0.044406,0.051721
-6.2776e-16,0.044397,0.051766
-6.2563e-16,0.04439,0.05181
-6.2118e-16,0.044386,0.051854
-6.1455e-16,0.044384,0.051897
-6.0586e-16,0.044385,0.05194
-5.9525e-16,0.04439,0.051981
-5.8283e-16,0.044396,0.052022
-5.6876e-16,0.044406,0.052062
-5.5315e-16,0.044418,0.052101
-5.3615e-16,0.044433,0.052138
-5.1787e-16,0.04445,0.052175
-4.9846e-16,0.044471,0.05221
-4.7804e-16,0.044493,0.052244
-4.5673e-16,0.044519,0.052276
-4.3466e-16,0.044547,0.052307
-4.1196e-16,0.044578,0.052336
-3.8873e-16,0.044611,0.052363
-3.6509e-16,0.044646,0.052389
-3.4116e-16,0.044684,0.052413
-3.1703e-16,0.044725,0.052436
-2.9282e-16,0.044768,0.052457
-2.6861e-16,0.044813,0.052476
-2.445e-16,0.04486,0.052493
-2.2058e-16,0.04491,0.052509
-1.9694e-16,0.044962,0.052523
-1.7364e-16,0.045015,0.052535
-1.5077e-16,0.045071,0.052545
-1.284e-16,0.045129,0.052554
-1.0657e-16,0.045189,0.052561
-8.5363e-17,0.04525,0.052566
-6.482e-17,0.045313,0.05257
-4.4991e-17,0.045378,0.052572
-2.5919e-17,0.045444,0.052572
-7.6429e-18,0.045512,0.052571
9.8053e-18,0.045581,0.052568
2.6397e-17,0.045651,0.052563
4.2108e-17,0.045723,0.052558
5.692e-17,0.045796,0.05255
7.0817e-17,0.045869,0.052542
8.3789e-17,0.045944,0.052532
9.5829e-17,0.046019,0.05252
1.0694e-16,0.046095,0.052508
1.1711e-16,0.046171,0.052494
1.2635e-16,0.046248,0.052478
1.3467e-16,0.046325,0.052462
1.4209e-16,0.046403,0.052445
1.4861e-16,0.04648,0.052426
1.5425e-16,0.046558,0.052406
1.5903e-16,0.046635,0.052385
1.6297e-16,0.046712,0.052364
1.661e-16,0.046789,0.052341
1.6844e-16,0.046865,0.052317
1.7003e-16,0.046941,0.052293
1.7088e-16,0.047016,0.052268
1.7104e-16,0.04709,0.052242
1.7052e-16,0.047163,0.052215
1.6938e-16,0.047235,0.052187
1.6764e-16,0.047306,0.052159
1.6533e-16,0.047376,0.05213
1.6249e-16,0.047444,0.052101
1.5916e-16,0.047511,0.052071
1.5538e-16,0.047576,0.052041
1.5117e-16,0.047639,0.05201
1.4658e-16,0.047701,0.051979
1.4163e-16,0.04776,0.051947
1.3638e-16,0.047818,0.051916
1.3084e-16,0.047873,0.051884
1.2506e-16,0.047926,0.051852
1.1907e-16,0.047977,0.05182
1.1291e-16,0.048026,0.051788
1.0659e-16,0.048072,0.051756
1.0016e-16,0.048115,0.051724
9.3651e-17,0.048157,0.051692
8.7083e-17,0.048195,0.051661
8.0488e-17,0.048231,0.05163
7.3892e-17,0.048264,0.051599
6.732e-17,0.048294,0.051568
6.0798e-17,0.048321,0.051538
5.4348e-17,0.048346,0.051508
4.7991e-17,0.048368,0.051479
4.1747e-17,0.048386,0.051451
3.5635e-17,0.048402,0.051423
2.9673e-17,0.048415,0.051396
2.3876e-17,0.048425,0.051369
1.826e-17,0.048432,0.051344
1.2836e-17,0.048436,0.051319
7.6177e-18,0.048438,0.051295
2.6148e-18,0.048436,0.051272
-2.1633e-18,0.048432,0.05125
-6.7089e-18,0.048424,0.051229
-1.1015e-17,0.048414,0.051208
-1.5077e-17,0.048402,0.051189
-1.889e-17,0.048386,0.051171
-2.2452e-17,0.048368,0.051154
-2.5759e-17,0.048348,0.051139
-2.8813e-17,0.048325,0.051124
-3.1612e-17,0.0483,0.051111
-3.4157e-17,0.048272,0.051099
-3.6452e-17,0.048242,0.051088
-3.8498e-17,0.048211,0.051078
-4.03e-17,0.048177,0.05107
-4.1862e-17,0.048141,0.051063
-4.319e-17,0.048104,0.051058
-4.4289e-17,0.048065,0.051054
-4.5165e-17,0.048024,0.051051
-4.5826e-17,0.047982,0.05105
-4.628e-17,0.047939,0.05105
-4.6534e-17,0.047895,0.051051
-4.6597e-17,0.047849,0.051054
-4.6477e-17,0.047803,0.051059
-4.6184e-17,0.047756,0.051065
-4.5726e-17,0.047709,0.051072
-4.5114e-17,0.047661,0.051081
-4.4356e-17,0.047613,0.051092
-4.3464e-17,0.047564,0.051103
-4.2445e-17,0.047516,0.051116
-4.1311e-17,0.047468,0.051131
-4.0071e-17,0.04742,0.051147
-3.8734e-17,0.047372,0.051164
-3.7311e-17,0.047325,0.051182
-3.5811e-17,0.047278,0.051202
-3.4244e-17,0.047232,0.051223
-3.2618e-17,0.047188,0.051245
-3.0942e-17,0.047144,0.051268
-2.9226e-17,0.047101,0.051292
-2.7478e-17,0.047059,0.051317
-2.5706e-17,0.047018,0.051343
-2.3918e-17,0.046979,0.05137
-2.2122e-17,0.046941,0.051398
-2.0325e-17,0.046905,0.051426
-1.8534e-17,0.046871,0.051455
-1.6755e-17,0.046838,0.051485
-1.4996e-17,0.046806,0.051515
-1.3261e-17,0.046777,0.051545
-1.1556e-17,0.046749,0.051576
-9.8874e-18,0.046722,0.051607
-8.2586e-18,0.046698,0.051638
-6.6743e-18,0.046676,0.051668
-5.1387e-18,0.046655,0.051699
-3.6554e-18,0.046636,0.05173
-2.2276e-18,0.046619,0.05176
-8.5819e-19,0.046603,0.05179
4.5025e-19,0.04659,0.051819
1.6955e-18,0.046578,0.051848
2.8759e-18,0.046567,0.051876
3.9897e-18,0.046559,0.051904
5.0359e-18,0.046551,0.05193
6.0136e-18,0.046546,0.051956
6.9222e-18,0.046541,0.05198
7.7615e-18,0.046538,0.052004
8.5315e-18,0.046536,0.052026
9.2325e-18,0.046536,0.052047
9.865e-18,0.046536,0.052066
1.043e-17,0.046537,0.052084
1.0928e-17,0.046539,0.0521
1.1361e-17,0.046542,0.052115
1.1729e-17,0.046546,0.052128
1.2035e-17,0.04655,0.052139
1.228e-17,0.046555,0.052149
1.2467e-17,0.04656,0.052156
1.2596e-17,0.046566,0.052162
1.2672e-17,0.046572,0.052166
1.2694e-17,0.046577,0.052167
1.2667e-17,0.046583,0.052167
1.2592e-17,0.046589,0.052165
1.2472e-17,0.046595,0.05216
1.231e-17,0.046601,0.052154
1.2108e-17,0.046606,0.052145
1.1868e-17,0.046611,0.052135
1.1595e-17,0.046616,0.052122
1.1289e-17,0.04662,0.052108
1.0954e-17,0.046624,0.052091
1.0593e-17,0.046627,0.052073
1.0208e-17,0.04663,0.052052
9.8011e-18,0.046633,0.05203
9.3759e-18,0.046635,0.052006
8.9346e-18,0.046636,0.05198
8.4796e-18,0.046638,0.051952
8.0132e-18,0.046638,0.051923
7.5378e-18,0.046639,0.051893
7.0557e-18,0.046639,0.051861
6.569e-18,0.046638,0.051827
6.0799e-18,0.046637,0.051793
5.5902e-18,0.046637,0.051757
5.102e-18,0.046636,0.05172
4.6171e-18,0.046634,0.051682
4.1371e-18,0.046633,0.051643
3.6637e-18,0.046632,0.051604
3.1984e-18,0.046631,0.051564
2.7426e-18,0.04663,0.051523
2.2976e-18,0.04663,0.051483
1.8647e-18,0.04663,0.051442
1.4449e-18,0.04663,0.0514
1.0392e-18,0.046631,0.051359
6.4853e-19,0.046632,0.051318
2.7372e-19,0.046634,0.051277
-8.4561e-20,0.046637,0.051237
-4.257e-19,0.046641,0.051197
-7.4919e-19,0.046646,0.051158
-1.0546e-18,0.046651,0.05112
-1.3416e-18,0.046658,0.051082
-1.61e-18,0.046666,0.051046
-1.8596e-18,0.046674,0.051011
-2.0903e-18,0.046684,0.050977
-2.3021e-18,0.046696,0.050945
-2.4951e-18,0.046708,0.050914
-2.6695e-18,0.046722,0.050885
-2.8253e-18,0.046737,0.050857
-2.963e-18,0.046754,0.050832
-3.0828e-18,0.046771,0.050809
-3.185e-18,0.046791,0.050788
-3.2702e-18,0.046811,0.050769
-3.3388e-18,0.046833,0.050752
-3.3914e-18,0.046855,0.050738
-3.4283e-18,0.046879,0.050726
-3.4504e-18,0.046905,0.050717
-3.4581e-18,0.046931,0.05071
-3.4521e-18,0.046958,0.050706
-3.4331e-18,0.046987,0.050705
-3.4017e-18,0.047016,0.050706
-3.3587e-18,0.047046,0.05071
-3.3048e-18,0.047077,0.050717
-3.2407e-18,0.047108,0.050727
-3.1671e-18,0.04714,0.05074
-3.0847e-18,0.047173,0.050755
-2.9944e-18,0.047205,0.050774
-2.8967e-18,0.047238,0.050795
-2.7924e-18,0.047272,0.050819
-2.6823e-18,0.047305,0.050845
-2.567e-18,0.047338,0.050874
-2.4472e-18,0.04737,0.050906
-2.3236e-18,0.047402,0.050941
-2.1969e-18,0.047434,0.050977
-2.0676e-18,0.047465,0.051017
-1.9365e-18,0.047496,0.051058
-1.804e-18,0.047525,0.051101
-1.6708e-18,0.047554,0.051147
-1.5374e-18,0.047581,0.051194
-1.4043e-18,0.047607,0.051243
-1.2721e-18,0.047632,0.051294
-1.1412e-18,0.047656,0.051346
-1.012e-18,0.047678,0.051399
-8.8501e-19,0.047698,0.051453
-7.6054e-19,0.047716,0.051509
-6.3898e-19,0.047733,0.051565
-5.2067e-19,0.047748,0.051621
-4.059e-19,0.047761,0.051678
-2.9496e-19,0.047771,0.051735
-1.8808e-19,0.04778,0.051792
-8.5497e-20,0.047786,0.051849
1.2603e-20,0.047791,0.051906
1.0605e-19,0.047793,0.051961
1.947e-19,0.047792,0.052016
2.7845e-19,0.04779,0.05207
3.5719e-19,0.047785,0.052123
4.3085e-19,0.047778,0.052175
4.994e-19,0.047769,0.052225
5.6281e-19,0.047757,0.052273
6.2108e-19,0.047743,0.05232
6.7421e-19,0.047727,0.052364
7.2226e-19,0.047708,0.052406
7.6526e-19,0.047687,0.052447
8.033e-19,0.047665,0.052484
8.3645e-19,0.04764,0.052519
8.6483e-19,0.047613,0.052552
8.8854e-19,0.047584,0.052582
9.0772e-19,0.047554,0.052609
9.225e-19,0.047521,0.052633
9.3302e-19,0.047487,0.052654
9.3946e-19,0.047452,0.052672
9.4198e-19,0.047415,0.052688
9.4075e-19,0.047376,0.0527
9.3595e-19,0.047336,0.052709
9.2776e-19,0.047295,0.052715
9.1639e-19,0.047253,0.052719
9.0202e-19,0.04721,0.052719
8.8484e-19,0.047167,0.052716
8.6507e-19,0.047122,0.052711
8.4288e-19,0.047078,0.052703
8.1849e-19,0.047032,0.052691
7.9209e-19,0.046987,0.052678
7.6388e-19,0.046941,0.052662
7.3404e-19,0.046895,0.052643
7.0278e-19,0.046849,0.052622
6.7027e-19,0.046804,0.052599
6.3671e-19,0.046758,0.052573
6.0227e-19,0.046714,0.052546
5.6713e-19,0.04667,0.052517
5.3144e-19,0.046626,0.052486
4.9539e-19,0.046583,0.052454
4.5912e-19,0.046542,0.052421
4.2278e-19,0.046501,0.052386
3.8651e-19,0.046461,0.05235
3.5046e-19,0.046423,0.052313
3.1475e-19,0.046386,0.052275
2.795e-19,0.04635,0.052237
2.4483e-19,0.046316,0.052199
2.1085e-19,0.046284,0.05216
1.7764e-19,0.046253,0.052121
1.4531e-19,0.046224,0.052081
1.1394e-19,0.046197,0.052042
8.3598e-20,0.046171,0.052004
5.4359e-20,0.046148,0.051965
2.6283e-20,0.046127,0.051928
-5.7632e-22,0.046108,0.05189
-2.6173e-20,0.046091,0.051854
-5.0468e-20,0.046077,0.051819
-7.3428e-20,0.046065,0.051784
-9.5027e-20,0.046055,0.051751
-1.1525e-19,0.046047,0.051718
-1.3407e-19,0.046042,0.051688
-1.515e-19,0.04604,0.051658
-1.6752e-19,0.04604,0.05163
-1.8215e-19,0.046043,0.051603
-1.9539e-19,0.046048,0.051579
-2.0725e-19,0.046056,0.051555
-2.1776e-19,0.046067,0.051534
-2.2694e-19,0.04608,0.051515
-2.3481e-19,0.046096,0.051497
-2.4141e-19,0.046115,0.051481
-2.4676e-19,0.046136,0.051468
-2.5092e-19,0.04616,0.051456
-2.5391e-19,0.046187,0.051447
-2.5578e-19,0.046216,0.05144
-2.5658e-19,0.046248,0.051436
-2.5636e-19,0.046283,0.051433
-2.5515e-19,0.04632,0.051433
-2.5302e-19,0.04636,0.051435
-2.5002e-19,0.046402,0.05144
-2.4619e-19,0.046446,0.051447
-2.4159e-19,0.046493,0.051457
-2.3628e-19,0.046542,0.051469
-2.303e-19,0.046594,0.051484
-2.2372e-19,0.046647,0.051501
-2.1659e-19,0.046702,0.051521
-2.0895e-19,0.04676,0.051543
-2.0087e-19,0.046819,0.051568
-1.9239e-19,0.04688,0.051596
-1.8357e-19,0.046942,0.051626
-1.7446e-19,0.047006,0.051658
-1.651e-19,0.047071,0.051693
-1.5555e-19,0.047138,0.05173
-1.4584e-19,0.047205,0.051769
-1.3603e-19,0.047274,0.051811
-1.2615e-19,0.047343,0.051855
-1.1625e-19,0.047413,0.051902
-1.0637e-19,0.047483,0.05195
-9.6539e-20,0.047554,0.052
-8.6799e-20,0.047625,0.052053
-7.7182e-20,0.047695,0.052107
-6.7719e-20,0.047766,0.052162
-5.8438e-20,0.047836,0.05222
-4.9369e-20,0.047906,0.052279
-4.0534e-20,0.047974,0.052339
-3.1958e-20,0.048042,0.0524
-2.3661e-20,0.048109,0.052463
-1.5663e-20,0.048175,0.052526
-7.9791e-21,0.048239,0.05259
-6.254e-22,0.048302,0.052655
6.3856e-21,0.048363,0.05272
1.3043e-20,0.048422,0.052785
1.9338e-20,0.048479,0.052851
2.5262e-20,0.048534,0.052916
3.0812e-20,0.048586,0.052981
3.5982e-20,0.048636,0.053045
4.0771e-20,0.048683,0.053109
4.5178e-20,0.048728,0.053172
4.9204e-20,0.048769,0.053234
5.2851e-20,0.048808,0.053295
5.6124e-20,0.048843,0.053354
5.9027e-20,0.048875,0.053412
6.1566e-20,0.048904,0.053468
6.3748e-20,0.04893,0.053522
6.5583e-20,0.048952,0.053574
6.7079e-20,0.04897,0.053624
6.8245e-20,0.048985,0.053671
6.9095e-20,0.048997,0.053716
6.9638e-20,0.049005,0.053759
6.9887e-20,0.049009,0.053798
6.9855e-20,0.04901,0.053835
6.9555e-20,0.049007,0.053868
6.9002e-20,0.049,0.053898
6.8208e-20,0.04899,0.053925
6.7189e-20,0.048976,0.053949
6.5959e-20,0.048959,0.053969
6.4532e-20,0.048939,0.053986
6.2924e-20,0.048915,0.053999
6.1148e-20,0.048889,0.054009
5.922e-20,0.048859,0.054015
5.7155e-20,0.048826,0.054017
5.4966e-20,0.04879,0.054015
5.2668e-20,0.048752,0.05401
5.0274e-20,0.048711,0.054001
4.78e-20,0.048667,0.053988
4.5257e-20,0.048621,0.053972
4.2659e-20,0.048574,0.053951
4.0019e-20,0.048524,0.053928
3.7348e-20,0.048472,0.0539
3.4659e-20,0.048418,0.053869
3.1963e-20,0.048363,0.053834
2.9269e-20,0.048307,0.053796
2.659e-20,0.04825,0.053755
2.3933e-20,0.048191,0.05371
2.131e-20,0.048131,0.053662
1.8727e-20,0.048071,0.053612
1.6193e-20,0.048011,0.053558
1.3715e-20,0.04795,0.053501
1.1302e-20,0.047888,0.053441
8.9573e-21,0.047827,0.053379
6.6886e-21,0.047765,0.053315
4.5005e-21,0.047704,0.053248
2.3979e-21,0.047643,0.053179
3.8461e-22,0.047583,0.053108
-1.5356e-21,0.047523,0.053036
-3.3598e-21,0.047464,0.052961
-5.0855e-21,0.047406,0.052885
-6.7106e-21,0.047349,0.052808
-8.2335e-21,0.047293,0.05273
-9.6533e-21,0.047238,0.05265
-1.0969e-20,0.047184,0.05257
-1.2181e-20,0.047132,0.052489
-1.3289e-20,0.047081,0.052408
-1.4294e-20,0.047031,0.052326
-1.5197e-20,0.046983,0.052245
-1.5998e-20,0.046937,0.052163
-1.6701e-20,0.046892,0.052081
-1.7306e-20,0.046849,0.052
-1.7816e-20,0.046808,0.05192
-1.8233e-20,0.046768,0.05184
-1.8561e-20,0.04673,0.051761
-1.8801e-20,0.046694,0.051683
-1.8958e-20,0.046659,0.051606
-1.9034e-20,0.046626,0.051531
-1.9034e-20,0.046595,0.051457
-1.896e-20,0.046566,0.051384
-1.8817e-20,0.046538,0.051313
-1.8608e-20,0.046512,0.051244
-1.8336e-20,0.046488,0.051177
-1.8007e-20,0.046465,0.051111
-1.7624e-20,0.046444,0.051048
-1.7191e-20,0.046424,0.050986
-1.6712e-20,0.046406,0.050927
-1.6192e-20,0.046389,0.05087
-1.5633e-20,0.046374,0.050815
-1.504e-20,0.046359,0.050763
-1.4417e-20,0.046346,0.050713
-1.3768e-20,0.046334,0.050665
-1.3096e-20,0.046324,0.050619
-1.2405e-20,0.046314,0.050576
-1.1699e-20,0.046305,0.050535
-1.0981e-20,0.046297,0.050497
-1.0254e-20,0.04629,0.050461
-9.5218e-21,0.046284,0.050427
-8.7873e-21,0.046278,0.050395
-8.0534e-21,0.046272,0.050366
-7.3229e-21,0.046268,0.050339
-6.5984e-21,0.046263,0.050313
-5.8826e-21,0.046259,0.05029
-5.1776e-21,0.046256,0.05027
-4.4858e-21,0.046252,0.050251
-3.8092e-21,0.046249,0.050234
-3.1496e-21,0.046245,0.050218
-2.5088e-21,0.046242,0.050205
-1.8885e-21,0.046239,0.050194
-1.29e-21,0.046235,0.050184
-7.1459e-22,0.046232,0.050176
-1.6344e-22,0.046228,0.050169
3.6247e-22,0.046224,0.050164
8.623e-22,0.04622,0.05016
1.3354e-21,0.046216,0.050158
1.7811e-21,0.046211,0.050157
2.199e-21,0.046206,0.050158
2.5888e-21,0.046201,0.050159
2.9504e-21,0.046195,0.050162
3.2836e-21,0.046189,0.050166
3.5885e-21,0.046182,0.050171
3.8653e-21,0.046176,0.050177
4.1142e-21,0.046169,0.050184
4.3356e-21,0.046162,0.050192
4.5299e-21,0.046154,0.050201
4.6976e-21,0.046147,0.050211
4.8393e-21,0.046139,0.050221
4.9557e-21,0.046131,0.050232
5.0476e-21,0.046123,0.050245
5.1157e-21,0.046115,0.050257
5.1608e-21,0.046107,0.050271
5.184e-21,0.046099,0.050285
5.1861e-21,0.046091,0.0503
5.1681e-21,0.046083,0.050316
5.1311e-21,0.046075,0.050332
5.076e-21,0.046068,0.050349
5.0039e-21,0.046062,0.050367
4.916e-21,0.046055,0.050385
4.8132e-21,0.046049,0.050404
4.6967e-21,0.046044,0.050424
4.5675e-21,0.046039,0.050444
4.4268e-21,0.046035,0.050465
4.2757e-21,0.046032,0.050487
4.1151e-21,0.046029,0.050509
3.9463e-21,0.046027,0.050532
3.7702e-21,0.046026,0.050556
3.5877e-21,0.046026,0.050581
3.4001e-21,0.046027,0.050606
3.2081e-21,0.046029,0.050632
3.0128e-21,0.046031,0.050659
2.815e-21,0.046035,0.050687
2.6157e-21,0.04604,0.050715
2.4156e-21,0.046045,0.050745
2.2156e-21,0.046052,0.050775
2.0165e-21,0.04606,0.050806
1.8189e-21,0.046068,0.050838
1.6236e-21,0.046078,0.05087
1.4313e-21,0.046089,0.050904
1.2424e-21,0.0461,0.050938
1.0576e-21,0.046112,0.050974
8.7737e-22,0.046125,0.05101
7.0224e-22,0.046139,0.051046
5.3262e-22,0.046153,0.051084
3.6891e-22,0.046169,0.051122
2.1146e-22,0.046184,0.051161
6.0587e-23,0.0462,0.051201
-8.3441e-23,0.046217,0.051242
-2.2039e-22,0.046234,0.051283
-3.5006e-22,0.046251,0.051325
-4.7229e-22,0.046268,0.051367
-5.8697e-22,0.046285,0.05141
-6.9401e-22,0.046302,0.051453
-7.9335e-22,0.046319,0.051497
-8.8496e-22,0.046336,0.051542
-9.6887e-22,0.046353,0.051587
-1.0451e-21,0.046369,0.051632
-1.1137e-21,0.046385,0.051677
-1.1749e-21,0.0464,0.051723
-1.2286e-21,0.046415,0.051769
-1.275e-21,0.046428,0.051815
-1.3144e-21,0.046442,0.051862
-1.3469e-21,0.046454,0.051908
-1.3726e-21,0.046465,0.051954
-1.3919e-21,0.046476,0.052
-1.4048e-21,0.046485,0.052047
-1.4118e-21,0.046494,0.052092
-1.413e-21,0.046501,0.052138
-1.4087e-21,0.046507,0.052183
-1.3991e-21,0.046512,0.052228
-1.3846e-21,0.046517,0.052273
-1.3655e-21,0.04652,0.052317
-1.342e-21,0.046521,0.05236
-1.3144e-21,0.046522,0.052403
-1.2831e-21,0.046522,0.052445
-1.2483e-21,0.046521,0.052487
-1.2103e-21,0.046518,0.052527
-1.1694e-21,0.046515,0.052567
-1.1259e-21,0.046511,0.052605
-1.0801e-21,0.046506,0.052643
-1.0324e-21,0.0465,0.052679
-9.8285e-22,0.046494,0.052714
-9.3187e-22,0.046487,0.052747
-8.7969e-22,0.046479,0.05278
-8.2657e-22,0.046471,0.052811
-7.7276e-22,0.046463,0.05284
-7.1849e-22,0.046454,0.052867
-6.64e-22,0.046446,0.052893
-6.0951e-22,0.046437,0.052917
-5.5523e-22,0.046429,0.05294
-5.0136e-22,0.04642,0.05296
-4.4808e-22,0.046412,0.052978
-3.9557e-22,0.046405,0.052995
-3.4401e-22,0.046398,0.053009
-2.9354e-22,0.046392,0.05302
-2.443e-22,0.046386,0.05303
-1.9644e-22,0.046381,0.053037
-1.5006e-22,0.046378,0.053042
-1.0528e-22,0.046375,0.053045
-6.2202e-23,0.046374,0.053044
-2.0903e-23,0.046374,0.053042
1.8539e-23,0.046375,0.053036
5.6059e-23,0.046378,0.053028
9.1601e-23,0.046382,0.053018
1.2512e-22,0.046388,0.053005
1.5659e-22,0.046396,0.052989
1.8598e-22,0.046405,0.05297
2.1327e-22,0.046416,0.052948
2.3845e-22,0.046429,0.052924
2.6154e-22,0.046444,0.052897
2.8253e-22,0.046461,0.052867
3.0146e-22,0.046479,0.052834
3.1833e-22,0.0465,0.052799
3.3318e-22,0.046523,0.052761
3.4605e-22,0.046547,0.05272
3.5699e-22,0.046574,0.052676
3.6603e-22,0.046602,0.05263
3.7324e-22,0.046633,0.052581
3.7867e-22,0.046665,0.05253
3.8239e-22,0.0467,0.052476
3.8446e-22,0.046736,0.052419
3.8495e-22,0.046774,0.05236
3.8394e-22,0.046814,0.052299
3.8149e-22,0.046856,0.052235
3.7769e-22,0.046899,0.05217
3.7261e-22,0.046944,0.052102
3.6633e-22,0.046991,0.052032
3.5894e-22,0.047039,0.05196
3.5051e-22,0.047088,0.051886
3.4112e-22,0.047139,0.05181
3.3086e-22,0.047191,0.051733
3.1981e-22,0.047244,0.051654
3.0804e-22,0.047298,0.051574
2.9564e-22,0.047353,0.051493
2.8268e-22,0.047409,0.05141
2.6924e-22,0.047466,0.051327
2.5539e-22,0.047523,0.051242
2.4121e-22,0.047581,0.051157
2.2676e-22,0.04764,0.051071
2.1212e-22,0.047699,0.050985
1.9734e-22,0.047758,0.050899
1.825e-22,0.047817,0.050812
1.6766e-22,0.047876,0.050725
1.5286e-22,0.047936,0.050638
1.3817e-22,0.047994,0.050552
1.2364e-22,0.048053,0.050466
1.0931e-22,0.048111,0.050381
9.5232e-23,0.048169,0.050296
8.1449e-23,0.048226,0.050212
6.7998e-23,0.048283,0.05013
5.4917e-23,0.048338,0.050049
4.2238e-23,0.048393,0.049969
2.9991e-23,0.048447,0.04989
1.8203e-23,0.048499,0.049814
6.8984e-24,0.048551,0.049739
-3.9023e-24,0.048601,0.049666
-1.4181e-23,0.048649,0.049596
-2.3923e-23,0.048696,0.049528
-3.3115e-23,0.048742,0.049462
-4.1749e-23,0.048786,0.049399
-4.9816e-23,0.048828,0.049339
-5.7313e-23,0.048868,0.049282
-6.4237e-23,0.048906,0.049228
-7.0588e-23,0.048943,0.049177
-7.6369e-23,0.048978,0.04913
-8.1585e-23,0.04901,0.049086
-8.6242e-23,0.049041,0.049045
-9.0347e-23,0.049069,0.049009
-9.3912e-23,0.049096,0.048976
-9.6948e-23,0.04912,0.048948
-9.9467e-23,0.049142,0.048923
-1.0148e-22,0.049162,0.048903
-1.0302e-22,0.04918,0.048887
-1.0408e-22,0.049195,0.048875
-1.0469e-22,0.049209,0.048867
-1.0487e-22,0.04922,0.048864
-1.0464e-22,0.049229,0.048866
-1.0401e-22,0.049236,0.048872
-1.0302e-22,0.049241,0.048882
-1.0167e-22,0.049244,0.048897
-9.9996e-23,0.049245,0.048917
-9.8013e-23,0.049244,0.048941
-9.5746e-23,0.049242,0.04897
-9.3217e-23,0.049237,0.049003
-9.0447e-23,0.049231,0.049041
-8.7458e-23,0.049223,0.049083
-8.4273e-23,0.049214,0.049129
-8.0912e-23,0.049203,0.04918
-7.7397e-23,0.04919,0.049234
-7.3749e-23,0.049177,0.049293
-6.9988e-23,0.049162,0.049356
-6.6133e-23,0.049145,0.049423
-6.2205e-23,0.049128,0.049493
-5.8221e-23,0.04911,0.049567
-5.42e-23,0.04909,0.049645
-5.0159e-23,0.04907,0.049726
-4.6114e-23,0.049049,0.049809
-4.2081e-23,0.049028,0.049896
-3.8075e-23,0.049006,0.049986
-3.411e-23,0.048983,0.050078
-3.02e-23,0.04896,0.050173
-2.6358e-23,0.048937,0.05027
-2.2593e-23,0.048913,0.050368
-1.8919e-23,0.04889,0.050469
-1.5344e-23,0.048866,0.050571
-1.1878e-23,0.048842,0.050675
-8.5282e-24,0.048818,0.050779
-5.3031e-24,0.048794,0.050885
-2.2089e-24,0.048771,0.050991
7.4863e-25,0.048747,0.051098
3.5644e-24,0.048724,0.051205
6.2344e-24,0.048701,0.051312
8.755e-24,0.048678,0.051418
1.1124e-23,0.048656,0.051525
1.3338e-23,0.048634,0.05163
1.5397e-23,0.048612,0.051735
1.7301e-23,0.048591,0.051838
1.9048e-23,0.04857,0.05194
2.064e-23,0.048549,0.05204
2.2077e-23,0.048529,0.052139
2.3362e-23,0.048509,0.052235
2.4497e-23,0.04849,0.052329
2.5484e-23,0.048471,0.052421
2.6326e-23,0.048452,0.05251
2.7028e-23,0.048434,0.052596
2.7592e-23,0.048416,0.052679
2.8024e-23,0.048398,0.052758
2.8327e-23,0.048381,0.052835
2.8507e-23,0.048363,0.052907
2.8569e-23,0.048346,0.052976
2.8517e-23,0.048329,0.053041
2.8359e-23,0.048313,0.053102
2.8098e-23,0.048296,0.053159
2.7741e-23,0.048279,0.053211
2.7294e-23,0.048262,0.053259
2.6763e-23,0.048246,0.053303
2.6154e-23,0.048229,0.053341
2.5472e-23,0.048212,0.053376
2.4724e-23,0.048195,0.053405
2.3916e-23,0.048177,0.05343
2.3054e-23,0.04816,0.05345
2.2144e-23,0.048142,0.053465
2.119e-23,0.048124,0.053475
2.02e-23,0.048105,0.05348
1.9179e-23,0.048087,0.05348
1.8131e-23,0.048067,0.053476
1.7063e-23,0.048048,0.053467
1.5979e-23,0.048028,0.053452
1.4885e-23,0.048008,0.053434
1.3784e-23,0.047987,0.05341
1.2682e-23,0.047966,0.053382
1.1583e-23,0.047944,0.05335
1.0491e-23,0.047922,0.053313
9.4094e-24,0.0479,0.053272
8.3425e-24,0.047878,0.053226
7.2935e-24,0.047855,0.053177
6.2656e-24,0.047831,0.053124
5.2618e-24,0.047808,0.053068
4.2848e-24,0.047784,0.053007
3.3372e-24,0.04776,0.052944
2.4212e-24,0.047736,0.052877
1.5389e-24,0.047712,0.052808
6.9198e-25,0.047687,0.052736
-1.1782e-25,0.047663,0.052661
-8.8916e-25,0.047638,0.052585
-1.6209e-24,0.047614,0.052506
-2.312e-24,0.04759,0.052425
-2.9618e-24,0.047566,0.052343
-3.5697e-24,0.047542,0.05226
-4.1353e-24,0.047518,0.052176
-4.6584e-24,0.047495,0.052091
-5.139e-24,0.047473,0.052006
-5.5772e-24,0.04745,0.051921
-5.9734e-24,0.047428,0.051836
-6.328e-24,0.047407,0.051751
-6.6415e-24,0.047387,0.051667
-6.9147e-24,0.047367,0.051584
-7.1485e-24,0.047348,0.051502
-7.3437e-24,0.047329,0.051421
-7.5015e-24,0.047312,0.051343
-7.623e-24,0.047295,0.051266
-7.7094e-24,0.04728,0.051192
-7.762e-24,0.047265,0.05112
-7.7822e-24,0.047251,0.051051
-7.7715e-24,0.047238,0.050985
-7.7314e-24,0.047227,0.050922
-7.6633e-24,0.047216,0.050863
-7.5689e-24,0.047206,0.050807
-7.4497e-24,0.047198,0.050755
-7.3075e-24,0.047191,0.050706
-7.1437e-24,0.047184,0.050662
-6.9601e-24,0.047179,0.050622
-6.7583e-24,0.047175,0.050587
-6.5399e-24,0.047173,0.050556
-6.3066e-24,0.047171,0.050529
-6.0599e-24,0.04717,0.050507
-5.8014e-24,0.04717,0.05049
-5.5327e-24,0.047172,0.050477
-5.2553e-24,0.047174,0.050469
-4.9707e-24,0.047177,0.050466
-4.6802e-24,0.047182,0.050468
-4.3854e-24,0.047187,0.050474
-4.0875e-24,0.047193,0.050485
-3.7878e-24,0.0472,0.0505
-3.4876e-24,0.047207,0.05052
-3.188e-24,0.047215,0.050544
-2.8902e-24,0.047224,0.050573
-2.5952e-24,0.047233,0.050605
-2.3041e-24,0.047243,0.050642
-2.0178e-24,0.047253,0.050683
-1.7371e-24,0.047264,0.050727
-1.4629e-24,0.047274,0.050775
-1.1959e-24,0.047285,0.050827
-9.3688e-25,0.047296,0.050881
-6.8638e-25,0.047308,0.050939
-4.4499e-25,0.047319,0.050999
-2.1321e-25,0.04733,0.051062
8.5132e-27,0.047341,0.051128
2.198e-25,0.047352,0.051196
4.2032e-25,0.047363,0.051265
6.0981e-25,0.047373,0.051337
7.8806e-25,0.047384,0.051409
9.549e-25,0.047393,0.051484
1.1102e-24,0.047403,0.051559
1.254e-24,0.047412,0.051635
1.3862e-24,0.04742,0.051711
1.5068e-24,0.047428,0.051788
1.616e-24,0.047435,0.051865
1.7138e-24,0.047442,0.051942
1.8005e-24,0.047449,0.052019
1.8761e-24,0.047455,0.052095
1.9409e-24,0.04746,0.052171
1.9952e-24,0.047464,0.052246
2.0393e-24,0.047469,0.052319
2.0735e-24,0.047472,0.052392
2.098e-24,0.047475,0.052462
2.1133e-24,0.047478,0.052532
2.1198e-24,0.04748,0.052599
2.1178e-24,0.047481,0.052665
2.1077e-24,0.047483,0.052728
2.09e-24,0.047483,0.05279
2.065e-24,0.047484,0.052849
2.0333e-24,0.047484,0.052906
1.9952e-24,0.047483,0.05296
1.9512e-24,0.047482,0.053012
1.9017e-24,0.047482,0.053061
1.8473e-24,0.04748,0.053108
1.7883e-24,0.047479,0.053152
1.7251e-24,0.047478,0.053193
1.6583e-24,0.047476,0.053231
1.5882e-24,0.047474,0.053267
1.5153e-24,0.047473,0.053299
1.44e-24,0.047471,0.053329
1.3626e-24,0.047469,0.053357
1.2837e-24,0.047467,0.053381
1.2035e-24,0.047466,0.053403
1.1224e-24,0.047464,0.053422
1.0408e-24,0.047463,0.053439
9.5899e-25,0.047462,0.053453
8.7734e-25,0.047461,0.053464
7.9615e-25,0.04746,0.053473
7.157e-25,0.04746,0.05348
6.3627e-25,0.047459,0.053485
5.5811e-25,0.047459,0.053487
4.8148e-25,0.047459,0.053488
4.0658e-25,0.04746,0.053486
3.3363e-25,0.047461,0.053482
2.6281e-25,0.047462,0.053477
1.9431e-25,0.047463,0.05347
1.2828e-25,0.047464,0.053462
6.4844e-26,0.047466,0.053452
4.1393e-27,0.047468,0.053441
-5.3732e-26,0.04747,0.053429
-1.0868e-25,0.047473,0.053416
-1.6063e-25,0.047475,0.053402
-2.0953e-25,0.047478,0.053386
-2.5532e-25,0.047481,0.053371
-2.9798e-25,0.047485,0.053354
-3.3749e-25,0.047488,0.053337
-3.7384e-25,0.047492,0.05332
-4.0705e-25,0.047495,0.053303
-4.3713e-25,0.047499,0.053285
-4.6411e-25,0.047503,0.053267
-4.8804e-25,0.047507,0.05325
-5.0896e-25,0.047511,0.053232
-5.2694e-25,0.047515,0.053215
-5.4205e-25,0.047519,0.053198
-5.5436e-25,0.047523,0.053181
-5.6395e-25,0.047527,0.053165
-5.7092e-25,0.047531,0.053149
-5.7537e-25,0.047535,0.053134
-5.7738e-25,0.047539,0.053119
-5.7708e-25,0.047542,0.053105
-5.7457e-25,0.047546,0.053092
-5.6996e-25,0.047549,0.053079
-5.6337e-25,0.047552,0.053067
-5.5492e-25,0.047556,0.053056
-5.4473e-25,0.047558,0.053046
-5.3291e-25,0.047561,0.053036
-5.196e-25,0.047564,0.053027
-5.0491e-25,0.047566,0.053019
-4.8896e-25,0.047568,0.053012
-4.7188e-25,0.047569,0.053005
-4.5378e-25,0.047571,0.052999
-4.3478e-25,0.047572,0.052993
-4.1499e-25,0.047573,0.052988
-3.9454e-25,0.047573,0.052984
-3.7352e-25,0.047573,0.05298
-3.5205e-25,0.047573,0.052976
-3.3024e-25,0.047572,0.052973
-3.0817e-25,0.047571,0.05297
-2.8595e-25,0.04757,0.052967
-2.6367e-25,0.047568,0.052964
-2.4142e-25,0.047566,0.052961
-2.1929e-25,0.047563,0.052958
-1.9735e-25,0.04756,0.052955
-1.7568e-25,0.047557,0.052951
-1.5434e-25,0.047553,0.052947
-1.3342e-25,0.047549,0.052943
-1.1296e-25,0.047544,0.052938
-9.3027e-26,0.047538,0.052933
-7.367e-26,0.047533,0.052926
-5.4939e-26,0.047527,0.052919
-3.6874e-26,0.04752,0.05291
-1.9515e-26,0.047513,0.052901
-2.8961e-27,0.047506,0.05289
1.2954e-26,0.047498,0.052878
2.8011e-26,0.047489,0.052865
4.2253e-26,0.047481,0.05285
5.5664e-26,0.047472,0.052834
6.8231e-26,0.047462,0.052815
7.9946e-26,0.047453,0.052795
9.0802e-26,0.047443,0.052774
1.008e-25,0.047432,0.05275
1.0994e-25,0.047422,0.052724
1.1823e-25,0.047411,0.052696
1.2567e-25,0.0474,0.052667
1.3228e-25,0.047389,0.052635
1.3806e-25,0.047377,0.0526
1.4305e-25,0.047366,0.052564
1.4725e-25,0.047355,0.052525
1.5068e-25,0.047343,0.052485
1.5338e-25,0.047331,0.052442
1.5535e-25,0.04732,0.052397
1.5664e-25,0.047308,0.052349
1.5726e-25,0.047297,0.0523
1.5724e-25,0.047286,0.052248
1.5662e-25,0.047275,0.052195
1.5543e-25,0.047264,0.05214
1.5369e-25,0.047253,0.052082
1.5144e-25,0.047243,0.052023
1.4872e-25,0.047233,0.051963
1.4554e-25,0.047223,0.051901
1.4196e-25,0.047214,0.051837
1.38e-25,0.047205,0.051772
1.3369e-25,0.047196,0.051706
1.2907e-25,0.047188,0.051639
1.2417e-25,0.047181,0.051572
1.1901e-25,0.047174,0.051503
1.1365e-25,0.047168,0.051434
1.0809e-25,0.047162,0.051365
1.0238e-25,0.047157,0.051296
9.6548e-26,0.047152,0.051227
9.0613e-26,0.047148,0.051158
8.4608e-26,0.047144,0.05109
7.8559e-26,0.047141,0.051023
7.2491e-26,0.047139,0.050956
6.6428e-26,0.047137,0.05089
6.0394e-26,0.047136,0.050826
5.441e-26,0.047135,0.050763
4.8497e-26,0.047135,0.050702
4.2675e-26,0.047136,0.050643
3.6961e-26,0.047136,0.050586
3.1374e-26,0.047138,0.050531
2.5927e-26,0.047139,0.050479
2.0637e-26,0.047141,0.050429
1.5515e-26,0.047143,0.050382
1.0573e-26,0.047145,0.050338
5.823e-27,0.047148,0.050297
1.2732e-27,0.047151,0.050259
-3.0679e-27,0.047154,0.050225
-7.1935e-27,0.047156,0.050194
-1.1098e-26,0.047159,0.050167
-1.4776e-26,0.047162,0.050143
-1.8225e-26,0.047164,0.050123
-2.1441e-26,0.047167,0.050107
-2.4424e-26,0.047169,0.050094
-2.7173e-26,0.047171,0.050086
-2.9688e-26,0.047172,0.050081
-3.1971e-26,0.047173,0.05008
-3.4023e-26,0.047174,0.050084
-3.5848e-26,0.047174,0.050091
-3.7449e-26,0.047173,0.050102
-3.8831e-26,0.047172,0.050116
-3.9998e-26,0.04717,0.050135
-4.0956e-26,0.047168,0.050157
-4.1712e-26,0.047165,0.050182
-4.2271e-26,0.047161,0.050211
-4.2641e-26,0.047157,0.050244
-4.2829e-26,0.047152,0.050279
-4.2844e-26,0.047146,0.050317
-4.2693e-26,0.04714,0.050359
-4.2384e-26,0.047133,0.050403
-4.1926e-26,0.047125,0.050449
-4.1328e-26,0.047117,0.050498
-4.0599e-26,0.047108,0.050549
-3.9748e-26,0.047099,0.050601
-3.8784e-26,0.047089,0.050656
-3.7715e-26,0.047079,0.050712
-3.6551e-26,0.047068,0.050769
-3.5301e-26,0.047057,0.050827
-3.3974e-26,0.047046,0.050886
-3.2577e-26,0.047035,0.050946
-3.1121e-26,0.047023,0.051005
-2.9614e-26,0.047012,0.051065
-2.8062e-26,0.047,0.051125
-2.6476e-26,0.046989,0.051185
-2.4862e-26,0.046978,0.051244
-2.3228e-26,0.046968,0.051302
-2.1581e-26,0.046957,0.051359
-1.9928e-26,0.046948,0.051415
-1.8276e-26,0.046939,0.051469
-1.6631e-26,0.04693,0.051522
-1.4999e-26,0.046922,0.051573
-1.3386e-26,0.046915,0.051622
-1.1797e-26,0.04691,0.051669
-1.0237e-26,0.046905,0.051714
-8.711e-27,0.046901,0.051756
-7.2229e-27,0.046898,0.051796
-5.7769e-27,0.046896,0.051833
-4.3764e-27,0.046896,0.051867
-3.0248e-27,0.046897,0.051898
-1.7249e-27,0.046899,0.051926
-4.7944e-28,0.046902,0.051951
7.0944e-28,0.046907,0.051973
1.8398e-27,0.046914,0.051991
2.91e-27,0.046921,0.052006
3.9188e-27,0.046931,0.052019
4.8651e-27,0.046941,0.052027
5.7483e-27,0.046953,0.052033
6.5679e-27,0.046967,0.052035
7.3237e-27,0.046982,0.052034
8.0158e-27,0.046998,0.05203
8.6445e-27,0.047015,0.052022
9.2104e-27,0.047034,0.052012
9.7142e-27,0.047054,0.051998
1.0157e-26,0.047075,0.051981
1.054e-26,0.047097,0.051961
1.0864e-26,0.04712,0.051939
1.1131e-26,0.047144,0.051913
1.1343e-26,0.047169,0.051885
1.1501e-26,0.047194,0.051854
1.1607e-26,0.04722,0.051821
1.1664e-26,0.047247,0.051786
1.1673e-26,0.047274,0.051748
1.1637e-26,0.047302,0.051708
1.1557e-26,0.047329,0.051666
1.1437e-26,0.047357,0.051622
1.1278e-26,0.047385,0.051577
1.1083e-26,0.047413,0.05153
1.0855e-26,0.04744,0.051481
1.0595e-26,0.047467,0.051431
1.0307e-26,0.047494,0.05138
9.9928e-27,0.04752,0.051328
9.6548e-27,0.047546,0.051276
9.2953e-27,0.047571,0.051222
8.9169e-27,0.047595,0.051168
8.5219e-27,0.047618,0.051113
8.1126e-27,0.04764,0.051059
7.6912e-27,0.047661,0.051004
7.26e-27,0.047681,0.050949
6.821e-27,0.0477,0.050895
6.3764e-27,0.047717,0.050841
5.928e-27,0.047733,0.050787
5.4778e-27,0.047747,0.050734
5.0277e-27,0.04776,0.050682
4.5793e-27,0.047772,0.050631
4.1343e-27,0.047782,0.050581
3.6942e-27,0.04779,0.050532
3.2606e-27,0.047797,0.050484
2.8347e-27,0.047802,0.050439
2.4179e-27,0.047805,0.050395
2.0113e-27,0.047807,0.050352
1.6161e-27,0.047807,0.050312
1.2332e-27,0.047805,0.050274
8.6352e-28,0.047802,0.050238
5.0785e-28,0.047797,0.050204
1.6691e-28,0.04779,0.050173
-1.5867e-28,0.047782,0.050144
-4.6835e-28,0.047772,0.050118
-7.617e-28,0.04776,0.050095
-1.0383e-27,0.047747,0.050074
-1.298e-27,0.047732,0.050057
-1.5405e-27,0.047716,0.050042
-1.7656e-27,0.047698,0.050031
-1.9734e-27,0.047679,0.050023
-2.1639e-27,0.047658,0.050018
-2.337e-27,0.047636,0.050016
-2.493e-27,0.047612,0.050017
-2.6321e-27,0.047588,0.050022
-2.7545e-27,0.047562,0.05003
-2.8606e-27,0.047535,0.050042
-2.9506e-27,0.047507,0.050057
-3.0251e-27,0.047478,0.050075
-3.0844e-27,0.047447,0.050097
-3.129e-27,0.047416,0.050122
-3.1595e-27,0.047384,0.05015
-3.1764e-27,0.047351,0.050182
-3.1802e-27,0.047317,0.050217
-3.1716e-27,0.047283,0.050255
-3.1512e-27,0.047247,0.050296
-3.1196e-27,0.047211,0.05034
-3.0775e-27,0.047175,0.050387
-3.0255e-27,0.047138,0.050437
-2.9642e-27,0.0471,0.05049
-2.8944e-27,0.047062,0.050545
-2.8167e-27,0.047023,0.050604
-2.7319e-27,0.046984,0.050664
-2.6404e-27,0.046945,0.050727
-2.5431e-27,0.046906,0.050792
-2.4406e-27,0.046866,0.050859
-2.3334e-27,0.046826,0.050928
-2.2223e-27,0.046786,0.050999
-2.1079e-27,0.046745,0.051071
-1.9907e-27,0.046705,0.051145
-1.8713e-27,0.046664,0.05122
-1.7503e-27,0.046623,0.051297
-1.6282e-27,0.046582,0.051374
-1.5056e-27,0.046541,0.051452
-1.383e-27,0.046501,0.051531
-1.2608e-27,0.04646,0.05161
-1.1394e-27,0.046419,0.051689
-1.0194e-27,0.046378,0.051769
-9.0102e-28,0.046337,0.051848
-7.8476e-28,0.046296,0.051927
-6.7094e-28,0.046255,0.052006
-5.5987e-28,0.046215,0.052084
-4.5185e-28,0.046174,0.052161
-3.4716e-28,0.046134,0.052237
-2.4605e-28,0.046093,0.052312
-1.4873e-28,0.046053,0.052385
-5.541e-29,0.046013,0.052457
3.3747e-29,0.045973,0.052527
1.1859e-28,0.045933,0.052595
1.9899e-28,0.045893,0.052662
2.7486e-28,0.045853,0.052726
3.461e-28,0.045814,0.052787
4.1267e-28,0.045775,0.052846
4.7452e-28,0.045736,0.052902
5.3164e-28,0.045698,0.052956
5.8403e-28,0.04566,0.053007
6.3171e-28,0.045622,0.053054
6.7472e-28,0.045585,0.053099
7.1311e-28,0.045548,0.05314
7.4695e-28,0.045512,0.053178
7.7632e-28,0.045476,0.053213
8.0133e-28,0.045441,0.053244
8.2207e-28,0.045407,0.053272
8.3867e-28,0.045374,0.053296
8.5126e-28,0.045341,0.053317
8.5997e-28,0.045309,0.053334
8.6497e-28,0.045279,0.053347
8.6639e-28,0.045249,0.053357
8.6441e-28,0.045221,0.053364
8.592e-28,0.045194,0.053367
8.5091e-28,0.045168,0.053366
8.3974e-28,0.045144,0.053362
8.2585e-28,0.045121,0.053355
8.0943e-28,0.0451,0.053345
7.9066e-28,0.045081,0.053331
7.6973e-28,0.045063,0.053314
7.4681e-28,0.045047,0.053294
7.2209e-28,0.045033,0.053272
6.9575e-28,0.045022,0.053246
6.6796e-28,0.045012,0.053218
6.389e-28,0.045005,0.053188
6.0874e-28,0.045,0.053155
5.7766e-28,0.044997,0.05312
5.458e-28,0.044997,0.053083
5.1334e-28,0.045,0.053044
4.8042e-28,0.045005,0.053003
4.4719e-28,0.045013,0.052961
4.1381e-28,0.045023,0.052917
3.8039e-28,0.045037,0.052873
3.4707e-28,0.045053,0.052827
3.1398e-28,0.045072,0.05278
2.8124e-28,0.045094,0.052733
2.4894e-28,0.045119,0.052685
2.1721e-28,0.045147,0.052637
1.8612e-28,0.045179,0.052589
1.5578e-28,0.045213,0.052541
1.2626e-28,0.04525,0.052493
9.7639e-29,0.045291,0.052445
6.9985e-29,0.045334,0.052398
4.3359e-29,0.045381,0.052351
1.7816e-29,0.045431,0.052306
-6.5977e-30,0.045483,0.052261
-2.984e-29,0.045539,0.052217
-5.1876e-29,0.045598,0.052174
-7.2679e-29,0.04566,0.052133
-9.2225e-29,0.045725,0.052093
-1.105e-28,0.045792,0.052054
-1.2749e-28,0.045862,0.052017
-1.4319e-28,0.045935,0.051982
-1.576e-28,0.046011,0.051947
-1.7073e-28,0.046089,0.051915
-1.8258e-28,0.04617,0.051884
-1.9318e-28,0.046253,0.051855
-2.0253e-28,0.046338,0.051828
-2.1067e-28,0.046425,0.051802
-2.1761e-28,0.046514,0.051777
-2.2338e-28,0.046605,0.051755
-2.2802e-28,0.046698,0.051733
-2.3157e-28,0.046792,0.051714
-2.3406e-28,0.046888,0.051695
-2.3553e-28,0.046985,0.051678
-2.3602e-28,0.047083,0.051662
-2.3558e-28,0.047181,0.051648
-2.3425e-28,0.047281,0.051634
-2.3209e-28,0.04738,0.051621
-2.2912e-28,0.047481,0.05161
-2.2542e-28,0.047581,0.051598
-2.2102e-28,0.047681,0.051588
-2.1597e-28,0.047781,0.051578
-2.1033e-28,0.04788,0.051568
-2.0415e-28,0.047979,0.051559
-1.9746e-28,0.048076,0.051549
-1.9033e-28,0.048173,0.05154
-1.8281e-28,0.048268,0.05153
-1.7493e-28,0.048362,0.051521
-1.6674e-28,0.048454,0.051511
-1.583e-28,0.048545,0.0515
-1.4964e-28,0.048633,0.051489
-1.4081e-28,0.048719,0.051477
-1.3186e-28,0.048802,0.051464
-1.2281e-28,0.048883,0.051451
-1.1372e-28,0.048962,0.051437
-1.0462e-28,0.049037,0.051421
-9.5536e-29,0.049109,0.051405
-8.6514e-29,0.049178,0.051387
-7.7582e-29,0.049244,0.051369
-6.877e-29,0.049306,0.051349
-6.0106e-29,0.049365,0.051328
-5.1618e-29,0.04942,0.051305
-4.3328e-29,0.049471,0.051281
-3.5261e-29,0.049518,0.051256
-2.7437e-29,0.049561,0.05123
-1.9874e-29,0.049601,0.051203
-1.2589e-29,0.049636,0.051174
-5.5982e-30,0.049667,0.051144
1.0865e-30,0.049694,0.051114
7.4533e-30,0.049717,0.051082
1.3493e-29,0.049736,0.051049
1.9196e-29,0.04975,0.051015
2.4559e-29,0.049761,0.05098
2.9575e-29,0.049767,0.050945
3.4241e-29,0.04977,0.050909
3.8557e-29,0.049768,0.050873
4.2521e-29,0.049762,0.050836
4.6136e-29,0.049752,0.050799
4.9403e-29,0.049739,0.050762
5.2326e-29,0.049721,0.050725
5.4911e-29,0.0497,0.050688
5.7162e-29,0.049676,0.050652
5.9088e-29,0.049648,0.050615
6.0695e-29,0.049617,0.05058
6.1994e-29,0.049582,0.050545
6.2992e-29,0.049544,0.050511
6.3701e-29,0.049504,0.050477
6.4131e-29,0.04946,0.050446
6.4293e-29,0.049414,0.050415
6.42e-29,0.049366,0.050386
6.3865e-29,0.049315,0.050358
6.3298e-29,0.049262,0.050332
6.2515e-29,0.049207,0.050308
6.1527e-29,0.04915,0.050286
6.0348e-29,0.049092,0.050265
5.8993e-29,0.049032,0.050248
5.7473e-29,0.048971,0.050232
5.5803e-29,0.048909,0.050219
5.3997e-29,0.048846,0.050208
5.2067e-29,0.048782,0.0502
5.0027e-29,0.048717,0.050194
4.7891e-29,0.048653,0.050192
4.5669e-29,0.048588,0.050192
4.3376e-29,0.048523,0.050195
4.1024e-29,0.048458,0.0502
3.8624e-29,0.048394,0.050209
3.6187e-29,0.04833,0.050221
3.3726e-29,0.048267,0.050236
3.125e-29,0.048205,0.050254
2.8769e-29,0.048143,0.050275
2.6295e-29,0.048083,0.050299
2.3835e-29,0.048024,0.050327
2.1399e-29,0.047967,0.050357
1.8994e-29,0.047911,0.05039
1.6629e-29,0.047857,0.050427
1.4311e-29,0.047804,0.050466
1.2047e-29,0.047753,0.050508
9.8425e-30,0.047705,0.050554
7.7036e-30,0.047658,0.050602
5.6353e-30,0.047614,0.050653
3.6424e-30,0.047572,0.050706
1.729e-30,0.047532,0.050763
-1.013e-31,0.047495,0.050821
-1.8453e-30,0.04746,0.050882
-3.5003e-30,0.047428,0.050946
-5.0642e-30,0.047398,0.051012
-6.5352e-30,0.047371,0.051079
-7.9119e-30,0.047346,0.051149
-9.1936e-30,0.047324,0.051221
-1.038e-29,0.047305,0.051294
-1.147e-29,0.047289,0.051369
-1.2465e-29,0.047275,0.051445
-1.3365e-29,0.047264,0.051523
-1.4172e-29,0.047256,0.051602
-1.4886e-29,0.04725,0.051681
-1.5509e-29,0.047248,0.051762
-1.6043e-29,0.047248,0.051843
-1.6491e-29,0.047251,0.051924
-1.6853e-29,0.047256,0.052006
-1.7134e-29,0.047264,0.052088
-1.7336e-29,0.047275,0.05217
-1.7461e-29,0.047288,0.052251
-1.7513e-29,0.047304,0.052332
-1.7495e-29,0.047323,0.052413
-1.7411e-29,0.047344,0.052492
-1.7263e-29,0.047367,0.052571
-1.7056e-29,0.047393,0.052649
-1.6793e-29,0.04742,0.052726
-1.6477e-29,0.047451,0.052801
-1.6113e-29,0.047483,0.052874
-1.5704e-29,0.047517,0.052946
-1.5253e-29,0.047554,0.053016
-1.4765e-29,0.047592,0.053084
-1.4243e-29,0.047632,0.05315
-1.369e-29,0.047674,0.053213
-1.3111e-29,0.047717,0.053274
-1.2508e-29,0.047762,0.053333
-1.1885e-29,0.047809,0.053389
-1.1246e-29,0.047856,0.053442
-1.0594e-29,0.047905,0.053493
-9.9308e-30,0.047954,0.053541
-9.2608e-30,0.048005,0.053585
-8.5866e-30,0.048056,0.053627
-7.9109e-30,0.048108,0.053665
-7.2365e-30,0.048161,0.053701
-6.5658e-30,0.048213,0.053733
-5.9013e-30,0.048266,0.053762
-5.2453e-30,0.048319,0.053788
-4.5998e-30,0.048372,0.05381
-3.9669e-30,0.048424,0.053829
-3.3483e-30,0.048475,0.053845
-2.746e-30,0.048526,0.053858
-2.1613e-30,0.048577,0.053867
-1.5957e-30,0.048626,0.053873
-1.0505e-30,0.048674,0.053876
-5.2683e-31,0.04872,0.053875
-2.5715e-32,0.048765,0.053872
4.5198e-31,0.048808,0.053865
9.0551e-31,0.048849,0.053855
1.3343e-30,0.048888,0.053843
1.7378e-30,0.048925,0.053827
2.1156e-30,0.048959,0.053809
2.4676e-30,0.048991,0.053788
2.7935e-30,0.04902,0.053764
3.0934e-30,0.049046,0.053737
3.3673e-30,0.049068,0.053708
3.6154e-30,0.049088,0.053677
3.8379e-30,0.049104,0.053643
4.0351e-30,0.049117,0.053608
4.2076e-30,0.049126,0.05357
4.3557e-30,0.049131,0.05353
4.4801e-30,0.049133,0.053488
4.5814e-30,0.049131,0.053445
4.6603e-30,0.049124,0.0534
4.7175e-30,0.049114,0.053353
4.7538e-30,0.049099,0.053306
4.7702e-30,0.049081,0.053257
4.7673e-30,0.049058,0.053206
4.7463e-30,0.049031,0.053155
4.7079e-30,0.049001,0.053103
4.6532e-30,0.048965,0.05305
4.5831e-30,0.048926,0.052996
4.4987e-30,0.048883,0.052942
4.4008e-30,0.048836,0.052888
4.2906e-30,0.048785,0.052833
4.1691e-30,0.04873,0.052778
4.0372e-30,0.048671,0.052722
3.8959e-30,0.048608,0.052667
3.7462e-30,0.048543,0.052612
3.5891e-30,0.048473,0.052556
3.4256e-30,0.048401,0.052501
3.2565e-30,0.048325,0.052446
3.0828e-30,0.048247,0.052392
2.9054e-30,0.048166,0.052338
2.7251e-30,0.048083,0.052284
2.5428e-30,0.047997,0.052231
2.3592e-30,0.047909,0.052178
2.1751e-30,0.04782,0.052125
1.9913e-30,0.047728,0.052074
1.8085e-30,0.047636,0.052023
1.6273e-30,0.047542,0.051972
1.4483e-30,0.047448,0.051922
1.2721e-30,0.047353,0.051872
1.0993e-30,0.047257,0.051824
9.3033e-31,0.047162,0.051775
7.6573e-31,0.047067,0.051727
6.059e-31,0.046972,0.05168
4.5124e-31,0.046878,0.051633
3.021e-31,0.046785,0.051587
1.588e-31,0.046693,0.051541
2.1604e-32,0.046602,0.051496
-1.0923e-31,0.046514,0.05145
-2.3351e-31,0.046427,0.051406
-3.5105e-31,0.046342,0.051361
-4.6173e-31,0.04626,0.051317
-5.6543e-31,0.04618,0.051272
-6.6208e-31,0.046104,0.051228
-7.5165e-31,0.04603,0.051184
-8.3412e-31,0.045959,0.05114
-9.095e-31,0.045892,0.051096
-9.7784e-31,0.045828,0.051052
-1.0392e-30,0.045768,0.051008
-1.0937e-30,0.045712,0.050964
-1.1414e-30,0.045659,0.050919
-1.1825e-30,0.04561,0.050875
-1.217e-30,0.045566,0.05083
-1.2453e-30,0.045525,0.050785
-1.2675e-30,0.045489,0.05074
-1.2837e-30,0.045457,0.050694
-1.2942e-30,0.045429,0.050648
-1.2992e-30,0.045405,0.050602
-1.299e-30,0.045385,0.050556
-1.2938e-30,0.045369,0.05051
-1.2839e-30,0.045358,0.050463
-1.2694e-30,0.04535,0.050416
-1.2508e-30,0.045347,0.050368
-1.2282e-30,0.045347,0.050321
-1.2019e-30,0.045352,0.050273
-1.1723e-30,0.04536,0.050226
-1.1395e-30,0.045371,0.050178
-1.1038e-30,0.045386,0.05013
-1.0656e-30,0.045405,0.050083
-1.0251e-30,0.045426,0.050035
-9.8249e-31,0.045451,0.049988
-9.3811e-31,0.045478,0.049941
-8.9221e-31,0.045508,0.049894
-8.4502e-31,0.045541,0.049848
-7.9679e-31,0.045576,0.049802
-7.4775e-31,0.045614,0.049757
-6.9813e-31,0.045653,0.049712
-6.4815e-31,0.045694,0.049669
-5.9801e-31,0.045737,0.049626
-5.4793e-31,0.045781,0.049584
-4.9808e-31,0.045827,0.049544
-4.4865e-31,0.045874,0.049504
-3.9982e-31,0.045921,0.049466
-3.5173e-31,0.04597,0.04943
-3.0455e-31,0.046019,0.049395
-2.584e-31,0.046068,0.049361
-2.1343e-31,0.046117,0.04933
-1.6974e-31,0.046167,0.0493
-1.2745e-31,0.046216,0.049272
-8.6657e-32,0.046265,0.049246
-4.7441e-32,0.046314,0.049222
-9.8828e-33,0.046362,0.049201
2.5951e-32,0.046409,0.049181
6.0003e-32,0.046456,0.049164
9.2226e-32,0.046502,0.04915
1.2258e-31,0.046546,0.049137
1.5104e-31,0.046589,0.049128
1.7758e-31,0.046632,0.049121
2.0219e-31,0.046672,0.049116
2.2487e-31,0.046712,0.049114
2.4561e-31,0.046749,0.049115
2.6444e-31,0.046786,0.049118
2.8136e-31,0.04682,0.049125
2.964e-31,0.046853,0.049133
3.096e-31,0.046885,0.049145
3.2098e-31,0.046914,0.049159
3.306e-31,0.046942,0.049176
3.3848e-31,0.046969,0.049195
3.4469e-31,0.046994,0.049217
3.4929e-31,0.047017,0.049242
3.5232e-31,0.047038,0.049269
3.5385e-31,0.047058,0.049298
3.5394e-31,0.047077,0.04933
3.5267e-31,0.047094,0.049363
3.501e-31,0.04711,0.049399
3.463e-31,0.047124,0.049438
3.4134e-31,0.047137,0.049478
3.353e-31,0.04715,0.049519
3.2825e-31,0.047161,0.049563
3.2027e-31,0.047171,0.049608
3.1142e-31,0.04718,0.049655
3.0179e-31,0.047189,0.049703
2.9145e-31,0.047197,0.049752
2.8048e-31,0.047205,0.049803
2.6893e-31,0.047212,0.049854
2.569e-31,0.047219,0.049906
2.4443e-31,0.047225,0.049959
2.3161e-31,0.047232,0.050012
2.185e-31,0.047239,0.050066
2.0516e-31,0.047246,0.05012
1.9166e-31,0.047253,0.050174
1.7805e-31,0.04726,0.050227
1.644e-31,0.047268,0.050281
1.5075e-31,0.047277,0.050334
1.3716e-31,0.047286,0.050387
1.2368e-31,0.047296,0.050439
1.1036e-31,0.047307,0.05049
9.7235e-32,0.047318,0.050541
8.4353e-32,0.047331,0.05059
7.175e-32,0.047344,0.050639
5.9462e-32,0.047359,0.050686
4.7522e-32,0.047374,0.050732
3.5958e-32,0.047391,0.050777
2.4799e-32,0.047409,0.05082
1.4068e-32,0.047428,0.050862
3.7868e-33,0.047448,0.050902
-6.0269e-33,0.047469,0.050941
-1.5357e-32,0.047491,0.050978
-2.419e-32,0.047515,0.051014
-3.2515e-32,0.04754,0.051048
-4.0324e-32,0.047566,0.05108
-4.7611e-32,0.047592,0.05111
-5.4373e-32,0.04762,0.051139
-6.0608e-32,0.047649,0.051166
-6.6316e-32,0.047679,0.051192
-7.1501e-32,0.04771,0.051216
-7.6168e-32,0.047742,0.051238
-8.0321e-32,0.047774,0.051259
-8.3971e-32,0.047807,0.051279
-8.7125e-32,0.047841,0.051297
-8.9796e-32,0.047876,0.051313
-9.1995e-32,0.047911,0.051329
-9.3736e-32,0.047947,0.051343
-9.5035e-32,0.047983,0.051356
-9.5906e-32,0.048019,0.051368
-9.6367e-32,0.048056,0.051379
-9.6434e-32,0.048092,0.051389
-9.6127e-32,0.048129,0.051398
-9.5464e-32,0.048166,0.051407
-9.4464e-32,0.048203,0.051414
-9.3147e-32,0.04824,0.051422
-9.1533e-32,0.048276,0.051428
-8.9641e-32,0.048312,0.051435
-8.7493e-32,0.048348,0.051441
-8.5109e-32,0.048383,0.051446
-8.2509e-32,0.048418,0.051452
-7.9712e-32,0.048452,0.051457
-7.674e-32,0.048485,0.051462
-7.3611e-32,0.048518,0.051467
-7.0346e-32,0.048549,0.051472
-6.6962e-32,0.04858,0.051477
-6.348e-32,0.048609,0.051482
-5.9916e-32,0.048638,0.051488
-5.6288e-32,0.048665,0.051493
-5.2614e-32,0.048691,0.051498
-4.8909e-32,0.048716,0.051504
-4.519e-32,0.048739,0.05151
-4.1471e-32,0.048761,0.051516
-3.7767e-32,0.048781,0.051521
-3.4091e-32,0.0488,0.051528
-3.0457e-32,0.048817,0.051534
-2.6875e-32,0.048833,0.05154
-2.3358e-32,0.048847,0.051546
-1.9916e-32,0.048859,0.051552
-1.6559e-32,0.048869,0.051558
-1.3296e-32,0.048877,0.051565
-1.0134e-32,0.048884,0.051571
-7.0819e-33,0.048888,0.051576
-4.1456e-33,0.048891,0.051582
-1.3312e-33,0.048892,0.051587
1.3563e-33,0.048891,0.051592
3.9124e-33,0.048887,0.051597
6.3335e-33,0.048882,0.051601
8.6166e-33,0.048875,0.051605
1.0759e-32,0.048866,0.051609
1.276e-32,0.048855,0.051612
1.4618e-32,0.048842,0.051614
1.6332e-32,0.048828,0.051616
1.7902e-32,0.048811,0.051617
1.933e-32,0.048793,0.051618
2.0617e-32,0.048772,0.051618
2.1763e-32,0.04875,0.051617
2.2772e-32,0.048727,0.051616
2.3646e-32,0.048702,0.051614
2.4388e-32,0.048675,0.051611
2.5001e-32,0.048646,0.051608
2.5488e-32,0.048617,0.051604
2.5855e-32,0.048586,0.051599
2.6105e-32,0.048553,0.051594
2.6242e-32,0.04852,0.051588
2.6272e-32,0.048485,0.051582
2.6199e-32,0.048449,0.051575
2.6029e-32,0.048413,0.051568
2.5766e-32,0.048375,0.05156
2.5417e-32,0.048337,0.051551
2.4985e-32,0.048298,0.051543
2.4478e-32,0.048259,0.051534
2.39e-32,0.048219,0.051525
2.3258e-32,0.048179,0.051516
2.2555e-32,0.048139,0.051506
2.1799e-32,0.048098,0.051497
2.0994e-32,0.048057,0.051488
2.0146e-32,0.048016,0.051479
1.9261e-32,0.047976,0.05147
1.8342e-32,0.047935,0.051461
1.7396e-32,0.047895,0.051452
1.6427e-32,0.047855,0.051444
1.5441e-32,0.047816,0.051437
1.4441e-32,0.047777,0.05143
1.3433e-32,0.047739,0.051423
1.242e-32,0.047701,0.051417
1.1407e-32,0.047664,0.051412
1.0397e-32,0.047627,0.051407
9.3946e-33,0.047592,0.051403
8.4032e-33,0.047557,0.0514
7.4258e-33,0.047523,0.051398
6.4658e-33,0.047489,0.051396
5.5258e-33,0.047457,0.051395
4.6087e-33,0.047425,0.051396
3.7169e-33,0.047395,0.051397
2.8526e-33,0.047365,0.051399
2.0179e-33,0.047336,0.051402
1.2146e-33,0.047308,0.051406
4.4433e-34,0.047281,0.051411
-2.9149e-34,0.047255,0.051417
-9.9165e-34,0.047229,0.051423
-1.6551e-33,0.047204,0.051431
-2.281e-33,0.04718,0.051439
-2.8688e-33,0.047156,0.051449
-3.4179e-33,0.047134,0.051459
-3.928e-33,0.047111,0.051469
-4.3991e-33,0.047089,0.051481
-4.831e-33,0.047068,0.051493
-5.2241e-33,0.047047,0.051506
-5.5785e-33,0.047027,0.051519
-5.8949e-33,0.047006,0.051533
-6.1736e-33,0.046986,0.051547
-6.4154e-33,0.046966,0.051562
-6.6212e-33,0.046946,0.051577
-6.7917e-33,0.046927,0.051593
-6.928e-33,0.046907,0.051609
-7.0313e-33,0.046887,0.051625
-7.1025e-33,0.046867,0.051641
-7.1431e-33,0.046847,0.051657
-7.1542e-33,0.046826,0.051673
-7.1371e-33,0.046805,0.051689
-7.0934e-33,0.046784,0.051704
-7.0243e-33,0.046763,0.05172
-6.9314e-33,0.046741,0.051735
-6.8162e-33,0.046719,0.05175
-6.68e-33,0.046696,0.051764
-6.5245e-33,0.046673,0.051778
-6.3511e-33,0.046649,0.051791
-6.1614e-33,0.046625,0.051803
-5.9568e-33,0.046601,0.051814
-5.7389e-33,0.046576,0.051825
-5.509e-33,0.04655,0.051835
-5.2687e-33,0.046525,0.051843
-5.0194e-33,0.046498,0.051851
-4.7624e-33,0.046472,0.051857
-4.4992e-33,0.046445,0.051862
-4.2309e-33,0.046417,0.051865
-3.9589e-33,0.04639,0.051867
-3.6845e-33,0.046362,0.051868
-3.4087e-33,0.046334,0.051867
-3.1328e-33,0.046306,0.051864
-2.8577e-33,0.046278,0.05186
-2.5845e-33,0.04625,0.051854
-2.3143e-33,0.046222,0.051846
-2.0478e-33,0.046194,0.051836
-1.7859e-33,0.046167,0.051824
-1.5295e-33,0.046139,0.05181
-1.2792e-33,0.046112,0.051795
-1.0358e-33,0.046086,0.051777
-7.9988e-34,0.04606,0.051756
-5.7195e-34,0.046034,0.051734
-3.5256e-34,0.046009,0.051709
-1.4215e-34,0.045985,0.051682
5.8888e-35,0.045961,0.051653
2.5022e-34,0.045939,0.051622
4.3156e-34,0.045917,0.051588
6.0267e-34,0.045896,0.051552
7.6338e-34,0.045876,0.051513
9.1355e-34,0.045857,0.051472
1.0531e-33,0.04584,0.051429
1.182e-33,0.045823,0.051383
1.3002e-33,0.045808,0.051335
1.4077e-33,0.045794,0.051285
1.5048e-33,0.045781,0.051232
1.5914e-33,0.04577,0.051177
1.6678e-33,0.04576,0.05112
1.734e-33,0.045751,0.051061
1.7904e-33,0.045744,0.050999
1.8372e-33,0.045738,0.050935
1.8747e-33,0.045734,0.05087
1.9031e-33,0.045732,0.050802
1.9227e-33,0.045731,0.050732
1.934e-33,0.045731,0.050661
1.9372e-33,0.045733,0.050587
1.9327e-33,0.045737,0.050512
1.9209e-33,0.045742,0.050436
1.9022e-33,0.045749,0.050358
1.877e-33,0.045757,0.050278
1.8456e-33,0.045767,0.050198
1.8086e-33,0.045779,0.050116
1.7663e-33,0.045792,0.050033
1.7191e-33,0.045806,0.049949
1.6675e-33,0.045822,0.049865
1.6118e-33,0.04584,0.04978
1.5525e-33,0.045859,0.049694
1.4899e-33,0.04588,0.049608
1.4245e-33,0.045902,0.049522
1.3567e-33,0.045925,0.049436
1.2869e-33,0.04595,0.04935
1.2153e-33,0.045976,0.049264
1.1424e-33,0.046004,0.049179
1.0686e-33,0.046032,0.049095
9.9406e-34,0.046062,0.049011
9.1926e-34,0.046093,0.048929
8.4447e-34,0.046125,0.048847
7.6997e-34,0.046158,0.048768
6.9605e-34,0.046192,0.04869
6.2299e-34,0.046228,0.048613
5.5102e-34,0.046263,0.048539
4.8039e-34,0.0463,0.048467
4.1131e-34,0.046338,0.048398
3.4399e-34,0.046376,0.048331
2.7861e-34,0.046415,0.048267
2.1535e-34,0.046454,0.048207
1.5436e-34,0.046494,0.04815
9.578e-35,0.046534,0.048096
3.973e-35,0.046574,0.048046
-1.3681e-35,0.046615,0.048
-6.4363e-35,0.046656,0.047958
-1.1224e-34,0.046696,0.047921
-1.5724e-34,0.046737,0.047888
-1.9933e-34,0.046778,0.04786
-2.3847e-34,0.046818,0.047837
-2.7464e-34,0.046858,0.04782
-3.0783e-34,0.046897,0.047807
-3.3804e-34,0.046936,0.0478
-3.653e-34,0.046975,0.047799
-3.8963e-34,0.047012,0.047803
-4.1106e-34,0.047049,0.047813
-4.2966e-34,0.047085,0.04783
-4.4547e-34,0.04712,0.047852
-4.5856e-34,0.047154,0.047881
-4.6901e-34,0.047187,0.047916
-4.769e-34,0.047219,0.047957
-4.8232e-34,0.047249,0.048005
-4.8537e-34,0.047278,0.048059
-4.8614e-34,0.047305,0.048119
-4.8475e-34,0.047331,0.048186
-4.8131e-34,0.047355,0.048259
-4.7593e-34,0.047378,0.048339
-4.6873e-34,0.047399,0.048424
-4.5983e-34,0.047418,0.048516
-4.4935e-34,0.047435,0.048615
-4.3743e-34,0.047451,0.048719
-4.2419e-34,0.047464,0.048829
-4.0975e-34,0.047475,0.048945
-3.9424e-34,0.047485,0.049066
-3.7779e-34,0.047492,0.049193
-3.6052e-34,0.047498,0.049325
-3.4257e-34,0.047501,0.049462
-3.2404e-34,0.047502,0.049604
-3.0506e-34,0.047502,0.04975
-2.8576e-34,0.047499,0.049901
-2.6624e-34,0.047494,0.050056
-2.4661e-34,0.047487,0.050215
-2.2699e-34,0.047479,0.050377
-2.0748e-34,0.047468,0.050543
-1.8817e-34,0.047456,0.050711
-1.6918e-34,0.047442,0.050882
-1.5057e-34,0.047426,0.051056
-1.3245e-34,0.047408,0.051231
-1.149e-34,0.047389,0.051409
-9.7983e-35,0.047369,0.051587
-8.1777e-35,0.047347,0.051767
-6.6347e-35,0.047324,0.051947
-5.1752e-35,0.047299,0.052128
-3.8046e-35,0.047274,0.052309
-2.5277e-35,0.047247,0.052489
-1.3488e-35,0.04722,0.052668
-2.7152e-36,0.047192,0.052847
7.0113e-36,0.047163,0.053024
1.5667e-35,0.047134,0.0532
2.3232e-35,0.047105,0.053373
2.9694e-35,0.047075,0.053544
3.5047e-35,0.047046,0.053713
3.9288e-35,0.047016,0.053878
4.2422e-35,0.046986,0.05404
4.4458e-35,0.046957,0.054199
4.5413e-35,0.046928,0.054353
4.5306e-35,0.0469,0.054504
4.4163e-35,0.046872,0.05465
4.2016e-35,0.046846,0.054792
3.8901e-35,0.04682,0.054928
3.4857e-35,0.046795,0.05506
2.9931e-35,0.046771,0.055186
2.4171e-35,0.046748,0.055306
1.7632e-35,0.046727,0.055421
1.0372e-35,0.046707,0.055531
2.4515e-36,0.046689,0.055634
-6.0641e-36,0.046672,0.055731
-1.5106e-35,0.046657,0.055822
-2.4604e-35,0.046643,0.055907
-3.4482e-35,0.046632,0.055986
-4.4666e-35,0.046621,0.056058
-5.5074e-35,0.046613,0.056124
-6.5627e-35,0.046607,0.056183
-7.6243e-35,0.046602,0.056236
-8.6837e-35,0.046599,0.056283
-9.7324e-35,0.046598,0.056323
-1.0762e-34,0.046599,0.056358
-1.1763e-34,0.046602,0.056386
-1.2728e-34,0.046606,0.056408
-1.3648e-34,0.046612,0.056424
-1.4515e-34,0.04662,0.056435
-1.5319e-34,0.046629,0.056439
-1.6053e-34,0.04664,0.056439
-1.6708e-34,0.046653,0.056433
-1.7276e-34,0.046667,0.056422
-1.775e-34,0.046682,0.056405
-1.8122e-34,0.046699,0.056384
-1.8385e-34,0.046717,0.056359
-1.8532e-34,0.046735,0.056329
-1.8556e-34,0.046755,0.056295
-1.8451e-34,0.046776,0.056258
-1.8212e-34,0.046797,0.056216
-1.7834e-34,0.04682,0.056172
-1.731e-34,0.046842,0.056124
-1.6638e-34,0.046865,0.056073
-1.5814e-34,0.046889,0.05602
-1.4834e-34,0.046913,0.055964
-1.3696e-34,0.046936,0.055906
-1.2399e-34,0.04696,0.055847
-1.0941e-34,0.046984,0.055785
-9.3214e-35,0.047007,0.055722
-7.5412e-35,0.04703,0.055659
-5.6012e-35,0.047053,0.055594
-3.5032e-35,0.047075,0.055528
-1.2499e-35,0.047097,0.055462
1.1553e-35,0.047117,0.055396
3.7081e-35,0.047137,0.05533
6.4033e-35,0.047156,0.055264
9.235e-35,0.047175,0.055198
1.2196e-34,0.047192,0.055133
1.528e-34,0.047208,0.055069
1.8476e-34,0.047223,0.055006
2.1777e-34,0.047236,0.054943
2.5171e-34,0.047249,0.054882
2.8647e-34,0.04726,0.054822
3.2194e-34,0.04727,0.054764
3.5798e-34,0.047279,0.054707
3.9446e-34,0.047286,0.054651
4.3124e-34,0.047292,0.054597
4.6815e-34,0.047297,0.054545
5.0504e-34,0.0473,0.054495
5.4175e-34,0.047302,0.054447
5.7809e-34,0.047303,0.0544
6.1389e-34,0.047303,0.054355
6.4896e-34,0.047301,0.054312
6.8311e-34,0.047299,0.05427
7.1614e-34,0.047295,0.054231
7.4785e-34,0.04729,0.054192
7.7803e-34,0.047284,0.054156
8.0648e-34,0.047277,0.054121
8.3298e-34,0.04727,0.054087
8.5733e-34,0.047262,0.054054
8.793e-34,0.047253,0.054023
8.9869e-34,0.047243,0.053992
9.1529e-34,0.047233,0.053963
9.2887e-34,0.047222,0.053934
9.3924e-34,0.047211,0.053905
9.4618e-34,0.047199,0.053877
9.495e-34,0.047187,0.05385
9.49e-34,0.047175,0.053822
9.4449e-34,0.047163,0.053794
9.358e-34,0.047151,0.053766
9.2274e-34,0.047139,0.053738
9.0516e-34,0.047127,0.053709
8.829e-34,0.047116,0.053679
8.5583e-34,0.047104,0.053649
8.2382e-34,0.047093,0.053617
7.8675e-34,0.047082,0.053584
7.4453e-34,0.047072,0.05355
6.9708e-34,0.047062,0.053514
6.4433e-34,0.047052,0.053477
5.8625e-34,0.047043,0.053438
5.228e-34,0.047034,0.053398
4.5399e-34,0.047026,0.053355
3.7983e-34,0.047019,0.053311
3.0037e-34,0.047012,0.053264
2.1566e-34,0.047006,0.053216
1.258e-34,0.047001,0.053165
3.0904e-35,0.046996,0.053112
-6.8889e-35,0.046991,0.053058
-1.7341e-34,0.046988,0.053001
-2.8246e-34,0.046984,0.052942
-3.9583e-34,0.046982,0.052881
-5.1325e-34,0.04698,0.052818
-6.3444e-34,0.046978,0.052753
-7.591e-34,0.046977,0.052687
-8.8689e-34,0.046977,0.052618
-1.0174e-33,0.046976,0.052548
-1.1504e-33,0.046977,0.052477
-1.2852e-33,0.046977,0.052404
-1.4215e-33,0.046978,0.052329
-1.5588e-33,0.046979,0.052254
-1.6966e-33,0.04698,0.052178
-1.8344e-33,0.046982,0.0521
-1.9715e-33,0.046983,0.052023
-2.1074e-33,0.046985,0.051944
-2.2415e-33,0.046986,0.051866
-2.3732e-33,0.046988,0.051787
-2.5017e-33,0.046989,0.051708
-2.6264e-33,0.04699,0.05163
-2.7466e-33,0.046991,0.051552
-2.8617e-33,0.046992,0.051475
-2.9708e-33,0.046992,0.051398
-3.0732e-33,0.046992,0.051323
-3.1683e-33,0.046992,0.051249
-3.2552e-33,0.046991,0.051176
-3.3332e-33,0.046989,0.051105
-3.4015e-33,0.046987,0.051035
-3.4594e-33,0.046984,0.050968
-3.5061e-33,0.04698,0.050902
-3.5409e-33,0.046976,0.050839
-3.563e-33,0.04697,0.050778
-3.5719e-33,0.046964,0.05072
-3.5666e-33,0.046957,0.050665
-3.5466e-33,0.046949,0.050612
-3.5113e-33,0.04694,0.050562
-3.46e-33,0.046929,0.050515
-3.3921e-33,0.046918,0.050471
-3.3072e-33,0.046905,0.050431
-3.2046e-33,0.046891,0.050393
-3.084e-33,0.046876,0.050359
-2.945e-33,0.04686,0.050329
-2.7871e-33,0.046842,0.050301
-2.6102e-33,0.046823,0.050278
-2.4139e-33,0.046803,0.050257
-2.1982e-33,0.046782,0.050241
-1.963e-33,0.046759,0.050227
-1.7082e-33,0.046735,0.050217
-1.4339e-33,0.046709,0.050211
-1.1402e-33,0.046683,0.050208
-8.275e-34,0.046655,0.050208
-4.9599e-34,0.046626,0.050212
-1.4612e-34,0.046596,0.050218
2.2159e-34,0.046565,0.050229
6.0654e-34,0.046533,0.050242
1.008e-33,0.0465,0.050258
1.4252e-33,0.046467,0.050277
1.8572e-33,0.046432,0.050299
2.303e-33,0.046397,0.050324
2.7614e-33,0.046361,0.050351
3.2312e-33,0.046324,0.050381
3.7112e-33,0.046288,0.050413
4.1997e-33,0.04625,0.050448
4.6954e-33,0.046213,0.050485
5.1965e-33,0.046176,0.050524
5.7012e-33,0.046138,0.050564
6.2078e-33,0.046101,0.050607
6.7142e-33,0.046064,0.050651
7.2184e-33,0.046028,0.050696
7.7183e-33,0.045992,0.050743
8.2115e-33,0.045956,0.050792
8.6958e-33,0.045922,0.050841
9.1689e-33,0.045888,0.050891
9.6281e-33,0.045855,0.050942
1.0071e-32,0.045823,0.050994
1.0495e-32,0.045793,0.051046
1.0897e-32,0.045764,0.051098
1.1276e-32,0.045736,0.051151
1.1627e-32,0.04571,0.051204
1.1948e-32,0.045685,0.051257
1.2237e-32,0.045663,0.05131
1.2491e-32,0.045642,0.051363
1.2707e-32,0.045622,0.051415
1.2881e-32,0.045605,0.051466
1.3013e-32,0.04559,0.051518
1.3098e-32,0.045577,0.051568
1.3135e-32,0.045566,0.051617
1.312e-32,0.045557,0.051666
1.3051e-32,0.04555,0.051713
1.2926e-32,0.045545,0.05176
1.2743e-32,0.045543,0.051805
1.2499e-32,0.045543,0.051848
1.2193e-32,0.045545,0.05189
1.1822e-32,0.045549,0.051931
1.1385e-32,0.045555,0.05197
1.0881e-32,0.045564,0.052007
1.0308e-32,0.045575,0.052043
9.6646e-33,0.045588,0.052076
8.9507e-33,0.045602,0.052108
8.1655e-33,0.045619,0.052137
7.3085e-33,0.045638,0.052164
6.3798e-33,0.045659,0.052189
5.3795e-33,0.045682,0.052212
4.3082e-33,0.045706,0.052233
3.1667e-33,0.045732,0.052251
1.9563e-33,0.04576,0.052267
6.7825e-34,0.045789,0.05228
-6.6544e-34,0.04582,0.052291
-2.0726e-33,0.045852,0.052299
-3.5407e-33,0.045886,0.052305
-5.0668e-33,0.045921,0.052308
-6.6475e-33,0.045956,0.052308
-8.2792e-33,0.045993,0.052306
-9.9577e-33,0.046031,0.052301
-1.1679e-32,0.04607,0.052294
-1.3437e-32,0.04611,0.052284
-1.5228e-32,0.04615,0.052271
-1.7045e-32,0.046191,0.052256
-1.8883e-32,0.046232,0.052238
-2.0735e-32,0.046274,0.052218
-2.2595e-32,0.046316,0.052195
-2.4454e-32,0.046359,0.05217
-2.6306e-32,0.046402,0.052143
-2.8143e-32,0.046445,0.052113
-2.9957e-32,0.046488,0.052081
-3.1739e-32,0.046532,0.052047
-3.3481e-32,0.046575,0.05201
-3.5172e-32,0.046618,0.051972
-3.6805e-32,0.046662,0.051932
-3.8369e-32,0.046705,0.05189
-3.9856e-32,0.046748,0.051847
-4.1254e-32,0.04679,0.051802
-4.2554e-32,0.046833,0.051756
-4.3746e-32,0.046875,0.051708
-4.482e-32,0.046917,0.051659
-4.5766e-32,0.046958,0.051609
-4.6573e-32,0.047,0.051559
-4.7232e-32,0.047041,0.051508
-4.7732e-32,0.047081,0.051456
-4.8063e-32,0.047121,0.051403
-4.8217e-32,0.047161,0.051351
-4.8183e-32,0.0472,0.051299
-4.7953e-32,0.047239,0.051246
-4.7517e-32,0.047278,0.051194
-4.6868e-32,0.047316,0.051142
-4.5997e-32,0.047354,0.051091
-4.4898e-32,0.047392,0.051041
-4.3562e-32,0.047429,0.050991
-4.1985e-32,0.047466,0.050943
-4.0161e-32,0.047503,0.050895
-3.8084e-32,0.04754,0.05085
-3.5751e-32,0.047576,0.050805
-3.3158e-32,0.047612,0.050763
-3.0304e-32,0.047647,0.050722
-2.7186e-32,0.047683,0.050683
-2.3805e-32,0.047718,0.050646
-2.0162e-32,0.047753,0.050612
-1.6257e-32,0.047788,0.05058
-1.2095e-32,0.047822,0.05055
-7.6784e-33,0.047857,0.050523
-3.0135e-33,0.047891,0.050499
1.8933e-33,0.047925,0.050477
7.0341e-33,0.047959,0.050459
1.24e-32,0.047993,0.050443
1.7979e-32,0.048027,0.05043
2.3761e-32,0.04806,0.050421
2.9731e-32,0.048093,0.050414
3.5875e-32,0.048126,0.050411
4.2176e-32,0.048158,0.050411
4.8617e-32,0.048191,0.050415
5.5179e-32,0.048222,0.050421
6.1841e-32,0.048254,0.050431
6.8581e-32,0.048285,0.050444
7.5375e-32,0.048316,0.050461
8.2199e-32,0.048346,0.05048
8.9026e-32,0.048375,0.050503
9.583e-32,0.048404,0.050529
1.0258e-31,0.048432,0.050558
1.0925e-31,0.04846,0.050591
1.1581e-31,0.048487,0.050626
1.2222e-31,0.048512,0.050664
1.2845e-31,0.048537,0.050705
1.3447e-31,0.048561,0.050749
1.4024e-31,0.048584,0.050795
1.4573e-31,0.048606,0.050844
1.509e-31,0.048627,0.050895
1.5571e-31,0.048646,0.050948
1.6013e-31,0.048665,0.051004
1.6412e-31,0.048682,0.051061
1.6765e-31,0.048697,0.051121
1.7067e-31,0.048711,0.051182
1.7315e-31,0.048724,0.051244
1.7505e-31,0.048735,0.051308
1.7633e-31,0.048744,0.051373
1.7697e-31,0.048752,0.051439
1.7692e-31,0.048757,0.051506
1.7616e-31,0.048762,0.051574
1.7464e-31,0.048764,0.051642
1.7235e-31,0.048764,0.051711
1.6924e-31,0.048763,0.05178
1.653e-31,0.048759,0.051849
1.6049e-31,0.048753,0.051918
1.548e-31,0.048746,0.051986
1.482e-31,0.048736,0.052054
1.4068e-31,0.048724,0.052122
1.3222e-31,0.04871,0.052189
1.2281e-31,0.048694,0.052255
1.1243e-31,0.048675,0.052319
1.0109e-31,0.048654,0.052383
8.879e-32,0.048631,0.052445
7.5519e-32,0.048606,0.052506
6.129e-32,0.048579,0.052565
4.6113e-32,0.048549,0.052623
3.0001e-32,0.048517,0.052679
1.2975e-32,0.048483,0.052733
-4.9414e-33,0.048447,0.052785
-2.372e-32,0.048408,0.052835
-4.3328e-32,0.048368,0.052882
-6.3727e-32,0.048325,0.052928
-8.4872e-32,0.04828,0.052971
-1.0671e-31,0.048234,0.053012
-1.292e-31,0.048185,0.05305
-1.5227e-31,0.048135,0.053086
-1.7587e-31,0.048082,0.053119
-1.9991e-31,0.048029,0.05315
-2.2433e-31,0.047973,0.053179
-2.4904e-31,0.047916,0.053205
-2.7396e-31,0.047858,0.053228
-2.9901e-31,0.047799,0.053249
-3.2407e-31,0.047738,0.053268
-3.4906e-31,0.047676,0.053284
-3.7387e-31,0.047614,0.053297
-3.9839e-31,0.047551,0.053309
-4.2251e-31,0.047487,0.053318
-4.461e-31,0.047423,0.053324
-4.6906e-31,0.047358,0.053329
-4.9124e-31,0.047294,0.053331
-5.1254e-31,0.047229,0.053332
-5.328e-31,0.047165,0.05333
-5.5192e-31,0.047101,0.053327
-5.6974e-31,0.047038,0.053321
-5.8613e-31,0.046975,0.053314
-6.0096e-31,0.046914,0.053306
-6.141e-31,0.046853,0.053296
-6.2539e-31,0.046794,0.053284
-6.3471e-31,0.046736,0.053271
-6.4193e-31,0.04668,0.053257
-6.469e-31,0.046625,0.053242
-6.4951e-31,0.046573,0.053226
-6.4961e-31,0.046522,0.053209
-6.471e-31,0.046474,0.053191
-6.4184e-31,0.046428,0.053172
-6.3373e-31,0.046385,0.053152
-6.2266e-31,0.046344,0.053132
-6.0852e-31,0.046306,0.053111
-5.9123e-31,0.046271,0.05309
-5.707e-31,0.046239,0.053069
-5.4684e-31,0.04621,0.053047
-5.196e-31,0.046184,0.053024
-4.8892e-31,0.046161,0.053002
-4.5475e-31,0.046142,0.052979
-4.1706e-31,0.046126,0.052956
-3.7583e-31,0.046113,0.052933
-3.3104e-31,0.046104,0.05291
-2.8271e-31,0.046099,0.052887
-2.3086e-31,0.046096,0.052864
-1.7553e-31,0.046098,0.052841
-1.1675e-31,0.046103,0.052818
-5.4617e-32,0.046111,0.052795
1.0802e-32,0.046123,0.052771
7.9398e-32,0.046138,0.052748
1.5105e-31,0.046157,0.052725
2.2562e-31,0.046179,0.052702
3.0295e-31,0.046204,0.052679
3.8286e-31,0.046232,0.052656
4.6516e-31,0.046263,0.052633
5.4963e-31,0.046298,0.05261
6.3604e-31,0.046335,0.052588
7.2413e-31,0.046374,0.052565
8.1363e-31,0.046417,0.052542
9.0425e-31,0.046461,0.052519
9.9567e-31,0.046508,0.052497
1.0876e-30,0.046557,0.052474
1.1796e-30,0.046608,0.052452
1.2714e-30,0.046661,0.05243
1.3625e-30,0.046715,0.052408
1.4527e-30,0.04677,0.052386
1.5414e-30,0.046827,0.052364
1.6282e-30,0.046885,0.052343
1.7128e-30,0.046944,0.052322
1.7946e-30,0.047003,0.052301
1.8731e-30,0.047063,0.052281
1.9479e-30,0.047123,0.052261
2.0186e-30,0.047183,0.052241
2.0845e-30,0.047243,0.052223
2.1453e-30,0.047302,0.052204
2.2004e-30,0.047361,0.052186
2.2493e-30,0.047419,0.05217
2.2916e-30,0.047475,0.052153
2.3266e-30,0.047531,0.052138
2.354e-30,0.047586,0.052123
2.3731e-30,0.047638,0.05211
2.3837e-30,0.047689,0.052097
2.3851e-30,0.047738,0.052086
2.3769e-30,0.047786,0.052075
2.3587e-30,0.04783,0.052066
2.3301e-30,0.047873,0.052058
2.2907e-30,0.047912,0.052051
2.24e-30,0.04795,0.052045
2.1778e-30,0.047984,0.052041
2.1038e-30,0.048015,0.052038
2.0176e-30,0.048044,0.052037
1.9189e-30,0.048069,0.052037
1.8077e-30,0.048091,0.052039
1.6837e-30,0.04811,0.052042
1.5467e-30,0.048125,0.052047
1.3968e-30,0.048137,0.052053
1.2338e-30,0.048146,0.052061
1.0578e-30,0.048151,0.052071
8.6888e-31,0.048153,0.052083
6.6713e-31,0.048151,0.052096
4.5276e-31,0.048146,0.05211
2.2599e-31,0.048138,0.052127
-1.2858e-32,0.048126,0.052145
-2.6341e-31,0.048111,0.052165
-5.2524e-31,0.048092,0.052187
-7.9784e-31,0.04807,0.05221
-1.0806e-30,0.048046,0.052235
-1.373e-30,0.048018,0.052261
-1.6742e-30,0.047987,0.052289
-1.9834e-30,0.047954,0.052319
-2.2999e-30,0.047917,0.05235
-2.6226e-30,0.047879,0.052383
-2.9507e-30,0.047837,0.052417
-3.2829e-30,0.047794,0.052453
-3.6183e-30,0.047748,0.05249
-3.9555e-30,0.047701,0.052528
-4.2933e-30,0.047652,0.052568
-4.6304e-30,0.047601,0.052608
-4.9654e-30,0.047549,0.05265
-5.2968e-30,0.047495,0.052693
-5.6231e-30,0.047441,0.052737
-5.9427e-30,0.047385,0.052782
-6.254e-30,0.047329,0.052827
-6.5554e-30,0.047273,0.052874
-6.8451e-30,0.047216,0.052921
-7.1214e-30,0.047159,0.052969
-7.3825e-30,0.047103,0.053017
-7.6266e-30,0.047047,0.053065
-7.8519e-30,0.046991,0.053114
-8.0565e-30,0.046936,0.053163
-8.2386e-30,0.046882,0.053212
-8.3964e-30,0.04683,0.053261
-8.528e-30,0.046778,0.05331
-8.6316e-30,0.046729,0.053359
-8.7053e-30,0.046681,0.053408
-8.7476e-30,0.046634,0.053456
-8.7565e-30,0.04659,0.053503
-8.7304e-30,0.046549,0.053551
-8.6678e-30,0.046509,0.053597
-8.567e-30,0.046472,0.053642
-8.4266e-30,0.046438,0.053687
-8.2453e-30,0.046406,0.05373
-8.0217e-30,0.046378,0.053773
-7.7546e-30,0.046352,0.053814
-7.443e-30,0.04633,0.053854
-7.086e-30,0.046311,0.053892
-6.6827e-30,0.046295,0.053929
-6.2325e-30,0.046282,0.053964
-5.735e-30,0.046273,0.053998
-5.1898e-30,0.046267,0.05403
-4.5968e-30,0.046265,0.05406
-3.956e-30,0.046266,0.054089
-3.2676e-30,0.04627,0.054115
-2.5321e-30,0.046278,0.05414
-1.7502e-30,0.04629,0.054162
-9.2265e-31,0.046305,0.054183
-5.0651e-32,0.046323,0.054202
8.6449e-31,0.046344,0.054218
1.8212e-30,0.046369,0.054233
2.8177e-30,0.046397,0.054245
3.8518e-30,0.046428,0.054255
4.9213e-30,0.046462,0.054264
6.0235e-30,0.046499,0.05427
7.1556e-30,0.046539,0.054274
8.3146e-30,0.046581,0.054277
9.497e-30,0.046625,0.054278
1.0699e-29,0.046673,0.054276
1.1917e-29,0.046722,0.054274
1.3147e-29,0.046773,0.054269
1.4385e-29,0.046827,0.054263
1.5625e-29,0.046882,0.054255
1.6863e-29,0.046938,0.054246
1.8094e-29,0.046996,0.054236
1.9312e-29,0.047056,0.054224
2.0512e-29,0.047116,0.054211
2.1688e-29,0.047177,0.054198
2.2835e-29,0.047239,0.054183
2.3945e-29,0.047302,0.054168
2.5014e-29,0.047365,0.054152
2.6034e-29,0.047428,0.054135
2.6999e-29,0.047491,0.054118
2.7902e-29,0.047554,0.054101
2.8737e-29,0.047617,0.054083
2.9496e-29,0.047679,0.054065
3.0174e-29,0.047741,0.054048
3.0764e-29,0.047802,0.05403
3.1257e-29,0.047862,0.054013
3.1649e-29,0.047921,0.053996
3.1932e-29,0.047978,0.05398
3.21e-29,0.048034,0.053964
3.2147e-29,0.048089,0.053949
3.2065e-29,0.048143,0.053935
3.185e-29,0.048194,0.053921
3.1496e-29,0.048244,0.053909
3.0997e-29,0.048292,0.053897
3.0348e-29,0.048337,0.053886
2.9544e-29,0.048381,0.053877
2.8581e-29,0.048423,0.053868
2.7455e-29,0.048462,0.053861
2.6163e-29,0.0485,0.053855
2.4701e-29,0.048535,0.05385
2.3068e-29,0.048567,0.053847
2.1261e-29,0.048598,0.053844
1.9278e-29,0.048626,0.053843
1.7121e-29,0.048652,0.053844
1.4787e-29,0.048675,0.053845
1.2279e-29,0.048696,0.053848
9.5982e-30,0.048715,0.053851
6.7463e-30,0.048731,0.053856
3.7266e-30,0.048745,0.053862
5.4324e-31,0.048757,0.053869
-2.7991e-30,0.048767,0.053877
-6.2947e-30,0.048774,0.053886
-9.937e-30,0.04878,0.053896
-1.3719e-29,0.048783,0.053906
-1.7631e-29,0.048785,0.053917
-2.1664e-29,0.048785,0.053929
-2.5809e-29,0.048783,0.05394
-3.0053e-29,0.048779,0.053953
-3.4385e-29,0.048773,0.053965
-3.8791e-29,0.048766,0.053977
-4.3257e-29,0.048758,0.053989
-4.7768e-29,0.048747,0.054001
-5.2308e-29,0.048736,0.054013
-5.686e-29,0.048723,0.054024
-6.1406e-29,0.04871,0.054034
-6.5928e-29,0.048695,0.054044
-7.0406e-29,0.048678,0.054053
-7.482e-29,0.048662,0.054061
-7.9149e-29,0.048644,0.054068
-8.337e-29,0.048625,0.054073
-8.7463e-29,0.048605,0.054077
-9.1403e-29,0.048585,0.05408
-9.5167e-29,0.048564,0.054081
-9.8732e-29,0.048543,0.05408
-1.0207e-28,0.048521,0.054078
-1.0517e-28,0.048499,0.054073
-1.0799e-28,0.048476,0.054067
-1.1051e-28,0.048453,0.054058
-1.1271e-28,0.04843,0.054048
-1.1456e-28,0.048406,0.054035
-1.1604e-28,0.048382,0.05402
-1.1713e-28,0.048358,0.054003
-1.1779e-28,0.048333,0.053984
-1.1801e-28,0.048308,0.053962
-1.1776e-28,0.048284,0.053938
-1.1703e-28,0.048259,0.053911
-1.1579e-28,0.048234,0.053883
-1.1401e-28,0.048209,0.053851
-1.1169e-28,0.048183,0.053818
-1.088e-28,0.048158,0.053782
-1.0533e-28,0.048132,0.053745
-1.0127e-28,0.048107,0.053704
-9.659e-29,0.048081,0.053662
-9.1292e-29,0.048055,0.053618
-8.5365e-29,0.04803,0.053572
-7.8801e-29,0.048004,0.053524
-7.1595e-29,0.047978,0.053473
-6.3744e-29,0.047951,0.053422
-5.5249e-29,0.047925,0.053368
-4.6112e-29,0.047899,0.053313
-3.6339e-29,0.047872,0.053256
-2.5938e-29,0.047846,0.053198
-1.492e-29,0.047819,0.053139
-3.2988e-30,0.047792,0.053078
8.9078e-30,0.047765,0.053016
2.168e-29,0.047738,0.052953
3.4993e-29,0.047711,0.05289
4.882e-29,0.047684,0.052825
6.313e-29,0.047657,0.05276
7.789e-29,0.047629,0.052694
9.3061e-29,0.047601,0.052627
1.086e-28,0.047574,0.05256
1.2447e-28,0.047546,0.052493
1.4062e-28,0.047518,0.052426
1.5699e-28,0.04749,0.052358
1.7354e-28,0.047462,0.052291
1.9019e-28,0.047434,0.052223
2.069e-28,0.047406,0.052156
2.236e-28,0.047378,0.052089
2.4021e-28,0.047351,0.052022
2.5667e-28,0.047323,0.051955
2.729e-28,0.047295,0.05189
2.8883e-28,0.047267,0.051824
3.0437e-28,0.04724,0.05176
3.1945e-28,0.047213,0.051696
3.3398e-28,0.047186,0.051633
3.4787e-28,0.047159,0.051571
3.6105e-28,0.047133,0.051511
3.7341e-28,0.047107,0.051451
3.8486e-28,0.047081,0.051392
3.9533e-28,0.047056,0.051335
4.0471e-28,0.047031,0.051279
4.1292e-28,0.047007,0.051225
4.1987e-28,0.046983,0.051172
4.2546e-28,0.04696,0.051121
4.296e-28,0.046938,0.051072
4.3221e-28,0.046916,0.051024
4.332e-28,0.046895,0.050979
4.3248e-28,0.046874,0.050935
4.2999e-28,0.046854,0.050893
4.2563e-28,0.046835,0.050854
4.1933e-28,0.046817,0.050817
4.1103e-28,0.0468,0.050782
4.0066e-28,0.046783,0.050749
3.8816e-28,0.046767,0.050719
3.7348e-28,0.046752,0.050691
3.5655e-28,0.046738,0.050666
3.3736e-28,0.046725,0.050644
3.1586e-28,0.046713,0.050624
2.9201e-28,0.046702,0.050607
2.6582e-28,0.046691,0.050593
2.3726e-28,0.046682,0.050582
2.0633e-28,0.046673,0.050574
1.7305e-28,0.046665,0.050568
1.3743e-28,0.046658,0.050566
9.9496e-29,0.046652,0.050567
5.9294e-29,0.046647,0.05057
1.6873e-29,0.046642,0.050577
-2.7705e-29,0.046639,0.050587
-7.4366e-29,0.046636,0.0506
-1.2302e-28,0.046634,0.050616
-1.7358e-28,0.046632,0.050635
-2.2592e-28,0.046631,0.050657
-2.7993e-28,0.046631,0.050682
-3.3547e-28,0.046631,0.05071
-3.9238e-28,0.046632,0.050741
-4.5051e-28,0.046634,0.050775
-5.0968e-28,0.046635,0.050812
-5.697e-28,0.046637,0.050851
-6.3038e-28,0.04664,0.050893
-6.9149e-28,0.046643,0.050938
-7.5282e-28,0.046646,0.050985
-8.1412e-28,0.046649,0.051035
-8.7515e-28,0.046652,0.051086
-9.3564e-28,0.046656,0.05114
-9.9533e-28,0.046659,0.051196
-1.0539e-27,0.046663,0.051254
-1.1112e-27,0.046666,0.051314
-1.1667e-27,0.046669,0.051375
-1.2203e-27,0.046672,0.051438
-1.2716e-27,0.046675,0.051502
-1.3202e-27,0.046678,0.051568
-1.3659e-27,0.046681,0.051634
-1.4084e-27,0.046683,0.051702
-1.4472e-27,0.046685,0.05177
-1.4821e-27,0.046687,0.051839
-1.5127e-27,0.046688,0.051908
-1.5387e-27,0.04669,0.051978
-1.5598e-27,0.04669,0.052048
-1.5756e-27,0.046691,0.052118
-1.5858e-27,0.046691,0.052188
-1.5901e-27,0.046691,0.052258
-1.5882e-27,0.046691,0.052327
-1.5798e-27,0.04669,0.052396
-1.5645e-27,0.046689,0.052465
-1.5422e-27,0.046688,0.052532
-1.5126e-27,0.046686,0.052599
-1.4753e-27,0.046685,0.052664
-1.4303e-27,0.046683,0.052729
-1.3773e-27,0.046681,0.052792
-1.3161e-27,0.046679,0.052853
-1.2465e-27,0.046678,0.052914
-1.1685e-27,0.046676,0.052972
-1.0819e-27,0.046674,0.053029
-9.8671e-28,0.046672,0.053084
-8.8282e-28,0.046671,0.053138
-7.7024e-28,0.04667,0.053189
-6.4901e-28,0.046669,0.053238
-5.1917e-28,0.046668,0.053285
-3.8085e-28,0.046668,0.053329
-2.3418e-28,0.046668,0.053372
-7.9333e-29,0.046669,0.053412
8.3456e-29,0.04667,0.053449
2.5392e-28,0.046672,0.053484
4.3176e-28,0.046674,0.053517
6.166e-28,0.046677,0.053547
8.0806e-28,0.046681,0.053574
1.0057e-27,0.046685,0.053598
1.209e-27,0.04669,0.05362
1.4174e-27,0.046696,0.053639
1.6303e-27,0.046703,0.053656
1.8471e-27,0.046711,0.053669
2.0671e-27,0.04672,0.05368
2.2896e-27,0.046729,0.053688
2.5138e-27,0.046739,0.053693
2.7389e-27,0.046751,0.053695
2.964e-27,0.046763,0.053695
3.1882e-27,0.046776,0.053691
3.4105e-27,0.04679,0.053685
3.63e-27,0.046805,0.053677
3.8456e-27,0.046821,0.053665
4.0563e-27,0.046837,0.053651
4.261e-27,0.046855,0.053635
4.4585e-27,0.046873,0.053616
4.6477e-27,0.046892,0.053594
4.8274e-27,0.046912,0.05357
4.9964e-27,0.046933,0.053543
5.1536e-27,0.046954,0.053515
5.2977e-27,0.046976,0.053484
5.4274e-27,0.046998,0.05345
5.5416e-27,0.047021,0.053415
5.639e-27,0.047044,0.053378
5.7184e-27,0.047068,0.053339
5.7785e-27,0.047092,0.053298
5.8183e-27,0.047116,0.053255
5.8365e-27,0.047141,0.05321
5.832e-27,0.047165,0.053164
5.8037e-27,0.04719,0.053117
5.7505e-27,0.047215,0.053068
5.6715e-27,0.047239,0.053018
5.5656e-27,0.047264,0.052967
5.4321e-27,0.047288,0.052914
5.2699e-27,0.047312,0.052861
5.0785e-27,0.047336,0.052807
4.8571e-27,0.04736,0.052752
4.6052e-27,0.047383,0.052696
4.3222e-27,0.047405,0.05264
4.0079e-27,0.047427,0.052584
3.6618e-27,0.047449,0.052527
3.2839e-27,0.047469,0.05247
2.8741e-27,0.047489,0.052414
2.4326e-27,0.047509,0.052357
1.9594e-27,0.047527,0.0523
1.455e-27,0.047545,0.052243
9.199e-28,0.047562,0.052187
3.5472e-28,0.047578,0.052132
-2.3972e-28,0.047593,0.052077
-8.6246e-28,0.047607,0.052022
-1.5124e-27,0.04762,0.051969
-2.1882e-27,0.047632,0.051916
-2.8884e-27,0.047643,0.051864
-3.6115e-27,0.047653,0.051814
-4.3555e-27,0.047662,0.051764
-5.1186e-27,0.04767,0.051716
-5.8985e-27,0.047677,0.051669
-6.693e-27,0.047683,0.051624
-7.4995e-27,0.047688,0.05158
-8.3155e-27,0.047692,0.051538
-9.138e-27,0.047695,0.051497
-9.964e-27,0.047697,0.051458
-1.079e-26,0.047697,0.05142
-1.1614e-26,0.047697,0.051385
-1.2431e-26,0.047696,0.051351
-1.3238e-26,0.047694,0.051319
-1.4031e-26,0.047691,0.051289
-1.4807e-26,0.047687,0.051261
-1.5561e-26,0.047682,0.051234
-1.6289e-26,0.047677,0.05121
-1.6987e-26,0.04767,0.051187
-1.7651e-26,0.047663,0.051166
-1.8276e-26,0.047655,0.051147
-1.8858e-26,0.047646,0.05113
-1.9392e-26,0.047636,0.051114
-1.9874e-26,0.047626,0.0511
-2.03e-26,0.047615,0.051088
-2.0664e-26,0.047603,0.051077
-2.0963e-26,0.047591,0.051068
-2.1192e-26,0.047578,0.05106
-2.1346e-26,0.047565,0.051053
-2.1422e-26,0.04755,0.051047
-2.1415e-26,0.047536,0.051043
-2.1321e-26,0.047521,0.05104
-2.1135e-26,0.047506,0.051037
-2.0856e-26,0.04749,0.051035
-2.0478e-26,0.047473,0.051034
-1.9999e-26,0.047457,0.051033
-1.9415e-26,0.04744,0.051033
-1.8725e-26,0.047423,0.051033
-1.7924e-26,0.047406,0.051034
-1.7012e-26,0.047388,0.051034
-1.5985e-26,0.04737,0.051034
-1.4844e-26,0.047353,0.051034
-1.3587e-26,0.047335,0.051034
-1.2212e-26,0.047317,0.051033
-1.0721e-26,0.047299,0.051032
-9.1123e-27,0.047281,0.05103
-7.388e-27,0.047264,0.051027
-5.5489e-27,0.047246,0.051024
-3.5967e-27,0.047229,0.051019
-1.534e-27,0.047212,0.051014
6.3661e-28,0.047195,0.051007
2.9115e-27,0.047179,0.050999
5.2866e-27,0.047163,0.05099
7.7573e-27,0.047147,0.05098
1.0318e-26,0.047133,0.050969
1.2964e-26,0.047118,0.050956
1.5687e-26,0.047104,0.050941
1.8481e-26,0.047091,0.050926
2.1337e-26,0.047079,0.050909
2.4248e-26,0.047067,0.05089
2.7205e-26,0.047057,0.05087
3.0197e-26,0.047047,0.050849
3.3214e-26,0.047038,0.050826
3.6245e-26,0.04703,0.050802
3.9279e-26,0.047023,0.050776
4.2304e-26,0.047018,0.050749
4.5307e-26,0.047013,0.050721
4.8274e-26,0.04701,0.050692
5.1192e-26,0.047007,0.050661
5.4047e-26,0.047007,0.05063
5.6824e-26,0.047007,0.050597
5.9507e-26,0.047009,0.050564
6.2083e-26,0.047012,0.050529
6.4534e-26,0.047017,0.050494
6.6845e-26,0.047023,0.050458
6.8999e-26,0.047031,0.050421
7.098e-26,0.04704,0.050384
7.2772e-26,0.04705,0.050347
7.4358e-26,0.047063,0.050308
7.5721e-26,0.047077,0.05027
7.6845e-26,0.047092,0.050231
7.7714e-26,0.047109,0.050192
7.8312e-26,0.047128,0.050153
7.8622e-26,0.047148,0.050114
7.8629e-26,0.04717,0.050075
7.8319e-26,0.047194,0.050036
7.7677e-26,0.047219,0.049998
7.6689e-26,0.047245,0.049959
7.5342e-26,0.047273,0.049921
7.3625e-26,0.047303,0.049883
7.1525e-26,0.047334,0.049846
6.9032e-26,0.047367,0.049809
6.6138e-26,0.047401,0.049773
6.2834e-26,0.047437,0.049737
5.9113e-26,0.047473,0.049702
5.4969e-26,0.047512,0.049667
5.04e-26,0.047551,0.049633
4.5401e-26,0.047592,0.0496
3.9973e-26,0.047633,0.049568
3.4116e-26,0.047676,0.049536
2.7832e-26,0.04772,0.049505
2.1127e-26,0.047765,0.049475
1.4006e-26,0.047811,0.049446
6.4772e-27,0.047858,0.049418
-1.4481e-27,0.047905,0.04939
-9.7577e-27,0.047953,0.049364
-1.8437e-26,0.048002,0.049338
-2.7469e-26,0.048052,0.049313
-3.6835e-26,0.048102,0.049289
-4.6513e-26,0.048152,0.049266
-5.648e-26,0.048203,0.049243
-6.6709e-26,0.048254,0.049222
-7.7172e-26,0.048305,0.049201
-8.7838e-26,0.048357,0.049181
-9.8674e-26,0.048408,0.049162
-1.0964e-25,0.04846,0.049144
-1.2071e-25,0.048511,0.049126
-1.3184e-25,0.048562,0.04911
-1.4298e-25,0.048613,0.049094
-1.5408e-25,0.048663,0.049079
-1.6512e-25,0.048713,0.049065
-1.7603e-25,0.048762,0.049052
-1.8676e-25,0.048811,0.049039
-1.9727e-25,0.048859,0.049027
-2.075e-25,0.048906,0.049016
-2.1739e-25,0.048952,0.049006
-2.2689e-25,0.048997,0.048997
-2.3594e-25,0.049041,0.048988
-2.4448e-25,0.049084,0.04898
-2.5245e-25,0.049125,0.048973
-2.598e-25,0.049166,0.048967
-2.6646e-25,0.049205,0.048962
-2.7236e-25,0.049242,0.048957
-2.7746e-25,0.049278,0.048954
-2.8169e-25,0.049312,0.048951
-2.8498e-25,0.049344,0.048949
-2.8728e-25,0.049375,0.048949
-2.8854e-25,0.049404,0.048949
-2.8869e-25,0.049431,0.04895
-2.8768e-25,0.049457,0.048953
-2.8546e-25,0.04948,0.048957
-2.8198e-25,0.049501,0.048962
-2.7718e-25,0.04952,0.048968
-2.7102e-25,0.049538,0.048976
-2.6347e-25,0.049553,0.048986
-2.5448e-25,0.049566,0.048997
-2.4402e-25,0.049577,0.04901
-2.3205e-25,0.049585,0.049024
-2.1856e-25,0.049592,0.049041
-2.0352e-25,0.049596,0.049059
-1.8692e-25,0.049598,0.049079
-1.6874e-25,0.049598,0.049102
-1.4899e-25,0.049596,0.049127
-1.2766e-25,0.049592,0.049154
-1.0476e-25,0.049585,0.049183
-8.0316e-26,0.049577,0.049215
-5.4341e-26,0.049566,0.04925
-2.6866e-26,0.049553,0.049287
2.0696e-27,0.049538,0.049327
3.2422e-26,0.049521,0.04937
6.4138e-26,0.049502,0.049416
9.7156e-26,0.049481,0.049464
1.3141e-25,0.049458,0.049516
1.6681e-25,0.049434,0.04957
2.0329e-25,0.049407,0.049627
2.4074e-25,0.049379,0.049687
2.7906e-25,0.049349,0.049751
3.1814e-25,0.049317,0.049817
3.5785e-25,0.049284,0.049886
3.9808e-25,0.049249,0.049957
4.3867e-25,0.049213,0.050032
4.7949e-25,0.049176,0.050109
5.2038e-25,0.049137,0.050189
5.6119e-25,0.049097,0.050271
6.0173e-25,0.049056,0.050356
6.4183e-25,0.049014,0.050443
6.8131e-25,0.048971,0.050532
7.1999e-25,0.048927,0.050623
7.5765e-25,0.048882,0.050716
7.9411e-25,0.048837,0.05081
8.2915e-25,0.04879,0.050906
8.6256e-25,0.048744,0.051003
8.9413e-25,0.048697,0.051101
9.2364e-25,0.04865,0.051199
9.5087e-25,0.048602,0.051299
9.7559e-25,0.048555,0.051398
9.9759e-25,0.048507,0.051498
1.0166e-24,0.048459,0.051597
1.0325e-24,0.048412,0.051696
1.045e-24,0.048365,0.051794
1.0538e-24,0.048318,0.051891
1.0589e-24,0.048272,0.051987
1.0599e-24,0.048226,0.052081
1.0567e-24,0.048181,0.052174
1.049e-24,0.048136,0.052265
1.0367e-24,0.048093,0.052353
1.0197e-24,0.04805,0.05244
9.9762e-25,0.048008,0.052523
9.7046e-25,0.047968,0.052604
9.3804e-25,0.047928,0.052682
9.0023e-25,0.047889,0.052756
8.5691e-25,0.047852,0.052827
8.08e-25,0.047816,0.052894
7.5342e-25,0.047781,0.052957
6.931e-25,0.047748,0.053017
6.27e-25,0.047716,0.053072
5.5512e-25,0.047686,0.053123
4.7745e-25,0.047657,0.05317
3.9403e-25,0.047629,0.053212
3.049e-25,0.047603,0.05325
2.1016e-25,0.047579,0.053283
1.099e-25,0.047556,0.053311
4.2566e-27,0.047534,0.053335
-1.066e-25,0.047514,0.053354
-2.2249e-25,0.047496,0.053369
-3.4319e-25,0.047479,0.053378
-4.6844e-25,0.047464,0.053383
-5.9796e-25,0.04745,0.053384
-7.3145e-25,0.047437,0.053379
-8.6855e-25,0.047426,0.05337
-1.0089e-24,0.047416,0.053357
-1.1521e-24,0.047408,0.05334
-1.2976e-24,0.0474,0.053318
-1.4451e-24,0.047394,0.053292
-1.594e-24,0.047389,0.053263
-1.7438e-24,0.047385,0.053229
-1.8939e-24,0.047382,0.053192
-2.0437e-24,0.04738,0.053151
-2.1927e-24,0.047379,0.053108
-2.3401e-24,0.047379,0.053061
-2.4853e-24,0.04738,0.053011
-2.6277e-24,0.047381,0.052959
-2.7664e-24,0.047382,0.052904
-2.9007e-24,0.047384,0.052848
-3.0299e-24,0.047387,0.052789
-3.1533e-24,0.04739,0.052728
-3.27e-24,0.047393,0.052666
-3.3792e-24,0.047397,0.052603
-3.4801e-24,0.0474,0.052539
-3.5719e-24,0.047404,0.052474
-3.6537e-24,0.047407,0.052409
-3.7249e-24,0.047411,0.052344
-3.7844e-24,0.047414,0.052278
-3.8316e-24,0.047418,0.052213
-3.8657e-24,0.047421,0.052148
-3.8858e-24,0.047423,0.052084
-3.8911e-24,0.047426,0.052021
-3.881e-24,0.047427,0.051959
-3.8547e-24,0.047429,0.051898
-3.8115e-24,0.04743,0.051839
-3.7508e-24,0.04743,0.051782
-3.6719e-24,0.04743,0.051726
-3.5743e-24,0.04743,0.051673
-3.4574e-24,0.047428,0.051622
-3.3208e-24,0.047427,0.051573
-3.164e-24,0.047424,0.051526
-2.9867e-24,0.047421,0.051482
-2.7886e-24,0.047417,0.05144
-2.5695e-24,0.047413,0.051402
-2.3292e-24,0.047408,0.051366
-2.0676e-24,0.047402,0.051332
-1.7848e-24,0.047396,0.051302
-1.4809e-24,0.047389,0.051274
-1.156e-24,0.047381,0.051249
-8.1044e-25,0.047373,0.051227
-4.4458e-25,0.047364,0.051207
-5.8911e-26,0.047355,0.05119
3.4599e-25,0.047345,0.051176
7.6943e-25,0.047335,0.051165
1.2106e-24,0.047324,0.051155
1.6686e-24,0.047313,0.051148
2.1424e-24,0.047301,0.051144
2.6309e-24,0.047289,0.051141
3.1328e-24,0.047276,0.051141
3.6467e-24,0.047263,0.051142
4.1712e-24,0.04725,0.051145
4.7047e-24,0.047236,0.05115
5.2454e-24,0.047222,0.051156
5.7915e-24,0.047208,0.051164
6.3411e-24,0.047193,0.051173
6.8921e-24,0.047178,0.051182
7.4424e-24,0.047162,0.051193
7.9896e-24,0.047147,0.051204
8.5316e-24,0.047131,0.051216
9.0657e-24,0.047115,0.051228
9.5894e-24,0.047099,0.05124
1.01e-23,0.047082,0.051253
1.0595e-23,0.047066,0.051266
1.1072e-23,0.047049,0.051278
1.1527e-23,0.047032,0.05129
1.1958e-23,0.047015,0.051302
1.2362e-23,0.046997,0.051313
1.2736e-23,0.04698,0.051323
1.3077e-23,0.046962,0.051333
1.3381e-23,0.046945,0.051342
1.3647e-23,0.046927,0.05135
1.3871e-23,0.046909,0.051357
1.4049e-23,0.046892,0.051364
1.4179e-23,0.046874,0.051369
1.4259e-23,0.046857,0.051373
1.4284e-23,0.046839,0.051376
1.4254e-23,0.046822,0.051377
1.4164e-23,0.046804,0.051378
1.4012e-23,0.046787,0.051378
1.3796e-23,0.046771,0.051376
1.3514e-23,0.046754,0.051373
1.3163e-23,0.046738,0.051369
1.2742e-23,0.046722,0.051364
1.2248e-23,0.046706,0.051359
1.1681e-23,0.046691,0.051352
1.1039e-23,0.046676,0.051344
1.032e-23,0.046662,0.051336
9.5239e-24,0.046648,0.051326
8.6503e-24,0.046635,0.051316
7.6987e-24,0.046622,0.051306
6.6691e-24,0.04661,0.051295
5.5618e-24,0.046599,0.051283
4.3775e-24,0.046588,0.051271
3.1172e-24,0.046578,0.051259
1.7822e-24,0.046569,0.051247
3.7431e-25,0.046561,0.051235
-1.1044e-24,0.046554,0.051222
-2.6515e-24,0.046547,0.05121
-4.2641e-24,0.046542,0.051198
-5.9388e-24,0.046537,0.051186
-7.672e-24,0.046533,0.051174
-9.4595e-24,0.046531,0.051163
-1.1297e-23,0.046529,0.051152
-1.3179e-23,0.046528,0.051142
-1.51e-23,0.046529,0.051132
-1.7055e-23,0.04653,0.051122
-1.9037e-23,0.046533,0.051114
-2.104e-23,0.046536,0.051105
-2.3057e-23,0.046541,0.051098
-2.5079e-23,0.046546,0.051091
-2.71e-23,0.046553,0.051084
-2.9111e-23,0.046561,0.051079
-3.1102e-23,0.04657,0.051073
-3.3067e-23,0.04658,0.051069
-3.4994e-23,0.04659,0.051064
-3.6874e-23,0.046602,0.051061
-3.8699e-23,0.046615,0.051057
-4.0456e-23,0.046628,0.051054
-4.2136e-23,0.046643,0.051052
-4.3729e-23,0.046658,0.051049
-4.5223e-23,0.046674,0.051047
-4.6608e-23,0.046691,0.051045
-4.7873e-23,0.046708,0.051043
-4.9007e-23,0.046726,0.051041
-4.9998e-23,0.046744,0.051038
-5.0835e-23,0.046763,0.051036
-5.1509e-23,0.046782,0.051033
-5.2007e-23,0.046801,0.05103
-5.232e-23,0.04682,0.051026
-5.2436e-23,0.04684,0.051021
-5.2346e-23,0.046859,0.051016
-5.204e-23,0.046879,0.05101
-5.1508e-23,0.046898,0.051003
-5.0742e-23,0.046917,0.050995
-4.9734e-23,0.046935,0.050986
-4.8474e-23,0.046954,0.050976
-4.6956e-23,0.046971,0.050965
-4.5174e-23,0.046988,0.050953
-4.3121e-23,0.047004,0.050939
-4.0793e-23,0.047019,0.050924
-3.8185e-23,0.047033,0.050907
-3.5294e-23,0.047047,0.050889
-3.2118e-23,0.047059,0.05087
-2.8656e-23,0.04707,0.050849
-2.4908e-23,0.04708,0.050826
-2.0874e-23,0.047089,0.050802
-1.6558e-23,0.047096,0.050776
-1.1961e-23,0.047102,0.050749
-7.0906e-24,0.047107,0.05072
-1.9512e-24,0.047111,0.05069
3.4492e-24,0.047113,0.050658
9.1015e-24,0.047113,0.050624
1.4995e-23,0.047112,0.050589
2.1119e-23,0.04711,0.050553
2.7458e-23,0.047106,0.050516
3.3999e-23,0.047101,0.050477
4.0724e-23,0.047095,0.050437
4.7616e-23,0.047087,0.050396
5.4655e-23,0.047079,0.050353
6.1819e-23,0.047069,0.05031
6.9086e-23,0.047058,0.050266
7.6431e-23,0.047046,0.050221
8.3829e-23,0.047033,0.050175
9.1252e-23,0.047019,0.050129
9.8672e-23,0.047005,0.050082
1.0606e-22,0.04699,0.050035
1.1338e-22,0.046974,0.049987
1.206e-22,0.046958,0.04994
1.2769e-22,0.046942,0.049892
1.3462e-22,0.046925,0.049844
1.4134e-22,0.046909,0.049796
1.4782e-22,0.046893,0.049748
1.5402e-22,0.046877,0.049701
1.599e-22,0.046861,0.049653
1.6543e-22,0.046846,0.049607
1.7056e-22,0.046831,0.04956
1.7525e-22,0.046817,0.049515
1.7947e-22,0.046803,0.04947
1.8317e-22,0.046791,0.049425
1.863e-22,0.046779,0.049382
1.8884e-22,0.046769,0.049339
1.9075e-22,0.046759,0.049297
1.9197e-22,0.046751,0.049257
1.9248e-22,0.046744,0.049217
1.9223e-22,0.046738,0.049178
1.912e-22,0.046734,0.04914
1.8934e-22,0.04673,0.049103
1.8662e-22,0.046729,0.049068
1.8301e-22,0.046728,0.049033
1.7849e-22,0.046729,0.049
1.7303e-22,0.046731,0.048967
1.6659e-22,0.046735,0.048936
1.5916e-22,0.04674,0.048906
1.5073e-22,0.046747,0.048877
1.4127e-22,0.046754,0.04885
1.3077e-22,0.046763,0.048823
1.1923e-22,0.046774,0.048797
1.0663e-22,0.046785,0.048773
9.2988e-23,0.046797,0.048749
7.8295e-23,0.046811,0.048727
6.2562e-23,0.046826,0.048705
4.5801e-23,0.046841,0.048684
2.8029e-23,0.046858,0.048665
9.2696e-24,0.046875,0.048646
-1.0451e-23,0.046893,0.048628
-3.1101e-23,0.046911,0.04861
-5.2642e-23,0.046931,0.048594
-7.5031e-23,0.046951,0.048578
-9.8219e-23,0.046971,0.048562
-1.2215e-22,0.046992,0.048548
-1.4677e-22,0.047013,0.048534
-1.72e-22,0.047034,0.04852
-1.9779e-22,0.047056,0.048507
-2.2404e-22,0.047077,0.048495
-2.5068e-22,0.047099,0.048483
-2.7761e-22,0.047121,0.048471
-3.0476e-22,0.047143,0.04846
-3.32e-22,0.047164,0.048449
-3.5925e-22,0.047186,0.048439
-3.8638e-22,0.047207,0.048429
-4.1328e-22,0.047229,0.048419
-4.3985e-22,0.047249,0.04841
-4.6594e-22,0.04727,0.048401
-4.9143e-22,0.04729,0.048392
-5.1618e-22,0.04731,0.048384
-5.4007e-22,0.047329,0.048376
-5.6296e-22,0.047348,0.048369
-5.8469e-22,0.047366,0.048362
-6.0513e-22,0.047384,0.048355
-6.2413e-22,0.047401,0.048349
-6.4154e-22,0.047417,0.048343
-6.5721e-22,0.047433,0.048338
-6.71e-22,0.047448,0.048333
-6.8275e-22,0.047462,0.048329
-6.9232e-22,0.047476,0.048326
-6.9956e-22,0.047489,0.048323
-7.0433e-22,0.047501,0.048321
-7.0649e-22,0.047512,0.048319
-7.059e-22,0.047523,0.048318
-7.0242e-22,0.047532,0.048318
-6.9593e-22,0.047541,0.048319
-6.8631e-22,0.047549,0.048321
-6.7343e-22,0.047556,0.048323
-6.5721e-22,0.047563,0.048327
-6.3752e-22,0.047568,0.048331
-6.1429e-22,0.047572,0.048336
-5.8743e-22,0.047576,0.048342
-5.5687e-22,0.047579,0.04835
-5.2255e-22,0.047581,0.048358
-4.8444e-22,0.047582,0.048367
-4.4248e-22,0.047582,0.048378
-3.9667e-22,0.047581,0.04839
-3.47e-22,0.04758,0.048402
-2.9349e-22,0.047577,0.048416
-2.3615e-22,0.047574,0.048431
-1.7503e-22,0.04757,0.048447
-1.1019e-22,0.047566,0.048465
-4.172e-23,0.04756,0.048483
3.0293e-23,0.047554,0.048503
1.0573e-22,0.047548,0.048523
1.8446e-22,0.04754,0.048545
2.6631e-22,0.047532,0.048568
3.5112e-22,0.047524,0.048592
4.3868e-22,0.047515,0.048617
5.2879e-22,0.047505,0.048643
6.2119e-22,0.047495,0.04867
7.1563e-22,0.047485,0.048698
8.1182e-22,0.047474,0.048727
9.0947e-22,0.047463,0.048757
1.0083e-21,0.047452,0.048788
1.1078e-21,0.04744,0.048819
1.2078e-21,0.047428,0.048851
1.3078e-21,0.047416,0.048883
1.4075e-21,0.047404,0.048917
1.5064e-21,0.047392,0.04895
1.6041e-21,0.047379,0.048984
1.7e-21,0.047367,0.049019
1.7939e-21,0.047355,0.049053
1.8851e-21,0.047343,0.049088
1.9731e-21,0.04733,0.049123
2.0576e-21,0.047318,0.049158
2.1378e-21,0.047307,0.049193
2.2134e-21,0.047295,0.049228
2.2838e-21,0.047283,0.049262
2.3483e-21,0.047272,0.049296
2.4066e-21,0.047261,0.04933
2.458e-21,0.047251,0.049363
2.502e-21,0.04724,0.049396
2.538e-21,0.04723,0.049428
2.5655e-21,0.04722,0.049459
2.5841e-21,0.047211,0.049489
2.5931e-21,0.047202,0.049518
2.592e-21,0.047193,0.049546
2.5804e-21,0.047185,0.049573
2.5578e-21,0.047177,0.049598
2.5238e-21,0.047169,0.049622
2.4779e-21,0.047162,0.049645
2.4196e-21,0.047154,0.049666
2.3488e-21,0.047147,0.049685
2.2649e-21,0.047141,0.049702
2.1678e-21,0.047134,0.049718
2.0571e-21,0.047128,0.049731
1.9327e-21,0.047122,0.049743
1.7943e-21,0.047115,0.049752
1.6418e-21,0.047109,0.049759
1.4752e-21,0.047103,0.049764
1.2944e-21,0.047097,0.049766
1.0995e-21,0.047091,0.049766
8.9053e-22,0.047085,0.049764
6.6768e-22,0.047079,0.049759
4.3115e-22,0.047073,0.049751
1.8124e-22,0.047066,0.049741
-8.172e-23,0.04706,0.049729
-3.5729e-22,0.047053,0.049714
-6.4499e-22,0.047045,0.049696
-9.4425e-22,0.047038,0.049675
-1.2544e-21,0.04703,0.049653
-1.5748e-21,0.047022,0.049627
-1.9046e-21,0.047013,0.049599
-2.2429e-21,0.047004,0.049569
-2.5888e-21,0.046995,0.049536
-2.9413e-21,0.046986,0.049501
-3.2992e-21,0.046976,0.049463
-3.6614e-21,0.046965,0.049424
-4.0267e-21,0.046955,0.049382
-4.3936e-21,0.046943,0.049338
-4.7609e-21,0.046932,0.049293
-5.127e-21,0.04692,0.049245
-5.4904e-21,0.046908,0.049196
-5.8494e-21,0.046896,0.049146
-6.2025e-21,0.046884,0.049094
-6.5479e-21,0.046871,0.049041
-6.8839e-21,0.046859,0.048987
-7.2085e-21,0.046846,0.048932
-7.52e-21,0.046833,0.048876
-7.8164e-21,0.04682,0.04882
-8.0958e-21,0.046807,0.048763
-8.3562e-21,0.046795,0.048706
-8.5957e-21,0.046782,0.048649
-8.8122e-21,0.04677,0.048593
-9.0037e-21,0.046758,0.048536
-9.1682e-21,0.046746,0.04848
-9.3038e-21,0.046735,0.048425
-9.4084e-21,0.046724,0.04837
-9.4801e-21,0.046714,0.048316
-9.517e-21,0.046704,0.048264
-9.5172e-21,0.046695,0.048213
-9.479e-21,0.046686,0.048163
-9.4006e-21,0.046678,0.048115
-9.2803e-21,0.046672,0.048068
-9.1165e-21,0.046665,0.048024
-8.9078e-21,0.04666,0.047981
-8.6528e-21,0.046656,0.04794
-8.3503e-21,0.046653,0.047902
-7.9991e-21,0.046651,0.047866
-7.5983e-21,0.04665,0.047832
-7.147e-21,0.04665,0.047801
-6.6445e-21,0.046651,0.047772
-6.0905e-21,0.046653,0.047746
-5.4846e-21,0.046657,0.047722
-4.8266e-21,0.046662,0.047701
-4.1168e-21,0.046669,0.047683
-3.3553e-21,0.046676,0.047667
-2.5428e-21,0.046685,0.047654
-1.6799e-21,0.046696,0.047644
-7.6782e-22,0.046708,0.047636
1.9231e-22,0.046721,0.047631
1.1989e-21,0.046736,0.047629
2.2503e-21,0.046752,0.04763
3.3443e-21,0.046769,0.047632
4.4786e-21,0.046788,0.047638
5.6508e-21,0.046808,0.047646
6.8577e-21,0.04683,0.047656
8.0964e-21,0.046853,0.047669
9.3633e-21,0.046877,0.047684
1.0655e-20,0.046903,0.047701
1.1967e-20,0.046929,0.04772
1.3295e-20,0.046957,0.047741
1.4635e-20,0.046986,0.047764
1.5981e-20,0.047016,0.047789
1.733e-20,0.047047,0.047816
1.8674e-20,0.047079,0.047844
2.001e-20,0.047112,0.047874
2.133e-20,0.047145,0.047905
2.2629e-20,0.047179,0.047937
2.39e-20,0.047214,0.047971
2.5137e-20,0.047249,0.048005
2.6334e-20,0.047285,0.048041
2.7483e-20,0.04732,0.048077
2.8577e-20,0.047356,0.048114
2.961e-20,0.047392,0.048152
3.0574e-20,0.047428,0.04819
3.1462e-20,0.047464,0.048229
3.2266e-20,0.047499,0.048268
3.2979e-20,0.047535,0.048307
3.3595e-20,0.047569,0.048347
3.4104e-20,0.047603,0.048386
3.4501e-20,0.047637,0.048425
3.4778e-20,0.047669,0.048465
3.4927e-20,0.047701,0.048504
3.4943e-20,0.047732,0.048542
3.4819e-20,0.047762,0.048581
3.4547e-20,0.047791,0.048619
3.4123e-20,0.047818,0.048656
3.3539e-20,0.047845,0.048693
3.2791e-20,0.04787,0.048729
3.1874e-20,0.047893,0.048765
3.0783e-20,0.047916,0.0488
2.9513e-20,0.047937,0.048834
2.8062e-20,0.047956,0.048868
2.6426e-20,0.047974,0.048901
2.4602e-20,0.04799,0.048932
2.2589e-20,0.048005,0.048963
2.0385e-20,0.048019,0.048993
1.7991e-20,0.048031,0.049023
1.5406e-20,0.048041,0.049051
1.2631e-20,0.04805,0.049078
9.6689e-21,0.048058,0.049105
6.5215e-21,0.048064,0.04913
3.1928e-21,0.048069,0.049155
-3.127e-22,0.048072,0.049178
-3.9896e-21,0.048074,0.049201
-7.8314e-21,0.048075,0.049222
-1.1831e-20,0.048075,0.049243
-1.5979e-20,0.048074,0.049263
-2.0267e-20,0.048072,0.049281
-2.4684e-20,0.048069,0.049299
-2.9219e-20,0.048066,0.049316
-3.3859e-20,0.048061,0.049331
-3.8591e-20,0.048056,0.049346
-4.34e-20,0.04805,0.04936
-4.8269e-20,0.048044,0.049373
-5.3184e-20,0.048037,0.049385
-5.8125e-20,0.04803,0.049396
-6.3075e-20,0.048023,0.049406
-6.8013e-20,0.048015,0.049415
-7.292e-20,0.048008,0.049423
-7.7773e-20,0.048,0.04943
-8.2551e-20,0.047993,0.049436
-8.723e-20,0.047985,0.049441
-9.1787e-20,0.047978,0.049445
-9.6197e-20,0.047971,0.049448
-1.0044e-19,0.047964,0.04945
-1.0448e-19,0.047958,0.049452
-1.0829e-19,0.047952,0.049452
-1.1186e-19,0.047947,0.049451
-1.1515e-19,0.047942,0.049449
-1.1814e-19,0.047937,0.049447
-1.2079e-19,0.047933,0.049443
-1.2309e-19,0.04793,0.049438
-1.2501e-19,0.047927,0.049433
-1.2651e-19,0.047924,0.049426
-1.2758e-19,0.047922,0.049419
-1.2818e-19,0.047921,0.04941
-1.2829e-19,0.047921,0.049401
-1.2789e-19,0.04792,0.049391
-1.2696e-19,0.047921,0.049379
-1.2546e-19,0.047922,0.049367
-1.2338e-19,0.047923,0.049354
-1.207e-19,0.047925,0.04934
-1.1741e-19,0.047928,0.049325
-1.1347e-19,0.047931,0.04931
-1.0888e-19,0.047934,0.049294
-1.0363e-19,0.047938,0.049276
-9.7695e-20,0.047943,0.049259
-9.1076e-20,0.047947,0.04924
-8.3762e-20,0.047952,0.049221
-7.575e-20,0.047957,0.049201
-6.7037e-20,0.047963,0.049181
-5.7624e-20,0.047969,0.04916
-4.7514e-20,0.047975,0.049138
-3.6714e-20,0.047981,0.049116
-2.5234e-20,0.047987,0.049094
-1.3087e-20,0.047994,0.049071
-2.8816e-22,0.048001,0.049048
1.3142e-20,0.048008,0.049025
2.718e-20,0.048015,0.049001
4.1799e-20,0.048022,0.048978
5.6969e-20,0.048029,0.048954
7.2656e-20,0.048036,0.04893
8.8821e-20,0.048044,0.048906
1.0542e-19,0.048051,0.048882
1.2242e-19,0.048059,0.048859
1.3975e-19,0.048067,0.048835
1.5738e-19,0.048075,0.048812
1.7523e-19,0.048083,0.048789
1.9326e-19,0.048091,0.048766
2.1139e-19,0.048099,0.048743
2.2956e-19,0.048108,0.048721
2.4769e-19,0.048117,0.048699
2.6572e-19,0.048126,0.048678
2.8356e-19,0.048135,0.048657
3.0114e-19,0.048145,0.048637
3.1836e-19,0.048154,0.048617
3.3514e-19,0.048164,0.048598
3.5139e-19,0.048175,0.048579
3.6702e-19,0.048186,0.048561
3.8194e-19,0.048197,0.048544
3.9605e-19,0.048208,0.048527
4.0925e-19,0.04822,0.048511
4.2144e-19,0.048232,0.048495
4.3253e-19,0.048245,0.04848
4.4242e-19,0.048258,0.048466
4.5101e-19,0.048272,0.048452
4.5819e-19,0.048285,0.048439
4.6388e-19,0.0483,0.048427
4.6797e-19,0.048314,0.048414
4.7037e-19,0.048329,0.048403
4.7099e-19,0.048345,0.048392
4.6973e-19,0.04836,0.048381
4.6651e-19,0.048376,0.048371
4.6125e-19,0.048392,0.048361
4.5386e-19,0.048409,0.048351
4.4427e-19,0.048425,0.048341
4.3242e-19,0.048441,0.048332
4.1823e-19,0.048457,0.048323
4.0165e-19,0.048473,0.048314
3.8263e-19,0.048489,0.048304
3.6113e-19,0.048505,0.048295
3.3711e-19,0.04852,0.048286
3.1054e-19,0.048535,0.048276
2.8141e-19,0.048549,0.048266
2.497e-19,0.048562,0.048255
2.1543e-19,0.048574,0.048245
1.7859e-19,0.048586,0.048233
1.3922e-19,0.048596,0.048221
9.7352e-20,0.048606,0.048209
5.3026e-20,0.048613,0.048196
6.3017e-21,0.04862,0.048182
-4.2748e-20,0.048625,0.048167
-9.4041e-20,0.048628,0.048152
-1.4748e-19,0.048629,0.048135
-2.0295e-19,0.048629,0.048118
-2.6034e-19,0.048627,0.0481
-3.1949e-19,0.048622,0.048081
-3.8027e-19,0.048615,0.04806
-4.425e-19,0.048607,0.048039
-5.0601e-19,0.048595,0.048017
-5.706e-19,0.048582,0.047994
-6.3606e-19,0.048566,0.04797
-7.0217e-19,0.048547,0.047945
-7.687e-19,0.048526,0.047918
-8.354e-19,0.048502,0.047891
-9.02e-19,0.048475,0.047863
-9.6824e-19,0.048446,0.047834
-1.0338e-18,0.048415,0.047805
-1.0985e-18,0.04838,0.047774
-1.1618e-18,0.048343,0.047742
-1.2236e-18,0.048303,0.04771
-1.2835e-18,0.048261,0.047678
-1.3411e-18,0.048216,0.047644
-1.3962e-18,0.048169,0.04761
-1.4483e-18,0.048119,0.047576
-1.4972e-18,0.048067,0.047541
-1.5424e-18,0.048013,0.047506
-1.5835e-18,0.047957,0.047471
-1.6203e-18,0.047898,0.047435
-1.6524e-18,0.047838,0.047399
-1.6794e-18,0.047776,0.047364
-1.7009e-18,0.047712,0.047328
-1.7165e-18,0.047646,0.047293
-1.726e-18,0.047579,0.047258
-1.729e-18,0.047511,0.047223
-1.7252e-18,0.047441,0.047189
-1.7142e-18,0.047371,0.047155
-1.6957e-18,0.0473,0.047122
-1.6694e-18,0.047228,0.04709
-1.6351e-18,0.047155,0.047058
-1.5925e-18,0.047082,0.047028
-1.5414e-18,0.047009,0.046998
-1.4815e-18,0.046936,0.046969
-1.4127e-18,0.046863,0.046941
-1.3347e-18,0.04679,0.046914
-1.2476e-18,0.046717,0.046889
-1.1511e-18,0.046645,0.046864
-1.0451e-18,0.046574,0.046841
-9.298e-19,0.046504,0.04682
-8.0501e-19,0.046435,0.0468
-6.7081e-19,0.046367,0.046781
-5.273e-19,0.0463,0.046764
-3.7459e-19,0.046235,0.046748
-2.1285e-19,0.046171,0.046734
-4.2281e-20,0.046109,0.046722
1.3686e-19,0.046049,0.046711
3.2427e-19,0.045991,0.046702
5.1959e-19,0.045935,0.046694
7.2243e-19,0.045881,0.046689
9.3234e-19,0.045829,0.046685
1.1488e-18,0.04578,0.046683
1.3713e-18,0.045734,0.046682
1.5992e-18,0.045689,0.046683
1.8318e-18,0.045648,0.046687
2.0685e-18,0.045609,0.046691
2.3085e-18,0.045573,0.046698
2.551e-18,0.04554,0.046706
2.7951e-18,0.04551,0.046716
3.0399e-18,0.045482,0.046728
3.2845e-18,0.045458,0.046742
3.5278e-18,0.045436,0.046757
3.7689e-18,0.045417,0.046774
4.0066e-18,0.045402,0.046793
4.2398e-18,0.045389,0.046813
4.4673e-18,0.045379,0.046835
4.688e-18,0.045372,0.046858
4.9005e-18,0.045368,0.046883
5.1038e-18,0.045367,0.046909
5.2964e-18,0.045369,0.046937
5.477e-18,0.045373,0.046966
5.6444e-18,0.04538,0.046997
5.7973e-18,0.04539,0.047029
5.9342e-18,0.045402,0.047062
6.0538e-18,0.045417,0.047097
6.1549e-18,0.045434,0.047133
6.2361e-18,0.045453,0.047169
6.296e-18,0.045475,0.047207
6.3334e-18,0.045499,0.047246
6.3471e-18,0.045524,0.047286
6.3358e-18,0.045552,0.047327
6.2982e-18,0.045581,0.047369
6.2334e-18,0.045612,0.047411
6.1402e-18,0.045645,0.047454
6.0176e-18,0.045678,0.047498
5.8645e-18,0.045714,0.047542
5.6803e-18,0.04575,0.047587
5.464e-18,0.045787,0.047632
5.2149e-18,0.045825,0.047678
4.9325e-18,0.045863,0.047723
4.6163e-18,0.045903,0.047769
4.2658e-18,0.045942,0.047815
3.8808e-18,0.045982,0.047861
3.4611e-18,0.046022,0.047906
3.0068e-18,0.046062,0.047952
2.5179e-18,0.046101,0.047997
1.9948e-18,0.046141,0.048041
1.4379e-18,0.04618,0.048086
8.4777e-19,0.046218,0.048129
2.2512e-19,0.046255,0.048172
-4.2909e-19,0.046292,0.048214
-1.1138e-18,0.046328,0.048255
-1.8277e-18,0.046362,0.048296
-2.5694e-18,0.046396,0.048335
-3.3372e-18,0.046428,0.048373
-4.1293e-18,0.046458,0.04841
-4.9437e-18,0.046488,0.048446
-5.7782e-18,0.046515,0.04848
-6.6305e-18,0.046541,0.048513
-7.4979e-18,0.046566,0.048544
-8.3777e-18,0.046588,0.048574
-9.267e-18,0.046609,0.048602
-1.0163e-17,0.046628,0.048629
-1.1061e-17,0.046645,0.048653
-1.1959e-17,0.046661,0.048676
-1.2853e-17,0.046675,0.048698
-1.3739e-17,0.046687,0.048717
-1.4613e-17,0.046697,0.048734
-1.5471e-17,0.046705,0.04875
-1.6309e-17,0.046712,0.048764
-1.7122e-17,0.046717,0.048775
-1.7906e-17,0.046721,0.048785
-1.8656e-17,0.046723,0.048793
-1.9367e-17,0.046724,0.048799
-2.0035e-17,0.046723,0.048804
-2.0656e-17,0.046722,0.048806
-2.1223e-17,0.046719,0.048807
-2.1732e-17,0.046715,0.048806
-2.2178e-17,0.04671,0.048803
-2.2557e-17,0.046705,0.048799
-2.2863e-17,0.046699,0.048793
-2.3092e-17,0.046692,0.048786
-2.3238e-17,0.046685,0.048777
-2.3298e-17,0.046678,0.048767
-2.3267e-17,0.04667,0.048755
-2.314e-17,0.046663,0.048743
-2.2913e-17,0.046655,0.048729
-2.2583e-17,0.046648,0.048715
-2.2144e-17,0.046641,0.048699
-2.1595e-17,0.046634,0.048683
-2.0931e-17,0.046628,0.048666
-2.015e-17,0.046623,0.048649
-1.9249e-17,0.046618,0.048631
-1.8226e-17,0.046614,0.048613
-1.7079e-17,0.046611,0.048594
-1.5806e-17,0.046609,0.048575
-1.4406e-17,0.046608,0.048557
-1.288e-17,0.046608,0.048538
-1.1226e-17,0.04661,0.04852
-9.4452e-18,0.046612,0.048501
-7.5386e-18,0.046616,0.048483
-5.5077e-18,0.046622,0.048466
-3.3545e-18,0.046629,0.048449
-1.0817e-18,0.046637,0.048433
1.3074e-18,0.046646,0.048417
3.8089e-18,0.046657,0.048403
6.4181e-18,0.04667,0.048389
9.1298e-18,0.046684,0.048376
1.1938e-17,0.046699,0.048364
1.4837e-17,0.046716,0.048354
1.7818e-17,0.046734,0.048344
2.0873e-17,0.046754,0.048336
2.3995e-17,0.046775,0.04833
2.7174e-17,0.046798,0.048324
3.0399e-17,0.046821,0.048321
3.366e-17,0.046846,0.048318
3.6946e-17,0.046872,0.048318
4.0244e-17,0.0469,0.048318
4.3541e-17,0.046928,0.048321
4.6825e-17,0.046958,0.048325
5.0082e-17,0.046988,0.048331
5.3296e-17,0.04702,0.048339
5.6453e-17,0.047052,0.048349
5.9537e-17,0.047086,0.048361
6.2532e-17,0.04712,0.048374
6.5422e-17,0.047155,0.048389
6.8189e-17,0.04719,0.048407
7.0817e-17,0.047227,0.048426
7.3288e-17,0.047264,0.048447
7.5585e-17,0.047301,0.04847
7.7689e-17,0.04734,0.048495
7.9582e-17,0.047378,0.048522
8.1247e-17,0.047417,0.048551
8.2665e-17,0.047457,0.048582
8.3819e-17,0.047497,0.048614
8.469e-17,0.047538,0.048649
8.5262e-17,0.047579,0.048685
8.5518e-17,0.04762,0.048723
8.544e-17,0.047662,0.048763
8.5013e-17,0.047703,0.048804
8.4221e-17,0.047746,0.048847
8.3049e-17,0.047788,0.048892
8.1484e-17,0.047831,0.048938
7.9513e-17,0.047873,0.048986
7.7123e-17,0.047916,0.049035
7.4303e-17,0.04796,0.049086
7.1044e-17,0.048003,0.049137
6.7337e-17,0.048046,0.04919
6.3176e-17,0.04809,0.049244
5.8554e-17,0.048133,0.049299
5.3468e-17,0.048177,0.049355
4.7915e-17,0.048221,0.049411
4.1894e-17,0.048264,0.049469
3.5408e-17,0.048308,0.049526
2.846e-17,0.048352,0.049585
2.1054e-17,0.048395,0.049643
1.3198e-17,0.048439,0.049702
4.9026e-18,0.048482,0.049761
-3.8215e-18,0.048526,0.04982
-1.296e-17,0.048569,0.049879
-2.2496e-17,0.048612,0.049937
-3.241e-17,0.048655,0.049995
-4.2682e-17,0.048697,0.050053
-5.3286e-17,0.04874,0.05011
-6.4198e-17,0.048782,0.050167
-7.5387e-17,0.048824,0.050222
-8.6822e-17,0.048866,0.050277
-9.8469e-17,0.048907,0.050331
-1.1029e-16,0.048948,0.050384
-1.2225e-16,0.048989,0.050435
-1.343e-16,0.049029,0.050486
-1.4641e-16,0.049069,0.050534
-1.5852e-16,0.049109,0.050582
-1.7058e-16,0.049148,0.050628
-1.8255e-16,0.049187,0.050672
-1.9436e-16,0.049225,0.050715
-2.0598e-16,0.049263,0.050756
-2.1733e-16,0.049301,0.050795
-2.2836e-16,0.049337,0.050833
-2.3902e-16,0.049374,0.050869
-2.4923e-16,0.049409,0.050903
-2.5894e-16,0.049444,0.050935
-2.6807e-16,0.049478,0.050965
-2.7658e-16,0.049512,0.050993
-2.8438e-16,0.049545,0.051019
-2.9142e-16,0.049577,0.051043
-2.9762e-16,0.049608,0.051066
-3.0293e-16,0.049638,0.051086
-3.0728e-16,0.049667,0.051105
-3.1059e-16,0.049696,0.051122
-3.1281e-16,0.049723,0.051136
-3.1388e-16,0.049749,0.051149
-3.1373e-16,0.049774,0.051161
-3.1231e-16,0.049798,0.05117
-3.0955e-16,0.049821,0.051178
-3.054e-16,0.049843,0.051183
-2.9982e-16,0.049863,0.051188
-2.9275e-16,0.049881,0.05119
-2.8414e-16,0.049898,0.051191
-2.7397e-16,0.049914,0.051191
-2.6218e-16,0.049928,0.051189
-2.4875e-16,0.049941,0.051185
-2.3366e-16,0.049952,0.051181
-2.1688e-16,0.049961,0.051175
-1.984e-16,0.049968,0.051167
-1.782e-16,0.049974,0.051159
-1.5629e-16,0.049978,0.051149
-1.3266e-16,0.049979,0.051138
-1.0734e-16,0.049979,0.051127
-8.0336e-17,0.049977,0.051114
-5.1678e-17,0.049973,0.0511
-2.1399e-17,0.049967,0.051086
1.0457e-17,0.049959,0.05107
4.3839e-17,0.049949,0.051054
7.8688e-17,0.049937,0.051038
1.1493e-16,0.049923,0.05102
1.525e-16,0.049907,0.051002
1.913e-16,0.049889,0.050984
2.3124e-16,0.049869,0.050965
2.7221e-16,0.049846,0.050945
3.1409e-16,0.049822,0.050925
3.5677e-16,0.049796,0.050905
4.001e-16,0.049767,0.050884
4.4396e-16,0.049737,0.050864
4.8817e-16,0.049705,0.050843
5.3259e-16,0.049671,0.050821
5.7704e-16,0.049635,0.0508
6.2135e-16,0.049597,0.050779
6.6533e-16,0.049558,0.050757
7.0878e-16,0.049517,0.050736
7.5151e-16,0.049474,0.050714
7.933e-16,0.04943,0.050693
8.3394e-16,0.049384,0.050672
8.7321e-16,0.049337,0.05065
9.1089e-16,0.049288,0.050629
9.4673e-16,0.049238,0.050609
9.8051e-16,0.049187,0.050588
1.012e-15,0.049135,0.050568
1.0409e-15,0.049081,0.050548
1.0671e-15,0.049027,0.050529
1.0902e-15,0.048972,0.05051
1.1101e-15,0.048916,0.050492
1.1264e-15,0.048859,0.050474
1.139e-15,0.048801,0.050456
1.1476e-15,0.048743,0.050439
1.152e-15,0.048684,0.050423
1.152e-15,0.048625,0.050407
1.1473e-15,0.048566,0.050392
1.1377e-15,0.048506,0.050378
1.123e-15,0.048446,0.050364
1.1031e-15,0.048386,0.050352
1.0777e-15,0.048327,0.05034
1.0468e-15,0.048267,0.050328
1.0101e-15,0.048207,0.050318
9.6745e-16,0.048148,0.050309
9.1883e-16,0.048089,0.0503
8.641e-16,0.04803,0.050292
8.0317e-16,0.047972,0.050285
7.36e-16,0.047914,0.050279
6.6255e-16,0.047856,0.050274
5.828e-16,0.0478,0.05027
4.9676e-16,0.047744,0.050266
4.0449e-16,0.047689,0.050264
3.0603e-16,0.047634,0.050262
2.0148e-16,0.04758,0.050261
9.0976e-17,0.047528,0.050261
-2.534e-17,0.047476,0.050262
-1.4728e-16,0.047425,0.050264
-2.7463e-16,0.047374,0.050266
-4.0714e-16,0.047325,0.050269
-5.4453e-16,0.047277,0.050272
-6.8648e-16,0.04723,0.050277
-8.3265e-16,0.047183,0.050281
-9.8265e-16,0.047138,0.050287
-1.1361e-15,0.047094,0.050292
-1.2924e-15,0.04705,0.050298
-1.4513e-15,0.047008,0.050304
-1.6121e-15,0.046967,0.050311
-1.7743e-15,0.046926,0.050317
-1.9373e-15,0.046886,0.050324
-2.1005e-15,0.046848,0.050331
-2.2632e-15,0.04681,0.050337
-2.4248e-15,0.046773,0.050344
-2.5846e-15,0.046737,0.05035
-2.7417e-15,0.046701,0.050356
-2.8956e-15,0.046667,0.050361
-3.0453e-15,0.046633,0.050366
-3.19e-15,0.0466,0.050371
-3.329e-15,0.046567,0.050375
-3.4613e-15,0.046535,0.050378
-3.5862e-15,0.046504,0.05038
-3.7027e-15,0.046473,0.050382
-3.81e-15,0.046442,0.050383
-3.9072e-15,0.046412,0.050382
-3.9933e-15,0.046383,0.050381
-4.0676e-15,0.046354,0.050379
-4.129e-15,0.046325,0.050376
-4.1768e-15,0.046296,0.050371
-4.2101e-15,0.046268,0.050366
-4.2279e-15,0.046241,0.050359
-4.2296e-15,0.046213,0.050352
-4.2142e-15,0.046186,0.050343
-4.181e-15,0.046159,0.050333
-4.1293e-15,0.046132,0.050322
-4.0583e-15,0.046106,0.05031
-3.9675e-15,0.046079,0.050297
-3.8561e-15,0.046054,0.050284
-3.7236e-15,0.046028,0.050269
-3.5696e-15,0.046003,0.050253
-3.3935e-15,0.045977,0.050237
-3.195e-15,0.045953,0.05022
-2.9739e-15,0.045928,0.050202
-2.7298e-15,0.045904,0.050184
-2.4627e-15,0.045881,0.050166
-2.1725e-15,0.045858,0.050147
-1.8592e-15,0.045835,0.050128
-1.5229e-15,0.045813,0.050109
-1.1639e-15,0.045792,0.05009
-7.826e-16,0.045771,0.050071
-3.793e-16,0.045751,0.050053
4.5383e-17,0.045732,0.050035
4.908e-16,0.045713,0.050018
9.5616e-16,0.045696,0.050001
1.4406e-15,0.045679,0.049985
1.943e-15,0.045663,0.04997
2.4623e-15,0.045649,0.049956
2.9973e-15,0.045635,0.049943
3.5464e-15,0.045623,0.049932
4.1083e-15,0.045612,0.049922
4.6812e-15,0.045602,0.049913
5.2634e-15,0.045594,0.049907
5.853e-15,0.045587,0.049902
6.4479e-15,0.045581,0.049898
7.0461e-15,0.045577,0.049897
7.6452e-15,0.045574,0.049898
8.2429e-15,0.045573,0.049901
8.8367e-15,0.045574,0.049906
9.424e-15,0.045577,0.049913
1.0002e-14,0.045581,0.049923
1.0568e-14,0.045587,0.049934
1.112e-14,0.045595,0.049948
1.1653e-14,0.045605,0.049965
1.2166e-14,0.045616,0.049984
1.2654e-14,0.04563,0.050005
1.3116e-14,0.045646,0.050029
1.3547e-14,0.045664,0.050055
1.3945e-14,0.045684,0.050084
1.4306e-14,0.045706,0.050114
1.4627e-14,0.04573,0.050148
1.4904e-14,0.045756,0.050183
1.5135e-14,0.045785,0.050221
1.5316e-14,0.045815,0.05026
1.5444e-14,0.045848,0.050302
1.5516e-14,0.045884,0.050346
1.5529e-14,0.045921,0.050391
1.5479e-14,0.045961,0.050439
1.5365e-14,0.046003,0.050488
1.5182e-14,0.046047,0.050538
1.493e-14,0.046094,0.050591
1.4604e-14,0.046143,0.050644
1.4204e-14,0.046194,0.050698
1.3726e-14,0.046248,0.050754
1.3169e-14,0.046304,0.05081
1.2532e-14,0.046362,0.050868
1.1812e-14,0.046422,0.050925
1.101e-14,0.046485,0.050984
1.0123e-14,0.04655,0.051042
9.1515e-15,0.046617,0.051101
8.0954e-15,0.046686,0.051159
6.9545e-15,0.046757,0.051217
5.7293e-15,0.046831,0.051275
4.4206e-15,0.046906,0.051332
3.0296e-15,0.046984,0.051389
1.5579e-15,0.047063,0.051445
7.3712e-18,0.047144,0.051499
-1.6195e-15,0.047227,0.051552
-3.32e-15,0.047311,0.051604
-5.0907e-15,0.047397,0.051655
-6.9281e-15,0.047484,0.051703
-8.8279e-15,0.047573,0.05175
-1.0786e-14,0.047663,0.051795
-1.2796e-14,0.047754,0.051838
-1.4854e-14,0.047846,0.051878
-1.6953e-14,0.047939,0.051916
-1.9087e-14,0.048033,0.051952
-2.1248e-14,0.048127,0.051984
-2.343e-14,0.048222,0.052015
-2.5625e-14,0.048317,0.052042
-2.7825e-14,0.048412,0.052066
-3.002e-14,0.048508,0.052088
-3.2202e-14,0.048603,0.052106
-3.4361e-14,0.048697,0.052121
-3.6487e-14,0.048792,0.052133
-3.8571e-14,0.048885,0.052142
-4.0601e-14,0.048978,0.052148
-4.2567e-14,0.04907,0.052151
-4.4458e-14,0.049161,0.05215
-4.6262e-14,0.04925,0.052146
-4.7967e-14,0.049338,0.052139
-4.9563e-14,0.049424,0.052129
-5.1037e-14,0.049508,0.052115
-5.2377e-14,0.04959,0.052099
-5.3572e-14,0.04967,0.052079
-5.4608e-14,0.049748,0.052057
-5.5475e-14,0.049823,0.052031
-5.616e-14,0.049896,0.052003
-5.6652e-14,0.049965,0.051972
-5.6939e-14,0.050032,0.051938
-5.701e-14,0.050096,0.051902
-5.6853e-14,0.050156,0.051863
-5.6459e-14,0.050213,0.051822
-5.5818e-14,0.050267,0.051779
-5.4919e-14,0.050317,0.051733
-5.3754e-14,0.050364,0.051686
-5.2314e-14,0.050406,0.051637
-5.0592e-14,0.050445,0.051585
-4.858e-14,0.05048,0.051533
-4.6272e-14,0.050511,0.051479
-4.3664e-14,0.050538,0.051423
-4.0751e-14,0.05056,0.051366
-3.753e-14,0.050579,0.051309
-3.3999e-14,0.050594,0.05125
-3.0156e-14,0.050604,0.05119
-2.6002e-14,0.05061,0.05113
-2.1538e-14,0.050612,0.05107
-1.6767e-14,0.050611,0.051008
-1.1693e-14,0.050605,0.050947
-6.3229e-15,0.050595,0.050886
-6.6233e-16,0.050581,0.050824
5.2797e-15,0.050563,0.050763
1.1493e-14,0.050541,0.050702
1.7966e-14,0.050516,0.050642
2.4684e-14,0.050487,0.050582
3.1634e-14,0.050455,0.050522
3.8798e-14,0.050419,0.050464
4.6158e-14,0.050381,0.050406
5.3694e-14,0.050339,0.05035
6.1384e-14,0.050294,0.050295
6.9204e-14,0.050246,0.050241
7.7129e-14,0.050196,0.050188
8.5133e-14,0.050143,0.050137
9.3186e-14,0.050088,0.050088
1.0126e-13,0.050032,0.05004
1.0932e-13,0.049973,0.049995
1.1734e-13,0.049912,0.049951
1.2527e-13,0.04985,0.049909
1.3309e-13,0.049787,0.049869
1.4076e-13,0.049722,0.049831
1.4824e-13,0.049657,0.049796
1.5548e-13,0.04959,0.049762
1.6246e-13,0.049523,0.049731
1.6912e-13,0.049456,0.049703
1.7542e-13,0.049389,0.049676
1.8132e-13,0.049322,0.049653
1.8678e-13,0.049254,0.049631
1.9176e-13,0.049188,0.049612
1.962e-13,0.049121,0.049596
2.0008e-13,0.049056,0.049582
2.0333e-13,0.048991,0.04957
2.0592e-13,0.048927,0.049561
2.078e-13,0.048865,0.049554
2.0894e-13,0.048803,0.04955
2.0929e-13,0.048743,0.049548
2.0881e-13,0.048685,0.049548
2.0746e-13,0.048628,0.04955
2.052e-13,0.048573,0.049555
2.0201e-13,0.04852,0.049562
1.9784e-13,0.048469,0.049571
1.9267e-13,0.04842,0.049582
1.8646e-13,0.048373,0.049595
1.7919e-13,0.048328,0.049609
1.7084e-13,0.048285,0.049626
1.6139e-13,0.048245,0.049644
1.5082e-13,0.048207,0.049664
1.3912e-13,0.048171,0.049686
1.2628e-13,0.048138,0.049709
1.1229e-13,0.048107,0.049734
9.7169e-14,0.048079,0.04976
8.0907e-14,0.048053,0.049787
6.3516e-14,0.048029,0.049815
4.5012e-14,0.048008,0.049845
2.5416e-14,0.047989,0.049876
4.751e-15,0.047973,0.049907
-1.695e-14,0.047958,0.04994
-3.9652e-14,0.047946,0.049973
-6.3311e-14,0.047937,0.050007
-8.7878e-14,0.047929,0.050041
-1.133e-13,0.047923,0.050077
-1.3952e-13,0.04792,0.050112
-1.6646e-13,0.047918,0.050149
-1.9406e-13,0.047919,0.050185
-2.2223e-13,0.047921,0.050222
-2.5088e-13,0.047924,0.050259
-2.7994e-13,0.04793,0.050297
-3.0929e-13,0.047936,0.050334
-3.3884e-13,0.047944,0.050372
-3.6848e-13,0.047953,0.050409
-3.9808e-13,0.047964,0.050446
-4.2753e-13,0.047975,0.050483
-4.567e-13,0.047987,0.05052
-4.8547e-13,0.048,0.050557
-5.1368e-13,0.048013,0.050593
-5.4121e-13,0.048027,0.050629
-5.679e-13,0.048041,0.050665
-5.9362e-13,0.048055,0.050699
-6.1819e-13,0.048069,0.050733
-6.4148e-13,0.048083,0.050767
-6.6332e-13,0.048097,0.0508
-6.8356e-13,0.04811,0.050831
-7.0203e-13,0.048123,0.050862
-7.1856e-13,0.048135,0.050892
-7.3301e-13,0.048147,0.050921
-7.452e-13,0.048157,0.050949
-7.5498e-13,0.048167,0.050976
-7.6219e-13,0.048176,0.051001
-7.6667e-13,0.048183,0.051026
-7.6828e-13,0.048189,0.051048
-7.6685e-13,0.048194,0.05107
-7.6226e-13,0.048198,0.05109
-7.5435e-13,0.0482,0.051108
-7.4301e-13,0.0482,0.051125
-7.281e-13,0.0482,0.05114
-7.0951e-13,0.048197,0.051153
-6.8714e-13,0.048193,0.051165
-6.6089e-13,0.048188,0.051174
-6.3067e-13,0.04818,0.051182
-5.9642e-13,0.048172,0.051188
-5.5807e-13,0.048162,0.051192
-5.1557e-13,0.04815,0.051194
-4.689e-13,0.048137,0.051194
-4.1803e-13,0.048122,0.051192
-3.6296e-13,0.048107,0.051188
-3.0372e-13,0.04809,0.051181
-2.4033e-13,0.048071,0.051172
-1.7285e-13,0.048052,0.051161
-1.0135e-13,0.048032,0.051148
-2.591e-14,0.048011,0.051133
5.3343e-14,0.047989,0.051115
1.3628e-13,0.047967,0.051095
2.2276e-13,0.047944,0.051072
3.1259e-13,0.047921,0.051047
4.0558e-13,0.047897,0.05102
5.0151e-13,0.047873,0.050991
6.0013e-13,0.04785,0.050959
7.0119e-13,0.047826,0.050925
8.0438e-13,0.047803,0.050889
9.0941e-13,0.047781,0.05085
1.0159e-12,0.047759,0.050809
1.1236e-12,0.047737,0.050766
1.232e-12,0.047717,0.050721
1.3408e-12,0.047697,0.050674
1.4495e-12,0.047679,0.050624
1.5577e-12,0.047661,0.050573
1.6649e-12,0.047646,0.05052
1.7707e-12,0.047631,0.050465
1.8745e-12,0.047618,0.050408
1.9758e-12,0.047607,0.050349
2.0742e-12,0.047598,0.050289
2.169e-12,0.04759,0.050228
2.2597e-12,0.047584,0.050165
2.3457e-12,0.04758,0.050101
2.4265e-12,0.047578,0.050036
2.5015e-12,0.047579,0.049969
2.57e-12,0.047581,0.049902
2.6315e-12,0.047585,0.049834
2.6854e-12,0.047592,0.049765
2.7311e-12,0.0476,0.049696
2.768e-12,0.047611,0.049627
2.7955e-12,0.047624,0.049557
2.8131e-12,0.047638,0.049488
2.8201e-12,0.047655,0.049418
2.8162e-12,0.047674,0.049349
2.8006e-12,0.047695,0.049281
2.7729e-12,0.047718,0.049212
2.7327e-12,0.047742,0.049145
2.6794e-12,0.047768,0.049079
2.6127e-12,0.047796,0.049013
2.5321e-12,0.047825,0.048949
2.4373e-12,0.047856,0.048887
2.328e-12,0.047889,0.048825
2.2039e-12,0.047922,0.048766
2.0647e-12,0.047957,0.048708
1.9104e-12,0.047993,0.048652
1.7407e-12,0.048029,0.048599
1.5557e-12,0.048067,0.048547
1.3552e-12,0.048105,0.048498
1.1394e-12,0.048144,0.048451
9.0837e-13,0.048184,0.048407
6.6228e-13,0.048224,0.048365
4.0139e-13,0.048264,0.048326
1.2604e-13,0.048304,0.04829
-1.6338e-13,0.048345,0.048257
-4.664e-13,0.048385,0.048226
-7.8245e-13,0.048426,0.048198
-1.1109e-12,0.048466,0.048173
-1.451e-12,0.048506,0.048151
-1.802e-12,0.048545,0.048132
-2.163e-12,0.048584,0.048116
-2.5331e-12,0.048623,0.048102
-2.9111e-12,0.04866,0.048092
-3.2959e-12,0.048698,0.048084
-3.6864e-12,0.048734,0.048078
-4.0812e-12,0.048769,0.048076
-4.479e-12,0.048804,0.048076
-4.8782e-12,0.048838,0.048078
-5.2773e-12,0.048871,0.048083
-5.6748e-12,0.048903,0.04809
-6.0689e-12,0.048933,0.048099
-6.4578e-12,0.048963,0.048111
-6.8398e-12,0.048992,0.048124
-7.2129e-12,0.04902,0.048139
-7.5753e-12,0.049047,0.048155
-7.9248e-12,0.049072,0.048174
-8.2595e-12,0.049097,0.048193
-8.5773e-12,0.04912,0.048214
-8.8761e-12,0.049143,0.048236
-9.1537e-12,0.049165,0.048259
-9.4079e-12,0.049185,0.048283
-9.6366e-12,0.049205,0.048307
-9.8376e-12,0.049224,0.048332
-1.0009e-11,0.049241,0.048358
-1.0148e-11,0.049258,0.048384
-1.0253e-11,0.049274,0.04841
-1.0321e-11,0.049289,0.048436
-1.0352e-11,0.049304,0.048463
-1.0341e-11,0.049318,0.048489
-1.0289e-11,0.04933,0.048515
-1.0192e-11,0.049343,0.048541
-1.005e-11,0.049354,0.048567
-9.8595e-12,0.049365,0.048592
-9.62e-12,0.049375,0.048617
-9.3298e-12,0.049385,0.048641
-8.9876e-12,0.049394,0.048665
-8.5921e-12,0.049402,0.048688
-8.1425e-12,0.04941,0.04871
-7.6378e-12,0.049417,0.048732
-7.0774e-12,0.049424,0.048753
-6.4608e-12,0.04943,0.048773
-5.7876e-12,0.049435,0.048793
-5.0579e-12,0.04944,0.048812
-4.2719e-12,0.049445,0.04883
-3.4298e-12,0.049448,0.048847
-2.5325e-12,0.049452,0.048863
-1.5806e-12,0.049454,0.048879
-5.7558e-13,0.049456,0.048894
4.813e-13,0.049457,0.048908
1.5883e-12,0.049458,0.048922
2.7433e-12,0.049458,0.048934
3.9442e-12,0.049457,0.048946
5.1882e-12,0.049455,0.048958
6.4725e-12,0.049453,0.048968
7.7939e-12,0.04945,0.048978
9.1488e-12,0.049446,0.048988
1.0533e-11,0.049441,0.048997
1.1944e-11,0.049435,0.049005
1.3375e-11,0.049428,0.049013
1.4823e-11,0.04942,0.04902
1.6282e-11,0.049411,0.049027
1.7747e-11,0.049401,0.049033
1.9213e-11,0.049389,0.049039
2.0673e-11,0.049377,0.049045
2.2121e-11,0.049363,0.04905
2.3551e-11,0.049349,0.049055
2.4956e-11,0.049333,0.049059
2.633e-11,0.049316,0.049064
2.7665e-11,0.049297,0.049068
2.8953e-11,0.049278,0.049072
3.0189e-11,0.049257,0.049075
3.1362e-11,0.049234,0.049079
3.2467e-11,0.049211,0.049082
3.3495e-11,0.049186,0.049085
3.4438e-11,0.04916,0.049088
3.5288e-11,0.049132,0.049091
3.6037e-11,0.049103,0.049094
3.6678e-11,0.049073,0.049097
3.7202e-11,0.049042,0.0491
3.7601e-11,0.04901,0.049102
3.7868e-11,0.048976,0.049105
3.7994e-11,0.048942,0.049107
3.7974e-11,0.048906,0.04911
3.7799e-11,0.048869,0.049113
3.7462e-11,0.048831,0.049115
3.6957e-11,0.048792,0.049118
3.6278e-11,0.048752,0.049121
3.5419e-11,0.048712,0.049124
3.4374e-11,0.048671,0.049127
3.3139e-11,0.048628,0.04913
3.1709e-11,0.048586,0.049133
3.008e-11,0.048542,0.049136
2.825e-11,0.048499,0.04914
2.6215e-11,0.048454,0.049143
2.3974e-11,0.04841,0.049147
2.1526e-11,0.048365,0.049151
1.887e-11,0.04832,0.049155
1.6007e-11,0.048275,0.04916
1.2938e-11,0.04823,0.049164
9.6658e-12,0.048185,0.049169
6.1935e-12,0.04814,0.049174
2.5251e-12,0.048096,0.049179
-1.3341e-12,0.048052,0.049185
-5.378e-12,0.048008,0.049191
-9.5992e-12,0.047965,0.049197
-1.3989e-11,0.047923,0.049203
-1.8539e-11,0.047881,0.04921
-2.3238e-11,0.047841,0.049217
-2.8075e-11,0.047801,0.049224
-3.3036e-11,0.047762,0.049232
-3.8107e-11,0.047725,0.04924
-4.3275e-11,0.047689,0.049249
-4.8522e-11,0.047654,0.049257
-5.383e-11,0.04762,0.049267
-5.9183e-11,0.047588,0.049276
-6.456e-11,0.047558,0.049286
-6.9941e-11,0.047529,0.049296
-7.5303e-11,0.047502,0.049307
-8.0626e-11,0.047478,0.049318
-8.5884e-11,0.047455,0.049329
-9.1054e-11,0.047434,0.04934
-9.6111e-11,0.047415,0.049352
-1.0103e-10,0.047398,0.049364
-1.0578e-10,0.047384,0.049376
-1.1033e-10,0.047372,0.049389
-1.1467e-10,0.047362,0.049401
-1.1875e-10,0.047354,0.049414
-1.2256e-10,0.04735,0.049427
-1.2606e-10,0.047347,0.04944
-1.2922e-10,0.047348,0.049453
-1.3201e-10,0.04735,0.049466
-1.344e-10,0.047356,0.049479
-1.3638e-10,0.047364,0.049491
-1.3789e-10,0.047375,0.049504
-1.3893e-10,0.047388,0.049516
-1.3945e-10,0.047404,0.049528
-1.3943e-10,0.047423,0.04954
-1.3885e-10,0.047445,0.049551
-1.3768e-10,0.047469,0.049562
-1.359e-10,0.047495,0.049573
-1.3348e-10,0.047525,0.049582
-1.304e-10,0.047557,0.049592
-1.2664e-10,0.047591,0.0496
-1.2218e-10,0.047628,0.049608
-1.1701e-10,0.047667,0.049615
-1.1111e-10,0.047708,0.049621
-1.0447e-10,0.047752,0.049627
-9.7085e-11,0.047798,0.049631
-8.8941e-11,0.047846,0.049634
-8.0037e-11,0.047896,0.049636
-7.037e-11,0.047947,0.049638
-5.9943e-11,0.048001,0.049638
-4.876e-11,0.048056,0.049636
-3.683e-11,0.048113,0.049634
-2.4163e-11,0.048171,0.04963
-1.0774e-11,0.04823,0.049625
3.3172e-12,0.04829,0.049619
1.8089e-11,0.048351,0.049611
3.3515e-11,0.048413,0.049602
4.9565e-11,0.048476,0.049592
6.6205e-11,0.048539,0.04958
8.3397e-11,0.048602,0.049566
1.011e-10,0.048666,0.049552
1.1926e-10,0.048729,0.049536
1.3784e-10,0.048793,0.049518
1.5677e-10,0.048856,0.049499
1.76e-10,0.048919,0.049479
1.9547e-10,0.04898,0.049458
2.151e-10,0.049042,0.049435
2.3484e-10,0.049102,0.049411
2.5459e-10,0.049161,0.049386
2.7429e-10,0.049218,0.049359
2.9385e-10,0.049274,0.049332
3.1318e-10,0.049329,0.049303
3.322e-10,0.049381,0.049274
3.5081e-10,0.049432,0.049244
3.6892e-10,0.049481,0.049213
3.8643e-10,0.049527,0.049181
4.0324e-10,0.049572,0.049149
4.1924e-10,0.049613,0.049117
4.3434e-10,0.049653,0.049084
4.4843e-10,0.049689,0.04905
4.6139e-10,0.049723,0.049017
4.7313e-10,0.049754,0.048984
4.8354e-10,0.049782,0.04895
4.925e-10,0.049807,0.048917
4.9991e-10,0.049828,0.048884
5.0566e-10,0.049847,0.048852
5.0966e-10,0.049863,0.04882
5.1178e-10,0.049875,0.048789
5.1195e-10,0.049884,0.048759
5.1005e-10,0.04989,0.048729
5.06e-10,0.049893,0.048701
4.997e-10,0.049892,0.048674
4.9106e-10,0.049888,0.048648
4.8002e-10,0.049881,0.048624
4.665e-10,0.04987,0.048601
4.5042e-10,0.049857,0.048579
4.3173e-10,0.04984,0.04856
4.1037e-10,0.04982,0.048542
3.863e-10,0.049797,0.048526
3.5948e-10,0.04977,0.048512
3.2989e-10,0.049741,0.0485
2.9751e-10,0.049709,0.04849
2.6233e-10,0.049674,0.048482
2.2436e-10,0.049636,0.048476
1.8361e-10,0.049595,0.048473
1.4011e-10,0.049552,0.048472
9.3905e-11,0.049506,0.048473
4.5043e-11,0.049458,0.048476
-6.4063e-12,0.049407,0.048482
-6.0364e-11,0.049353,0.04849
-1.1673e-10,0.049298,0.0485
-1.7541e-10,0.04924,0.048512
-2.3626e-10,0.04918,0.048527
-2.9916e-10,0.049118,0.048543
-3.6394e-10,0.049055,0.048562
-4.3044e-10,0.048989,0.048583
-4.9847e-10,0.048922,0.048605
-5.6784e-10,0.048852,0.048629
-6.3833e-10,0.048782,0.048655
-7.0971e-10,0.04871,0.048683
-7.8173e-10,0.048636,0.048712
-8.5414e-10,0.048561,0.048743
-9.2666e-10,0.048485,0.048774
-9.99e-10,0.048408,0.048807
-1.0709e-09,0.04833,0.04884
-1.1419e-09,0.048251,0.048875
-1.2119e-09,0.048171,0.048909
-1.2804e-09,0.04809,0.048945
-1.3471e-09,0.048008,0.04898
-1.4116e-09,0.047926,0.049016
-1.4736e-09,0.047844,0.049051
-1.5327e-09,0.047761,0.049086
-1.5885e-09,0.047677,0.049121
-1.6407e-09,0.047594,0.049155
-1.6887e-09,0.04751,0.049188
-1.7323e-09,0.047427,0.049221
-1.7711e-09,0.047343,0.049252
-1.8046e-09,0.04726,0.049281
-1.8324e-09,0.047177,0.049309
-1.8542e-09,0.047094,0.049336
-1.8696e-09,0.047012,0.04936
-1.8782e-09,0.04693,0.049383
-1.8796e-09,0.046849,0.049403
-1.8735e-09,0.046769,0.049421
-1.8595e-09,0.04669,0.049437
-1.8373e-09,0.046612,0.04945
-1.8065e-09,0.046535,0.049461
-1.767e-09,0.046459,0.049469
-1.7183e-09,0.046384,0.049473
-1.6603e-09,0.046311,0.049475
-1.5928e-09,0.046239,0.049474
-1.5155e-09,0.046169,0.04947
-1.4282e-09,0.046101,0.049463
-1.3309e-09,0.046035,0.049453
-1.2234e-09,0.04597,0.049439
-1.1056e-09,0.045907,0.049423
-9.776e-10,0.045847,0.049403
-8.3932e-10,0.045789,0.04938
-6.9084e-10,0.045733,0.049355
-5.3226e-10,0.04568,0.049326
-3.6372e-10,0.045629,0.049294
-1.8541e-10,0.04558,0.049259
2.4335e-12,0.045535,0.049222
1.9952e-10,0.045492,0.049182
4.055e-10,0.045451,0.04914
6.1998e-10,0.045414,0.049095
8.4251e-10,0.04538,0.049048
1.0726e-09,0.045348,0.048998
1.3097e-09,0.04532,0.048947
1.5531e-09,0.045295,0.048895
1.8023e-09,0.045273,0.048841
2.0565e-09,0.045254,0.048785
2.3148e-09,0.045239,0.048729
2.5765e-09,0.045227,0.048671
2.8407e-09,0.045218,0.048614
3.1064e-09,0.045213,0.048555
3.3726e-09,0.045211,0.048497
3.6383e-09,0.045212,0.048439
3.9023e-09,0.045217,0.048381
4.1636e-09,0.045226,0.048324
4.4209e-09,0.045238,0.048269
4.673e-09,0.045253,0.048214
4.9187e-09,0.045272,0.048161
5.1565e-09,0.045294,0.04811
5.3852e-09,0.04532,0.048061
5.6034e-09,0.045349,0.048015
5.8096e-09,0.045382,0.047971
6.0025e-09,0.045418,0.047931
6.1807e-09,0.045458,0.047893
6.3426e-09,0.045501,0.04786
6.4869e-09,0.045547,0.04783
6.612e-09,0.045597,0.047805
6.7165e-09,0.045649,0.047784
6.7991e-09,0.045705,0.047767
6.8582e-09,0.045764,0.047756
6.8925e-09,0.045826,0.04775
6.9006e-09,0.045891,0.047749
6.8812e-09,0.045959,0.047755
6.833e-09,0.046029,0.047766
6.7548e-09,0.046103,0.047783
6.6455e-09,0.046178,0.047806
6.5039e-09,0.046257,0.047836
6.329e-09,0.046337,0.047872
6.1199e-09,0.04642,0.047916
5.8758e-09,0.046505,0.047966
5.5959e-09,0.046592,0.048023
5.2796e-09,0.046681,0.048087
4.9263e-09,0.046771,0.048158
4.5358e-09,0.046863,0.048237
4.1077e-09,0.046956,0.048322
3.6418e-09,0.047051,0.048415
3.1384e-09,0.047146,0.048515
2.5974e-09,0.047243,0.048623
2.0193e-09,0.04734,0.048737
1.4046e-09,0.047438,0.048858
7.539e-10,0.047536,0.048986
6.8137e-11,0.047634,0.049121
-6.5167e-10,0.047732,0.049262
-1.4043e-09,0.04783,0.049409
-2.1883e-09,0.047927,0.049563
-3.002e-09,0.048024,0.049722
-3.8437e-09,0.04812,0.049887
-4.7113e-09,0.048215,0.050058
-5.6025e-09,0.048309,0.050233
-6.515e-09,0.048402,0.050412
-7.4461e-09,0.048493,0.050596
-8.3929e-09,0.048582,0.050784
-9.3524e-09,0.048669,0.050975
-1.0321e-08,0.048754,0.051169
-1.1296e-08,0.048836,0.051365
-1.2273e-08,0.048916,0.051564
-1.3249e-08,0.048994,0.051763
-1.4219e-08,0.049068,0.051964
-1.518e-08,0.049139,0.052165
-1.6126e-08,0.049207,0.052366
-1.7054e-08,0.049272,0.052566
-1.7958e-08,0.049332,0.052764
-1.8834e-08,0.049389,0.052961
-1.9678e-08,0.049442,0.053154
-2.0483e-08,0.049491,0.053345
-2.1245e-08,0.049536,0.053531
-2.1959e-08,0.049576,0.053713
-2.2619e-08,0.049612,0.05389
-2.322e-08,0.049643,0.054061
-2.3757e-08,0.04967,0.054226
-2.4224e-08,0.049691,0.054383
-2.4616e-08,0.049708,0.054532
-2.4928e-08,0.04972,0.054674
-2.5155e-08,0.049726,0.054806
-2.5291e-08,0.049727,0.054928
-2.5331e-08,0.049723,0.05504
-2.5271e-08,0.049714,0.055142
-2.5106e-08,0.0497,0.055232
-2.4831e-08,0.049681,0.05531
-2.4442e-08,0.049656,0.055375
-2.3935e-08,0.049626,0.055428
-2.3307e-08,0.04959,0.055468
-2.2553e-08,0.04955,0.055494
-2.1671e-08,0.049505,0.055506
-2.0657e-08,0.049454,0.055503
-1.9511e-08,0.049399,0.055486
-1.8229e-08,0.049339,0.055454
-1.681e-08,0.049275,0.055407
-1.5253e-08,0.049206,0.055345
-1.3558e-08,0.049132,0.055267
-1.1725e-08,0.049055,0.055174
-9.7536e-09,0.048974,0.055065
-7.6461e-09,0.048889,0.054941
-5.4037e-09,0.0488,0.054802
-3.0292e-09,0.048709,0.054648
-5.2537e-10,0.048614,0.054479
2.1038e-09,0.048517,0.054295
4.854e-09,0.048418,0.054098
7.72e-09,0.048316,0.053886
1.0696e-08,0.048213,0.053662
1.3775e-08,0.048109,0.053424
1.695e-08,0.048003,0.053174
2.0213e-08,0.047897,0.052913
2.3555e-08,0.04779,0.05264
2.6967e-08,0.047683,0.052357
3.0437e-08,0.047576,0.052065
3.3955e-08,0.04747,0.051764
3.7509e-08,0.047366,0.051455
4.1087e-08,0.047262,0.051138
4.4674e-08,0.04716,0.050816
4.8257e-08,0.04706,0.050488
5.1822e-08,0.046962,0.050156
5.5353e-08,0.046866,0.04982
5.8834e-08,0.046774,0.049481
6.2248e-08,0.046684,0.049141
6.5579e-08,0.046598,0.0488
6.8809e-08,0.046515,0.048459
7.1919e-08,0.046437,0.04812
7.4892e-08,0.046362,0.047782
7.7709e-08,0.046291,0.047448
8.035e-08,0.046225,0.047117
8.2796e-08,0.046164,0.046791
8.5028e-08,0.046107,0.04647
8.7025e-08,0.046054,0.046156
8.877e-08,0.046007,0.045849
9.0241e-08,0.045964,0.045549
9.142e-08,0.045927,0.045258
9.2287e-08,0.045894,0.044976
9.2824e-08,0.045867,0.044704
9.3012e-08,0.045844,0.044443
9.2833e-08,0.045827,0.044192
9.227e-08,0.045814,0.043952
9.1306e-08,0.045807,0.043724
8.9925e-08,0.045804,0.043509
8.8113e-08,0.045806,0.043305
8.5855e-08,0.045813,0.043115
8.3139e-08,0.045824,0.042937
7.9952e-08,0.045839,0.042773
7.6286e-08,0.045859,0.042622
7.213e-08,0.045883,0.042484
6.7478e-08,0.045911,0.042359
6.2325e-08,0.045942,0.042248
5.6665e-08,0.045977,0.04215
5.0497e-08,0.046016,0.042066
4.3821e-08,0.046058,0.041994
3.6639e-08,0.046103,0.041935
2.8956e-08,0.04615,0.041888
2.0776e-08,0.046201,0.041854
1.211e-08,0.046253,0.041832
2.9676e-09,0.046308,0.041821
-6.6371e-09,0.046365,0.041822
-1.6688e-08,0.046424,0.041834
-2.7167e-08,0.046485,0.041856
-3.8052e-08,0.046546,0.041888
-4.932e-08,0.046609,0.041929
-6.0944e-08,0.046674,0.04198
-7.2894e-08,0.046739,0.042039
-8.5138e-08,0.046804,0.042107
-9.7641e-08,0.04687,0.042182
-1.1037e-07,0.046936,0.042263
-1.2327e-07,0.047003,0.042352
-1.3631e-07,0.047069,0.042446
-1.4945e-07,0.047135,0.042546
-1.6263e-07,0.047201,0.042651
-1.758e-07,0.047266,0.042761
-1.8891e-07,0.047331,0.042874
-2.019e-07,0.047395,0.042991
-2.1472e-07,0.047458,0.04311
-2.273e-07,0.04752,0.043233
-2.3958e-07,0.047581,0.043357
-2.515e-07,0.047641,0.043483
-2.6299e-07,0.047699,0.04361
-2.7398e-07,0.047756,0.043738
-2.8441e-07,0.047812,0.043867
-2.9421e-07,0.047866,0.043995
-3.033e-07,0.047918,0.044123
-3.1161e-07,0.047969,0.044251
-3.1908e-07,0.048019,0.044378
-3.2562e-07,0.048066,0.044504
-3.3118e-07,0.048112,0.044628
-3.3567e-07,0.048157,0.044751
-3.3903e-07,0.048199,0.044873
-3.4118e-07,0.04824,0.044992
-3.4207e-07,0.048279,0.045109
-3.4162e-07,0.048317,0.045224
-3.3977e-07,0.048353,0.045336
-3.3646e-07,0.048387,0.045446
-3.3163e-07,0.048419,0.045554
-3.2523e-07,0.04845,0.045659
-3.172e-07,0.04848,0.045761
-3.075e-07,0.048508,0.045861
-2.9608e-07,0.048534,0.045958
-2.8292e-07,0.048559,0.046053
-2.6796e-07,0.048583,0.046144
-2.512e-07,0.048606,0.046233
-2.326e-07,0.048627,0.04632
-2.1215e-07,0.048648,0.046403
-1.8984e-07,0.048667,0.046485
-1.6568e-07,0.048686,0.046563
-1.3967e-07,0.048704,0.046639
-1.1182e-07,0.04872,0.046713
-8.2162e-08,0.048737,0.046785
-5.0721e-08,0.048753,0.046854
-1.7539e-08,0.048768,0.04692
1.7336e-08,0.048783,0.046985
5.3844e-08,0.048798,0.047047
9.1918e-08,0.048812,0.047107
1.3148e-07,0.048827,0.047165
1.7244e-07,0.048841,0.04722
2.1471e-07,0.048856,0.047274
2.5817e-07,0.048871,0.047325
3.0271e-07,0.048886,0.047375
3.482e-07,0.048901,0.047422
3.945e-07,0.048917,0.047467
4.4147e-07,0.048934,0.047511
4.8894e-07,0.048951,0.047552
5.3675e-07,0.048968,0.047591
5.8471e-07,0.048987,0.047628
6.3265e-07,0.049006,0.047663
6.8037e-07,0.049026,0.047696
7.2765e-07,0.049047,0.047727
7.7429e-07,0.049069,0.047756
8.2007e-07,0.049091,0.047783
8.6476e-07,0.049115,0.047807
9.0811e-07,0.04914,0.047829
9.499e-07,0.049165,0.047849
9.8986e-07,0.049192,0.047867
1.0278e-06,0.049219,0.047882
1.0633e-06,0.049248,0.047896
1.0963e-06,0.049277,0.047906
1.1264e-06,0.049307,0.047915
1.1534e-06,0.049338,0.047921
1.1771e-06,0.04937,0.047925
1.1971e-06,0.049403,0.047927
1.2132e-06,0.049436,0.047926
1.2251e-06,0.04947,0.047922
1.2326e-06,0.049504,0.047917
1.2355e-06,0.049539,0.047909
1.2334e-06,0.049575,0.047899
1.2262e-06,0.04961,0.047887
1.2137e-06,0.049646,0.047872
1.1955e-06,0.049682,0.047856
1.1716e-06,0.049718,0.047837
1.1417e-06,0.049754,0.047816
1.1057e-06,0.04979,0.047793
1.0634e-06,0.049826,0.047769
1.0146e-06,0.049861,0.047742
9.5925e-07,0.049896,0.047714
8.9726e-07,0.04993,0.047684
8.2853e-07,0.049963,0.047653
7.5301e-07,0.049996,0.04762
6.7068e-07,0.050027,0.047586
5.8153e-07,0.050058,0.047551
4.8559e-07,0.050087,0.047515
3.8292e-07,0.050115,0.047479
2.736e-07,0.050141,0.047441
1.5776e-07,0.050166,0.047403
3.5535e-08,0.05019,0.047364
-9.2878e-08,0.050212,0.047325
-2.2726e-07,0.050231,0.047287
-3.6736e-07,0.050249,0.047248
-5.1288e-07,0.050265,0.047209
-6.6349e-07,0.050279,0.047171
-8.1883e-07,0.050291,0.047134
-9.7849e-07,0.050301,0.047097
-1.142e-06,0.050308,0.047062
-1.3089e-06,0.050313,0.047027
-1.4787e-06,0.050316,0.046994
-1.6508e-06,0.050316,0.046963
-1.8246e-06,0.050313,0.046933
-1.9995e-06,0.050308,0.046905
-2.1747e-06,0.050301,0.046879
-2.3496e-06,0.050291,0.046855
-2.5235e-06,0.050279,0.046834
-2.6955e-06,0.050264,0.046815
-2.8648e-06,0.050246,0.046799
-3.0306e-06,0.050226,0.046786
-3.192e-06,0.050204,0.046776
-3.3481e-06,0.050179,0.046768
-3.4979e-06,0.050151,0.046764
-3.6405e-06,0.050122,0.046764
-3.775e-06,0.05009,0.046766
-3.9002e-06,0.050055,0.046772
-4.0152e-06,0.050019,0.046782
-4.1189e-06,0.04998,0.046796
-4.2104e-06,0.049939,0.046813
-4.2885e-06,0.049897,0.046834
-4.3522e-06,0.049852,0.046858
-4.4005e-06,0.049806,0.046887
-4.4322e-06,0.049758,0.046919
-4.4464e-06,0.049709,0.046955
-4.4421e-06,0.049657,0.046995
-4.4181e-06,0.049605,0.047039
-4.3736e-06,0.049551,0.047087
-4.3075e-06,0.049496,0.047138
-4.2189e-06,0.04944,0.047193
-4.107e-06,0.049383,0.047252
-3.9708e-06,0.049326,0.047314
-3.8095e-06,0.049267,0.04738
-3.6224e-06,0.049208,0.047449
-3.4087e-06,0.049148,0.047521
-3.1678e-06,0.049088,0.047597
-2.8991e-06,0.049028,0.047675
-2.6021e-06,0.048967,0.047756
-2.2763e-06,0.048907,0.047841
-1.9213e-06,0.048846,0.047927
-1.5369e-06,0.048785,0.048017
-1.1228e-06,0.048725,0.048108
-6.7893e-07,0.048665,0.048202
-2.0529e-07,0.048606,0.048298
2.9807e-07,0.048547,0.048395
8.3097e-07,0.048489,0.048494
1.3931e-06,0.048432,0.048595
1.9841e-06,0.048375,0.048697
2.6035e-06,0.048319,0.0488
3.2507e-06,0.048265,0.048903
3.9248e-06,0.048212,0.049008
4.6251e-06,0.048159,0.049112
5.3507e-06,0.048109,0.049217
6.1004e-06,0.048059,0.049322
6.8731e-06,0.048011,0.049427
7.6674e-06,0.047965,0.049532
8.4819e-06,0.04792,0.049635
9.3151e-06,0.047877,0.049738
1.0165e-05,0.047836,0.04984
1.1031e-05,0.047797,0.049941
1.191e-05,0.04776,0.05004
1.28e-05,0.047724,0.050137
1.37e-05,0.047691,0.050233
1.4607e-05,0.04766,0.050327
1.5519e-05,0.047631,0.050418
1.6434e-05,0.047604,0.050507
1.7349e-05,0.04758,0.050593
1.8261e-05,0.047557,0.050677
1.917e-05,0.047538,0.050757
2.007e-05,0.04752,0.050835
2.0961e-05,0.047505,0.050909
2.184e-05,0.047493,0.050979
2.2703e-05,0.047483,0.051047
2.3549e-05,0.047475,0.05111
2.4374e-05,0.04747,0.05117
2.5176e-05,0.047468,0.051225
2.5952e-05,0.047468,0.051277
2.67e-05,0.047471,0.051325
2.7417e-05,0.047477,0.051368
2.8101e-05,0.047485,0.051408
2.875e-05,0.047495,0.051443
2.936e-05,0.047509,0.051474
2.9931e-05,0.047524,0.0515
3.0459e-05,0.047543,0.051522
3.0943e-05,0.047564,0.05154
3.1381e-05,0.047587,0.051553
3.1772e-05,0.047613,0.051562
3.2114e-05,0.047642,0.051567
3.2405e-05,0.047673,0.051567
3.2645e-05,0.047706,0.051563
3.2833e-05,0.047742,0.051555
3.2967e-05,0.04778,0.051543
3.3048e-05,0.04782,0.051527
3.3075e-05,0.047862,0.051507
3.3048e-05,0.047907,0.051483
3.2967e-05,0.047953,0.051456
3.2833e-05,0.048002,0.051424
3.2645e-05,0.048053,0.05139
3.2405e-05,0.048105,0.051351
3.2114e-05,0.048159,0.05131
3.1772e-05,0.048215,0.051265
3.1381e-05,0.048273,0.051217
3.0943e-05,0.048332,0.051167
3.0459e-05,0.048392,0.051113
2.9931e-05,0.048454,0.051057
2.936e-05,0.048517,0.050999
2.875e-05,0.048581,0.050938
2.8101e-05,0.048646,0.050875
2.7417e-05,0.048712,0.05081
2.67e-05,0.048778,0.050743
2.5952e-05,0.048845,0.050675
2.5176e-05,0.048913,0.050605
2.4374e-05,0.048981,0.050534
2.3549e-05,0.049049,0.050462
2.2703e-05,0.049117,0.050389
2.184e-05,0.049185,0.050315
2.0961e-05,0.049252,0.05024
2.007e-05,0.049319,0.050165
1.917e-05,0.049386,0.05009
1.8261e-05,0.049451,0.050015
1.7349e-05,0.049516,0.049939
1.6434e-05,0.049579,0.049865
1.5519e-05,0.049641,0.04979
1.4607e-05,0.049702,0.049717
1.37e-05,0.049761,0.049644
1.28e-05,0.049818,0.049573
1.191e-05,0.049873,0.049502
1.1031e-05,0.049926,0.049433
1.0165e-05,0.049976,0.049366
9.3151e-06,0.050024,0.049301
8.4819e-06,0.050069,0.049237
7.6674e-06,0.050111,0.049176
6.8731e-06,0.050151,0.049116
6.1004e-06,0.050187,0.04906
5.3507e-06,0.05022,0.049006
4.6251e-06,0.05025,0.048955
3.9248e-06,0.050276,0.048906
3.2507e-06,0.050299,0.048861
2.6035e-06,0.050318,0.048819
1.9841e-06,0.050334,0.04878
1.3931e-06,0.050346,0.048744
8.3097e-07,0.050354,0.048712
2.9807e-07,0.050358,0.048684
-2.0529e-07,0.050358,0.04866
-6.7893e-07,0.050355,0.048639
-1.1228e-06,0.050348,0.048622
-1.5369e-06,0.050337,0.048609
-1.9213e-06,0.050322,0.0486
-2.2763e-06,0.050304,0.048595
-2.6021e-06,0.050282,0.048595
-2.8991e-06,0.050256,0.048598
-3.1678e-06,0.050227,0.048605
-3.4087e-06,0.050195,0.048617
-3.6224e-06,0.050159,0.048632
-3.8095e-06,0.050121,0.048652
-3.9708e-06,0.050079,0.048676
-4.107e-06,0.050034,0.048703
-4.2189e-06,0.049987,0.048735
-4.3075e-06,0.049937,0.04877
-4.3736e-06,0.049885,0.04881
-4.4181e-06,0.04983,0.048853
-4.4421e-06,0.049774,0.048899
-4.4464e-06,0.049715,0.048949
-4.4322e-06,0.049655,0.049002
-4.4005e-06,0.049594,0.049058
-4.3522e-06,0.049531,0.049118
-4.2885e-06,0.049467,0.04918
-4.2104e-06,0.049403,0.049245
-4.1189e-06,0.049337,0.049313
-4.0152e-06,0.049271,0.049383
-3.9002e-06,0.049205,0.049455
-3.775e-06,0.049138,0.049529
-3.6405e-06,0.049071,0.049604
-3.4979e-06,0.049005,0.049682
-3.3481e-06,0.048939,0.04976
-3.192e-06,0.048874,0.04984
-3.0306e-06,0.048809,0.049921
-2.8648e-06,0.048745,0.050002
-2.6955e-06,0.048683,0.050084
-2.5235e-06,0.048621,0.050166
-2.3496e-06,0.048561,0.050248
-2.1747e-06,0.048502,0.05033
-1.9995e-06,0.048445,0.050411
-1.8246e-06,0.04839,0.050492
-1.6508e-06,0.048336,0.050572
-1.4787e-06,0.048285,0.050651
-1.3089e-06,0.048235,0.050729
-1.142e-06,0.048188,0.050805
-9.7849e-07,0.048143,0.050879
-8.1883e-07,0.0481,0.050952
-6.6349e-07,0.04806,0.051022
-5.1288e-07,0.048022,0.05109
-3.6736e-07,0.047986,0.051156
-2.2726e-07,0.047953,0.05122
-9.2878e-08,0.047923,0.05128
3.5535e-08,0.047895,0.051338
1.5776e-07,0.047869,0.051393
2.736e-07,0.047847,0.051444
3.8292e-07,0.047827,0.051493
4.8559e-07,0.04781,0.051538
5.8153e-07,0.047795,0.051579
6.7068e-07,0.047783,0.051618
7.5301e-07,0.047773,0.051652
8.2853e-07,0.047766,0.051683
8.9726e-07,0.047761,0.051711
9.5925e-07,0.047759,0.051735
1.0146e-06,0.04776,0.051755
1.0634e-06,0.047762,0.051772
1.1057e-06,0.047767,0.051785
1.1417e-06,0.047774,0.051795
1.1716e-06,0.047783,0.051801
1.1955e-06,0.047794,0.051804
1.2137e-06,0.047807,0.051804
1.2262e-06,0.047822,0.0518
1.2334e-06,0.047839,0.051793
1.2355e-06,0.047857,0.051783
1.2326e-06,0.047877,0.05177
1.2251e-06,0.047898,0.051755
1.2132e-06,0.04792,0.051737
1.1971e-06,0.047944,0.051716
1.1771e-06,0.047969,0.051694
1.1534e-06,0.047994,0.051669
1.1264e-06,0.048021,0.051642
1.0963e-06,0.048048,0.051614
1.0633e-06,0.048075,0.051584
1.0278e-06,0.048103,0.051553
9.8986e-07,0.048132,0.051521
9.499e-07,0.04816,0.051488
9.0811e-07,0.048188,0.051455
8.6476e-07,0.048217,0.051421
8.2007e-07,0.048245,0.051386
7.7429e-07,0.048272,0.051352
7.2765e-07,0.048299,0.051318
6.8037e-07,0.048326,0.051284
6.3265e-07,0.048351,0.05125
5.8471e-07,0.048376,0.051218
5.3675e-07,0.0484,0.051186
4.8894e-07,0.048422,0.051156
4.4147e-07,0.048443,0.051126
3.945e-07,0.048463,0.051098
3.482e-07,0.048481,0.051072
3.0271e-07,0.048498,0.051047
2.5817e-07,0.048513,0.051024
2.1471e-07,0.048527,0.051002
1.7244e-07,0.048538,0.050983
1.3148e-07,0.048547,0.050966
9.1918e-08,0.048555,0.050951
5.3844e-08,0.04856,0.050937
1.7336e-08,0.048564,0.050926
-1.7539e-08,0.048565,0.050918
-5.0721e-08,0.048563,0.050911
-8.2162e-08,0.04856,0.050906
-1.1182e-07,0.048554,0.050904
-1.3967e-07,0.048546,0.050904
-1.6568e-07,0.048536,0.050906
-1.8984e-07,0.048523,0.050909
-2.1215e-07,0.048508,0.050915
-2.326e-07,0.04849,0.050922
-2.512e-07,0.04847,0.050931
-2.6796e-07,0.048448,0.050942
-2.8292e-07,0.048424,0.050954
-2.9608e-07,0.048397,0.050968
-3.075e-07,0.048369,0.050983
-3.172e-07,0.048338,0.050999
-3.2523e-07,0.048305,0.051016
-3.3163e-07,0.04827,0.051033
-3.3646e-07,0.048233,0.051052
-3.3977e-07,0.048194,0.051071
-3.4162e-07,0.048154,0.05109
-3.4207e-07,0.048112,0.051109
-3.4118e-07,0.048068,0.051128
-3.3903e-07,0.048023,0.051147
-3.3567e-07,0.047977,0.051166
-3.3118e-07,0.047929,0.051185
-3.2562e-07,0.04788,0.051203
-3.1908e-07,0.04783,0.05122
-3.1161e-07,0.04778,0.051236
-3.033e-07,0.047728,0.051251
-2.9421e-07,0.047676,0.051265
-2.8441e-07,0.047623,0.051278
-2.7398e-07,0.04757,0.051289
-2.6299e-07,0.047517,0.051299
-2.515e-07,0.047464,0.051307
-2.3958e-07,0.04741,0.051313
-2.273e-07,0.047357,0.051318
-2.1472e-07,0.047304,0.051321
-2.019e-07,0.047252,0.051322
-1.8891e-07,0.0472,0.051321
-1.758e-07,0.047148,0.051318
-1.6263e-07,0.047097,0.051312
-1.4945e-07,0.047047,0.051305
-1.3631e-07,0.046998,0.051296
-1.2327e-07,0.046951,0.051284
-1.1037e-07,0.046904,0.051271
-9.7641e-08,0.046858,0.051255
-8.5138e-08,0.046814,0.051237
-7.2894e-08,0.046772,0.051217
-6.0944e-08,0.046731,0.051196
-4.932e-08,0.046692,0.051172
-3.8052e-08,0.046654,0.051146
-2.7167e-08,0.046618,0.051118
-1.6688e-08,0.046585,0.051088
-6.6371e-09,0.046553,0.051056
2.9676e-09,0.046523,0.051023
1.211e-08,0.046496,0.050987
2.0776e-08,0.04647,0.05095
2.8956e-08,0.046447,0.050912
3.6639e-08,0.046426,0.050872
4.3821e-08,0.046407,0.050831
5.0497e-08,0.046391,0.050788
5.6665e-08,0.046377,0.050744
6.2325e-08,0.046366,0.050699
6.7478e-08,0.046357,0.050653
7.213e-08,0.04635,0.050606
7.6286e-08,0.046346,0.050558
7.9952e-08,0.046344,0.050509
8.3139e-08,0.046345,0.05046
8.5855e-08,0.046348,0.05041
8.8113e-08,0.046353,0.050359
8.9925e-08,0.046361,0.050308
9.1306e-08,0.046371,0.050257
9.227e-08,0.046384,0.050206
9.2833e-08,0.046399,0.050154
9.3012e-08,0.046416,0.050102
9.2824e-08,0.046435,0.05005
9.2287e-08,0.046457,0.049999
9.142e-08,0.04648,0.049947
9.0241e-08,0.046506,0.049896
8.877e-08,0.046533,0.049845
8.7025e-08,0.046562,0.049794
8.5028e-08,0.046593,0.049744
8.2796e-08,0.046626,0.049694
8.035e-08,0.04666,0.049645
7.7709e-08,0.046696,0.049597
7.4892e-08,0.046733,0.049549
7.1919e-08,0.046771,0.049502
6.8809e-08,0.04681,0.049456
6.5579e-08,0.04685,0.04941
6.2248e-08,0.046891,0.049366
5.8834e-08,0.046933,0.049322
5.5353e-08,0.046976,0.04928
5.1822e-08,0.047018,0.049239
4.8257e-08,0.047061,0.049198
4.4674e-08,0.047104,0.049159
4.1087e-08,0.047147,0.049121
3.7509e-08,0.04719,0.049085
3.3955e-08,0.047233,0.049049
3.0437e-08,0.047275,0.049015
2.6967e-08,0.047316,0.048982
2.3555e-08,0.047356,0.048951
2.0213e-08,0.047396,0.048921
1.695e-08,0.047434,0.048893
1.3775e-08,0.047471,0.048866
1.0696e-08,0.047506,0.04884
7.72e-09,0.04754,0.048816
4.854e-09,0.047571,0.048794
2.1038e-09,0.047601,0.048773
-5.2537e-10,0.047629,0.048754
-3.0292e-09,0.047654,0.048737
-5.4037e-09,0.047677,0.048721
-7.6461e-09,0.047698,0.048707
-9.7536e-09,0.047716,0.048694
-1.1725e-08,0.047731,0.048684
-1.3558e-08,0.047743,0.048675
-1.5253e-08,0.047752,0.048668
-1.681e-08,0.047759,0.048662
-1.8229e-08,0.047762,0.048659
-1.9511e-08,0.047762,0.048657
-2.0657e-08,0.047759,0.048657
-2.1671e-08,0.047752,0.048659
-2.2553e-08,0.047743,0.048663
-2.3307e-08,0.04773,0.048669
-2.3935e-08,0.047713,0.048676
-2.4442e-08,0.047694,0.048685
-2.4831e-08,0.047671,0.048696
-2.5106e-08,0.047645,0.048709
-2.5271e-08,0.047616,0.048724
-2.5331e-08,0.047584,0.048741
-2.5291e-08,0.047549,0.048759
-2.5155e-08,0.047511,0.048779
-2.4928e-08,0.04747,0.048801
-2.4616e-08,0.047427,0.048824
-2.4224e-08,0.047381,0.04885
-2.3757e-08,0.047333,0.048877
-2.322e-08,0.047283,0.048905
-2.2619e-08,0.04723,0.048936
-2.1959e-08,0.047176,0.048967
-2.1245e-08,0.04712,0.049001
-2.0483e-08,0.047063,0.049036
-1.9678e-08,0.047005,0.049072
-1.8834e-08,0.046946,0.04911
-1.7958e-08,0.046886,0.049149
-1.7054e-08,0.046825,0.04919
-1.6126e-08,0.046764,0.049232
-1.518e-08,0.046703,0.049275
-1.4219e-08,0.046642,0.049319
-1.3249e-08,0.046582,0.049364
-1.2273e-08,0.046522,0.049411
-1.1296e-08,0.046463,0.049458
-1.0321e-08,0.046406,0.049507
-9.3524e-09,0.046349,0.049556
-8.3929e-09,0.046295,0.049606
-7.4461e-09,0.046242,0.049657
-6.515e-09,0.046191,0.049708
-5.6025e-09,0.046142,0.04976
-4.7113e-09,0.046096,0.049813
-3.8437e-09,0.046052,0.049866
-3.002e-09,0.046011,0.04992
-2.1883e-09,0.045973,0.049974
-1.4043e-09,0.045938,0.050028
-6.5167e-10,0.045907,0.050083
6.8137e-11,0.045879,0.050137
7.539e-10,0.045854,0.050192
1.4046e-09,0.045833,0.050247
2.0193e-09,0.045815,0.050302
2.5974e-09,0.045802,0.050357
3.1384e-09,0.045792,0.050411
3.6418e-09,0.045786,0.050466
4.1077e-09,0.045784,0.050521
4.5358e-09,0.045786,0.050575
4.9263e-09,0.045792,0.050629
5.2796e-09,0.045802,0.050682
5.5959e-09,0.045815,0.050735
5.8758e-09,0.045833,0.050788
6.1199e-09,0.045855,0.050841
6.329e-09,0.04588,0.050892
6.5039e-09,0.045909,0.050944
6.6455e-09,0.045942,0.050995
6.7548e-09,0.045979,0.051045
6.833e-09,0.046019,0.051094
6.8812e-09,0.046062,0.051143
6.9006e-09,0.046109,0.051192
6.8925e-09,0.046158,0.051239
6.8582e-09,0.046211,0.051286
6.7991e-09,0.046267,0.051333
6.7165e-09,0.046325,0.051378
6.612e-09,0.046386,0.051423
6.4869e-09,0.04645,0.051467
6.3426e-09,0.046515,0.051511
6.1807e-09,0.046583,0.051554
6.0025e-09,0.046653,0.051596
5.8096e-09,0.046724,0.051638
5.6034e-09,0.046797,0.051679
5.3852e-09,0.046871,0.05172
5.1565e-09,0.046946,0.05176
4.9187e-09,0.047022,0.051799
4.673e-09,0.047099,0.051838
4.4209e-09,0.047177,0.051877
4.1636e-09,0.047255,0.051915
3.9023e-09,0.047333,0.051953
3.6383e-09,0.04741,0.051991
3.3726e-09,0.047488,0.052028
3.1064e-09,0.047565,0.052065
2.8407e-09,0.047642,0.052102
2.5765e-09,0.047717,0.052139
2.3148e-09,0.047792,0.052175
2.0565e-09,0.047865,0.052212
1.8023e-09,0.047937,0.052248
1.5531e-09,0.048008,0.052285
1.3097e-09,0.048076,0.052322
1.0726e-09,0.048143,0.052359
8.4251e-10,0.048207,0.052396
6.1998e-10,0.04827,0.052433
4.055e-10,0.04833,0.05247
1.9952e-10,0.048387,0.052508
2.4335e-12,0.048442,0.052545
-1.8541e-10,0.048494,0.052583
-3.6372e-10,0.048543,0.052621
-5.3226e-10,0.048589,0.05266
-6.9084e-10,0.048632,0.052698
-8.3932e-10,0.048672,0.052737
-9.776e-10,0.048709,0.052776
-1.1056e-09,0.048742,0.052815
-1.2234e-09,0.048772,0.052855
-1.3309e-09,0.048799,0.052894
-1.4282e-09,0.048822,0.052934
-1.5155e-09,0.048842,0.052973
-1.5928e-09,0.048858,0.053013
-1.6603e-09,0.048871,0.053052
-1.7183e-09,0.048881,0.053092
-1.767e-09,0.048887,0.053131
-1.8065e-09,0.04889,0.053171
-1.8373e-09,0.048889,0.05321
-1.8595e-09,0.048886,0.053248
-1.8735e-09,0.048879,0.053287
-1.8796e-09,0.048869,0.053325
-1.8782e-09,0.048856,0.053363
-1.8696e-09,0.04884,0.0534
-1.8542e-09,0.048821,0.053436
-1.8324e-09,0.048799,0.053472
-1.8046e-09,0.048775,0.053508
-1.7711e-09,0.048748,0.053542
-1.7323e-09,0.048719,0.053576
-1.6887e-09,0.048687,0.053609
-1.6407e-09,0.048653,0.053641
-1.5885e-09,0.048617,0.053672
-1.5327e-09,0.048579,0.053702
-1.4736e-09,0.04854,0.053731
-1.4116e-09,0.048499,0.053759
-1.3471e-09,0.048456,0.053786
-1.2804e-09,0.048412,0.053812
-1.2119e-09,0.048367,0.053836
-1.1419e-09,0.048321,0.053859
-1.0709e-09,0.048274,0.053881
-9.99e-10,0.048226,0.053902
-9.2666e-10,0.048177,0.053921
-8.5414e-10,0.048129,0.053939
-7.8173e-10,0.048079,0.053956
-7.0971e-10,0.04803,0.053971
-6.3833e-10,0.047981,0.053985
-5.6784e-10,0.047932,0.053997
-4.9847e-10,0.047883,0.054009
-4.3044e-10,0.047834,0.054018
-3.6394e-10,0.047786,0.054027
-2.9916e-10,0.047738,0.054034
-2.3626e-10,0.047692,0.05404
-1.7541e-10,0.047646,0.054044
-1.1673e-10,0.047601,0.054047
-6.0364e-11,0.047557,0.054049
-6.4063e-12,0.047514,0.05405
4.5043e-11,0.047472,0.054049
9.3905e-11,0.047431,0.054047
1.4011e-10,0.047392,0.054044
1.8361e-10,0.047354,0.054041
2.2436e-10,0.047317,0.054036
2.6233e-10,0.047282,0.05403
2.9751e-10,0.047248,0.054023
3.2989e-10,0.047215,0.054016
3.5948e-10,0.047184,0.054007
3.863e-10,0.047154,0.053998
4.1037e-10,0.047126,0.053988
4.3173e-10,0.047099,0.053978
4.5042e-10,0.047074,0.053967
4.665e-10,0.047049,0.053956
4.8002e-10,0.047027,0.053944
4.9106e-10,0.047005,0.053932
4.997e-10,0.046985,0.05392
5.06e-10,0.046965,0.053908
5.1005e-10,0.046948,0.053895
5.1195e-10,0.046931,0.053883
5.1178e-10,0.046915,0.05387
5.0966e-10,0.0469,0.053858
5.0566e-10,0.046886,0.053846
4.9991e-10,0.046874,0.053834
4.925e-10,0.046862,0.053823
4.8354e-10,0.04685,0.053812
4.7313e-10,0.04684,0.053801
4.6139e-10,0.046831,0.053791
4.4843e-10,0.046822,0.053782
4.3434e-10,0.046814,0.053773
4.1924e-10,0.046806,0.053765
4.0324e-10,0.046799,0.053758
3.8643e-10,0.046793,0.053751
3.6892e-10,0.046788,0.053746
3.5081e-10,0.046783,0.053741
3.322e-10,0.046778,0.053737
3.1318e-10,0.046774,0.053735
2.9385e-10,0.046771,0.053733
2.7429e-10,0.046768,0.053733
2.5459e-10,0.046766,0.053734
2.3484e-10,0.046764,0.053736
2.151e-10,0.046763,0.053739
1.9547e-10,0.046763,0.053744
1.76e-10,0.046763,0.05375
1.5677e-10,0.046764,0.053757
1.3784e-10,0.046766,0.053766
1.1926e-10,0.046768,0.053776
1.011e-10,0.046772,0.053787
8.3397e-11,0.046776,0.0538
6.6205e-11,0.046781,0.053814
4.9565e-11,0.046787,0.053829
3.3515e-11,0.046794,0.053846
1.8089e-11,0.046803,0.053864
3.3172e-12,0.046812,0.053884
-1.0774e-11,0.046823,0.053904
-2.4163e-11,0.046835,0.053926
-3.683e-11,0.046849,0.05395
-4.876e-11,0.046864,0.053974
-5.9943e-11,0.04688,0.054
-7.037e-11,0.046899,0.054027
-8.0037e-11,0.046919,0.054055
-8.8941e-11,0.04694,0.054084
-9.7085e-11,0.046964,0.054113
-1.0447e-10,0.046989,0.054144
-1.1111e-10,0.047017,0.054175
-1.1701e-10,0.047047,0.054208
-1.2218e-10,0.047078,0.05424
-1.2664e-10,0.047112,0.054274
-1.304e-10,0.047148,0.054307
-1.3348e-10,0.047186,0.054341
-1.359e-10,0.047227,0.054376
-1.3768e-10,0.04727,0.05441
-1.3885e-10,0.047315,0.054445
-1.3943e-10,0.047362,0.054479
-1.3945e-10,0.047412,0.054514
-1.3893e-10,0.047464,0.054548
-1.3789e-10,0.047518,0.054582
-1.3638e-10,0.047575,0.054615
-1.344e-10,0.047634,0.054648
-1.3201e-10,0.047695,0.05468
-1.2922e-10,0.047758,0.054711
-1.2606e-10,0.047823,0.054742
-1.2256e-10,0.04789,0.054772
-1.1875e-10,0.047959,0.054801
-1.1467e-10,0.048029,0.054829
-1.1033e-10,0.048101,0.054855
-1.0578e-10,0.048175,0.054881
-1.0103e-10,0.04825,0.054905
-9.6111e-11,0.048326,0.054928
-9.1055e-11,0.048403,0.054949
-8.5884e-11,0.048481,0.054969
-8.0626e-11,0.048559,0.054988
-7.5304e-11,0.048638,0.055005
-6.9941e-11,0.048718,0.05502
-6.456e-11,0.048797,0.055034
-5.9183e-11,0.048876,0.055046
-5.3831e-11,0.048955,0.055057
-4.8522e-11,0.049034,0.055066
-4.3275e-11,0.049111,0.055073
-3.8108e-11,0.049188,0.055078
-3.3036e-11,0.049263,0.055082
-2.8075e-11,0.049337,0.055084
-2.3239e-11,0.04941,0.055085
-1.854e-11,0.04948,0.055084
-1.399e-11,0.049549,0.055081
-9.5994e-12,0.049615,0.055077
-5.3781e-12,0.049679,0.055071
-1.3342e-12,0.049741,0.055064
2.525e-12,0.049799,0.055055
6.1934e-12,0.049855,0.055045
9.6658e-12,0.049908,0.055033
1.2938e-11,0.049957,0.05502
1.6007e-11,0.050003,0.055006
1.887e-11,0.050046,0.05499
2.1526e-11,0.050085,0.054974
2.3974e-11,0.05012,0.054956
2.6215e-11,0.050152,0.054937
2.825e-11,0.050179,0.054918
3.0081e-11,0.050203,0.054897
3.1709e-11,0.050222,0.054876
3.3139e-11,0.050238,0.054854
3.4374e-11,0.05025,0.054831
3.5419e-11,0.050257,0.054808
3.6278e-11,0.050261,0.054784
3.6958e-11,0.05026,0.054759
3.7462e-11,0.050256,0.054735
3.7799e-11,0.050248,0.05471
3.7974e-11,0.050236,0.054684
3.7995e-11,0.05022,0.054659
3.7868e-11,0.0502,0.054633
3.7602e-11,0.050177,0.054608
3.7203e-11,0.05015,0.054582
3.6679e-11,0.05012,0.054556
3.6038e-11,0.050086,0.054531
3.5289e-11,0.05005,0.054505
3.4439e-11,0.050011,0.05448
3.3496e-11,0.049968,0.054455
3.2468e-11,0.049923,0.05443
3.1363e-11,0.049876,0.054406
3.019e-11,0.049826,0.054382
2.8955e-11,0.049775,0.054358
2.7666e-11,0.049721,0.054334
2.6331e-11,0.049665,0.054311
2.4958e-11,0.049608,0.054289
2.3552e-11,0.049549,0.054266
2.2122e-11,0.049489,0.054245
2.0674e-11,0.049429,0.054224
1.9214e-11,0.049367,0.054203
1.7748e-11,0.049304,0.054183
1.6283e-11,0.049241,0.054163
1.4824e-11,0.049178,0.054144
1.3376e-11,0.049114,0.054125
1.1945e-11,0.04905,0.054107
1.0534e-11,0.048987,0.054089
9.1498e-12,0.048924,0.054072
7.7948e-12,0.048861,0.054055
6.4733e-12,0.048798,0.054039
5.189e-12,0.048737,0.054024
3.9449e-12,0.048676,0.054009
2.7439e-12,0.048616,0.053995
1.5888e-12,0.048557,0.053981
4.8171e-13,0.0485,0.053968
-5.7527e-13,0.048443,0.053956
-1.5804e-12,0.048388,0.053944
-2.5324e-12,0.048334,0.053932
-3.4299e-12,0.048282,0.053922
-4.272e-12,0.048232,0.053912
-5.0582e-12,0.048183,0.053903
-5.788e-12,0.048136,0.053895
-6.4613e-12,0.04809,0.053887
-7.0781e-12,0.048047,0.05388
-7.6387e-12,0.048005,0.053874
-8.1435e-12,0.047966,0.053869
-8.5933e-12,0.047928,0.053864
-8.9888e-12,0.047892,0.053861
-9.3312e-12,0.047859,0.053858
-9.6216e-12,0.047827,0.053857
-9.8612e-12,0.047798,0.053856
-1.0052e-11,0.047771,0.053857
-1.0194e-11,0.047746,0.053858
-1.0291e-11,0.047723,0.053861
-1.0344e-11,0.047702,0.053864
-1.0354e-11,0.047684,0.053869
-1.0324e-11,0.047667,0.053875
-1.0256e-11,0.047653,0.053882
-1.0151e-11,0.047642,0.05389
-1.0012e-11,0.047632,0.0539
-9.8409e-12,0.047625,0.05391
-9.6401e-12,0.04762,0.053922
-9.4115e-12,0.047617,0.053935
-9.1574e-12,0.047617,0.053949
-8.8799e-12,0.047619,0.053964
-8.5812e-12,0.047623,0.05398
-8.2635e-12,0.047629,0.053998
-7.9289e-12,0.047637,0.054016
-7.5794e-12,0.047648,0.054035
-7.2171e-12,0.047661,0.054056
-6.844e-12,0.047676,0.054077
-6.462e-12,0.047693,0.054099
-6.0731e-12,0.047712,0.054122
-5.679e-12,0.047733,0.054146
-5.2815e-12,0.047757,0.05417
-4.8823e-12,0.047782,0.054195
-4.483e-12,0.047809,0.054221
-4.0852e-12,0.047839,0.054247
-3.6903e-12,0.04787,0.054273
-3.2997e-12,0.047903,0.054299
-2.9147e-12,0.047938,0.054325
-2.5365e-12,0.047974,0.054352
-2.1662e-12,0.048013,0.054378
-1.805e-12,0.048053,0.054404
-1.4538e-12,0.048094,0.054429
-1.1134e-12,0.048138,0.054454
-7.8463e-13,0.048182,0.054479
-4.6827e-13,0.048228,0.054502
-1.6492e-13,0.048276,0.054525
1.2486e-13,0.048325,0.054547
4.006e-13,0.048375,0.054568
6.6189e-13,0.048426,0.054588
9.084e-13,0.048478,0.054606
1.1399e-12,0.048532,0.054624
1.3562e-12,0.048586,0.054639
1.5571e-12,0.048641,0.054653
1.7426e-12,0.048697,0.054666
1.9128e-12,0.048753,0.054677
2.0677e-12,0.04881,0.054686
2.2074e-12,0.048867,0.054693
2.3321e-12,0.048924,0.054698
2.4419e-12,0.048982,0.054701
2.5373e-12,0.04904,0.054703
2.6185e-12,0.049097,0.054702
2.6858e-12,0.049155,0.054699
2.7397e-12,0.049212,0.054695
2.7805e-12,0.049269,0.054688
2.8088e-12,0.049325,0.05468
2.825e-12,0.04938,0.054669
2.8295e-12,0.049435,0.054656
2.8231e-12,0.049489,0.054642
2.8061e-12,0.049541,0.054625
2.7791e-12,0.049593,0.054607
2.7427e-12,0.049643,0.054587
2.6975e-12,0.049691,0.054566
2.6441e-12,0.049738,0.054542
2.5831e-12,0.049783,0.054518
2.515e-12,0.049827,0.054492
2.4404e-12,0.049868,0.054464
2.36e-12,0.049908,0.054435
2.2743e-12,0.049945,0.054405
2.1839e-12,0.04998,0.054374
2.0893e-12,0.050013,0.054342
1.9911e-12,0.050044,0.05431
1.8899e-12,0.050072,0.054276
1.7862e-12,0.050097,0.054242
1.6804e-12,0.05012,0.054208
1.5731e-12,0.05014,0.054173
1.4648e-12,0.050157,0.054138
1.3559e-12,0.050172,0.054102
1.2469e-12,0.050184,0.054067
1.1382e-12,0.050193,0.054032
1.0301e-12,0.050199,0.053997
9.2314e-13,0.050202,0.053962
8.1757e-13,0.050203,0.053927
7.1374e-13,0.0502,0.053893
6.1197e-13,0.050195,0.053859
5.1254e-13,0.050186,0.053826
4.1573e-13,0.050175,0.053793
3.2177e-13,0.050162,0.053761
2.3089e-13,0.050145,0.05373
1.4328e-13,0.050126,0.0537
5.9113e-14,0.050104,0.05367
-2.1446e-14,0.050079,0.053641
-9.8269e-14,0.050052,0.053613
-1.7124e-13,0.050023,0.053586
-2.4027e-13,0.049991,0.05356
-3.0528e-13,0.049957,0.053534
-3.6622e-13,0.04992,0.053509
-4.2306e-13,0.049882,0.053485
-4.7576e-13,0.049841,0.053462
-5.2433e-13,0.049798,0.05344
-5.6878e-13,0.049754,0.053419
-6.0914e-13,0.049707,0.053398
-6.4545e-13,0.049659,0.053378
-6.7777e-13,0.04961,0.053358
-7.0615e-13,0.049559,0.05334
-7.3068e-13,0.049506,0.053322
-7.5145e-13,0.049453,0.053304
-7.6855e-13,0.049398,0.053287
-7.8209e-13,0.049342,0.053271
-7.9219e-13,0.049286,0.053255
-7.9897e-13,0.049228,0.05324
-8.0255e-13,0.04917,0.053225
-8.0308e-13,0.049111,0.05321
-8.0068e-13,0.049052,0.053196
-7.955e-13,0.048993,0.053182
-7.8769e-13,0.048933,0.053169
-7.7739e-13,0.048873,0.053156
-7.6475e-13,0.048813,0.053143
-7.4992e-13,0.048753,0.053131
-7.3305e-13,0.048693,0.053119
-7.1429e-13,0.048634,0.053107
-6.938e-13,0.048574,0.053095
-6.7171e-13,0.048516,0.053084
-6.4817e-13,0.048457,0.053073
-6.2333e-13,0.048399,0.053062
-5.9733e-13,0.048342,0.053052
-5.703e-13,0.048285,0.053041
-5.4238e-13,0.04823,0.053032
-5.1369e-13,0.048175,0.053022
-4.8437e-13,0.048121,0.053013
-4.5454e-13,0.048067,0.053004
-4.243e-13,0.048015,0.052995
-3.9378e-13,0.047964,0.052987
-3.6307e-13,0.047914,0.05298
-3.3229e-13,0.047865,0.052972
-3.0152e-13,0.047817,0.052965
-2.7086e-13,0.047771,0.052959
-2.4039e-13,0.047725,0.052953
-2.102e-13,0.047681,0.052947
-1.8035e-13,0.047638,0.052942
-1.5093e-13,0.047596,0.052938
-1.2199e-13,0.047556,0.052934
-9.3589e-14,0.047517,0.052931
-6.5788e-14,0.047479,0.052928
-3.8634e-14,0.047443,0.052926
-1.2174e-14,0.047407,0.052925
1.3552e-14,0.047374,0.052924
3.8507e-14,0.047341,0.052924
6.2659e-14,0.04731,0.052924
8.598e-14,0.04728,0.052925
1.0844e-13,0.047252,0.052927
1.3003e-13,0.047224,0.052929
1.5072e-13,0.047198,0.052932
1.705e-13,0.047174,0.052936
1.8936e-13,0.04715,0.05294
2.0728e-13,0.047128,0.052944
2.2426e-13,0.047107,0.05295
2.4029e-13,0.047087,0.052955
2.5537e-13,0.047069,0.052961
2.695e-13,0.047051,0.052968
2.8267e-13,0.047035,0.052975
2.9489e-13,0.04702,0.052982
3.0615e-13,0.047006,0.052989
3.1647e-13,0.046994,0.052997
3.2583e-13,0.046982,0.053005
3.3425e-13,0.046971,0.053013
3.4172e-13,0.046962,0.053021
3.4825e-13,0.046954,0.053029
3.5385e-13,0.046946,0.053037
3.5851e-13,0.04694,0.053045
3.6224e-13,0.046935,0.053053
3.6504e-13,0.04693,0.05306
3.669e-13,0.046927,0.053067
3.6784e-13,0.046925,0.053074
3.6786e-13,0.046924,0.05308
3.6694e-13,0.046924,0.053086
3.651e-13,0.046924,0.053092
3.6233e-13,0.046926,0.053096
3.5863e-13,0.046929,0.0531
3.54e-13,0.046932,0.053103
3.4843e-13,0.046937,0.053106
3.4193e-13,0.046943,0.053108
3.3448e-13,0.046949,0.053109
3.2609e-13,0.046957,0.053109
3.1676e-13,0.046965,0.053108
3.0647e-13,0.046975,0.053106
2.9524e-13,0.046985,0.053103
2.8305e-13,0.046996,0.053099
2.6991e-13,0.047008,0.053094
2.5581e-13,0.047021,0.053088
2.4076e-13,0.047035,0.053081
2.2476e-13,0.04705,0.053073
2.0782e-13,0.047066,0.053064
1.8993e-13,0.047082,0.053053
1.7111e-13,0.047099,0.053042
1.5136e-13,0.047117,0.05303
1.307e-13,0.047136,0.053016
1.0915e-13,0.047155,0.053002
8.6719e-14,0.047176,0.052986
6.3431e-14,0.047197,0.05297
3.9311e-14,0.047218,0.052952
1.4387e-14,0.047241,0.052933
-1.1307e-14,0.047263,0.052914
-3.7736e-14,0.047287,0.052893
-6.486e-14,0.047311,0.052872
-9.2632e-14,0.047336,0.052849
-1.21e-13,0.047362,0.052826
-1.4992e-13,0.047388,0.052803
-1.7932e-13,0.047414,0.052778
-2.0914e-13,0.047442,0.052753
-2.3932e-13,0.047469,0.052727
-2.6976e-13,0.047498,0.052701
-3.0041e-13,0.047527,0.052674
-3.3116e-13,0.047556,0.052647
-3.6194e-13,0.047587,0.052619
-3.9264e-13,0.047617,0.052591
-4.2316e-13,0.047649,0.052563
-4.5339e-13,0.04768,0.052535
-4.8323e-13,0.047713,0.052507
-5.1256e-13,0.047746,0.052479
-5.4126e-13,0.04778,0.052451
-5.692e-13,0.047814,0.052423
-5.9625e-13,0.047849,0.052396
-6.2228e-13,0.047884,0.052369
-6.4715e-13,0.04792,0.052343
-6.7072e-13,0.047957,0.052317
-6.9285e-13,0.047994,0.052292
-7.1339e-13,0.048032,0.052268
-7.322e-13,0.048071,0.052244
-7.4913e-13,0.04811,0.052222
-7.6402e-13,0.048149,0.0522
-7.7673e-13,0.048189,0.05218
-7.8711e-13,0.04823,0.052161
-7.95e-13,0.048271,0.052143
-8.0027e-13,0.048313,0.052126
-8.0276e-13,0.048355,0.052111
-8.0233e-13,0.048397,0.052097
-7.9885e-13,0.048439,0.052085
-7.9218e-13,0.048482,0.052075
-7.822e-13,0.048525,0.052065
-7.6878e-13,0.048568,0.052058
-7.518e-13,0.048612,0.052052
-7.3117e-13,0.048655,0.052048
-7.0677e-13,0.048698,0.052046
-6.7853e-13,0.04874,0.052045
-6.4636e-13,0.048783,0.052047
-6.102e-13,0.048825,0.05205
-5.6999e-13,0.048866,0.052055
-5.2569e-13,0.048907,0.052061
-4.7728e-13,0.048947,0.052069
-4.2473e-13,0.048986,0.05208
-3.6806e-13,0.049023,0.052092
-3.0728e-13,0.04906,0.052105
-2.4242e-13,0.049096,0.05212
-1.7355e-13,0.04913,0.052137
-1.0074e-13,0.049162,0.052156
-2.4074e-14,0.049193,0.052176
5.6331e-14,0.049222,0.052198
1.4034e-13,0.049249,0.052221
2.2781e-13,0.049273,0.052246
3.1855e-13,0.049296,0.052272
4.1237e-13,0.049316,0.052299
5.0906e-13,0.049333,0.052328
6.0836e-13,0.049348,0.052358
7.1002e-13,0.04936,0.052388
8.1374e-13,0.049369,0.05242
9.1923e-13,0.049376,0.052453
1.0261e-12,0.049379,0.052486
1.1341e-12,0.049379,0.05252
1.2428e-12,0.049376,0.052555
1.3518e-12,0.049369,0.05259
1.4606e-12,0.049359,0.052626
1.5689e-12,0.049346,0.052661
1.6762e-12,0.049329,0.052698
1.782e-12,0.049309,0.052734
1.8857e-12,0.049285,0.05277
1.987e-12,0.049258,0.052807
2.0853e-12,0.049228,0.052843
2.1799e-12,0.049194,0.052879
2.2705e-12,0.049156,0.052914
2.3563e-12,0.049116,0.05295
2.4369e-12,0.049072,0.052984
2.5116e-12,0.049025,0.053019
2.5799e-12,0.048974,0.053052
2.6412e-12,0.048921,0.053085
2.6948e-12,0.048865,0.053117
2.7403e-12,0.048806,0.053149
2.7769e-12,0.048744,0.053179
2.8042e-12,0.04868,0.053209
2.8216e-12,0.048613,0.053238
2.8284e-12,0.048544,0.053266
2.8242e-12,0.048473,0.053293
2.8084e-12,0.0484,0.053319
2.7806e-12,0.048325,0.053344
2.7402e-12,0.048249,0.053368
2.6868e-12,0.048171,0.053391
2.6199e-12,0.048093,0.053413
2.5393e-12,0.048013,0.053435
2.4444e-12,0.047932,0.053455
2.3351e-12,0.04785,0.053474
2.2109e-12,0.047768,0.053493
2.0718e-12,0.047686,0.053511
1.9175e-12,0.047603,0.053528
1.7479e-12,0.047521,0.053544
1.563e-12,0.047439,0.05356
1.3626e-12,0.047357,0.053575
1.1469e-12,0.047275,0.053589
9.1606e-13,0.047194,0.053603
6.7014e-13,0.047114,0.053617
4.0945e-13,0.047035,0.053631
1.343e-13,0.046957,0.053644
-1.549e-13,0.04688,0.053657
-4.5769e-13,0.046804,0.05367
-7.735e-13,0.04673,0.053683
-1.1017e-12,0.046657,0.053696
-1.4416e-12,0.046586,0.05371
-1.7924e-12,0.046516,0.053723
-2.1531e-12,0.046448,0.053737
-2.5229e-12,0.046382,0.053752
-2.9007e-12,0.046317,0.053767
-3.2854e-12,0.046255,0.053782
-3.6757e-12,0.046194,0.053798
-4.0703e-12,0.046135,0.053815
-4.4679e-12,0.046079,0.053832
-4.867e-12,0.046024,0.05385
-5.2661e-12,0.045971,0.053869
-5.6635e-12,0.04592,0.053889
-6.0576e-12,0.045872,0.053909
-6.4465e-12,0.045825,0.053931
-6.8286e-12,0.04578,0.053953
-7.2019e-12,0.045737,0.053976
-7.5645e-12,0.045696,0.054
-7.9143e-12,0.045657,0.054025
-8.2493e-12,0.04562,0.054051
-8.5675e-12,0.045585,0.054077
-8.8667e-12,0.045552,0.054104
-9.1448e-12,0.045521,0.054132
-9.3997e-12,0.045491,0.054161
-9.6291e-12,0.045464,0.05419
-9.8308e-12,0.045438,0.05422
-1.0003e-11,0.045414,0.054251
-1.0143e-11,0.045391,0.054282
-1.0249e-11,0.045371,0.054313
-1.0318e-11,0.045352,0.054344
-1.035e-11,0.045335,0.054376
-1.0341e-11,0.04532,0.054408
-1.029e-11,0.045306,0.05444
-1.0194e-11,0.045294,0.054472
-1.0053e-11,0.045284,0.054504
-9.8646e-12,0.045276,0.054536
-9.6267e-12,0.045269,0.054567
-9.3381e-12,0.045264,0.054598
-8.9977e-12,0.045261,0.054628
-8.6041e-12,0.045259,0.054658
-8.1563e-12,0.045259,0.054687
-7.6535e-12,0.045261,0.054716
-7.095e-12,0.045265,0.054743
-6.4804e-12,0.045271,0.05477
-5.8093e-12,0.045278,0.054795
-5.0816e-12,0.045287,0.054819
-4.2977e-12,0.045298,0.054842
-3.4577e-12,0.045311,0.054864
-2.5624e-12,0.045326,0.054885
-1.6126e-12,0.045343,0.054903
-6.0964e-13,0.045363,0.054921
4.4522e-13,0.045384,0.054937
1.5502e-12,0.045407,0.054951
2.7033e-12,0.045432,0.054964
3.9023e-12,0.045459,0.054975
5.1445e-12,0.045489,0.054984
6.4271e-12,0.04552,0.054991
7.7468e-12,0.045554,0.054997
9.1002e-12,0.04559,0.055
1.0483e-11,0.045629,0.055002
1.1892e-11,0.04567,0.055002
1.3323e-11,0.045712,0.055
1.4769e-11,0.045758,0.054997
1.6228e-11,0.045805,0.054991
1.7692e-11,0.045855,0.054984
1.9157e-11,0.045907,0.054974
2.0617e-11,0.045961,0.054963
2.2065e-11,0.046018,0.05495
2.3495e-11,0.046076,0.054936
2.4901e-11,0.046137,0.054919
2.6275e-11,0.0462,0.054901
2.7611e-11,0.046265,0.054882
2.8901e-11,0.046332,0.05486
3.0137e-11,0.0464,0.054837
3.1313e-11,0.046471,0.054813
3.2419e-11,0.046543,0.054787
3.345e-11,0.046617,0.05476
3.4395e-11,0.046693,0.054732
3.5248e-11,0.04677,0.054702
3.6001e-11,0.046848,0.054671
3.6645e-11,0.046927,0.054639
3.7172e-11,0.047008,0.054607
3.7576e-11,0.047089,0.054573
3.7847e-11,0.047171,0.054538
3.7978e-11,0.047254,0.054503
3.7963e-11,0.047337,0.054467
3.7793e-11,0.04742,0.054431
3.7462e-11,0.047504,0.054394
3.6963e-11,0.047587,0.054357
3.629e-11,0.047671,0.054319
3.5437e-11,0.047753,0.054282
3.4399e-11,0.047835,0.054244
3.3171e-11,0.047917,0.054207
3.1748e-11,0.047997,0.054169
3.0127e-11,0.048076,0.054132
2.8304e-11,0.048154,0.054095
2.6277e-11,0.048231,0.054059
2.4043e-11,0.048305,0.054023
2.1603e-11,0.048378,0.053988
1.8955e-11,0.048449,0.053953
1.61e-11,0.048518,0.053919
1.3039e-11,0.048584,0.053887
9.7751e-12,0.048648,0.053855
6.3108e-12,0.048709,0.053824
2.6503e-12,0.048767,0.053795
-1.2011e-12,0.048822,0.053767
-5.2373e-12,0.048875,0.05374
-9.4511e-12,0.048924,0.053714
-1.3834e-11,0.04897,0.05369
-1.8377e-11,0.049013,0.053668
-2.3069e-11,0.049052,0.053647
-2.79e-11,0.049088,0.053628
-3.2855e-11,0.04912,0.053611
-3.7921e-11,0.049148,0.053596
-4.3083e-11,0.049173,0.053582
-4.8326e-11,0.049195,0.053571
-5.3631e-11,0.049212,0.053561
-5.898e-11,0.049226,0.053553
-6.4354e-11,0.049237,0.053548
-6.9733e-11,0.049244,0.053544
-7.5095e-11,0.049247,0.053542
-8.0417e-11,0.049247,0.053543
-8.5676e-11,0.049243,0.053546
-9.0847e-11,0.049235,0.05355
-9.5906e-11,0.049225,0.053557
-1.0083e-10,0.049211,0.053566
-1.0558e-10,0.049194,0.053576
-1.1014e-10,0.049174,0.053589
-1.1448e-10,0.04915,0.053604
-1.1857e-10,0.049124,0.053621
-1.2239e-10,0.049095,0.053639
-1.2589e-10,0.049064,0.05366
-1.2906e-10,0.04903,0.053682
-1.3187e-10,0.048994,0.053706
-1.3428e-10,0.048955,0.053732
-1.3626e-10,0.048915,0.05376
-1.378e-10,0.048872,0.053789
-1.3884e-10,0.048828,0.053819
-1.3938e-10,0.048782,0.053851
-1.3939e-10,0.048734,0.053884
-1.3883e-10,0.048686,0.053919
-1.3768e-10,0.048636,0.053955
-1.3592e-10,0.048585,0.053992
-1.3352e-10,0.048533,0.05403
-1.3046e-10,0.048481,0.054069
-1.2672e-10,0.048428,0.054108
-1.2229e-10,0.048374,0.054149
-1.1715e-10,0.048321,0.05419
-1.1128e-10,0.048267,0.054232
-1.0467e-10,0.048213,0.054274
-9.7307e-11,0.04816,0.054316
-8.9192e-11,0.048106,0.054359
-8.0317e-11,0.048054,0.054402
-7.0679e-11,0.048002,0.054445
-6.0282e-11,0.04795,0.054488
-4.9129e-11,0.0479,0.054531
-3.7228e-11,0.04785,0.054574
-2.459e-11,0.047801,0.054616
-1.1231e-11,0.047754,0.054658
2.8317e-12,0.047708,0.0547
1.7575e-11,0.047663,0.054741
3.2974e-11,0.04762,0.054782
4.8997e-11,0.047578,0.054822
6.5611e-11,0.047538,0.054861
8.2779e-11,0.0475,0.054899
1.0046e-10,0.047463,0.054937
1.186e-10,0.047429,0.054974
1.3715e-10,0.047396,0.05501
1.5607e-10,0.047365,0.055045
1.7528e-10,0.047336,0.055079
1.9474e-10,0.04731,0.055112
2.1436e-10,0.047285,0.055144
2.3408e-10,0.047262,0.055175
2.5383e-10,0.047242,0.055205
2.7352e-10,0.047224,0.055235
2.9308e-10,0.047208,0.055263
3.1241e-10,0.047194,0.05529
3.3143e-10,0.047183,0.055316
3.5005e-10,0.047173,0.055342
3.6817e-10,0.047166,0.055366
3.857e-10,0.047161,0.05539
4.0253e-10,0.047159,0.055413
4.1855e-10,0.047158,0.055435
4.3368e-10,0.04716,0.055457
4.478e-10,0.047163,0.055477
4.608e-10,0.047169,0.055498
4.7257e-10,0.047177,0.055518
4.8302e-10,0.047186,0.055537
4.9203e-10,0.047198,0.055556
4.9949e-10,0.047212,0.055575
5.053e-10,0.047227,0.055593
5.0935e-10,0.047244,0.055612
5.1154e-10,0.047263,0.05563
5.1178e-10,0.047284,0.055649
5.0995e-10,0.047306,0.055667
5.0597e-10,0.04733,0.055686
4.9975e-10,0.047355,0.055705
4.912e-10,0.047381,0.055724
4.8025e-10,0.047409,0.055743
4.6681e-10,0.047438,0.055763
4.5082e-10,0.047468,0.055783
4.3223e-10,0.047499,0.055804
4.1097e-10,0.04753,0.055825
3.87e-10,0.047563,0.055847
3.6029e-10,0.047596,0.05587
3.308e-10,0.04763,0.055893
2.9853e-10,0.047665,0.055917
2.6345e-10,0.0477,0.055941
2.2559e-10,0.047735,0.055966
1.8495e-10,0.04777,0.055992
1.4156e-10,0.047806,0.056018
9.5463e-11,0.047841,0.056045
4.6708e-11,0.047877,0.056073
-4.6357e-12,0.047912,0.056101
-5.8489e-11,0.047947,0.056129
-1.1476e-10,0.047981,0.056159
-1.7333e-10,0.048015,0.056188
-2.3409e-10,0.048048,0.056218
-2.969e-10,0.048081,0.056249
-3.6159e-10,0.048112,0.056279
-4.2801e-10,0.048143,0.05631
-4.9597e-10,0.048172,0.056341
-5.6527e-10,0.048201,0.056372
-6.357e-10,0.048228,0.056403
-7.0702e-10,0.048254,0.056434
-7.79e-10,0.048278,0.056465
-8.5137e-10,0.048301,0.056496
-9.2386e-10,0.048322,0.056526
-9.9619e-10,0.048341,0.056556
-1.068e-09,0.048359,0.056586
-1.1391e-09,0.048375,0.056614
-1.2091e-09,0.048389,0.056643
-1.2776e-09,0.048401,0.05667
-1.3444e-09,0.048411,0.056696
-1.409e-09,0.048418,0.056722
-1.471e-09,0.048424,0.056747
-1.5302e-09,0.048428,0.05677
-1.5861e-09,0.048429,0.056792
-1.6383e-09,0.048428,0.056814
-1.6865e-09,0.048425,0.056833
-1.7303e-09,0.04842,0.056852
-1.7692e-09,0.048412,0.056868
-1.8028e-09,0.048403,0.056884
-1.8309e-09,0.048391,0.056897
-1.8529e-09,0.048376,0.056909
-1.8685e-09,0.04836,0.05692
-1.8773e-09,0.048341,0.056928
-1.8789e-09,0.04832,0.056935
-1.8731e-09,0.048296,0.05694
-1.8594e-09,0.048271,0.056943
-1.8374e-09,0.048243,0.056944
-1.807e-09,0.048214,0.056943
-1.7678e-09,0.048182,0.05694
-1.7194e-09,0.048148,0.056935
-1.6618e-09,0.048113,0.056929
-1.5946e-09,0.048075,0.05692
-1.5176e-09,0.048036,0.056909
-1.4307e-09,0.047994,0.056897
-1.3338e-09,0.047952,0.056883
-1.2267e-09,0.047907,0.056866
-1.1093e-09,0.047861,0.056848
-9.8168e-10,0.047813,0.056829
-8.438e-10,0.047764,0.056807
-6.9572e-10,0.047714,0.056784
-5.3754e-10,0.047663,0.056759
-3.694e-10,0.04761,0.056733
-1.9148e-10,0.047556,0.056705
-4.0243e-12,0.047501,0.056676
1.9268e-10,0.047446,0.056645
3.9828e-10,0.04739,0.056613
6.124e-10,0.047333,0.05658
8.3459e-10,0.047275,0.056546
1.0643e-09,0.047217,0.056511
1.3011e-09,0.047159,0.056475
1.5443e-09,0.0471,0.056438
1.7932e-09,0.047042,0.056401
2.047e-09,0.046983,0.056362
2.3052e-09,0.046924,0.056324
2.5667e-09,0.046866,0.056285
2.8307e-09,0.046808,0.056245
3.0962e-09,0.046751,0.056205
3.3623e-09,0.046694,0.056165
3.628e-09,0.046638,0.056125
3.892e-09,0.046582,0.056085
4.1533e-09,0.046528,0.056045
4.4107e-09,0.046474,0.056005
4.6629e-09,0.046422,0.055966
4.9086e-09,0.046371,0.055927
5.1466e-09,0.046321,0.055888
5.3756e-09,0.046273,0.055849
5.594e-09,0.046226,0.055812
5.8006e-09,0.046181,0.055774
5.9939e-09,0.046138,0.055738
6.1725e-09,0.046096,0.055702
6.335e-09,0.046056,0.055666
6.4798e-09,0.046018,0.055632
6.6055e-09,0.045982,0.055598
6.7107e-09,0.045947,0.055565
6.794e-09,0.045915,0.055533
6.8539e-09,0.045885,0.055502
6.889e-09,0.045857,0.055472
6.898e-09,0.045831,0.055443
6.8796e-09,0.045807,0.055414
6.8324e-09,0.045785,0.055387
6.7553e-09,0.045765,0.05536
6.647e-09,0.045748,0.055334
6.5066e-09,0.045732,0.055309
6.3329e-09,0.045718,0.055285
6.1251e-09,0.045706,0.055262
5.8823e-09,0.045697,0.055239
5.6037e-09,0.045689,0.055217
5.2887e-09,0.045682,0.055196
4.9369e-09,0.045678,0.055176
4.5477e-09,0.045675,0.055156
4.121e-09,0.045674,0.055136
3.6567e-09,0.045675,0.055118
3.1546e-09,0.045677,0.055099
2.6152e-09,0.04568,0.055081
2.0385e-09,0.045684,0.055063
1.4253e-09,0.04569,0.055046
7.7602e-10,0.045697,0.055029
9.1688e-11,0.045705,0.055012
-6.2671e-10,0.045714,0.054995
-1.378e-09,0.045723,0.054979
-2.1606e-09,0.045734,0.054962
-2.9731e-09,0.045745,0.054946
-3.8135e-09,0.045756,0.054929
-4.6799e-09,0.045768,0.054912
-5.5701e-09,0.045781,0.054896
-6.4815e-09,0.045794,0.054879
-7.4116e-09,0.045807,0.054862
-8.3576e-09,0.04582,0.054845
-9.3163e-09,0.045833,0.054827
-1.0285e-08,0.045847,0.05481
-1.1259e-08,0.04586,0.054792
-1.2236e-08,0.045873,0.054774
-1.3211e-08,0.045886,0.054756
-1.4181e-08,0.045899,0.054738
-1.5142e-08,0.045912,0.054719
-1.6088e-08,0.045925,0.054701
-1.7016e-08,0.045937,0.054682
-1.7921e-08,0.045949,0.054663
-1.8798e-08,0.045961,0.054644
-1.9642e-08,0.045972,0.054625
-2.0449e-08,0.045983,0.054606
-2.1212e-08,0.045994,0.054587
-2.1927e-08,0.046004,0.054568
-2.2589e-08,0.046014,0.05455
-2.3192e-08,0.046024,0.054531
-2.3731e-08,0.046033,0.054513
-2.42e-08,0.046043,0.054496
-2.4595e-08,0.046052,0.054479
-2.4909e-08,0.046061,0.054462
-2.5139e-08,0.046069,0.054446
-2.5278e-08,0.046078,0.054431
-2.5321e-08,0.046086,0.054416
-2.5265e-08,0.046095,0.054403
-2.5103e-08,0.046103,0.05439
-2.4832e-08,0.046111,0.054379
-2.4447e-08,0.04612,0.054369
-2.3945e-08,0.046129,0.05436
-2.3321e-08,0.046138,0.054352
-2.2571e-08,0.046147,0.054346
-2.1694e-08,0.046156,0.054341
-2.0685e-08,0.046166,0.054337
-1.9544e-08,0.046176,0.054336
-1.8267e-08,0.046187,0.054336
-1.6853e-08,0.046198,0.054338
-1.5302e-08,0.046209,0.054341
-1.3612e-08,0.046221,0.054346
-1.1784e-08,0.046234,0.054354
-9.8182e-09,0.046247,0.054363
-7.716e-09,0.046261,0.054374
-5.479e-09,0.046276,0.054386
-3.1098e-09,0.046291,0.054401
-6.1126e-10,0.046307,0.054418
2.0128e-09,0.046324,0.054437
4.7579e-09,0.046342,0.054457
7.619e-09,0.04636,0.05448
1.059e-08,0.046379,0.054504
1.3665e-08,0.046399,0.05453
1.6836e-08,0.04642,0.054558
2.0095e-08,0.046442,0.054587
2.3433e-08,0.046464,0.054618
2.6841e-08,0.046487,0.054651
3.0308e-08,0.046511,0.054685
3.3823e-08,0.046536,0.05472
3.7375e-08,0.046562,0.054757
4.095e-08,0.046588,0.054795
4.4536e-08,0.046615,0.054834
4.8118e-08,0.046643,0.054874
5.1683e-08,0.046671,0.054915
5.5214e-08,0.0467,0.054957
5.8695e-08,0.04673,0.054999
6.2111e-08,0.04676,0.055042
6.5443e-08,0.046791,0.055085
6.8675e-08,0.046823,0.055128
7.1789e-08,0.046855,0.055172
7.4766e-08,0.046887,0.055215
7.7587e-08,0.04692,0.055259
8.0233e-08,0.046954,0.055302
8.2685e-08,0.046987,0.055345
8.4923e-08,0.047021,0.055387
8.6928e-08,0.047056,0.055428
8.8681e-08,0.04709,0.055469
9.0161e-08,0.047125,0.055509
9.135e-08,0.04716,0.055548
9.2227e-08,0.047195,0.055585
9.2775e-08,0.04723,0.055621
9.2975e-08,0.047264,0.055656
9.2809e-08,0.047299,0.055689
9.2259e-08,0.047334,0.05572
9.1309e-08,0.047368,0.05575
8.9943e-08,0.047402,0.055778
8.8146e-08,0.047436,0.055803
8.5905e-08,0.04747,0.055827
8.3205e-08,0.047503,0.055848
8.0036e-08,0.047535,0.055867
7.6387e-08,0.047567,0.055884
7.225e-08,0.047598,0.055898
6.7616e-08,0.047629,0.055909
6.2481e-08,0.047659,0.055918
5.6841e-08,0.047688,0.055924
5.0692e-08,0.047716,0.055928
4.4036e-08,0.047743,0.055928
3.6874e-08,0.047769,0.055926
2.921e-08,0.047794,0.055921
2.105e-08,0.047819,0.055913
1.2404e-08,0.047842,0.055903
3.2807e-09,0.047864,0.055889
-6.3049e-09,0.047884,0.055872
-1.6337e-08,0.047904,0.055853
-2.6798e-08,0.047922,0.055831
-3.7666e-08,0.047939,0.055806
-4.8917e-08,0.047955,0.055778
-6.0524e-08,0.047969,0.055747
-7.2459e-08,0.047982,0.055714
-8.4689e-08,0.047994,0.055678
-9.7179e-08,0.048004,0.05564
-1.0989e-07,0.048013,0.055599
-1.2279e-07,0.048021,0.055556
-1.3582e-07,0.048027,0.05551
-1.4895e-07,0.048032,0.055463
-1.6212e-07,0.048035,0.055413
-1.7529e-07,0.048037,0.055362
-1.884e-07,0.048038,0.055308
-2.0139e-07,0.048037,0.055254
-2.1421e-07,0.048035,0.055197
-2.2679e-07,0.048031,0.05514
-2.3908e-07,0.048027,0.055081
-2.5101e-07,0.048021,0.055022
-2.6251e-07,0.048014,0.054961
-2.7352e-07,0.048006,0.0549
-2.8396e-07,0.047996,0.054839
-2.9378e-07,0.047986,0.054777
-3.0289e-07,0.047975,0.054715
-3.1123e-07,0.047962,0.054653
-3.1872e-07,0.047949,0.054591
-3.2529e-07,0.047934,0.05453
-3.3088e-07,0.047919,0.05447
-3.3541e-07,0.047903,0.05441
-3.388e-07,0.047886,0.054351
-3.41e-07,0.047869,0.054293
-3.4193e-07,0.047851,0.054237
-3.4152e-07,0.047832,0.054182
-3.3972e-07,0.047813,0.054128
-3.3647e-07,0.047793,0.054076
-3.3169e-07,0.047772,0.054027
-3.2534e-07,0.047751,0.053979
-3.1738e-07,0.04773,0.053933
-3.0774e-07,0.047708,0.053889
-2.9638e-07,0.047686,0.053848
-2.8328e-07,0.047664,0.053809
-2.6839e-07,0.047641,0.053772
-2.5169e-07,0.047619,0.053738
-2.3316e-07,0.047595,0.053707
-2.1279e-07,0.047572,0.053679
-1.9055e-07,0.047548,0.053653
-1.6646e-07,0.047525,0.05363
-1.4052e-07,0.047501,0.05361
-1.1275e-07,0.047477,0.053592
-8.3161e-08,0.047453,0.053578
-5.1792e-08,0.047428,0.053566
-1.8681e-08,0.047404,0.053558
1.6124e-08,0.047379,0.053552
5.2564e-08,0.047354,0.053549
9.0571e-08,0.04733,0.053549
1.3007e-07,0.047305,0.053551
1.7097e-07,0.04728,0.053557
2.1318e-07,0.047255,0.053565
2.5658e-07,0.047229,0.053576
3.0107e-07,0.047204,0.053589
3.4651e-07,0.047179,0.053606
3.9277e-07,0.047153,0.053624
4.397e-07,0.047128,0.053646
4.8713e-07,0.047103,0.05367
5.3491e-07,0.047077,0.053696
5.8286e-07,0.047052,0.053724
6.3078e-07,0.047026,0.053755
6.7849e-07,0.047001,0.053788
7.2577e-07,0.046976,0.053824
7.7242e-07,0.046951,0.053861
8.1821e-07,0.046926,0.0539
8.6292e-07,0.046901,0.053942
9.0631e-07,0.046877,0.053985
9.4813e-07,0.046853,0.05403
9.8814e-07,0.04683,0.054076
1.0261e-06,0.046807,0.054125
1.0617e-06,0.046784,0.054175
1.0948e-06,0.046762,0.054226
1.125e-06,0.046741,0.054279
1.1521e-06,0.04672,0.054333
1.1759e-06,0.046701,0.054388
1.196e-06,0.046682,0.054445
1.2122e-06,0.046664,0.054503
1.2243e-06,0.046648,0.054561
1.2319e-06,0.046632,0.054621
1.2349e-06,0.046618,0.054681
1.2331e-06,0.046606,0.054742
1.226e-06,0.046595,0.054804
1.2137e-06,0.046585,0.054866
1.1957e-06,0.046577,0.054929
1.172e-06,0.046571,0.054992
1.1424e-06,0.046566,0.055055
1.1065e-06,0.046564,0.055118
1.0644e-06,0.046563,0.055182
1.0159e-06,0.046565,0.055245
9.6081e-07,0.046569,0.055308
8.9906e-07,0.046575,0.055371
8.3059e-07,0.046583,0.055434
7.5533e-07,0.046594,0.055496
6.7326e-07,0.046607,0.055557
5.8437e-07,0.046622,0.055618
4.887e-07,0.04664,0.055678
3.8629e-07,0.04666,0.055737
2.7724e-07,0.046683,0.055795
1.6166e-07,0.046709,0.055852
3.9698e-08,0.046737,0.055908
-8.8457e-08,0.046767,0.055963
-2.2259e-07,0.0468,0.056016
-3.6244e-07,0.046836,0.056068
-5.0772e-07,0.046874,0.056118
-6.5811e-07,0.046914,0.056166
-8.1323e-07,0.046957,0.056213
-9.7268e-07,0.047002,0.056258
-1.136e-06,0.047049,0.056302
-1.3028e-06,0.047099,0.056343
-1.4724e-06,0.04715,0.056382
-1.6443e-06,0.047204,0.056419
-1.818e-06,0.047259,0.056454
-1.9928e-06,0.047316,0.056487
-2.1679e-06,0.047375,0.056518
-2.3428e-06,0.047435,0.056546
-2.5166e-06,0.047496,0.056572
-2.6886e-06,0.047559,0.056595
-2.8579e-06,0.047623,0.056616
-3.0238e-06,0.047687,0.056635
-3.1853e-06,0.047753,0.056651
-3.3415e-06,0.047819,0.056664
-3.4914e-06,0.047885,0.056676
-3.6342e-06,0.047952,0.056684
-3.7688e-06,0.048018,0.05669
-3.8943e-06,0.048085,0.056694
-4.0096e-06,0.048151,0.056695
-4.1137e-06,0.048216,0.056694
-4.2055e-06,0.048281,0.05669
-4.284e-06,0.048345,0.056684
-4.3481e-06,0.048408,0.056676
-4.3968e-06,0.04847,0.056665
-4.4291e-06,0.048531,0.056652
-4.4438e-06,0.048589,0.056638
-4.4401e-06,0.048646,0.056621
-4.4167e-06,0.048701,0.056602
-4.3728e-06,0.048754,0.056581
-4.3074e-06,0.048805,0.056559
-4.2196e-06,0.048853,0.056535
-4.1084e-06,0.048899,0.056509
-3.973e-06,0.048942,0.056482
-3.8125e-06,0.048982,0.056454
-3.6262e-06,0.049019,0.056424
-3.4134e-06,0.049053,0.056394
-3.1734e-06,0.049083,0.056363
-2.9056e-06,0.049111,0.056331
-2.6095e-06,0.049135,0.056298
-2.2846e-06,0.049155,0.056265
-1.9306e-06,0.049172,0.056231
-1.5472e-06,0.049185,0.056198
-1.1341e-06,0.049194,0.056164
-6.912e-07,0.0492,0.056131
-2.1854e-07,0.049202,0.056098
2.8385e-07,0.049199,0.056066
8.1579e-07,0.049194,0.056034
1.377e-06,0.049184,0.056003
1.9671e-06,0.049171,0.055973
2.5856e-06,0.049153,0.055944
3.2318e-06,0.049132,0.055916
3.9051e-06,0.049108,0.05589
4.6047e-06,0.04908,0.055865
5.3295e-06,0.049048,0.055842
6.0784e-06,0.049013,0.055821
6.8505e-06,0.048974,0.055802
7.6442e-06,0.048933,0.055784
8.4582e-06,0.048888,0.055769
9.2909e-06,0.04884,0.055757
1.0141e-05,0.048789,0.055746
1.1006e-05,0.048736,0.055738
1.1885e-05,0.04868,0.055733
1.2775e-05,0.048622,0.055731
1.3675e-05,0.048561,0.055731
1.4582e-05,0.048499,0.055734
1.5494e-05,0.048434,0.055739
1.6409e-05,0.048368,0.055748
1.7324e-05,0.0483,0.055759
1.8238e-05,0.048231,0.055773
1.9146e-05,0.048161,0.055791
2.0048e-05,0.048089,0.055811
2.094e-05,0.048017,0.055833
2.1819e-05,0.047945,0.055859
2.2684e-05,0.047872,0.055888
2.3531e-05,0.047798,0.055919
2.4357e-05,0.047724,0.055953
2.5161e-05,0.047651,0.055989
2.5939e-05,0.047578,0.056028
2.6689e-05,0.047505,0.05607
2.7408e-05,0.047432,0.056114
2.8094e-05,0.047361,0.05616
2.8744e-05,0.04729,0.056208
2.9357e-05,0.04722,0.056258
2.993e-05,0.047151,0.05631
3.0461e-05,0.047083,0.056364
3.0948e-05,0.047017,0.056419
3.1389e-05,0.046952,0.056475
3.1783e-05,0.046888,0.056533
3.2128e-05,0.046826,0.056592
3.2422e-05,0.046766,0.056652
3.2665e-05,0.046707,0.056712
3.2856e-05,0.046651,0.056773
3.2994e-05,0.046596,0.056834
3.3079e-05,0.046543,0.056896
3.3109e-05,0.046493,0.056958
3.3086e-05,0.046444,0.057019
3.3009e-05,0.046398,0.05708
3.2878e-05,0.046353,0.05714
3.2694e-05,0.046311,0.0572
3.2457e-05,0.046271,0.057259
3.2169e-05,0.046233,0.057317
3.1831e-05,0.046198,0.057374
3.1444e-05,0.046165,0.05743
3.1009e-05,0.046134,0.057484
3.0528e-05,0.046105,0.057536
3.0003e-05,0.046079,0.057587
2.9435e-05,0.046055,0.057636
2.8828e-05,0.046033,0.057683
2.8182e-05,0.046013,0.057728
2.75e-05,0.045996,0.057771
2.6785e-05,0.045981,0.057811
2.6039e-05,0.045969,0.05785
2.5265e-05,0.045958,0.057886
2.4464e-05,0.04595,0.05792
2.364e-05,0.045944,0.057951
2.2796e-05,0.045941,0.05798
2.1933e-05,0.045939,0.058007
2.1054e-05,0.04594,0.058031
2.0163e-05,0.045943,0.058053
1.9262e-05,0.045948,0.058073
1.8353e-05,0.045955,0.05809
1.7439e-05,0.045965,0.058104
1.6522e-05,0.045976,0.058117
1.5605e-05,0.04599,0.058127
1.469e-05,0.046005,0.058135
1.378e-05,0.046023,0.058141
1.2877e-05,0.046043,0.058145
1.1982e-05,0.046064,0.058147
1.1098e-05,0.046088,0.058147
1.0228e-05,0.046113,0.058145
9.3718e-06,0.04614,0.058141
8.5324e-06,0.046169,0.058135
7.7112e-06,0.0462,0.058128
6.9097e-06,0.046233,0.05812
6.1294e-06,0.046267,0.05811
5.3715e-06,0.046303,0.058099
4.6373e-06,0.04634,0.058086
3.9278e-06,0.046379,0.058072
3.244e-06,0.046419,0.058058
2.5868e-06,0.046461,0.058042
1.957e-06,0.046504,0.058025
1.3551e-06,0.046548,0.058008
7.8165e-07,0.046593,0.057989
2.3713e-07,0.046639,0.05797
-2.7818e-07,0.046687,0.057951
-7.6407e-07,0.046735,0.057931
-1.2204e-06,0.046784,0.05791
-1.6472e-06,0.046833,0.057889
-2.0446e-06,0.046883,0.057868
-2.4126e-06,0.046933,0.057847
-2.7515e-06,0.046984,0.057825
-3.0617e-06,0.047035,0.057803
-3.3436e-06,0.047085,0.057781
-3.5976e-06,0.047136,0.057759
-3.8243e-06,0.047187,0.057737
-4.0242e-06,0.047237,0.057715
-4.1981e-06,0.047287,0.057694
-4.3466e-06,0.047336,0.057672
-4.4704e-06,0.047384,0.057651
-4.5705e-06,0.047431,0.05763
-4.6476e-06,0.047478,0.057609
-4.7025e-06,0.047523,0.057589
-4.7363e-06,0.047567,0.057569
-4.7497e-06,0.04761,0.057549
-4.7438e-06,0.047651,0.05753
-4.7196e-06,0.047691,0.057511
-4.6778e-06,0.047728,0.057493
-4.6197e-06,0.047764,0.057475
-4.5461e-06,0.047798,0.057458
-4.458e-06,0.04783,0.057441
-4.3564e-06,0.047859,0.057425
-4.2423e-06,0.047886,0.057409
-4.1166e-06,0.047911,0.057395
-3.9803e-06,0.047934,0.05738
-3.8344e-06,0.047954,0.057367
-3.6797e-06,0.047971,0.057354
-3.5173e-06,0.047986,0.057342
-3.3478e-06,0.047998,0.05733
-3.1723e-06,0.048008,0.05732
-2.9916e-06,0.048014,0.057309
-2.8064e-06,0.048019,0.0573
-2.6176e-06,0.04802,0.057292
-2.4259e-06,0.048018,0.057284
-2.2321e-06,0.048014,0.057277
-2.0367e-06,0.048008,0.05727
-1.8406e-06,0.047998,0.057265
-1.6444e-06,0.047986,0.05726
-1.4486e-06,0.047972,0.057256
-1.2538e-06,0.047955,0.057253
-1.0606e-06,0.047935,0.05725
-8.6955e-07,0.047914,0.057249
-6.8103e-07,0.04789,0.057248
-4.9554e-07,0.047865,0.057248
-3.1351e-07,0.047837,0.057248
-1.3534e-07,0.047808,0.05725
3.8605e-08,0.047777,0.057252
2.0798e-07,0.047744,0.057254
3.7247e-07,0.04771,0.057258
5.3178e-07,0.047675,0.057262
6.8563e-07,0.04764,0.057267
8.338e-07,0.047603,0.057272
9.7604e-07,0.047566,0.057278
1.1121e-06,0.047528,0.057284
1.242e-06,0.04749,0.057291
1.3653e-06,0.047452,0.057298
1.482e-06,0.047415,0.057305
1.5919e-06,0.047377,0.057313
1.695e-06,0.047341,0.057321
1.791e-06,0.047305,0.057329
1.88e-06,0.04727,0.057338
1.9618e-06,0.047236,0.057346
2.0364e-06,0.047204,0.057354
2.1037e-06,0.047173,0.057362
2.1636e-06,0.047143,0.057369
2.2161e-06,0.047116,0.057377
2.2612e-06,0.04709,0.057384
2.2988e-06,0.047067,0.05739
2.3289e-06,0.047046,0.057395
2.3515e-06,0.047028,0.0574
2.3666e-06,0.047011,0.057404
2.3742e-06,0.046998,0.057407
2.3742e-06,0.046987,0.057409
2.3666e-06,0.046979,0.05741
2.3515e-06,0.046974,0.05741
2.3289e-06,0.046972,0.057408
2.2988e-06,0.046973,0.057405
2.2612e-06,0.046976,0.0574
2.2161e-06,0.046983,0.057394
2.1636e-06,0.046992,0.057386
2.1036e-06,0.047005,0.057376
2.0364e-06,0.04702,0.057364
1.9618e-06,0.047039,0.057351
1.88e-06,0.04706,0.057336
1.791e-06,0.047083,0.057318
1.6949e-06,0.04711,0.057299
1.5919e-06,0.047138,0.057278
1.482e-06,0.04717,0.057255
1.3653e-06,0.047203,0.057229
1.2419e-06,0.047239,0.057202
1.1121e-06,0.047277,0.057172
9.7602e-07,0.047316,0.057141
8.3378e-07,0.047357,0.057107
6.8562e-07,0.0474,0.057072
5.3176e-07,0.047444,0.057034
3.7246e-07,0.047489,0.056995
2.0797e-07,0.047535,0.056953
3.8592e-08,0.047582,0.05691
-1.3535e-07,0.04763,0.056865
-3.1353e-07,0.047677,0.056818
-4.9556e-07,0.047725,0.05677
-6.8104e-07,0.047773,0.05672
-8.6956e-07,0.047821,0.056669
-1.0607e-06,0.047868,0.056616
-1.2538e-06,0.047914,0.056561
-1.4486e-06,0.04796,0.056506
-1.6444e-06,0.048004,0.056449
-1.8407e-06,0.048048,0.056392
-2.0368e-06,0.04809,0.056333
-2.2321e-06,0.04813,0.056274
-2.4259e-06,0.048168,0.056213
-2.6176e-06,0.048205,0.056153
-2.8064e-06,0.04824,0.056091
-2.9916e-06,0.048272,0.05603
-3.1723e-06,0.048302,0.055968
-3.3478e-06,0.04833,0.055906
-3.5173e-06,0.048355,0.055844
-3.6797e-06,0.048378,0.055782
-3.8344e-06,0.048398,0.05572
-3.9803e-06,0.048416,0.055659
-4.1166e-06,0.04843,0.055598
-4.2422e-06,0.048442,0.055537
-4.3564e-06,0.048451,0.055478
-4.458e-06,0.048457,0.055419
-4.5461e-06,0.048461,0.055362
-4.6197e-06,0.048462,0.055305
-4.6778e-06,0.04846,0.05525
-4.7195e-06,0.048455,0.055196
-4.7438e-06,0.048448,0.055144
-4.7497e-06,0.048438,0.055093
-4.7363e-06,0.048426,0.055044
-4.7025e-06,0.048412,0.054997
-4.6476e-06,0.048395,0.054952
-4.5705e-06,0.048376,0.054909
-4.4704e-06,0.048355,0.054868
-4.3465e-06,0.048332,0.054829
-4.198e-06,0.048308,0.054793
-4.0242e-06,0.048281,0.054759
-3.8242e-06,0.048254,0.054728
-3.5976e-06,0.048224,0.0547
-3.3436e-06,0.048194,0.054674
-3.0617e-06,0.048163,0.054651
-2.7515e-06,0.04813,0.054631
-2.4125e-06,0.048097,0.054613
-2.0445e-06,0.048063,0.054599
-1.6472e-06,0.048029,0.054588
-1.2204e-06,0.047994,0.05458
-7.6403e-07,0.047959,0.054575
-2.7814e-07,0.047924,0.054573
2.3717e-07,0.047889,0.054574
7.8169e-07,0.047854,0.054578
1.3551e-06,0.047819,0.054585
1.957e-06,0.047785,0.054596
2.5869e-06,0.047751,0.054609
3.2441e-06,0.047718,0.054626
3.9278e-06,0.047685,0.054645
4.6373e-06,0.047653,0.054668
5.3715e-06,0.047622,0.054694
6.1294e-06,0.047592,0.054722
6.9097e-06,0.047563,0.054753
7.7112e-06,0.047534,0.054787
8.5324e-06,0.047507,0.054824
9.3718e-06,0.047481,0.054863
1.0228e-05,0.047456,0.054905
1.1098e-05,0.047432,0.054949
1.1982e-05,0.047409,0.054995
1.2877e-05,0.047387,0.055044
1.378e-05,0.047367,0.055094
1.469e-05,0.047347,0.055147
1.5605e-05,0.047329,0.055201
1.6522e-05,0.047312,0.055257
1.7439e-05,0.047296,0.055314
1.8353e-05,0.047282,0.055373
1.9262e-05,0.047268,0.055433
2.0163e-05,0.047255,0.055494
2.1054e-05,0.047244,0.055555
2.1933e-05,0.047233,0.055618
2.2796e-05,0.047224,0.055681
2.364e-05,0.047215,0.055745
2.4464e-05,0.047207,0.05581
2.5265e-05,0.0472,0.055874
2.6039e-05,0.047194,0.055938
2.6785e-05,0.047188,0.056003
2.75e-05,0.047183,0.056067
2.8182e-05,0.047179,0.056131
2.8827e-05,0.047175,0.056195
2.9435e-05,0.047172,0.056258
3.0003e-05,0.047169,0.056321
3.0528e-05,0.047166,0.056382
3.1009e-05,0.047164,0.056443
3.1443e-05,0.047162,0.056503
3.1831e-05,0.04716,0.056562
3.2169e-05,0.047158,0.05662
3.2457e-05,0.047156,0.056677
3.2693e-05,0.047155,0.056733
3.2877e-05,0.047153,0.056787
3.3008e-05,0.047151,0.05684
3.3086e-05,0.047149,0.056892
3.3109e-05,0.047146,0.056942
3.3079e-05,0.047144,0.056991
3.2994e-05,0.047141,0.057038
3.2856e-05,0.047138,0.057084
3.2665e-05,0.047134,0.057128
3.2422e-05,0.04713,0.057171
3.2127e-05,0.047126,0.057212
3.1783e-05,0.047121,0.057251
3.1389e-05,0.047116,0.057289
3.0948e-05,0.04711,0.057326
3.0461e-05,0.047103,0.057361
2.993e-05,0.047096,0.057394
2.9357e-05,0.047088,0.057426
2.8744e-05,0.04708,0.057456
2.8094e-05,0.047071,0.057485
2.7408e-05,0.047062,0.057512
2.6688e-05,0.047051,0.057539
2.5939e-05,0.047041,0.057563
2.5161e-05,0.047029,0.057586
2.4357e-05,0.047018,0.057608
2.353e-05,0.047005,0.057629
2.2684e-05,0.046992,0.057648
2.1819e-05,0.046979,0.057667
2.094e-05,0.046965,0.057684
2.0048e-05,0.04695,0.057699
1.9146e-05,0.046935,0.057714
1.8238e-05,0.04692,0.057728
1.7324e-05,0.046904,0.05774
1.6409e-05,0.046888,0.057752
1.5494e-05,0.046872,0.057762
1.4582e-05,0.046855,0.057771
1.3675e-05,0.046839,0.05778
1.2775e-05,0.046822,0.057787
1.1885e-05,0.046805,0.057794
1.1006e-05,0.046788,0.0578
1.0141e-05,0.046771,0.057804
9.2911e-06,0.046754,0.057808
8.4583e-06,0.046738,0.057811
7.6444e-06,0.046721,0.057813
6.8507e-06,0.046705,0.057814
6.0787e-06,0.04669,0.057815
5.3297e-06,0.046674,0.057814
4.6049e-06,0.046659,0.057812
3.9054e-06,0.046645,0.05781
3.2321e-06,0.046631,0.057807
2.5859e-06,0.046617,0.057802
1.9674e-06,0.046605,0.057797
1.3774e-06,0.046593,0.057791
8.1618e-07,0.046581,0.057784
2.8426e-07,0.046571,0.057776
-2.1812e-07,0.046561,0.057767
-6.9077e-07,0.046552,0.057757
-1.1336e-06,0.046544,0.057746
-1.5467e-06,0.046537,0.057734
-1.9302e-06,0.046531,0.057721
-2.2842e-06,0.046525,0.057707
-2.609e-06,0.046521,0.057692
-2.9051e-06,0.046517,0.057676
-3.1729e-06,0.046514,0.057659
-3.4129e-06,0.046512,0.057641
-3.6257e-06,0.046511,0.057621
-3.812e-06,0.046511,0.057601
-3.9724e-06,0.046511,0.05758
-4.1079e-06,0.046512,0.057558
-4.2191e-06,0.046514,0.057535
-4.3069e-06,0.046517,0.057511
-4.3724e-06,0.04652,0.057486
-4.4163e-06,0.046523,0.05746
-4.4396e-06,0.046527,0.057433
-4.4434e-06,0.046532,0.057406
-4.4287e-06,0.046537,0.057378
-4.3964e-06,0.046542,0.057349
-4.3478e-06,0.046547,0.057319
-4.2836e-06,0.046553,0.057289
-4.2052e-06,0.046558,0.057258
-4.1134e-06,0.046564,0.057227
-4.0094e-06,0.046569,0.057195
-3.8941e-06,0.046575,0.057164
-3.7687e-06,0.04658,0.057131
-3.6341e-06,0.046585,0.057099
-3.4914e-06,0.046589,0.057067
-3.3415e-06,0.046593,0.057035
-3.1853e-06,0.046597,0.057003
-3.0239e-06,0.046601,0.056971
-2.8581e-06,0.046603,0.05694
-2.6888e-06,0.046606,0.056909
-2.5169e-06,0.046608,0.056879
-2.3432e-06,0.046609,0.05685
-2.1684e-06,0.04661,0.056822
-1.9932e-06,0.04661,0.056794
-1.8186e-06,0.04661,0.056768
-1.645e-06,0.046609,0.056743
-1.4731e-06,0.046608,0.056719
-1.3035e-06,0.046606,0.056697
-1.1369e-06,0.046604,0.056676
-9.736e-07,0.046601,0.056657
-8.1423e-07,0.046598,0.05664
-6.5918e-07,0.046595,0.056625
-5.0887e-07,0.046592,0.056612
-3.6365e-07,0.046588,0.056601
-2.2387e-07,0.046585,0.056592
-8.9805e-08,0.046581,0.056585
3.8286e-08,0.046577,0.056581
1.6018e-07,0.046574,0.056579
2.7571e-07,0.046571,0.056579
3.847e-07,0.046568,0.056582
4.8706e-07,0.046565,0.056588
5.8268e-07,0.046564,0.056596
6.7152e-07,0.046562,0.056606
7.5356e-07,0.046562,0.056619
8.2878e-07,0.046562,0.056635
8.9723e-07,0.046563,0.056652
9.5895e-07,0.046565,0.056673
1.014e-06,0.046568,0.056696
1.0626e-06,0.046572,0.056721
1.1047e-06,0.046578,0.056748
1.1405e-06,0.046585,0.056778
1.1702e-06,0.046593,0.056809
1.1939e-06,0.046603,0.056843
1.2119e-06,0.046614,0.056878
1.2243e-06,0.046627,0.056916
1.2313e-06,0.046642,0.056954
1.2333e-06,0.046658,0.056995
1.2303e-06,0.046676,0.057036
1.2227e-06,0.046697,0.057079
1.2108e-06,0.046719,0.057123
1.1946e-06,0.046742,0.057167
1.1746e-06,0.046768,0.057212
1.151e-06,0.046796,0.057258
1.124e-06,0.046826,0.057304
1.0939e-06,0.046858,0.05735
1.061e-06,0.046892,0.057396
1.0256e-06,0.046928,0.057442
9.8778e-07,0.046967,0.057488
9.4794e-07,0.047007,0.057532
9.0631e-07,0.047049,0.057577
8.6312e-07,0.047093,0.05762
8.1862e-07,0.047139,0.057662
7.7304e-07,0.047187,0.057703
7.2662e-07,0.047237,0.057743
6.7956e-07,0.047288,0.057781
6.3209e-07,0.047341,0.057818
5.8441e-07,0.047396,0.057852
5.3672e-07,0.047452,0.057885
4.8919e-07,0.04751,0.057916
4.4201e-07,0.047569,0.057945
3.9535e-07,0.04763,0.057972
3.4935e-07,0.047691,0.057996
3.0418e-07,0.047754,0.058018
2.5996e-07,0.047817,0.058037
2.1682e-07,0.047881,0.058054
1.7487e-07,0.047946,0.058069
1.3423e-07,0.048011,0.05808
9.4994e-08,0.048077,0.05809
5.7239e-08,0.048142,0.058096
2.1045e-08,0.048208,0.0581
-1.3521e-08,0.048273,0.058101
-4.6404e-08,0.048339,0.058099
-7.7555e-08,0.048403,0.058095
-1.0694e-07,0.048467,0.058088
-1.3452e-07,0.04853,0.058079
-1.6028e-07,0.048592,0.058067
-1.8421e-07,0.048653,0.058052
-2.063e-07,0.048713,0.058035
-2.2655e-07,0.048771,0.058015
-2.4498e-07,0.048827,0.057993
-2.6159e-07,0.048882,0.057968
-2.7642e-07,0.048934,0.057942
-2.8949e-07,0.048985,0.057913
-3.0083e-07,0.049033,0.057882
-3.1049e-07,0.049078,0.057849
-3.1851e-07,0.049121,0.057814
-3.2493e-07,0.049161,0.057778
-3.2982e-07,0.049198,0.057739
-3.3322e-07,0.049232,0.057699
-3.3519e-07,0.049263,0.057658
-3.3581e-07,0.04929,0.057615
-3.3512e-07,0.049314,0.057571
-3.3321e-07,0.049335,0.057526
-3.3013e-07,0.049352,0.05748
-3.2595e-07,0.049366,0.057434
-3.2076e-07,0.049376,0.057386
-3.1461e-07,0.049382,0.057338
-3.0759e-07,0.049384,0.05729
-2.9975e-07,0.049383,0.057241
-2.9118e-07,0.049377,0.057192
-2.8194e-07,0.049368,0.057143
-2.7211e-07,0.049355,0.057094
-2.6176e-07,0.049339,0.057046
-2.5094e-07,0.049318,0.056997
-2.3973e-07,0.049294,0.05695
-2.282e-07,0.049266,0.056903
-2.164e-07,0.049234,0.056857
-2.0439e-07,0.049199,0.056812
-1.9224e-07,0.04916,0.056767
-1.8e-07,0.049118,0.056724
-1.6773e-07,0.049072,0.056683
-1.5547e-07,0.049023,0.056642
-1.4327e-07,0.048972,0.056603
-1.3119e-07,0.048917,0.056566
-1.1925e-07,0.048859,0.056531
-1.0751e-07,0.048799,0.056497
-9.5992e-08,0.048736,0.056465
-8.474e-08,0.048671,0.056435
-7.3781e-08,0.048604,0.056407
-6.3144e-08,0.048535,0.056382
-5.2854e-08,0.048464,0.056358
-4.2933e-08,0.048391,0.056337
-3.34e-08,0.048317,0.056318
-2.4272e-08,0.048242,0.056301
-1.5563e-08,0.048166,0.056287
-7.2837e-09,0.048089,0.056275
5.5759e-10,0.048012,0.056266
7.955e-09,0.047934,0.056259
1.4905e-08,0.047857,0.056254
2.1407e-08,0.047779,0.056252
2.7462e-08,0.047702,0.056252
3.3073e-08,0.047626,0.056255
3.8247e-08,0.04755,0.056259
4.299e-08,0.047476,0.056267
4.7311e-08,0.047403,0.056276
5.1222e-08,0.047331,0.056288
5.4735e-08,0.047262,0.056302
5.7864e-08,0.047194,0.056318
6.0624e-08,0.047128,0.056336
6.3032e-08,0.047065,0.056356
6.5104e-08,0.047005,0.056378
6.6859e-08,0.046947,0.056401
6.8316e-08,0.046892,0.056426
6.9495e-08,0.04684,0.056453
7.0416e-08,0.046792,0.056481
7.1099e-08,0.046747,0.056511
7.1565e-08,0.046705,0.056542
7.1835e-08,0.046667,0.056574
7.1929e-08,0.046633,0.056607
7.1868e-08,0.046602,0.056641
7.1674e-08,0.046575,0.056676
7.1364e-08,0.046553,0.056711
7.096e-08,0.046534,0.056747
7.0481e-08,0.046519,0.056784
6.9943e-08,0.046508,0.05682
6.9366e-08,0.046501,0.056857
6.8765e-08,0.046498,0.056894
6.8156e-08,0.046499,0.056931
6.7555e-08,0.046504,0.056968
6.6974e-08,0.046512,0.057004
6.6426e-08,0.046524,0.057041
6.5922e-08,0.04654,0.057076
6.5471e-08,0.046559,0.057111
6.5084e-08,0.046582,0.057146
6.4766e-08,0.046608,0.05718
6.4523e-08,0.046637,0.057212
6.4361e-08,0.046668,0.057244
6.4281e-08,0.046703,0.057275
6.4285e-08,0.04674,0.057305
6.4373e-08,0.046779,0.057334
6.4544e-08,0.04682,0.057361
6.4795e-08,0.046864,0.057387
6.5121e-08,0.046909,0.057412
6.5516e-08,0.046956,0.057435
6.5973e-08,0.047004,0.057457
6.6484e-08,0.047053,0.057477
6.7039e-08,0.047103,0.057496
6.7625e-08,0.047153,0.057513
6.8232e-08,0.047204,0.057528
6.8845e-08,0.047255,0.057542
6.9449e-08,0.047306,0.057554
7.0029e-08,0.047356,0.057565
7.0569e-08,0.047406,0.057574
7.105e-08,0.047456,0.057581
7.1454e-08,0.047504,0.057587
7.1762e-08,0.047551,0.057591
7.1955e-08,0.047596,0.057593
7.2012e-08,0.04764,0.057594
7.1914e-08,0.047682,0.057594
7.1639e-08,0.047722,0.057592
7.1167e-08,0.04776,0.057588
7.0476e-08,0.047796,0.057583
6.9547e-08,0.047829,0.057577
6.8358e-08,0.047859,0.05757
6.689e-08,0.047886,0.057562
6.5123e-08,0.047911,0.057552
6.3038e-08,0.047932,0.057542
6.0616e-08,0.04795,0.057531
5.7841e-08,0.047965,0.057519
5.4696e-08,0.047976,0.057506
5.1166e-08,0.047984,0.057493
4.7237e-08,0.047988,0.057479
4.2897e-08,0.047989,0.057465
3.8134e-08,0.047986,0.057451
3.294e-08,0.04798,0.057436
2.7308e-08,0.04797,0.057422
2.1231e-08,0.047957,0.057407
1.4707e-08,0.04794,0.057393
7.734e-09,0.047919,0.057379
3.1353e-10,0.047895,0.057365
-7.551e-09,0.047868,0.057352
-1.5854e-08,0.047837,0.05734
-2.4586e-08,0.047803,0.057328
-3.3737e-08,0.047766,0.057317
-4.3293e-08,0.047726,0.057306
-5.3237e-08,0.047683,0.057297
-6.355e-08,0.047638,0.057289
-7.4209e-08,0.04759,0.057281
-8.5188e-08,0.04754,0.057275
-9.6461e-08,0.047487,0.05727
-1.08e-07,0.047433,0.057267
-1.1976e-07,0.047377,0.057265
-1.3171e-07,0.047319,0.057264
-1.4381e-07,0.047259,0.057264
-1.5602e-07,0.047199,0.057266
-1.6829e-07,0.047137,0.057269
-1.8058e-07,0.047075,0.057273
-1.9283e-07,0.047012,0.057279
-2.0498e-07,0.046949,0.057287
-2.1699e-07,0.046886,0.057295
-2.2879e-07,0.046822,0.057305
-2.4033e-07,0.046759,0.057317
-2.5153e-07,0.046697,0.057329
-2.6234e-07,0.046635,0.057343
-2.7269e-07,0.046574,0.057358
-2.8251e-07,0.046515,0.057373
-2.9173e-07,0.046456,0.05739
-3.0028e-07,0.0464,0.057408
-3.081e-07,0.046344,0.057427
-3.151e-07,0.046291,0.057446
-3.2122e-07,0.04624,0.057466
-3.2638e-07,0.046191,0.057486
-3.3052e-07,0.046144,0.057507
-3.3356e-07,0.0461,0.057528
-3.3543e-07,0.046059,0.05755
-3.3607e-07,0.04602,0.057571
-3.3541e-07,0.045984,0.057593
-3.3338e-07,0.045951,0.057614
-3.2993e-07,0.045921,0.057635
-3.2499e-07,0.045894,0.057656
-3.185e-07,0.04587,0.057676
-3.1042e-07,0.045849,0.057696
-3.0069e-07,0.045832,0.057715
-2.8928e-07,0.045818,0.057734
-2.7613e-07,0.045807,0.057751
-2.6123e-07,0.045799,0.057768
-2.4453e-07,0.045794,0.057783
-2.2603e-07,0.045793,0.057797
-2.0569e-07,0.045794,0.05781
-1.8352e-07,0.045799,0.057822
-1.595e-07,0.045807,0.057833
-1.3366e-07,0.045818,0.057841
-1.0599e-07,0.045831,0.057849
-7.6518e-08,0.045847,0.057855
-4.5279e-08,0.045866,0.057859
-1.2309e-08,0.045887,0.057861
2.2346e-08,0.045911,0.057862
5.8626e-08,0.045937,0.05786
9.6467e-08,0.045966,0.057857
1.3579e-07,0.045996,0.057853
1.7651e-07,0.046028,0.057846
2.1853e-07,0.046062,0.057837
2.6175e-07,0.046098,0.057827
3.0604e-07,0.046135,0.057814
3.5129e-07,0.046173,0.0578
3.9734e-07,0.046213,0.057783
4.4407e-07,0.046254,0.057765
4.913e-07,0.046296,0.057745
5.3887e-07,0.046338,0.057723
5.8661e-07,0.046381,0.057699
6.3432e-07,0.046425,0.057673
6.8182e-07,0.046469,0.057645
7.2889e-07,0.046513,0.057616
7.7533e-07,0.046557,0.057585
8.209e-07,0.046602,0.057552
8.654e-07,0.046646,0.057517
9.0857e-07,0.04669,0.057481
9.5018e-07,0.046734,0.057444
9.8998e-07,0.046777,0.057405
1.0277e-06,0.04682,0.057364
1.0631e-06,0.046862,0.057322
1.096e-06,0.046903,0.057279
1.126e-06,0.046944,0.057235
1.1528e-06,0.046984,0.05719
1.1764e-06,0.047023,0.057143
1.1963e-06,0.047061,0.057096
1.2122e-06,0.047097,0.057048
1.2241e-06,0.047133,0.056999
1.2315e-06,0.047168,0.056949
1.2343e-06,0.047202,0.056899
1.2322e-06,0.047234,0.056849
1.2249e-06,0.047265,0.056798
1.2123e-06,0.047295,0.056747
1.1941e-06,0.047324,0.056695
1.1701e-06,0.047351,0.056644
1.1402e-06,0.047378,0.056593
1.1041e-06,0.047403,0.056542
1.0618e-06,0.047426,0.056491
1.013e-06,0.047449,0.05644
9.5762e-07,0.04747,0.05639
8.9561e-07,0.04749,0.056341
8.2687e-07,0.047509,0.056292
7.5134e-07,0.047526,0.056244
6.6899e-07,0.047542,0.056197
5.7984e-07,0.047558,0.056151
4.8389e-07,0.047572,0.056106
3.8122e-07,0.047585,0.056062
2.719e-07,0.047597,0.056019
1.5605e-07,0.047608,0.055978
3.3827e-08,0.047618,0.055938
-9.4587e-08,0.047627,0.0559
-2.2897e-07,0.047635,0.055863
-3.6907e-07,0.047642,0.055828
-5.1459e-07,0.047648,0.055795
-6.652e-07,0.047654,0.055764
-8.2054e-07,0.047659,0.055734
-9.8019e-07,0.047663,0.055707
-1.1437e-06,0.047667,0.055682
-1.3106e-06,0.047669,0.055658
-1.4804e-06,0.047672,0.055637
-1.6525e-06,0.047674,0.055619
-1.8263e-06,0.047675,0.055602
-2.0012e-06,0.047676,0.055588
-2.1764e-06,0.047676,0.055576
-2.3514e-06,0.047677,0.055566
-2.5252e-06,0.047676,0.055559
-2.6972e-06,0.047676,0.055554
-2.8665e-06,0.047675,0.055552
-3.0323e-06,0.047675,0.055552
-3.1937e-06,0.047674,0.055555
-3.3498e-06,0.047673,0.05556
-3.4996e-06,0.047672,0.055568
-3.6422e-06,0.047671,0.055578
-3.7766e-06,0.04767,0.05559
-3.9018e-06,0.047669,0.055605
-4.0168e-06,0.047668,0.055622
-4.1205e-06,0.047667,0.055642
-4.212e-06,0.047667,0.055664
-4.2901e-06,0.047666,0.055688
-4.3537e-06,0.047666,0.055714
-4.402e-06,0.047666,0.055742
-4.4337e-06,0.047666,0.055773
-4.4478e-06,0.047667,0.055805
-4.4434e-06,0.047668,0.055839
-4.4194e-06,0.047669,0.055875
-4.3748e-06,0.047671,0.055913
-4.3086e-06,0.047673,0.055953
-4.22e-06,0.047675,0.055994
-4.1079e-06,0.047678,0.056036
-3.9716e-06,0.047681,0.05608
-3.8102e-06,0.047685,0.056125
-3.623e-06,0.047689,0.056171
-3.4092e-06,0.047693,0.056218
-3.1681e-06,0.047698,0.056266
-2.8993e-06,0.047703,0.056314
-2.6021e-06,0.047709,0.056364
-2.2761e-06,0.047715,0.056413
-1.921e-06,0.047722,0.056463
-1.5364e-06,0.047729,0.056514
-1.1221e-06,0.047736,0.056564
-6.7809e-07,0.047744,0.056614
-2.0425e-07,0.047753,0.056664
2.9932e-07,0.047761,0.056714
8.3243e-07,0.047771,0.056763
1.3948e-06,0.04778,0.056812
1.986e-06,0.04779,0.05686
2.6057e-06,0.047801,0.056907
3.253e-06,0.047812,0.056953
3.9274e-06,0.047823,0.056998
4.628e-06,0.047834,0.057042
5.3538e-06,0.047847,0.057084
6.1037e-06,0.047859,0.057125
6.8767e-06,0.047872,0.057165
7.6712e-06,0.047885,0.057203
8.486e-06,0.047899,0.057239
9.3194e-06,0.047913,0.057273
1.017e-05,0.047927,0.057306
1.1036e-05,0.047942,0.057337
1.1915e-05,0.047957,0.057365
1.2805e-05,0.047972,0.057392
1.3705e-05,0.047988,0.057416
1.4613e-05,0.048004,0.057439
1.5525e-05,0.04802,0.057459
1.644e-05,0.048036,0.057477
1.7355e-05,0.048053,0.057493
1.8268e-05,0.04807,0.057507
1.9176e-05,0.048088,0.057518
2.0077e-05,0.048105,0.057527
2.0968e-05,0.048123,0.057534
2.1847e-05,0.048141,0.057539
2.271e-05,0.048159,0.057541
2.3556e-05,0.048177,0.057542
2.4381e-05,0.048196,0.05754
2.5183e-05,0.048214,0.057537
2.5959e-05,0.048232,0.057531
2.6707e-05,0.04825,0.057523
2.7424e-05,0.048268,0.057514
2.8108e-05,0.048286,0.057503
2.8756e-05,0.048304,0.05749
2.9366e-05,0.048322,0.057475
2.9936e-05,0.048339,0.057459
3.0464e-05,0.048356,0.057441
3.0948e-05,0.048372,0.057423
3.1386e-05,0.048388,0.057402
3.1776e-05,0.048404,0.057381
3.2118e-05,0.048419,0.057359
3.2409e-05,0.048433,0.057336
3.2648e-05,0.048447,0.057312
3.2835e-05,0.04846,0.057287
3.2969e-05,0.048472,0.057262
3.305e-05,0.048483,0.057236
3.3076e-05,0.048493,0.05721
3.3048e-05,0.048502,0.057184
3.2967e-05,0.04851,0.057158
3.2831e-05,0.048517,0.057131
3.2643e-05,0.048523,0.057105
3.2402e-05,0.048527,0.057079
3.211e-05,0.04853,0.057053
3.1767e-05,0.048532,0.057028
3.1376e-05,0.048532,0.057004
3.0936e-05,0.048531,0.05698
3.0451e-05,0.048528,0.056956
2.9922e-05,0.048524,0.056934
2.9351e-05,0.048518,0.056913
2.8739e-05,0.04851,0.056892
2.809e-05,0.048501,0.056873
2.7405e-05,0.048489,0.056855
2.6687e-05,0.048476,0.056838
2.5938e-05,0.048461,0.056822
2.5161e-05,0.048444,0.056808
2.4358e-05,0.048425,0.056795
2.3532e-05,0.048404,0.056784
2.2685e-05,0.048381,0.056774
2.1821e-05,0.048356,0.056766
2.0942e-05,0.048329,0.05676
2.005e-05,0.0483,0.056755
1.9148e-05,0.048269,0.056751
1.824e-05,0.048235,0.05675
1.7326e-05,0.0482,0.05675
1.6411e-05,0.048163,0.056752
1.5495e-05,0.048123,0.056756
1.4583e-05,0.048081,0.056761
1.3675e-05,0.048037,0.056768
1.2775e-05,0.047992,0.056777
1.1885e-05,0.047944,0.056788
1.1006e-05,0.047894,0.056801
1.014e-05,0.047842,0.056815
9.2899e-06,0.047788,0.056831
8.4568e-06,0.047732,0.056849
7.6426e-06,0.047674,0.056868
6.8487e-06,0.047615,0.056889
6.0765e-06,0.047553,0.056912
5.3274e-06,0.04749,0.056936
4.6026e-06,0.047425,0.056962
3.9032e-06,0.047359,0.056989
3.23e-06,0.047291,0.057018
2.584e-06,0.047221,0.057048
1.9659e-06,0.047151,0.057079
1.3764e-06,0.047079,0.057112
8.1576e-07,0.047005,0.057146
2.8455e-07,0.046931,0.057181
-2.1697e-07,0.046855,0.057217
-6.8865e-07,0.046779,0.057255
-1.1304e-06,0.046702,0.057293
-1.5422e-06,0.046624,0.057332
-1.9243e-06,0.046546,0.057372
-2.2767e-06,0.046467,0.057413
-2.5999e-06,0.046388,0.057454
-2.8942e-06,0.046309,0.057496
-3.16e-06,0.04623,0.057538
-3.398e-06,0.046151,0.057581
-3.6086e-06,0.046072,0.057624
-3.7925e-06,0.045993,0.057667
-3.9505e-06,0.045916,0.057711
-4.0834e-06,0.045838,0.057754
-4.1919e-06,0.045762,0.057797
-4.277e-06,0.045687,0.05784
-4.3396e-06,0.045613,0.057882
-4.3806e-06,0.04554,0.057924
-4.401e-06,0.045469,0.057966
-4.4018e-06,0.0454,0.058007
-4.384e-06,0.045332,0.058046
-4.3486e-06,0.045267,0.058085
-4.2969e-06,0.045203,0.058123
-4.2297e-06,0.045142,0.05816
-4.1481e-06,0.045083,0.058196
-4.0533e-06,0.045027,0.05823
-3.9464e-06,0.044973,0.058263
-3.8283e-06,0.044923,0.058294
-3.7001e-06,0.044875,0.058323
-3.5628e-06,0.044831,0.058351
-3.4176e-06,0.04479,0.058376
-3.2653e-06,0.044752,0.0584
-3.107e-06,0.044718,0.058421
-2.9436e-06,0.044687,0.05844
-2.7761e-06,0.04466,0.058457
-2.6053e-06,0.044637,0.058472
-2.4321e-06,0.044618,0.058484
-2.2574e-06,0.044603,0.058493
-2.0819e-06,0.044593,0.0585
-1.9065e-06,0.044586,0.058504
-1.7318e-06,0.044584,0.058506
-1.5585e-06,0.044586,0.058505
-1.3874e-06,0.044592,0.058501
-1.219e-06,0.044603,0.058494
-1.0539e-06,0.044618,0.058484
-8.9264e-07,0.044637,0.058471
-7.357e-07,0.044661,0.058456
-5.8355e-07,0.04469,0.058438
-4.3661e-07,0.044723,0.058416
-2.9524e-07,0.04476,0.058392
-1.5979e-07,0.044802,0.058365
-3.0564e-08,0.044848,0.058336
9.2189e-08,0.044898,0.058303
2.0824e-07,0.044953,0.058268
3.1741e-07,0.045012,0.058231
4.1955e-07,0.045074,0.058191
5.1454e-07,0.045141,0.058148
6.023e-07,0.045211,0.058104
6.8278e-07,0.045285,0.058057
7.5597e-07,0.045362,0.058008
8.2188e-07,0.045443,0.057957
8.8056e-07,0.045527,0.057904
9.3208e-07,0.045614,0.05785
9.7653e-07,0.045704,0.057795
1.014e-06,0.045796,0.057738
1.0447e-06,0.045891,0.05768
1.0688e-06,0.045988,0.057621
1.0865e-06,0.046087,0.057561
1.0979e-06,0.046187,0.057501
1.1033e-06,0.046289,0.057441
1.103e-06,0.046392,0.057381
1.0971e-06,0.046496,0.057321
1.086e-06,0.0466,0.057261
1.07e-06,0.046705,0.057202
1.0493e-06,0.04681,0.057144
1.0243e-06,0.046915,0.057087
9.9517e-07,0.047019,0.057031
9.6236e-07,0.047122,0.056977
9.2614e-07,0.047224,0.056925
8.8685e-07,0.047325,0.056874
8.448e-07,0.047424,0.056826
8.0033e-07,0.047521,0.056781
7.5377e-07,0.047616,0.056738
7.0545e-07,0.047708,0.056699
6.5569e-07,0.047797,0.056662
6.0481e-07,0.047883,0.056629
5.5314e-07,0.047965,0.056599
5.0099e-07,0.048044,0.056573
4.4867e-07,0.048119,0.056551
3.9647e-07,0.04819,0.056533
3.447e-07,0.048256,0.056519
2.9363e-07,0.048317,0.05651
2.4353e-07,0.048374,0.056505
1.9468e-07,0.048425,0.056504
1.4732e-07,0.048472,0.056509
1.017e-07,0.048512,0.056518
5.8045e-08,0.048548,0.056531
1.6573e-08,0.048577,0.05655
-2.2514e-08,0.0486,0.056574
-5.9026e-08,0.048618,0.056602
-9.2788e-08,0.04863,0.056636
-1.2364e-07,0.048635,0.056674
-1.5143e-07,0.048634,0.056717
-1.7604e-07,0.048627,0.056765
-1.9735e-07,0.048614,0.056817
-2.1526e-07,0.048594,0.056875
-2.2968e-07,0.048569,0.056937
-2.4056e-07,0.048537,0.057003
-2.4784e-07,0.048499,0.057073
-2.5149e-07,0.048455,0.057148
-2.5149e-07,0.048405,0.057226
-2.4784e-07,0.04835,0.057309
-2.4056e-07,0.048289,0.057395
-2.2968e-07,0.048222,0.057484
-2.1526e-07,0.04815,0.057576
-1.9735e-07,0.048073,0.057672
-1.7604e-07,0.047992,0.05777
-1.5143e-07,0.047906,0.05787
-1.2364e-07,0.047815,0.057973
-9.2788e-08,0.04772,0.058078
-5.9026e-08,0.047622,0.058184
-2.2515e-08,0.04752,0.058291
1.6572e-08,0.047415,0.0584
5.8045e-08,0.047308,0.058509
1.017e-07,0.047198,0.058618
1.4732e-07,0.047085,0.058728
1.9468e-07,0.046971,0.058838
2.4353e-07,0.046856,0.058947
2.9363e-07,0.04674,0.059055
3.447e-07,0.046623,0.059162
3.9647e-07,0.046506,0.059267
4.4867e-07,0.046389,0.059371
5.0099e-07,0.046272,0.059473
5.5314e-07,0.046157,0.059573
6.0481e-07,0.046043,0.05967
6.5569e-07,0.045931,0.059765
7.0545e-07,0.045821,0.059856
7.5377e-07,0.045713,0.059944
8.0033e-07,0.045609,0.060029
8.448e-07,0.045508,0.06011
8.8685e-07,0.04541,0.060186
9.2615e-07,0.045317,0.060259
9.6236e-07,0.045228,0.060328
9.9518e-07,0.045143,0.060392
1.0243e-06,0.045064,0.060452
1.0493e-06,0.04499,0.060507
1.07e-06,0.044921,0.060557
1.086e-06,0.044859,0.060603
1.0971e-06,0.044802,0.060644
1.103e-06,0.044752,0.06068
1.1033e-06,0.044709,0.060711
1.0979e-06,0.044672,0.060737
1.0865e-06,0.044643,0.060759
1.0688e-06,0.04462,0.060776
1.0448e-06,0.044604,0.060788
1.014e-06,0.044596,0.060795
9.7654e-07,0.044596,0.060798
9.3209e-07,0.044602,0.060796
8.8057e-07,0.044616,0.060791
8.2189e-07,0.044638,0.060781
7.5598e-07,0.044667,0.060767
6.8279e-07,0.044703,0.060749
6.0231e-07,0.044746,0.060728
5.1455e-07,0.044797,0.060703
4.1956e-07,0.044855,0.060676
3.1742e-07,0.044919,0.060645
2.0825e-07,0.04499,0.060612
9.2199e-08,0.045068,0.060576
-3.0555e-08,0.045151,0.060537
-1.5978e-07,0.045241,0.060497
-2.9523e-07,0.045337,0.060455
-4.366e-07,0.045438,0.060412
-5.8354e-07,0.045543,0.060367
-7.3569e-07,0.045654,0.060321
-8.9263e-07,0.045769,0.060275
-1.0539e-06,0.045888,0.060228
-1.219e-06,0.046011,0.060181
-1.3874e-06,0.046137,0.060134
-1.5585e-06,0.046267,0.060087
-1.7318e-06,0.046398,0.06004
-1.9065e-06,0.046532,0.059994
-2.0819e-06,0.046667,0.059949
-2.2574e-06,0.046804,0.059905
-2.4321e-06,0.046941,0.059863
-2.6053e-06,0.047079,0.059821
-2.7761e-06,0.047217,0.059782
-2.9436e-06,0.047355,0.059744
-3.107e-06,0.047492,0.059708
-3.2653e-06,0.047627,0.059675
-3.4176e-06,0.047761,0.059643
-3.5628e-06,0.047894,0.059614
-3.7001e-06,0.048023,0.059587
-3.8283e-06,0.048151,0.059563
-3.9464e-06,0.048275,0.059541
-4.0534e-06,0.048396,0.059522
-4.1481e-06,0.048513,0.059506
-4.2297e-06,0.048626,0.059492
-4.2969e-06,0.048735,0.059481
-4.3487e-06,0.04884,0.059473
-4.384e-06,0.04894,0.059467
-4.4018e-06,0.049035,0.059464
-4.401e-06,0.049125,0.059463
-4.3806e-06,0.049209,0.059465
-4.3396e-06,0.049289,0.05947
-4.2771e-06,0.049362,0.059476
-4.192e-06,0.04943,0.059485
-4.0834e-06,0.049492,0.059497
-3.9506e-06,0.049549,0.05951
-3.7925e-06,0.049599,0.059525
-3.6086e-06,0.049644,0.059541
-3.398e-06,0.049683,0.059559
-3.1601e-06,0.049715,0.059579
-2.8942e-06,0.049742,0.059599
-2.6e-06,0.049763,0.059621
-2.2768e-06,0.049779,0.059643
-1.9243e-06,0.049789,0.059666
-1.5423e-06,0.049793,0.059689
-1.1304e-06,0.049792,0.059712
-6.8868e-07,0.049785,0.059735
-2.1701e-07,0.049773,0.059758
2.8452e-07,0.049756,0.05978
8.1572e-07,0.049735,0.059801
1.3763e-06,0.049709,0.059822
1.9659e-06,0.049678,0.059841
2.584e-06,0.049643,0.059858
3.23e-06,0.049603,0.059874
3.9031e-06,0.04956,0.059887
4.6026e-06,0.049513,0.059899
5.3274e-06,0.049462,0.059908
6.0765e-06,0.049409,0.059915
6.8486e-06,0.049352,0.059918
7.6425e-06,0.049292,0.059919
8.4568e-06,0.049229,0.059916
9.2899e-06,0.049164,0.05991
1.014e-05,0.049096,0.059901
1.1006e-05,0.049027,0.059888
1.1885e-05,0.048955,0.059871
1.2775e-05,0.048882,0.059851
1.3675e-05,0.048807,0.059826
1.4583e-05,0.048731,0.059797
1.5495e-05,0.048653,0.059765
1.6411e-05,0.048575,0.059728
1.7326e-05,0.048495,0.059686
1.824e-05,0.048415,0.059641
1.9148e-05,0.048335,0.059591
2.005e-05,0.048254,0.059537
2.0942e-05,0.048173,0.059479
2.1821e-05,0.048092,0.059417
2.2685e-05,0.04801,0.059351
2.3532e-05,0.047929,0.05928
2.4358e-05,0.047849,0.059206
2.5161e-05,0.047768,0.059128
2.5938e-05,0.047689,0.059047
2.6687e-05,0.04761,0.058962
2.7405e-05,0.047531,0.058874
2.809e-05,0.047454,0.058783
2.874e-05,0.047377,0.058689
2.9351e-05,0.047302,0.058593
2.9922e-05,0.047228,0.058494
3.0451e-05,0.047155,0.058394
3.0937e-05,0.047083,0.058291
3.1376e-05,0.047013,0.058188
3.1767e-05,0.046945,0.058083
3.211e-05,0.046878,0.057977
3.2402e-05,0.046812,0.05787
3.2643e-05,0.046749,0.057764
3.2832e-05,0.046687,0.057657
3.2967e-05,0.046627,0.057552
3.3048e-05,0.04657,0.057447
3.3076e-05,0.046514,0.057343
3.305e-05,0.046461,0.057241
3.2969e-05,0.046409,0.05714
3.2836e-05,0.04636,0.057042
3.2648e-05,0.046313,0.056947
3.2409e-05,0.046269,0.056855
3.2118e-05,0.046227,0.056766
3.1777e-05,0.046188,0.05668
3.1386e-05,0.046151,0.056599
3.0948e-05,0.046117,0.056521
3.0465e-05,0.046085,0.056449
2.9937e-05,0.046056,0.056381
2.9366e-05,0.04603,0.056318
2.8756e-05,0.046007,0.056261
2.8108e-05,0.045986,0.05621
2.7424e-05,0.045968,0.056164
2.6707e-05,0.045953,0.056124
2.5959e-05,0.045941,0.056091
2.5183e-05,0.045932,0.056064
2.4381e-05,0.045925,0.056043
2.3556e-05,0.045922,0.056029
2.271e-05,0.045922,0.056022
2.1847e-05,0.045924,0.056022
2.0968e-05,0.045929,0.056029
2.0077e-05,0.045938,0.056042
1.9176e-05,0.045949,0.056063
1.8268e-05,0.045963,0.056091
1.7355e-05,0.045979,0.056125
1.644e-05,0.045999,0.056166
1.5525e-05,0.046021,0.056214
1.4613e-05,0.046046,0.056269
1.3705e-05,0.046074,0.05633
1.2805e-05,0.046104,0.056397
1.1915e-05,0.046137,0.05647
1.1036e-05,0.046172,0.05655
1.017e-05,0.046209,0.056635
9.3193e-06,0.046249,0.056725
8.4858e-06,0.046291,0.056821
7.671e-06,0.046335,0.056922
6.8764e-06,0.046381,0.057027
6.1035e-06,0.046428,0.057137
5.3535e-06,0.046478,0.057251
4.6277e-06,0.046529,0.057368
3.9271e-06,0.046581,0.057489
3.2527e-06,0.046635,0.057613
2.6053e-06,0.04669,0.057739
1.9857e-06,0.046746,0.057868
1.3944e-06,0.046803,0.057999
8.3204e-07,0.04686,0.058131
2.9892e-07,0.046918,0.058265
-2.0467e-07,0.046977,0.058399
-6.7852e-07,0.047036,0.058535
-1.1226e-06,0.047095,0.05867
-1.5369e-06,0.047153,0.058805
-1.9215e-06,0.047212,0.058939
-2.2766e-06,0.04727,0.059073
-2.6026e-06,0.047328,0.059206
-2.8998e-06,0.047385,0.059337
-3.1686e-06,0.047441,0.059466
-3.4097e-06,0.047496,0.059594
-3.6235e-06,0.04755,0.059719
-3.8107e-06,0.047603,0.059842
-3.9721e-06,0.047654,0.059962
-4.1084e-06,0.047704,0.060079
-4.2205e-06,0.047752,0.060193
-4.3091e-06,0.047799,0.060303
-4.3753e-06,0.047843,0.06041
-4.4198e-06,0.047886,0.060514
-4.4438e-06,0.047926,0.060614
-4.4483e-06,0.047964,0.060709
-4.4341e-06,0.048,0.060802
-4.4023e-06,0.048033,0.06089
-4.3541e-06,0.048064,0.060974
-4.2904e-06,0.048092,0.061054
-4.2123e-06,0.048118,0.06113
-4.1208e-06,0.048142,0.061202
-4.017e-06,0.048162,0.061271
-3.902e-06,0.04818,0.061335
-3.7768e-06,0.048196,0.061395
-3.6423e-06,0.048208,0.061452
-3.4997e-06,0.048218,0.061505
-3.3498e-06,0.048226,0.061554
-3.1937e-06,0.04823,0.0616
-3.0322e-06,0.048233,0.061643
-2.8664e-06,0.048232,0.061682
-2.697e-06,0.048229,0.061718
-2.5249e-06,0.048224,0.061751
-2.351e-06,0.048216,0.061782
-2.176e-06,0.048206,0.061809
-2.0007e-06,0.048194,0.061835
-1.8257e-06,0.048179,0.061857
-1.6519e-06,0.048162,0.061878
-1.4797e-06,0.048144,0.061897
-1.3099e-06,0.048123,0.061913
-1.1429e-06,0.048101,0.061928
-9.7927e-07,0.048077,0.061942
-8.1954e-07,0.048051,0.061954
-6.6413e-07,0.048023,0.061964
-5.1345e-07,0.047995,0.061974
-3.6786e-07,0.047965,0.061983
-2.2769e-07,0.047934,0.06199
-9.3242e-08,0.047902,0.061997
3.5236e-08,0.047868,0.062004
1.5752e-07,0.047834,0.062009
2.7343e-07,0.0478,0.062015
3.828e-07,0.047765,0.06202
4.8553e-07,0.047729,0.062024
5.8152e-07,0.047693,0.062029
6.7073e-07,0.047656,0.062033
7.5311e-07,0.04762,0.062037
8.2867e-07,0.047584,0.062041
8.9744e-07,0.047547,0.062045
9.5948e-07,0.047511,0.062049
1.0149e-06,0.047476,0.062053
1.0637e-06,0.04744,0.062057
1.106e-06,0.047405,0.06206
1.1421e-06,0.047371,0.062064
1.172e-06,0.047338,0.062067
1.196e-06,0.047306,0.06207
1.2141e-06,0.047274,0.062073
1.2267e-06,0.047244,0.062075
1.2339e-06,0.047214,0.062077
1.236e-06,0.047186,0.062078
1.2331e-06,0.047159,0.062079
1.2256e-06,0.047134,0.062079
1.2137e-06,0.04711,0.062078
1.1976e-06,0.047087,0.062076
1.1776e-06,0.047066,0.062073
1.154e-06,0.047046,0.062069
1.1269e-06,0.047028,0.062063
1.0968e-06,0.047012,0.062056
1.0638e-06,0.046997,0.062047
1.0282e-06,0.046984,0.062037
9.9035e-07,0.046972,0.062024
9.5037e-07,0.046962,0.06201
9.0857e-07,0.046954,0.061993
8.6521e-07,0.046948,0.061974
8.2051e-07,0.046943,0.061953
7.7471e-07,0.04694,0.061929
7.2806e-07,0.046939,0.061902
6.8075e-07,0.046939,0.061872
6.3302e-07,0.046941,0.06184
5.8506e-07,0.046944,0.061804
5.3708e-07,0.046949,0.061765
4.8925e-07,0.046955,0.061722
4.4176e-07,0.046963,0.061677
3.9478e-07,0.046972,0.061627
3.4846e-07,0.046982,0.061574
3.0295e-07,0.046994,0.061518
2.5839e-07,0.047006,0.061457
2.1491e-07,0.04702,0.061392
1.7262e-07,0.047035,0.061324
1.3164e-07,0.047052,0.061252
9.2056e-08,0.047069,0.061175
5.3963e-08,0.047087,0.061095
1.7437e-08,0.047105,0.06101
-1.7455e-08,0.047125,0.060921
-5.0655e-08,0.047146,0.060828
-8.2112e-08,0.047167,0.060731
-1.1179e-07,0.047189,0.06063
-1.3965e-07,0.047211,0.060525
-1.6568e-07,0.047234,0.060417
-1.8985e-07,0.047258,0.060304
-2.1217e-07,0.047282,0.060187
-2.3263e-07,0.047306,0.060067
-2.5124e-07,0.047332,0.059942
-2.6802e-07,0.047357,0.059815
-2.8299e-07,0.047383,0.059684
-2.9616e-07,0.04741,0.05955
-3.0759e-07,0.047437,0.059413
-3.173e-07,0.047464,0.059273
-3.2533e-07,0.047492,0.05913
-3.3174e-07,0.047521,0.058985
-3.3658e-07,0.04755,0.058838
-3.3989e-07,0.04758,0.058689
-3.4175e-07,0.04761,0.058538
-3.422e-07,0.047641,0.058385
-3.4132e-07,0.047672,0.058232
-3.3916e-07,0.047705,0.058077
-3.3581e-07,0.047738,0.057922
-3.3132e-07,0.047772,0.057767
-3.2576e-07,0.047807,0.057612
-3.1922e-07,0.047842,0.057457
-3.1175e-07,0.047879,0.057303
-3.0344e-07,0.047917,0.057151
-2.9435e-07,0.047956,0.057
-2.8455e-07,0.047996,0.05685
-2.7412e-07,0.048037,0.056704
-2.6312e-07,0.04808,0.05656
-2.5162e-07,0.048123,0.056419
-2.397e-07,0.048168,0.056282
-2.2741e-07,0.048215,0.056148
-2.1483e-07,0.048263,0.056019
-2.0201e-07,0.048312,0.055895
-1.8901e-07,0.048362,0.055776
-1.759e-07,0.048414,0.055662
-1.6272e-07,0.048467,0.055555
-1.4954e-07,0.048522,0.055454
-1.364e-07,0.048578,0.055359
-1.2335e-07,0.048636,0.055272
-1.1044e-07,0.048694,0.055192
-9.7711e-08,0.048754,0.055119
-8.5202e-08,0.048816,0.055055
-7.2953e-08,0.048878,0.054999
-6.0997e-08,0.048942,0.054952
-4.9369e-08,0.049006,0.054914
-3.8096e-08,0.049072,0.054885
-2.7205e-08,0.049138,0.054866
-1.6721e-08,0.049205,0.054856
-6.6652e-09,0.049273,0.054856
2.9443e-09,0.049341,0.054866
1.2091e-08,0.04941,0.054886
2.0762e-08,0.049478,0.054917
2.8946e-08,0.049547,0.054958
3.6634e-08,0.049616,0.055009
4.382e-08,0.049685,0.05507
5.0499e-08,0.049753,0.055142
5.6671e-08,0.049821,0.055224
6.2334e-08,0.049888,0.055317
6.7491e-08,0.049954,0.055419
7.2146e-08,0.050019,0.055532
7.6305e-08,0.050082,0.055654
7.9974e-08,0.050145,0.055786
8.3163e-08,0.050206,0.055927
8.5881e-08,0.050265,0.056077
8.8141e-08,0.050322,0.056236
8.9955e-08,0.050377,0.056404
9.1338e-08,0.05043,0.056579
9.2303e-08,0.050481,0.056762
9.2867e-08,0.050529,0.056952
9.3047e-08,0.050574,0.057148
9.286e-08,0.050617,0.057351
9.2324e-08,0.050656,0.057559
9.1457e-08,0.050693,0.057772
9.0279e-08,0.050727,0.05799
8.8808e-08,0.050757,0.058211
8.7063e-08,0.050784,0.058435
8.5065e-08,0.050808,0.058662
8.2833e-08,0.050829,0.05889
8.0387e-08,0.050846,0.05912
7.7745e-08,0.050859,0.059349
7.4928e-08,0.050869,0.059579
7.1955e-08,0.050876,0.059807
6.8843e-08,0.050879,0.060033
6.5613e-08,0.050879,0.060256
6.2281e-08,0.050875,0.060476
5.8865e-08,0.050868,0.060691
5.5383e-08,0.050857,0.060901
5.1851e-08,0.050844,0.061105
4.8285e-08,0.050827,0.061303
4.47e-08,0.050806,0.061493
4.1111e-08,0.050783,0.061676
3.7533e-08,0.050757,0.061849
3.3977e-08,0.050728,0.062012
3.0458e-08,0.050696,0.062166
2.6986e-08,0.050662,0.062308
2.3573e-08,0.050625,0.062438
2.023e-08,0.050586,0.062556
1.6965e-08,0.050545,0.062661
1.3789e-08,0.050502,0.062753
1.0708e-08,0.050457,0.06283
7.7306e-09,0.05041,0.062893
4.8632e-09,0.050362,0.062941
2.1116e-09,0.050312,0.062973
-5.189e-10,0.050262,0.062989
-3.024e-09,0.05021,0.062989
-5.3998e-09,0.050157,0.062972
-7.6433e-09,0.050104,0.062938
-9.7521e-09,0.050051,0.062887
-1.1724e-08,0.049997,0.062819
-1.3559e-08,0.049944,0.062734
-1.5255e-08,0.04989,0.062631
-1.6812e-08,0.049837,0.06251
-1.8232e-08,0.049785,0.062372
-1.9515e-08,0.049733,0.062216
-2.0662e-08,0.049683,0.062044
-2.1676e-08,0.049633,0.061854
-2.2559e-08,0.049585,0.061647
-2.3314e-08,0.049539,0.061424
-2.3943e-08,0.049494,0.061185
-2.445e-08,0.049451,0.06093
-2.4839e-08,0.049411,0.06066
-2.5115e-08,0.049372,0.060375
-2.528e-08,0.049337,0.060075
-2.5341e-08,0.049303,0.059763
-2.5301e-08,0.049273,0.059437
-2.5165e-08,0.049245,0.059099
-2.4938e-08,0.049221,0.05875
-2.4627e-08,0.0492,0.058389
-2.4234e-08,0.049182,0.05802
-2.3767e-08,0.049167,0.057641
-2.323e-08,0.049156,0.057254
-2.2629e-08,0.049149,0.05686
-2.1969e-08,0.049145,0.05646
-2.1255e-08,0.049145,0.056054
-2.0493e-08,0.049149,0.055645
-1.9687e-08,0.049157,0.055233
-1.8844e-08,0.049168,0.054818
-1.7967e-08,0.049184,0.054403
-1.7063e-08,0.049203,0.053988
-1.6135e-08,0.049226,0.053574
-1.5188e-08,0.049253,0.053162
-1.4227e-08,0.049283,0.052753
-1.3257e-08,0.049318,0.05235
-1.2281e-08,0.049355,0.051951
-1.1303e-08,0.049396,0.051559
-1.0328e-08,0.049441,0.051175
-9.3584e-09,0.049488,0.050799
-8.3986e-09,0.049539,0.050432
-7.4514e-09,0.049593,0.050077
-6.5199e-09,0.049649,0.049732
-5.607e-09,0.049707,0.0494
-4.7154e-09,0.049768,0.049081
-3.8474e-09,0.049831,0.048775
-3.0053e-09,0.049896,0.048484
-2.1912e-09,0.049962,0.048209
-1.4068e-09,0.050029,0.047949
-6.5383e-10,0.050098,0.047706
6.6335e-11,0.050167,0.04748
7.5245e-10,0.050236,0.047271
1.4035e-09,0.050306,0.04708
2.0185e-09,0.050375,0.046907
2.5969e-09,0.050444,0.046753
3.1382e-09,0.050513,0.046618
3.642e-09,0.05058,0.046501
4.1081e-09,0.050646,0.046403
4.5364e-09,0.05071,0.046325
4.9272e-09,0.050772,0.046265
5.2807e-09,0.050832,0.046224
5.5972e-09,0.05089,0.046202
5.8773e-09,0.050944,0.046199
6.1216e-09,0.050996,0.046214
6.3309e-09,0.051044,0.046246
6.5059e-09,0.051089,0.046296
6.6477e-09,0.051129,0.046364
6.7571e-09,0.051166,0.046448
6.8354e-09,0.051199,0.046548
6.8837e-09,0.051227,0.046664
6.9032e-09,0.051251,0.046794
6.8951e-09,0.05127,0.046939
6.8609e-09,0.051285,0.047098
6.8018e-09,0.051294,0.04727
6.7193e-09,0.051299,0.047453
6.6148e-09,0.051298,0.047649
6.4897e-09,0.051293,0.047854
6.3454e-09,0.051282,0.04807
6.1835e-09,0.051266,0.048294
6.0053e-09,0.051245,0.048527
5.8123e-09,0.051219,0.048766
5.606e-09,0.051188,0.049013
5.3878e-09,0.051152,0.049264
5.1591e-09,0.051111,0.04952
4.9212e-09,0.051066,0.04978
4.6755e-09,0.051016,0.050043
4.4233e-09,0.050962,0.050307
4.1659e-09,0.050903,0.050573
3.9045e-09,0.050841,0.050839
3.6404e-09,0.050774,0.051105
3.3746e-09,0.050704,0.051369
3.1083e-09,0.050631,0.05163
2.8425e-09,0.050555,0.051889
2.5782e-09,0.050476,0.052145
2.3164e-09,0.050395,0.052395
2.0579e-09,0.050311,0.052641
1.8036e-09,0.050225,0.052881
1.5544e-09,0.050138,0.053114
1.3108e-09,0.05005,0.053341
1.0736e-09,0.04996,0.05356
8.4342e-10,0.04987,0.05377
6.2078e-10,0.04978,0.053973
4.062e-10,0.049689,0.054166
2.0012e-10,0.049599,0.054349
2.935e-12,0.04951,0.054523
-1.85e-10,0.049422,0.054687
-3.6341e-10,0.049335,0.05484
-5.3204e-10,0.04925,0.054983
-6.9071e-10,0.049167,0.055114
-8.3927e-10,0.049086,0.055235
-9.7762e-10,0.049007,0.055344
-1.1057e-09,0.048932,0.055442
-1.2235e-09,0.04886,0.055528
-1.3311e-09,0.048791,0.055604
-1.4285e-09,0.048726,0.055667
-1.5158e-09,0.048665,0.05572
-1.5932e-09,0.048608,0.055761
-1.6608e-09,0.048556,0.055792
-1.7189e-09,0.048508,0.055811
-1.7675e-09,0.048465,0.05582
-1.8071e-09,0.048427,0.055818
-1.8379e-09,0.048394,0.055806
-1.8601e-09,0.048367,0.055785
-1.8742e-09,0.048345,0.055753
-1.8803e-09,0.048328,0.055713
-1.8789e-09,0.048317,0.055663
-1.8704e-09,0.048312,0.055605
-1.855e-09,0.048312,0.055539
-1.8332e-09,0.048318,0.055466
-1.8054e-09,0.048329,0.055385
-1.7719e-09,0.048347,0.055297
-1.7331e-09,0.04837,0.055203
-1.6895e-09,0.048398,0.055103
-1.6414e-09,0.048432,0.054998
-1.5893e-09,0.048472,0.054888
-1.5335e-09,0.048517,0.054774
-1.4744e-09,0.048567,0.054656
-1.4123e-09,0.048622,0.054534
-1.3478e-09,0.048682,0.05441
-1.2811e-09,0.048746,0.054283
-1.2125e-09,0.048815,0.054154
-1.1426e-09,0.048889,0.054024
-1.0715e-09,0.048966,0.053892
-9.9957e-10,0.049047,0.05376
-9.272e-10,0.049132,0.053629
-8.5465e-10,0.04922,0.053497
-7.8222e-10,0.049311,0.053366
-7.1016e-10,0.049405,0.053236
-6.3876e-10,0.049501,0.053108
-5.6824e-10,0.049599,0.052982
-4.9884e-10,0.0497,0.052858
-4.3078e-10,0.049801,0.052736
-3.6425e-10,0.049904,0.052618
-2.9944e-10,0.050008,0.052502
-2.3651e-10,0.050112,0.05239
-1.7563e-10,0.050217,0.052281
-1.1693e-10,0.050321,0.052176
-6.053e-11,0.050425,0.052076
-6.5459e-12,0.050528,0.051979
4.493e-11,0.050631,0.051887
9.3817e-11,0.050731,0.051799
1.4005e-10,0.05083,0.051716
1.8357e-10,0.050927,0.051637
2.2434e-10,0.051022,0.051563
2.6234e-10,0.051113,0.051494
2.9754e-10,0.051202,0.051429
3.2994e-10,0.051288,0.051369
3.5955e-10,0.05137,0.051314
3.8638e-10,0.051448,0.051263
4.1047e-10,0.051522,0.051217
4.3184e-10,0.051592,0.051175
4.5054e-10,0.051657,0.051137
4.6664e-10,0.051717,0.051104
4.8017e-10,0.051772,0.051074
4.9123e-10,0.051822,0.051048
4.9987e-10,0.051866,0.051026
5.0617e-10,0.051905,0.051008
5.1024e-10,0.051938,0.050992
5.1214e-10,0.051965,0.05098
5.1198e-10,0.051985,0.050971
5.0986e-10,0.052,0.050964
5.0587e-10,0.052008,0.050959
5.0012e-10,0.05201,0.050957
4.9271e-10,0.052005,0.050956
4.8375e-10,0.051993,0.050957
4.7334e-10,0.051975,0.05096
4.616e-10,0.051951,0.050964
4.4863e-10,0.051919,0.050968
4.3454e-10,0.051881,0.050973
4.1944e-10,0.051837,0.050979
4.0343e-10,0.051786,0.050984
3.8662e-10,0.051728,0.05099
3.691e-10,0.051664,0.050995
3.5099e-10,0.051593,0.051
3.3237e-10,0.051517,0.051003
3.1335e-10,0.051434,0.051006
2.9401e-10,0.051346,0.051008
2.7444e-10,0.051251,0.051007
2.5474e-10,0.051151,0.051006
2.3498e-10,0.051046,0.051002
2.1524e-10,0.050936,0.050996
1.9559e-10,0.05082,0.050988
1.7612e-10,0.0507,0.050978
1.5688e-10,0.050575,0.050965
1.3794e-10,0.050447,0.050949
1.1935e-10,0.050314,0.050931
1.0118e-10,0.050178,0.050909
8.3474e-11,0.050038,0.050885
6.6274e-11,0.049895,0.050857
4.9626e-11,0.04975,0.050826
3.3569e-11,0.049602,0.050792
1.8135e-11,0.049452,0.050754
3.356e-12,0.049301,0.050713
-1.0743e-11,0.049148,0.050669
-2.4138e-11,0.048994,0.050621
-3.6812e-11,0.048839,0.05057
-4.8749e-11,0.048684,0.050516
-5.9938e-11,0.048529,0.050458
-7.0371e-11,0.048374,0.050397
-8.0043e-11,0.048219,0.050332
-8.8953e-11,0.048066,0.050265
-9.7101e-11,0.047914,0.050194
-1.0449e-10,0.047763,0.05012
-1.1114e-10,0.047614,0.050044
-1.1704e-10,0.047468,0.049964
-1.2221e-10,0.047324,0.049883
-1.2667e-10,0.047183,0.049798
-1.3044e-10,0.047044,0.049712
-1.3352e-10,0.04691,0.049623
-1.3594e-10,0.046778,0.049532
-1.3773e-10,0.046651,0.049439
-1.389e-10,0.046528,0.049345
-1.3949e-10,0.046409,0.049249
-1.395e-10,0.046294,0.049152
-1.3898e-10,0.046184,0.049054
-1.3795e-10,0.046079,0.048955
-1.3643e-10,0.045979,0.048856
-1.3446e-10,0.045884,0.048756
-1.3207e-10,0.045794,0.048656
-1.2927e-10,0.04571,0.048556
-1.2611e-10,0.045631,0.048456
-1.2261e-10,0.045558,0.048356
-1.1881e-10,0.04549,0.048257
-1.1472e-10,0.045428,0.048159
-1.1039e-10,0.045371,0.048062
-1.0583e-10,0.04532,0.047966
-1.0108e-10,0.045275,0.047871
-9.616e-11,0.045235,0.047778
-9.1102e-11,0.045201,0.047687
-8.593e-11,0.045173,0.047597
-8.067e-11,0.045149,0.04751
-7.5346e-11,0.045132,0.047424
-6.9981e-11,0.045119,0.047341
-6.4599e-11,0.045111,0.047261
-5.922e-11,0.045109,0.047183
-5.3865e-11,0.045111,0.047107
-4.8554e-11,0.045118,0.047034
-4.3305e-11,0.04513,0.046964
-3.8135e-11,0.045146,0.046897
-3.3061e-11,0.045166,0.046833
-2.8098e-11,0.04519,0.046771
-2.326e-11,0.045218,0.046713
-1.8558e-11,0.045249,0.046657
-1.4006e-11,0.045284,0.046605
-9.6141e-12,0.045323,0.046555
-5.3908e-12,0.045364,0.046509
-1.3449e-12,0.045408,0.046465
2.5163e-12,0.045455,0.046425
6.1866e-12,0.045504,0.046387
9.6607e-12,0.045555,0.046352
1.2935e-11,0.045608,0.04632
1.6005e-11,0.045663,0.046291
1.887e-11,0.04572,0.046265
2.1527e-11,0.045778,0.046241
2.3977e-11,0.045837,0.046219
2.6219e-11,0.045897,0.0462
2.8256e-11,0.045958,0.046184
3.0087e-11,0.04602,0.046169
3.1717e-11,0.046082,0.046157
3.3148e-11,0.046145,0.046147
3.4384e-11,0.046208,0.046139
3.543e-11,0.046271,0.046133
3.629e-11,0.046334,0.046129
3.697e-11,0.046397,0.046127
3.7475e-11,0.046459,0.046126
3.7812e-11,0.046521,0.046127
3.7988e-11,0.046583,0.04613
3.8009e-11,0.046645,0.046134
3.7883e-11,0.046705,0.046139
3.7616e-11,0.046765,0.046146
3.7217e-11,0.046825,0.046154
3.6693e-11,0.046884,0.046163
3.6053e-11,0.046942,0.046174
3.5304e-11,0.046999,0.046185
3.4453e-11,0.047055,0.046198
3.351e-11,0.047111,0.046211
3.2482e-11,0.047166,0.046225
3.1377e-11,0.04722,0.046241
3.0203e-11,0.047274,0.046257
2.8968e-11,0.047327,0.046274
2.7679e-11,0.047379,0.046292
2.6344e-11,0.04743,0.04631
2.497e-11,0.047481,0.04633
2.3564e-11,0.047531,0.04635
2.2133e-11,0.04758,0.046371
2.0684e-11,0.047629,0.046393
1.9224e-11,0.047677,0.046416
1.7758e-11,0.047725,0.046439
1.6292e-11,0.047772,0.046463
1.4832e-11,0.047819,0.046488
1.3384e-11,0.047866,0.046513
1.1952e-11,0.047912,0.046539
1.0541e-11,0.047958,0.046566
9.1559e-12,0.048003,0.046594
7.8004e-12,0.048048,0.046622
6.4784e-12,0.048093,0.046651
5.1935e-12,0.048137,0.046681
3.9489e-12,0.048181,0.046712
2.7475e-12,0.048225,0.046743
1.5918e-12,0.048268,0.046775
4.843e-13,0.048311,0.046807
-5.7312e-13,0.048353,0.046841
-1.5787e-12,0.048396,0.046875
-2.531e-12,0.048437,0.046909
-3.4289e-12,0.048479,0.046944
-4.2714e-12,0.04852,0.04698
-5.0579e-12,0.04856,0.047016
-5.788e-12,0.0486,0.047053
-6.4615e-12,0.04864,0.04709
-7.0786e-12,0.048679,0.047128
-7.6393e-12,0.048717,0.047166
-8.1444e-12,0.048755,0.047204
-8.5943e-12,0.048793,0.047243
-8.99e-12,0.048829,0.047282
-9.3325e-12,0.048865,0.047321
-9.6229e-12,0.048901,0.047361
-9.8627e-12,0.048935,0.0474
-1.0053e-11,0.048969,0.047439
-1.0196e-11,0.049002,0.047479
-1.0293e-11,0.049035,0.047518
-1.0345e-11,0.049066,0.047557
-1.0356e-11,0.049097,0.047596
-1.0325e-11,0.049127,0.047635
-1.0257e-11,0.049156,0.047674
-1.0152e-11,0.049184,0.047712
-1.0013e-11,0.049211,0.047749
-9.8419e-12,0.049238,0.047787
-9.6408e-12,0.049264,0.047823
-9.4121e-12,0.049288,0.047859
-9.1578e-12,0.049312,0.047895
-8.8802e-12,0.049335,0.047929
-8.5814e-12,0.049357,0.047963
-8.2635e-12,0.049379,0.047997
-7.9287e-12,0.049399,0.048029
-7.5791e-12,0.049418,0.048061
-7.2166e-12,0.049437,0.048092
-6.8434e-12,0.049455,0.048121
-6.4613e-12,0.049472,0.04815
-6.0722e-12,0.049488,0.048179
-5.678e-12,0.049503,0.048206
-5.2804e-12,0.049518,0.048232
-4.8811e-12,0.049532,0.048258
-4.4817e-12,0.049545,0.048282
-4.0838e-12,0.049557,0.048306
-3.6889e-12,0.049569,0.048329
-3.2982e-12,0.04958,0.048351
-2.9132e-12,0.04959,0.048372
-2.535e-12,0.0496,0.048393
-2.1648e-12,0.049609,0.048413
-1.8036e-12,0.049618,0.048432
-1.4525e-12,0.049626,0.048451
-1.1122e-12,0.049633,0.048469
-7.8358e-13,0.04964,0.048486
-4.6738e-13,0.049647,0.048504
-1.6422e-13,0.049653,0.04852
1.2535e-13,0.049658,0.048537
4.0085e-13,0.049663,0.048553
6.6187e-13,0.049668,0.048569
9.081e-13,0.049672,0.048585
1.1393e-12,0.049676,0.048601
1.3552e-12,0.04968,0.048617
1.5558e-12,0.049683,0.048632
1.7409e-12,0.049686,0.048648
1.9107e-12,0.049688,0.048664
2.0651e-12,0.04969,0.048681
2.2044e-12,0.049692,0.048697
2.3285e-12,0.049694,0.048714
2.4379e-12,0.049695,0.048731
2.5328e-12,0.049696,0.048748
2.6135e-12,0.049697,0.048766
2.6803e-12,0.049698,0.048784
2.7336e-12,0.049698,0.048802
2.7739e-12,0.049698,0.048821
2.8016e-12,0.049697,0.04884
2.8172e-12,0.049696,0.048859
2.8212e-12,0.049695,0.048879
2.8142e-12,0.049694,0.048898
2.7966e-12,0.049692,0.048919
2.7691e-12,0.04969,0.048939
2.7322e-12,0.049687,0.04896
2.6866e-12,0.049684,0.048981
2.6327e-12,0.049681,0.049002
2.5711e-12,0.049677,0.049023
2.5026e-12,0.049672,0.049044
2.4276e-12,0.049667,0.049065
2.3468e-12,0.049661,0.049086
2.2608e-12,0.049655,0.049106
2.1701e-12,0.049647,0.049127
2.0752e-12,0.049639,0.049147
1.9768e-12,0.04963,0.049167
1.8755e-12,0.04962,0.049187
1.7716e-12,0.04961,0.049206
1.6658e-12,0.049598,0.049225
1.5585e-12,0.049586,0.049244
1.4503e-12,0.049572,0.049262
1.3416e-12,0.049557,0.049279
1.2327e-12,0.049541,0.049296
1.1243e-12,0.049524,0.049312
1.0166e-12,0.049506,0.049328
9.1003e-13,0.049486,0.049342
8.0496e-13,0.049465,0.049357
7.0172e-13,0.049443,0.04937
6.0062e-13,0.04942,0.049383
5.0195e-13,0.049395,0.049395
4.0598e-13,0.04937,0.049406
3.1295e-13,0.049342,0.049417
2.2307e-13,0.049314,0.049427
1.3656e-13,0.049284,0.049436
5.3575e-14,0.049253,0.049445
-2.5719e-14,0.04922,0.049453
-1.0119e-13,0.049186,0.04946
-1.7273e-13,0.049152,0.049467
-2.4025e-13,0.049115,0.049473
-3.0368e-13,0.049078,0.049478
-3.6295e-13,0.04904,0.049483
-4.1805e-13,0.049,0.049487
-4.6895e-13,0.04896,0.049491
-5.1565e-13,0.048918,0.049494
-5.5818e-13,0.048876,0.049497
-5.9655e-13,0.048833,0.049499
-6.3083e-13,0.048789,0.0495
-6.6107e-13,0.048745,0.049502
-6.8734e-13,0.0487,0.049502
-7.0973e-13,0.048655,0.049503
-7.2833e-13,0.048609,0.049503
-7.4325e-13,0.048563,0.049502
-7.5461e-13,0.048517,0.049502
-7.6253e-13,0.048472,0.0495
-7.6714e-13,0.048426,0.049499
-7.6857e-13,0.04838,0.049497
-7.6697e-13,0.048335,0.049495
-7.625e-13,0.048291,0.049492
-7.5529e-13,0.048247,0.049489
-7.4552e-13,0.048204,0.049486
-7.3332e-13,0.048162,0.049482
-7.1888e-13,0.048121,0.049479
-7.0234e-13,0.048081,0.049474
-6.8387e-13,0.048043,0.04947
-6.6363e-13,0.048007,0.049465
-6.4179e-13,0.047972,0.04946
-6.1849e-13,0.047939,0.049454
-5.9391e-13,0.047909,0.049449
-5.6819e-13,0.047881,0.049443
-5.4149e-13,0.047855,0.049436
-5.1395e-13,0.047832,0.04943
-4.8573e-13,0.047811,0.049423
-4.5695e-13,0.047794,0.049416
-4.2777e-13,0.047779,0.049408
-3.9831e-13,0.047768,0.049401
-3.6869e-13,0.047761,0.049393
-3.3905e-13,0.047756,0.049385
-3.0949e-13,0.047756,0.049377
-2.8012e-13,0.047759,0.049368
-2.5106e-13,0.047766,0.04936
-2.2238e-13,0.047777,0.049351
-1.942e-13,0.047792,0.049342
-1.6659e-13,0.047811,0.049333
-1.3964e-13,0.047835,0.049324
-1.1341e-13,0.047863,0.049315
-8.7977e-14,0.047894,0.049306
-6.3397e-14,0.047931,0.049297
-3.9727e-14,0.047971,0.049288
-1.7014e-14,0.048016,0.049279
4.6978e-15,0.048065,0.04927
2.5373e-14,0.048119,0.049262
4.498e-14,0.048176,0.049253
6.3494e-14,0.048238,0.049245
8.0894e-14,0.048303,0.049237
9.7165e-14,0.048373,0.04923
1.123e-13,0.048446,0.049223
1.2629e-13,0.048523,0.049216
1.3914e-13,0.048603,0.04921
1.5085e-13,0.048687,0.049204
1.6142e-13,0.048774,0.0492
1.7088e-13,0.048863,0.049195
1.7924e-13,0.048956,0.049192
1.8651e-13,0.04905,0.049189
1.9272e-13,0.049147,0.049188
1.979e-13,0.049246,0.049187
2.0208e-13,0.049346,0.049188
2.0527e-13,0.049448,0.04919
2.0753e-13,0.049551,0.049193
2.0888e-13,0.049654,0.049197
2.0937e-13,0.049758,0.049203
2.0902e-13,0.049862,0.04921
2.0788e-13,0.049966,0.049219
2.06e-13,0.050069,0.049229
2.0341e-13,0.050172,0.049242
2.0016e-13,0.050273,0.049256
1.9629e-13,0.050372,0.049272
1.9184e-13,0.05047,0.04929
1.8687e-13,0.050566,0.04931
1.8141e-13,0.050659,0.049332
1.755e-13,0.05075,0.049357
1.692e-13,0.050837,0.049384
1.6254e-13,0.050922,0.049413
1.5556e-13,0.051002,0.049444
1.4831e-13,0.051079,0.049479
1.4084e-13,0.051151,0.049515
1.3317e-13,0.051219,0.049554
1.2534e-13,0.051282,0.049596
1.174e-13,0.051341,0.04964
1.0938e-13,0.051395,0.049687
1.0132e-13,0.051443,0.049737
9.3243e-14,0.051486,0.049789
8.5186e-14,0.051524,0.049844
7.7179e-14,0.051556,0.049901
6.9251e-14,0.051582,0.049961
6.1427e-14,0.051602,0.050024
5.3734e-14,0.051617,0.050089
4.6195e-14,0.051625,0.050157
3.8832e-14,0.051628,0.050227
3.1665e-14,0.051625,0.050299
2.4712e-14,0.051616,0.050373
1.799e-14,0.051601,0.05045
1.1514e-14,0.05158,0.050529
5.2975e-15,0.051554,0.05061
-6.4749e-16,0.051521,0.050693
-6.311e-15,0.051484,0.050777
-1.1684e-14,0.05144,0.050863
-1.6761e-14,0.051392,0.050951
-2.1534e-14,0.051338,0.05104
-2.6e-14,0.051279,0.051131
-3.0157e-14,0.051215,0.051223
-3.4002e-14,0.051147,0.051315
-3.7536e-14,0.051074,0.051409
-4.0759e-14,0.050997,0.051503
-4.3674e-14,0.050915,0.051598
-4.6284e-14,0.05083,0.051694
-4.8593e-14,0.050741,0.05179
-5.0606e-14,0.050649,0.051886
-5.233e-14,0.050553,0.051982
-5.3771e-14,0.050455,0.052078
-5.4937e-14,0.050354,0.052173
-5.5837e-14,0.05025,0.052268
-5.648e-14,0.050144,0.052363
-5.6874e-14,0.050036,0.052457
-5.7031e-14,0.049926,0.05255
-5.6961e-14,0.049815,0.052642
-5.6675e-14,0.049702,0.052733
-5.6183e-14,0.049588,0.052823
-5.5498e-14,0.049474,0.052912
-5.4632e-14,0.049359,0.052999
-5.3595e-14,0.049244,0.053085
-5.2401e-14,0.049128,0.053168
-5.106e-14,0.049013,0.053251
-4.9586e-14,0.048898,0.053331
-4.799e-14,0.048784,0.053409
-4.6284e-14,0.04867,0.053485
-4.4479e-14,0.048558,0.053559
-4.2588e-14,0.048447,0.053631
-4.0622e-14,0.048337,0.053701
-3.8591e-14,0.048228,0.053768
-3.6506e-14,0.048122,0.053833
-3.4379e-14,0.048017,0.053895
-3.222e-14,0.047914,0.053954
-3.0037e-14,0.047814,0.054011
-2.7841e-14,0.047716,0.054066
-2.5641e-14,0.04762,0.054118
-2.3445e-14,0.047528,0.054167
-2.1262e-14,0.047438,0.054213
-1.9099e-14,0.047351,0.054257
-1.6965e-14,0.047267,0.054297
-1.4865e-14,0.047187,0.054335
-1.2806e-14,0.047109,0.054371
-1.0795e-14,0.047035,0.054403
-8.8363e-15,0.046965,0.054433
-6.9356e-15,0.046898,0.05446
-5.0974e-15,0.046834,0.054484
-3.3257e-15,0.046774,0.054505
-1.6245e-15,0.046718,0.054524
3.2427e-18,0.046666,0.05454
1.5545e-15,0.046617,0.054553
3.0271e-15,0.046573,0.054564
4.4188e-15,0.046532,0.054572
5.7282e-15,0.046494,0.054577
6.9541e-15,0.046461,0.05458
8.0956e-15,0.046431,0.054581
9.1524e-15,0.046405,0.05458
1.0124e-14,0.046383,0.054576
1.1012e-14,0.046365,0.05457
1.1815e-14,0.04635,0.054561
1.2535e-14,0.046338,0.054551
1.3173e-14,0.04633,0.054539
1.373e-14,0.046326,0.054525
1.4208e-14,0.046324,0.054509
1.4609e-14,0.046326,0.054492
1.4935e-14,0.046331,0.054473
1.5187e-14,0.046339,0.054452
1.537e-14,0.04635,0.05443
1.5485e-14,0.046363,0.054407
1.5534e-14,0.046379,0.054382
1.5522e-14,0.046397,0.054357
1.545e-14,0.046418,0.05433
1.5322e-14,0.04644,0.054302
1.5141e-14,0.046465,0.054274
1.491e-14,0.046491,0.054245
1.4633e-14,0.046519,0.054215
1.4312e-14,0.046549,0.054185
1.3951e-14,0.046579,0.054154
1.3553e-14,0.046611,0.054123
1.3122e-14,0.046644,0.054091
1.266e-14,0.046677,0.05406
1.2172e-14,0.046711,0.054028
1.1659e-14,0.046746,0.053996
1.1125e-14,0.046781,0.053964
1.0574e-14,0.046816,0.053932
1.0007e-14,0.046851,0.053901
9.4291e-15,0.046886,0.053869
8.8416e-15,0.04692,0.053838
8.2476e-15,0.046954,0.053807
7.6497e-15,0.046988,0.053776
7.0503e-15,0.047021,0.053745
6.4519e-15,0.047053,0.053715
5.8567e-15,0.047084,0.053685
5.2669e-15,0.047115,0.053656
4.6845e-15,0.047144,0.053627
4.1113e-15,0.047172,0.053598
3.5492e-15,0.047199,0.05357
2.9998e-15,0.047224,0.053542
2.4646e-15,0.047248,0.053515
1.9451e-15,0.047271,0.053488
1.4424e-15,0.047292,0.053461
9.5776e-16,0.047312,0.053435
4.9217e-16,0.04733,0.053409
4.6529e-17,0.047347,0.053383
-3.7837e-16,0.047362,0.053358
-7.8188e-16,0.047375,0.053333
-1.1634e-15,0.047387,0.053309
-1.5226e-15,0.047397,0.053284
-1.859e-15,0.047406,0.05326
-2.1725e-15,0.047413,0.053236
-2.4629e-15,0.047419,0.053212
-2.7302e-15,0.047423,0.053189
-2.9744e-15,0.047426,0.053165
-3.1957e-15,0.047428,0.053142
-3.3943e-15,0.047427,0.053119
-3.5705e-15,0.047426,0.053095
-3.7247e-15,0.047423,0.053072
-3.8572e-15,0.047419,0.053049
-3.9687e-15,0.047414,0.053026
-4.0597e-15,0.047408,0.053003
-4.1307e-15,0.0474,0.05298
-4.1825e-15,0.047392,0.052958
-4.2157e-15,0.047382,0.052935
-4.2312e-15,0.047372,0.052912
-4.2296e-15,0.04736,0.052889
-4.2118e-15,0.047348,0.052866
-4.1785e-15,0.047335,0.052844
-4.1308e-15,0.047321,0.052821
-4.0693e-15,0.047307,0.052799
-3.9951e-15,0.047292,0.052776
-3.9089e-15,0.047277,0.052754
-3.8118e-15,0.04726,0.052732
-3.7045e-15,0.047244,0.05271
-3.5879e-15,0.047227,0.052689
-3.463e-15,0.04721,0.052667
-3.3306e-15,0.047192,0.052646
-3.1916e-15,0.047175,0.052626
-3.0468e-15,0.047157,0.052605
-2.8971e-15,0.047139,0.052586
-2.7432e-15,0.04712,0.052566
-2.586e-15,0.047102,0.052548
-2.4262e-15,0.047084,0.05253
-2.2645e-15,0.047066,0.052512
-2.1017e-15,0.047047,0.052495
-1.9384e-15,0.047029,0.052479
-1.7754e-15,0.047012,0.052464
-1.6131e-15,0.046994,0.052449
-1.4522e-15,0.046976,0.052436
-1.2933e-15,0.046959,0.052423
-1.1369e-15,0.046942,0.052411
-9.8342e-16,0.046926,0.0524
-8.3335e-16,0.046909,0.052391
-6.8712e-16,0.046894,0.052382
-5.451e-16,0.046878,0.052374
-4.0764e-16,0.046864,0.052368
-2.7507e-16,0.046849,0.052363
-1.4765e-16,0.046836,0.052358
-2.565e-17,0.046823,0.052355
9.0728e-17,0.046811,0.052354
2.0129e-16,0.046799,0.052353
3.059e-16,0.046788,0.052353
4.0441e-16,0.046778,0.052355
4.9674e-16,0.046769,0.052358
5.8283e-16,0.04676,0.052362
6.6263e-16,0.046753,0.052367
7.3613e-16,0.046746,0.052374
8.0335e-16,0.046741,0.052381
8.6431e-16,0.046736,0.05239
9.1908e-16,0.046732,0.0524
9.6774e-16,0.046729,0.052411
1.0104e-15,0.046728,0.052423
1.0471e-15,0.046727,0.052437
1.0781e-15,0.046727,0.052451
1.1035e-15,0.046728,0.052466
1.1235e-15,0.046731,0.052483
1.1381e-15,0.046734,0.0525
1.1477e-15,0.046738,0.052518
1.1525e-15,0.046744,0.052538
1.1525e-15,0.04675,0.052558
1.1481e-15,0.046757,0.052579
1.1395e-15,0.046766,0.052601
1.1269e-15,0.046775,0.052624
1.1106e-15,0.046785,0.052648
1.0907e-15,0.046795,0.052673
1.0676e-15,0.046807,0.052699
1.0415e-15,0.046819,0.052726
1.0125e-15,0.046832,0.052753
9.8104e-16,0.046846,0.052782
9.4725e-16,0.04686,0.052811
9.114e-16,0.046875,0.052841
8.7371e-16,0.04689,0.052872
8.3443e-16,0.046905,0.052904
7.9378e-16,0.04692,0.052937
7.5197e-16,0.046936,0.052971
7.0923e-16,0.046952,0.053006
6.6576e-16,0.046968,0.053042
6.2176e-16,0.046984,0.053078
5.7743e-16,0.046999,0.053116
5.3296e-16,0.047014,0.053155
4.8852e-16,0.047029,0.053194
4.4428e-16,0.047044,0.053235
4.004e-16,0.047058,0.053277
3.5704e-16,0.047071,0.053319
3.1434e-16,0.047084,0.053363
2.7243e-16,0.047095,0.053408
2.3144e-16,0.047106,0.053454
1.9148e-16,0.047116,0.053501
1.5265e-16,0.047125,0.05355
1.1506e-16,0.047133,0.053599
7.879e-17,0.04714,0.05365
4.3916e-17,0.047145,0.053701
1.0509e-17,0.047149,0.053754
-2.1372e-17,0.047152,0.053808
-5.1675e-17,0.047154,0.053863
-8.0358e-17,0.047153,0.05392
-1.0739e-16,0.047152,0.053977
-1.3273e-16,0.047149,0.054036
-1.5638e-16,0.047144,0.054096
-1.7831e-16,0.047137,0.054157
-1.9853e-16,0.047129,0.05422
-2.1704e-16,0.04712,0.054283
-2.3384e-16,0.047109,0.054348
-2.4895e-16,0.047096,0.054414
-2.624e-16,0.047081,0.054481
-2.742e-16,0.047065,0.05455
-2.844e-16,0.047047,0.054619
-2.9302e-16,0.047028,0.05469
-3.001e-16,0.047007,0.054762
-3.057e-16,0.046985,0.054835
-3.0986e-16,0.046961,0.054909
-3.1263e-16,0.046936,0.054984
-3.1407e-16,0.04691,0.055061
-3.1423e-16,0.046882,0.055139
-3.1317e-16,0.046853,0.055218
-3.1095e-16,0.046823,0.055298
-3.0765e-16,0.046792,0.055379
-3.0331e-16,0.04676,0.055461
-2.98e-16,0.046728,0.055544
-2.918e-16,0.046694,0.055629
-2.8476e-16,0.04666,0.055715
-2.7696e-16,0.046625,0.055801
-2.6845e-16,0.04659,0.055889
-2.5931e-16,0.046555,0.055978
-2.496e-16,0.046519,0.056068
-2.3938e-16,0.046484,0.056159
-2.2872e-16,0.046448,0.056252
-2.1768e-16,0.046413,0.056345
-2.0632e-16,0.046378,0.056439
-1.9469e-16,0.046344,0.056535
-1.8286e-16,0.04631,0.056631
-1.7088e-16,0.046278,0.056729
-1.588e-16,0.046246,0.056827
-1.4667e-16,0.046215,0.056927
-1.3455e-16,0.046185,0.057027
-1.2247e-16,0.046157,0.057129
-1.1049e-16,0.046131,0.057231
-9.8642e-17,0.046106,0.057334
-8.6969e-17,0.046082,0.057438
-7.5506e-17,0.046061,0.057542
-6.4289e-17,0.046042,0.057648
-5.3347e-17,0.046025,0.057754
-4.2712e-17,0.046011,0.05786
-3.2408e-17,0.045998,0.057967
-2.246e-17,0.045989,0.058075
-1.289e-17,0.045982,0.058183
-3.7165e-18,0.045978,0.058291
5.0438e-18,0.045977,0.058399
1.3377e-17,0.045979,0.058508
2.127e-17,0.045985,0.058616
2.8714e-17,0.045993,0.058725
3.5701e-17,0.046005,0.058833
4.2226e-17,0.04602,0.05894
4.8286e-17,0.046038,0.059048
5.3878e-17,0.046061,0.059154
5.9004e-17,0.046086,0.05926
6.3665e-17,0.046115,0.059365
6.7865e-17,0.046148,0.059469
7.161e-17,0.046184,0.059572
7.4907e-17,0.046224,0.059674
7.7764e-17,0.046268,0.059774
8.019e-17,0.046315,0.059872
8.2196e-17,0.046365,0.059969
8.3794e-17,0.04642,0.060064
8.4998e-17,0.046477,0.060156
8.582e-17,0.046538,0.060247
8.6275e-17,0.046602,0.060335
8.6379e-17,0.04667,0.06042
8.6148e-17,0.04674,0.060503
8.5597e-17,0.046814,0.060582
8.4744e-17,0.04689,0.060659
8.3606e-17,0.046969,0.060732
8.2201e-17,0.047051,0.060802
8.0546e-17,0.047135,0.060868
7.8659e-17,0.047221,0.06093
7.6558e-17,0.04731,0.060988
7.426e-17,0.0474,0.061043
7.1784e-17,0.047492,0.061093
6.9147e-17,0.047585,0.061138
6.6366e-17,0.04768,0.061179
6.3458e-17,0.047775,0.061216
6.0441e-17,0.047872,0.061247
5.733e-17,0.047969,0.061274
5.4141e-17,0.048066,0.061295
5.0891e-17,0.048164,0.061312
4.7593e-17,0.048262,0.061323
4.4262e-17,0.048359,0.061329
4.0913e-17,0.048456,0.06133
3.7558e-17,0.048553,0.061325
3.421e-17,0.048648,0.061315
3.0882e-17,0.048743,0.061299
2.7584e-17,0.048836,0.061278
2.4328e-17,0.048927,0.061251
2.1124e-17,0.049017,0.061219
1.7981e-17,0.049105,0.061181
1.4908e-17,0.049191,0.061138
1.1912e-17,0.049275,0.061089
9.0027e-18,0.049357,0.061035
6.1851e-18,0.049436,0.060976
3.466e-18,0.049512,0.060911
8.5076e-19,0.049586,0.060841
-1.6558e-18,0.049657,0.060767
-4.0494e-18,0.049724,0.060687
-6.3264e-18,0.049789,0.060603
-8.4838e-18,0.049851,0.060513
-1.0519e-17,0.049909,0.06042
-1.2431e-17,0.049964,0.060322
-1.4217e-17,0.050016,0.060219
-1.5876e-17,0.050064,0.060113
-1.741e-17,0.050109,0.060002
-1.8816e-17,0.050151,0.059888
-2.0097e-17,0.050189,0.05977
-2.1252e-17,0.050223,0.059649
-2.2283e-17,0.050255,0.059525
-2.3193e-17,0.050282,0.059398
-2.3982e-17,0.050307,0.059267
-2.4653e-17,0.050328,0.059134
-2.5209e-17,0.050346,0.058999
-2.5652e-17,0.050361,0.058862
-2.5986e-17,0.050372,0.058722
-2.6214e-17,0.050381,0.05858
-2.6339e-17,0.050387,0.058437
-2.6365e-17,0.050389,0.058292
-2.6297e-17,0.050389,0.058146
-2.6136e-17,0.050387,0.057999
-2.5889e-17,0.050382,0.05785
-2.5559e-17,0.050374,0.057701
-2.5149e-17,0.050364,0.057552
-2.4665e-17,0.050352,0.057402
-2.411e-17,0.050337,0.057251
-2.3489e-17,0.050321,0.057101
-2.2805e-17,0.050303,0.05695
-2.2064e-17,0.050283,0.0568
-2.1269e-17,0.050262,0.05665
-2.0424e-17,0.050239,0.056501
-1.9534e-17,0.050215,0.056352
-1.8603e-17,0.050189,0.056204
-1.7633e-17,0.050162,0.056057
-1.663e-17,0.050135,0.055911
-1.5598e-17,0.050107,0.055766
-1.4538e-17,0.050077,0.055623
-1.3457e-17,0.050048,0.05548
-1.2356e-17,0.050017,0.05534
-1.1239e-17,0.049987,0.055201
-1.0109e-17,0.049955,0.055063
-8.9708e-18,0.049924,0.054928
-7.8259e-18,0.049893,0.054794
-6.6777e-18,0.049861,0.054662
-5.529e-18,0.04983,0.054533
-4.3826e-18,0.049799,0.054406
-3.2412e-18,0.049768,0.054281
-2.1073e-18,0.049737,0.054158
-9.835e-19,0.049706,0.054038
1.2796e-19,0.049676,0.053921
1.2247e-18,0.049646,0.053806
2.3046e-18,0.049617,0.053694
3.3654e-18,0.049588,0.053585
4.4051e-18,0.049559,0.053478
5.4216e-18,0.049531,0.053375
6.4131e-18,0.049504,0.053275
7.3776e-18,0.049477,0.053178
8.3133e-18,0.04945,0.053085
9.2184e-18,0.049424,0.052995
1.0091e-17,0.049399,0.052909
1.093e-17,0.049373,0.052826
1.1733e-17,0.049349,0.052747
1.2498e-17,0.049325,0.052672
1.3225e-17,0.049301,0.052601
1.3911e-17,0.049277,0.052534
1.4554e-17,0.049254,0.052472
1.5154e-17,0.049231,0.052413
1.5709e-17,0.049208,0.05236
1.6216e-17,0.049185,0.052311
1.6675e-17,0.049162,0.052267
1.7085e-17,0.04914,0.052228
1.7443e-17,0.049117,0.052194
1.7748e-17,0.049094,0.052166
1.7999e-17,0.049071,0.052142
1.8195e-17,0.049047,0.052125
1.8333e-17,0.049024,0.052113
1.8413e-17,0.048999,0.052107
1.8434e-17,0.048975,0.052107
1.8393e-17,0.048949,0.052113
1.8291e-17,0.048924,0.052125
1.8125e-17,0.048897,0.052144
1.7895e-17,0.04887,0.052169
1.7599e-17,0.048841,0.052201
1.7238e-17,0.048812,0.05224
1.6809e-17,0.048782,0.052285
1.6313e-17,0.048751,0.052338
1.5748e-17,0.048718,0.052397
1.5114e-17,0.048684,0.052464
1.4412e-17,0.048649,0.052538
1.364e-17,0.048613,0.052618
1.2798e-17,0.048575,0.052706
1.1888e-17,0.048536,0.052802
1.0909e-17,0.048495,0.052904
9.8613e-18,0.048453,0.053014
8.7464e-18,0.048409,0.05313
7.565e-18,0.048363,0.053254
6.3182e-18,0.048315,0.053385
5.0077e-18,0.048266,0.053523
3.6351e-18,0.048215,0.053667
2.2023e-18,0.048162,0.053818
7.1177e-19,0.048107,0.053976
-8.3406e-19,0.04805,0.05414
-2.4323e-18,0.047992,0.05431
-4.0798e-18,0.047931,0.054486
-5.7731e-18,0.047869,0.054667
-7.5083e-18,0.047804,0.054854
-9.2814e-18,0.047738,0.055046
-1.1088e-17,0.04767,0.055243
-1.2923e-17,0.0476,0.055445
-1.4782e-17,0.047528,0.055651
-1.6658e-17,0.047454,0.05586
-1.8547e-17,0.047379,0.056074
-2.0443e-17,0.047302,0.05629
-2.2337e-17,0.047223,0.056509
-2.4225e-17,0.047143,0.056731
-2.6099e-17,0.047061,0.056954
-2.7952e-17,0.046978,0.057179
-2.9775e-17,0.046894,0.057405
-3.1562e-17,0.046808,0.057632
-3.3303e-17,0.046721,0.057859
-3.4991e-17,0.046634,0.058086
-3.6617e-17,0.046545,0.058312
-3.8171e-17,0.046456,0.058537
-3.9646e-17,0.046366,0.058761
-4.1031e-17,0.046275,0.058983
-4.2318e-17,0.046184,0.059202
-4.3498e-17,0.046093,0.059419
-4.456e-17,0.046002,0.059632
-4.5495e-17,0.045911,0.059842
-4.6294e-17,0.04582,0.060048
-4.6948e-17,0.04573,0.060249
-4.7447e-17,0.045641,0.060445
-4.7783e-17,0.045552,0.060636
-4.7945e-17,0.045464,0.060822
-4.7926e-17,0.045377,0.061002
-4.7716e-17,0.045292,0.061175
-4.7309e-17,0.045208,0.061342
-4.6695e-17,0.045126,0.061502
-4.5868e-17,0.045046,0.061655
-4.482e-17,0.044968,0.0618
-4.3545e-17,0.044893,0.061938
-4.2038e-17,0.044819,0.062069
-4.0293e-17,0.044749,0.062191
-3.8306e-17,0.044681,0.062305
-3.6072e-17,0.044617,0.06241
-3.3589e-17,0.044555,0.062507
-3.0854e-17,0.044497,0.062595
-2.7866e-17,0.044442,0.062675
-2.4626e-17,0.044391,0.062746
-2.1132e-17,0.044344,0.062808
-1.7388e-17,0.044301,0.062861
-1.3395e-17,0.044262,0.062905
-9.1571e-18,0.044227,0.06294
-4.68e-18,0.044196,0.062967
3.0608e-20,0.04417,0.062984
4.9673e-18,0.044148,0.062993
1.0121e-17,0.044131,0.062993
1.5483e-17,0.044118,0.062984
2.1041e-17,0.044111,0.062967
2.6783e-17,0.044107,0.062942
3.2694e-17,0.044109,0.062908
3.8759e-17,0.044115,0.062866
4.4963e-17,0.044126,0.062817
5.1286e-17,0.044142,0.06276
5.7709e-17,0.044162,0.062696
6.4211e-17,0.044187,0.062625
7.0771e-17,0.044217,0.062546
7.7365e-17,0.044252,0.062462
8.3968e-17,0.04429,0.062371
9.0554e-17,0.044334,0.062274
9.7096e-17,0.044381,0.062171
1.0356e-16,0.044433,0.062063
1.0993e-16,0.044489,0.061951
1.1617e-16,0.04455,0.061833
1.2224e-16,0.044613,0.061711
1.2811e-16,0.044681,0.061585
1.3376e-16,0.044752,0.061456
1.3914e-16,0.044827,0.061323
1.4422e-16,0.044905,0.061188
1.4897e-16,0.044986,0.06105
1.5335e-16,0.045069,0.060909
1.5733e-16,0.045156,0.060767
1.6087e-16,0.045245,0.060624
1.6393e-16,0.045336,0.060479
1.6648e-16,0.045429,0.060334
1.6848e-16,0.045524,0.060188
1.699e-16,0.04562,0.060042
1.7071e-16,0.045718,0.059896
1.7086e-16,0.045817,0.059751
1.7034e-16,0.045917,0.059606
1.691e-16,0.046018,0.059463
1.6711e-16,0.046119,0.059321
1.6436e-16,0.04622,0.059181
1.6081e-16,0.046322,0.059043
1.5643e-16,0.046423,0.058907
1.5121e-16,0.046524,0.058773
1.4511e-16,0.046625,0.058642
1.3814e-16,0.046724,0.058513
1.3026e-16,0.046823,0.058388
1.2147e-16,0.046921,0.058265
1.1176e-16,0.047017,0.058146
1.0112e-16,0.047112,0.05803
8.9554e-17,0.047205,0.057917
7.7054e-17,0.047297,0.057808
6.3629e-17,0.047386,0.057702
4.9286e-17,0.047474,0.0576
3.404e-17,0.04756,0.057502
1.7907e-17,0.047644,0.057407
9.0933e-19,0.047725,0.057315
-1.6928e-17,0.047804,0.057227
-3.5573e-17,0.047881,0.057143
-5.4992e-17,0.047955,0.057062
-7.5142e-17,0.048027,0.056984
-9.598e-17,0.048097,0.05691
-1.1745e-16,0.048164,0.056839
-1.3951e-16,0.048229,0.056771
-1.6209e-16,0.048292,0.056706
-1.8512e-16,0.048352,0.056643
-2.0853e-16,0.04841,0.056584
-2.3226e-16,0.048466,0.056527
-2.5621e-16,0.048519,0.056472
-2.8031e-16,0.048571,0.05642
-3.0446e-16,0.04862,0.05637
-3.2856e-16,0.048667,0.056321
-3.5252e-16,0.048713,0.056275
-3.7624e-16,0.048756,0.05623
-3.996e-16,0.048798,0.056187
-4.225e-16,0.048839,0.056145
-4.4481e-16,0.048877,0.056104
-4.6643e-16,0.048915,0.056064
-4.8722e-16,0.04895,0.056025
-5.0707e-16,0.048985,0.055986
-5.2584e-16,0.049018,0.055948
-5.4342e-16,0.049051,0.055911
-5.5965e-16,0.049082,0.055874
-5.7443e-16,0.049112,0.055837
-5.8761e-16,0.049141,0.055801
-5.9906e-16,0.049169,0.055764
-6.0866e-16,0.049196,0.055728
-6.1627e-16,0.049223,0.055691
-6.2176e-16,0.049249,0.055655
-6.25e-16,0.049274,0.055618
-6.2588e-16,0.049298,0.055581
-6.2427e-16,0.049321,0.055544
-6.2006e-16,0.049344,0.055507
-6.1314e-16,0.049366,0.055469
-6.0339e-16,0.049387,0.055432
-5.9073e-16,0.049407,0.055395
-5.7505e-16,0.049427,0.055358
-5.5627e-16,0.049446,0.055321
-5.3433e-16,0.049463,0.055284
-5.0914e-16,0.04948,0.055248
-4.8065e-16,0.049496,0.055213
-4.4882e-16,0.049511,0.055178
-4.136e-16,0.049524,0.055145
-3.7498e-16,0.049536,0.055112
-3.3295e-16,0.049547,0.055081
-2.8749e-16,0.049557,0.055052
-2.3864e-16,0.049565,0.055024
-1.8641e-16,0.049571,0.054998
-1.3086e-16,0.049576,0.054975
-7.205e-17,0.049579,0.054954
-1.005e-17,0.04958,0.054936
5.5044e-17,0.049579,0.054921
1.2312e-16,0.049576,0.05491
1.9405e-16,0.04957,0.054902
2.6769e-16,0.049563,0.054899
3.4387e-16,0.049553,0.054899
4.2241e-16,0.049541,0.054904
5.0311e-16,0.049526,0.054914
5.8575e-16,0.049509,0.05493
6.7009e-16,0.049489,0.05495
7.5587e-16,0.049466,0.054977
8.4282e-16,0.049441,0.055009
9.3064e-16,0.049412,0.055048
1.019e-15,0.049381,0.055093
1.1076e-15,0.049346,0.055146
1.1961e-15,0.049309,0.055205
1.2842e-15,0.049269,0.055272
1.3713e-15,0.049225,0.055346
1.4572e-15,0.049179,0.055428
1.5415e-15,0.049129,0.055518
1.6236e-15,0.049076,0.055616
1.7033e-15,0.04902,0.055723
1.7799e-15,0.048961,0.055838
1.8532e-15,0.048899,0.055961
1.9226e-15,0.048833,0.056093
1.9876e-15,0.048765,0.056234
2.0477e-15,0.048693,0.056384
2.1026e-15,0.048619,0.056543
2.1516e-15,0.048542,0.05671
2.1944e-15,0.048461,0.056886
2.2304e-15,0.048378,0.057071
2.2592e-15,0.048292,0.057264
2.2802e-15,0.048204,0.057466
2.293e-15,0.048112,0.057677
2.2972e-15,0.048019,0.057895
2.2924e-15,0.047922,0.058122
2.278e-15,0.047823,0.058356
2.2537e-15,0.047722,0.058598
2.2191e-15,0.047619,0.058847
2.1738e-15,0.047513,0.059103
2.1175e-15,0.047405,0.059365
2.0498e-15,0.047296,0.059634
1.9706e-15,0.047184,0.059909
1.8794e-15,0.04707,0.060189
1.7762e-15,0.046955,0.060474
1.6607e-15,0.046838,0.060764
1.5328e-15,0.046719,0.061058
1.3924e-15,0.046599,0.061355
1.2395e-15,0.046477,0.061656
1.074e-15,0.046354,0.061959
8.9606e-16,0.046229,0.062264
7.0571e-16,0.046103,0.062571
5.0314e-16,0.045976,0.062878
2.8855e-16,0.045848,0.063186
6.223e-17,0.045719,0.063494
-1.7549e-16,0.045588,0.063802
-4.242e-16,0.045457,0.064108
-6.8344e-16,0.045325,0.064412
-9.5268e-16,0.045192,0.064713
-1.2313e-15,0.045058,0.065012
-1.5187e-15,0.044924,0.065307
-1.8141e-15,0.044789,0.065598
-2.1167e-15,0.044653,0.065884
-2.4257e-15,0.044517,0.066166
-2.74e-15,0.04438,0.066441
-3.0588e-15,0.044243,0.06671
-3.3809e-15,0.044105,0.066973
-3.7052e-15,0.043967,0.067228
-4.0304e-15,0.043829,0.067476
-4.3554e-15,0.043691,0.067716
-4.6787e-15,0.043553,0.067947
-4.9991e-15,0.043414,0.06817
-5.315e-15,0.043276,0.068383
-5.625e-15,0.043137,0.068586
-5.9275e-15,0.042999,0.06878
-6.221e-15,0.042861,0.068963
-6.5037e-15,0.042723,0.069136
-6.7741e-15,0.042586,0.069298
-7.0303e-15,0.042449,0.069449
-7.2708e-15,0.042313,0.069589
-7.4937e-15,0.042178,0.069717
-7.6973e-15,0.042043,0.069834
-7.8798e-15,0.041909,0.069939
-8.0393e-15,0.041776,0.070033
-8.1743e-15,0.041644,0.070114
-8.2828e-15,0.041514,0.070184
-8.3632e-15,0.041385,0.070242
-8.4137e-15,0.041257,0.070288
-8.4327e-15,0.041131,0.070322
-8.4186e-15,0.041007,0.070344
-8.3697e-15,0.040884,0.070355
-8.2845e-15,0.040764,0.070354
-8.1616e-15,0.040647,0.070342
-7.9997e-15,0.040531,0.070318
-7.7975e-15,0.040419,0.070283
-7.5538e-15,0.040309,0.070237
-7.2675e-15,0.040202,0.07018
-6.9378e-15,0.040098,0.070112
-6.5637e-15,0.039998,0.070035
-6.1447e-15,0.039901,0.069947
-5.6802e-15,0.039808,0.069849
-5.1699e-15,0.039719,0.069742
-4.6136e-15,0.039635,0.069625
-4.0112e-15,0.039554,0.0695
-3.3629e-15,0.039479,0.069365
-2.6691e-15,0.039408,0.069223
-1.9303e-15,0.039342,0.069072
-1.1473e-15,0.039282,0.068914
-3.2119e-16,0.039227,0.068749
5.4693e-16,0.039177,0.068577
1.4556e-15,0.039134,0.068397
2.4031e-15,0.039096,0.068212
3.3876e-15,0.039065,0.068021
4.4068e-15,0.039041,0.067824
5.4584e-15,0.039023,0.067622
6.5397e-15,0.039012,0.067416
7.6478e-15,0.039007,0.067205
8.7796e-15,0.03901,0.066989
9.9315e-15,0.03902,0.06677
1.11e-14,0.039038,0.066548
1.2281e-14,0.039063,0.066322
1.3471e-14,0.039095,0.066094
1.4665e-14,0.039136,0.065864
1.5858e-14,0.039184,0.065631
1.7046e-14,0.03924,0.065397
1.8223e-14,0.039303,0.065161
1.9385e-14,0.039375,0.064924
2.0526e-14,0.039454,0.064686
2.164e-14,0.039542,0.064448
2.2721e-14,0.039637,0.064209
2.3763e-14,0.03974,0.063971
2.4761e-14,0.03985,0.063733
2.5708e-14,0.039968,0.063495
2.6597e-14,0.040094,0.063258
2.7423e-14,0.040227,0.063023
2.8178e-14,0.040367,0.062788
2.8856e-14,0.040514,0.062555
2.9452e-14,0.040667,0.062324
2.9957e-14,0.040828,0.062095
3.0367e-14,0.040994,0.061867
3.0673e-14,0.041167,0.061642
3.0871e-14,0.041345,0.06142
3.0954e-14,0.041528,0.0612
3.0915e-14,0.041717,0.060983
3.075e-14,0.041911,0.060768
3.0452e-14,0.042109,0.060557
3.0017e-14,0.042311,0.060349
2.9438e-14,0.042516,0.060144
2.8712e-14,0.042725,0.059943
2.7834e-14,0.042937,0.059745
2.6801e-14,0.043151,0.05955
2.5608e-14,0.043367,0.059359
2.4253e-14,0.043585,0.059172
2.2733e-14,0.043804,0.058988
2.1046e-14,0.044024,0.058809
1.9191e-14,0.044244,0.058633
1.7167e-14,0.044464,0.058461
1.4974e-14,0.044683,0.058293
1.2613e-14,0.044901,0.058128
1.0084e-14,0.045118,0.057968
7.3899e-15,0.045334,0.057812
4.5333e-15,0.045547,0.05766
1.5178e-15,0.045757,0.057511
-1.6524e-15,0.045964,0.057367
-4.9721e-15,0.046168,0.057227
-8.435e-15,0.046369,0.05709
-1.2034e-14,0.046565,0.056958
-1.5762e-14,0.046757,0.05683
-1.961e-14,0.046944,0.056706
-2.3568e-14,0.047126,0.056586
-2.7626e-14,0.047303,0.05647
-3.1771e-14,0.047474,0.056358
-3.5993e-14,0.047639,0.05625
-4.0276e-14,0.047799,0.056146
-4.4608e-14,0.047952,0.056047
-4.8973e-14,0.048099,0.055951
-5.3354e-14,0.04824,0.05586
-5.7736e-14,0.048374,0.055773
-6.2099e-14,0.048501,0.05569
-6.6427e-14,0.048622,0.055611
-7.0699e-14,0.048735,0.055537
-7.4895e-14,0.048842,0.055467
-7.8996e-14,0.048941,0.055401
-8.2978e-14,0.049034,0.05534
-8.6822e-14,0.04912,0.055283
-9.0503e-14,0.049199,0.05523
-9.4e-14,0.049271,0.055183
-9.7289e-14,0.049336,0.05514
-1.0035e-13,0.049394,0.055101
-1.0315e-13,0.049446,0.055067
-1.0567e-13,0.049491,0.055038
-1.0789e-13,0.04953,0.055014
-1.0978e-13,0.049563,0.054995
-1.1133e-13,0.049589,0.054981
-1.1249e-13,0.04961,0.054971
-1.1327e-13,0.049625,0.054967
-1.1362e-13,0.049634,0.054968
-1.1352e-13,0.049637,0.054974
-1.1297e-13,0.049636,0.054985
-1.1193e-13,0.049629,0.055002
-1.1039e-13,0.049618,0.055023
-1.0832e-13,0.049602,0.055051
-1.0572e-13,0.049582,0.055083
-1.0256e-13,0.049557,0.055121
-9.8825e-14,0.049529,0.055165
-9.451e-14,0.049496,0.055214
-8.9601e-14,0.049461,0.055269
-8.4088e-14,0.049421,0.055329
-7.7963e-14,0.049379,0.055395
-7.1221e-14,0.049334,0.055466
-6.386e-14,0.049286,0.055544
-5.5878e-14,0.049236,0.055627
-4.7276e-14,0.049183,0.055715
-3.806e-14,0.049128,0.055809
-2.8237e-14,0.049071,0.055909
-1.7815e-14,0.049013,0.056015
-6.8081e-15,0.048953,0.056126
4.7682e-15,0.048891,0.056243
1.6895e-14,0.048829,0.056365
2.9551e-14,0.048765,0.056493
4.2711e-14,0.0487,0.056626
5.6346e-14,0.048634,0.056765
7.0424e-14,0.048568,0.056909
8.4911e-14,0.048501,0.057058
9.9768e-14,0.048433,0.057213
1.1495e-13,0.048365,0.057372
1.3042e-13,0.048297,0.057537
1.4612e-13,0.048228,0.057706
1.6201e-13,0.048159,0.05788
1.7802e-13,0.04809,0.058059
1.941e-13,0.048021,0.058242
2.1019e-13,0.047952,0.058429
2.2622e-13,0.047883,0.05862
2.4212e-13,0.047813,0.058816
2.5783e-13,0.047744,0.059015
2.7327e-13,0.047674,0.059217
2.8836e-13,0.047604,0.059423
3.0303e-13,0.047534,0.059632
3.172e-13,0.047464,0.059843
3.3078e-13,0.047394,0.060058
3.437e-13,0.047324,0.060274
3.5586e-13,0.047253,0.060493
3.6718e-13,0.047183,0.060713
3.7757e-13,0.047111,0.060935
3.8695e-13,0.04704,0.061158
3.9522e-13,0.046968,0.061381
4.0231e-13,0.046896,0.061606
4.0812e-13,0.046823,0.06183
4.1256e-13,0.046749,0.062055
4.1555e-13,0.046675,0.062279
4.1701e-13,0.046601,0.062502
4.1685e-13,0.046525,0.062724
4.1501e-13,0.046449,0.062945
4.1139e-13,0.046372,0.063164
4.0593e-13,0.046295,0.063381
3.9856e-13,0.046216,0.063596
3.8922e-13,0.046137,0.063807
3.7784e-13,0.046057,0.064016
3.6437e-13,0.045976,0.064221
3.4877e-13,0.045894,0.064422
3.3099e-13,0.045812,0.06462
3.11e-13,0.045728,0.064813
2.8876e-13,0.045644,0.065001
2.6426e-13,0.045559,0.065184
2.3748e-13,0.045473,0.065362
2.0843e-13,0.045386,0.065534
1.771e-13,0.045299,0.065701
1.4352e-13,0.045211,0.065862
1.077e-13,0.045123,0.066016
6.9679e-14,0.045034,0.066164
2.9506e-14,0.044944,0.066305
-1.2764e-14,0.044855,0.066439
-5.7064e-14,0.044765,0.066566
-1.0331e-13,0.044675,0.066686
-1.5143e-13,0.044585,0.066798
-2.0129e-13,0.044495,0.066903
-2.528e-13,0.044406,0.066999
-3.0582e-13,0.044317,0.067089
-3.6022e-13,0.044228,0.06717
-4.1584e-13,0.044141,0.067243
-4.7252e-13,0.044054,0.067308
-5.3007e-13,0.043968,0.067365
-5.8832e-13,0.043884,0.067414
-6.4706e-13,0.043801,0.067454
-7.0607e-13,0.043719,0.067486
-7.6513e-13,0.04364,0.06751
-8.2401e-13,0.043562,0.067526
-8.8245e-13,0.043487,0.067534
-9.402e-13,0.043414,0.067533
-9.97e-13,0.043344,0.067524
-1.0526e-12,0.043277,0.067508
-1.1066e-12,0.043212,0.067483
-1.1588e-12,0.043151,0.067451
-1.2089e-12,0.043093,0.067411
-1.2566e-12,0.043039,0.067363
-1.3016e-12,0.042989,0.067307
-1.3435e-12,0.042942,0.067245
-1.382e-12,0.0429,0.067175
-1.4169e-12,0.042862,0.067098
-1.4477e-12,0.042829,0.067014
-1.4742e-12,0.0428,0.066923
-1.4961e-12,0.042776,0.066826
-1.5129e-12,0.042757,0.066723
-1.5245e-12,0.042743,0.066613
-1.5305e-12,0.042734,0.066498
-1.5306e-12,0.04273,0.066377
-1.5245e-12,0.042732,0.066251
-1.5119e-12,0.042739,0.066119
-1.4927e-12,0.042751,0.065982
-1.4664e-12,0.042769,0.065841
-1.4329e-12,0.042793,0.065695
-1.3919e-12,0.042822,0.065545
-1.3434e-12,0.042857,0.06539
-1.2869e-12,0.042897,0.065232
-1.2225e-12,0.042942,0.065071
-1.15e-12,0.042994,0.064906
-1.0693e-12,0.04305,0.064739
-9.8029e-13,0.043112,0.064569
-8.8292e-13,0.043179,0.064396
-7.7718e-13,0.043251,0.064221
-6.6309e-13,0.043328,0.064044
-5.407e-13,0.04341,0.063865
-4.101e-13,0.043497,0.063686
-2.7141e-13,0.043588,0.063504
-1.248e-13,0.043683,0.063322
2.9545e-14,0.043783,0.06314
1.9137e-13,0.043886,0.062957
3.6038e-13,0.043993,0.062774
5.3626e-13,0.044104,0.06259
7.1863e-13,0.044217,0.062408
9.0708e-13,0.044334,0.062225
1.1011e-12,0.044453,0.062044
1.3003e-12,0.044575,0.061863
1.504e-12,0.044698,0.061684
1.7117e-12,0.044823,0.061506
1.9226e-12,0.04495,0.06133
2.1362e-12,0.045078,0.061155
2.3517e-12,0.045207,0.060983
2.5682e-12,0.045336,0.060812
2.7851e-12,0.045465,0.060644
3.0013e-12,0.045594,0.060479
3.2161e-12,0.045723,0.060316
3.4284e-12,0.045852,0.060156
3.6373e-12,0.045979,0.06
3.8418e-12,0.046105,0.059846
4.0408e-12,0.046229,0.059696
4.2333e-12,0.046351,0.059549
4.4182e-12,0.046471,0.059406
4.5943e-12,0.046589,0.059267
4.7605e-12,0.046704,0.059132
4.9156e-12,0.046817,0.059
5.0585e-12,0.046926,0.058873
5.1879e-12,0.047031,0.05875
5.3028e-12,0.047133,0.058631
5.4019e-12,0.047232,0.058517
5.484e-12,0.047326,0.058407
5.5479e-12,0.047417,0.058302
5.5926e-12,0.047503,0.058202
5.6169e-12,0.047585,0.058107
5.6197e-12,0.047662,0.058016
5.5998e-12,0.047735,0.05793
5.5564e-12,0.047804,0.05785
5.4883e-12,0.047867,0.057774
5.3947e-12,0.047926,0.057704
5.2747e-12,0.047981,0.057639
5.1274e-12,0.04803,0.057579
4.9522e-12,0.048076,0.057525
4.7482e-12,0.048116,0.057475
4.5151e-12,0.048152,0.057432
4.2522e-12,0.048183,0.057393
3.9592e-12,0.04821,0.05736
3.6357e-12,0.048233,0.057332
3.2816e-12,0.048251,0.05731
2.8968e-12,0.048265,0.057293
2.4813e-12,0.048276,0.057282
2.0354e-12,0.048282,0.057276
1.5592e-12,0.048285,0.057275
1.0533e-12,0.048284,0.05728
5.1827e-13,0.04828,0.05729
-4.5243e-14,0.048272,0.057305
-6.3632e-13,0.048262,0.057325
-1.2539e-12,0.048248,0.057351
-1.8969e-12,0.048232,0.057381
-2.5638e-12,0.048213,0.057417
-3.2532e-12,0.048192,0.057457
-3.9634e-12,0.048169,0.057503
-4.6926e-12,0.048144,0.057553
-5.4387e-12,0.048117,0.057607
-6.1995e-12,0.048088,0.057667
-6.9727e-12,0.048058,0.05773
-7.7558e-12,0.048026,0.057798
-8.5461e-12,0.047994,0.05787
-9.3407e-12,0.04796,0.057946
-1.0137e-11,0.047926,0.058026
-1.0931e-11,0.047891,0.05811
-1.172e-11,0.047855,0.058197
-1.2501e-11,0.047819,0.058288
-1.3269e-11,0.047783,0.058382
-1.4022e-11,0.047746,0.058478
-1.4755e-11,0.04771,0.058578
-1.5464e-11,0.047673,0.058681
-1.6146e-11,0.047637,0.058786
-1.6796e-11,0.047601,0.058894
-1.741e-11,0.047565,0.059003
-1.7985e-11,0.04753,0.059115
-1.8514e-11,0.047495,0.059228
-1.8995e-11,0.047461,0.059343
-1.9423e-11,0.047428,0.05946
-1.9793e-11,0.047395,0.059577
-2.0101e-11,0.047363,0.059696
-2.0344e-11,0.047331,0.059815
-2.0516e-11,0.047301,0.059935
-2.0613e-11,0.047271,0.060055
-2.0632e-11,0.047243,0.060175
-2.0568e-11,0.047215,0.060295
-2.0419e-11,0.047188,0.060415
-2.0179e-11,0.047162,0.060535
-1.9846e-11,0.047138,0.060654
-1.9416e-11,0.047114,0.060772
-1.8886e-11,0.047091,0.060889
-1.8254e-11,0.04707,0.061005
-1.7517e-11,0.047049,0.06112
-1.6673e-11,0.04703,0.061233
-1.572e-11,0.047012,0.061344
-1.4657e-11,0.046995,0.061454
-1.3481e-11,0.046979,0.061561
-1.2194e-11,0.046964,0.061666
-1.0794e-11,0.046951,0.061769
-9.2807e-12,0.046938,0.061869
-7.6558e-12,0.046927,0.061967
-5.92e-12,0.046917,0.062062
-4.0747e-12,0.046908,0.062155
-2.1221e-12,0.046901,0.062244
-6.4764e-14,0.046895,0.06233
2.0941e-12,0.046889,0.062413
4.3509e-12,0.046886,0.062493
6.7012e-12,0.046883,0.062569
9.1401e-12,0.046882,0.062642
1.1662e-11,0.046882,0.062712
1.4261e-11,0.046883,0.062778
1.6931e-11,0.046886,0.062841
1.9663e-11,0.046889,0.0629
2.245e-11,0.046894,0.062955
2.5284e-11,0.046901,0.063007
2.8155e-11,0.046908,0.063055
3.1054e-11,0.046917,0.063099
3.397e-11,0.046927,0.06314
3.6892e-11,0.046938,0.063177
3.9809e-11,0.04695,0.063211
4.2708e-11,0.046964,0.06324
4.5578e-11,0.046978,0.063267
4.8404e-11,0.046994,0.063289
5.1174e-11,0.047011,0.063308
5.3873e-11,0.047028,0.063324
5.6488e-11,0.047047,0.063336
5.9003e-11,0.047067,0.063345
6.1403e-11,0.047088,0.06335
6.3673e-11,0.047109,0.063352
6.5797e-11,0.047132,0.06335
6.776e-11,0.047155,0.063346
6.9545e-11,0.047179,0.063338
7.1137e-11,0.047204,0.063327
7.252e-11,0.04723,0.063313
7.3678e-11,0.047256,0.063296
7.4594e-11,0.047283,0.063276
7.5255e-11,0.04731,0.063253
7.5643e-11,0.047338,0.063227
7.5745e-11,0.047367,0.063198
7.5545e-11,0.047395,0.063166
7.503e-11,0.047425,0.063132
7.4187e-11,0.047454,0.063095
7.3002e-11,0.047484,0.063056
7.1463e-11,0.047514,0.063014
6.9559e-11,0.047545,0.062969
6.7281e-11,0.047575,0.062922
6.4618e-11,0.047606,0.062873
6.1563e-11,0.047636,0.062821
5.8108e-11,0.047667,0.062768
5.4249e-11,0.047698,0.062712
4.998e-11,0.047728,0.062654
4.5298e-11,0.047758,0.062593
4.0203e-11,0.047788,0.062531
3.4695e-11,0.047818,0.062467
2.8775e-11,0.047848,0.062401
2.2447e-11,0.047877,0.062334
1.5717e-11,0.047905,0.062265
8.5915e-12,0.047934,0.062194
1.0807e-12,0.047961,0.062122
-6.8043e-12,0.047988,0.062048
-1.505e-11,0.048015,0.061973
-2.3641e-11,0.04804,0.061896
-3.2559e-11,0.048065,0.061819
-4.1785e-11,0.04809,0.06174
-5.1296e-11,0.048113,0.061661
-6.1068e-11,0.048135,0.06158
-7.1075e-11,0.048157,0.061499
-8.1286e-11,0.048177,0.061417
-9.1672e-11,0.048196,0.061335
-1.022e-10,0.048215,0.061252
-1.1283e-10,0.048232,0.061169
-1.2353e-10,0.048248,0.061085
-1.3426e-10,0.048262,0.061001
-1.4497e-10,0.048276,0.060918
-1.5562e-10,0.048288,0.060834
-1.6617e-10,0.048298,0.06075
-1.7656e-10,0.048308,0.060667
-1.8676e-10,0.048315,0.060584
-1.967e-10,0.048322,0.060501
-2.0633e-10,0.048326,0.060419
-2.156e-10,0.048329,0.060338
-2.2446e-10,0.048331,0.060258
-2.3285e-10,0.048331,0.060178
-2.4071e-10,0.048329,0.060099
-2.4798e-10,0.048326,0.060022
-2.5461e-10,0.04832,0.059945
-2.6053e-10,0.048314,0.05987
-2.657e-10,0.048305,0.059797
-2.7004e-10,0.048294,0.059725
-2.7351e-10,0.048282,0.059654
-2.7603e-10,0.048268,0.059585
-2.7757e-10,0.048252,0.059518
-2.7806e-10,0.048235,0.059453
-2.7745e-10,0.048216,0.05939
-2.7569e-10,0.048194,0.059329
-2.7273e-10,0.048172,0.05927
-2.6852e-10,0.048147,0.059214
-2.6301e-10,0.048121,0.05916
-2.5617e-10,0.048093,0.059108
-2.4796e-10,0.048063,0.059059
-2.3834e-10,0.048031,0.059013
-2.2729e-10,0.047999,0.058969
-2.1477e-10,0.047964,0.058929
-2.0076e-10,0.047928,0.058891
-1.8525e-10,0.047891,0.058856
-1.6824e-10,0.047852,0.058824
-1.497e-10,0.047811,0.058796
-1.2964e-10,0.04777,0.058771
-1.0808e-10,0.047727,0.058748
-8.5009e-11,0.047683,0.05873
-6.0463e-11,0.047638,0.058714
-3.4464e-11,0.047591,0.058702
-7.0452e-12,0.047544,0.058694
2.1752e-11,0.047496,0.058688
5.1879e-11,0.047447,0.058687
8.328e-11,0.047397,0.058689
1.1589e-10,0.047347,0.058694
1.4964e-10,0.047295,0.058703
1.8444e-10,0.047244,0.058715
2.2022e-10,0.047192,0.058731
2.5686e-10,0.047139,0.05875
2.9427e-10,0.047086,0.058772
3.3233e-10,0.047033,0.058798
3.7092e-10,0.04698,0.058827
4.0991e-10,0.046927,0.058859
4.4917e-10,0.046874,0.058894
4.8854e-10,0.046821,0.058932
5.2787e-10,0.046768,0.058973
5.6701e-10,0.046715,0.059016
6.0578e-10,0.046663,0.059063
6.4401e-10,0.046611,0.059112
6.8152e-10,0.04656,0.059163
7.1812e-10,0.046509,0.059216
7.5361e-10,0.046459,0.059272
7.8781e-10,0.04641,0.059329
8.2051e-10,0.046362,0.059388
8.515e-10,0.046314,0.059449
8.8057e-10,0.046268,0.059512
9.0751e-10,0.046222,0.059575
9.3211e-10,0.046178,0.05964
9.5415e-10,0.046135,0.059705
9.7342e-10,0.046092,0.059771
9.897e-10,0.046052,0.059838
1.0028e-09,0.046012,0.059906
1.0125e-09,0.045974,0.059973
1.0185e-09,0.045937,0.06004
1.0207e-09,0.045902,0.060107
1.0189e-09,0.045868,0.060174
1.013e-09,0.045835,0.060241
1.0026e-09,0.045804,0.060306
9.8762e-10,0.045775,0.060371
9.6793e-10,0.045747,0.060435
9.4337e-10,0.045721,0.060497
9.1378e-10,0.045696,0.060558
8.7904e-10,0.045673,0.060617
8.3903e-10,0.045652,0.060675
7.9366e-10,0.045632,0.060731
7.4285e-10,0.045614,0.060784
6.8653e-10,0.045598,0.060836
6.2467e-10,0.045583,0.060885
5.5723e-10,0.04557,0.060932
4.8421e-10,0.045559,0.060976
4.0565e-10,0.045549,0.061018
3.2157e-10,0.045541,0.061057
2.3205e-10,0.045535,0.061093
1.3719e-10,0.04553,0.061126
3.71e-11,0.045527,0.061156
-6.8067e-11,0.045526,0.061184
-1.7814e-10,0.045526,0.061208
-2.9291e-10,0.045528,0.061229
-4.1215e-10,0.045532,0.061246
-5.3559e-10,0.045538,0.061261
-6.6294e-10,0.045545,0.061272
-7.9389e-10,0.045553,0.06128
-9.2807e-10,0.045564,0.061285
-1.0651e-09,0.045576,0.061287
-1.2046e-09,0.04559,0.061286
-1.3461e-09,0.045605,0.061281
-1.4891e-09,0.045622,0.061274
-1.6331e-09,0.04564,0.061264
-1.7776e-09,0.04566,0.06125
-1.922e-09,0.045682,0.061234
-2.0658e-09,0.045705,0.061215
-2.2083e-09,0.045729,0.061194
-2.3489e-09,0.045756,0.06117
-2.4869e-09,0.045783,0.061143
-2.6216e-09,0.045812,0.061114
-2.7524e-09,0.045842,0.061083
-2.8785e-09,0.045874,0.06105
-2.9992e-09,0.045907,0.061015
-3.1137e-09,0.045941,0.060978
-3.2212e-09,0.045976,0.060939
-3.321e-09,0.046013,0.060898
-3.4123e-09,0.046051,0.060856
-3.4942e-09,0.046089,0.060813
-3.5661e-09,0.046129,0.060769
-3.6271e-09,0.046169,0.060723
-3.6765e-09,0.046211,0.060677
-3.7134e-09,0.046253,0.06063
-3.7371e-09,0.046296,0.060582
-3.7468e-09,0.04634,0.060534
-3.7419e-09,0.046384,0.060485
-3.7216e-09,0.046428,0.060437
-3.6853e-09,0.046473,0.060388
-3.6323e-09,0.046519,0.060339
-3.5619e-09,0.046565,0.060291
-3.4737e-09,0.046611,0.060243
-3.3672e-09,0.046657,0.060195
-3.2417e-09,0.046703,0.060148
-3.097e-09,0.046749,0.060102
-2.9326e-09,0.046795,0.060056
-2.7483e-09,0.046841,0.060012
-2.5438e-09,0.046887,0.059968
-2.3189e-09,0.046933,0.059926
-2.0736e-09,0.046978,0.059885
-1.8078e-09,0.047023,0.059845
-1.5216e-09,0.047068,0.059807
-1.2151e-09,0.047112,0.059771
-8.8869e-10,0.047156,0.059736
-5.4259e-10,0.047199,0.059703
-1.7724e-10,0.047242,0.059671
2.0681e-10,0.047284,0.059642
6.0894e-10,0.047325,0.059614
1.0284e-09,0.047365,0.059589
1.4644e-09,0.047405,0.059565
1.9159e-09,0.047444,0.059544
2.3819e-09,0.047482,0.059524
2.8612e-09,0.047519,0.059507
3.3525e-09,0.047556,0.059492
3.8545e-09,0.047591,0.059479
4.3656e-09,0.047626,0.059468
4.8842e-09,0.047659,0.05946
5.4086e-09,0.047691,0.059453
5.937e-09,0.047723,0.059449
6.4673e-09,0.047753,0.059446
6.9977e-09,0.047782,0.059446
7.5258e-09,0.04781,0.059448
8.0496e-09,0.047837,0.059452
8.5665e-09,0.047862,0.059457
9.0743e-09,0.047887,0.059465
9.5704e-09,0.04791,0.059474
1.0052e-08,0.047931,0.059485
1.0517e-08,0.047952,0.059498
1.0962e-08,0.04797,0.059512
1.1385e-08,0.047988,0.059528
1.1783e-08,0.048004,0.059545
1.2152e-08,0.048018,0.059563
1.2491e-08,0.048031,0.059583
1.2796e-08,0.048042,0.059603
1.3064e-08,0.048052,0.059625
1.3292e-08,0.04806,0.059647
1.3478e-08,0.048066,0.05967
1.3619e-08,0.048071,0.059694
1.3711e-08,0.048074,0.059718
1.3753e-08,0.048075,0.059742
1.3741e-08,0.048074,0.059767
1.3673e-08,0.048071,0.059792
1.3546e-08,0.048067,0.059816
1.3358e-08,0.048061,0.059841
1.3107e-08,0.048053,0.059866
1.279e-08,0.048043,0.05989
1.2407e-08,0.048032,0.059914
1.1954e-08,0.048018,0.059937
1.143e-08,0.048003,0.05996
1.0835e-08,0.047986,0.059982
1.0166e-08,0.047968,0.060003
9.4236e-09,0.047947,0.060024
8.6062e-09,0.047925,0.060043
7.7139e-09,0.047902,0.060062
6.7464e-09,0.047877,0.060079
5.704e-09,0.04785,0.060096
4.5872e-09,0.047823,0.060111
3.3969e-09,0.047793,0.060125
2.1342e-09,0.047763,0.060138
8.0067e-10,0.047731,0.06015
-6.0173e-10,0.047698,0.06016
-2.0707e-09,0.047665,0.060169
-3.6037e-09,0.04763,0.060176
-5.1976e-09,0.047595,0.060182
-6.8489e-09,0.047558,0.060187
-8.5539e-09,0.047522,0.060191
-1.0308e-08,0.047484,0.060193
-1.2107e-08,0.047446,0.060194
-1.3946e-08,0.047408,0.060193
-1.5819e-08,0.04737,0.060191
-1.772e-08,0.047332,0.060188
-1.9643e-08,0.047294,0.060183
-2.1581e-08,0.047256,0.060178
-2.3527e-08,0.047218,0.060171
-2.5474e-08,0.04718,0.060163
-2.7414e-08,0.047143,0.060153
-2.9339e-08,0.047107,0.060143
-3.124e-08,0.047071,0.060131
-3.3108e-08,0.047036,0.060119
-3.4934e-08,0.047002,0.060106
-3.6709e-08,0.046969,0.060091
-3.8423e-08,0.046937,0.060076
-4.0065e-08,0.046906,0.060061
-4.1627e-08,0.046876,0.060044
-4.3097e-08,0.046848,0.060027
-4.4465e-08,0.046821,0.060009
-4.5721e-08,0.046795,0.05999
-4.6854e-08,0.046771,0.059972
-4.7853e-08,0.046749,0.059952
-4.8708e-08,0.046728,0.059933
-4.9408e-08,0.046709,0.059913
-4.9942e-08,0.046692,0.059893
-5.0301e-08,0.046677,0.059872
-5.0474e-08,0.046663,0.059852
-5.0452e-08,0.046652,0.059832
-5.0224e-08,0.046642,0.059811
-4.9782e-08,0.046634,0.059791
-4.9117e-08,0.046628,0.059771
-4.8221e-08,0.046625,0.059751
-4.7086e-08,0.046623,0.059731
-4.5704e-08,0.046623,0.059711
-4.4069e-08,0.046626,0.059692
-4.2176e-08,0.04663,0.059674
-4.0018e-08,0.046636,0.059655
-3.7593e-08,0.046644,0.059638
-3.4896e-08,0.046655,0.05962
-3.1926e-08,0.046667,0.059604
-2.868e-08,0.046681,0.059588
-2.5158e-08,0.046697,0.059572
-2.1361e-08,0.046715,0.059558
-1.729e-08,0.046735,0.059544
-1.2949e-08,0.046756,0.05953
-8.3422e-09,0.046779,0.059518
-3.4745e-09,0.046804,0.059506
1.6469e-09,0.04683,0.059495
7.0139e-09,0.046858,0.059485
1.2617e-08,0.046887,0.059476
1.8445e-08,0.046918,0.059468
2.4485e-08,0.04695,0.05946
3.0724e-08,0.046982,0.059453
3.7145e-08,0.047016,0.059447
4.3733e-08,0.047051,0.059442
5.0469e-08,0.047087,0.059438
5.7332e-08,0.047123,0.059435
6.4301e-08,0.04716,0.059432
7.1353e-08,0.047198,0.05943
7.8465e-08,0.047236,0.059429
8.5609e-08,0.047274,0.059429
9.2758e-08,0.047313,0.059429
9.9885e-08,0.047351,0.05943
1.0696e-07,0.047389,0.059432
1.1395e-07,0.047428,0.059434
1.2082e-07,0.047466,0.059437
1.2755e-07,0.047503,0.059441
1.3408e-07,0.04754,0.059445
1.404e-07,0.047577,0.059449
1.4646e-07,0.047613,0.059454
1.5223e-07,0.047648,0.05946
1.5767e-07,0.047683,0.059465
1.6274e-07,0.047716,0.059472
1.6739e-07,0.047749,0.059478
1.716e-07,0.04778,0.059484
1.7533e-07,0.047811,0.059491
1.7853e-07,0.04784,0.059497
1.8116e-07,0.047868,0.059504
1.8319e-07,0.047895,0.05951
1.8458e-07,0.047921,0.059516
1.853e-07,0.047946,0.059522
1.853e-07,0.047969,0.059528
1.8454e-07,0.047992,0.059533
1.8301e-07,0.048013,0.059538
1.8066e-07,0.048032,0.059542
1.7747e-07,0.048051,0.059546
1.7339e-07,0.048069,0.059549
1.6842e-07,0.048085,0.059551
1.6252e-07,0.0481,0.059553
1.5568e-07,0.048115,0.059553
1.4787e-07,0.048128,0.059553
1.3907e-07,0.04814,0.059551
1.2928e-07,0.048152,0.059548
1.1848e-07,0.048163,0.059544
1.0668e-07,0.048173,0.059539
9.3855e-08,0.048182,0.059533
8.0024e-08,0.048191,0.059525
6.5188e-08,0.048199,0.059515
4.9357e-08,0.048207,0.059504
3.2547e-08,0.048214,0.059492
1.4777e-08,0.048221,0.059477
-3.9282e-09,0.048228,0.059461
-2.3539e-08,0.048235,0.059444
-4.4021e-08,0.048242,0.059424
-6.5334e-08,0.048248,0.059403
-8.7433e-08,0.048255,0.05938
-1.1027e-07,0.048262,0.059355
-1.3378e-07,0.048269,0.059328
-1.5791e-07,0.048277,0.059299
-1.826e-07,0.048284,0.059268
-2.0776e-07,0.048292,0.059236
-2.3332e-07,0.048301,0.059201
-2.592e-07,0.048309,0.059165
-2.853e-07,0.048319,0.059126
-3.1154e-07,0.048328,0.059086
-3.3781e-07,0.048339,0.059044
-3.6401e-07,0.048349,0.059
-3.9004e-07,0.04836,0.058955
-4.1577e-07,0.048372,0.058908
-4.4108e-07,0.048384,0.058859
-4.6587e-07,0.048396,0.058809
-4.8999e-07,0.048409,0.058757
-5.1332e-07,0.048422,0.058704
-5.3573e-07,0.048436,0.05865
-5.5708e-07,0.048449,0.058595
-5.7723e-07,0.048463,0.058539
-5.9604e-07,0.048477,0.058482
-6.1337e-07,0.048491,0.058424
-6.2909e-07,0.048505,0.058366
-6.4303e-07,0.048519,0.058307
-6.5507e-07,0.048533,0.058248
-6.6506e-07,0.048546,0.058189
-6.7286e-07,0.048559,0.05813
-6.7833e-07,0.048572,0.05807
-6.8133e-07,0.048583,0.058012
-6.8173e-07,0.048595,0.057953
-6.794e-07,0.048605,0.057896
-6.7422e-07,0.048614,0.057839
-6.6607e-07,0.048622,0.057783
-6.5483e-07,0.04863,0.057729
-6.404e-07,0.048636,0.057675
-6.2269e-07,0.04864,0.057624
-6.0159e-07,0.048643,0.057574
-5.7704e-07,0.048645,0.057525
-5.4896e-07,0.048645,0.057479
-5.1728e-07,0.048643,0.057435
-4.8198e-07,0.048639,0.057394
-4.43e-07,0.048633,0.057355
-4.0033e-07,0.048626,0.057318
-3.5395e-07,0.048616,0.057285
-3.0388e-07,0.048604,0.057254
-2.5014e-07,0.048589,0.057226
-1.9276e-07,0.048573,0.057202
-1.318e-07,0.048554,0.05718
-6.7329e-08,0.048533,0.057162
5.6442e-10,0.048509,0.057147
7.1772e-08,0.048483,0.057136
1.4617e-07,0.048454,0.057128
2.2361e-07,0.048423,0.057124
3.0392e-07,0.04839,0.057123
3.8693e-07,0.048354,0.057126
4.7243e-07,0.048315,0.057133
5.6018e-07,0.048274,0.057143
6.4996e-07,0.048231,0.057157
7.4149e-07,0.048185,0.057174
8.3449e-07,0.048138,0.057194
9.2864e-07,0.048088,0.057218
1.0236e-06,0.048036,0.057245
1.1191e-06,0.047981,0.057276
1.2147e-06,0.047925,0.057309
1.3101e-06,0.047867,0.057346
1.4048e-06,0.047808,0.057385
1.4984e-06,0.047747,0.057427
1.5905e-06,0.047684,0.057472
1.6806e-06,0.04762,0.05752
1.7684e-06,0.047555,0.057569
1.8532e-06,0.047489,0.057621
1.9346e-06,0.047422,0.057675
2.0122e-06,0.047355,0.057731
2.0853e-06,0.047287,0.057788
2.1536e-06,0.047219,0.057847
2.2164e-06,0.047151,0.057907
2.2733e-06,0.047082,0.057969
2.3237e-06,0.047015,0.058031
2.367e-06,0.046947,0.058094
2.4029e-06,0.04688,0.058157
2.4307e-06,0.046815,0.058221
2.45e-06,0.04675,0.058285
2.4601e-06,0.046687,0.058349
2.4608e-06,0.046625,0.058413
2.4514e-06,0.046565,0.058476
2.4316e-06,0.046506,0.058539
2.4008e-06,0.04645,0.058601
2.3587e-06,0.046396,0.058662
2.3049e-06,0.046345,0.058722
2.2389e-06,0.046296,0.05878
2.1606e-06,0.04625,0.058837
2.0696e-06,0.046208,0.058893
1.9656e-06,0.046168,0.058947
1.8485e-06,0.046132,0.058998
1.7179e-06,0.046099,0.059048
1.5739e-06,0.04607,0.059096
1.4164e-06,0.046044,0.059141
1.2452e-06,0.046023,0.059184
1.0605e-06,0.046005,0.059224
8.6236e-07,0.045991,0.059262
6.5085e-07,0.045982,0.059297
4.2622e-07,0.045977,0.059329
1.8874e-07,0.045976,0.059358
-6.126e-08,0.045979,0.059385
-3.2337e-07,0.045987,0.059408
-5.971e-07,0.045999,0.059429
-8.8192e-07,0.046016,0.059446
-1.1772e-06,0.046036,0.059461
-1.4822e-06,0.046062,0.059472
-1.7963e-06,0.046091,0.05948
-2.1184e-06,0.046125,0.059485
-2.4478e-06,0.046163,0.059487
-2.7834e-06,0.046206,0.059486
-3.1241e-06,0.046252,0.059482
-3.4687e-06,0.046303,0.059474
-3.8161e-06,0.046357,0.059464
-4.1649e-06,0.046415,0.059451
-4.5136e-06,0.046478,0.059435
-4.861e-06,0.046543,0.059416
-5.2053e-06,0.046612,0.059394
-5.5451e-06,0.046685,0.05937
-5.8786e-06,0.046761,0.059343
-6.2042e-06,0.046839,0.059314
-6.52e-06,0.046921,0.059282
-6.8242e-06,0.047005,0.059248
-7.1148e-06,0.047092,0.059211
-7.39e-06,0.047181,0.059172
-7.6478e-06,0.047273,0.059131
-7.8861e-06,0.047366,0.059089
-8.1029e-06,0.047461,0.059044
-8.2961e-06,0.047558,0.058998
-8.4637e-06,0.047656,0.058949
-8.6034e-06,0.047755,0.0589
-8.7133e-06,0.047856,0.058848
-8.7912e-06,0.047957,0.058796
-8.835e-06,0.048058,0.058742
-8.8426e-06,0.048161,0.058687
-8.812e-06,0.048263,0.058631
-8.7412e-06,0.048365,0.058573
-8.6283e-06,0.048467,0.058515
-8.4713e-06,0.048568,0.058457
-8.2683e-06,0.048669,0.058397
-8.0176e-06,0.048769,0.058337
-7.7176e-06,0.048868,0.058276
-7.3666e-06,0.048966,0.058215
-6.9632e-06,0.049063,0.058153
-6.5059e-06,0.049157,0.058091
-5.9935e-06,0.04925,0.058029
-5.4249e-06,0.049342,0.057967
-4.799e-06,0.049431,0.057905
-4.1152e-06,0.049517,0.057843
-3.3726e-06,0.049602,0.05778
-2.5708e-06,0.049684,0.057719
-1.7095e-06,0.049763,0.057657
-7.8839e-07,0.049839,0.057596
1.9235e-07,0.049912,0.057535
1.2325e-06,0.049983,0.057475
2.3317e-06,0.050049,0.057415
3.4891e-06,0.050113,0.057356
4.704e-06,0.050173,0.057298
5.9753e-06,0.05023,0.057241
7.3016e-06,0.050282,0.057185
8.6815e-06,0.050331,0.05713
1.0113e-05,0.050377,0.057076
1.1594e-05,0.050418,0.057024
1.3123e-05,0.050455,0.056973
1.4697e-05,0.050488,0.056924
1.6313e-05,0.050516,0.056876
1.7968e-05,0.05054,0.056831
1.9659e-05,0.05056,0.056787
2.1384e-05,0.050576,0.056745
2.3137e-05,0.050586,0.056706
2.4916e-05,0.050592,0.056669
2.6717e-05,0.050594,0.056634
2.8535e-05,0.05059,0.056602
3.0365e-05,0.050582,0.056573
3.2204e-05,0.050569,0.056547
3.4047e-05,0.050551,0.056525
3.5889e-05,0.050528,0.056505
3.7724e-05,0.0505,0.056489
3.9549e-05,0.050467,0.056476
4.1357e-05,0.050429,0.056467
4.3144e-05,0.050386,0.056463
4.4904e-05,0.050337,0.056462
4.6632e-05,0.050284,0.056465
4.8324e-05,0.050226,0.056472
4.9972e-05,0.050162,0.056484
5.1573e-05,0.050093,0.056501
5.3121e-05,0.05002,0.056522
5.4611e-05,0.049941,0.056548
5.6039e-05,0.049857,0.056579
5.7398e-05,0.049768,0.056615
5.8686e-05,0.049674,0.056656
5.9896e-05,0.049576,0.056703
6.1026e-05,0.049472,0.056754
6.207e-05,0.049364,0.056811
6.3026e-05,0.049251,0.056873
6.3889e-05,0.049134,0.056941
6.4657e-05,0.049012,0.057014
6.5327e-05,0.048886,0.057092
6.5896e-05,0.048755,0.057176
6.6362e-05,0.048621,0.057266
6.6724e-05,0.048482,0.05736
6.698e-05,0.04834,0.057461
6.7129e-05,0.048194,0.057566
6.717e-05,0.048044,0.057677
6.7104e-05,0.047892,0.057792
6.6931e-05,0.047736,0.057913
6.6651e-05,0.047577,0.058039
6.6266e-05,0.047416,0.05817
6.5776e-05,0.047252,0.058305
6.5184e-05,0.047086,0.058444
6.4492e-05,0.046918,0.058588
6.3702e-05,0.046749,0.058736
6.2818e-05,0.046578,0.058888
6.1841e-05,0.046405,0.059044
6.0776e-05,0.046232,0.059203
5.9626e-05,0.046059,0.059365
5.8396e-05,0.045885,0.05953
5.7088e-05,0.045711,0.059697
5.5707e-05,0.045538,0.059867
5.4259e-05,0.045365,0.060039
5.2746e-05,0.045193,0.060213
5.1174e-05,0.045022,0.060387
4.9548e-05,0.044854,0.060563
4.7872e-05,0.044687,0.060739
4.6151e-05,0.044522,0.060916
4.439e-05,0.044361,0.061092
4.2593e-05,0.044202,0.061268
4.0767e-05,0.044047,0.061444
3.8914e-05,0.043895,0.061617
3.7041e-05,0.043747,0.06179
3.5151e-05,0.043604,0.06196
3.325e-05,0.043465,0.062127
3.1341e-05,0.043332,0.062292
2.9429e-05,0.043203,0.062454
2.7519e-05,0.04308,0.062612
2.5614e-05,0.042963,0.062766
2.3719e-05,0.042852,0.062915
2.1837e-05,0.042747,0.06306
1.9972e-05,0.042649,0.0632
1.8127e-05,0.042558,0.063334
1.6306e-05,0.042473,0.063462
1.4512e-05,0.042396,0.063584
1.2748e-05,0.042326,0.0637
1.1017e-05,0.042263,0.063809
9.3214e-06,0.042208,0.063911
7.6639e-06,0.04216,0.064006
6.0468e-06,0.04212,0.064093
4.4723e-06,0.042087,0.064173
2.9425e-06,0.042063,0.064244
1.4593e-06,0.042046,0.064307
2.428e-08,0.042036,0.064362
-1.3608e-06,0.042035,0.064408
-2.6946e-06,0.04204,0.064446
-3.9757e-06,0.042053,0.064475
-5.203e-06,0.042074,0.064496
-6.3753e-06,0.042101,0.064507
-7.4918e-06,0.042136,0.06451
-8.5514e-06,0.042177,0.064504
-9.5536e-06,0.042225,0.064489
-1.0497e-05,0.042279,0.064466
-1.1383e-05,0.04234,0.064434
-1.2208e-05,0.042406,0.064393
-1.2974e-05,0.042478,0.064344
-1.368e-05,0.042555,0.064287
-1.4326e-05,0.042637,0.064221
-1.491e-05,0.042724,0.064148
-1.5434e-05,0.042815,0.064067
-1.5896e-05,0.042911,0.063978
-1.6297e-05,0.04301,0.063883
-1.6637e-05,0.043113,0.06378
-1.6915e-05,0.043219,0.063671
-1.7131e-05,0.043329,0.063555
-1.7285e-05,0.04344,0.063433
-1.7378e-05,0.043554,0.063306
-1.7409e-05,0.04367,0.063173
-1.7378e-05,0.043788,0.063035
-1.7285e-05,0.043907,0.062893
-1.7131e-05,0.044027,0.062746
-1.6915e-05,0.044149,0.062595
-1.6637e-05,0.04427,0.062441
-1.6297e-05,0.044392,0.062283
-1.5896e-05,0.044515,0.062123
-1.5434e-05,0.044637,0.06196
-1.491e-05,0.044758,0.061796
-1.4326e-05,0.044879,0.061629
-1.368e-05,0.044999,0.061462
-1.2974e-05,0.045118,0.061293
-1.2208e-05,0.045236,0.061124
-1.1383e-05,0.045353,0.060955
-1.0497e-05,0.045468,0.060786
-9.5536e-06,0.045582,0.060617
-8.5514e-06,0.045693,0.06045
-7.4918e-06,0.045803,0.060284
-6.3753e-06,0.04591,0.060119
-5.203e-06,0.046016,0.059956
-3.9757e-06,0.046119,0.059796
-2.6946e-06,0.04622,0.059638
-1.3608e-06,0.046318,0.059482
2.428e-08,0.046414,0.05933
1.4593e-06,0.046507,0.059181
2.9425e-06,0.046598,0.059035
4.4723e-06,0.046686,0.058893
6.0468e-06,0.046771,0.058754
7.6639e-06,0.046854,0.05862
9.3214e-06,0.046934,0.05849
1.1017e-05,0.047011,0.058364
1.2748e-05,0.047086,0.058242
1.4512e-05,0.047157,0.058125
1.6306e-05,0.047227,0.058013
1.8127e-05,0.047293,0.057905
1.9972e-05,0.047357,0.057802
2.1837e-05,0.047418,0.057704
2.3719e-05,0.047477,0.057611
2.5614e-05,0.047533,0.057522
2.7519e-05,0.047586,0.057439
2.9429e-05,0.047637,0.05736
3.1341e-05,0.047686,0.057285
3.325e-05,0.047732,0.057216
3.5151e-05,0.047776,0.057151
3.7041e-05,0.047818,0.057091
3.8914e-05,0.047858,0.057035
4.0767e-05,0.047895,0.056984
4.2593e-05,0.04793,0.056937
4.439e-05,0.047963,0.056894
4.6151e-05,0.047995,0.056855
4.7872e-05,0.048024,0.056821
4.9548e-05,0.048051,0.05679
5.1174e-05,0.048077,0.056763
5.2746e-05,0.048101,0.05674
5.4259e-05,0.048123,0.05672
5.5707e-05,0.048143,0.056703
5.7088e-05,0.048162,0.056689
5.8396e-05,0.04818,0.056679
5.9626e-05,0.048196,0.056671
6.0776e-05,0.04821,0.056666
6.1841e-05,0.048223,0.056664
6.2818e-05,0.048235,0.056663
6.3702e-05,0.048246,0.056665
6.4492e-05,0.048255,0.056669
6.5184e-05,0.048263,0.056675
6.5776e-05,0.04827,0.056682
6.6266e-05,0.048276,0.056691
6.6651e-05,0.048281,0.056702
6.6931e-05,0.048284,0.056713
6.7104e-05,0.048287,0.056726
6.717e-05,0.048289,0.056739
6.7129e-05,0.048289,0.056753
6.698e-05,0.048289,0.056768
6.6724e-05,0.048288,0.056783
6.6362e-05,0.048286,0.056799
6.5896e-05,0.048283,0.056814
6.5327e-05,0.048279,0.05683
6.4657e-05,0.048274,0.056846
6.3889e-05,0.048269,0.056862
6.3026e-05,0.048262,0.056878
6.207e-05,0.048255,0.056893
6.1026e-05,0.048247,0.056908
5.9896e-05,0.048238,0.056923
5.8686e-05,0.048228,0.056937
5.7398e-05,0.048218,0.056951
5.6039e-05,0.048206,0.056965
5.4611e-05,0.048194,0.056977
5.3121e-05,0.048181,0.05699
5.1573e-05,0.048167,0.057002
4.9972e-05,0.048152,0.057013
4.8324e-05,0.048136,0.057024
4.6632e-05,0.04812,0.057035
4.4904e-05,0.048102,0.057045
4.3144e-05,0.048084,0.057055
4.1357e-05,0.048065,0.057064
3.9549e-05,0.048045,0.057074
3.7724e-05,0.048024,0.057083
3.5889e-05,0.048003,0.057092
3.4047e-05,0.04798,0.057101
3.2204e-05,0.047957,0.05711
3.0365e-05,0.047933,0.05712
2.8535e-05,0.047908,0.057129
2.6717e-05,0.047883,0.057139
2.4916e-05,0.047856,0.05715
2.3137e-05,0.047829,0.057161
2.1384e-05,0.047801,0.057173
1.9659e-05,0.047773,0.057185
1.7968e-05,0.047744,0.057199
1.6313e-05,0.047714,0.057213
1.4697e-05,0.047684,0.057229
1.3123e-05,0.047653,0.057245
1.1594e-05,0.047622,0.057263
1.0113e-05,0.047591,0.057282
8.6815e-06,0.047559,0.057302
7.3016e-06,0.047526,0.057324
5.9753e-06,0.047494,0.057347
4.704e-06,0.047461,0.057371
3.4891e-06,0.047428,0.057397
2.3317e-06,0.047395,0.057425
1.2325e-06,0.047362,0.057454
1.9235e-07,0.047328,0.057485
-7.8838e-07,0.047296,0.057517
-1.7095e-06,0.047263,0.05755
-2.5708e-06,0.047231,0.057586
-3.3726e-06,0.047198,0.057622
-4.1152e-06,0.047167,0.05766
-4.799e-06,0.047136,0.057699
-5.4249e-06,0.047105,0.05774
-5.9935e-06,0.047076,0.057782
-6.5059e-06,0.047046,0.057825
-6.9632e-06,0.047018,0.057869
-7.3666e-06,0.046991,0.057914
-7.7176e-06,0.046965,0.05796
-8.0176e-06,0.046939,0.058006
-8.2683e-06,0.046915,0.058054
-8.4713e-06,0.046892,0.058101
-8.6283e-06,0.04687,0.058149
-8.7412e-06,0.04685,0.058198
-8.812e-06,0.046831,0.058247
-8.8426e-06,0.046813,0.058295
-8.835e-06,0.046797,0.058344
-8.7912e-06,0.046782,0.058392
-8.7133e-06,0.046769,0.05844
-8.6034e-06,0.046758,0.058488
-8.4637e-06,0.046748,0.058535
-8.2961e-06,0.046739,0.058581
-8.1029e-06,0.046733,0.058627
-7.8861e-06,0.046728,0.058671
-7.6478e-06,0.046724,0.058715
-7.39e-06,0.046723,0.058757
-7.1148e-06,0.046723,0.058798
-6.8242e-06,0.046725,0.058838
-6.52e-06,0.046728,0.058876
-6.2042e-06,0.046734,0.058913
-5.8787e-06,0.046741,0.058948
-5.5451e-06,0.04675,0.058981
-5.2053e-06,0.04676,0.059013
-4.861e-06,0.046773,0.059043
-4.5137e-06,0.046787,0.059071
-4.1649e-06,0.046802,0.059097
-3.8161e-06,0.04682,0.059121
-3.4687e-06,0.046839,0.059143
-3.1241e-06,0.04686,0.059163
-2.7834e-06,0.046882,0.059181
-2.4478e-06,0.046906,0.059196
-2.1184e-06,0.046931,0.05921
-1.7963e-06,0.046959,0.059221
-1.4823e-06,0.046987,0.059231
-1.1772e-06,0.047017,0.059238
-8.8193e-07,0.047049,0.059243
-5.9711e-07,0.047082,0.059246
-3.2338e-07,0.047116,0.059247
-6.127e-08,0.047152,0.059246
1.8873e-07,0.047189,0.059243
4.2621e-07,0.047227,0.059238
6.5084e-07,0.047267,0.05923
8.6235e-07,0.047308,0.059222
1.0605e-06,0.047349,0.059211
1.2452e-06,0.047392,0.059198
1.4164e-06,0.047436,0.059184
1.5739e-06,0.047481,0.059168
1.7179e-06,0.047527,0.059151
1.8484e-06,0.047574,0.059132
1.9656e-06,0.047621,0.059111
2.0696e-06,0.047669,0.059089
2.1606e-06,0.047718,0.059066
2.2389e-06,0.047768,0.059042
2.3048e-06,0.047818,0.059017
2.3587e-06,0.047868,0.05899
2.4008e-06,0.047919,0.058962
2.4316e-06,0.04797,0.058934
2.4514e-06,0.048022,0.058904
2.4608e-06,0.048074,0.058874
2.4601e-06,0.048126,0.058843
2.45e-06,0.048178,0.058812
2.4307e-06,0.04823,0.05878
2.4029e-06,0.048283,0.058747
2.367e-06,0.048335,0.058714
2.3237e-06,0.048387,0.05868
2.2733e-06,0.048438,0.058646
2.2164e-06,0.04849,0.058612
2.1536e-06,0.048541,0.058577
2.0853e-06,0.048592,0.058542
2.0122e-06,0.048642,0.058507
1.9346e-06,0.048692,0.058472
1.8532e-06,0.048741,0.058437
1.7684e-06,0.04879,0.058402
1.6806e-06,0.048838,0.058366
1.5905e-06,0.048885,0.058331
1.4984e-06,0.048931,0.058296
1.4048e-06,0.048976,0.058261
1.3101e-06,0.04902,0.058226
1.2147e-06,0.049063,0.058191
1.1191e-06,0.049105,0.058157
1.0237e-06,0.049146,0.058122
9.2867e-07,0.049186,0.058088
8.3452e-07,0.049224,0.058054
7.4152e-07,0.04926,0.058021
6.4999e-07,0.049296,0.057988
5.6022e-07,0.049329,0.057955
4.7246e-07,0.049361,0.057923
3.8696e-07,0.049392,0.057891
3.0396e-07,0.04942,0.057859
2.2364e-07,0.049447,0.057828
1.462e-07,0.049472,0.057798
7.181e-08,0.049494,0.057768
6.0228e-10,0.049515,0.057739
-6.7291e-08,0.049534,0.057711
-1.3176e-07,0.049551,0.057683
-1.9272e-07,0.049565,0.057656
-2.501e-07,0.049577,0.05763
-3.0385e-07,0.049587,0.057605
-3.5392e-07,0.049595,0.057581
-4.0029e-07,0.0496,0.057557
-4.4296e-07,0.049603,0.057535
-4.8194e-07,0.049604,0.057513
-5.1725e-07,0.049602,0.057493
-5.4893e-07,0.049598,0.057473
-5.7701e-07,0.049591,0.057455
-6.0157e-07,0.049582,0.057438
-6.2266e-07,0.04957,0.057423
-6.4038e-07,0.049556,0.057408
-6.5481e-07,0.04954,0.057395
-6.6605e-07,0.049521,0.057384
-6.7421e-07,0.049499,0.057374
-6.7939e-07,0.049476,0.057365
-6.8172e-07,0.04945,0.057358
-6.8133e-07,0.049422,0.057353
-6.7833e-07,0.049392,0.057349
-6.7286e-07,0.049359,0.057347
-6.6507e-07,0.049324,0.057347
-6.5509e-07,0.049288,0.057348
-6.4305e-07,0.049249,0.057352
-6.2911e-07,0.049209,0.057357
-6.134e-07,0.049166,0.057364
-5.9607e-07,0.049122,0.057373
-5.7727e-07,0.049076,0.057383
-5.5712e-07,0.049029,0.057396
-5.3578e-07,0.04898,0.057411
-5.1337e-07,0.04893,0.057428
-4.9005e-07,0.048878,0.057446
-4.6593e-07,0.048826,0.057467
-4.4115e-07,0.048772,0.05749
-4.1584e-07,0.048717,0.057514
-3.9012e-07,0.048662,0.057541
-3.641e-07,0.048605,0.05757
-3.379e-07,0.048548,0.0576
-3.1164e-07,0.04849,0.057633
-2.854e-07,0.048432,0.057667
-2.593e-07,0.048374,0.057703
-2.3343e-07,0.048315,0.057741
-2.0787e-07,0.048256,0.057781
-1.8272e-07,0.048197,0.057823
-1.5804e-07,0.048138,0.057866
-1.3391e-07,0.04808,0.057911
-1.104e-07,0.048021,0.057957
-8.7565e-08,0.047964,0.058005
-6.5469e-08,0.047906,0.058055
-4.4157e-08,0.047849,0.058105
-2.3677e-08,0.047793,0.058157
-4.0671e-09,0.047738,0.05821
1.4638e-08,0.047683,0.058265
3.2408e-08,0.04763,0.05832
4.9218e-08,0.047578,0.058376
6.505e-08,0.047527,0.058433
7.9888e-08,0.047477,0.058491
9.3722e-08,0.047429,0.058549
1.0654e-07,0.047382,0.058608
1.1836e-07,0.047336,0.058667
1.2916e-07,0.047293,0.058727
1.3895e-07,0.047251,0.058786
1.4775e-07,0.04721,0.058846
1.5557e-07,0.047172,0.058906
1.6243e-07,0.047136,0.058965
1.6833e-07,0.047101,0.059025
1.7331e-07,0.047069,0.059084
1.774e-07,0.047039,0.059142
1.806e-07,0.047011,0.0592
1.8296e-07,0.046985,0.059258
1.8451e-07,0.046961,0.059314
1.8527e-07,0.04694,0.05937
1.8529e-07,0.046921,0.059425
1.8459e-07,0.046904,0.059479
1.8321e-07,0.04689,0.059531
1.8119e-07,0.046878,0.059583
1.7858e-07,0.046868,0.059633
1.7539e-07,0.046861,0.059681
1.7169e-07,0.046856,0.059728
1.6749e-07,0.046854,0.059774
1.6285e-07,0.046854,0.059818
1.5781e-07,0.046856,0.059861
1.5239e-07,0.04686,0.059901
1.4664e-07,0.046867,0.05994
1.406e-07,0.046876,0.059977
1.343e-07,0.046887,0.060012
1.2778e-07,0.0469,0.060045
1.2108e-07,0.046915,0.060077
1.1422e-07,0.046932,0.060106
1.0725e-07,0.046951,0.060133
1.002e-07,0.046972,0.060158
9.3091e-08,0.046994,0.06018
8.5959e-08,0.047018,0.060201
7.8833e-08,0.047044,0.060219
7.174e-08,0.047071,0.060235
6.4704e-08,0.0471,0.060249
5.7751e-08,0.047129,0.060261
5.0903e-08,0.04716,0.06027
4.4182e-08,0.047192,0.060277
3.7607e-08,0.047225,0.060281
3.1197e-08,0.047259,0.060283
2.4969e-08,0.047293,0.060283
1.8937e-08,0.047328,0.06028
1.3117e-08,0.047363,0.060275
7.5195e-09,0.047399,0.060268
2.1565e-09,0.047435,0.060258
-2.9628e-09,0.047472,0.060245
-7.8303e-09,0.047508,0.06023
-1.2439e-08,0.047544,0.060213
-1.6784e-08,0.04758,0.060193
-2.0861e-08,0.047616,0.060171
-2.4667e-08,0.047652,0.060146
-2.82e-08,0.047687,0.060119
-3.1459e-08,0.047721,0.06009
-3.4446e-08,0.047755,0.060058
-3.7161e-08,0.047788,0.060024
-3.9608e-08,0.047821,0.059988
-4.1789e-08,0.047852,0.059949
-4.371e-08,0.047883,0.059908
-4.5374e-08,0.047912,0.059865
-4.6788e-08,0.047941,0.05982
-4.7959e-08,0.047968,0.059773
-4.8893e-08,0.047994,0.059724
-4.9599e-08,0.04802,0.059672
-5.0084e-08,0.048044,0.059619
-5.0358e-08,0.048066,0.059564
-5.0429e-08,0.048088,0.059508
-5.0308e-08,0.048108,0.05945
-5.0003e-08,0.048127,0.05939
-4.9524e-08,0.048144,0.059329
-4.8883e-08,0.048161,0.059266
-4.8089e-08,0.048176,0.059202
-4.7153e-08,0.04819,0.059137
-4.6085e-08,0.048202,0.059071
-4.4896e-08,0.048214,0.059005
-4.3596e-08,0.048224,0.058937
-4.2195e-08,0.048233,0.058869
-4.0704e-08,0.048242,0.0588
-3.9132e-08,0.048249,0.058731
-3.7491e-08,0.048255,0.058662
-3.5788e-08,0.04826,0.058593
-3.4035e-08,0.048264,0.058524
-3.2239e-08,0.048267,0.058454
-3.041e-08,0.048269,0.058386
-2.8556e-08,0.048271,0.058318
-2.6686e-08,0.048272,0.05825
-2.4808e-08,0.048272,0.058183
-2.2928e-08,0.048272,0.058117
-2.1054e-08,0.048271,0.058053
-1.9193e-08,0.04827,0.057989
-1.7351e-08,0.048268,0.057927
-1.5534e-08,0.048266,0.057866
-1.3748e-08,0.048263,0.057807
-1.1997e-08,0.048261,0.057749
-1.0286e-08,0.048257,0.057693
-8.62e-09,0.048254,0.05764
-7.0022e-09,0.048251,0.057588
-5.4361e-09,0.048248,0.057538
-3.925e-09,0.048244,0.057491
-2.4713e-09,0.048241,0.057445
-1.0775e-09,0.048237,0.057402
2.5456e-10,0.048234,0.057362
1.5234e-09,0.048231,0.057323
2.7277e-09,0.048228,0.057288
3.8667e-09,0.048225,0.057254
4.9399e-09,0.048222,0.057223
5.9469e-09,0.04822,0.057195
6.8879e-09,0.048218,0.057169
7.7632e-09,0.048216,0.057146
8.5734e-09,0.048215,0.057125
9.3193e-09,0.048214,0.057106
1.0002e-08,0.048213,0.05709
1.0623e-08,0.048213,0.057076
1.1183e-08,0.048213,0.057064
1.1685e-08,0.048214,0.057054
1.2129e-08,0.048215,0.057047
1.2519e-08,0.048217,0.057041
1.2855e-08,0.048219,0.057037
1.314e-08,0.048222,0.057035
1.3377e-08,0.048225,0.057034
1.3567e-08,0.048229,0.057035
1.3714e-08,0.048233,0.057037
1.3818e-08,0.048238,0.05704
1.3884e-08,0.048243,0.057044
1.3912e-08,0.048249,0.057049
1.3906e-08,0.048255,0.057054
1.3868e-08,0.048262,0.057061
1.3801e-08,0.048269,0.057067
1.3706e-08,0.048276,0.057074
1.3585e-08,0.048284,0.057081
1.3442e-08,0.048293,0.057088
1.3277e-08,0.048301,0.057094
1.3094e-08,0.04831,0.0571
1.2893e-08,0.048319,0.057106
1.2677e-08,0.048328,0.05711
1.2447e-08,0.048338,0.057114
1.2205e-08,0.048347,0.057117
1.1952e-08,0.048356,0.057119
1.1689e-08,0.048366,0.057119
1.1419e-08,0.048375,0.057119
1.114e-08,0.048384,0.057116
1.0856e-08,0.048393,0.057112
1.0565e-08,0.048401,0.057106
1.0269e-08,0.048409,0.057099
9.9689e-09,0.048416,0.05709
9.6641e-09,0.048423,0.057078
9.355e-09,0.048429,0.057065
9.0418e-09,0.048434,0.05705
8.7245e-09,0.048438,0.057032
8.4027e-09,0.048441,0.057013
8.0763e-09,0.048443,0.056991
7.7449e-09,0.048444,0.056967
7.408e-09,0.048444,0.056942
7.065e-09,0.048442,0.056914
6.7152e-09,0.048439,0.056884
6.358e-09,0.048434,0.056852
5.9925e-09,0.048427,0.056818
5.6179e-09,0.048419,0.056782
5.2332e-09,0.048408,0.056745
4.8377e-09,0.048396,0.056705
4.4303e-09,0.048382,0.056664
4.0101e-09,0.048365,0.056622
3.5761e-09,0.048347,0.056578
3.1275e-09,0.048326,0.056533
2.6633e-09,0.048302,0.056487
2.1826e-09,0.048277,0.056439
1.6846e-09,0.048248,0.056391
1.1686e-09,0.048218,0.056342
6.3391e-10,0.048184,0.056293
7.9903e-11,0.048148,0.056243
-4.939e-10,0.048109,0.056192
-1.0879e-09,0.048068,0.056142
-1.7023e-09,0.048024,0.056092
-2.3373e-09,0.047977,0.056042
-2.9929e-09,0.047928,0.055992
-3.6689e-09,0.047876,0.055943
-4.365e-09,0.047821,0.055895
-5.0807e-09,0.047764,0.055848
-5.8154e-09,0.047704,0.055802
-6.5682e-09,0.047641,0.055757
-7.338e-09,0.047576,0.055714
-8.1236e-09,0.047509,0.055672
-8.9235e-09,0.047439,0.055632
-9.7362e-09,0.047367,0.055594
-1.056e-08,0.047293,0.055558
-1.1392e-08,0.047217,0.055525
-1.2231e-08,0.04714,0.055494
-1.3074e-08,0.04706,0.055465
-1.3918e-08,0.046979,0.055439
-1.476e-08,0.046896,0.055415
-1.5598e-08,0.046812,0.055395
-1.6427e-08,0.046728,0.055377
-1.7245e-08,0.046642,0.055362
-1.8048e-08,0.046555,0.055351
-1.8831e-08,0.046468,0.055343
-1.9591e-08,0.046381,0.055337
-2.0323e-08,0.046293,0.055335
-2.1024e-08,0.046206,0.055336
-2.1688e-08,0.046119,0.055341
-2.231e-08,0.046033,0.055349
-2.2887e-08,0.045947,0.055359
-2.3413e-08,0.045863,0.055374
-2.3883e-08,0.045779,0.055391
-2.4292e-08,0.045698,0.055411
-2.4636e-08,0.045617,0.055434
-2.4909e-08,0.045539,0.055461
-2.5106e-08,0.045464,0.05549
-2.5223e-08,0.04539,0.055522
-2.5254e-08,0.045319,0.055557
-2.5194e-08,0.045251,0.055594
-2.5039e-08,0.045186,0.055634
-2.4784e-08,0.045125,0.055675
-2.4425e-08,0.045067,0.05572
-2.3958e-08,0.045012,0.055766
-2.3378e-08,0.044962,0.055814
-2.2682e-08,0.044915,0.055863
-2.1866e-08,0.044873,0.055914
-2.0928e-08,0.044835,0.055967
-1.9864e-08,0.044801,0.056021
-1.8672e-08,0.044772,0.056075
-1.735e-08,0.044748,0.056131
-1.5896e-08,0.044728,0.056187
-1.431e-08,0.044713,0.056243
-1.259e-08,0.044703,0.0563
-1.0737e-08,0.044699,0.056357
-8.7511e-09,0.044699,0.056414
-6.6331e-09,0.044704,0.05647
-4.3848e-09,0.044714,0.056526
-2.0084e-09,0.044729,0.056582
4.9313e-10,0.044749,0.056636
3.1163e-09,0.044774,0.056689
5.8568e-09,0.044804,0.056742
8.7097e-09,0.044839,0.056793
1.1669e-08,0.044878,0.056842
1.4729e-08,0.044922,0.05689
1.7883e-08,0.044971,0.056936
2.1121e-08,0.045024,0.05698
2.4436e-08,0.045081,0.057022
2.7818e-08,0.045142,0.057062
3.1257e-08,0.045206,0.0571
3.4743e-08,0.045275,0.057135
3.8263e-08,0.045347,0.057167
4.1805e-08,0.045422,0.057197
4.5355e-08,0.0455,0.057225
4.8901e-08,0.045581,0.057249
5.2428e-08,0.045665,0.057271
5.592e-08,0.04575,0.05729
5.9362e-08,0.045838,0.057306
6.2737e-08,0.045928,0.057319
6.6028e-08,0.046019,0.057329
6.9219e-08,0.046112,0.057336
7.229e-08,0.046206,0.05734
7.5225e-08,0.0463,0.057341
7.8003e-08,0.046395,0.057338
8.0607e-08,0.04649,0.057333
8.3016e-08,0.046585,0.057325
8.5212e-08,0.04668,0.057314
8.7175e-08,0.046775,0.0573
8.8886e-08,0.046868,0.057283
9.0324e-08,0.046961,0.057263
9.1472e-08,0.047053,0.057241
9.2309e-08,0.047142,0.057216
9.2817e-08,0.047231,0.057188
9.2978e-08,0.047317,0.057158
9.2773e-08,0.047401,0.057125
9.2185e-08,0.047483,0.05709
9.1198e-08,0.047562,0.057052
8.9796e-08,0.047639,0.057013
8.7963e-08,0.047713,0.056971
8.5687e-08,0.047783,0.056928
8.2953e-08,0.047851,0.056882
7.9752e-08,0.047915,0.056835
7.6071e-08,0.047976,0.056786
7.1903e-08,0.048034,0.056736
6.724e-08,0.048088,0.056685
6.2077e-08,0.048138,0.056632
5.6409e-08,0.048185,0.056578
5.0234e-08,0.048228,0.056523
4.3553e-08,0.048267,0.056468
3.6367e-08,0.048302,0.056411
2.868e-08,0.048334,0.056354
2.0499e-08,0.048361,0.056297
1.1832e-08,0.048385,0.056239
2.69e-09,0.048406,0.056181
-6.9132e-09,0.048422,0.056123
-1.6962e-08,0.048435,0.056065
-2.7437e-08,0.048445,0.056007
-3.8318e-08,0.048451,0.05595
-4.9581e-08,0.048453,0.055893
-6.1198e-08,0.048453,0.055836
-7.3142e-08,0.048449,0.05578
-8.5378e-08,0.048442,0.055725
-9.7874e-08,0.048432,0.05567
-1.1059e-07,0.04842,0.055617
-1.2349e-07,0.048405,0.055564
-1.3652e-07,0.048387,0.055513
-1.4965e-07,0.048367,0.055463
-1.6281e-07,0.048345,0.055414
-1.7597e-07,0.048321,0.055366
-1.8907e-07,0.048296,0.05532
-2.0206e-07,0.048268,0.055275
-2.1486e-07,0.048239,0.055232
-2.2743e-07,0.048209,0.055191
-2.397e-07,0.048178,0.055151
-2.5161e-07,0.048145,0.055113
-2.6309e-07,0.048112,0.055076
-2.7408e-07,0.048078,0.055042
-2.845e-07,0.048044,0.055009
-2.9428e-07,0.04801,0.054978
-3.0336e-07,0.047975,0.054948
-3.1166e-07,0.04794,0.054921
-3.1912e-07,0.047906,0.054895
-3.2566e-07,0.047872,0.054872
-3.312e-07,0.047838,0.05485
-3.3568e-07,0.047805,0.05483
-3.3903e-07,0.047772,0.054812
-3.4118e-07,0.047741,0.054795
-3.4206e-07,0.04771,0.054781
-3.416e-07,0.047681,0.054768
-3.3975e-07,0.047652,0.054757
-3.3643e-07,0.047625,0.054747
-3.316e-07,0.047599,0.05474
-3.2519e-07,0.047575,0.054733
-3.1715e-07,0.047552,0.054728
-3.0745e-07,0.04753,0.054725
-2.9603e-07,0.04751,0.054723
-2.8286e-07,0.047492,0.054722
-2.679e-07,0.047476,0.054723
-2.5113e-07,0.047461,0.054724
-2.3253e-07,0.047448,0.054727
-2.1208e-07,0.047437,0.054731
-1.8977e-07,0.047428,0.054735
-1.6561e-07,0.047421,0.054741
-1.3959e-07,0.047416,0.054747
-1.1175e-07,0.047413,0.054754
-8.2087e-08,0.047411,0.054762
-5.0645e-08,0.047412,0.05477
-1.7463e-08,0.047414,0.054779
1.7411e-08,0.047418,0.054788
5.3919e-08,0.047424,0.054798
9.1992e-08,0.047432,0.054808
1.3155e-07,0.047442,0.054818
1.7251e-07,0.047454,0.054828
2.1478e-07,0.047468,0.054838
2.5824e-07,0.047483,0.054848
3.0278e-07,0.0475,0.054859
3.4826e-07,0.047518,0.054869
3.9456e-07,0.047538,0.054879
4.4153e-07,0.04756,0.054889
4.8899e-07,0.047583,0.054899
5.368e-07,0.047607,0.054909
5.8476e-07,0.047633,0.054918
6.327e-07,0.04766,0.054927
6.8041e-07,0.047689,0.054936
7.2769e-07,0.047718,0.054945
7.7433e-07,0.047749,0.054953
8.2011e-07,0.04778,0.054961
8.6479e-07,0.047813,0.054968
9.0814e-07,0.047846,0.054976
9.4992e-07,0.04788,0.054983
9.8989e-07,0.047915,0.054989
1.0278e-06,0.04795,0.054996
1.0633e-06,0.047986,0.055002
1.0963e-06,0.048022,0.055007
1.1264e-06,0.048059,0.055013
1.1535e-06,0.048096,0.055018
1.1771e-06,0.048133,0.055023
1.1971e-06,0.04817,0.055028
1.2132e-06,0.048208,0.055033
1.2251e-06,0.048245,0.055038
1.2326e-06,0.048282,0.055043
1.2355e-06,0.048319,0.055048
1.2334e-06,0.048356,0.055053
1.2262e-06,0.048392,0.055058
1.2137e-06,0.048428,0.055063
1.1955e-06,0.048464,0.055068
1.1716e-06,0.048499,0.055074
1.1417e-06,0.048533,0.05508
1.1057e-06,0.048567,0.055087
1.0633e-06,0.0486,0.055094
1.0146e-06,0.048632,0.055102
9.5924e-07,0.048663,0.05511
8.9724e-07,0.048693,0.055119
8.2851e-07,0.048722,0.055129
7.5299e-07,0.04875,0.055139
6.7066e-07,0.048776,0.05515
5.8151e-07,0.048802,0.055163
4.8557e-07,0.048826,0.055176
3.829e-07,0.048849,0.05519
2.7358e-07,0.04887,0.055205
1.5774e-07,0.04889,0.055221
3.5514e-08,0.048909,0.055238
-9.2899e-08,0.048926,0.055256
-2.2728e-07,0.048941,0.055276
-3.6738e-07,0.048954,0.055296
-5.129e-07,0.048966,0.055318
-6.6351e-07,0.048976,0.055341
-8.1885e-07,0.048985,0.055365
-9.7851e-07,0.048991,0.055391
-1.142e-06,0.048996,0.055417
-1.309e-06,0.048999,0.055445
-1.4787e-06,0.049,0.055474
-1.6508e-06,0.048999,0.055504
-1.8246e-06,0.048996,0.055536
-1.9995e-06,0.048991,0.055568
-2.1747e-06,0.048984,0.055602
-2.3497e-06,0.048976,0.055637
-2.5235e-06,0.048965,0.055672
-2.6955e-06,0.048953,0.055709
-2.8648e-06,0.048938,0.055747
-3.0306e-06,0.048922,0.055785
-3.192e-06,0.048904,0.055825
-3.3481e-06,0.048883,0.055865
-3.4979e-06,0.048861,0.055906
-3.6406e-06,0.048838,0.055948
-3.775e-06,0.048812,0.055991
-3.9002e-06,0.048785,0.056033
-4.0152e-06,0.048756,0.056077
-4.1189e-06,0.048725,0.056121
-4.2104e-06,0.048693,0.056165
-4.2885e-06,0.048659,0.056209
-4.3522e-06,0.048624,0.056254
-4.4005e-06,0.048587,0.056298
-4.4322e-06,0.048549,0.056342
-4.4464e-06,0.04851,0.056387
-4.4421e-06,0.048469,0.056431
-4.4181e-06,0.048428,0.056475
-4.3736e-06,0.048385,0.056518
-4.3075e-06,0.048342,0.056561
-4.2189e-06,0.048297,0.056603
-4.107e-06,0.048252,0.056644
-3.9708e-06,0.048206,0.056684
-3.8095e-06,0.048159,0.056724
-3.6224e-06,0.048112,0.056762
-3.4087e-06,0.048065,0.056799
-3.1678e-06,0.048017,0.056835
-2.8991e-06,0.047969,0.05687
-2.6021e-06,0.047921,0.056903
-2.2762e-06,0.047873,0.056934
-1.9213e-06,0.047825,0.056964
-1.5369e-06,0.047777,0.056992
-1.1228e-06,0.047729,0.057017
-6.7892e-07,0.047681,0.057041
-2.0528e-07,0.047634,0.057063
2.9808e-07,0.047588,0.057083
8.3098e-07,0.047542,0.0571
1.3931e-06,0.047497,0.057115
1.9841e-06,0.047452,0.057127
2.6035e-06,0.047408,0.057137
3.2507e-06,0.047365,0.057144
3.9248e-06,0.047323,0.057148
4.6251e-06,0.047283,0.057149
5.3507e-06,0.047243,0.057148
6.1004e-06,0.047204,0.057144
6.8731e-06,0.047166,0.057136
7.6674e-06,0.04713,0.057126
8.4819e-06,0.047094,0.057113
9.3151e-06,0.04706,0.057096
1.0165e-05,0.047028,0.057076
1.1031e-05,0.046996,0.057053
1.191e-05,0.046967,0.057027
1.28e-05,0.046938,0.056998
1.37e-05,0.046911,0.056965
1.4607e-05,0.046885,0.056929
1.5519e-05,0.046861,0.05689
1.6434e-05,0.046838,0.056847
1.7349e-05,0.046817,0.056801
1.8262e-05,0.046797,0.056753
1.917e-05,0.046779,0.056701
2.007e-05,0.046763,0.056646
2.0961e-05,0.046748,0.056588
2.184e-05,0.046734,0.056527
2.2703e-05,0.046722,0.056463
2.3549e-05,0.046712,0.056396
2.4374e-05,0.046703,0.056327
2.5176e-05,0.046696,0.056255
2.5952e-05,0.04669,0.05618
2.67e-05,0.046686,0.056103
2.7417e-05,0.046684,0.056024
2.8101e-05,0.046683,0.055943
2.875e-05,0.046684,0.05586
2.936e-05,0.046687,0.055776
2.9931e-05,0.046691,0.055689
3.0459e-05,0.046697,0.055602
3.0943e-05,0.046704,0.055512
3.1381e-05,0.046713,0.055422
3.1772e-05,0.046724,0.055331
3.2114e-05,0.046736,0.05524
3.2405e-05,0.04675,0.055147
3.2645e-05,0.046766,0.055055
3.2833e-05,0.046783,0.054962
3.2967e-05,0.046801,0.054869
3.3048e-05,0.046821,0.054777
3.3075e-05,0.046843,0.054685
3.3048e-05,0.046866,0.054594
3.2967e-05,0.04689,0.054504
3.2833e-05,0.046916,0.054414
3.2645e-05,0.046944,0.054326
3.2405e-05,0.046972,0.05424
3.2114e-05,0.047002,0.054155
3.1772e-05,0.047033,0.054072
3.1381e-05,0.047065,0.053991
3.0943e-05,0.047098,0.053912
3.0459e-05,0.047133,0.053836
2.9931e-05,0.047168,0.053762
2.936e-05,0.047204,0.05369
2.875e-05,0.04724,0.053622
2.8101e-05,0.047277,0.053556
2.7417e-05,0.047315,0.053494
2.67e-05,0.047354,0.053434
2.5952e-05,0.047392,0.053378
2.5176e-05,0.047431,0.053326
2.4374e-05,0.04747,0.053277
2.3549e-05,0.047508,0.053231
2.2703e-05,0.047547,0.053189
2.184e-05,0.047585,0.053151
2.0961e-05,0.047623,0.053117
2.007e-05,0.047661,0.053086
1.917e-05,0.047697,0.053059
1.8261e-05,0.047733,0.053036
1.7349e-05,0.047768,0.053017
1.6434e-05,0.047802,0.053002
1.5519e-05,0.047834,0.052991
1.4607e-05,0.047865,0.052983
1.37e-05,0.047895,0.052979
1.28e-05,0.047923,0.05298
1.191e-05,0.047949,0.052983
1.1031e-05,0.047974,0.052991
1.0165e-05,0.047997,0.053002
9.3151e-06,0.048017,0.053017
8.4819e-06,0.048035,0.053035
7.6674e-06,0.048052,0.053057
6.8731e-06,0.048065,0.053082
6.1004e-06,0.048076,0.05311
5.3507e-06,0.048085,0.053142
4.6251e-06,0.048091,0.053176
3.9248e-06,0.048095,0.053214
3.2507e-06,0.048096,0.053254
2.6035e-06,0.048094,0.053296
1.9841e-06,0.048089,0.053342
1.3931e-06,0.048082,0.053389
8.3097e-07,0.048071,0.053439
2.9807e-07,0.048058,0.053491
-2.0529e-07,0.048042,0.053545
-6.7893e-07,0.048023,0.053601
-1.1228e-06,0.048002,0.053658
-1.5369e-06,0.047978,0.053717
-1.9213e-06,0.047951,0.053777
-2.2763e-06,0.047921,0.053838
-2.6021e-06,0.047889,0.053901
-2.8991e-06,0.047854,0.053964
-3.1678e-06,0.047817,0.054027
-3.4087e-06,0.047778,0.054091
-3.6224e-06,0.047736,0.054156
-3.8095e-06,0.047693,0.05422
-3.9708e-06,0.047647,0.054285
-4.107e-06,0.047599,0.054349
-4.2189e-06,0.04755,0.054413
-4.3075e-06,0.047499,0.054477
-4.3736e-06,0.047447,0.05454
-4.4181e-06,0.047393,0.054602
-4.4421e-06,0.047338,0.054663
-4.4464e-06,0.047282,0.054722
-4.4322e-06,0.047225,0.054781
-4.4005e-06,0.047168,0.054838
-4.3522e-06,0.047109,0.054894
-4.2885e-06,0.047051,0.054948
-4.2104e-06,0.046992,0.055001
-4.1189e-06,0.046933,0.055051
-4.0152e-06,0.046874,0.0551
-3.9002e-06,0.046816,0.055146
-3.775e-06,0.046757,0.055191
-3.6405e-06,0.046699,0.055233
-3.4979e-06,0.046642,0.055273
-3.3481e-06,0.046586,0.05531
-3.192e-06,0.046531,0.055345
-3.0306e-06,0.046477,0.055378
-2.8648e-06,0.046424,0.055408
-2.6955e-06,0.046372,0.055435
-2.5235e-06,0.046322,0.05546
-2.3496e-06,0.046274,0.055482
-2.1747e-06,0.046227,0.055502
-1.9995e-06,0.046182,0.055519
-1.8246e-06,0.046139,0.055533
-1.6508e-06,0.046099,0.055545
-1.4787e-06,0.04606,0.055554
-1.3089e-06,0.046024,0.055561
-1.142e-06,0.04599,0.055565
-9.7849e-07,0.045958,0.055566
-8.1883e-07,0.045929,0.055565
-6.635e-07,0.045903,0.055562
-5.1288e-07,0.045879,0.055556
-3.6736e-07,0.045857,0.055548
-2.2726e-07,0.045839,0.055537
-9.2879e-08,0.045823,0.055524
3.5534e-08,0.045809,0.05551
1.5776e-07,0.045799,0.055493
2.736e-07,0.045791,0.055474
3.8292e-07,0.045786,0.055453
4.8559e-07,0.045784,0.05543
5.8153e-07,0.045784,0.055405
6.7068e-07,0.045787,0.055379
7.5301e-07,0.045792,0.055351
8.2853e-07,0.0458,0.055321
8.9726e-07,0.045811,0.05529
9.5925e-07,0.045823,0.055257
1.0146e-06,0.045839,0.055223
1.0634e-06,0.045856,0.055187
1.1057e-06,0.045876,0.055151
1.1417e-06,0.045898,0.055113
1.1716e-06,0.045921,0.055074
1.1955e-06,0.045947,0.055034
1.2137e-06,0.045974,0.054993
1.2262e-06,0.046003,0.054951
1.2334e-06,0.046034,0.054908
1.2355e-06,0.046066,0.054865
1.2326e-06,0.0461,0.054821
1.2251e-06,0.046134,0.054776
1.2132e-06,0.04617,0.05473
1.1971e-06,0.046207,0.054683
1.1771e-06,0.046245,0.054637
1.1534e-06,0.046283,0.054589
1.1264e-06,0.046322,0.054541
1.0963e-06,0.046362,0.054493
1.0633e-06,0.046401,0.054445
1.0278e-06,0.046442,0.054396
9.8986e-07,0.046482,0.054346
9.499e-07,0.046522,0.054297
9.0811e-07,0.046563,0.054247
8.6476e-07,0.046603,0.054197
8.2007e-07,0.046643,0.054147
7.743e-07,0.046683,0.054097
7.2765e-07,0.046722,0.054046
6.8037e-07,0.046761,0.053996
6.3265e-07,0.046799,0.053945
5.8471e-07,0.046836,0.053895
5.3675e-07,0.046873,0.053845
4.8894e-07,0.046909,0.053794
4.4147e-07,0.046944,0.053744
3.945e-07,0.046979,0.053694
3.482e-07,0.047012,0.053643
3.0271e-07,0.047045,0.053593
2.5817e-07,0.047076,0.053544
2.1471e-07,0.047107,0.053494
1.7245e-07,0.047136,0.053444
1.3148e-07,0.047165,0.053395
9.1921e-08,0.047192,0.053346
5.3847e-08,0.047219,0.053297
1.7339e-08,0.047244,0.053249
-1.7536e-08,0.047268,0.053201
-5.0718e-08,0.047292,0.053153
-8.2159e-08,0.047314,0.053105
-1.1182e-07,0.047335,0.053058
-1.3967e-07,0.047356,0.053011
-1.6568e-07,0.047375,0.052965
-1.8984e-07,0.047394,0.052919
-2.1214e-07,0.047412,0.052874
-2.3259e-07,0.047429,0.052829
-2.5119e-07,0.047445,0.052784
-2.6796e-07,0.047461,0.05274
-2.8291e-07,0.047476,0.052697
-2.9608e-07,0.04749,0.052654
-3.075e-07,0.047504,0.052611
-3.172e-07,0.047517,0.05257
-3.2523e-07,0.04753,0.052529
-3.3163e-07,0.047543,0.052489
-3.3646e-07,0.047555,0.052449
-3.3977e-07,0.047567,0.05241
-3.4162e-07,0.047579,0.052372
-3.4207e-07,0.047591,0.052335
-3.4118e-07,0.047603,0.052298
-3.3903e-07,0.047614,0.052263
-3.3567e-07,0.047626,0.052228
-3.3118e-07,0.047637,0.052194
-3.2563e-07,0.047649,0.052162
-3.1908e-07,0.047661,0.05213
-3.1162e-07,0.047673,0.052099
-3.033e-07,0.047685,0.052069
-2.9421e-07,0.047697,0.05204
-2.8442e-07,0.04771,0.052012
-2.7399e-07,0.047723,0.051985
-2.6299e-07,0.047736,0.051959
-2.515e-07,0.04775,0.051935
-2.3958e-07,0.047764,0.051911
-2.273e-07,0.047778,0.051888
-2.1472e-07,0.047793,0.051867
-2.0191e-07,0.047808,0.051846
-1.8891e-07,0.047824,0.051827
-1.7581e-07,0.047839,0.051809
-1.6264e-07,0.047856,0.051791
-1.4946e-07,0.047872,0.051775
-1.3632e-07,0.04789,0.05176
-1.2328e-07,0.047907,0.051746
-1.1037e-07,0.047925,0.051733
-9.765e-08,0.047943,0.051721
-8.5147e-08,0.047962,0.051709
-7.2903e-08,0.047981,0.051699
-6.0954e-08,0.048,0.05169
-4.933e-08,0.04802,0.051681
-3.8063e-08,0.04804,0.051674
-2.7178e-08,0.048061,0.051667
-1.6699e-08,0.048082,0.051661
-6.648e-09,0.048103,0.051655
2.9567e-09,0.048124,0.05165
1.2099e-08,0.048146,0.051646
2.0765e-08,0.048168,0.051643
2.8945e-08,0.04819,0.051639
3.6629e-08,0.048213,0.051637
4.3811e-08,0.048236,0.051635
5.0487e-08,0.04826,0.051633
5.6655e-08,0.048283,0.051631
6.2315e-08,0.048307,0.05163
6.7469e-08,0.048332,0.051628
7.2121e-08,0.048356,0.051627
7.6278e-08,0.048381,0.051626
7.9945e-08,0.048407,0.051625
8.3131e-08,0.048432,0.051624
8.5848e-08,0.048458,0.051623
8.8107e-08,0.048485,0.051622
8.992e-08,0.048511,0.051621
9.1302e-08,0.048538,0.051619
9.2267e-08,0.048566,0.051617
9.2831e-08,0.048594,0.051615
9.3011e-08,0.048622,0.051613
9.2824e-08,0.04865,0.05161
9.2288e-08,0.048679,0.051607
9.1422e-08,0.048708,0.051604
9.0244e-08,0.048738,0.0516
8.8774e-08,0.048768,0.051596
8.7031e-08,0.048798,0.051592
8.5035e-08,0.048828,0.051587
8.2805e-08,0.048859,0.051582
8.036e-08,0.04889,0.051576
7.772e-08,0.048922,0.05157
7.4905e-08,0.048954,0.051564
7.1934e-08,0.048986,0.051558
6.8825e-08,0.049018,0.051551
6.5597e-08,0.04905,0.051544
6.2268e-08,0.049083,0.051536
5.8855e-08,0.049116,0.051529
5.5375e-08,0.049148,0.051521
5.1846e-08,0.049181,0.051513
4.8283e-08,0.049214,0.051505
4.4701e-08,0.049247,0.051497
4.1115e-08,0.04928,0.051489
3.7539e-08,0.049313,0.051481
3.3986e-08,0.049345,0.051473
3.0469e-08,0.049378,0.051466
2.7e-08,0.04941,0.051458
2.359e-08,0.049441,0.051451
2.0249e-08,0.049473,0.051444
1.6987e-08,0.049503,0.051438
1.3813e-08,0.049534,0.051432
1.0734e-08,0.049563,0.051426
7.7589e-09,0.049592,0.051421
4.8934e-09,0.04962,0.051417
2.1436e-09,0.049647,0.051413
-4.854e-10,0.049673,0.05141
-2.9891e-09,0.049698,0.051407
-5.3638e-09,0.049722,0.051405
-7.6063e-09,0.049745,0.051405
-9.7143e-09,0.049766,0.051405
-1.1686e-08,0.049786,0.051406
-1.352e-08,0.049804,0.051407
-1.5216e-08,0.049821,0.05141
-1.6774e-08,0.049836,0.051414
-1.8194e-08,0.049849,0.051418
-1.9478e-08,0.04986,0.051424
-2.0626e-08,0.049869,0.05143
-2.1642e-08,0.049876,0.051438
-2.2526e-08,0.049881,0.051446
-2.3282e-08,0.049884,0.051456
-2.3913e-08,0.049884,0.051466
-2.4423e-08,0.049882,0.051477
-2.4815e-08,0.049878,0.051489
-2.5093e-08,0.049871,0.051502
-2.5262e-08,0.049861,0.051515
-2.5326e-08,0.049849,0.05153
-2.5289e-08,0.049834,0.051545
-2.5158e-08,0.049817,0.05156
-2.4935e-08,0.049797,0.051577
-2.4628e-08,0.049775,0.051593
-2.4241e-08,0.04975,0.05161
-2.3778e-08,0.049722,0.051628
-2.3246e-08,0.049691,0.051645
-2.265e-08,0.049658,0.051663
-2.1996e-08,0.049623,0.051681
-2.1287e-08,0.049584,0.051699
-2.0531e-08,0.049544,0.051716
-1.9731e-08,0.049501,0.051734
-1.8893e-08,0.049456,0.051751
-1.8023e-08,0.049408,0.051768
-1.7124e-08,0.049358,0.051785
-1.6202e-08,0.049307,0.0518
-1.5261e-08,0.049253,0.051816
-1.4306e-08,0.049197,0.05183
-1.3342e-08,0.04914,0.051844
-1.2371e-08,0.049081,0.051856
-1.1399e-08,0.049021,0.051868
-1.043e-08,0.048959,0.051879
-9.4656e-09,0.048896,0.051888
-8.5108e-09,0.048832,0.051896
-7.5685e-09,0.048767,0.051903
-6.6417e-09,0.048702,0.051909
-5.7331e-09,0.048635,0.051913
-4.8454e-09,0.048569,0.051916
-3.981e-09,0.048502,0.051917
-3.1421e-09,0.048435,0.051916
-2.3307e-09,0.048368,0.051914
-1.5486e-09,0.048301,0.05191
-7.9744e-10,0.048234,0.051905
-7.8525e-11,0.048168,0.051897
6.0689e-10,0.048103,0.051888
1.2578e-09,0.048039,0.051877
1.8734e-09,0.047975,0.051865
2.4529e-09,0.047913,0.051851
2.996e-09,0.047852,0.051834
3.5023e-09,0.047792,0.051817
3.9716e-09,0.047734,0.051797
4.404e-09,0.047678,0.051776
4.7995e-09,0.047623,0.051753
5.1584e-09,0.04757,0.051728
5.4813e-09,0.04752,0.051702
5.7684e-09,0.047471,0.051675
6.0206e-09,0.047425,0.051646
6.2386e-09,0.047381,0.051615
6.4231e-09,0.04734,0.051583
6.5752e-09,0.047301,0.05155
6.6959e-09,0.047264,0.051515
6.7861e-09,0.04723,0.05148
6.8471e-09,0.047199,0.051443
6.8802e-09,0.04717,0.051406
6.8865e-09,0.047145,0.051367
6.8673e-09,0.047122,0.051328
6.824e-09,0.047102,0.051288
6.758e-09,0.047084,0.051247
6.6706e-09,0.04707,0.051206
6.5632e-09,0.047058,0.051165
6.4372e-09,0.04705,0.051123
6.2942e-09,0.047044,0.051081
6.1353e-09,0.047041,0.051039
5.9621e-09,0.04704,0.050996
5.7759e-09,0.047043,0.050954
5.5781e-09,0.047048,0.050912
5.37e-09,0.047056,0.05087
5.1529e-09,0.047067,0.050828
4.9281e-09,0.04708,0.050786
4.6968e-09,0.047096,0.050745
4.4602e-09,0.047115,0.050705
4.2195e-09,0.047136,0.050665
3.9757e-09,0.047159,0.050625
3.7299e-09,0.047185,0.050587
3.4831e-09,0.047213,0.050549
3.2363e-09,0.047243,0.050511
2.9903e-09,0.047276,0.050475
2.746e-09,0.04731,0.050439
2.5042e-09,0.047346,0.050405
2.2656e-09,0.047385,0.050371
2.0308e-09,0.047425,0.050338
1.8006e-09,0.047467,0.050307
1.5754e-09,0.04751,0.050276
1.3557e-09,0.047555,0.050247
1.142e-09,0.047602,0.050218
9.3471e-10,0.04765,0.050191
7.3413e-10,0.047698,0.050164
5.4055e-10,0.047749,0.050139
3.542e-10,0.0478,0.050116
1.7528e-10,0.047852,0.050093
3.9206e-12,0.047904,0.050071
-1.5979e-10,0.047958,0.050051
-3.1579e-10,0.048011,0.050032
-4.6408e-10,0.048066,0.050014
-6.0468e-10,0.04812,0.049997
-7.3765e-10,0.048175,0.049982
-8.631e-10,0.04823,0.049968
-9.8116e-10,0.048284,0.049955
-1.092e-09,0.048339,0.049943
-1.1957e-09,0.048393,0.049932
-1.2926e-09,0.048447,0.049923
-1.3828e-09,0.0485,0.049914
-1.4667e-09,0.048552,0.049907
-1.5444e-09,0.048604,0.049901
-1.6162e-09,0.048655,0.049896
-1.6824e-09,0.048705,0.049892
-1.7433e-09,0.048753,0.049889
-1.7991e-09,0.048801,0.049887
-1.8502e-09,0.048847,0.049887
-1.8968e-09,0.048892,0.049887
-1.9393e-09,0.048936,0.049888
-1.9778e-09,0.048978,0.04989
-2.0126e-09,0.049018,0.049892
-2.044e-09,0.049057,0.049896
-2.0723e-09,0.049094,0.0499
-2.0977e-09,0.049129,0.049905
-2.1203e-09,0.049163,0.049911
-2.1404e-09,0.049195,0.049917
-2.1581e-09,0.049224,0.049924
-2.1737e-09,0.049252,0.049932
-2.1872e-09,0.049278,0.04994
-2.1987e-09,0.049302,0.049949
-2.2084e-09,0.049323,0.049958
-2.2163e-09,0.049343,0.049967
-2.2224e-09,0.049361,0.049977
-2.2268e-09,0.049377,0.049987
-2.2294e-09,0.04939,0.049998
-2.2303e-09,0.049402,0.050008
-2.2293e-09,0.049411,0.05002
-2.2264e-09,0.049419,0.050031
-2.2215e-09,0.049425,0.050042
-2.2143e-09,0.049428,0.050054
-2.2049e-09,0.04943,0.050066
-2.193e-09,0.04943,0.050078
-2.1784e-09,0.049428,0.05009
-2.1608e-09,0.049425,0.050103
-2.1402e-09,0.049419,0.050115
-2.1162e-09,0.049412,0.050128
-2.0885e-09,0.049403,0.050141
-2.0569e-09,0.049393,0.050154
-2.021e-09,0.049381,0.050168
-1.9807e-09,0.049368,0.050182
-1.9356e-09,0.049354,0.050195
-1.8854e-09,0.049338,0.05021
-1.8297e-09,0.049321,0.050224
-1.7683e-09,0.049302,0.050239
-1.7009e-09,0.049283,0.050254
-1.6272e-09,0.049263,0.05027
-1.5469e-09,0.049241,0.050286
-1.4597e-09,0.049219,0.050302
-1.3653e-09,0.049196,0.050319
-1.2636e-09,0.049172,0.050337
-1.1542e-09,0.049148,0.050355
-1.037e-09,0.049122,0.050374
-9.1187e-10,0.049097,0.050393
-7.7856e-10,0.04907,0.050413
-6.3701e-10,0.049044,0.050434
-4.8711e-10,0.049017,0.050455
-3.2883e-10,0.048989,0.050477
-1.6217e-10,0.048961,0.0505
1.2852e-11,0.048933,0.050523
1.9614e-10,0.048905,0.050548
3.8758e-10,0.048876,0.050573
5.8699e-10,0.048848,0.050598
7.9415e-10,0.048819,0.050625
1.0088e-09,0.048789,0.050652
1.2305e-09,0.04876,0.05068
1.4591e-09,0.048731,0.050709
1.6939e-09,0.048701,0.050738
1.9345e-09,0.048671,0.050768
2.1804e-09,0.048642,0.050798
2.4309e-09,0.048612,0.050829
2.6853e-09,0.048581,0.05086
2.9429e-09,0.048551,0.050892
3.2029e-09,0.048521,0.050924
3.4645e-09,0.04849,0.050956
3.7267e-09,0.048459,0.050989
3.9886e-09,0.048428,0.051021
4.249e-09,0.048397,0.051054
4.507e-09,0.048366,0.051086
4.7614e-09,0.048334,0.051118
5.011e-09,0.048302,0.05115
5.2546e-09,0.04827,0.051182
5.4909e-09,0.048238,0.051213
5.7185e-09,0.048206,0.051243
5.9361e-09,0.048173,0.051273
6.1424e-09,0.04814,0.051301
6.3358e-09,0.048107,0.051329
6.515e-09,0.048074,0.051356
6.6785e-09,0.048041,0.051382
6.8248e-09,0.048008,0.051406
6.9525e-09,0.047975,0.05143
7.0599e-09,0.047942,0.051451
7.1458e-09,0.04791,0.051471
7.2085e-09,0.047877,0.05149
7.2466e-09,0.047845,0.051507
7.2587e-09,0.047813,0.051522
7.2434e-09,0.047782,0.051535
7.1994e-09,0.047751,0.051546
7.1253e-09,0.047721,0.051555
7.0199e-09,0.047692,0.051562
6.8819e-09,0.047663,0.051567
6.7103e-09,0.047636,0.05157
6.5041e-09,0.04761,0.051571
6.2622e-09,0.047585,0.051569
5.9839e-09,0.047562,0.051565
5.6684e-09,0.04754,0.051559
5.315e-09,0.04752,0.051551
4.9233e-09,0.047502,0.05154
4.4928e-09,0.047485,0.051527
4.0234e-09,0.047471,0.051512
3.5149e-09,0.04746,0.051495
2.9675e-09,0.04745,0.051475
2.3813e-09,0.047444,0.051454
1.7568e-09,0.04744,0.05143
1.0945e-09,0.047438,0.051404
3.9519e-10,0.04744,0.051377
-3.4018e-10,0.047445,0.051347
-1.1105e-09,0.047453,0.051315
-1.9143e-09,0.047465,0.051282
-2.7501e-09,0.04748,0.051247
-3.6162e-09,0.047499,0.051211
-4.5106e-09,0.047521,0.051173
-5.4311e-09,0.047547,0.051133
-6.3752e-09,0.047577,0.051092
-7.3405e-09,0.04761,0.05105
-8.3239e-09,0.047648,0.051007
-9.3226e-09,0.04769,0.050963
-1.0333e-08,0.047735,0.050918
-1.1352e-08,0.047785,0.050872
-1.2376e-08,0.047838,0.050825
-1.34e-08,0.047896,0.050777
-1.4422e-08,0.047957,0.050729
-1.5436e-08,0.048023,0.05068
-1.6438e-08,0.048092,0.050631
-1.7423e-08,0.048165,0.050582
-1.8387e-08,0.048242,0.050532
-1.9324e-08,0.048323,0.050482
-2.023e-08,0.048407,0.050432
-2.1099e-08,0.048494,0.050382
-2.1927e-08,0.048585,0.050332
-2.2707e-08,0.048679,0.050282
-2.3434e-08,0.048775,0.050232
-2.4102e-08,0.048875,0.050182
-2.4707e-08,0.048977,0.050133
-2.5242e-08,0.049081,0.050083
-2.5701e-08,0.049187,0.050034
-2.608e-08,0.049295,0.049986
-2.6372e-08,0.049405,0.049937
-2.6572e-08,0.049516,0.049889
-2.6676e-08,0.049628,0.049842
-2.6676e-08,0.049741,0.049794
-2.657e-08,0.049855,0.049748
-2.6351e-08,0.049968,0.049701
-2.6015e-08,0.050082,0.049655
-2.5557e-08,0.050196,0.04961
-2.4974e-08,0.050309,0.049565
-2.4261e-08,0.050421,0.04952
-2.3416e-08,0.050532,0.049476
-2.2434e-08,0.050642,0.049432
-2.1313e-08,0.05075,0.049389
-2.0051e-08,0.050856,0.049346
-1.8646e-08,0.05096,0.049304
-1.7097e-08,0.051062,0.049262
-1.5402e-08,0.05116,0.04922
-1.3562e-08,0.051256,0.049179
-1.1576e-08,0.051348,0.049138
-9.4459e-09,0.051437,0.049097
-7.1725e-09,0.051523,0.049057
-4.7582e-09,0.051604,0.049018
-2.2057e-09,0.051681,0.048978
4.8136e-10,0.051754,0.048939
3.2988e-09,0.051822,0.048901
6.2418e-09,0.051886,0.048863
9.3045e-09,0.051945,0.048825
1.248e-08,0.051999,0.048788
1.5762e-08,0.052048,0.048751
1.9142e-08,0.052091,0.048715
2.2611e-08,0.052129,0.048679
2.616e-08,0.052162,0.048643
2.9777e-08,0.05219,0.048608
3.3453e-08,0.052211,0.048574
3.7174e-08,0.052227,0.04854
4.0929e-08,0.052238,0.048506
4.4703e-08,0.052243,0.048473
4.8482e-08,0.052242,0.04844
5.2251e-08,0.052235,0.048408
5.5995e-08,0.052223,0.048377
5.9697e-08,0.052204,0.048346
6.334e-08,0.052181,0.048316
6.6907e-08,0.052152,0.048286
7.0378e-08,0.052117,0.048257
7.3737e-08,0.052077,0.048228
7.6962e-08,0.052031,0.0482
8.0036e-08,0.051981,0.048173
8.2937e-08,0.051925,0.048146
8.5646e-08,0.051864,0.04812
8.8142e-08,0.051798,0.048095
9.0405e-08,0.051728,0.04807
9.2413e-08,0.051653,0.048046
9.4147e-08,0.051574,0.048022
9.5586e-08,0.051491,0.047999
9.671e-08,0.051403,0.047977
9.7498e-08,0.051312,0.047955
9.793e-08,0.051217,0.047934
9.7988e-08,0.051119,0.047914
9.7653e-08,0.051018,0.047894
9.6906e-08,0.050913,0.047875
9.5731e-08,0.050806,0.047857
9.411e-08,0.050696,0.047839
9.203e-08,0.050584,0.047821
8.9475e-08,0.05047,0.047805
8.6432e-08,0.050355,0.047789
8.289e-08,0.050237,0.047773
7.8839e-08,0.050119,0.047758
7.4269e-08,0.049999,0.047744
6.9174e-08,0.049878,0.04773
6.3548e-08,0.049757,0.047716
5.7388e-08,0.049636,0.047704
5.0693e-08,0.049514,0.047691
4.3462e-08,0.049393,0.047679
3.57e-08,0.049272,0.047668
2.7411e-08,0.049151,0.047657
1.8603e-08,0.049032,0.047647
9.2862e-09,0.048913,0.047637
-5.2755e-10,0.048796,0.047627
-1.0823e-08,0.04868,0.047618
-2.1581e-08,0.048566,0.047609
-3.2783e-08,0.048454,0.047601
-4.4404e-08,0.048344,0.047593
-5.6417e-08,0.048236,0.047585
-6.8795e-08,0.048131,0.047578
-8.1505e-08,0.048029,0.047571
-9.4511e-08,0.047929,0.047564
-1.0778e-07,0.047832,0.047557
-1.2126e-07,0.047738,0.047551
-1.3492e-07,0.047648,0.047545
-1.487e-07,0.047561,0.04754
-1.6257e-07,0.047478,0.047534
-1.7646e-07,0.047398,0.047529
-1.9032e-07,0.047321,0.047524
-2.0409e-07,0.047249,0.04752
-2.1772e-07,0.04718,0.047515
-2.3115e-07,0.047116,0.047511
-2.4429e-07,0.047055,0.047508
-2.571e-07,0.046999,0.047504
-2.6951e-07,0.046946,0.047501
-2.8143e-07,0.046898,0.047498
-2.9281e-07,0.046853,0.047496
-3.0356e-07,0.046813,0.047493
-3.1362e-07,0.046777,0.047492
-3.2291e-07,0.046745,0.04749
-3.3135e-07,0.046717,0.047489
-3.3888e-07,0.046693,0.047489
-3.454e-07,0.046673,0.047489
-3.5085e-07,0.046656,0.047489
-3.5515e-07,0.046644,0.047491
-3.5824e-07,0.046636,0.047492
-3.6003e-07,0.046631,0.047494
-3.6045e-07,0.04663,0.047497
-3.5945e-07,0.046633,0.047501
-3.5694e-07,0.046639,0.047505
-3.5287e-07,0.046648,0.04751
-3.4719e-07,0.04666,0.047516
-3.3982e-07,0.046676,0.047523
-3.3072e-07,0.046695,0.04753
-3.1984e-07,0.046717,0.047538
-3.0714e-07,0.046741,0.047547
-2.9258e-07,0.046769,0.047557
-2.7612e-07,0.046798,0.047568
-2.5775e-07,0.046831,0.047579
-2.3744e-07,0.046865,0.047592
-2.1517e-07,0.046902,0.047606
-1.9095e-07,0.046941,0.04762
-1.6477e-07,0.046981,0.047636
-1.3665e-07,0.047024,0.047652
-1.066e-07,0.047068,0.047669
-7.4653e-08,0.047113,0.047688
-4.0842e-08,0.04716,0.047707
-5.2141e-09,0.047209,0.047727
3.2176e-08,0.047258,0.047748
7.1264e-08,0.047308,0.04777
1.1197e-07,0.04736,0.047793
1.5422e-07,0.047412,0.047816
1.979e-07,0.047464,0.04784
2.4292e-07,0.047518,0.047865
2.8916e-07,0.047571,0.047891
3.3648e-07,0.047625,0.047917
3.8475e-07,0.047679,0.047944
4.3382e-07,0.047733,0.047971
4.8354e-07,0.047788,0.047999
5.3372e-07,0.047842,0.048028
5.8419e-07,0.047896,0.048056
6.3476e-07,0.047949,0.048085
6.8522e-07,0.048002,0.048114
7.3537e-07,0.048055,0.048144
7.8499e-07,0.048107,0.048173
8.3385e-07,0.048159,0.048203
8.8171e-07,0.048209,0.048233
9.2833e-07,0.048259,0.048262
9.7345e-07,0.048308,0.048292
1.0168e-06,0.048357,0.048321
1.0582e-06,0.048404,0.04835
1.0973e-06,0.04845,0.048379
1.1338e-06,0.048495,0.048408
1.1675e-06,0.048539,0.048437
1.1981e-06,0.048581,0.048465
1.2253e-06,0.048623,0.048493
1.2489e-06,0.048663,0.04852
1.2685e-06,0.048701,0.048547
1.2839e-06,0.048739,0.048574
1.2949e-06,0.048775,0.0486
1.3011e-06,0.048809,0.048626
1.3022e-06,0.048843,0.048652
1.2982e-06,0.048874,0.048677
1.2886e-06,0.048905,0.048701
1.2732e-06,0.048934,0.048726
1.252e-06,0.048962,0.04875
1.2245e-06,0.048988,0.048773
1.1907e-06,0.049013,0.048797
1.1504e-06,0.049037,0.04882
1.1034e-06,0.049059,0.048843
1.0495e-06,0.04908,0.048865
9.8868e-07,0.0491,0.048887
9.2082e-07,0.049118,0.04891
8.4584e-07,0.049136,0.048931
7.6369e-07,0.049152,0.048953
6.7436e-07,0.049167,0.048975
5.7786e-07,0.049181,0.048996
4.7423e-07,0.049194,0.049018
3.6353e-07,0.049206,0.049039
2.4587e-07,0.049218,0.04906
1.2139e-07,0.049228,0.049081
-9.7405e-09,0.049238,0.049103
-1.4731e-07,0.049247,0.049124
-2.9108e-07,0.049255,0.049145
-4.4075e-07,0.049262,0.049166
-5.9602e-07,0.049269,0.049187
-7.5651e-07,0.049276,0.049207
-9.2182e-07,0.049282,0.049228
-1.0915e-06,0.049288,0.049249
-1.2651e-06,0.049293,0.049269
-1.4421e-06,0.049298,0.049289
-1.6219e-06,0.049302,0.049309
-1.8038e-06,0.049307,0.049329
-1.9874e-06,0.049311,0.049349
-2.1718e-06,0.049315,0.049368
-2.3563e-06,0.04932,0.049387
-2.5402e-06,0.049324,0.049406
-2.7227e-06,0.049328,0.049424
-2.9029e-06,0.049332,0.049442
-3.08e-06,0.049336,0.049459
-3.253e-06,0.04934,0.049476
-3.421e-06,0.049345,0.049493
-3.5831e-06,0.049349,0.049508
-3.7382e-06,0.049354,0.049523
-3.8853e-06,0.049359,0.049538
-4.0235e-06,0.049364,0.049552
-4.1515e-06,0.049369,0.049565
-4.2684e-06,0.049375,0.049577
-4.373e-06,0.049381,0.049588
-4.4643e-06,0.049387,0.049599
-4.5411e-06,0.049393,0.049608
-4.6024e-06,0.0494,0.049617
-4.647e-06,0.049406,0.049625
-4.6737e-06,0.049413,0.049631
-4.6817e-06,0.049421,0.049637
-4.6696e-06,0.049428,0.049642
-4.6366e-06,0.049436,0.049645
-4.5815e-06,0.049443,0.049648
-4.5034e-06,0.049451,0.049649
-4.4012e-06,0.049459,0.04965
-4.2741e-06,0.049467,0.049649
-4.1211e-06,0.049475,0.049647
-3.9414e-06,0.049483,0.049644
-3.7343e-06,0.049491,0.04964
-3.499e-06,0.049499,0.049635
-3.2348e-06,0.049507,0.049629
-2.9411e-06,0.049514,0.049621
-2.6174e-06,0.049522,0.049613
-2.2633e-06,0.049529,0.049603
-1.8785e-06,0.049536,0.049593
-1.4625e-06,0.049543,0.049581
-1.0154e-06,0.049549,0.049568
-5.3692e-07,0.049555,0.049555
-2.7154e-08,0.04956,0.04954
5.1377e-07,0.049565,0.049525
1.0856e-06,0.049569,0.049508
1.6881e-06,0.049573,0.049491
2.3206e-06,0.049576,0.049473
2.9827e-06,0.049579,0.049454
3.6736e-06,0.049581,0.049434
4.3925e-06,0.049582,0.049414
5.1386e-06,0.049583,0.049393
5.9106e-06,0.049583,0.049371
6.7074e-06,0.049582,0.049349
7.5277e-06,0.049581,0.049326
8.3701e-06,0.049578,0.049303
9.233e-06,0.049575,0.049279
1.0115e-05,0.049572,0.049255
1.1013e-05,0.049567,0.04923
1.1927e-05,0.049562,0.049205
1.2854e-05,0.049556,0.04918
1.3792e-05,0.049549,0.049154
1.4739e-05,0.049542,0.049128
1.5692e-05,0.049534,0.049101
1.6648e-05,0.049525,0.049074
1.7607e-05,0.049516,0.049047
1.8564e-05,0.049506,0.04902
1.9518e-05,0.049495,0.048993
2.0465e-05,0.049484,0.048965
2.1403e-05,0.049472,0.048937
2.2329e-05,0.04946,0.048909
2.324e-05,0.049447,0.048881
2.4134e-05,0.049434,0.048853
2.5007e-05,0.049421,0.048824
2.5856e-05,0.049407,0.048795
2.668e-05,0.049393,0.048766
2.7475e-05,0.049378,0.048737
2.8238e-05,0.049363,0.048707
2.8966e-05,0.049348,0.048678
2.9658e-05,0.049333,0.048647
3.031e-05,0.049318,0.048617
3.0921e-05,0.049302,0.048586
3.1487e-05,0.049286,0.048555
3.2006e-05,0.049271,0.048524
3.2478e-05,0.049255,0.048492
3.2899e-05,0.049239,0.04846
3.3267e-05,0.049224,0.048427
3.3582e-05,0.049208,0.048394
3.3842e-05,0.049192,0.04836
3.4046e-05,0.049177,0.048326
3.4193e-05,0.049162,0.048292
3.4281e-05,0.049146,0.048257
3.4311e-05,0.049131,0.048221
3.4282e-05,0.049116,0.048185
3.4194e-05,0.049102,0.048148
3.4047e-05,0.049087,0.04811
3.3841e-05,0.049073,0.048072
3.3577e-05,0.049059,0.048033
3.3256e-05,0.049045,0.047994
3.2878e-05,0.049032,0.047954
3.2445e-05,0.049019,0.047914
3.1958e-05,0.049006,0.047873
3.1418e-05,0.048994,0.047831
3.0828e-05,0.048981,0.047789
3.0189e-05,0.04897,0.047747
2.9503e-05,0.048958,0.047704
2.8772e-05,0.048947,0.047661
2.7999e-05,0.048937,0.047617
2.7186e-05,0.048927,0.047573
2.6335e-05,0.048917,0.047529
2.545e-05,0.048908,0.047484
2.4532e-05,0.048899,0.04744
2.3584e-05,0.048891,0.047395
2.261e-05,0.048883,0.047351
2.1613e-05,0.048876,0.047306
2.0594e-05,0.048869,0.047262
1.9558e-05,0.048863,0.047218
1.8506e-05,0.048857,0.047174
1.7443e-05,0.048852,0.047131
1.637e-05,0.048848,0.047088
1.5292e-05,0.048844,0.047045
1.421e-05,0.048841,0.047004
1.3128e-05,0.048838,0.046963
1.2049e-05,0.048837,0.046923
1.0976e-05,0.048835,0.046883
9.9104e-06,0.048835,0.046845
8.8562e-06,0.048836,0.046808
7.8157e-06,0.048837,0.046772
6.7916e-06,0.048839,0.046737
5.7864e-06,0.048841,0.046704
4.8025e-06,0.048845,0.046672
3.8424e-06,0.048849,0.046641
2.9084e-06,0.048854,0.046612
2.0026e-06,0.04886,0.046584
1.1272e-06,0.048867,0.046559
2.8426e-07,0.048874,0.046534
-5.2431e-07,0.048883,0.046512
-1.2967e-06,0.048892,0.046491
-2.031e-06,0.048902,0.046472
-2.7258e-06,0.048912,0.046455
-3.3794e-06,0.048924,0.04644
-3.9904e-06,0.048936,0.046427
-4.5575e-06,0.048949,0.046416
-5.0794e-06,0.048963,0.046406
-5.555e-06,0.048977,0.046399
-5.9833e-06,0.048992,0.046393
-6.3634e-06,0.049007,0.046389
-6.6944e-06,0.049023,0.046387
-6.9757e-06,0.04904,0.046387
-7.2066e-06,0.049057,0.046388
-7.3867e-06,0.049074,0.046391
-7.5157e-06,0.049092,0.046396
-7.5931e-06,0.04911,0.046403
-7.619e-06,0.049128,0.046411
-7.5931e-06,0.049146,0.046421
-7.5157e-06,0.049164,0.046432
-7.3867e-06,0.049182,0.046444
-7.2066e-06,0.0492,0.046458
-6.9757e-06,0.049218,0.046474
-6.6944e-06,0.049235,0.04649
-6.3634e-06,0.049252,0.046508
-5.9833e-06,0.049269,0.046527
-5.555e-06,0.049285,0.046546
-5.0794e-06,0.0493,0.046567
-4.5575e-06,0.049315,0.046589
-3.9904e-06,0.049329,0.046611
-3.3794e-06,0.049341,0.046634
-2.7258e-06,0.049353,0.046658
-2.031e-06,0.049363,0.046683
-1.2967e-06,0.049373,0.046708
-5.2431e-07,0.049381,0.046733
2.8426e-07,0.049387,0.04676
1.1272e-06,0.049393,0.046786
2.0026e-06,0.049396,0.046813
2.9084e-06,0.049398,0.04684
3.8424e-06,0.049399,0.046867
4.8025e-06,0.049397,0.046895
5.7864e-06,0.049394,0.046923
6.7916e-06,0.04939,0.046951
7.8157e-06,0.049383,0.046979
8.8562e-06,0.049374,0.047007
9.9104e-06,0.049364,0.047035
1.0976e-05,0.049352,0.047063
1.2049e-05,0.049338,0.047091
1.3128e-05,0.049322,0.047119
1.421e-05,0.049304,0.047147
1.5292e-05,0.049284,0.047175
1.637e-05,0.049262,0.047203
1.7443e-05,0.049239,0.04723
1.8506e-05,0.049213,0.047258
1.9558e-05,0.049186,0.047285
2.0594e-05,0.049157,0.047313
2.1613e-05,0.049127,0.04734
2.261e-05,0.049095,0.047367
2.3584e-05,0.049061,0.047394
2.4532e-05,0.049026,0.04742
2.545e-05,0.04899,0.047447
2.6335e-05,0.048952,0.047474
2.7186e-05,0.048913,0.0475
2.7999e-05,0.048873,0.047526
2.8772e-05,0.048832,0.047553
2.9503e-05,0.04879,0.047579
3.0189e-05,0.048748,0.047605
3.0828e-05,0.048705,0.047631
3.1418e-05,0.048661,0.047657
3.1958e-05,0.048617,0.047683
3.2445e-05,0.048573,0.047708
3.2878e-05,0.048529,0.047734
3.3256e-05,0.048485,0.04776
3.3577e-05,0.048441,0.047786
3.3841e-05,0.048398,0.047811
3.4047e-05,0.048355,0.047837
3.4194e-05,0.048312,0.047863
3.4282e-05,0.048271,0.047888
3.4311e-05,0.04823,0.047914
3.4281e-05,0.04819,0.04794
3.4193e-05,0.048152,0.047966
3.4046e-05,0.048114,0.047992
3.3842e-05,0.048079,0.048017
3.3582e-05,0.048044,0.048043
3.3267e-05,0.048012,0.048069
3.2899e-05,0.047981,0.048095
3.2478e-05,0.047952,0.048121
3.2006e-05,0.047925,0.048147
3.1487e-05,0.0479,0.048172
3.0921e-05,0.047877,0.048198
3.031e-05,0.047856,0.048224
2.9658e-05,0.047837,0.04825
2.8966e-05,0.047821,0.048276
2.8238e-05,0.047807,0.048301
2.7475e-05,0.047795,0.048327
2.668e-05,0.047785,0.048352
2.5856e-05,0.047778,0.048378
2.5007e-05,0.047773,0.048403
2.4134e-05,0.04777,0.048428
2.324e-05,0.04777,0.048453
2.2329e-05,0.047772,0.048477
2.1403e-05,0.047776,0.048502
2.0465e-05,0.047783,0.048526
1.9518e-05,0.047791,0.04855
1.8564e-05,0.047802,0.048574
1.7607e-05,0.047815,0.048597
1.6648e-05,0.047829,0.04862
1.5692e-05,0.047846,0.048643
1.4739e-05,0.047864,0.048665
1.3792e-05,0.047884,0.048687
1.2854e-05,0.047906,0.048708
1.1927e-05,0.047929,0.048729
1.1013e-05,0.047953,0.048749
1.0115e-05,0.047979,0.048769
9.233e-06,0.048006,0.048788
8.3701e-06,0.048034,0.048807
7.5277e-06,0.048063,0.048825
6.7074e-06,0.048093,0.048842
5.9106e-06,0.048124,0.048859
5.1386e-06,0.048156,0.048875
4.3925e-06,0.048188,0.04889
3.6736e-06,0.04822,0.048904
2.9827e-06,0.048253,0.048918
2.3206e-06,0.048286,0.04893
1.6881e-06,0.048319,0.048942
1.0856e-06,0.048353,0.048953
5.1377e-07,0.048386,0.048963
-2.7154e-08,0.048419,0.048972
-5.3692e-07,0.048452,0.048979
-1.0154e-06,0.048485,0.048986
-1.4625e-06,0.048517,0.048992
-1.8785e-06,0.048549,0.048996
-2.2633e-06,0.04858,0.049
-2.6174e-06,0.048611,0.049002
-2.9411e-06,0.048641,0.049003
-3.2348e-06,0.04867,0.049002
-3.499e-06,0.048698,0.049
-3.7343e-06,0.048726,0.048997
-3.9414e-06,0.048753,0.048993
-4.1211e-06,0.048778,0.048987
-4.2741e-06,0.048803,0.04898
-4.4012e-06,0.048827,0.048971
-4.5034e-06,0.04885,0.04896
-4.5815e-06,0.048871,0.048949
-4.6366e-06,0.048892,0.048935
-4.6696e-06,0.048912,0.04892
-4.6817e-06,0.04893,0.048904
-4.6737e-06,0.048947,0.048886
-4.6469e-06,0.048964,0.048866
-4.6024e-06,0.048979,0.048844
-4.5411e-06,0.048993,0.048822
-4.4643e-06,0.049006,0.048797
-4.373e-06,0.049018,0.048771
-4.2684e-06,0.049029,0.048743
-4.1515e-06,0.049039,0.048714
-4.0235e-06,0.049048,0.048683
-3.8853e-06,0.049056,0.04865
-3.7382e-06,0.049063,0.048616
-3.5831e-06,0.04907,0.04858
-3.421e-06,0.049075,0.048543
-3.253e-06,0.049079,0.048504
-3.08e-06,0.049083,0.048464
-2.9029e-06,0.049086,0.048423
-2.7227e-06,0.049088,0.04838
-2.5402e-06,0.049089,0.048336
-2.3563e-06,0.04909,0.048291
-2.1718e-06,0.04909,0.048245
-1.9874e-06,0.049089,0.048197
-1.8038e-06,0.049088,0.048149
-1.6219e-06,0.049086,0.048099
-1.4421e-06,0.049084,0.048049
-1.2651e-06,0.049081,0.047998
-1.0915e-06,0.049078,0.047946
-9.2182e-07,0.049074,0.047893
-7.5651e-07,0.04907,0.04784
-5.9602e-07,0.049066,0.047786
-4.4075e-07,0.049061,0.047732
-2.9107e-07,0.049055,0.047678
-1.4731e-07,0.04905,0.047624
-9.7397e-09,0.049043,0.047569
1.2139e-07,0.049037,0.047515
2.4587e-07,0.04903,0.04746
3.6353e-07,0.049023,0.047406
4.7423e-07,0.049015,0.047352
5.7786e-07,0.049008,0.047298
6.7436e-07,0.048999,0.047245
7.6369e-07,0.048991,0.047192
8.4584e-07,0.048982,0.047139
9.2082e-07,0.048972,0.047088
9.8868e-07,0.048962,0.047037
1.0495e-06,0.048952,0.046986
1.1034e-06,0.048941,0.046937
1.1504e-06,0.04893,0.046888
1.1907e-06,0.048919,0.04684
1.2245e-06,0.048906,0.046794
1.252e-06,0.048894,0.046748
1.2732e-06,0.04888,0.046703
1.2886e-06,0.048867,0.046659
1.2982e-06,0.048852,0.046615
1.3022e-06,0.048837,0.046573
1.3011e-06,0.048821,0.046532
1.2949e-06,0.048804,0.046492
1.2839e-06,0.048787,0.046453
1.2685e-06,0.048769,0.046414
1.2489e-06,0.04875,0.046377
1.2253e-06,0.04873,0.04634
1.1981e-06,0.048709,0.046305
1.1675e-06,0.048687,0.04627
1.1338e-06,0.048665,0.046235
1.0973e-06,0.048641,0.046202
1.0582e-06,0.048617,0.046169
1.0168e-06,0.048591,0.046136
9.7345e-07,0.048564,0.046105
9.2833e-07,0.048537,0.046073
8.8171e-07,0.048508,0.046042
8.3385e-07,0.048478,0.046011
7.8499e-07,0.048447,0.045981
7.3537e-07,0.048415,0.045951
6.8522e-07,0.048382,0.045921
6.3476e-07,0.048348,0.045891
5.8419e-07,0.048312,0.045861
5.3372e-07,0.048276,0.045831
4.8353e-07,0.048238,0.045801
4.3382e-07,0.0482,0.045771
3.8475e-07,0.04816,0.04574
3.3648e-07,0.048119,0.04571
2.8915e-07,0.048078,0.045679
2.4292e-07,0.048035,0.045648
1.979e-07,0.047992,0.045617
1.5421e-07,0.047947,0.045585
1.1197e-07,0.047902,0.045553
7.1261e-08,0.047855,0.045521
3.2173e-08,0.047808,0.045489
-5.2169e-09,0.04776,0.045456
-4.0845e-08,0.047712,0.045423
-7.4656e-08,0.047663,0.045389
-1.066e-07,0.047613,0.045356
-1.3665e-07,0.047562,0.045322
-1.6477e-07,0.047511,0.045288
-1.9095e-07,0.047459,0.045254
-2.1517e-07,0.047407,0.04522
-2.3744e-07,0.047354,0.045185
-2.5775e-07,0.047301,0.045151
-2.7612e-07,0.047247,0.045117
-2.9258e-07,0.047194,0.045084
-3.0714e-07,0.04714,0.04505
-3.1984e-07,0.047085,0.045018
-3.3072e-07,0.047031,0.044985
-3.3982e-07,0.046976,0.044953
-3.4719e-07,0.046921,0.044922
-3.5288e-07,0.046867,0.044892
-3.5694e-07,0.046812,0.044863
-3.5945e-07,0.046758,0.044835
-3.6045e-07,0.046703,0.044808
-3.6003e-07,0.046649,0.044782
-3.5824e-07,0.046595,0.044757
-3.5515e-07,0.046541,0.044734
-3.5085e-07,0.046488,0.044713
-3.454e-07,0.046436,0.044693
-3.3887e-07,0.046383,0.044676
-3.3135e-07,0.046332,0.04466
-3.2291e-07,0.046281,0.044646
-3.1362e-07,0.046231,0.044634
-3.0356e-07,0.046181,0.044624
-2.9281e-07,0.046133,0.044617
-2.8143e-07,0.046086,0.044612
-2.695e-07,0.04604,0.044609
-2.571e-07,0.045995,0.044609
-2.4429e-07,0.045951,0.044611
-2.3114e-07,0.045909,0.044616
-2.1772e-07,0.045868,0.044624
-2.0409e-07,0.045829,0.044634
-1.9031e-07,0.045791,0.044646
-1.7645e-07,0.045756,0.044662
-1.6256e-07,0.045722,0.04468
-1.487e-07,0.04569,0.0447
-1.3491e-07,0.04566,0.044724
-1.2125e-07,0.045633,0.044749
-1.0777e-07,0.045608,0.044778
-9.4503e-08,0.045585,0.044809
-8.1496e-08,0.045565,0.044843
-6.8786e-08,0.045548,0.044879
-5.6408e-08,0.045533,0.044917
-4.4394e-08,0.045521,0.044958
-3.2773e-08,0.045513,0.045001
-2.1571e-08,0.045507,0.045046
-1.0813e-08,0.045504,0.045094
-5.1731e-10,0.045504,0.045143
9.2965e-09,0.045508,0.045195
1.8614e-08,0.045515,0.045248
2.7422e-08,0.045525,0.045303
3.571e-08,0.045539,0.04536
4.3472e-08,0.045556,0.045419
5.0702e-08,0.045577,0.045478
5.7397e-08,0.045601,0.045539
6.3557e-08,0.045629,0.045602
6.9183e-08,0.04566,0.045665
7.4277e-08,0.045695,0.045729
7.8847e-08,0.045733,0.045794
8.2898e-08,0.045775,0.04586
8.6439e-08,0.04582,0.045927
8.9481e-08,0.045869,0.045994
9.2036e-08,0.045921,0.046061
9.4115e-08,0.045977,0.046128
9.5735e-08,0.046035,0.046196
9.6909e-08,0.046097,0.046264
9.7655e-08,0.046162,0.046331
9.7989e-08,0.04623,0.046398
9.7931e-08,0.0463,0.046465
9.7497e-08,0.046373,0.046532
9.6708e-08,0.046449,0.046598
9.5584e-08,0.046527,0.046663
9.4143e-08,0.046606,0.046727
9.2408e-08,0.046688,0.046791
9.0398e-08,0.046772,0.046853
8.8134e-08,0.046857,0.046915
8.5636e-08,0.046944,0.046975
8.2926e-08,0.047032,0.047035
8.0024e-08,0.047121,0.047093
7.6949e-08,0.04721,0.047149
7.3722e-08,0.0473,0.047205
7.0362e-08,0.04739,0.047258
6.6889e-08,0.047481,0.047311
6.3321e-08,0.047571,0.047362
5.9676e-08,0.047661,0.047411
5.5973e-08,0.04775,0.047458
5.2228e-08,0.047838,0.047504
4.8457e-08,0.047926,0.047548
4.4676e-08,0.048012,0.04759
4.0901e-08,0.048097,0.047631
3.7146e-08,0.04818,0.04767
3.3423e-08,0.048261,0.047707
2.9746e-08,0.048341,0.047742
2.6128e-08,0.048418,0.047776
2.2578e-08,0.048493,0.047807
1.9108e-08,0.048566,0.047837
1.5727e-08,0.048636,0.047866
1.2445e-08,0.048703,0.047892
9.268e-09,0.048768,0.047917
6.2049e-09,0.04883,0.047941
3.2615e-09,0.048889,0.047962
4.4381e-10,0.048945,0.047983
-2.2434e-09,0.048998,0.048002
-4.7958e-09,0.049048,0.048019
-7.2099e-09,0.049094,0.048035
-9.483e-09,0.049138,0.04805
-1.1613e-08,0.049179,0.048063
-1.3598e-08,0.049216,0.048076
-1.5437e-08,0.049251,0.048087
-1.7131e-08,0.049282,0.048097
-1.8679e-08,0.049311,0.048107
-2.0083e-08,0.049336,0.048115
-2.1343e-08,0.049359,0.048123
-2.2462e-08,0.049379,0.04813
-2.3441e-08,0.049396,0.048137
-2.4285e-08,0.049411,0.048143
-2.4995e-08,0.049423,0.048149
-2.5575e-08,0.049432,0.048154
-2.603e-08,0.049439,0.04816
-2.6363e-08,0.049444,0.048165
-2.6579e-08,0.049447,0.04817
-2.6682e-08,0.049448,0.048175
-2.6678e-08,0.049446,0.04818
-2.6571e-08,0.049443,0.048185
-2.6366e-08,0.049438,0.048191
-2.607e-08,0.049432,0.048196
-2.5687e-08,0.049424,0.048203
-2.5223e-08,0.049414,0.048209
-2.4683e-08,0.049403,0.048216
-2.4074e-08,0.049391,0.048224
-2.3401e-08,0.049378,0.048232
-2.2668e-08,0.049363,0.04824
-2.1883e-08,0.049348,0.04825
-2.1051e-08,0.049331,0.04826
-2.0176e-08,0.049314,0.04827
-1.9265e-08,0.049295,0.048282
-1.8322e-08,0.049276,0.048294
-1.7353e-08,0.049257,0.048307
-1.6362e-08,0.049237,0.048321
-1.5355e-08,0.049216,0.048336
-1.4336e-08,0.049194,0.048351
-1.331e-08,0.049173,0.048367
-1.228e-08,0.04915,0.048385
-1.1252e-08,0.049128,0.048403
-1.0228e-08,0.049105,0.048421
-9.2128e-09,0.049081,0.048441
-8.2099e-09,0.049057,0.048461
-7.2224e-09,0.049034,0.048482
-6.2534e-09,0.049009,0.048504
-5.3058e-09,0.048985,0.048527
-4.3823e-09,0.04896,0.04855
-3.4851e-09,0.048935,0.048574
-2.6167e-09,0.04891,0.048598
-1.7789e-09,0.048885,0.048623
-9.7364e-10,0.048859,0.048649
-2.0239e-10,0.048833,0.048674
5.3345e-10,0.048807,0.048701
1.2327e-09,0.048781,0.048727
1.8944e-09,0.048755,0.048754
2.5177e-09,0.048728,0.04878
3.102e-09,0.048701,0.048807
3.647e-09,0.048674,0.048834
4.1524e-09,0.048647,0.048861
4.618e-09,0.04862,0.048887
5.0439e-09,0.048592,0.048914
5.4305e-09,0.048564,0.04894
5.7779e-09,0.048536,0.048965
6.0868e-09,0.048507,0.04899
6.3578e-09,0.048478,0.049014
6.5915e-09,0.048449,0.049038
6.7888e-09,0.048419,0.04906
6.9508e-09,0.04839,0.049082
7.0783e-09,0.048359,0.049103
7.1726e-09,0.048329,0.049123
7.2348e-09,0.048298,0.049141
7.2662e-09,0.048267,0.049159
7.2682e-09,0.048236,0.049175
7.242e-09,0.048204,0.04919
7.1892e-09,0.048172,0.049203
7.1111e-09,0.048139,0.049215
7.0093e-09,0.048106,0.049225
6.8853e-09,0.048073,0.049233
6.7406e-09,0.04804,0.04924
6.5767e-09,0.048006,0.049246
6.3952e-09,0.047972,0.049249
6.1975e-09,0.047938,0.049251
5.9853e-09,0.047904,0.049251
5.7599e-09,0.047869,0.049249
5.523e-09,0.047834,0.049246
5.2759e-09,0.0478,0.04924
5.02e-09,0.047765,0.049233
4.7569e-09,0.047729,0.049224
4.4878e-09,0.047694,0.049214
4.214e-09,0.047659,0.049201
3.9369e-09,0.047624,0.049187
3.6576e-09,0.047589,0.049172
3.3773e-09,0.047554,0.049155
3.0972e-09,0.04752,0.049136
2.8183e-09,0.047485,0.049116
2.5417e-09,0.047451,0.049094
2.2683e-09,0.047417,0.049072
1.999e-09,0.047384,0.049047
1.7346e-09,0.047351,0.049022
1.476e-09,0.047319,0.048996
1.2239e-09,0.047287,0.048968
9.7885e-10,0.047256,0.04894
7.4158e-10,0.047226,0.048911
5.1262e-10,0.047196,0.048881
2.9244e-10,0.047167,0.048851
8.1485e-11,0.04714,0.04882
-1.1986e-10,0.047113,0.048789
-3.1129e-10,0.047087,0.048757
-4.9251e-10,0.047063,0.048726
-6.6331e-10,0.04704,0.048694
-8.2352e-10,0.047018,0.048662
-9.7303e-10,0.046997,0.048631
-1.1118e-09,0.046978,0.048599
-1.2397e-09,0.046961,0.048568
-1.3568e-09,0.046945,0.048537
-1.4632e-09,0.046931,0.048507
-1.559e-09,0.046918,0.048478
-1.6442e-09,0.046908,0.048449
-1.7192e-09,0.046899,0.048421
-1.7839e-09,0.046892,0.048394
-1.8388e-09,0.046887,0.048369
-1.884e-09,0.046884,0.048344
-1.9198e-09,0.046884,0.04832
-1.9466e-09,0.046885,0.048298
-1.9646e-09,0.046889,0.048277
-1.9742e-09,0.046894,0.048257
-1.9758e-09,0.046902,0.048239
-1.9697e-09,0.046912,0.048223
-1.9563e-09,0.046925,0.048208
-1.936e-09,0.046939,0.048195
-1.9092e-09,0.046957,0.048184
-1.8764e-09,0.046976,0.048174
-1.8379e-09,0.046997,0.048167
-1.7942e-09,0.047021,0.048161
-1.7456e-09,0.047047,0.048157
-1.6927e-09,0.047076,0.048156
-1.6357e-09,0.047106,0.048156
-1.5752e-09,0.047139,0.048159
-1.5115e-09,0.047174,0.048163
-1.445e-09,0.047211,0.04817
-1.3761e-09,0.04725,0.048179
-1.3052e-09,0.047291,0.04819
-1.2327e-09,0.047334,0.048203
-1.1588e-09,0.047378,0.048218
-1.0841e-09,0.047425,0.048235
-1.0087e-09,0.047473,0.048254
-9.3306e-10,0.047523,0.048275
-8.5744e-10,0.047574,0.048298
-7.8213e-10,0.047627,0.048323
-7.0742e-10,0.047681,0.04835
-6.3355e-10,0.047736,0.048379
-5.6079e-10,0.047793,0.048409
-4.8936e-10,0.04785,0.048441
-4.1947e-10,0.047909,0.048475
-3.5131e-10,0.047968,0.048509
-2.8508e-10,0.048028,0.048545
-2.2093e-10,0.048088,0.048583
-1.5901e-10,0.048149,0.048621
-9.9451e-11,0.04821,0.04866
-4.2375e-11,0.048271,0.0487
1.2118e-11,0.048333,0.048741
6.3943e-11,0.048394,0.048782
1.1303e-10,0.048455,0.048823
1.5932e-10,0.048516,0.048865
2.0276e-10,0.048576,0.048906
2.4334e-10,0.048636,0.048948
2.8103e-10,0.048695,0.048989
3.1583e-10,0.048753,0.04903
3.4774e-10,0.04881,0.04907
3.7679e-10,0.048866,0.04911
4.03e-10,0.048921,0.049149
4.264e-10,0.048974,0.049187
4.4706e-10,0.049026,0.049223
4.6502e-10,0.049076,0.049258
4.8036e-10,0.049125,0.049292
4.9313e-10,0.049172,0.049324
5.0343e-10,0.049217,0.049355
5.1134e-10,0.04926,0.049384
5.1694e-10,0.049301,0.049411
5.2034e-10,0.04934,0.049435
5.2164e-10,0.049377,0.049458
5.2093e-10,0.049411,0.049478
5.1833e-10,0.049443,0.049496
5.1394e-10,0.049473,0.049512
5.0787e-10,0.0495,0.049525
5.0025e-10,0.049525,0.049536
4.9117e-10,0.049547,0.049544
4.8076e-10,0.049567,0.049549
4.6913e-10,0.049584,0.049552
4.5639e-10,0.049599,0.049552
4.4265e-10,0.049611,0.049549
4.2802e-10,0.049621,0.049544
4.1262e-10,0.049628,0.049535
3.9654e-10,0.049632,0.049525
3.7989e-10,0.049634,0.049511
3.6277e-10,0.049633,0.049495
3.4527e-10,0.04963,0.049476
3.275e-10,0.049624,0.049455
3.0953e-10,0.049616,0.049432
2.9146e-10,0.049605,0.049406
2.7337e-10,0.049592,0.049377
2.5533e-10,0.049577,0.049347
2.3741e-10,0.04956,0.049314
2.1969e-10,0.04954,0.04928
2.0222e-10,0.049518,0.049243
1.8506e-10,0.049494,0.049205
1.6827e-10,0.049469,0.049166
1.519e-10,0.049441,0.049125
1.3598e-10,0.049411,0.049082
1.2056e-10,0.04938,0.049039
1.0567e-10,0.049347,0.048995
9.1335e-11,0.049312,0.04895
7.7583e-11,0.049275,0.048904
6.4431e-11,0.049238,0.048858
5.1894e-11,0.049198,0.048811
3.9983e-11,0.049158,0.048765
2.8702e-11,0.049116,0.048719
1.8055e-11,0.049073,0.048673
8.0371e-12,0.04903,0.048627
-1.3563e-12,0.048985,0.048582
-1.0135e-11,0.048939,0.048538
-1.8313e-11,0.048893,0.048495
-2.5906e-11,0.048846,0.048453
-3.2934e-11,0.048798,0.048413
-3.9418e-11,0.04875,0.048374
-4.5383e-11,0.048701,0.048336
-5.0857e-11,0.048653,0.048301
-5.5868e-11,0.048604,0.048267
-6.0447e-11,0.048555,0.048235
-6.4626e-11,0.048506,0.048206
-6.8438e-11,0.048457,0.048179
-7.192e-11,0.048408,0.048154
-7.5105e-11,0.04836,0.048131
-7.8029e-11,0.048313,0.048111
-8.073e-11,0.048265,0.048094
-8.3243e-11,0.048219,0.048079
-8.5605e-11,0.048173,0.048066
-8.785e-11,0.048128,0.048057
-9.0014e-11,0.048084,0.048049
-9.2131e-11,0.048042,0.048045
-9.4234e-11,0.048,0.048043
-9.6354e-11,0.04796,0.048044
-9.8521e-11,0.047921,0.048047
-1.0076e-10,0.047884,0.048052
-1.0311e-10,0.047848,0.04806
-1.0558e-10,0.047814,0.04807
-1.082e-10,0.047781,0.048083
-1.1098e-10,0.047751,0.048097
-1.1395e-10,0.047722,0.048114
-1.1711e-10,0.047695,0.048132
-1.2048e-10,0.047671,0.048152
-1.2407e-10,0.047648,0.048174
-1.2788e-10,0.047628,0.048197
-1.3192e-10,0.04761,0.048221
-1.3618e-10,0.047594,0.048247
-1.4065e-10,0.047581,0.048273
-1.4533e-10,0.04757,0.0483
-1.5021e-10,0.047561,0.048328
-1.5527e-10,0.047555,0.048356
-1.605e-10,0.047552,0.048385
-1.6587e-10,0.04755,0.048413
-1.7136e-10,0.047552,0.048442
-1.7694e-10,0.047556,0.04847
-1.8258e-10,0.047562,0.048498
-1.8824e-10,0.047571,0.048525
-1.9389e-10,0.047582,0.048551
-1.9949e-10,0.047596,0.048577
-2.05e-10,0.047612,0.048601
-2.1036e-10,0.04763,0.048624
-2.1553e-10,0.047651,0.048645
-2.2046e-10,0.047674,0.048665
-2.2511e-10,0.047699,0.048683
-2.2941e-10,0.047727,0.048699
-2.333e-10,0.047756,0.048713
-2.3674e-10,0.047787,0.048725
-2.3967e-10,0.047821,0.048735
-2.4202e-10,0.047856,0.048742
-2.4374e-10,0.047893,0.048747
-2.4477e-10,0.047931,0.048749
-2.4504e-10,0.047971,0.048748
-2.445e-10,0.048012,0.048745
-2.431e-10,0.048055,0.048739
-2.4076e-10,0.048099,0.04873
-2.3745e-10,0.048144,0.048718
-2.3309e-10,0.04819,0.048703
-2.2765e-10,0.048237,0.048685
-2.2107e-10,0.048284,0.048664
-2.133e-10,0.048332,0.048641
-2.0431e-10,0.048381,0.048614
-1.9405e-10,0.04843,0.048585
-1.8248e-10,0.048479,0.048553
-1.6957e-10,0.048529,0.048518
-1.553e-10,0.048578,0.048481
-1.3965e-10,0.048627,0.048442
-1.2259e-10,0.048676,0.0484
-1.0411e-10,0.048725,0.048356
-8.4216e-11,0.048773,0.048309
-6.2902e-11,0.04882,0.048261
-4.0176e-11,0.048867,0.048211
-1.6054e-11,0.048913,0.04816
9.4446e-12,0.048958,0.048107
3.6289e-11,0.049001,0.048052
6.4443e-11,0.049044,0.047997
9.3861e-11,0.049086,0.047941
1.2449e-10,0.049126,0.047884
1.5627e-10,0.049165,0.047827
1.8914e-10,0.049202,0.047769
2.23e-10,0.049238,0.047711
2.5779e-10,0.049272,0.047654
2.934e-10,0.049305,0.047596
3.2972e-10,0.049336,0.04754
3.6665e-10,0.049365,0.047484
4.0407e-10,0.049392,0.047429
4.4185e-10,0.049418,0.047375
4.7984e-10,0.049441,0.047322
5.1791e-10,0.049463,0.047271
5.559e-10,0.049483,0.047221
5.9365e-10,0.049501,0.047173
6.3099e-10,0.049517,0.047128
6.6774e-10,0.049532,0.047084
7.0373e-10,0.049544,0.047043
7.3876e-10,0.049555,0.047004
7.7265e-10,0.049563,0.046967
8.0519e-10,0.04957,0.046933
8.3618e-10,0.049575,0.046902
8.6541e-10,0.049579,0.046874
8.9267e-10,0.04958,0.046849
9.1775e-10,0.04958,0.046827
9.4044e-10,0.049578,0.046808
9.6052e-10,0.049575,0.046792
9.7777e-10,0.04957,0.046779
9.9198e-10,0.049564,0.04677
1.0029e-09,0.049556,0.046764
1.0104e-09,0.049547,0.046761
1.0142e-09,0.049536,0.046761
1.0142e-09,0.049524,0.046765
1.0101e-09,0.049511,0.046772
1.0017e-09,0.049497,0.046782
9.8887e-10,0.049481,0.046796
9.7144e-10,0.049465,0.046813
9.4924e-10,0.049447,0.046833
9.2211e-10,0.049428,0.046856
8.8993e-10,0.049409,0.046882
8.5256e-10,0.049388,0.046911
8.099e-10,0.049367,0.046943
7.6186e-10,0.049344,0.046977
7.0836e-10,0.049321,0.047014
6.4935e-10,0.049297,0.047054
5.8478e-10,0.049273,0.047096
5.1466e-10,0.049247,0.04714
4.3897e-10,0.049221,0.047187
3.5776e-10,0.049195,0.047235
2.7107e-10,0.049167,0.047285
1.7898e-10,0.04914,0.047337
8.1605e-11,0.049111,0.047391
-2.0932e-11,0.049082,0.047445
-1.2847e-10,0.049053,0.047501
-2.4082e-10,0.049023,0.047558
-3.5777e-10,0.048992,0.047616
-4.7907e-10,0.048961,0.047674
-6.0444e-10,0.04893,0.047733
-7.3359e-10,0.048899,0.047792
-8.6617e-10,0.048867,0.047851
-1.0018e-09,0.048835,0.04791
-1.1401e-09,0.048802,0.047969
-1.2807e-09,0.04877,0.048028
-1.423e-09,0.048737,0.048086
-1.5667e-09,0.048704,0.048143
-1.7111e-09,0.048671,0.048199
-1.8557e-09,0.048638,0.048254
-2e-09,0.048605,0.048307
-2.1434e-09,0.048572,0.048359
-2.2852e-09,0.048539,0.04841
-2.4248e-09,0.048506,0.048459
-2.5614e-09,0.048473,0.048506
-2.6945e-09,0.048441,0.048551
-2.8232e-09,0.048409,0.048594
-2.947e-09,0.048377,0.048635
-3.0649e-09,0.048346,0.048673
-3.1762e-09,0.048315,0.048709
-3.2802e-09,0.048285,0.048742
-3.3761e-09,0.048255,0.048773
-3.4631e-09,0.048226,0.048801
-3.5404e-09,0.048198,0.048827
-3.6072e-09,0.04817,0.048849
-3.6627e-09,0.048143,0.048869
-3.7062e-09,0.048117,0.048885
-3.7368e-09,0.048092,0.048899
-3.7539e-09,0.048068,0.04891
-3.7566e-09,0.048045,0.048918
-3.7442e-09,0.048022,0.048923
-3.7162e-09,0.048001,0.048925
-3.6717e-09,0.047981,0.048923
-3.6102e-09,0.047962,0.048919
-3.531e-09,0.047944,0.048912
-3.4337e-09,0.047927,0.048903
-3.3177e-09,0.047912,0.04889
-3.1826e-09,0.047897,0.048874
-3.028e-09,0.047884,0.048856
-2.8535e-09,0.047872,0.048835
-2.6588e-09,0.047862,0.048812
-2.4439e-09,0.047852,0.048786
-2.2084e-09,0.047844,0.048757
-1.9525e-09,0.047837,0.048727
-1.676e-09,0.047832,0.048694
-1.3791e-09,0.047827,0.048658
-1.062e-09,0.047824,0.048621
-7.2503e-10,0.047823,0.048582
-3.685e-10,0.047822,0.048541
7.0896e-12,0.047823,0.048499
4.0115e-10,0.047825,0.048455
8.13e-10,0.047828,0.048409
1.2419e-09,0.047833,0.048363
1.6868e-09,0.047838,0.048315
2.1469e-09,0.047845,0.048266
2.6209e-09,0.047853,0.048216
3.1077e-09,0.047862,0.048165
3.606e-09,0.047872,0.048113
4.1141e-09,0.047884,0.048061
4.6307e-09,0.047896,0.048009
5.154e-09,0.047909,0.047957
5.6823e-09,0.047924,0.047904
6.2135e-09,0.047939,0.047851
6.7459e-09,0.047956,0.047798
7.2771e-09,0.047973,0.047745
7.8052e-09,0.047991,0.047693
8.3276e-09,0.04801,0.047641
8.8421e-09,0.04803,0.04759
9.3463e-09,0.048051,0.047539
9.8374e-09,0.048073,0.047489
1.0313e-08,0.048095,0.047439
1.077e-08,0.048118,0.047391
1.1207e-08,0.048142,0.047343
1.1619e-08,0.048166,0.047296
1.2005e-08,0.048191,0.047251
1.2361e-08,0.048217,0.047206
1.2685e-08,0.048243,0.047163
1.2973e-08,0.04827,0.047121
1.3223e-08,0.048297,0.04708
1.3432e-08,0.048325,0.04704
1.3598e-08,0.048353,0.047002
1.3716e-08,0.048382,0.046965
1.3784e-08,0.048411,0.04693
1.38e-08,0.04844,0.046895
1.3762e-08,0.04847,0.046862
1.3665e-08,0.0485,0.046831
1.3509e-08,0.04853,0.0468
1.329e-08,0.04856,0.046771
1.3007e-08,0.048591,0.046744
1.2657e-08,0.048621,0.046717
1.2239e-08,0.048652,0.046692
1.1751e-08,0.048683,0.046668
1.1191e-08,0.048713,0.046645
1.0558e-08,0.048744,0.046624
9.8519e-09,0.048775,0.046603
9.0708e-09,0.048805,0.046584
8.2145e-09,0.048836,0.046565
7.2829e-09,0.048866,0.046548
6.276e-09,0.048896,0.046531
5.1941e-09,0.048926,0.046516
4.0379e-09,0.048955,0.046501
2.8085e-09,0.048985,0.046487
1.5072e-09,0.049013,0.046474
1.3567e-10,0.049042,0.046461
-1.3039e-09,0.04907,0.04645
-2.8091e-09,0.049097,0.046439
-4.3771e-09,0.049125,0.046429
-6.0046e-09,0.049151,0.046419
-7.6879e-09,0.049177,0.04641
-9.423e-09,0.049203,0.046402
-1.1205e-08,0.049228,0.046394
-1.303e-08,0.049253,0.046387
-1.4893e-08,0.049277,0.04638
-1.6786e-08,0.0493,0.046374
-1.8705e-08,0.049323,0.046369
-2.0643e-08,0.049345,0.046364
-2.2593e-08,0.049367,0.04636
-2.4547e-08,0.049388,0.046357
-2.6498e-08,0.049409,0.046354
-2.8438e-08,0.049429,0.046353
-3.0359e-08,0.049448,0.046351
-3.2252e-08,0.049467,0.046351
-3.4107e-08,0.049486,0.046351
-3.5916e-08,0.049504,0.046352
-3.7669e-08,0.049521,0.046354
-3.9356e-08,0.049538,0.046357
-4.0966e-08,0.049554,0.046361
-4.249e-08,0.04957,0.046366
-4.3918e-08,0.049586,0.046372
-4.5238e-08,0.049601,0.046378
-4.644e-08,0.049617,0.046386
-4.7514e-08,0.049631,0.046394
-4.8448e-08,0.049646,0.046404
-4.9232e-08,0.04966,0.046415
-4.9856e-08,0.049674,0.046427
-5.0309e-08,0.049688,0.04644
-5.0581e-08,0.049702,0.046454
-5.0662e-08,0.049716,0.046469
-5.0542e-08,0.049729,0.046485
-5.0211e-08,0.049743,0.046502
-4.9662e-08,0.049757,0.04652
-4.8884e-08,0.049771,0.04654
-4.787e-08,0.049785,0.04656
-4.6613e-08,0.049799,0.046581
-4.5105e-08,0.049813,0.046604
-4.3341e-08,0.049827,0.046627
-4.1315e-08,0.049841,0.046651
-3.9021e-08,0.049856,0.046676
-3.6457e-08,0.049871,0.046702
-3.362e-08,0.049886,0.046728
-3.0506e-08,0.049901,0.046755
-2.7116e-08,0.049916,0.046782
-2.3449e-08,0.049932,0.046811
-1.9507e-08,0.049947,0.046839
-1.5292e-08,0.049963,0.046868
-1.0807e-08,0.049979,0.046897
-6.0581e-09,0.049995,0.046926
-1.0506e-09,0.050011,0.046955
4.2078e-09,0.050027,0.046984
9.7082e-09,0.050043,0.047013
1.544e-08,0.050059,0.047042
2.1392e-08,0.050075,0.047071
2.7551e-08,0.050091,0.047099
3.3901e-08,0.050106,0.047126
4.0427e-08,0.050121,0.047153
4.7111e-08,0.050136,0.047179
5.3933e-08,0.05015,0.047204
6.0874e-08,0.050164,0.047228
6.791e-08,0.050178,0.047251
7.5018e-08,0.05019,0.047273
8.2173e-08,0.050202,0.047294
8.9348e-08,0.050213,0.047313
9.6515e-08,0.050224,0.04733
1.0364e-07,0.050233,0.047346
1.1071e-07,0.050241,0.04736
1.1767e-07,0.050248,0.047372
1.245e-07,0.050254,0.047383
1.3116e-07,0.050259,0.047391
1.3762e-07,0.050262,0.047397
1.4384e-07,0.050264,0.047402
1.4978e-07,0.050264,0.047403
1.5542e-07,0.050263,0.047403
1.607e-07,0.050259,0.0474
1.6559e-07,0.050255,0.047395
1.7006e-07,0.050248,0.047387
1.7405e-07,0.050239,0.047377
1.7754e-07,0.050229,0.047364
1.8048e-07,0.050216,0.047348
1.8284e-07,0.050201,0.04733
1.8457e-07,0.050185,0.047309
1.8565e-07,0.050166,0.047286
1.8602e-07,0.050145,0.04726
1.8567e-07,0.050122,0.047231
1.8454e-07,0.050097,0.0472
1.8261e-07,0.050069,0.047166
1.7985e-07,0.05004,0.04713
1.7623e-07,0.050008,0.047091
1.7171e-07,0.049974,0.04705
1.6628e-07,0.049938,0.047006
1.599e-07,0.0499,0.04696
1.5257e-07,0.04986,0.046912
1.4426e-07,0.049818,0.046862
1.3496e-07,0.049774,0.04681
1.2465e-07,0.049728,0.046756
1.1333e-07,0.049681,0.0467
1.0099e-07,0.049631,0.046643
8.7642e-08,0.049581,0.046584
7.3279e-08,0.049528,0.046524
5.7911e-08,0.049475,0.046462
4.1552e-08,0.04942,0.0464
2.422e-08,0.049364,0.046337
5.9351e-09,0.049307,0.046273
-1.3274e-08,0.049249,0.046209
-3.3376e-08,0.049191,0.046144
-5.4334e-08,0.049132,0.04608
-7.6105e-08,0.049072,0.046015
-9.864e-08,0.049012,0.04595
-1.2189e-07,0.048952,0.045887
-1.4579e-07,0.048892,0.045823
-1.7028e-07,0.048832,0.045761
-1.9528e-07,0.048773,0.045699
-2.2073e-07,0.048714,0.045639
-2.4654e-07,0.048656,0.04558
-2.7263e-07,0.048599,0.045523
-2.989e-07,0.048542,0.045468
-3.2526e-07,0.048487,0.045415
-3.516e-07,0.048434,0.045363
-3.7782e-07,0.048381,0.045314
-4.038e-07,0.048331,0.045268
-4.2943e-07,0.048282,0.045223
-4.5459e-07,0.048236,0.045182
-4.7916e-07,0.048191,0.045144
-5.03e-07,0.048149,0.045108
-5.2598e-07,0.048109,0.045075
-5.4797e-07,0.048072,0.045046
-5.6883e-07,0.048038,0.04502
-5.8842e-07,0.048006,0.044997
-6.066e-07,0.047978,0.044977
-6.2323e-07,0.047952,0.044961
-6.3816e-07,0.04793,0.044948
-6.5125e-07,0.04791,0.044939
-6.6236e-07,0.047894,0.044932
-6.7134e-07,0.047882,0.04493
-6.7805e-07,0.047873,0.04493
-6.8237e-07,0.047867,0.044934
-6.8414e-07,0.047865,0.044941
-6.8324e-07,0.047867,0.044952
-6.7954e-07,0.047872,0.044965
-6.7292e-07,0.04788,0.044982
-6.6326e-07,0.047892,0.045001
-6.5046e-07,0.047908,0.045024
-6.344e-07,0.047927,0.045049
-6.15e-07,0.047949,0.045077
-5.9217e-07,0.047975,0.045107
-5.6583e-07,0.048004,0.045139
-5.3593e-07,0.048036,0.045174
-5.0239e-07,0.048071,0.045211
-4.6519e-07,0.04811,0.04525
-4.2429e-07,0.048151,0.04529
-3.7968e-07,0.048194,0.045332
-3.3136e-07,0.048241,0.045375
-2.7934e-07,0.048289,0.04542
-2.2364e-07,0.04834,0.045466
-1.6432e-07,0.048393,0.045512
-1.0144e-07,0.048448,0.045559
-3.5077e-08,0.048504,0.045607
3.4672e-08,0.048562,0.045654
1.0769e-07,0.048621,0.045702
1.8384e-07,0.048681,0.04575
2.6296e-07,0.048742,0.045798
3.4489e-07,0.048804,0.045845
4.2942e-07,0.048865,0.045891
5.1634e-07,0.048927,0.045937
6.0542e-07,0.048989,0.045982
6.964e-07,0.04905,0.046025
7.8901e-07,0.049111,0.046068
8.8294e-07,0.049171,0.046108
9.7788e-07,0.04923,0.046148
1.0735e-06,0.049287,0.046185
1.1694e-06,0.049343,0.046221
1.2653e-06,0.049397,0.046255
1.3607e-06,0.049449,0.046287
1.4553e-06,0.049498,0.046317
1.5486e-06,0.049546,0.046344
1.6401e-06,0.04959,0.04637
1.7295e-06,0.049632,0.046393
1.8162e-06,0.04967,0.046413
1.8998e-06,0.049706,0.046431
1.9797e-06,0.049738,0.046447
2.0555e-06,0.049766,0.04646
2.1266e-06,0.049791,0.046471
2.1926e-06,0.049811,0.046479
2.2529e-06,0.049828,0.046485
2.3069e-06,0.049841,0.046488
2.3542e-06,0.049849,0.046489
2.3942e-06,0.049853,0.046487
2.4263e-06,0.049853,0.046484
2.4502e-06,0.049848,0.046478
2.4652e-06,0.049839,0.04647
2.471e-06,0.049826,0.04646
2.4669e-06,0.049808,0.046448
2.4525e-06,0.049785,0.046435
2.4274e-06,0.049758,0.046419
2.3911e-06,0.049727,0.046402
2.3432e-06,0.049691,0.046384
2.2835e-06,0.049651,0.046365
2.2114e-06,0.049606,0.046344
2.1267e-06,0.049558,0.046323
2.0292e-06,0.049505,0.0463
1.9185e-06,0.049449,0.046278
1.7945e-06,0.049389,0.046254
1.6571e-06,0.049325,0.046231
1.506e-06,0.049257,0.046207
1.3414e-06,0.049187,0.046184
1.1631e-06,0.049113,0.04616
9.7118e-07,0.049036,0.046137
7.6584e-07,0.048957,0.046115
5.472e-07,0.048875,0.046094
3.1551e-07,0.048791,0.046073
7.1069e-08,0.048704,0.046053
-1.8576e-07,0.048616,0.046035
-4.5452e-07,0.048526,0.046018
-7.3472e-07,0.048435,0.046003
-1.0258e-06,0.048342,0.045989
-1.327e-06,0.048249,0.045977
-1.6377e-06,0.048155,0.045967
-1.957e-06,0.04806,0.045958
-2.284e-06,0.047966,0.045952
-2.6179e-06,0.047872,0.045948
-2.9574e-06,0.047778,0.045946
-3.3016e-06,0.047684,0.045946
-3.6492e-06,0.047592,0.045948
-3.9989e-06,0.0475,0.045953
-4.3494e-06,0.04741,0.04596
-4.6993e-06,0.047322,0.045969
-5.047e-06,0.047235,0.045981
-5.391e-06,0.047151,0.045994
-5.7297e-06,0.047068,0.04601
-6.0613e-06,0.046988,0.046029
-6.3841e-06,0.046911,0.046049
-6.6962e-06,0.046837,0.046071
-6.9959e-06,0.046766,0.046095
-7.2811e-06,0.046698,0.046121
-7.5499e-06,0.046633,0.046149
-7.8004e-06,0.046572,0.046178
-8.0304e-06,0.046515,0.046209
-8.2379e-06,0.046461,0.046242
-8.4208e-06,0.046411,0.046275
-8.577e-06,0.046365,0.04631
-8.7044e-06,0.046324,0.046346
-8.801e-06,0.046286,0.046383
-8.8645e-06,0.046253,0.04642
-8.8929e-06,0.046223,0.046458
-8.8842e-06,0.046199,0.046497
-8.8363e-06,0.046178,0.046535
-8.7472e-06,0.046162,0.046574
-8.615e-06,0.04615,0.046614
-8.4379e-06,0.046143,0.046652
-8.214e-06,0.04614,0.046691
-7.9415e-06,0.046142,0.046729
-7.619e-06,0.046147,0.046767
-7.2447e-06,0.046158,0.046804
-6.8174e-06,0.046172,0.046841
-6.3356e-06,0.046191,0.046876
-5.7982e-06,0.046214,0.04691
-5.2041e-06,0.046242,0.046943
-4.5525e-06,0.046273,0.046975
-3.8426e-06,0.046309,0.047006
-3.0737e-06,0.046349,0.047035
-2.2456e-06,0.046393,0.047062
-1.3579e-06,0.04644,0.047088
-4.1057e-07,0.046492,0.047112
5.9615e-07,0.046547,0.047135
1.6619e-06,0.046606,0.047155
2.7862e-06,0.046668,0.047173
3.9683e-06,0.046734,0.04719
5.207e-06,0.046803,0.047204
6.5013e-06,0.046875,0.047216
7.8496e-06,0.04695,0.047226
9.2503e-06,0.047029,0.047234
1.0701e-05,0.04711,0.04724
1.2201e-05,0.047194,0.047243
1.3746e-05,0.04728,0.047245
1.5335e-05,0.047369,0.047244
1.6964e-05,0.04746,0.047241
1.863e-05,0.047554,0.047236
2.0331e-05,0.047649,0.047229
2.2062e-05,0.047746,0.047219
2.382e-05,0.047845,0.047208
2.56e-05,0.047946,0.047194
2.74e-05,0.048048,0.047179
2.9214e-05,0.048152,0.047161
3.1038e-05,0.048256,0.047142
3.2867e-05,0.048362,0.047121
3.4697e-05,0.048468,0.047098
3.6523e-05,0.048575,0.047074
3.8339e-05,0.048683,0.047048
4.0141e-05,0.048791,0.047021
4.1923e-05,0.048899,0.046992
4.368e-05,0.049007,0.046962
4.5406e-05,0.049116,0.046931
4.7098e-05,0.049224,0.046899
4.8748e-05,0.049332,0.046866
5.0352e-05,0.04944,0.046832
5.1904e-05,0.049547,0.046798
5.34e-05,0.049653,0.046763
5.4835e-05,0.049759,0.046728
5.6203e-05,0.049863,0.046693
5.75e-05,0.049967,0.046657
5.8721e-05,0.05007,0.046622
5.9861e-05,0.050171,0.046587
6.0918e-05,0.050271,0.046552
6.1886e-05,0.05037,0.046517
6.2763e-05,0.050467,0.046483
6.3544e-05,0.050562,0.04645
6.4228e-05,0.050656,0.046417
6.481e-05,0.050748,0.046386
6.5291e-05,0.050838,0.046355
6.5666e-05,0.050927,0.046325
6.5935e-05,0.051013,0.046297
6.6097e-05,0.051097,0.04627
6.6151e-05,0.051179,0.046244
6.6097e-05,0.051259,0.04622
6.5935e-05,0.051337,0.046198
6.5666e-05,0.051412,0.046176
6.5291e-05,0.051484,0.046157
6.481e-05,0.051555,0.046139
6.4228e-05,0.051622,0.046123
6.3544e-05,0.051687,0.046108
6.2763e-05,0.05175,0.046096
6.1886e-05,0.051809,0.046084
6.0918e-05,0.051866,0.046075
5.9861e-05,0.05192,0.046067
5.8721e-05,0.051971,0.046061
5.75e-05,0.052018,0.046056
5.6203e-05,0.052063,0.046053
5.4835e-05,0.052104,0.046051
5.34e-05,0.052142,0.046051
5.1904e-05,0.052177,0.046052
5.0352e-05,0.052208,0.046054
4.8748e-05,0.052235,0.046057
4.7098e-05,0.052259,0.04606
4.5406e-05,0.052279,0.046065
4.368e-05,0.052295,0.046071
4.1923e-05,0.052307,0.046077
4.0141e-05,0.052315,0.046083
3.8339e-05,0.052319,0.046089
3.6523e-05,0.052319,0.046096
3.4697e-05,0.052314,0.046103
3.2867e-05,0.052305,0.046109
3.1038e-05,0.052292,0.046115
2.9214e-05,0.052274,0.04612
2.74e-05,0.052251,0.046125
2.56e-05,0.052224,0.046129
2.382e-05,0.052192,0.046131
2.2062e-05,0.052156,0.046133
2.0331e-05,0.052114,0.046133
1.863e-05,0.052068,0.046131
1.6964e-05,0.052016,0.046128
1.5335e-05,0.05196,0.046123
1.3746e-05,0.051899,0.046116
1.2201e-05,0.051833,0.046107
1.0701e-05,0.051762,0.046095
9.2503e-06,0.051686,0.046081
7.8496e-06,0.051605,0.046065
6.5013e-06,0.05152,0.046046
5.207e-06,0.05143,0.046024
3.9683e-06,0.051335,0.046
2.7862e-06,0.051235,0.045972
1.6619e-06,0.051132,0.045942
5.9615e-07,0.051023,0.045909
-4.1057e-07,0.050911,0.045873
-1.3579e-06,0.050795,0.045833
-2.2456e-06,0.050675,0.045791
-3.0737e-06,0.050551,0.045746
-3.8426e-06,0.050423,0.045698
-4.5525e-06,0.050293,0.045648
-5.2041e-06,0.050159,0.045594
-5.7982e-06,0.050023,0.045538
-6.3356e-06,0.049884,0.045479
-6.8174e-06,0.049743,0.045417
-7.2447e-06,0.0496,0.045354
-7.619e-06,0.049455,0.045288
-7.9415e-06,0.049309,0.04522
-8.214e-06,0.049162,0.04515
-8.4379e-06,0.049014,0.045078
-8.615e-06,0.048866,0.045005
-8.7472e-06,0.048719,0.044931
-8.8363e-06,0.048571,0.044855
-8.8842e-06,0.048425,0.044779
-8.8929e-06,0.048279,0.044702
-8.8645e-06,0.048135,0.044625
-8.801e-06,0.047993,0.044547
-8.7044e-06,0.047853,0.04447
-8.577e-06,0.047716,0.044394
-8.4208e-06,0.047582,0.044317
-8.2379e-06,0.047451,0.044242
-8.0304e-06,0.047323,0.044169
-7.8004e-06,0.0472,0.044096
-7.5499e-06,0.047081,0.044025
-7.2811e-06,0.046967,0.043957
-6.9959e-06,0.046857,0.04389
-6.6962e-06,0.046752,0.043826
-6.3841e-06,0.046653,0.043765
-6.0613e-06,0.04656,0.043707
-5.7297e-06,0.046472,0.043652
-5.391e-06,0.04639,0.0436
-5.047e-06,0.046315,0.043552
-4.6993e-06,0.046246,0.043508
-4.3494e-06,0.046183,0.043468
-3.9989e-06,0.046127,0.043432
-3.6492e-06,0.046078,0.0434
-3.3016e-06,0.046035,0.043373
-2.9574e-06,0.045999,0.04335
-2.6179e-06,0.04597,0.043332
-2.284e-06,0.045948,0.043318
-1.957e-06,0.045932,0.04331
-1.6377e-06,0.045923,0.043306
-1.327e-06,0.04592,0.043307
-1.0258e-06,0.045924,0.043314
-7.3472e-07,0.045935,0.043325
-4.5452e-07,0.045951,0.043341
-1.8576e-07,0.045973,0.043363
7.107e-08,0.046001,0.043389
3.1551e-07,0.046035,0.04342
5.4721e-07,0.046074,0.043456
7.6584e-07,0.046119,0.043497
9.7118e-07,0.046168,0.043542
1.1631e-06,0.046222,0.043592
1.3414e-06,0.04628,0.043647
1.506e-06,0.046342,0.043705
1.6571e-06,0.046408,0.043768
1.7945e-06,0.046477,0.043834
1.9185e-06,0.04655,0.043904
2.0292e-06,0.046626,0.043978
2.1267e-06,0.046704,0.044055
2.2114e-06,0.046784,0.044135
2.2835e-06,0.046866,0.044218
2.3432e-06,0.04695,0.044303
2.3911e-06,0.047036,0.044391
2.4274e-06,0.047122,0.04448
2.4525e-06,0.047209,0.044571
2.4669e-06,0.047296,0.044664
2.471e-06,0.047384,0.044758
2.4652e-06,0.047472,0.044852
2.4502e-06,0.047559,0.044947
2.4263e-06,0.047645,0.045042
2.3942e-06,0.047731,0.045138
2.3542e-06,0.047816,0.045232
2.3069e-06,0.047899,0.045326
2.2529e-06,0.047981,0.045419
2.1926e-06,0.048062,0.045511
2.1266e-06,0.04814,0.045601
2.0555e-06,0.048217,0.045689
1.9797e-06,0.048291,0.045775
1.8998e-06,0.048363,0.045859
1.8162e-06,0.048433,0.04594
1.7295e-06,0.0485,0.046018
1.6401e-06,0.048565,0.046093
1.5486e-06,0.048627,0.046165
1.4553e-06,0.048687,0.046233
1.3607e-06,0.048744,0.046297
1.2653e-06,0.048797,0.046357
1.1694e-06,0.048849,0.046414
1.0735e-06,0.048897,0.046466
9.7788e-07,0.048942,0.046514
8.8294e-07,0.048985,0.046557
7.8901e-07,0.049025,0.046597
6.964e-07,0.049063,0.046631
6.0542e-07,0.049097,0.046662
5.1634e-07,0.049129,0.046687
4.2942e-07,0.049158,0.046709
3.4489e-07,0.049185,0.046725
2.6296e-07,0.04921,0.046738
1.8384e-07,0.049232,0.046746
1.0769e-07,0.049252,0.046749
3.4671e-08,0.04927,0.046749
-3.5078e-08,0.049285,0.046745
-1.0144e-07,0.049299,0.046736
-1.6432e-07,0.049311,0.046724
-2.2364e-07,0.049321,0.046708
-2.7934e-07,0.04933,0.046689
-3.3136e-07,0.049337,0.046667
-3.7969e-07,0.049343,0.046641
-4.243e-07,0.049347,0.046613
-4.6519e-07,0.049351,0.046581
-5.0239e-07,0.049353,0.046548
-5.3593e-07,0.049355,0.046511
-5.6583e-07,0.049355,0.046473
-5.9217e-07,0.049356,0.046433
-6.15e-07,0.049355,0.046391
-6.344e-07,0.049354,0.046348
-6.5046e-07,0.049353,0.046303
-6.6326e-07,0.049352,0.046257
-6.7292e-07,0.04935,0.04621
-6.7954e-07,0.049349,0.046162
-6.8324e-07,0.049348,0.046114
-6.8414e-07,0.049347,0.046065
-6.8237e-07,0.049346,0.046016
-6.7806e-07,0.049346,0.045967
-6.7134e-07,0.049346,0.045918
-6.6236e-07,0.049347,0.045869
-6.5125e-07,0.049348,0.04582
-6.3816e-07,0.04935,0.045773
-6.2323e-07,0.049353,0.045725
-6.066e-07,0.049356,0.045679
-5.8842e-07,0.049361,0.045634
-5.6883e-07,0.049366,0.04559
-5.4797e-07,0.049373,0.045547
-5.2598e-07,0.04938,0.045505
-5.03e-07,0.049389,0.045465
-4.7916e-07,0.049398,0.045427
-4.5459e-07,0.049409,0.04539
-4.2943e-07,0.049421,0.045355
-4.038e-07,0.049434,0.045322
-3.7782e-07,0.049448,0.045291
-3.516e-07,0.049463,0.045262
-3.2526e-07,0.049479,0.045235
-2.989e-07,0.049497,0.045211
-2.7263e-07,0.049515,0.045189
-2.4654e-07,0.049535,0.04517
-2.2073e-07,0.049555,0.045153
-1.9528e-07,0.049577,0.045138
-1.7028e-07,0.0496,0.045127
-1.4579e-07,0.049624,0.045118
-1.2189e-07,0.049648,0.045111
-9.864e-08,0.049674,0.045108
-7.6104e-08,0.0497,0.045107
-5.4333e-08,0.049727,0.045109
-3.3376e-08,0.049755,0.045114
-1.3273e-08,0.049784,0.045122
5.9368e-09,0.049813,0.045133
2.4222e-08,0.049843,0.045147
4.1555e-08,0.049873,0.045163
5.7914e-08,0.049904,0.045182
7.3282e-08,0.049935,0.045205
8.7646e-08,0.049966,0.045229
1.01e-07,0.049998,0.045257
1.1333e-07,0.05003,0.045287
1.2465e-07,0.050062,0.04532
1.3496e-07,0.050093,0.045355
1.4427e-07,0.050125,0.045393
1.5258e-07,0.050156,0.045433
1.5991e-07,0.050187,0.045475
1.6628e-07,0.050218,0.04552
1.7172e-07,0.050248,0.045566
1.7623e-07,0.050278,0.045615
1.7986e-07,0.050307,0.045665
1.8262e-07,0.050335,0.045717
1.8455e-07,0.050363,0.045771
1.8568e-07,0.050389,0.045826
1.8603e-07,0.050415,0.045882
1.8566e-07,0.050439,0.04594
1.8458e-07,0.050462,0.045999
1.8285e-07,0.050484,0.046059
1.8049e-07,0.050504,0.046119
1.7755e-07,0.050522,0.04618
1.7406e-07,0.05054,0.046242
1.7007e-07,0.050555,0.046304
1.656e-07,0.050569,0.046367
1.6071e-07,0.05058,0.04643
1.5543e-07,0.05059,0.046493
1.498e-07,0.050598,0.046555
1.4385e-07,0.050604,0.046618
1.3763e-07,0.050607,0.04668
1.3117e-07,0.050609,0.046742
1.2451e-07,0.050608,0.046804
1.1768e-07,0.050605,0.046865
1.1072e-07,0.050599,0.046925
1.0365e-07,0.050591,0.046985
9.6524e-08,0.050581,0.047044
8.9356e-08,0.050568,0.047102
8.2181e-08,0.050552,0.047159
7.5025e-08,0.050535,0.047214
6.7916e-08,0.050514,0.047269
6.0879e-08,0.050491,0.047323
5.3938e-08,0.050466,0.047375
4.7114e-08,0.050438,0.047426
4.0429e-08,0.050408,0.047475
3.3902e-08,0.050375,0.047523
2.7551e-08,0.05034,0.04757
2.1391e-08,0.050303,0.047615
1.5438e-08,0.050263,0.047659
9.7049e-09,0.050221,0.047701
4.2032e-09,0.050176,0.047741
-1.0565e-09,0.05013,0.04778
-6.0655e-09,0.050081,0.047817
-1.0816e-08,0.050031,0.047852
-1.5302e-08,0.049978,0.047885
-1.9519e-08,0.049924,0.047917
-2.3463e-08,0.049868,0.047946
-2.7131e-08,0.04981,0.047974
-3.0523e-08,0.049751,0.048
-3.3638e-08,0.04969,0.048023
-3.6477e-08,0.049628,0.048045
-3.9043e-08,0.049565,0.048065
-4.1338e-08,0.049501,0.048082
-4.3366e-08,0.049436,0.048098
-4.5131e-08,0.04937,0.048111
-4.664e-08,0.049304,0.048122
-4.7899e-08,0.049237,0.048131
-4.8914e-08,0.04917,0.048138
-4.9693e-08,0.049102,0.048142
-5.0245e-08,0.049035,0.048145
-5.0576e-08,0.048968,0.048145
-5.0698e-08,0.0489,0.048142
-5.0618e-08,0.048834,0.048138
-5.0347e-08,0.048768,0.048131
-4.9895e-08,0.048703,0.048121
-4.9272e-08,0.048638,0.04811
-4.8488e-08,0.048575,0.048096
-4.7554e-08,0.048513,0.04808
-4.6481e-08,0.048452,0.048062
-4.5279e-08,0.048393,0.048041
-4.3959e-08,0.048336,0.048019
-4.2532e-08,0.04828,0.047994
-4.1007e-08,0.048226,0.047967
-3.9396e-08,0.048175,0.047939
-3.7709e-08,0.048125,0.047908
-3.5956e-08,0.048079,0.047875
-3.4146e-08,0.048034,0.047841
-3.2289e-08,0.047992,0.047804
-3.0395e-08,0.047953,0.047767
-2.8473e-08,0.047917,0.047727
-2.6531e-08,0.047884,0.047686
-2.4577e-08,0.047854,0.047644
-2.2621e-08,0.047827,0.047601
-2.0668e-08,0.047803,0.047556
-1.8728e-08,0.047782,0.04751
-1.6806e-08,0.047765,0.047464
-1.4909e-08,0.047751,0.047417
-1.3044e-08,0.04774,0.047369
-1.1215e-08,0.047733,0.04732
-9.4289e-09,0.04773,0.047271
-7.6897e-09,0.04773,0.047222
-6.0021e-09,0.047733,0.047172
-4.3702e-09,0.04774,0.047123
-2.7976e-09,0.047751,0.047074
-1.2876e-09,0.047764,0.047025
1.5703e-10,0.047782,0.046976
1.5337e-09,0.047802,0.046928
2.8403e-09,0.047826,0.04688
4.0752e-09,0.047854,0.046833
5.2369e-09,0.047884,0.046787
6.3245e-09,0.047918,0.046743
7.3372e-09,0.047954,0.046699
8.2746e-09,0.047994,0.046656
9.1367e-09,0.048036,0.046615
9.9236e-09,0.048081,0.046575
1.0636e-08,0.048128,0.046537
1.1274e-08,0.048178,0.0465
1.184e-08,0.04823,0.046465
1.2334e-08,0.048285,0.046432
1.2758e-08,0.048341,0.046401
1.3113e-08,0.048399,0.046371
1.3402e-08,0.048459,0.046344
1.3625e-08,0.048521,0.046319
1.3787e-08,0.048584,0.046295
1.3888e-08,0.048648,0.046274
1.3931e-08,0.048713,0.046255
1.3919e-08,0.048779,0.046238
1.3854e-08,0.048846,0.046224
1.3739e-08,0.048913,0.046212
1.3577e-08,0.04898,0.046201
1.3371e-08,0.049048,0.046194
1.3123e-08,0.049115,0.046188
1.2836e-08,0.049183,0.046185
1.2513e-08,0.04925,0.046183
1.2157e-08,0.049316,0.046184
1.1771e-08,0.049382,0.046187
1.1358e-08,0.049446,0.046193
1.092e-08,0.04951,0.0462
1.0461e-08,0.049572,0.046209
9.9824e-09,0.049633,0.04622
9.4878e-09,0.049692,0.046234
8.9794e-09,0.04975,0.046248
8.4598e-09,0.049805,0.046265
7.9315e-09,0.049859,0.046284
7.3969e-09,0.04991,0.046304
6.8582e-09,0.049959,0.046325
6.3176e-09,0.050006,0.046348
5.7773e-09,0.05005,0.046373
5.2391e-09,0.050091,0.046399
4.7051e-09,0.05013,0.046426
4.1769e-09,0.050165,0.046454
3.6564e-09,0.050198,0.046483
3.1449e-09,0.050228,0.046513
2.6441e-09,0.050254,0.046545
2.1553e-09,0.050277,0.046577
1.6797e-09,0.050297,0.046609
1.2184e-09,0.050314,0.046643
7.7259e-10,0.050327,0.046677
3.4307e-10,0.050337,0.046712
-6.9291e-11,0.050343,0.046747
-4.6377e-10,0.050346,0.046782
-8.3974e-10,0.050345,0.046818
-1.1967e-09,0.050341,0.046855
-1.5341e-09,0.050333,0.046892
-1.8517e-09,0.050321,0.046929
-2.1493e-09,0.050306,0.046966
-2.4265e-09,0.050288,0.047003
-2.6835e-09,0.050266,0.047041
-2.92e-09,0.050241,0.047079
-3.1362e-09,0.050212,0.047117
-3.3321e-09,0.05018,0.047155
-3.5081e-09,0.050145,0.047193
-3.6642e-09,0.050106,0.047231
-3.8009e-09,0.050065,0.04727
-3.9184e-09,0.05002,0.047308
-4.0172e-09,0.049972,0.047347
-4.0976e-09,0.049921,0.047385
-4.1603e-09,0.049868,0.047424
-4.2056e-09,0.049811,0.047463
-4.2342e-09,0.049753,0.047502
-4.2466e-09,0.049691,0.047541
-4.2435e-09,0.049627,0.04758
-4.2253e-09,0.049562,0.04762
-4.1929e-09,0.049494,0.047659
-4.1468e-09,0.049424,0.047699
-4.0877e-09,0.049352,0.047739
-4.0163e-09,0.049278,0.047778
-3.9332e-09,0.049204,0.047819
-3.8391e-09,0.049127,0.047859
-3.7348e-09,0.04905,0.047899
-3.6209e-09,0.048972,0.04794
-3.498e-09,0.048893,0.04798
-3.3669e-09,0.048814,0.048021
-3.2281e-09,0.048734,0.048062
-3.0824e-09,0.048654,0.048103
-2.9303e-09,0.048574,0.048145
-2.7726e-09,0.048494,0.048186
-2.6098e-09,0.048415,0.048227
-2.4424e-09,0.048337,0.048269
-2.2712e-09,0.048259,0.04831
-2.0966e-09,0.048183,0.048351
-1.9192e-09,0.048107,0.048393
-1.7396e-09,0.048034,0.048434
-1.5581e-09,0.047962,0.048475
-1.3755e-09,0.047892,0.048516
-1.192e-09,0.047824,0.048557
-1.0082e-09,0.047759,0.048597
-8.2453e-10,0.047696,0.048637
-6.4141e-10,0.047636,0.048677
-4.5925e-10,0.047579,0.048716
-2.7846e-10,0.047525,0.048755
-9.9408e-11,0.047474,0.048793
7.7533e-11,0.047426,0.04883
2.5201e-10,0.047383,0.048867
4.2367e-10,0.047342,0.048903
5.922e-10,0.047306,0.048938
7.5727e-10,0.047274,0.048972
9.1857e-10,0.047245,0.049005
1.0758e-09,0.047221,0.049037
1.2287e-09,0.047201,0.049069
1.3769e-09,0.047186,0.049099
1.5202e-09,0.047175,0.049127
1.6583e-09,0.047168,0.049155
1.791e-09,0.047165,0.049181
1.9179e-09,0.047168,0.049206
2.0388e-09,0.047174,0.04923
2.1535e-09,0.047185,0.049252
2.2618e-09,0.047201,0.049273
2.3633e-09,0.047221,0.049293
2.4578e-09,0.047245,0.049311
2.5451e-09,0.047273,0.049327
2.6249e-09,0.047306,0.049342
2.6971e-09,0.047343,0.049356
2.7613e-09,0.047384,0.049368
2.8173e-09,0.047429,0.049379
2.8649e-09,0.047478,0.049388
2.9039e-09,0.047531,0.049396
2.934e-09,0.047587,0.049403
2.955e-09,0.047646,0.049408
2.9667e-09,0.047709,0.049412
2.9689e-09,0.047775,0.049415
2.9614e-09,0.047844,0.049417
2.944e-09,0.047916,0.049418
2.9165e-09,0.04799,0.049418
2.8787e-09,0.048067,0.049416
2.8305e-09,0.048146,0.049414
2.7716e-09,0.048227,0.049412
2.7021e-09,0.04831,0.049408
2.6217e-09,0.048394,0.049404
2.5304e-09,0.04848,0.049399
2.428e-09,0.048568,0.049394
2.3146e-09,0.048656,0.049389
2.19e-09,0.048745,0.049383
2.0544e-09,0.048835,0.049378
1.9076e-09,0.048925,0.049372
1.7498e-09,0.049016,0.049366
1.581e-09,0.049107,0.04936
1.4013e-09,0.049197,0.049355
1.211e-09,0.049287,0.049349
1.0101e-09,0.049377,0.049345
7.9897e-10,0.049466,0.04934
5.7782e-10,0.049554,0.049336
3.4697e-10,0.049642,0.049333
1.0678e-10,0.049728,0.04933
-1.4232e-10,0.049813,0.049328
-3.9991e-10,0.049896,0.049327
-6.6545e-10,0.049978,0.049327
-9.3841e-10,0.050058,0.049328
-1.2182e-09,0.050136,0.049329
-1.5041e-09,0.050212,0.049332
-1.7954e-09,0.050286,0.049335
-2.0914e-09,0.050358,0.04934
-2.3913e-09,0.050428,0.049346
-2.6941e-09,0.050495,0.049353
-2.9989e-09,0.050559,0.049361
-3.3048e-09,0.050621,0.04937
-3.6107e-09,0.05068,0.04938
-3.9156e-09,0.050737,0.049392
-4.2182e-09,0.05079,0.049404
-4.5175e-09,0.050841,0.049417
-4.8121e-09,0.050889,0.049432
-5.1009e-09,0.050934,0.049447
-5.3824e-09,0.050976,0.049463
-5.6553e-09,0.051014,0.049481
-5.9183e-09,0.05105,0.049499
-6.1699e-09,0.051082,0.049517
-6.4086e-09,0.051112,0.049537
-6.633e-09,0.051138,0.049557
-6.8416e-09,0.051161,0.049577
-7.0328e-09,0.051181,0.049598
-7.2052e-09,0.051198,0.049619
-7.3571e-09,0.051211,0.04964
-7.4872e-09,0.051222,0.049661
-7.5937e-09,0.051229,0.049682
-7.6754e-09,0.051233,0.049704
-7.7306e-09,0.051234,0.049724
-7.7579e-09,0.051233,0.049745
-7.7559e-09,0.051228,0.049765
-7.7233e-09,0.05122,0.049784
-7.6586e-09,0.05121,0.049802
-7.5606e-09,0.051196,0.04982
-7.4282e-09,0.05118,0.049837
-7.2601e-09,0.051162,0.049852
-7.0554e-09,0.05114,0.049867
-6.8132e-09,0.051117,0.04988
-6.5324e-09,0.05109,0.049891
-6.2125e-09,0.051062,0.049902
-5.8527e-09,0.051031,0.04991
-5.4526e-09,0.050998,0.049917
-5.0118e-09,0.050963,0.049922
-4.5301e-09,0.050926,0.049925
-4.0074e-09,0.050887,0.049927
-3.4438e-09,0.050847,0.049926
-2.8396e-09,0.050804,0.049923
-2.1951e-09,0.05076,0.049918
-1.511e-09,0.050715,0.049912
-7.8811e-10,0.050668,0.049903
-2.7345e-11,0.050621,0.049891
7.7008e-10,0.050572,0.049878
1.6028e-09,0.050521,0.049863
2.4692e-09,0.050471,0.049845
3.3674e-09,0.050419,0.049826
4.2955e-09,0.050366,0.049804
5.2511e-09,0.050313,0.049781
6.2319e-09,0.05026,0.049755
7.2351e-09,0.050206,0.049727
8.2578e-09,0.050152,0.049698
9.2969e-09,0.050097,0.049667
1.0349e-08,0.050043,0.049634
1.1411e-08,0.049988,0.0496
1.2478e-08,0.049933,0.049563
1.3547e-08,0.049879,0.049526
1.4613e-08,0.049825,0.049487
1.5673e-08,0.049771,0.049447
1.6721e-08,0.049718,0.049406
1.7753e-08,0.049664,0.049364
1.8763e-08,0.049612,0.049321
1.9747e-08,0.049559,0.049277
2.07e-08,0.049508,0.049233
2.1616e-08,0.049457,0.049188
2.2489e-08,0.049406,0.049143
2.3314e-08,0.049356,0.049097
2.4086e-08,0.049307,0.049052
2.4798e-08,0.049258,0.049006
2.5446e-08,0.04921,0.048961
2.6022e-08,0.049163,0.048916
2.6521e-08,0.049116,0.048871
2.6938e-08,0.04907,0.048828
2.7267e-08,0.049025,0.048784
2.7502e-08,0.04898,0.048742
2.7637e-08,0.048936,0.0487
2.7667e-08,0.048892,0.04866
2.7587e-08,0.04885,0.048621
2.7392e-08,0.048807,0.048583
2.7077e-08,0.048765,0.048547
2.6637e-08,0.048724,0.048512
2.6068e-08,0.048683,0.048479
2.5366e-08,0.048642,0.048447
2.4527e-08,0.048602,0.048418
2.3547e-08,0.048563,0.04839
2.2425e-08,0.048524,0.048364
2.1157e-08,0.048485,0.048341
1.9741e-08,0.048446,0.048319
1.8176e-08,0.048408,0.0483
1.646e-08,0.04837,0.048283
1.4594e-08,0.048333,0.048268
1.2577e-08,0.048295,0.048255
1.0411e-08,0.048258,0.048245
8.0955e-09,0.048222,0.048237
5.6339e-09,0.048185,0.048231
3.0286e-09,0.048149,0.048228
2.8292e-10,0.048113,0.048227
-2.5988e-09,0.048078,0.048228
-5.6117e-09,0.048042,0.048231
-8.75e-09,0.048008,0.048236
-1.2007e-08,0.047973,0.048244
-1.5376e-08,0.047939,0.048253
-1.8848e-08,0.047905,0.048265
-2.2415e-08,0.047872,0.048278
-2.6067e-08,0.047839,0.048293
-2.9793e-08,0.047807,0.04831
-3.3582e-08,0.047775,0.048328
-3.7421e-08,0.047744,0.048348
-4.1298e-08,0.047714,0.048369
-4.5199e-08,0.047684,0.048391
-4.9109e-08,0.047655,0.048415
-5.3012e-08,0.047627,0.048439
-5.6894e-08,0.047599,0.048465
-6.0736e-08,0.047573,0.048491
-6.4522e-08,0.047548,0.048518
-6.8234e-08,0.047523,0.048546
-7.1852e-08,0.0475,0.048573
-7.5358e-08,0.047478,0.048602
-7.8731e-08,0.047457,0.04863
-8.1953e-08,0.047437,0.048658
-8.5001e-08,0.047419,0.048687
-8.7856e-08,0.047402,0.048715
-9.0497e-08,0.047386,0.048743
-9.2901e-08,0.047372,0.04877
-9.5048e-08,0.04736,0.048797
-9.6916e-08,0.047349,0.048823
-9.8485e-08,0.047339,0.048849
-9.9732e-08,0.047332,0.048873
-1.0064e-07,0.047325,0.048897
-1.0118e-07,0.047321,0.04892
-1.0134e-07,0.047318,0.048942
-1.011e-07,0.047317,0.048962
-1.0044e-07,0.047317,0.048982
-9.9339e-08,0.047319,0.049
-9.7783e-08,0.047323,0.049017
-9.5755e-08,0.047328,0.049032
-9.324e-08,0.047335,0.049046
-9.0224e-08,0.047344,0.049059
-8.6695e-08,0.047354,0.04907
-8.2641e-08,0.047365,0.04908
-7.8054e-08,0.047378,0.049089
-7.2925e-08,0.047393,0.049096
-6.7249e-08,0.047408,0.049102
-6.1021e-08,0.047425,0.049106
-5.424e-08,0.047444,0.049109
-4.6905e-08,0.047463,0.049111
-3.902e-08,0.047483,0.049112
-3.0589e-08,0.047505,0.049112
-2.1619e-08,0.047527,0.04911
-1.212e-08,0.04755,0.049107
-2.1044e-09,0.047574,0.049104
8.4132e-09,0.047599,0.049099
1.9415e-08,0.047624,0.049094
3.0879e-08,0.04765,0.049089
4.2784e-08,0.047676,0.049082
5.5101e-08,0.047703,0.049076
6.7802e-08,0.04773,0.049068
8.0855e-08,0.047758,0.049061
9.4223e-08,0.047785,0.049054
1.0787e-07,0.047813,0.049046
1.2175e-07,0.04784,0.049039
1.3582e-07,0.047868,0.049032
1.5004e-07,0.047896,0.049025
1.6435e-07,0.047924,0.049019
1.787e-07,0.047951,0.049013
1.9303e-07,0.047978,0.049008
2.0729e-07,0.048005,0.049004
2.2142e-07,0.048032,0.049001
2.3534e-07,0.048058,0.048998
2.49e-07,0.048084,0.048997
2.6232e-07,0.04811,0.048997
2.7524e-07,0.048135,0.048998
2.8768e-07,0.04816,0.049
2.9957e-07,0.048184,0.049004
3.1084e-07,0.048208,0.049009
3.214e-07,0.048231,0.049016
3.3119e-07,0.048253,0.049024
3.4012e-07,0.048275,0.049033
3.4811e-07,0.048297,0.049044
3.5508e-07,0.048317,0.049057
3.6097e-07,0.048338,0.049072
3.6569e-07,0.048357,0.049088
3.6915e-07,0.048376,0.049105
3.713e-07,0.048394,0.049125
3.7205e-07,0.048412,0.049146
3.7134e-07,0.048429,0.049168
3.6908e-07,0.048445,0.049192
3.6523e-07,0.048461,0.049218
3.597e-07,0.048476,0.049245
3.5246e-07,0.04849,0.049274
3.4342e-07,0.048504,0.049304
3.3256e-07,0.048517,0.049335
3.1981e-07,0.04853,0.049368
3.0515e-07,0.048542,0.049402
2.8852e-07,0.048554,0.049437
2.6992e-07,0.048565,0.049473
2.493e-07,0.048575,0.049511
2.2666e-07,0.048585,0.049549
2.0199e-07,0.048595,0.049588
1.7529e-07,0.048604,0.049629
1.4656e-07,0.048612,0.04967
1.1582e-07,0.04862,0.049712
8.3106e-08,0.048628,0.049754
4.844e-08,0.048635,0.049797
1.1871e-08,0.048642,0.049841
-2.6548e-08,0.048648,0.049884
-6.6752e-08,0.048654,0.049929
-1.0867e-07,0.04866,0.049973
-1.5221e-07,0.048665,0.050018
-1.9728e-07,0.048669,0.050063
-2.4377e-07,0.048674,0.050108
-2.9157e-07,0.048678,0.050153
-3.4055e-07,0.048681,0.050198
-3.9056e-07,0.048684,0.050243
-4.4146e-07,0.048686,0.050287
-4.9309e-07,0.048689,0.050332
-5.4526e-07,0.04869,0.050376
-5.978e-07,0.048692,0.050419
-6.5051e-07,0.048692,0.050462
-7.0319e-07,0.048693,0.050505
-7.5563e-07,0.048693,0.050547
-8.076e-07,0.048692,0.050589
-8.5886e-07,0.048691,0.050629
-9.0919e-07,0.04869,0.05067
-9.5831e-07,0.048688,0.050709
-1.006e-06,0.048686,0.050748
-1.052e-06,0.048683,0.050786
-1.0959e-06,0.04868,0.050823
-1.1377e-06,0.048676,0.050859
-1.1768e-06,0.048672,0.050894
-1.2132e-06,0.048667,0.050929
-1.2465e-06,0.048662,0.050962
-1.2763e-06,0.048656,0.050995
-1.3025e-06,0.04865,0.051027
-1.3247e-06,0.048644,0.051058
-1.3427e-06,0.048637,0.051088
-1.3561e-06,0.04863,0.051117
-1.3647e-06,0.048623,0.051145
-1.3683e-06,0.048615,0.051173
-1.3665e-06,0.048607,0.051199
-1.3591e-06,0.048598,0.051225
-1.3458e-06,0.048589,0.05125
-1.3265e-06,0.04858,0.051274
-1.3009e-06,0.048571,0.051297
-1.2688e-06,0.048562,0.05132
-1.23e-06,0.048552,0.051342
-1.1843e-06,0.048543,0.051363
-1.1317e-06,0.048533,0.051384
-1.0719e-06,0.048523,0.051404
-1.0048e-06,0.048513,0.051424
-9.3038e-07,0.048503,0.051443
-8.4859e-07,0.048493,0.051462
-7.5937e-07,0.048484,0.05148
-6.6272e-07,0.048474,0.051498
-5.5868e-07,0.048464,0.051515
-4.4729e-07,0.048455,0.051533
-3.2865e-07,0.048446,0.05155
-2.0288e-07,0.048437,0.051567
-7.0155e-08,0.048428,0.051584
6.9343e-08,0.04842,0.051601
2.1538e-07,0.048412,0.051618
3.6767e-07,0.048405,0.051635
5.2592e-07,0.048397,0.051652
6.8977e-07,0.048391,0.051669
8.5884e-07,0.048385,0.051686
1.0327e-06,0.048379,0.051703
1.2108e-06,0.048374,0.051721
1.3928e-06,0.04837,0.051739
1.578e-06,0.048366,0.051757
1.7659e-06,0.048363,0.051775
1.9558e-06,0.04836,0.051794
2.147e-06,0.048359,0.051813
2.3389e-06,0.048358,0.051833
2.5306e-06,0.048358,0.051853
2.7215e-06,0.048359,0.051873
2.9106e-06,0.04836,0.051894
3.0972e-06,0.048363,0.051915
3.2803e-06,0.048367,0.051936
3.459e-06,0.048371,0.051958
3.6325e-06,0.048377,0.051981
3.7996e-06,0.048383,0.052003
3.9594e-06,0.048391,0.052027
4.111e-06,0.0484,0.05205
4.2533e-06,0.04841,0.052074
4.3852e-06,0.048421,0.052098
4.5057e-06,0.048433,0.052123
4.6138e-06,0.048446,0.052147
4.7083e-06,0.048461,0.052172
4.7883e-06,0.048477,0.052197
4.8527e-06,0.048495,0.052222
4.9004e-06,0.048513,0.052247
4.9305e-06,0.048534,0.052272
4.9419e-06,0.048555,0.052297
4.9337e-06,0.048578,0.052321
4.9049e-06,0.048603,0.052346
4.8547e-06,0.048628,0.05237
4.7822e-06,0.048656,0.052393
4.6865e-06,0.048685,0.052416
4.5669e-06,0.048715,0.052439
4.4228e-06,0.048747,0.05246
4.2535e-06,0.048781,0.052481
4.0584e-06,0.048816,0.052501
3.837e-06,0.048853,0.05252
3.589e-06,0.048891,0.052538
3.3141e-06,0.048931,0.052555
3.0121e-06,0.048972,0.05257
2.6827e-06,0.049015,0.052585
2.3261e-06,0.049059,0.052597
1.9424e-06,0.049105,0.052608
1.5317e-06,0.049153,0.052618
1.0944e-06,0.049202,0.052626
6.3103e-07,0.049252,0.052632
1.4214e-07,0.049304,0.052637
-3.7151e-07,0.049356,0.052639
-9.0905e-07,0.049411,0.05264
-1.4694e-06,0.049466,0.052638
-2.0515e-06,0.049523,0.052635
-2.654e-06,0.04958,0.05263
-3.2753e-06,0.049639,0.052622
-3.9139e-06,0.049698,0.052613
-4.5681e-06,0.049759,0.052601
-5.2357e-06,0.04982,0.052587
-5.9149e-06,0.049881,0.052571
-6.6032e-06,0.049944,0.052553
-7.2984e-06,0.050006,0.052533
-7.9979e-06,0.050069,0.052511
-8.6989e-06,0.050132,0.052487
-9.3986e-06,0.050195,0.052461
-1.0094e-05,0.050258,0.052433
-1.0782e-05,0.050321,0.052404
-1.1459e-05,0.050384,0.052373
-1.2123e-05,0.050446,0.05234
-1.2768e-05,0.050507,0.052305
-1.3392e-05,0.050568,0.05227
-1.3992e-05,0.050627,0.052233
-1.4562e-05,0.050686,0.052195
-1.51e-05,0.050744,0.052155
-1.5601e-05,0.0508,0.052115
-1.6061e-05,0.050854,0.052075
-1.6476e-05,0.050908,0.052033
-1.6842e-05,0.050959,0.051991
-1.7154e-05,0.051008,0.051949
-1.7409e-05,0.051056,0.051907
-1.7602e-05,0.051101,0.051865
-1.7729e-05,0.051144,0.051823
-1.7786e-05,0.051185,0.051782
-1.7768e-05,0.051223,0.051741
-1.7673e-05,0.051258,0.0517
-1.7494e-05,0.051291,0.051661
-1.723e-05,0.051321,0.051622
-1.6876e-05,0.051348,0.051585
-1.6428e-05,0.051372,0.05155
-1.5883e-05,0.051393,0.051515
-1.5238e-05,0.05141,0.051483
-1.4489e-05,0.051425,0.051452
-1.3635e-05,0.051436,0.051423
-1.2671e-05,0.051444,0.051397
-1.1596e-05,0.051448,0.051373
-1.0408e-05,0.051449,0.051351
-9.105e-06,0.051446,0.051331
-7.6851e-06,0.05144,0.051315
-6.1474e-06,0.05143,0.051301
-4.4911e-06,0.051417,0.05129
-2.7157e-06,0.051401,0.051281
-8.2114e-07,0.05138,0.051276
1.1923e-06,0.051357,0.051274
3.3239e-06,0.05133,0.051275
5.5725e-06,0.051299,0.05128
7.9366e-06,0.051266,0.051287
1.0414e-05,0.051229,0.051298
1.3003e-05,0.051189,0.051312
1.5699e-05,0.051145,0.05133
1.8501e-05,0.051099,0.05135
2.1403e-05,0.05105,0.051375
2.4402e-05,0.050998,0.051402
2.7492e-05,0.050943,0.051433
3.067e-05,0.050886,0.051467
3.3928e-05,0.050826,0.051504
3.726e-05,0.050764,0.051545
4.0662e-05,0.0507,0.051588
4.4124e-05,0.050633,0.051635
4.7639e-05,0.050565,0.051685
5.1201e-05,0.050495,0.051737
5.48e-05,0.050423,0.051792
5.8428e-05,0.05035,0.05185
6.2076e-05,0.050276,0.051911
6.5735e-05,0.050201,0.051974
6.9395e-05,0.050125,0.052039
7.3046e-05,0.050048,0.052107
7.6678e-05,0.04997,0.052177
8.0282e-05,0.049892,0.052248
8.3846e-05,0.049814,0.052322
8.736e-05,0.049736,0.052397
9.0813e-05,0.049658,0.052473
9.4195e-05,0.04958,0.052551
9.7496e-05,0.049502,0.05263
0.0001007,0.049425,0.05271
0.00010381,0.049349,0.052791
0.0001068,0.049274,0.052873
0.00010967,0.0492,0.052955
0.00011241,0.049127,0.053038
0.000115,0.049056,0.053121
0.00011744,0.048985,0.053204
0.00011972,0.048917,0.053286
0.00012184,0.04885,0.053369
0.00012377,0.048786,0.053451
0.00012553,0.048723,0.053532
0.00012709,0.048662,0.053613
0.00012846,0.048604,0.053693
0.00012962,0.048548,0.053772
0.00013058,0.048494,0.053849
0.00013133,0.048443,0.053925
0.00013187,0.048394,0.054
0.00013219,0.048349,0.054073
0.0001323,0.048305,0.054145
0.00013219,0.048265,0.054214
0.00013187,0.048228,0.054282
0.00013133,0.048194,0.054347
0.00013058,0.048162,0.05441
0.00012962,0.048134,0.054471
0.00012846,0.048109,0.05453
0.00012709,0.048087,0.054586
0.00012553,0.048068,0.05464
0.00012377,0.048052,0.054691
0.00012184,0.048039,0.054739
0.00011972,0.04803,0.054785
0.00011744,0.048023,0.054828
0.000115,0.04802,0.054868
0.00011241,0.04802,0.054906
0.00010967,0.048023,0.05494
0.0001068,0.04803,0.054972
0.00010381,0.048039,0.055001
0.0001007,0.048051,0.055027
9.7496e-05,0.048067,0.05505
9.4195e-05,0.048085,0.055071
9.0813e-05,0.048106,0.055088
8.736e-05,0.04813,0.055103
8.3846e-05,0.048156,0.055115
8.0282e-05,0.048185,0.055125
7.6678e-05,0.048217,0.055131
7.3046e-05,0.048251,0.055136
6.9395e-05,0.048288,0.055137
6.5735e-05,0.048326,0.055137
6.2076e-05,0.048367,0.055134
5.8428e-05,0.04841,0.055128
5.48e-05,0.048455,0.055121
5.1201e-05,0.048501,0.055111
4.7639e-05,0.04855,0.0551
4.4124e-05,0.048599,0.055086
4.0662e-05,0.048651,0.055071
3.726e-05,0.048703,0.055054
3.3928e-05,0.048756,0.055035
3.067e-05,0.048811,0.055016
2.7492e-05,0.048866,0.054994
2.4402e-05,0.048922,0.054972
2.1403e-05,0.048978,0.054948
1.8501e-05,0.049035,0.054924
1.5699e-05,0.049092,0.054898
1.3003e-05,0.049148,0.054872
1.0414e-05,0.049205,0.054845
7.9366e-06,0.049261,0.054818
5.5725e-06,0.049317,0.05479
3.3239e-06,0.049372,0.054762
1.1923e-06,0.049427,0.054734
-8.2114e-07,0.04948,0.054706
-2.7157e-06,0.049533,0.054678
-4.4911e-06,0.049584,0.05465
-6.1474e-06,0.049634,0.054622
-7.6851e-06,0.049683,0.054595
-9.105e-06,0.049729,0.054568
-1.0408e-05,0.049774,0.054542
-1.1596e-05,0.049818,0.054516
-1.2671e-05,0.049859,0.054491
-1.3635e-05,0.049898,0.054466
-1.4489e-05,0.049935,0.054443
-1.5238e-05,0.049969,0.05442
-1.5883e-05,0.050002,0.054399
-1.6428e-05,0.050031,0.054378
-1.6876e-05,0.050059,0.054359
-1.723e-05,0.050083,0.054341
-1.7494e-05,0.050105,0.054323
-1.7673e-05,0.050125,0.054307
-1.7768e-05,0.050141,0.054293
-1.7786e-05,0.050155,0.054279
-1.7729e-05,0.050166,0.054267
-1.7602e-05,0.050174,0.054256
-1.7409e-05,0.050179,0.054246
-1.7154e-05,0.050182,0.054238
-1.6842e-05,0.050182,0.054231
-1.6476e-05,0.050179,0.054225
-1.6061e-05,0.050173,0.05422
-1.5601e-05,0.050164,0.054217
-1.51e-05,0.050153,0.054214
-1.4562e-05,0.050139,0.054213
-1.3992e-05,0.050123,0.054213
-1.3392e-05,0.050104,0.054214
-1.2768e-05,0.050082,0.054216
-1.2123e-05,0.050059,0.054219
-1.1459e-05,0.050032,0.054223
-1.0782e-05,0.050004,0.054228
-1.0094e-05,0.049974,0.054233
-9.3986e-06,0.049942,0.054239
-8.6989e-06,0.049908,0.054246
-7.9979e-06,0.049872,0.054253
-7.2984e-06,0.049834,0.05426
-6.6032e-06,0.049795,0.054268
-5.9149e-06,0.049755,0.054276
-5.2357e-06,0.049713,0.054284
-4.5681e-06,0.04967,0.054291
-3.9139e-06,0.049626,0.054299
-3.2753e-06,0.049581,0.054306
-2.654e-06,0.049535,0.054313
-2.0515e-06,0.049489,0.05432
-1.4694e-06,0.049442,0.054326
-9.0905e-07,0.049395,0.054331
-3.7151e-07,0.049348,0.054336
1.4214e-07,0.049301,0.054339
6.3103e-07,0.049253,0.054342
1.0944e-06,0.049206,0.054344
1.5317e-06,0.049159,0.054344
1.9424e-06,0.049113,0.054343
2.3261e-06,0.049067,0.054341
2.6827e-06,0.049022,0.054337
3.0121e-06,0.048977,0.054332
3.3141e-06,0.048934,0.054325
3.589e-06,0.048892,0.054317
3.837e-06,0.04885,0.054306
4.0584e-06,0.04881,0.054294
4.2535e-06,0.048772,0.054281
4.4228e-06,0.048735,0.054265
4.5669e-06,0.048699,0.054247
4.6865e-06,0.048665,0.054228
4.7822e-06,0.048633,0.054206
4.8547e-06,0.048602,0.054183
4.9049e-06,0.048574,0.054157
4.9337e-06,0.048547,0.05413
4.9419e-06,0.048522,0.0541
4.9305e-06,0.048499,0.054068
4.9004e-06,0.048479,0.054035
4.8527e-06,0.04846,0.053999
4.7883e-06,0.048444,0.053962
4.7083e-06,0.048429,0.053922
4.6138e-06,0.048417,0.053881
4.5057e-06,0.048407,0.053838
4.3852e-06,0.048399,0.053793
4.2533e-06,0.048394,0.053746
4.111e-06,0.04839,0.053698
3.9594e-06,0.048389,0.053648
3.7996e-06,0.04839,0.053597
3.6324e-06,0.048393,0.053544
3.459e-06,0.048398,0.053489
3.2803e-06,0.048405,0.053434
3.0972e-06,0.048413,0.053377
2.9106e-06,0.048424,0.053319
2.7215e-06,0.048437,0.05326
2.5306e-06,0.048451,0.053201
2.3388e-06,0.048467,0.05314
2.147e-06,0.048485,0.053079
1.9558e-06,0.048504,0.053017
1.7659e-06,0.048525,0.052955
1.578e-06,0.048547,0.052893
1.3928e-06,0.04857,0.05283
1.2108e-06,0.048594,0.052767
1.0327e-06,0.048619,0.052705
8.5884e-07,0.048646,0.052642
6.8977e-07,0.048673,0.05258
5.2592e-07,0.048701,0.052519
3.6767e-07,0.048729,0.052457
2.1538e-07,0.048758,0.052397
6.9343e-08,0.048787,0.052338
-7.0154e-08,0.048817,0.052279
-2.0288e-07,0.048847,0.052222
-3.2865e-07,0.048876,0.052166
-4.4729e-07,0.048906,0.052111
-5.5868e-07,0.048936,0.052058
-6.6272e-07,0.048965,0.052006
-7.5937e-07,0.048994,0.051956
-8.4859e-07,0.049023,0.051908
-9.3038e-07,0.049051,0.051862
-1.0048e-06,0.049078,0.051818
-1.0719e-06,0.049105,0.051777
-1.1317e-06,0.049131,0.051738
-1.1843e-06,0.049156,0.051701
-1.23e-06,0.04918,0.051667
-1.2688e-06,0.049203,0.051635
-1.3009e-06,0.049225,0.051606
-1.3265e-06,0.049246,0.05158
-1.3458e-06,0.049266,0.051557
-1.3591e-06,0.049285,0.051537
-1.3665e-06,0.049303,0.05152
-1.3683e-06,0.049319,0.051506
-1.3647e-06,0.049335,0.051495
-1.3561e-06,0.049349,0.051487
-1.3427e-06,0.049362,0.051483
-1.3247e-06,0.049374,0.051481
-1.3025e-06,0.049384,0.051483
-1.2763e-06,0.049394,0.051489
-1.2465e-06,0.049402,0.051497
-1.2132e-06,0.04941,0.051508
-1.1768e-06,0.049416,0.051523
-1.1377e-06,0.049421,0.051541
-1.0959e-06,0.049426,0.051562
-1.052e-06,0.049429,0.051586
-1.006e-06,0.049432,0.051612
-9.5831e-07,0.049434,0.051642
-9.0918e-07,0.049435,0.051674
-8.5886e-07,0.049435,0.051709
-8.076e-07,0.049435,0.051747
-7.5563e-07,0.049434,0.051787
-7.0319e-07,0.049433,0.051829
-6.5051e-07,0.049432,0.051873
-5.978e-07,0.04943,0.05192
-5.4526e-07,0.049428,0.051968
-4.9308e-07,0.049426,0.052018
-4.4146e-07,0.049423,0.052069
-3.9056e-07,0.049421,0.052121
-3.4055e-07,0.049418,0.052175
-2.9157e-07,0.049415,0.05223
-2.4377e-07,0.049413,0.052285
-1.9728e-07,0.049411,0.052341
-1.5221e-07,0.049408,0.052398
-1.0867e-07,0.049406,0.052454
-6.6753e-08,0.049405,0.052511
-2.6549e-08,0.049403,0.052567
1.187e-08,0.049402,0.052623
4.8439e-08,0.049401,0.052678
8.3105e-08,0.049401,0.052733
1.1582e-07,0.049401,0.052786
1.4656e-07,0.049401,0.052839
1.7528e-07,0.049402,0.05289
2.0199e-07,0.049403,0.052939
2.2666e-07,0.049404,0.052987
2.493e-07,0.049407,0.053033
2.6991e-07,0.049409,0.053077
2.8852e-07,0.049412,0.053119
3.0514e-07,0.049415,0.053158
3.1981e-07,0.049419,0.053196
3.3255e-07,0.049423,0.053231
3.4342e-07,0.049428,0.053263
3.5245e-07,0.049433,0.053293
3.597e-07,0.049438,0.05332
3.6522e-07,0.049444,0.053345
3.6908e-07,0.04945,0.053367
3.7133e-07,0.049456,0.053386
3.7205e-07,0.049463,0.053402
3.713e-07,0.04947,0.053416
3.6915e-07,0.049478,0.053427
3.6568e-07,0.049485,0.053435
3.6096e-07,0.049493,0.05344
3.5508e-07,0.049502,0.053443
3.481e-07,0.04951,0.053444
3.4011e-07,0.049519,0.053442
3.3118e-07,0.049527,0.053438
3.214e-07,0.049536,0.053431
3.1084e-07,0.049546,0.053423
2.9957e-07,0.049555,0.053412
2.8768e-07,0.049564,0.0534
2.7524e-07,0.049573,0.053386
2.6232e-07,0.049582,0.05337
2.4899e-07,0.049591,0.053353
2.3534e-07,0.0496,0.053334
2.2141e-07,0.049609,0.053315
2.0729e-07,0.049618,0.053294
1.9303e-07,0.049626,0.053273
1.787e-07,0.049634,0.053251
1.6435e-07,0.049641,0.053229
1.5004e-07,0.049648,0.053206
1.3582e-07,0.049655,0.053183
1.2175e-07,0.049661,0.05316
1.0787e-07,0.049666,0.053138
9.4222e-08,0.04967,0.053115
8.0854e-08,0.049674,0.053094
6.7802e-08,0.049677,0.053073
5.5101e-08,0.049679,0.053052
4.2784e-08,0.04968,0.053033
3.088e-08,0.04968,0.053015
1.9416e-08,0.049678,0.052998
8.4154e-09,0.049676,0.052982
-2.1015e-09,0.049672,0.052968
-1.2117e-08,0.049667,0.052955
-2.1615e-08,0.049661,0.052944
-3.0584e-08,0.049654,0.052934
-3.9015e-08,0.049645,0.052926
-4.6899e-08,0.049634,0.05292
-5.4232e-08,0.049623,0.052916
-6.1013e-08,0.049609,0.052914
-6.724e-08,0.049594,0.052914
-7.2915e-08,0.049578,0.052915
-7.8043e-08,0.04956,0.052919
-8.263e-08,0.04954,0.052924
-8.6682e-08,0.049519,0.052932
-9.0211e-08,0.049496,0.052941
-9.3226e-08,0.049471,0.052952
-9.5741e-08,0.049445,0.052966
-9.7768e-08,0.049417,0.052981
-9.9323e-08,0.049388,0.052997
-1.0042e-07,0.049357,0.053016
-1.0108e-07,0.049324,0.053036
-1.0132e-07,0.04929,0.053058
-1.0116e-07,0.049254,0.053081
-1.0062e-07,0.049216,0.053106
-9.9713e-08,0.049178,0.053132
-9.8465e-08,0.049137,0.05316
-9.6896e-08,0.049095,0.053188
-9.5027e-08,0.049052,0.053218
-9.288e-08,0.049007,0.053249
-9.0476e-08,0.048961,0.053281
-8.7836e-08,0.048914,0.053314
-8.4981e-08,0.048865,0.053347
-8.1932e-08,0.048816,0.053382
-7.8711e-08,0.048765,0.053417
-7.5338e-08,0.048713,0.053452
-7.1832e-08,0.048661,0.053488
-6.8215e-08,0.048607,0.053524
-6.4504e-08,0.048552,0.05356
-6.0718e-08,0.048497,0.053597
-5.6877e-08,0.048441,0.053633
-5.2996e-08,0.048385,0.05367
-4.9093e-08,0.048328,0.053707
-4.5185e-08,0.04827,0.053743
-4.1285e-08,0.048212,0.05378
-3.7409e-08,0.048154,0.053816
-3.3572e-08,0.048095,0.053852
-2.9784e-08,0.048036,0.053887
-2.606e-08,0.047977,0.053922
-2.241e-08,0.047919,0.053957
-1.8845e-08,0.04786,0.053992
-1.5375e-08,0.047801,0.054026
-1.2008e-08,0.047743,0.054059
-8.7532e-09,0.047685,0.054092
-5.6172e-09,0.047627,0.054125
-2.6067e-09,0.047569,0.054157
2.7251e-10,0.047513,0.054189
3.0156e-09,0.047457,0.05422
5.6183e-09,0.047401,0.054251
8.0772e-09,0.047346,0.054282
1.039e-08,0.047292,0.054311
1.2553e-08,0.047239,0.054341
1.4567e-08,0.047187,0.05437
1.6431e-08,0.047136,0.054399
1.8143e-08,0.047086,0.054428
1.9705e-08,0.047038,0.054456
2.1118e-08,0.04699,0.054484
2.2383e-08,0.046944,0.054511
2.3503e-08,0.046899,0.054539
2.448e-08,0.046856,0.054566
2.5316e-08,0.046814,0.054593
2.6015e-08,0.046773,0.05462
2.6582e-08,0.046734,0.054646
2.7019e-08,0.046697,0.054673
2.7332e-08,0.046662,0.054699
2.7525e-08,0.046628,0.054726
2.7602e-08,0.046596,0.054752
2.757e-08,0.046565,0.054778
2.7433e-08,0.046537,0.054804
2.7196e-08,0.04651,0.05483
2.6866e-08,0.046485,0.054856
2.6448e-08,0.046462,0.054882
2.5947e-08,0.04644,0.054907
2.537e-08,0.04642,0.054933
2.4723e-08,0.046403,0.054958
2.401e-08,0.046386,0.054984
2.3238e-08,0.046372,0.055009
2.2413e-08,0.046359,0.055034
2.1541e-08,0.046347,0.055058
2.0626e-08,0.046337,0.055083
1.9675e-08,0.046329,0.055108
1.8692e-08,0.046321,0.055132
1.7684e-08,0.046315,0.055156
1.6654e-08,0.04631,0.05518
1.5609e-08,0.046307,0.055204
1.4553e-08,0.046304,0.055227
1.349e-08,0.046301,0.055251
1.2425e-08,0.0463,0.055274
1.1363e-08,0.046299,0.055297
1.0306e-08,0.046298,0.05532
9.2592e-09,0.046298,0.055343
8.2258e-09,0.046298,0.055366
7.2093e-09,0.046298,0.055389
6.2126e-09,0.046298,0.055412
5.2388e-09,0.046298,0.055435
4.2905e-09,0.046297,0.055458
3.3701e-09,0.046297,0.055482
2.48e-09,0.046295,0.055505
1.6221e-09,0.046293,0.055529
7.9818e-10,0.04629,0.055554
9.8722e-12,0.046287,0.055578
-7.4148e-10,0.046282,0.055604
-1.4547e-09,0.046277,0.055629
-2.1289e-09,0.046271,0.055655
-2.7632e-09,0.046264,0.055682
-3.3571e-09,0.046255,0.05571
-3.9101e-09,0.046246,0.055738
-4.4222e-09,0.046236,0.055767
-4.8932e-09,0.046225,0.055797
-5.3232e-09,0.046212,0.055828
-5.7125e-09,0.046199,0.055859
-6.0615e-09,0.046185,0.055892
-6.3708e-09,0.04617,0.055925
-6.641e-09,0.046154,0.05596
-6.873e-09,0.046138,0.055995
-7.0676e-09,0.046121,0.056031
-7.2258e-09,0.046104,0.056068
-7.3487e-09,0.046087,0.056106
-7.4375e-09,0.04607,0.056145
-7.4935e-09,0.046052,0.056185
-7.518e-09,0.046035,0.056225
-7.5124e-09,0.046019,0.056266
-7.4781e-09,0.046003,0.056308
-7.4165e-09,0.045988,0.05635
-7.3293e-09,0.045974,0.056393
-7.2179e-09,0.045962,0.056436
-7.084e-09,0.045951,0.056479
-6.929e-09,0.045941,0.056522
-6.7546e-09,0.045934,0.056566
-6.5623e-09,0.045929,0.056609
-6.3538e-09,0.045926,0.056651
-6.1306e-09,0.045926,0.056694
-5.8942e-09,0.045929,0.056735
-5.6462e-09,0.045934,0.056776
-5.3881e-09,0.045943,0.056815
-5.1213e-09,0.045955,0.056854
-4.8473e-09,0.045971,0.056891
-4.5675e-09,0.045991,0.056927
-4.2833e-09,0.046014,0.056961
-3.9958e-09,0.046041,0.056993
-3.7065e-09,0.046073,0.057023
-3.4164e-09,0.046109,0.057051
-3.1268e-09,0.046149,0.057077
-2.8388e-09,0.046193,0.0571
-2.5533e-09,0.046242,0.05712
-2.2714e-09,0.046295,0.057138
-1.994e-09,0.046352,0.057153
-1.7219e-09,0.046414,0.057165
-1.4559e-09,0.04648,0.057174
-1.1969e-09,0.04655,0.057179
-9.4532e-10,0.046624,0.057182
-7.0196e-10,0.046703,0.057181
-4.6732e-10,0.046785,0.057176
-2.419e-10,0.04687,0.057168
-2.6127e-11,0.04696,0.057157
1.7961e-10,0.047052,0.057142
3.75e-10,0.047148,0.057124
5.5977e-10,0.047246,0.057102
7.337e-10,0.047347,0.057077
8.9664e-10,0.04745,0.057049
1.0485e-09,0.047556,0.057017
1.1891e-09,0.047663,0.056983
1.3186e-09,0.047771,0.056945
1.4369e-09,0.047881,0.056904
1.5441e-09,0.047991,0.05686
1.6403e-09,0.048102,0.056814
1.7257e-09,0.048213,0.056765
1.8004e-09,0.048324,0.056714
1.8647e-09,0.048435,0.05666
1.9188e-09,0.048545,0.056605
1.9629e-09,0.048654,0.056547
1.9974e-09,0.048762,0.056488
2.0225e-09,0.048868,0.056428
2.0387e-09,0.048973,0.056366
2.0463e-09,0.049075,0.056304
2.0456e-09,0.049175,0.05624
2.0371e-09,0.049273,0.056176
2.0211e-09,0.049367,0.056112
1.9981e-09,0.049459,0.056048
1.9685e-09,0.049548,0.055984
1.9326e-09,0.049633,0.05592
1.891e-09,0.049715,0.055857
1.8441e-09,0.049793,0.055795
1.7923e-09,0.049868,0.055734
1.7359e-09,0.049938,0.055674
1.6756e-09,0.050005,0.055616
1.6116e-09,0.050068,0.05556
1.5444e-09,0.050126,0.055505
1.4745e-09,0.050181,0.055453
1.4021e-09,0.050231,0.055403
1.3278e-09,0.050277,0.055355
1.2518e-09,0.050319,0.05531
1.1745e-09,0.050357,0.055268
1.0964e-09,0.050391,0.055229
1.0178e-09,0.050421,0.055193
9.3886e-10,0.050446,0.05516
8.6007e-10,0.050468,0.055131
7.8167e-10,0.050486,0.055104
7.0396e-10,0.0505,0.055082
6.2719e-10,0.050511,0.055062
5.5162e-10,0.050518,0.055047
4.7749e-10,0.050522,0.055035
4.0501e-10,0.050523,0.055026
3.344e-10,0.05052,0.055022
2.6582e-10,0.050515,0.05502
1.9946e-10,0.050506,0.055023
1.3546e-10,0.050495,0.055029
7.3964e-11,0.050482,0.055038
1.5087e-11,0.050466,0.055051
-4.1065e-11,0.050448,0.055068
-9.4404e-11,0.050427,0.055087
-1.4485e-10,0.050406,0.05511
-1.9236e-10,0.050382,0.055136
-2.3687e-10,0.050357,0.055165
-2.7837e-10,0.05033,0.055196
-3.1682e-10,0.050302,0.055231
-3.5222e-10,0.050273,0.055268
-3.8459e-10,0.050244,0.055307
-4.1394e-10,0.050213,0.055349
-4.4029e-10,0.050182,0.055393
-4.6369e-10,0.050151,0.055439
-4.842e-10,0.050119,0.055487
-5.0185e-10,0.050087,0.055536
-5.1673e-10,0.050055,0.055587
-5.289e-10,0.050023,0.05564
-5.3845e-10,0.049991,0.055693
-5.4547e-10,0.04996,0.055748
-5.5004e-10,0.049929,0.055803
-5.5227e-10,0.049899,0.055859
-5.5226e-10,0.04987,0.055916
-5.5011e-10,0.049841,0.055973
-5.4594e-10,0.049813,0.05603
-5.3986e-10,0.049787,0.056088
-5.3198e-10,0.049761,0.056145
-5.2243e-10,0.049737,0.056202
-5.1131e-10,0.049714,0.056259
-4.9876e-10,0.049692,0.056315
-4.8487e-10,0.049672,0.056371
-4.6979e-10,0.049653,0.056426
-4.5361e-10,0.049635,0.05648
-4.3646e-10,0.04962,0.056533
-4.1845e-10,0.049605,0.056585
-3.997e-10,0.049593,0.056636
-3.8031e-10,0.049582,0.056686
-3.6039e-10,0.049573,0.056734
-3.4005e-10,0.049565,0.056781
-3.1939e-10,0.049559,0.056827
-2.985e-10,0.049555,0.056871
-2.7748e-10,0.049553,0.056913
-2.5642e-10,0.049552,0.056954
-2.3541e-10,0.049554,0.056993
-2.1452e-10,0.049556,0.057031
-1.9383e-10,0.049561,0.057066
-1.7342e-10,0.049567,0.0571
-1.5336e-10,0.049575,0.057132
-1.3371e-10,0.049584,0.057163
-1.1452e-10,0.049595,0.057191
-9.5853e-11,0.049607,0.057218
-7.776e-11,0.049621,0.057242
-6.0282e-11,0.049636,0.057265
-4.3461e-11,0.049653,0.057286
-2.7333e-11,0.04967,0.057305
-1.1927e-11,0.049689,0.057323
2.7287e-12,0.049709,0.057339
1.6612e-11,0.049729,0.057353
2.9706e-11,0.049751,0.057365
4.1996e-11,0.049774,0.057375
5.3472e-11,0.049797,0.057384
6.4129e-11,0.04982,0.057392
7.3965e-11,0.049845,0.057398
8.298e-11,0.049869,0.057402
9.118e-11,0.049894,0.057405
9.8573e-11,0.049919,0.057407
1.0517e-10,0.049944,0.057408
1.1098e-10,0.049969,0.057407
1.1603e-10,0.049993,0.057405
1.2034e-10,0.050017,0.057402
1.2392e-10,0.050041,0.057398
1.268e-10,0.050064,0.057394
1.2901e-10,0.050087,0.057388
1.3057e-10,0.050108,0.057382
1.3152e-10,0.050129,0.057375
1.3187e-10,0.050148,0.057367
1.3168e-10,0.050166,0.057359
1.3096e-10,0.050183,0.057351
1.2976e-10,0.050199,0.057342
1.281e-10,0.050212,0.057333
1.2602e-10,0.050224,0.057324
1.2357e-10,0.050235,0.057315
1.2076e-10,0.050243,0.057306
1.1765e-10,0.05025,0.057297
1.1425e-10,0.050254,0.057288
1.1062e-10,0.050256,0.05728
1.0678e-10,0.050256,0.057271
1.0277e-10,0.050254,0.057264
9.8622e-11,0.050249,0.057256
9.4367e-11,0.050242,0.057249
9.0037e-11,0.050232,0.057243
8.5663e-11,0.05022,0.057237
8.1275e-11,0.050205,0.057232
7.69e-11,0.050188,0.057227
7.2566e-11,0.050169,0.057224
6.8298e-11,0.050146,0.057221
6.412e-11,0.050122,0.057218
6.0055e-11,0.050094,0.057216
5.6122e-11,0.050065,0.057215
5.2341e-11,0.050033,0.057215
4.8729e-11,0.049998,0.057216
4.5303e-11,0.049962,0.057216
4.2074e-11,0.049923,0.057218
3.9057e-11,0.049882,0.05722
3.626e-11,0.049839,0.057223
3.3691e-11,0.049794,0.057226
3.1358e-11,0.049748,0.057229
2.9265e-11,0.049699,0.057233
2.7415e-11,0.049649,0.057237
2.5808e-11,0.049598,0.057241
2.4444e-11,0.049545,0.057244
2.332e-11,0.049491,0.057248
2.2431e-11,0.049437,0.057252
2.1773e-11,0.049381,0.057255
2.1336e-11,0.049325,0.057258
2.1113e-11,0.049268,0.05726
2.1092e-11,0.04921,0.057262
2.126e-11,0.049153,0.057263
2.1605e-11,0.049095,0.057263
2.2112e-11,0.049038,0.057262
2.2764e-11,0.04898,0.057259
2.3543e-11,0.048923,0.057256
2.4433e-11,0.048867,0.057251
2.5413e-11,0.048811,0.057245
2.6462e-11,0.048756,0.057237
2.7561e-11,0.048702,0.057227
2.8687e-11,0.048649,0.057216
2.9819e-11,0.048598,0.057203
3.0932e-11,0.048547,0.057188
3.2004e-11,0.048498,0.057171
3.3013e-11,0.048451,0.057152
3.3933e-11,0.048405,0.057131
3.4742e-11,0.04836,0.057107
3.5416e-11,0.048318,0.057082
3.5932e-11,0.048277,0.057054
3.6268e-11,0.048238,0.057024
3.6399e-11,0.048201,0.056992
3.6306e-11,0.048166,0.056957
3.5966e-11,0.048133,0.056921
3.5359e-11,0.048101,0.056882
3.4465e-11,0.048072,0.056841
3.3267e-11,0.048044,0.056798
3.1746e-11,0.048018,0.056752
2.9888e-11,0.047994,0.056705
2.7677e-11,0.047972,0.056656
2.5101e-11,0.047952,0.056605
2.2147e-11,0.047933,0.056552
1.8806e-11,0.047915,0.056498
1.5071e-11,0.0479,0.056442
1.0935e-11,0.047885,0.056384
6.3941e-12,0.047872,0.056326
1.4466e-12,0.04786,0.056266
-3.9074e-12,0.047849,0.056205
-9.6653e-12,0.04784,0.056143
-1.5822e-11,0.047831,0.056081
-2.2371e-11,0.047823,0.056017
-2.9303e-11,0.047815,0.055954
-3.6604e-11,0.047809,0.05589
-4.4261e-11,0.047803,0.055826
-5.2256e-11,0.047797,0.055762
-6.057e-11,0.047791,0.055698
-6.9179e-11,0.047786,0.055634
-7.806e-11,0.047781,0.055571
-8.7185e-11,0.047776,0.055509
-9.6523e-11,0.047771,0.055447
-1.0604e-10,0.047766,0.055386
-1.1571e-10,0.04776,0.055327
-1.2548e-10,0.047755,0.055268
-1.3532e-10,0.047749,0.055211
-1.4518e-10,0.047743,0.055155
-1.5503e-10,0.047737,0.055101
-1.6481e-10,0.04773,0.055049
-1.7447e-10,0.047723,0.054998
-1.8397e-10,0.047716,0.05495
-1.9325e-10,0.047709,0.054903
-2.0226e-10,0.047701,0.054858
-2.1094e-10,0.047693,0.054816
-2.1924e-10,0.047684,0.054775
-2.2709e-10,0.047676,0.054737
-2.3443e-10,0.047667,0.054701
-2.4122e-10,0.047659,0.054668
-2.4738e-10,0.04765,0.054637
-2.5286e-10,0.047642,0.054608
-2.576e-10,0.047633,0.054581
-2.6153e-10,0.047625,0.054557
-2.6459e-10,0.047617,0.054536
-2.6673e-10,0.04761,0.054517
-2.6789e-10,0.047603,0.0545
-2.6801e-10,0.047597,0.054485
-2.6704e-10,0.047591,0.054473
-2.6492e-10,0.047586,0.054463
-2.616e-10,0.047582,0.054456
-2.5704e-10,0.047578,0.054451
-2.5118e-10,0.047576,0.054448
-2.4398e-10,0.047575,0.054447
-2.3542e-10,0.047575,0.054448
-2.2544e-10,0.047576,0.054451
-2.1403e-10,0.047578,0.054456
-2.0115e-10,0.047582,0.054464
-1.8678e-10,0.047587,0.054473
-1.7091e-10,0.047593,0.054484
-1.5353e-10,0.0476,0.054497
-1.3462e-10,0.047609,0.054511
-1.142e-10,0.047619,0.054528
-9.2271e-11,0.047631,0.054546
-6.8844e-11,0.047644,0.054565
-4.3943e-11,0.047658,0.054587
-1.7595e-11,0.047673,0.054609
1.0163e-11,0.04769,0.054634
3.9289e-11,0.047708,0.054659
6.9731e-11,0.047727,0.054686
1.0143e-10,0.047747,0.054715
1.3432e-10,0.047768,0.054745
1.6832e-10,0.04779,0.054776
2.0336e-10,0.047812,0.054808
2.3933e-10,0.047835,0.054841
2.7615e-10,0.047859,0.054876
3.1369e-10,0.047883,0.054911
3.5184e-10,0.047908,0.054948
3.9048e-10,0.047933,0.054986
4.2947e-10,0.047958,0.055024
4.6868e-10,0.047983,0.055064
5.0794e-10,0.048008,0.055105
5.4711e-10,0.048032,0.055146
5.8602e-10,0.048057,0.055188
6.2449e-10,0.048081,0.055231
6.6235e-10,0.048104,0.055275
6.9942e-10,0.048126,0.05532
7.355e-10,0.048148,0.055365
7.704e-10,0.048169,0.055411
8.0391e-10,0.048189,0.055457
8.3583e-10,0.048208,0.055504
8.6595e-10,0.048225,0.055552
8.9407e-10,0.048242,0.0556
9.1995e-10,0.048257,0.055648
9.434e-10,0.048271,0.055696
9.642e-10,0.048283,0.055745
9.8212e-10,0.048294,0.055794
9.9695e-10,0.048303,0.055843
1.0085e-09,0.04831,0.055892
1.0165e-09,0.048316,0.05594
1.0208e-09,0.048321,0.055989
1.0212e-09,0.048323,0.056038
1.0174e-09,0.048324,0.056086
1.0094e-09,0.048324,0.056134
9.9689e-10,0.048322,0.056181
9.7972e-10,0.048318,0.056228
9.5773e-10,0.048313,0.056274
9.3078e-10,0.048306,0.05632
8.9872e-10,0.048298,0.056365
8.6145e-10,0.048288,0.056408
8.1885e-10,0.048277,0.056451
7.7082e-10,0.048265,0.056493
7.1731e-10,0.048251,0.056534
6.5825e-10,0.048236,0.056573
5.936e-10,0.048221,0.056612
5.2337e-10,0.048204,0.056649
4.4754e-10,0.048186,0.056684
3.6616e-10,0.048168,0.056718
2.7928e-10,0.048149,0.056751
1.8699e-10,0.04813,0.056782
8.9375e-11,0.04811,0.056811
-1.3415e-11,0.04809,0.056838
-1.2122e-10,0.048069,0.056864
-2.3386e-10,0.048048,0.056888
-3.5111e-10,0.048028,0.05691
-4.7273e-10,0.048007,0.05693
-5.9843e-10,0.047987,0.056949
-7.2791e-10,0.047967,0.056965
-8.6083e-10,0.047947,0.056979
-9.9683e-10,0.047928,0.056992
-1.1355e-09,0.04791,0.057003
-1.2764e-09,0.047892,0.057011
-1.4191e-09,0.047875,0.057018
-1.5631e-09,0.047859,0.057023
-1.7079e-09,0.047844,0.057026
-1.8529e-09,0.04783,0.057027
-1.9976e-09,0.047818,0.057027
-2.1413e-09,0.047806,0.057025
-2.2834e-09,0.047796,0.057021
-2.4233e-09,0.047787,0.057016
-2.5603e-09,0.04778,0.057009
-2.6937e-09,0.047774,0.057001
-2.8228e-09,0.04777,0.056991
-2.9468e-09,0.047767,0.05698
-3.0651e-09,0.047766,0.056968
-3.1767e-09,0.047766,0.056955
-3.281e-09,0.047768,0.056941
-3.3772e-09,0.047772,0.056926
-3.4644e-09,0.047778,0.05691
-3.542e-09,0.047785,0.056894
-3.609e-09,0.047794,0.056877
-3.6648e-09,0.047805,0.056859
-3.7084e-09,0.047817,0.056841
-3.7393e-09,0.047831,0.056823
-3.7565e-09,0.047847,0.056804
-3.7594e-09,0.047864,0.056785
-3.7472e-09,0.047883,0.056767
-3.7193e-09,0.047903,0.056748
-3.6749e-09,0.047925,0.05673
-3.6135e-09,0.047948,0.056712
-3.5345e-09,0.047972,0.056694
-3.4372e-09,0.047997,0.056676
-3.3213e-09,0.048023,0.056659
-3.1863e-09,0.048051,0.056643
-3.0317e-09,0.048079,0.056627
-2.8572e-09,0.048108,0.056611
-2.6626e-09,0.048138,0.056597
-2.4477e-09,0.048168,0.056582
-2.2122e-09,0.048199,0.056569
-1.9562e-09,0.04823,0.056557
-1.6797e-09,0.048261,0.056545
-1.3828e-09,0.048292,0.056534
-1.0657e-09,0.048323,0.056524
-7.2862e-10,0.048354,0.056514
-3.7201e-10,0.048385,0.056506
3.6683e-12,0.048415,0.056498
3.9783e-10,0.048444,0.056491
8.098e-10,0.048473,0.056486
1.2388e-09,0.048501,0.05648
1.6839e-09,0.048529,0.056476
2.1441e-09,0.048555,0.056473
2.6183e-09,0.04858,0.05647
3.1053e-09,0.048603,0.056469
3.6036e-09,0.048626,0.056468
4.112e-09,0.048647,0.056468
4.6288e-09,0.048666,0.056468
5.1523e-09,0.048683,0.05647
5.6807e-09,0.048699,0.056472
6.2122e-09,0.048713,0.056475
6.7448e-09,0.048726,0.056479
7.2763e-09,0.048736,0.056484
7.8045e-09,0.048744,0.05649
8.3272e-09,0.04875,0.056496
8.842e-09,0.048755,0.056504
9.3464e-09,0.048757,0.056512
9.8378e-09,0.048757,0.056521
1.0314e-08,0.048755,0.05653
1.0771e-08,0.04875,0.056541
1.1208e-08,0.048744,0.056553
1.162e-08,0.048735,0.056565
1.2006e-08,0.048725,0.056579
1.2363e-08,0.048712,0.056593
1.2687e-08,0.048698,0.056608
1.2976e-08,0.048681,0.056625
1.3226e-08,0.048662,0.056642
1.3436e-08,0.048642,0.056661
1.3601e-08,0.04862,0.05668
1.3719e-08,0.048596,0.056701
1.3788e-08,0.048571,0.056722
1.3804e-08,0.048544,0.056745
1.3766e-08,0.048516,0.056769
1.367e-08,0.048486,0.056794
1.3514e-08,0.048455,0.056821
1.3295e-08,0.048423,0.056849
1.3012e-08,0.04839,0.056877
1.2662e-08,0.048357,0.056908
1.2244e-08,0.048322,0.056939
1.1756e-08,0.048287,0.056972
1.1197e-08,0.048252,0.057006
1.0564e-08,0.048216,0.057041
9.8579e-09,0.04818,0.057077
9.0768e-09,0.048145,0.057115
8.2207e-09,0.048109,0.057154
7.2891e-09,0.048073,0.057195
6.2822e-09,0.048038,0.057236
5.2003e-09,0.048003,0.057279
4.0441e-09,0.047969,0.057323
2.8146e-09,0.047935,0.057368
1.5132e-09,0.047903,0.057415
1.4162e-10,0.047871,0.057462
-1.2981e-09,0.047841,0.05751
-2.8034e-09,0.047812,0.05756
-4.3716e-09,0.047784,0.057611
-5.9993e-09,0.047757,0.057662
-7.6829e-09,0.047732,0.057714
-9.4183e-09,0.047709,0.057768
-1.1201e-08,0.047687,0.057822
-1.3026e-08,0.047667,0.057876
-1.4889e-08,0.047649,0.057932
-1.6783e-08,0.047633,0.057988
-1.8702e-08,0.047619,0.058044
-2.064e-08,0.047606,0.058102
-2.2591e-08,0.047596,0.058159
-2.4545e-08,0.047587,0.058217
-2.6497e-08,0.047581,0.058275
-2.8438e-08,0.047577,0.058334
-3.036e-08,0.047574,0.058393
-3.2253e-08,0.047574,0.058452
-3.4109e-08,0.047575,0.05851
-3.5918e-08,0.047579,0.058569
-3.7672e-08,0.047584,0.058628
-3.9359e-08,0.047591,0.058687
-4.097e-08,0.0476,0.058746
-4.2495e-08,0.04761,0.058804
-4.3924e-08,0.047623,0.058862
-4.5245e-08,0.047636,0.05892
-4.6448e-08,0.047651,0.058977
-4.7522e-08,0.047667,0.059034
-4.8457e-08,0.047684,0.05909
-4.9242e-08,0.047703,0.059146
-4.9867e-08,0.047722,0.059201
-5.0321e-08,0.047742,0.059256
-5.0593e-08,0.047763,0.05931
-5.0675e-08,0.047784,0.059363
-5.0556e-08,0.047806,0.059415
-5.0226e-08,0.047827,0.059467
-4.9677e-08,0.047849,0.059517
-4.89e-08,0.047871,0.059567
-4.7887e-08,0.047893,0.059616
-4.663e-08,0.047914,0.059664
-4.5123e-08,0.047935,0.05971
-4.3359e-08,0.047955,0.059756
-4.1334e-08,0.047974,0.059801
-3.9041e-08,0.047992,0.059844
-3.6477e-08,0.048009,0.059886
-3.364e-08,0.048025,0.059927
-3.0527e-08,0.04804,0.059967
-2.7137e-08,0.048054,0.060006
-2.347e-08,0.048065,0.060043
-1.9528e-08,0.048075,0.060079
-1.5313e-08,0.048084,0.060113
-1.0828e-08,0.04809,0.060146
-6.0785e-09,0.048095,0.060178
-1.0707e-09,0.048097,0.060208
4.1881e-09,0.048098,0.060237
9.689e-09,0.048096,0.060264
1.5422e-08,0.048092,0.06029
2.1374e-08,0.048086,0.060314
2.7533e-08,0.048077,0.060336
3.3885e-08,0.048067,0.060358
4.0412e-08,0.048054,0.060377
4.7097e-08,0.048039,0.060395
5.3921e-08,0.048021,0.060412
6.0863e-08,0.048001,0.060427
6.79e-08,0.047979,0.06044
7.501e-08,0.047955,0.060452
8.2166e-08,0.047929,0.060462
8.9343e-08,0.047901,0.060471
9.6512e-08,0.04787,0.060478
1.0364e-07,0.047838,0.060484
1.1071e-07,0.047804,0.060488
1.1767e-07,0.047768,0.060491
1.245e-07,0.04773,0.060493
1.3117e-07,0.047691,0.060493
1.3763e-07,0.04765,0.060492
1.4385e-07,0.047609,0.06049
1.498e-07,0.047565,0.060487
1.5544e-07,0.047521,0.060482
1.6072e-07,0.047476,0.060477
1.6562e-07,0.04743,0.06047
1.7008e-07,0.047384,0.060463
1.7408e-07,0.047337,0.060454
1.7757e-07,0.04729,0.060445
1.8052e-07,0.047242,0.060435
1.8288e-07,0.047195,0.060424
1.8462e-07,0.047148,0.060413
1.8569e-07,0.047101,0.060401
1.8607e-07,0.047055,0.060389
1.8572e-07,0.047009,0.060376
1.8459e-07,0.046964,0.060363
1.8267e-07,0.04692,0.06035
1.7991e-07,0.046877,0.060336
1.7629e-07,0.046836,0.060322
1.7177e-07,0.046796,0.060308
1.6634e-07,0.046757,0.060294
1.5997e-07,0.04672,0.06028
1.5264e-07,0.046685,0.060266
1.4433e-07,0.046652,0.060253
1.3503e-07,0.046622,0.060239
1.2472e-07,0.046593,0.060226
1.134e-07,0.046567,0.060213
1.0107e-07,0.046543,0.0602
8.7718e-08,0.046521,0.060188
7.3354e-08,0.046503,0.060176
5.7987e-08,0.046487,0.060164
4.1628e-08,0.046473,0.060153
2.4294e-08,0.046463,0.060143
6.0085e-09,0.046455,0.060132
-1.3202e-08,0.04645,0.060123
-3.3306e-08,0.046448,0.060114
-5.4266e-08,0.046449,0.060105
-7.6039e-08,0.046453,0.060097
-9.8577e-08,0.04646,0.06009
-1.2183e-07,0.04647,0.060083
-1.4573e-07,0.046483,0.060076
-1.7022e-07,0.046498,0.06007
-1.9523e-07,0.046516,0.060065
-2.2069e-07,0.046538,0.06006
-2.4651e-07,0.046561,0.060056
-2.726e-07,0.046588,0.060052
-2.9887e-07,0.046617,0.060048
-3.2524e-07,0.046648,0.060045
-3.5159e-07,0.046682,0.060042
-3.7781e-07,0.046719,0.06004
-4.038e-07,0.046757,0.060038
-4.2944e-07,0.046797,0.060036
-4.5461e-07,0.04684,0.060034
-4.7918e-07,0.046884,0.060032
-5.0303e-07,0.04693,0.060031
-5.2602e-07,0.046978,0.060029
-5.4802e-07,0.047027,0.060028
-5.6889e-07,0.047078,0.060026
-5.885e-07,0.04713,0.060025
-6.0669e-07,0.047183,0.060023
-6.2332e-07,0.047237,0.060021
-6.3827e-07,0.047291,0.060019
-6.5137e-07,0.047347,0.060016
-6.6249e-07,0.047403,0.060013
-6.7148e-07,0.04746,0.06001
-6.7821e-07,0.047518,0.060007
-6.8253e-07,0.047575,0.060003
-6.8431e-07,0.047633,0.059998
-6.8342e-07,0.047691,0.059993
-6.7973e-07,0.04775,0.059987
-6.7312e-07,0.047808,0.059981
-6.6347e-07,0.047866,0.059974
-6.5068e-07,0.047924,0.059967
-6.3463e-07,0.047981,0.059959
-6.1524e-07,0.048039,0.05995
-5.9241e-07,0.048096,0.059941
-5.6608e-07,0.048153,0.059931
-5.3618e-07,0.048209,0.05992
-5.0266e-07,0.048264,0.059909
-4.6546e-07,0.04832,0.059897
-4.2457e-07,0.048374,0.059885
-3.7996e-07,0.048428,0.059871
-3.3164e-07,0.048482,0.059857
-2.7962e-07,0.048534,0.059843
-2.2392e-07,0.048586,0.059828
-1.646e-07,0.048638,0.059812
-1.0172e-07,0.048688,0.059796
-3.5347e-08,0.048738,0.059779
3.4407e-08,0.048788,0.059762
1.0743e-07,0.048836,0.059744
1.8359e-07,0.048884,0.059726
2.6272e-07,0.048931,0.059707
3.4466e-07,0.048978,0.059688
4.292e-07,0.049023,0.059669
5.1614e-07,0.049068,0.059649
6.0523e-07,0.049113,0.059629
6.9623e-07,0.049156,0.059609
7.8885e-07,0.049199,0.059588
8.828e-07,0.049241,0.059567
9.7776e-07,0.049282,0.059547
1.0734e-06,0.049323,0.059526
1.1694e-06,0.049363,0.059505
1.2653e-06,0.049402,0.059484
1.3607e-06,0.04944,0.059464
1.4553e-06,0.049478,0.059443
1.5486e-06,0.049514,0.059423
1.6402e-06,0.04955,0.059403
1.7296e-06,0.049586,0.059383
1.8164e-06,0.04962,0.059363
1.9e-06,0.049654,0.059344
1.9799e-06,0.049686,0.059326
2.0558e-06,0.049718,0.059307
2.1269e-06,0.049749,0.05929
2.1929e-06,0.049779,0.059273
2.2532e-06,0.049808,0.059256
2.3073e-06,0.049836,0.059241
2.3546e-06,0.049863,0.059226
2.3946e-06,0.049888,0.059211
2.4268e-06,0.049913,0.059198
2.4508e-06,0.049937,0.059185
2.4658e-06,0.049959,0.059174
2.4716e-06,0.04998,0.059163
2.4675e-06,0.05,0.059153
2.4532e-06,0.050019,0.059145
2.4281e-06,0.050036,0.059137
2.3919e-06,0.050052,0.05913
2.344e-06,0.050067,0.059125
2.2843e-06,0.05008,0.05912
2.2123e-06,0.050092,0.059117
2.1276e-06,0.050102,0.059115
2.0301e-06,0.05011,0.059114
1.9195e-06,0.050118,0.059114
1.7955e-06,0.050123,0.059115
1.658e-06,0.050127,0.059117
1.507e-06,0.050129,0.059121
1.3424e-06,0.050129,0.059125
1.1641e-06,0.050128,0.059131
9.722e-07,0.050125,0.059138
7.6686e-07,0.050121,0.059145
5.4822e-07,0.050114,0.059154
3.1652e-07,0.050106,0.059164
7.2062e-08,0.050096,0.059175
-1.8478e-07,0.050085,0.059186
-4.5357e-07,0.050071,0.059199
-7.338e-07,0.050056,0.059212
-1.0249e-06,0.050039,0.059227
-1.3261e-06,0.050021,0.059242
-1.6369e-06,0.050001,0.059257
-1.9562e-06,0.049979,0.059273
-2.2833e-06,0.049956,0.05929
-2.6172e-06,0.049931,0.059308
-2.9569e-06,0.049905,0.059326
-3.3011e-06,0.049877,0.059344
-3.6488e-06,0.049848,0.059363
-3.9986e-06,0.049818,0.059382
-4.3492e-06,0.049786,0.059401
-4.6991e-06,0.049753,0.059421
-5.0469e-06,0.049719,0.05944
-5.391e-06,0.049684,0.05946
-5.7298e-06,0.049648,0.05948
-6.0615e-06,0.049611,0.059499
-6.3844e-06,0.049574,0.059519
-6.6967e-06,0.049536,0.059538
-6.9965e-06,0.049497,0.059558
-7.2818e-06,0.049457,0.059576
-7.5508e-06,0.049417,0.059595
-7.8014e-06,0.049377,0.059613
-8.0315e-06,0.049336,0.059631
-8.2392e-06,0.049295,0.059649
-8.4222e-06,0.049254,0.059666
-8.5786e-06,0.049213,0.059682
-8.7061e-06,0.049172,0.059698
-8.8028e-06,0.049131,0.059714
-8.8665e-06,0.04909,0.059728
-8.895e-06,0.049049,0.059742
-8.8864e-06,0.049009,0.059756
-8.8387e-06,0.048969,0.059769
-8.7497e-06,0.048929,0.059781
-8.6177e-06,0.048889,0.059792
-8.4407e-06,0.048849,0.059802
-8.2169e-06,0.04881,0.059812
-7.9446e-06,0.048772,0.059821
-7.6221e-06,0.048734,0.059829
-7.248e-06,0.048696,0.059837
-6.8207e-06,0.048658,0.059843
-6.339e-06,0.048621,0.059849
-5.8017e-06,0.048585,0.059854
-5.2077e-06,0.048548,0.059858
-4.5562e-06,0.048512,0.059862
-3.8463e-06,0.048477,0.059865
-3.0774e-06,0.048442,0.059867
-2.2493e-06,0.048407,0.059868
-1.3616e-06,0.048372,0.059869
-4.143e-07,0.048338,0.059869
5.9245e-07,0.048303,0.059868
1.6583e-06,0.048269,0.059866
2.7827e-06,0.048236,0.059864
3.9648e-06,0.048202,0.059861
5.2036e-06,0.048168,0.059858
6.498e-06,0.048134,0.059854
7.8465e-06,0.048101,0.059849
9.2473e-06,0.048067,0.059844
1.0699e-05,0.048034,0.059838
1.2198e-05,0.048,0.059831
1.3744e-05,0.047966,0.059824
1.5333e-05,0.047932,0.059817
1.6962e-05,0.047898,0.059809
1.8629e-05,0.047864,0.0598
2.0329e-05,0.04783,0.059791
2.2061e-05,0.047796,0.059782
2.3819e-05,0.047762,0.059771
2.56e-05,0.047728,0.059761
2.74e-05,0.047693,0.05975
2.9215e-05,0.047659,0.059738
3.1039e-05,0.047625,0.059726
3.2869e-05,0.047591,0.059713
3.4699e-05,0.047557,0.0597
3.6525e-05,0.047523,0.059687
3.8342e-05,0.047489,0.059673
4.0144e-05,0.047456,0.059659
4.1926e-05,0.047423,0.059644
4.3684e-05,0.04739,0.059628
4.5411e-05,0.047358,0.059612
4.7103e-05,0.047326,0.059596
4.8754e-05,0.047295,0.059579
5.0358e-05,0.047265,0.059562
5.1911e-05,0.047235,0.059545
5.3408e-05,0.047207,0.059526
5.4843e-05,0.047179,0.059508
5.6211e-05,0.047152,0.059489
5.7509e-05,0.047127,0.059469
5.873e-05,0.047103,0.05945
5.9871e-05,0.04708,0.059429
6.0928e-05,0.047059,0.059408
6.1897e-05,0.047039,0.059387
6.2774e-05,0.04702,0.059365
6.3556e-05,0.047004,0.059343
6.424e-05,0.046989,0.059321
6.4823e-05,0.046976,0.059297
6.5303e-05,0.046964,0.059274
6.5679e-05,0.046955,0.05925
6.5948e-05,0.046948,0.059226
6.611e-05,0.046943,0.059201
6.6164e-05,0.046941,0.059176
6.611e-05,0.04694,0.05915
6.5949e-05,0.046942,0.059124
6.568e-05,0.046946,0.059098
6.5304e-05,0.046952,0.059071
6.4824e-05,0.046961,0.059044
6.4241e-05,0.046972,0.059017
6.3557e-05,0.046986,0.058989
6.2776e-05,0.047002,0.058961
6.1899e-05,0.047021,0.058933
6.093e-05,0.047042,0.058904
5.9873e-05,0.047065,0.058876
5.8732e-05,0.047091,0.058847
5.751e-05,0.047119,0.058818
5.6213e-05,0.047149,0.058789
5.4844e-05,0.047182,0.05876
5.3409e-05,0.047217,0.058731
5.1912e-05,0.047254,0.058701
5.0358e-05,0.047293,0.058672
4.8753e-05,0.047335,0.058643
4.7102e-05,0.047378,0.058615
4.5409e-05,0.047423,0.058586
4.3681e-05,0.04747,0.058558
4.1923e-05,0.047518,0.05853
4.0139e-05,0.047569,0.058502
3.8336e-05,0.04762,0.058475
3.6518e-05,0.047673,0.058448
3.4691e-05,0.047727,0.058422
3.286e-05,0.047783,0.058396
3.1029e-05,0.047839,0.05837
2.9203e-05,0.047897,0.058346
2.7387e-05,0.047955,0.058322
2.5586e-05,0.048013,0.058298
2.3803e-05,0.048072,0.058276
2.2043e-05,0.048132,0.058254
2.031e-05,0.048191,0.058233
1.8608e-05,0.048251,0.058212
1.6939e-05,0.048311,0.058193
1.5308e-05,0.04837,0.058175
1.3718e-05,0.048429,0.058157
1.217e-05,0.048488,0.05814
1.0669e-05,0.048545,0.058125
9.2162e-06,0.048602,0.05811
7.8137e-06,0.048659,0.058096
6.4637e-06,0.048714,0.058084
5.1677e-06,0.048768,0.058072
3.9274e-06,0.04882,0.058061
2.7438e-06,0.048871,0.058051
1.6181e-06,0.048921,0.058042
5.5103e-07,0.048969,0.058035
-4.5687e-07,0.049015,0.058028
-1.4052e-06,0.049059,0.058022
-2.2938e-06,0.049102,0.058017
-3.1228e-06,0.049142,0.058013
-3.8922e-06,0.04918,0.05801
-4.6026e-06,0.049215,0.058008
-5.2545e-06,0.049249,0.058007
-5.8486e-06,0.04928,0.058006
-6.3858e-06,0.049308,0.058006
-6.8673e-06,0.049334,0.058007
-7.2941e-06,0.049357,0.058009
-7.6675e-06,0.049377,0.058012
-7.989e-06,0.049395,0.058015
-8.2602e-06,0.04941,0.058019
-8.4826e-06,0.049423,0.058023
-8.6579e-06,0.049432,0.058028
-8.7881e-06,0.049439,0.058033
-8.8748e-06,0.049442,0.058039
-8.9202e-06,0.049443,0.058046
-8.926e-06,0.049442,0.058052
-8.8945e-06,0.049437,0.05806
-8.8276e-06,0.049429,0.058067
-8.7274e-06,0.049419,0.058075
-8.596e-06,0.049406,0.058084
-8.4356e-06,0.049391,0.058092
-8.2482e-06,0.049372,0.058101
-8.0359e-06,0.049351,0.05811
-7.8009e-06,0.049328,0.05812
-7.5452e-06,0.049302,0.05813
-7.2709e-06,0.049273,0.05814
-6.9799e-06,0.049243,0.058151
-6.6743e-06,0.049209,0.058161
-6.356e-06,0.049174,0.058172
-6.0269e-06,0.049137,0.058184
-5.6888e-06,0.049097,0.058196
-5.3435e-06,0.049056,0.058208
-4.9927e-06,0.049013,0.05822
-4.6381e-06,0.048968,0.058233
-4.2812e-06,0.048921,0.058247
-3.9236e-06,0.048873,0.058261
-3.5668e-06,0.048824,0.058275
-3.212e-06,0.048773,0.05829
-2.8607e-06,0.048722,0.058305
-2.5141e-06,0.048669,0.058321
-2.1732e-06,0.048615,0.058338
-1.8393e-06,0.04856,0.058355
-1.5132e-06,0.048505,0.058372
-1.1959e-06,0.04845,0.05839
-8.8826e-07,0.048394,0.058409
-5.9106e-07,0.048337,0.058429
-3.0498e-07,0.048281,0.058448
-3.0638e-08,0.048225,0.058469
2.314e-07,0.048168,0.05849
4.8067e-07,0.048112,0.058512
7.1676e-07,0.048057,0.058534
9.3932e-07,0.048002,0.058556
1.1481e-06,0.047947,0.058579
1.3428e-06,0.047894,0.058603
1.5234e-06,0.047841,0.058626
1.6897e-06,0.047789,0.05865
1.8418e-06,0.047738,0.058675
1.9795e-06,0.047689,0.058699
2.1031e-06,0.04764,0.058723
2.2126e-06,0.047593,0.058748
2.3081e-06,0.047547,0.058772
2.39e-06,0.047503,0.058796
2.4583e-06,0.04746,0.05882
2.5135e-06,0.047419,0.058844
2.5559e-06,0.047379,0.058867
2.5857e-06,0.047341,0.058889
2.6035e-06,0.047304,0.058911
2.6095e-06,0.047269,0.058933
2.6042e-06,0.047236,0.058953
2.5882e-06,0.047204,0.058973
2.5618e-06,0.047174,0.058991
2.5255e-06,0.047146,0.059009
2.48e-06,0.047119,0.059025
2.4256e-06,0.047094,0.059041
2.3629e-06,0.04707,0.059055
2.2925e-06,0.047048,0.059067
2.2149e-06,0.047027,0.059079
2.1307e-06,0.047008,0.059089
2.0404e-06,0.046991,0.059097
1.9445e-06,0.046975,0.059104
1.8437e-06,0.04696,0.05911
1.7384e-06,0.046947,0.059114
1.6292e-06,0.046935,0.059116
1.5166e-06,0.046924,0.059117
1.4012e-06,0.046915,0.059116
1.2835e-06,0.046907,0.059113
1.164e-06,0.0469,0.059109
1.0432e-06,0.046895,0.059104
9.2166e-07,0.046891,0.059097
7.9976e-07,0.046888,0.059089
6.78e-07,0.046886,0.059079
5.5684e-07,0.046886,0.059068
4.3672e-07,0.046886,0.059055
3.1805e-07,0.046888,0.059042
2.0126e-07,0.046892,0.059027
8.6726e-08,0.046896,0.059011
-2.517e-08,0.046902,0.058995
-1.3407e-07,0.04691,0.058977
-2.3963e-07,0.046918,0.058959
-3.4152e-07,0.046928,0.058939
-4.3944e-07,0.046939,0.05892
-5.3308e-07,0.046952,0.0589
-6.2219e-07,0.046966,0.058879
-7.0649e-07,0.046981,0.058859
-7.8575e-07,0.046998,0.058838
-8.5975e-07,0.047017,0.058817
-9.2827e-07,0.047037,0.058796
-9.9114e-07,0.047059,0.058775
-1.0482e-06,0.047082,0.058755
-1.0992e-06,0.047107,0.058735
-1.1442e-06,0.047133,0.058716
-1.1829e-06,0.047161,0.058697
-1.2153e-06,0.047191,0.058679
-1.2412e-06,0.047223,0.058662
-1.2607e-06,0.047256,0.058645
-1.2736e-06,0.047291,0.05863
-1.2799e-06,0.047328,0.058616
-1.2797e-06,0.047366,0.058602
-1.2729e-06,0.047407,0.05859
-1.2595e-06,0.047449,0.058579
-1.2396e-06,0.047492,0.05857
-1.2132e-06,0.047537,0.058561
-1.1803e-06,0.047584,0.058554
-1.1412e-06,0.047633,0.058548
-1.0959e-06,0.047683,0.058544
-1.0444e-06,0.047734,0.058541
-9.87e-07,0.047787,0.058539
-9.2379e-07,0.047842,0.058539
-8.5494e-07,0.047897,0.05854
-7.8066e-07,0.047954,0.058542
-7.0114e-07,0.048013,0.058545
-6.1661e-07,0.048072,0.05855
-5.2732e-07,0.048132,0.058556
-4.3352e-07,0.048193,0.058562
-3.355e-07,0.048255,0.05857
-2.3353e-07,0.048318,0.058579
-1.2794e-07,0.048382,0.058588
-1.9053e-08,0.048445,0.058599
9.2787e-08,0.04851,0.05861
2.0722e-07,0.048574,0.058622
3.2387e-07,0.048639,0.058634
4.4233e-07,0.048703,0.058647
5.6222e-07,0.048768,0.05866
6.8308e-07,0.048832,0.058674
8.045e-07,0.048895,0.058687
9.2602e-07,0.048958,0.058701
1.0472e-06,0.049021,0.058715
1.1675e-06,0.049082,0.058729
1.2864e-06,0.049143,0.058742
1.4036e-06,0.049202,0.058756
1.5183e-06,0.04926,0.058769
1.6302e-06,0.049317,0.058782
1.7387e-06,0.049372,0.058794
1.8433e-06,0.049425,0.058806
1.9433e-06,0.049477,0.058817
2.0384e-06,0.049527,0.058828
2.1279e-06,0.049574,0.058839
2.2112e-06,0.049619,0.058848
2.2879e-06,0.049662,0.058858
2.3573e-06,0.049703,0.058866
2.419e-06,0.04974,0.058874
2.4724e-06,0.049775,0.058881
2.517e-06,0.049808,0.058888
2.5522e-06,0.049837,0.058894
2.5776e-06,0.049864,0.0589
2.5927e-06,0.049887,0.058905
2.5969e-06,0.049907,0.05891
2.5899e-06,0.049924,0.058914
2.5711e-06,0.049938,0.058918
2.5403e-06,0.049948,0.058922
2.497e-06,0.049955,0.058926
2.4409e-06,0.049958,0.05893
2.3716e-06,0.049958,0.058934
2.2889e-06,0.049955,0.058938
2.1925e-06,0.049948,0.058942
2.0822e-06,0.049938,0.058947
1.9579e-06,0.049924,0.058952
1.8195e-06,0.049907,0.058957
1.6668e-06,0.049886,0.058964
1.5e-06,0.049862,0.058971
1.3189e-06,0.049834,0.058979
1.1238e-06,0.049804,0.058988
9.1474e-07,0.04977,0.058999
6.9197e-07,0.049733,0.05901
4.5577e-07,0.049692,0.059023
2.065e-07,0.049649,0.059037
-5.5445e-08,0.049603,0.059053
-3.2957e-07,0.049554,0.05907
-6.1532e-07,0.049503,0.059089
-9.1208e-07,0.049449,0.05911
-1.2191e-06,0.049393,0.059132
-1.5357e-06,0.049334,0.059156
-1.861e-06,0.049274,0.059182
-2.194e-06,0.049211,0.059209
-2.5337e-06,0.049147,0.059238
-2.8792e-06,0.049081,0.059269
-3.2291e-06,0.049014,0.059302
-3.5823e-06,0.048946,0.059336
-3.9375e-06,0.048877,0.059372
-4.2933e-06,0.048807,0.05941
-4.6482e-06,0.048736,0.059449
-5.0007e-06,0.048665,0.059489
-5.3493e-06,0.048594,0.059531
-5.6923e-06,0.048524,0.059574
-6.0279e-06,0.048453,0.059618
-6.3544e-06,0.048383,0.059664
-6.67e-06,0.048314,0.05971
-6.9727e-06,0.048245,0.059757
-7.2607e-06,0.048178,0.059805
-7.5319e-06,0.048113,0.059853
-7.7845e-06,0.048049,0.059901
-8.0162e-06,0.047987,0.05995
-8.2251e-06,0.047927,0.059998
-8.4091e-06,0.047869,0.060047
-8.5661e-06,0.047814,0.060095
-8.6939e-06,0.047761,0.060143
-8.7906e-06,0.047712,0.06019
-8.8539e-06,0.047665,0.060237
-8.8818e-06,0.047621,0.060283
-8.8724e-06,0.047581,0.060327
-8.8235e-06,0.047545,0.06037
-8.7331e-06,0.047511,0.060412
-8.5995e-06,0.047482,0.060452
-8.4207e-06,0.047456,0.060491
-8.195e-06,0.047434,0.060528
-7.9206e-06,0.047416,0.060563
-7.5959e-06,0.047402,0.060596
-7.2195e-06,0.047392,0.060626
-6.7899e-06,0.047386,0.060655
-6.3058e-06,0.047384,0.060681
-5.7661e-06,0.047386,0.060704
-5.1697e-06,0.047392,0.060725
-4.5158e-06,0.047402,0.060744
-3.8036e-06,0.047416,0.06076
-3.0327e-06,0.047434,0.060773
-2.2026e-06,0.047455,0.060783
-1.3131e-06,0.047479,0.060791
-3.6419e-07,0.047508,0.060796
6.4392e-07,0.047539,0.060798
1.7109e-06,0.047574,0.060798
2.836e-06,0.047611,0.060795
4.0186e-06,0.047652,0.060789
5.2576e-06,0.047695,0.06078
6.5517e-06,0.047741,0.06077
7.8996e-06,0.047789,0.060756
9.2993e-06,0.047839,0.060741
1.0749e-05,0.04789,0.060723
1.2247e-05,0.047944,0.060703
1.379e-05,0.047999,0.060681
1.5376e-05,0.048055,0.060657
1.7002e-05,0.048112,0.060631
1.8664e-05,0.04817,0.060604
2.0361e-05,0.048229,0.060575
2.2087e-05,0.048288,0.060545
2.384e-05,0.048347,0.060514
2.5615e-05,0.048406,0.060482
2.7408e-05,0.048464,0.060449
2.9215e-05,0.048522,0.060416
3.1032e-05,0.048579,0.060382
3.2853e-05,0.048636,0.060348
3.4675e-05,0.048691,0.060314
3.6491e-05,0.048745,0.060281
3.8298e-05,0.048797,0.060247
4.009e-05,0.048848,0.060214
4.1862e-05,0.048897,0.060182
4.3608e-05,0.048943,0.060151
4.5324e-05,0.048988,0.060121
4.7004e-05,0.04903,0.060092
4.8643e-05,0.04907,0.060065
5.0235e-05,0.049107,0.060039
5.1775e-05,0.049141,0.060015
5.3259e-05,0.049172,0.059993
5.4681e-05,0.049201,0.059973
5.6037e-05,0.049226,0.059955
5.7321e-05,0.049248,0.059939
5.853e-05,0.049267,0.059926
5.9658e-05,0.049283,0.059915
6.0703e-05,0.049295,0.059906
6.1659e-05,0.049304,0.0599
6.2524e-05,0.049309,0.059897
6.3294e-05,0.04931,0.059897
6.3967e-05,0.049309,0.059899
6.454e-05,0.049303,0.059904
6.501e-05,0.049294,0.059911
6.5376e-05,0.049281,0.059921
6.5637e-05,0.049265,0.059934
6.5791e-05,0.049246,0.05995
6.5839e-05,0.049222,0.059967
6.5779e-05,0.049196,0.059988
6.5612e-05,0.049166,0.06001
6.534e-05,0.049132,0.060035
6.4962e-05,0.049096,0.060062
6.4481e-05,0.049056,0.060091
6.3898e-05,0.049013,0.060121
6.3216e-05,0.048967,0.060153
6.2437e-05,0.048918,0.060187
6.1565e-05,0.048866,0.060221
6.0603e-05,0.048811,0.060257
5.9554e-05,0.048754,0.060293
5.8422e-05,0.048695,0.06033
5.7212e-05,0.048633,0.060368
5.5928e-05,0.04857,0.060405
5.4575e-05,0.048504,0.060442
5.3157e-05,0.048436,0.060479
5.1679e-05,0.048367,0.060515
5.0146e-05,0.048296,0.060551
4.8564e-05,0.048224,0.060585
4.6937e-05,0.048151,0.060618
4.5271e-05,0.048077,0.060649
4.3572e-05,0.048002,0.060678
4.1844e-05,0.047927,0.060706
4.0093e-05,0.047851,0.060731
3.8324e-05,0.047775,0.060753
3.6542e-05,0.047699,0.060773
3.4753e-05,0.047623,0.06079
3.2961e-05,0.047547,0.060804
3.117e-05,0.047472,0.060815
2.9387e-05,0.047398,0.060822
2.7615e-05,0.047324,0.060826
2.5858e-05,0.047252,0.060827
2.4122e-05,0.047181,0.060823
2.2409e-05,0.047111,0.060816
2.0724e-05,0.047042,0.060805
1.907e-05,0.046975,0.06079
1.7451e-05,0.04691,0.060771
1.5869e-05,0.046847,0.060748
1.4328e-05,0.046786,0.060721
1.2831e-05,0.046727,0.060691
1.1379e-05,0.04667,0.060656
9.9749e-06,0.046616,0.060618
8.6207e-06,0.046564,0.060576
7.3181e-06,0.046514,0.060531
6.0684e-06,0.046467,0.060482
4.8729e-06,0.046422,0.06043
3.7325e-06,0.04638,0.060375
2.6481e-06,0.04634,0.060316
1.6202e-06,0.046303,0.060255
6.49e-07,0.046269,0.060191
-2.6532e-07,0.046237,0.060125
-1.1229e-06,0.046208,0.060056
-1.924e-06,0.046182,0.059986
-2.6692e-06,0.046158,0.059913
-3.3591e-06,0.046137,0.059839
-3.9946e-06,0.046118,0.059764
-4.5766e-06,0.046102,0.059687
-5.1064e-06,0.046089,0.05961
-5.5853e-06,0.046078,0.059532
-6.0146e-06,0.046069,0.059453
-6.3959e-06,0.046063,0.059374
-6.7309e-06,0.046059,0.059295
-7.0214e-06,0.046057,0.059217
-7.2691e-06,0.046058,0.059139
-7.476e-06,0.046061,0.059061
-7.644e-06,0.046066,0.058985
-7.7753e-06,0.046073,0.05891
-7.8719e-06,0.046081,0.058835
-7.9358e-06,0.046092,0.058763
-7.9692e-06,0.046105,0.058692
-7.9743e-06,0.046119,0.058623
-7.9531e-06,0.046136,0.058555
-7.9079e-06,0.046153,0.05849
-7.8407e-06,0.046173,0.058428
-7.7536e-06,0.046194,0.058367
-7.6486e-06,0.046216,0.058309
-7.5278e-06,0.04624,0.058254
-7.393e-06,0.046266,0.058201
-7.2463e-06,0.046292,0.058152
-7.0893e-06,0.04632,0.058105
-6.9239e-06,0.046349,0.058061
-6.7518e-06,0.046379,0.05802
-6.5744e-06,0.04641,0.057981
-6.3933e-06,0.046442,0.057946
-6.2099e-06,0.046475,0.057915
-6.0254e-06,0.046508,0.057886
-5.8411e-06,0.046543,0.05786
-5.6581e-06,0.046578,0.057837
-5.4773e-06,0.046614,0.057818
-5.2996e-06,0.04665,0.057801
-5.1257e-06,0.046687,0.057787
-4.9563e-06,0.046725,0.057777
-4.7919e-06,0.046762,0.057769
-4.633e-06,0.046801,0.057764
-4.4797e-06,0.046839,0.057762
-4.3323e-06,0.046878,0.057763
-4.191e-06,0.046916,0.057767
-4.0555e-06,0.046955,0.057773
-3.9258e-06,0.046994,0.057782
-3.8017e-06,0.047033,0.057793
-3.6827e-06,0.047072,0.057807
-3.5685e-06,0.04711,0.057823
-3.4584e-06,0.047149,0.057842
-3.352e-06,0.047187,0.057862
-3.2483e-06,0.047225,0.057885
-3.1467e-06,0.047262,0.05791
-3.0463e-06,0.047299,0.057937
-2.9461e-06,0.047336,0.057965
-2.8452e-06,0.047372,0.057996
-2.7424e-06,0.047408,0.058028
-2.6367e-06,0.047443,0.058061
-2.527e-06,0.047477,0.058096
-2.412e-06,0.04751,0.058133
-2.2905e-06,0.047543,0.05817
-2.1613e-06,0.047575,0.058209
-2.0232e-06,0.047606,0.058249
-1.8749e-06,0.047637,0.058291
-1.7151e-06,0.047666,0.058333
-1.5427e-06,0.047694,0.058375
-1.3563e-06,0.047721,0.058419
-1.1548e-06,0.047748,0.058463
-9.371e-07,0.047773,0.058508
-7.0196e-07,0.047797,0.058553
-4.4834e-07,0.04782,0.058598
-1.7522e-07,0.047841,0.058644
1.1837e-07,0.047862,0.05869
4.3331e-07,0.047881,0.058736
7.7042e-07,0.047899,0.058782
1.1304e-06,0.047915,0.058827
1.514e-06,0.04793,0.058873
1.9216e-06,0.047944,0.058918
2.3538e-06,0.047957,0.058963
2.8109e-06,0.047968,0.059007
3.2931e-06,0.047978,0.059051
3.8005e-06,0.047987,0.059094
4.3331e-06,0.047994,0.059137
4.8909e-06,0.048,0.059178
5.4734e-06,0.048004,0.059219
6.0805e-06,0.048007,0.059259
6.7114e-06,0.048009,0.059297
7.3657e-06,0.04801,0.059335
8.0424e-06,0.04801,0.059372
8.7408e-06,0.048008,0.059407
9.4597e-06,0.048005,0.059441
1.0198e-05,0.048002,0.059474
1.0954e-05,0.047997,0.059505
1.1727e-05,0.047991,0.059535
1.2515e-05,0.047984,0.059563
1.3316e-05,0.047977,0.05959
1.4129e-05,0.047969,0.059616
1.4952e-05,0.04796,0.05964
1.5782e-05,0.047951,0.059662
1.6617e-05,0.047941,0.059683
1.7456e-05,0.04793,0.059702
1.8296e-05,0.04792,0.05972
1.9134e-05,0.047908,0.059736
1.9969e-05,0.047897,0.059751
2.0797e-05,0.047886,0.059764
2.1616e-05,0.047875,0.059775
2.2424e-05,0.047863,0.059785
2.3217e-05,0.047852,0.059794
2.3994e-05,0.047841,0.059801
2.4751e-05,0.04783,0.059807
2.5487e-05,0.04782,0.059811
2.6198e-05,0.04781,0.059814
2.6881e-05,0.047801,0.059816
2.7535e-05,0.047792,0.059816
2.8157e-05,0.047784,0.059815
2.8745e-05,0.047776,0.059814
2.9296e-05,0.047769,0.059811
2.9808e-05,0.047763,0.059807
3.028e-05,0.047758,0.059803
3.0708e-05,0.047753,0.059798
3.1092e-05,0.047749,0.059792
3.143e-05,0.047746,0.059785
3.1721e-05,0.047744,0.059778
3.1963e-05,0.047742,0.059771
3.2155e-05,0.047741,0.059764
3.2296e-05,0.047742,0.059756
3.2386e-05,0.047742,0.059748
3.2424e-05,0.047744,0.05974
3.241e-05,0.047746,0.059733
3.2344e-05,0.047749,0.059725
3.2226e-05,0.047752,0.059719
3.2057e-05,0.047756,0.059712
3.1836e-05,0.04776,0.059706
3.1566e-05,0.047765,0.059701
3.1246e-05,0.04777,0.059697
3.0878e-05,0.047776,0.059694
3.0464e-05,0.047781,0.059692
3.0004e-05,0.047787,0.059691
2.9501e-05,0.047793,0.059691
2.8957e-05,0.047799,0.059693
2.8372e-05,0.047804,0.059696
2.775e-05,0.04781,0.059701
2.7092e-05,0.047816,0.059707
2.6401e-05,0.047821,0.059715
2.568e-05,0.047826,0.059725
2.4929e-05,0.047831,0.059737
2.4153e-05,0.047835,0.059751
2.3354e-05,0.047839,0.059766
2.2533e-05,0.047843,0.059784
2.1694e-05,0.047846,0.059804
2.084e-05,0.047848,0.059825
1.9972e-05,0.04785,0.059849
1.9094e-05,0.047852,0.059875
1.8207e-05,0.047852,0.059903
1.7315e-05,0.047853,0.059933
1.6421e-05,0.047852,0.059965
1.5525e-05,0.047851,0.059999
1.4631e-05,0.04785,0.060035
1.3742e-05,0.047847,0.060073
1.2858e-05,0.047845,0.060113
1.1983e-05,0.047841,0.060155
1.1119e-05,0.047837,0.060198
1.0266e-05,0.047833,0.060243
9.4285e-06,0.047828,0.060289
8.6066e-06,0.047822,0.060337
7.8024e-06,0.047817,0.060387
7.0174e-06,0.04781,0.060437
6.253e-06,0.047804,0.060489
5.5107e-06,0.047797,0.060542
4.7915e-06,0.04779,0.060596
4.0966e-06,0.047782,0.06065
3.4269e-06,0.047775,0.060705
2.7834e-06,0.047767,0.060761
2.1668e-06,0.047759,0.060817
1.5777e-06,0.047751,0.060874
1.0167e-06,0.047743,0.06093
4.8414e-07,0.047735,0.060987
-1.9594e-08,0.047726,0.061044
-4.9431e-07,0.047718,0.0611
-9.399e-07,0.047711,0.061156
-1.3563e-06,0.047703,0.061212
-1.7437e-06,0.047695,0.061267
-2.1022e-06,0.047687,0.061321
-2.432e-06,0.04768,0.061374
-2.7335e-06,0.047673,0.061426
-3.0071e-06,0.047666,0.061477
-3.2532e-06,0.047659,0.061527
-3.4726e-06,0.047653,0.061576
-3.6656e-06,0.047646,0.061623
-3.8331e-06,0.04764,0.061668
-3.9758e-06,0.047634,0.061712
-4.0944e-06,0.047629,0.061754
-4.1898e-06,0.047623,0.061794
-4.2629e-06,0.047618,0.061832
-4.3145e-06,0.047613,0.061868
-4.3456e-06,0.047608,0.061902
-4.3571e-06,0.047604,0.061933
-4.3501e-06,0.047599,0.061963
-4.3255e-06,0.047595,0.061989
-4.2843e-06,0.047591,0.062014
-4.2276e-06,0.047586,0.062036
-4.1565e-06,0.047582,0.062055
-4.0718e-06,0.047578,0.062072
-3.9748e-06,0.047574,0.062086
-3.8663e-06,0.04757,0.062097
-3.7474e-06,0.047566,0.062106
-3.6192e-06,0.047562,0.062112
-3.4825e-06,0.047558,0.062115
-3.3384e-06,0.047554,0.062116
-3.1878e-06,0.047549,0.062114
-3.0317e-06,0.047545,0.062109
-2.8709e-06,0.04754,0.062102
-2.7063e-06,0.047536,0.062092
-2.5388e-06,0.047531,0.062079
-2.3692e-06,0.047525,0.062063
-2.1982e-06,0.04752,0.062045
-2.0266e-06,0.047514,0.062025
-1.8551e-06,0.047508,0.062002
-1.6844e-06,0.047502,0.061976
-1.5152e-06,0.047496,0.061948
-1.348e-06,0.04749,0.061918
-1.1833e-06,0.047483,0.061885
-1.0218e-06,0.047476,0.061851
-8.6395e-07,0.047469,0.061814
-7.1012e-07,0.047462,0.061774
-5.6077e-07,0.047455,0.061733
-4.1626e-07,0.047448,0.06169
-2.7694e-07,0.047441,0.061645
-1.431e-07,0.047434,0.061599
-1.5021e-08,0.047427,0.06155
1.0708e-07,0.04742,0.0615
2.2301e-07,0.047413,0.061448
3.326e-07,0.047407,0.061395
4.3573e-07,0.047401,0.061341
5.3229e-07,0.047395,0.061285
6.2222e-07,0.04739,0.061228
7.0549e-07,0.047385,0.06117
7.8208e-07,0.047381,0.06111
8.5201e-07,0.047378,0.06105
9.1533e-07,0.047376,0.060989
9.7209e-07,0.047374,0.060927
1.0224e-06,0.047373,0.060864
1.0663e-06,0.047374,0.0608
1.1041e-06,0.047376,0.060736
1.1357e-06,0.047378,0.060672
1.1614e-06,0.047382,0.060607
1.1814e-06,0.047388,0.060542
1.1959e-06,0.047395,0.060476
1.205e-06,0.047403,0.06041
1.209e-06,0.047413,0.060345
1.2081e-06,0.047425,0.060279
1.2025e-06,0.047438,0.060213
1.1925e-06,0.047454,0.060147
1.1784e-06,0.04747,0.060081
1.1603e-06,0.047489,0.060016
1.1386e-06,0.04751,0.059951
1.1134e-06,0.047533,0.059886
1.0851e-06,0.047557,0.059822
1.0539e-06,0.047584,0.059758
1.0201e-06,0.047612,0.059694
9.8386e-07,0.047643,0.059632
9.4553e-07,0.047675,0.05957
9.0531e-07,0.047709,0.059508
8.6346e-07,0.047746,0.059447
8.2021e-07,0.047784,0.059387
7.7581e-07,0.047824,0.059328
7.3047e-07,0.047866,0.05927
6.8441e-07,0.04791,0.059213
6.3785e-07,0.047955,0.059156
5.9099e-07,0.048002,0.059101
5.4403e-07,0.048051,0.059047
4.9716e-07,0.048101,0.058994
4.5054e-07,0.048153,0.058941
4.0436e-07,0.048205,0.058891
3.5877e-07,0.048259,0.058841
3.1391e-07,0.048314,0.058792
2.6993e-07,0.04837,0.058745
2.2695e-07,0.048427,0.058699
1.8511e-07,0.048485,0.058655
1.4449e-07,0.048543,0.058611
1.0521e-07,0.048601,0.05857
6.7358e-08,0.04866,0.058529
3.1006e-08,0.048718,0.05849
-3.7725e-09,0.048777,0.058453
-3.6916e-08,0.048835,0.058417
-6.8374e-08,0.048893,0.058383
-9.8102e-08,0.048951,0.05835
-1.2607e-07,0.049007,0.058319
-1.5224e-07,0.049063,0.058289
-1.7662e-07,0.049117,0.058261
-1.9917e-07,0.049171,0.058235
-2.1991e-07,0.049222,0.05821
-2.3883e-07,0.049273,0.058187
-2.5596e-07,0.049321,0.058166
-2.713e-07,0.049367,0.058147
-2.8488e-07,0.049411,0.058129
-2.9673e-07,0.049453,0.058113
-3.0689e-07,0.049493,0.058099
-3.1539e-07,0.04953,0.058086
-3.2228e-07,0.049564,0.058076
-3.2762e-07,0.049595,0.058067
-3.3144e-07,0.049623,0.05806
-3.3381e-07,0.049648,0.058055
-3.3479e-07,0.04967,0.058051
-3.3444e-07,0.049689,0.05805
-3.3281e-07,0.049703,0.05805
-3.2999e-07,0.049715,0.058052
-3.2603e-07,0.049723,0.058056
-3.21e-07,0.049727,0.058061
-3.1497e-07,0.049727,0.058068
-3.0801e-07,0.049723,0.058077
-3.0019e-07,0.049716,0.058088
-2.9159e-07,0.049704,0.0581
-2.8227e-07,0.049689,0.058114
-2.723e-07,0.04967,0.05813
-2.6175e-07,0.049647,0.058147
-2.5069e-07,0.04962,0.058166
-2.3918e-07,0.049589,0.058186
-2.2729e-07,0.049555,0.058208
-2.1509e-07,0.049516,0.058232
-2.0263e-07,0.049475,0.058256
-1.8997e-07,0.049429,0.058283
-1.7718e-07,0.04938,0.05831
-1.6431e-07,0.049328,0.058339
-1.5141e-07,0.049272,0.058369
-1.3853e-07,0.049214,0.058401
-1.2572e-07,0.049152,0.058433
-1.1303e-07,0.049088,0.058467
-1.005e-07,0.049021,0.058501
-8.817e-08,0.048952,0.058537
-7.608e-08,0.048881,0.058574
-6.4266e-08,0.048807,0.058611
-5.2758e-08,0.048732,0.058649
-4.1587e-08,0.048655,0.058688
-3.0781e-08,0.048576,0.058728
-2.0364e-08,0.048497,0.058768
-1.0357e-08,0.048416,0.058809
-7.8041e-10,0.048335,0.05885
8.3497e-09,0.048253,0.058891
1.7019e-08,0.048171,0.058933
2.5216e-08,0.04809,0.058975
3.293e-08,0.048008,0.059017
4.0156e-08,0.047927,0.059058
4.6887e-08,0.047847,0.0591
5.3122e-08,0.047768,0.059141
5.8859e-08,0.047691,0.059182
6.41e-08,0.047614,0.059222
6.8849e-08,0.04754,0.059262
7.3108e-08,0.047468,0.059301
7.6887e-08,0.047399,0.059339
8.0191e-08,0.047331,0.059376
8.3031e-08,0.047267,0.059413
8.5418e-08,0.047206,0.059448
8.7364e-08,0.047148,0.059482
8.8882e-08,0.047093,0.059514
8.9986e-08,0.047042,0.059546
9.0691e-08,0.046995,0.059575
9.1014e-08,0.046952,0.059604
9.0971e-08,0.046913,0.05963
9.0579e-08,0.046878,0.059655
8.9857e-08,0.046848,0.059678
8.8822e-08,0.046822,0.059699
8.7493e-08,0.046801,0.059719
8.589e-08,0.046785,0.059736
8.4031e-08,0.046774,0.059752
8.1935e-08,0.046767,0.059766
7.9622e-08,0.046766,0.059777
7.7111e-08,0.046769,0.059787
7.442e-08,0.046778,0.059795
7.1569e-08,0.046792,0.059801
6.8576e-08,0.04681,0.059804
6.5459e-08,0.046834,0.059806
6.2236e-08,0.046862,0.059806
5.8924e-08,0.046895,0.059804
5.5541e-08,0.046933,0.059801
5.2103e-08,0.046976,0.059795
4.8625e-08,0.047023,0.059788
4.5123e-08,0.047075,0.059779
4.1612e-08,0.047131,0.059769
3.8105e-08,0.047191,0.059758
3.4615e-08,0.047256,0.059745
3.1156e-08,0.047324,0.05973
2.774e-08,0.047396,0.059715
2.4377e-08,0.047471,0.059698
2.1077e-08,0.047549,0.059681
1.7852e-08,0.047631,0.059663
1.4709e-08,0.047715,0.059644
1.1656e-08,0.047802,0.059624
8.7025e-09,0.047891,0.059604
5.8537e-09,0.047983,0.059584
3.1161e-09,0.048076,0.059563
4.95e-10,0.048171,0.059543
-2.005e-09,0.048267,0.059522
-4.3799e-09,0.048364,0.059502
-6.6265e-09,0.048462,0.059482
-8.7421e-09,0.048561,0.059462
-1.0725e-08,0.04866,0.059443
-1.2573e-08,0.048759,0.059424
-1.4286e-08,0.048857,0.059407
-1.5863e-08,0.048956,0.05939
-1.7306e-08,0.049053,0.059374
-1.8614e-08,0.04915,0.059359
-1.9789e-08,0.049245,0.059346
-2.0832e-08,0.049339,0.059333
-2.1746e-08,0.049432,0.059322
-2.2534e-08,0.049522,0.059312
-2.3197e-08,0.04961,0.059304
-2.374e-08,0.049696,0.059297
-2.4166e-08,0.04978,0.059292
-2.4479e-08,0.049861,0.059288
-2.4683e-08,0.049939,0.059286
-2.4783e-08,0.050013,0.059286
-2.4782e-08,0.050085,0.059287
-2.4685e-08,0.050153,0.05929
-2.4498e-08,0.050218,0.059295
-2.4225e-08,0.050278,0.059301
-2.3872e-08,0.050336,0.059309
-2.3443e-08,0.050389,0.059318
-2.2944e-08,0.050438,0.05933
-2.2381e-08,0.050483,0.059343
-2.1757e-08,0.050523,0.059357
-2.1078e-08,0.05056,0.059373
-2.0351e-08,0.050592,0.05939
-1.9579e-08,0.050619,0.059409
-1.8768e-08,0.050642,0.059429
-1.7922e-08,0.050661,0.059451
-1.7047e-08,0.050675,0.059474
-1.6148e-08,0.050684,0.059497
-1.5228e-08,0.050689,0.059522
-1.4293e-08,0.050689,0.059548
-1.3347e-08,0.050685,0.059575
-1.2393e-08,0.050676,0.059602
-1.1437e-08,0.050663,0.05963
-1.0481e-08,0.050645,0.059659
-9.5303e-09,0.050623,0.059688
-8.5871e-09,0.050596,0.059717
-7.6551e-09,0.050566,0.059747
-6.7373e-09,0.050531,0.059777
-5.8366e-09,0.050492,0.059806
-4.9557e-09,0.050449,0.059836
-4.0971e-09,0.050403,0.059865
-3.2629e-09,0.050352,0.059894
-2.4553e-09,0.050298,0.059922
-1.6762e-09,0.050241,0.05995
-9.271e-10,0.05018,0.059977
-2.0963e-10,0.050117,0.060003
4.7498e-10,0.05005,0.060028
1.1256e-09,0.04998,0.060052
1.7414e-09,0.049908,0.060075
2.3216e-09,0.049833,0.060097
2.8656e-09,0.049756,0.060117
3.373e-09,0.049677,0.060136
3.8436e-09,0.049596,0.060154
4.2773e-09,0.049513,0.060169
4.6742e-09,0.049429,0.060184
5.0344e-09,0.049343,0.060196
5.3584e-09,0.049257,0.060207
5.6464e-09,0.049169,0.060216
5.8992e-09,0.04908,0.060223
6.1174e-09,0.048991,0.060228
6.3018e-09,0.048901,0.060231
6.4532e-09,0.048812,0.060232
6.5727e-09,0.048722,0.060232
6.6612e-09,0.048633,0.060229
6.7199e-09,0.048543,0.060224
6.75e-09,0.048455,0.060218
6.7526e-09,0.048367,0.06021
6.7291e-09,0.04828,0.0602
6.6807e-09,0.048194,0.060188
6.6089e-09,0.04811,0.060174
6.5149e-09,0.048027,0.060158
6.4003e-09,0.047945,0.060141
6.2664e-09,0.047865,0.060122
6.1146e-09,0.047787,0.060102
5.9464e-09,0.047711,0.06008
5.7631e-09,0.047637,0.060057
5.5663e-09,0.047566,0.060033
5.3572e-09,0.047496,0.060007
5.1373e-09,0.04743,0.05998
4.9079e-09,0.047365,0.059953
4.6704e-09,0.047304,0.059924
4.426e-09,0.047245,0.059894
4.176e-09,0.047189,0.059864
3.9217e-09,0.047135,0.059833
3.6642e-09,0.047085,0.059802
3.4046e-09,0.047037,0.05977
3.1441e-09,0.046992,0.059738
2.8837e-09,0.046951,0.059706
2.6244e-09,0.046912,0.059674
2.3672e-09,0.046876,0.059642
2.1129e-09,0.046843,0.05961
1.8624e-09,0.046813,0.059578
1.6165e-09,0.046786,0.059547
1.3759e-09,0.046762,0.059516
1.1413e-09,0.04674,0.059486
9.1332e-10,0.046721,0.059457
6.925e-10,0.046705,0.059428
4.7938e-10,0.046691,0.0594
2.744e-10,0.04668,0.059374
7.7995e-11,0.046671,0.059348
-1.095e-10,0.046665,0.059324
-2.8777e-10,0.04666,0.059301
-4.5657e-10,0.046658,0.059279
-6.1568e-10,0.046658,0.059259
-7.6495e-10,0.04666,0.05924
-9.0428e-10,0.046663,0.059223
-1.0336e-09,0.046668,0.059207
-1.1528e-09,0.046675,0.059193
-1.262e-09,0.046682,0.05918
-1.3612e-09,0.046692,0.059169
-1.4506e-09,0.046702,0.05916
-1.5301e-09,0.046713,0.059152
-1.6e-09,0.046725,0.059147
-1.6604e-09,0.046738,0.059142
-1.7117e-09,0.046752,0.05914
-1.7539e-09,0.046766,0.059139
-1.7874e-09,0.046781,0.059139
-1.8124e-09,0.046796,0.059141
-1.8292e-09,0.046812,0.059145
-1.8383e-09,0.046827,0.05915
-1.8398e-09,0.046843,0.059156
-1.8341e-09,0.046858,0.059163
-1.8217e-09,0.046874,0.059172
-1.8028e-09,0.046889,0.059181
-1.7778e-09,0.046904,0.059192
-1.7472e-09,0.046919,0.059203
-1.7112e-09,0.046934,0.059215
-1.6704e-09,0.046948,0.059227
-1.625e-09,0.046962,0.05924
-1.5755e-09,0.046975,0.059253
-1.5223e-09,0.046988,0.059267
-1.4657e-09,0.047001,0.05928
-1.4061e-09,0.047013,0.059294
-1.3438e-09,0.047024,0.059307
-1.2793e-09,0.047035,0.059319
-1.2129e-09,0.047046,0.059332
-1.145e-09,0.047057,0.059343
-1.0758e-09,0.047067,0.059354
-1.0057e-09,0.047076,0.059364
-9.3506e-10,0.047086,0.059373
-8.641e-10,0.047095,0.05938
-7.9315e-10,0.047104,0.059386
-7.2246e-10,0.047112,0.059391
-6.5231e-10,0.047121,0.059395
-5.8294e-10,0.04713,0.059396
-5.1457e-10,0.047139,0.059396
-4.4743e-10,0.047147,0.059394
-3.8172e-10,0.047156,0.05939
-3.1762e-10,0.047166,0.059385
-2.553e-10,0.047175,0.059377
-1.9493e-10,0.047185,0.059367
-1.3663e-10,0.047195,0.059355
-8.0545e-11,0.047206,0.059341
-2.6781e-11,0.047218,0.059324
2.4563e-11,0.04723,0.059306
7.3402e-11,0.047243,0.059285
1.1967e-10,0.047257,0.059262
1.633e-10,0.047271,0.059238
2.0425e-10,0.047287,0.059211
2.425e-10,0.047303,0.059182
2.7801e-10,0.047321,0.059151
3.1079e-10,0.047339,0.059119
3.4083e-10,0.047359,0.059085
3.6814e-10,0.047379,0.059049
3.9275e-10,0.047401,0.059012
4.147e-10,0.047424,0.058974
4.3401e-10,0.047449,0.058934
4.5074e-10,0.047474,0.058894
4.6495e-10,0.047501,0.058853
4.767e-10,0.047529,0.058811
4.8606e-10,0.047558,0.058769
4.931e-10,0.047588,0.058727
4.9792e-10,0.04762,0.058686
5.0058e-10,0.047653,0.058644
5.0119e-10,0.047687,0.058603
4.9984e-10,0.047722,0.058563
4.9662e-10,0.047758,0.058524
4.9163e-10,0.047795,0.058486
4.8499e-10,0.047833,0.058451
4.7678e-10,0.047871,0.058417
4.6712e-10,0.047911,0.058385
4.5611e-10,0.047952,0.058356
4.4385e-10,0.047993,0.058329
4.3046e-10,0.048035,0.058306
4.1603e-10,0.048077,0.058286
4.0068e-10,0.04812,0.058269
3.845e-10,0.048163,0.058257
3.6759e-10,0.048206,0.058248
3.5006e-10,0.048249,0.058244
3.3199e-10,0.048293,0.058245
3.135e-10,0.048336,0.05825
2.9466e-10,0.04838,0.05826
2.7556e-10,0.048423,0.058276
2.563e-10,0.048466,0.058297
2.3695e-10,0.048508,0.058324
2.176e-10,0.04855,0.058357
1.9831e-10,0.048592,0.058396
1.7916e-10,0.048632,0.05844
1.6022e-10,0.048672,0.058491
1.4155e-10,0.048711,0.058548
1.232e-10,0.048749,0.058612
1.0524e-10,0.048786,0.058682
8.7718e-11,0.048821,0.058758
7.0677e-11,0.048856,0.05884
5.4163e-11,0.048889,0.058929
3.8215e-11,0.048921,0.059024
2.2868e-11,0.048951,0.059125
8.1531e-12,0.04898,0.059233
-5.9026e-12,0.049008,0.059346
-1.9275e-11,0.049033,0.059465
-3.1945e-11,0.049057,0.05959
-4.3896e-11,0.04908,0.05972
-5.5116e-11,0.0491,0.059855
-6.5594e-11,0.049119,0.059995
-7.5326e-11,0.049136,0.06014
-8.4308e-11,0.049151,0.060289
-9.254e-11,0.049164,0.060442
-1.0003e-10,0.049176,0.060599
-1.0677e-10,0.049186,0.06076
-1.1279e-10,0.049193,0.060924
-1.1808e-10,0.0492,0.06109
-1.2266e-10,0.049204,0.061258
-1.2655e-10,0.049207,0.061429
-1.2976e-10,0.049208,0.061601
-1.3232e-10,0.049207,0.061774
-1.3424e-10,0.049205,0.061948
-1.3555e-10,0.049201,0.062122
-1.3626e-10,0.049196,0.062297
-1.3641e-10,0.04919,0.06247
-1.3602e-10,0.049182,0.062643
-1.3512e-10,0.049174,0.062814
-1.3372e-10,0.049164,0.062984
-1.3187e-10,0.049154,0.063151
-1.2959e-10,0.049143,0.063316
-1.2691e-10,0.049131,0.063477
-1.2385e-10,0.049119,0.063636
-1.2045e-10,0.049107,0.06379
-1.1673e-10,0.049094,0.063941
-1.1273e-10,0.049082,0.064087
-1.0848e-10,0.04907,0.064229
-1.0399e-10,0.049058,0.064365
-9.9306e-11,0.049046,0.064496
-9.4447e-11,0.049036,0.064622
-8.9442e-11,0.049026,0.064742
-8.4317e-11,0.049017,0.064855
-7.9098e-11,0.04901,0.064963
-7.3809e-11,0.049004,0.065064
-6.8475e-11,0.048999,0.065159
-6.3118e-11,0.048996,0.065248
-5.776e-11,0.048995,0.06533
-5.2423e-11,0.048995,0.065405
-4.7127e-11,0.048998,0.065474
-4.189e-11,0.049003,0.065536
-3.6731e-11,0.049011,0.065592
-3.1666e-11,0.049021,0.065641
-2.6712e-11,0.049033,0.065684
-2.1882e-11,0.049048,0.065721
-1.7191e-11,0.049065,0.065752
-1.2651e-11,0.049086,0.065777
-8.2726e-12,0.049109,0.065797
-4.067e-12,0.049135,0.065812
-4.2908e-14,0.049163,0.065822
3.7916e-12,0.049195,0.065828
7.4294e-12,0.049229,0.065829
1.0865e-11,0.049265,0.065827
1.4093e-11,0.049305,0.065822
1.7109e-11,0.049347,0.065814
1.9911e-11,0.049391,0.065804
2.2497e-11,0.049438,0.065792
2.4865e-11,0.049487,0.065779
2.7015e-11,0.049538,0.065766
2.8947e-11,0.049591,0.065752
3.0664e-11,0.049645,0.06574
3.2167e-11,0.049701,0.065728
3.3458e-11,0.049758,0.065718
3.4542e-11,0.049816,0.065711
3.5422e-11,0.049875,0.065707
3.6104e-11,0.049934,0.065707
3.6592e-11,0.049993,0.065711
3.6892e-11,0.050052,0.065721
3.7011e-11,0.050111,0.065736
3.6955e-11,0.050168,0.065758
3.6732e-11,0.050224,0.065787
3.6348e-11,0.050279,0.065825
3.5812e-11,0.050331,0.06587
3.5132e-11,0.050381,0.065925
3.4316e-11,0.050429,0.06599
3.3373e-11,0.050472,0.066065
3.2311e-11,0.050512,0.066151
3.1139e-11,0.050548,0.066249
2.9866e-11,0.050579,0.066359
2.8502e-11,0.050606,0.066482
2.7055e-11,0.050626,0.066618
2.5534e-11,0.050641,0.066768
2.3949e-11,0.050649,0.066931
2.2308e-11,0.05065,0.06711
2.0622e-11,0.050644,0.067303
1.8897e-11,0.05063,0.067511
1.7144e-11,0.050608,0.067735
1.5371e-11,0.050577,0.067975
1.3587e-11,0.050537,0.06823
1.1799e-11,0.050487,0.068502
1.0017e-11,0.050427,0.068789
8.2472e-12,0.050358,0.069093
6.4983e-12,0.050277,0.069413
4.7774e-12,0.050185,0.069748
3.0918e-12,0.050083,0.0701
1.4485e-12,0.049968,0.070468
-1.4595e-13,0.049841,0.070851
-1.6852e-12,0.049703,0.071249
-3.1632e-12,0.049551,0.071661
-4.5741e-12,0.049388,0.072088
-5.9127e-12,0.049211,0.072529
-7.1738e-12,0.049022,0.072984
-8.3527e-12,0.048819,0.073451
-9.4451e-12,0.048604,0.07393
-1.0447e-11,0.048375,0.07442
-1.1354e-11,0.048133,0.07492
-1.2164e-11,0.047879,0.07543
-1.2874e-11,0.047611,0.075949
-1.348e-11,0.047331,0.076476
-1.3981e-11,0.047039,0.077009
-1.4375e-11,0.046734,0.077548
-1.466e-11,0.046417,0.078091
-1.4836e-11,0.046089,0.078637
-1.4902e-11,0.045749,0.079185
-1.4857e-11,0.045399,0.079735
-1.4702e-11,0.045038,0.080283
-1.4437e-11,0.044668,0.080829
-1.4063e-11,0.044289,0.081372
-1.3581e-11,0.043901,0.081911
-1.2993e-11,0.043505,0.082442
-1.2301e-11,0.043103,0.082967
-1.1507e-11,0.042694,0.083481
-1.0614e-11,0.042279,0.083985
-9.6255e-12,0.04186,0.084476
-8.5446e-12,0.041438,0.084954
-7.3755e-12,0.041012,0.085416
-6.1222e-12,0.040585,0.08586
-4.7894e-12,0.040158,0.086286
-3.382e-12,0.039731,0.086692
-1.9053e-12,0.039305,0.087075
-3.6505e-13,0.038882,0.087435
1.2329e-12,0.038463,0.08777
2.8823e-12,0.038049,0.088079
4.5766e-12,0.037641,0.08836
6.3088e-12,0.03724,0.088611
8.0718e-12,0.036849,0.088832
9.8582e-12,0.036467,0.08902
1.166e-11,0.036097,0.089175
1.347e-11,0.035739,0.089295
1.528e-11,0.035394,0.089379
1.7081e-11,0.035065,0.089427
1.8864e-11,0.034753,0.089436
2.0622e-11,0.034457,0.089406
2.2344e-11,0.034181,0.089336
2.4023e-11,0.033925,0.089225
2.5649e-11,0.033689,0.089073
2.7213e-11,0.033477,0.088878
2.8705e-11,0.033287,0.088641
3.0117e-11,0.033123,0.08836
3.1439e-11,0.032984,0.088036
3.2662e-11,0.032871,0.087668
3.3777e-11,0.032787,0.087255
3.4775e-11,0.03273,0.086798
3.5646e-11,0.032704,0.086297
3.6382e-11,0.032707,0.085753
3.6975e-11,0.032741,0.085164
3.7416e-11,0.032807,0.084531
3.7697e-11,0.032905,0.083856
3.7811e-11,0.033036,0.083139
3.7749e-11,0.0332,0.082379
3.7505e-11,0.033397,0.081579
3.7073e-11,0.033628,0.080738
3.6446e-11,0.033893,0.079859
3.5618e-11,0.034192,0.078941
3.4585e-11,0.034525,0.077987
3.3342e-11,0.034892,0.076997
3.1886e-11,0.035292,0.075973
3.0212e-11,0.035726,0.074916
2.832e-11,0.036193,0.073829
2.6206e-11,0.036693,0.072712
2.387e-11,0.037224,0.071567
2.1313e-11,0.037787,0.070397
1.8534e-11,0.03838,0.069203
1.5536e-11,0.039003,0.067986
1.2321e-11,0.039655,0.06675
8.8934e-12,0.040334,0.065496
5.257e-12,0.04104,0.064227
1.4176e-12,0.041772,0.062943
-2.6179e-12,0.042527,0.061649
-6.8418e-12,0.043305,0.060345
-1.1245e-11,0.044104,0.059034
-1.5818e-11,0.044922,0.057719
-2.055e-11,0.045758,0.056401
-2.5427e-11,0.046611,0.055084
-3.0438e-11,0.047478,0.053769
-3.5567e-11,0.048358,0.052458
-4.0799e-11,0.049248,0.051154
-4.6117e-11,0.050148,0.049859
-5.1502e-11,0.051054,0.048576
-5.6937e-11,0.051966,0.047306
-6.2401e-11,0.05288,0.046052
-6.7873e-11,0.053795,0.044816
-7.3331e-11,0.054709,0.043599
-7.8751e-11,0.05562,0.042404
-8.411e-11,0.056526,0.041233
-8.9383e-11,0.057425,0.040088
-9.4544e-11,0.058314,0.03897
-9.9566e-11,0.059191,0.037882
-1.0442e-10,0.060055,0.036824
-1.0909e-10,0.060904,0.035798
-1.1353e-10,0.061735,0.034807
-1.1772e-10,0.062548,0.03385
-1.2163e-10,0.063339,0.03293
-1.2523e-10,0.064106,0.032048
-1.2849e-10,0.06485,0.031204
-1.3138e-10,0.065567,0.030401
-1.3388e-10,0.066255,0.029638
-1.3594e-10,0.066915,0.028916
-1.3755e-10,0.067543,0.028237
-1.3867e-10,0.068139,0.0276
-1.3928e-10,0.068701,0.027006
-1.3935e-10,0.069228,0.026457
-1.3885e-10,0.06972,0.025951
-1.3775e-10,0.070174,0.025489
-1.3604e-10,0.070591,0.025071
-1.3369e-10,0.070969,0.024697
-1.3067e-10,0.071307,0.024367
-1.2697e-10,0.071606,0.024081
-1.2257e-10,0.071864,0.023839
-1.1745e-10,0.072082,0.023639
-1.116e-10,0.072259,0.023482
-1.05e-10,0.072395,0.023367
-9.7654e-11,0.07249,0.023294
-8.9545e-11,0.072544,0.023261
-8.0672e-11,0.072558,0.023267
-7.1033e-11,0.072531,0.023313
-6.0629e-11,0.072465,0.023396
-4.9466e-11,0.072359,0.023517
-3.7552e-11,0.072215,0.023674
-2.4897e-11,0.072033,0.023865
-1.1518e-11,0.071814,0.02409
2.568e-12,0.071559,0.024347
1.7337e-11,0.071269,0.024636
3.2764e-11,0.070945,0.024954
4.8817e-11,0.07059,0.025301
6.5463e-11,0.070202,0.025676
8.2663e-11,0.069786,0.026076
1.0038e-10,0.06934,0.026501
1.1855e-10,0.068868,0.026949
1.3714e-10,0.068371,0.027419
1.5609e-10,0.06785,0.027909
1.7534e-10,0.067308,0.028418
1.9483e-10,0.066745,0.028944
2.1449e-10,0.066163,0.029487
2.3425e-10,0.065565,0.030044
2.5402e-10,0.064953,0.030615
2.7375e-10,0.064327,0.031197
2.9333e-10,0.06369,0.03179
3.1269e-10,0.063043,0.032393
3.3174e-10,0.062389,0.033003
3.5038e-10,0.061729,0.03362
3.6852e-10,0.061066,0.034242
3.8605e-10,0.0604,0.034868
4.0289e-10,0.059734,0.035498
4.1893e-10,0.059069,0.036129
4.3406e-10,0.058407,0.03676
4.4817e-10,0.05775,0.037392
4.6116e-10,0.057099,0.038021
4.7293e-10,0.056456,0.038648
4.8336e-10,0.055822,0.039272
4.9235e-10,0.055199,0.039891
4.9979e-10,0.054589,0.040504
5.0557e-10,0.053991,0.041111
5.0958e-10,0.053409,0.041711
5.1174e-10,0.052842,0.042303
5.1192e-10,0.052293,0.042886
5.1005e-10,0.051761,0.04346
5.0601e-10,0.051249,0.044023
4.9973e-10,0.050756,0.044576
4.9112e-10,0.050284,0.045117
4.801e-10,0.049834,0.045646
4.6659e-10,0.049405,0.046162
4.5052e-10,0.048999,0.046666
4.3184e-10,0.048616,0.047156
4.105e-10,0.048257,0.047632
3.8644e-10,0.047921,0.048094
3.5964e-10,0.04761,0.048541
3.3006e-10,0.047322,0.048973
2.9768e-10,0.047059,0.04939
2.6251e-10,0.04682,0.049791
2.2455e-10,0.046605,0.050177
1.838e-10,0.046415,0.050547
1.4031e-10,0.046248,0.0509
9.4105e-11,0.046104,0.051238
4.5246e-11,0.045984,0.05156
-6.2024e-12,0.045887,0.051865
-6.0159e-11,0.045812,0.052154
-1.1653e-10,0.045758,0.052427
-1.752e-10,0.045726,0.052683
-2.3606e-10,0.045715,0.052924
-2.9896e-10,0.045723,0.053148
-3.6374e-10,0.045751,0.053357
-4.3024e-10,0.045797,0.05355
-4.9828e-10,0.04586,0.053727
-5.6766e-10,0.04594,0.053889
-6.3815e-10,0.046037,0.054036
-7.0953e-10,0.046148,0.054167
-7.8156e-10,0.046273,0.054284
-8.5398e-10,0.046411,0.054387
-9.265e-10,0.046562,0.054476
-9.9885e-10,0.046724,0.054551
-1.0707e-09,0.046896,0.054612
-1.1418e-09,0.047077,0.05466
-1.2118e-09,0.047267,0.054696
-1.2803e-09,0.047464,0.054719
-1.347e-09,0.047668,0.054729
-1.4115e-09,0.047877,0.054729
-1.4735e-09,0.04809,0.054717
-1.5326e-09,0.048307,0.054694
-1.5885e-09,0.048526,0.05466
-1.6406e-09,0.048748,0.054617
-1.6887e-09,0.04897,0.054563
-1.7323e-09,0.049192,0.054501
-1.771e-09,0.049413,0.054429
-1.8045e-09,0.049633,0.054349
-1.8324e-09,0.04985,0.05426
-1.8542e-09,0.050064,0.054164
-1.8696e-09,0.050275,0.054061
-1.8782e-09,0.05048,0.05395
-1.8796e-09,0.050681,0.053833
-1.8735e-09,0.050876,0.05371
-1.8595e-09,0.051065,0.05358
-1.8373e-09,0.051248,0.053445
-1.8065e-09,0.051423,0.053305
-1.767e-09,0.05159,0.05316
-1.7184e-09,0.05175,0.05301
-1.6604e-09,0.051901,0.052856
-1.5928e-09,0.052043,0.052698
-1.5155e-09,0.052177,0.052536
-1.4282e-09,0.052302,0.05237
-1.3309e-09,0.052417,0.052202
-1.2234e-09,0.052524,0.052031
-1.1057e-09,0.05262,0.051857
-9.7764e-10,0.052707,0.05168
-8.3937e-10,0.052785,0.051502
-6.909e-10,0.052853,0.051321
-5.3232e-10,0.052912,0.051139
-3.6378e-10,0.052961,0.050955
-1.8546e-10,0.053001,0.05077
2.3779e-12,0.053032,0.050584
1.9946e-10,0.053054,0.050397
4.0544e-10,0.053067,0.05021
6.1992e-10,0.053071,0.050022
8.4246e-10,0.053068,0.049833
1.0725e-09,0.053056,0.049644
1.3096e-09,0.053037,0.049456
1.5531e-09,0.05301,0.049267
1.8023e-09,0.052976,0.049079
2.0564e-09,0.052935,0.048892
2.3148e-09,0.052888,0.048705
2.5765e-09,0.052835,0.04852
2.8406e-09,0.052776,0.048335
3.1063e-09,0.052712,0.048151
3.3726e-09,0.052643,0.047969
3.6382e-09,0.052569,0.047789
3.9023e-09,0.052491,0.04761
4.1636e-09,0.05241,0.047433
4.4209e-09,0.052325,0.047259
4.673e-09,0.052237,0.047087
4.9186e-09,0.052146,0.046917
5.1565e-09,0.052053,0.04675
5.3852e-09,0.051959,0.046586
5.6033e-09,0.051863,0.046425
5.8096e-09,0.051765,0.046268
6.0025e-09,0.051667,0.046114
6.1807e-09,0.051568,0.045964
6.3426e-09,0.05147,0.045819
6.4868e-09,0.051371,0.045677
6.612e-09,0.051273,0.04554
6.7165e-09,0.051175,0.045408
6.7991e-09,0.051079,0.045281
6.8582e-09,0.050983,0.04516
6.8925e-09,0.050889,0.045044
6.9006e-09,0.050796,0.044934
6.8812e-09,0.050706,0.044829
6.833e-09,0.050617,0.044732
6.7548e-09,0.05053,0.04464
6.6455e-09,0.050445,0.044556
6.5039e-09,0.050363,0.044479
6.329e-09,0.050283,0.044409
6.1199e-09,0.050206,0.044347
5.8758e-09,0.050131,0.044292
5.5959e-09,0.050058,0.044245
5.2796e-09,0.049988,0.044207
4.9263e-09,0.049921,0.044177
4.5358e-09,0.049856,0.044155
4.1077e-09,0.049794,0.044142
3.6419e-09,0.049734,0.044139
3.1384e-09,0.049677,0.044144
2.5974e-09,0.049622,0.044158
2.0193e-09,0.04957,0.044181
1.4046e-09,0.049519,0.044214
7.5392e-10,0.049471,0.044256
6.8152e-11,0.049425,0.044308
-6.5166e-10,0.049381,0.044369
-1.4043e-09,0.049339,0.04444
-2.1883e-09,0.049298,0.04452
-3.002e-09,0.04926,0.044609
-3.8437e-09,0.049223,0.044707
-4.7113e-09,0.049187,0.044815
-5.6025e-09,0.049153,0.044932
-6.515e-09,0.04912,0.045058
-7.4461e-09,0.049088,0.045193
-8.3929e-09,0.049057,0.045336
-9.3524e-09,0.049028,0.045488
-1.0321e-08,0.048999,0.045648
-1.1296e-08,0.048971,0.045816
-1.2273e-08,0.048943,0.045992
-1.3249e-08,0.048917,0.046174
-1.4219e-08,0.048891,0.046364
-1.518e-08,0.048866,0.046561
-1.6126e-08,0.048841,0.046763
-1.7054e-08,0.048817,0.046972
-1.7958e-08,0.048793,0.047186
-1.8834e-08,0.048769,0.047405
-1.9678e-08,0.048746,0.047629
-2.0483e-08,0.048724,0.047856
-2.1245e-08,0.048702,0.048088
-2.1959e-08,0.04868,0.048323
-2.2619e-08,0.048658,0.04856
-2.322e-08,0.048638,0.048799
-2.3757e-08,0.048617,0.04904
-2.4224e-08,0.048597,0.049283
-2.4616e-08,0.048578,0.049526
-2.4928e-08,0.048559,0.049768
-2.5155e-08,0.048541,0.050011
-2.5291e-08,0.048523,0.050253
-2.5331e-08,0.048506,0.050493
-2.5271e-08,0.04849,0.050731
-2.5106e-08,0.048474,0.050966
-2.4831e-08,0.04846,0.051199
-2.4442e-08,0.048446,0.051428
-2.3935e-08,0.048433,0.051654
-2.3307e-08,0.048421,0.051875
-2.2553e-08,0.04841,0.052091
-2.1671e-08,0.0484,0.052302
-2.0657e-08,0.048391,0.052507
-1.9511e-08,0.048384,0.052706
-1.8229e-08,0.048377,0.052899
-1.681e-08,0.048372,0.053085
-1.5253e-08,0.048368,0.053264
-1.3558e-08,0.048365,0.053435
-1.1725e-08,0.048363,0.053599
-9.7537e-09,0.048363,0.053755
-7.6461e-09,0.048364,0.053903
-5.4037e-09,0.048367,0.054043
-3.0292e-09,0.048371,0.054174
-5.2538e-10,0.048376,0.054297
2.1038e-09,0.048382,0.05441
4.854e-09,0.04839,0.054515
7.72e-09,0.048399,0.054611
1.0696e-08,0.04841,0.054698
1.3775e-08,0.048422,0.054776
1.695e-08,0.048435,0.054845
2.0213e-08,0.048449,0.054905
2.3555e-08,0.048464,0.054955
2.6967e-08,0.048481,0.054997
3.0437e-08,0.048499,0.055031
3.3955e-08,0.048518,0.055055
3.7509e-08,0.048538,0.055071
4.1087e-08,0.048558,0.055078
4.4674e-08,0.04858,0.055077
4.8257e-08,0.048603,0.055068
5.1822e-08,0.048626,0.055051
5.5353e-08,0.04865,0.055027
5.8834e-08,0.048675,0.054995
6.2248e-08,0.048701,0.054955
6.5579e-08,0.048727,0.054909
6.8809e-08,0.048753,0.054855
7.1919e-08,0.04878,0.054795
7.4892e-08,0.048807,0.054729
7.7709e-08,0.048835,0.054657
8.035e-08,0.048862,0.05458
8.2796e-08,0.04889,0.054496
8.5028e-08,0.048917,0.054408
8.7025e-08,0.048945,0.054315
8.877e-08,0.048972,0.054217
9.0241e-08,0.048999,0.054115
9.142e-08,0.049026,0.054009
9.2287e-08,0.049052,0.0539
9.2824e-08,0.049078,0.053787
9.3012e-08,0.049104,0.053671
9.2833e-08,0.049129,0.053552
9.227e-08,0.049153,0.053431
9.1306e-08,0.049176,0.053307
8.9925e-08,0.049199,0.053182
8.8113e-08,0.04922,0.053054
8.5855e-08,0.049241,0.052926
8.3139e-08,0.049261,0.052796
7.9952e-08,0.04928,0.052665
7.6286e-08,0.049298,0.052534
7.213e-08,0.049315,0.052403
6.7478e-08,0.04933,0.052271
6.2325e-08,0.049345,0.052139
5.6665e-08,0.049358,0.052008
5.0497e-08,0.04937,0.051877
4.3821e-08,0.049381,0.051747
3.6639e-08,0.049391,0.051618
2.8956e-08,0.0494,0.05149
2.0776e-08,0.049407,0.051364
1.211e-08,0.049413,0.051239
2.9676e-09,0.049418,0.051116
-6.6371e-09,0.049422,0.050995
-1.6688e-08,0.049425,0.050876
-2.7167e-08,0.049426,0.05076
-3.8052e-08,0.049427,0.050646
-4.932e-08,0.049426,0.050534
-6.0944e-08,0.049424,0.050426
-7.2894e-08,0.049421,0.050321
-8.5138e-08,0.049417,0.050219
-9.7641e-08,0.049412,0.050121
-1.1037e-07,0.049406,0.050026
-1.2327e-07,0.049399,0.049935
-1.3631e-07,0.049392,0.049847
-1.4945e-07,0.049383,0.049764
-1.6263e-07,0.049373,0.049685
-1.758e-07,0.049363,0.04961
-1.8891e-07,0.049352,0.049539
-2.019e-07,0.04934,0.049473
-2.1472e-07,0.049328,0.049412
-2.273e-07,0.049314,0.049355
-2.3958e-07,0.049301,0.049303
-2.515e-07,0.049286,0.049256
-2.6299e-07,0.049271,0.049215
-2.7398e-07,0.049256,0.049178
-2.8441e-07,0.04924,0.049146
-2.9421e-07,0.049223,0.04912
-3.033e-07,0.049207,0.049099
-3.1161e-07,0.049189,0.049083
-3.1908e-07,0.049172,0.049073
-3.2562e-07,0.049154,0.049068
-3.3118e-07,0.049136,0.049068
-3.3567e-07,0.049117,0.049074
-3.3903e-07,0.049099,0.049085
-3.4118e-07,0.04908,0.049102
-3.4207e-07,0.049061,0.049124
-3.4162e-07,0.049042,0.049151
-3.3977e-07,0.049023,0.049183
-3.3646e-07,0.049003,0.04922
-3.3163e-07,0.048984,0.049263
-3.2523e-07,0.048965,0.04931
-3.172e-07,0.048945,0.049363
-3.075e-07,0.048926,0.04942
-2.9608e-07,0.048907,0.049482
-2.8292e-07,0.048888,0.049549
-2.6796e-07,0.048868,0.04962
-2.512e-07,0.048849,0.049695
-2.326e-07,0.04883,0.049774
-2.1215e-07,0.048811,0.049858
-1.8984e-07,0.048793,0.049945
-1.6568e-07,0.048774,0.050037
-1.3967e-07,0.048755,0.050131
-1.1182e-07,0.048737,0.050229
-8.2162e-08,0.048719,0.050331
-5.0721e-08,0.048701,0.050435
-1.7539e-08,0.048683,0.050542
1.7336e-08,0.048665,0.050652
5.3844e-08,0.048648,0.050765
9.1918e-08,0.048631,0.050879
1.3148e-07,0.048614,0.050996
1.7244e-07,0.048597,0.051115
2.1471e-07,0.048581,0.051235
2.5817e-07,0.048565,0.051357
3.0271e-07,0.048549,0.051481
3.482e-07,0.048533,0.051605
3.945e-07,0.048518,0.051731
4.4147e-07,0.048503,0.051857
4.8894e-07,0.048489,0.051984
5.3675e-07,0.048475,0.052111
5.8471e-07,0.048462,0.052238
6.3265e-07,0.048448,0.052366
6.8037e-07,0.048436,0.052492
7.2765e-07,0.048424,0.052619
7.7429e-07,0.048413,0.052745
8.2007e-07,0.048402,0.05287
8.6476e-07,0.048392,0.052994
9.0811e-07,0.048382,0.053117
9.499e-07,0.048374,0.053238
9.8986e-07,0.048366,0.053358
1.0278e-06,0.048359,0.053476
1.0633e-06,0.048353,0.053591
1.0963e-06,0.048348,0.053705
1.1264e-06,0.048344,0.053816
1.1534e-06,0.048341,0.053925
1.1771e-06,0.048339,0.05403
1.1971e-06,0.048338,0.054133
1.2132e-06,0.048338,0.054232
1.2251e-06,0.048339,0.054328
1.2326e-06,0.048342,0.054421
1.2355e-06,0.048346,0.05451
1.2334e-06,0.048352,0.054594
1.2262e-06,0.048358,0.054675
1.2137e-06,0.048367,0.054751
1.1955e-06,0.048376,0.054823
1.1716e-06,0.048387,0.05489
1.1417e-06,0.0484,0.054952
1.1057e-06,0.048414,0.055009
1.0634e-06,0.04843,0.055062
1.0146e-06,0.048448,0.055108
9.5925e-07,0.048467,0.055149
8.9726e-07,0.048488,0.055185
8.2853e-07,0.04851,0.055215
7.5301e-07,0.048534,0.055239
6.7068e-07,0.04856,0.055257
5.8153e-07,0.048587,0.055268
4.8559e-07,0.048616,0.055274
3.8292e-07,0.048647,0.055273
2.736e-07,0.048679,0.055266
1.5776e-07,0.048713,0.055252
3.5535e-08,0.048749,0.055232
-9.2878e-08,0.048786,0.055205
-2.2726e-07,0.048825,0.055172
-3.6736e-07,0.048865,0.055132
-5.1288e-07,0.048906,0.055085
-6.6349e-07,0.048949,0.055031
-8.1883e-07,0.048993,0.054972
-9.7849e-07,0.049039,0.054905
-1.142e-06,0.049086,0.054832
-1.3089e-06,0.049133,0.054753
-1.4787e-06,0.049182,0.054667
-1.6508e-06,0.049233,0.054575
-1.8246e-06,0.049284,0.054476
-1.9995e-06,0.049336,0.054372
-2.1747e-06,0.049388,0.054262
-2.3496e-06,0.049442,0.054146
-2.5235e-06,0.049496,0.054025
-2.6955e-06,0.049551,0.053898
-2.8648e-06,0.049606,0.053767
-3.0306e-06,0.049662,0.05363
-3.192e-06,0.049718,0.053489
-3.3481e-06,0.049775,0.053343
-3.4979e-06,0.049831,0.053193
-3.6405e-06,0.049888,0.053039
-3.775e-06,0.049945,0.052882
-3.9002e-06,0.050002,0.052721
-4.0152e-06,0.050059,0.052557
-4.1189e-06,0.050115,0.05239
-4.2104e-06,0.050172,0.052221
-4.2885e-06,0.050227,0.05205
-4.3522e-06,0.050283,0.051877
-4.4005e-06,0.050338,0.051703
-4.4322e-06,0.050392,0.051527
-4.4464e-06,0.050446,0.051351
-4.4421e-06,0.050499,0.051174
-4.4181e-06,0.050551,0.050997
-4.3736e-06,0.050602,0.05082
-4.3075e-06,0.050653,0.050644
-4.2189e-06,0.050702,0.050469
-4.107e-06,0.05075,0.050295
-3.9708e-06,0.050798,0.050122
-3.8095e-06,0.050843,0.049952
-3.6224e-06,0.050888,0.049783
-3.4087e-06,0.050931,0.049618
-3.1678e-06,0.050973,0.049455
-2.8991e-06,0.051013,0.049295
-2.6021e-06,0.051052,0.049138
-2.2763e-06,0.05109,0.048986
-1.9213e-06,0.051125,0.048837
-1.5369e-06,0.051159,0.048693
-1.1228e-06,0.051192,0.048553
-6.7893e-07,0.051222,0.048417
-2.0529e-07,0.051251,0.048287
2.9807e-07,0.051278,0.048162
8.3097e-07,0.051303,0.048042
1.3931e-06,0.051326,0.047928
1.9841e-06,0.051347,0.047819
2.6035e-06,0.051366,0.047717
3.2507e-06,0.051382,0.04762
3.9248e-06,0.051397,0.04753
4.6251e-06,0.05141,0.047445
5.3507e-06,0.05142,0.047367
6.1004e-06,0.051428,0.047296
6.8731e-06,0.051434,0.047231
7.6674e-06,0.051437,0.047172
8.4819e-06,0.051438,0.04712
9.3151e-06,0.051437,0.047074
1.0165e-05,0.051433,0.047035
1.1031e-05,0.051427,0.047003
1.191e-05,0.051418,0.046976
1.28e-05,0.051407,0.046957
1.37e-05,0.051393,0.046943
1.4607e-05,0.051376,0.046936
1.5519e-05,0.051357,0.046935
1.6434e-05,0.051336,0.04694
1.7349e-05,0.051311,0.046952
1.8261e-05,0.051284,0.046969
1.917e-05,0.051255,0.046991
2.007e-05,0.051222,0.04702
2.0961e-05,0.051188,0.047053
2.184e-05,0.05115,0.047092
2.2703e-05,0.05111,0.047137
2.3549e-05,0.051067,0.047186
2.4374e-05,0.051021,0.047239
2.5176e-05,0.050973,0.047298
2.5952e-05,0.050923,0.04736
2.67e-05,0.05087,0.047427
2.7417e-05,0.050814,0.047498
2.8101e-05,0.050756,0.047573
2.875e-05,0.050696,0.047651
2.936e-05,0.050633,0.047732
2.9931e-05,0.050569,0.047816
3.0459e-05,0.050502,0.047903
3.0943e-05,0.050433,0.047993
3.1381e-05,0.050362,0.048085
3.1772e-05,0.050289,0.04818
3.2114e-05,0.050215,0.048276
3.2405e-05,0.050139,0.048374
3.2645e-05,0.050061,0.048473
3.2833e-05,0.049982,0.048573
3.2967e-05,0.049902,0.048675
3.3048e-05,0.04982,0.048777
3.3075e-05,0.049738,0.048879
3.3048e-05,0.049655,0.048982
3.2967e-05,0.049571,0.049085
3.2833e-05,0.049487,0.049187
3.2645e-05,0.049402,0.049289
3.2405e-05,0.049317,0.049391
3.2114e-05,0.049232,0.049491
3.1772e-05,0.049147,0.049591
3.1381e-05,0.049063,0.049689
3.0943e-05,0.048978,0.049785
3.0459e-05,0.048895,0.04988
2.9931e-05,0.048812,0.049973
2.936e-05,0.04873,0.050064
2.875e-05,0.048649,0.050153
2.8101e-05,0.048569,0.050239
2.7417e-05,0.04849,0.050323
2.67e-05,0.048413,0.050404
2.5952e-05,0.048338,0.050482
2.5176e-05,0.048264,0.050558
2.4374e-05,0.048192,0.05063
2.3549e-05,0.048122,0.050699
2.2703e-05,0.048054,0.050765
2.184e-05,0.047989,0.050827
2.0961e-05,0.047925,0.050886
2.007e-05,0.047864,0.050941
1.917e-05,0.047805,0.050993
1.8261e-05,0.047749,0.051042
1.7349e-05,0.047695,0.051087
1.6434e-05,0.047644,0.051128
1.5519e-05,0.047596,0.051166
1.4607e-05,0.04755,0.051201
1.37e-05,0.047506,0.051232
1.28e-05,0.047466,0.051259
1.191e-05,0.047428,0.051284
1.1031e-05,0.047392,0.051305
1.0165e-05,0.04736,0.051323
9.3151e-06,0.047329,0.051338
8.4819e-06,0.047302,0.051351
7.6674e-06,0.047277,0.051361
6.8731e-06,0.047254,0.051369
6.1004e-06,0.047233,0.051374
5.3507e-06,0.047215,0.051377
4.6251e-06,0.047199,0.051379
3.9248e-06,0.047186,0.051379
3.2507e-06,0.047174,0.051378
2.6035e-06,0.047165,0.051375
1.9841e-06,0.047157,0.051372
1.3931e-06,0.047151,0.051368
8.3097e-07,0.047147,0.051364
2.9807e-07,0.047144,0.05136
-2.0529e-07,0.047143,0.051357
-6.7893e-07,0.047144,0.051354
-1.1228e-06,0.047145,0.051352
-1.5369e-06,0.047148,0.051351
-1.9213e-06,0.047152,0.051351
-2.2763e-06,0.047157,0.051353
-2.6021e-06,0.047163,0.051357
-2.8991e-06,0.04717,0.051363
-3.1678e-06,0.047177,0.051372
-3.4087e-06,0.047185,0.051384
-3.6224e-06,0.047193,0.051398
-3.8095e-06,0.047202,0.051416
-3.9708e-06,0.047211,0.051437
-4.107e-06,0.047221,0.051462
-4.2189e-06,0.047231,0.051491
-4.3075e-06,0.04724,0.051523
-4.3736e-06,0.04725,0.05156
-4.4181e-06,0.04726,0.051601
-4.4421e-06,0.04727,0.051647
-4.4464e-06,0.04728,0.051696
-4.4322e-06,0.04729,0.051751
-4.4005e-06,0.0473,0.05181
-4.3522e-06,0.047309,0.051873
-4.2885e-06,0.047319,0.051942
-4.2104e-06,0.047328,0.052015
-4.1189e-06,0.047337,0.052092
-4.0152e-06,0.047347,0.052174
-3.9002e-06,0.047356,0.05226
-3.775e-06,0.047365,0.052351
-3.6405e-06,0.047374,0.052445
-3.4979e-06,0.047384,0.052544
-3.3481e-06,0.047394,0.052646
-3.192e-06,0.047403,0.052752
-3.0306e-06,0.047414,0.052861
-2.8648e-06,0.047425,0.052974
-2.6955e-06,0.047436,0.053089
-2.5235e-06,0.047448,0.053206
-2.3496e-06,0.047461,0.053326
-2.1747e-06,0.047475,0.053447
-1.9995e-06,0.04749,0.05357
-1.8246e-06,0.047507,0.053694
-1.6508e-06,0.047525,0.053818
-1.4787e-06,0.047544,0.053943
-1.3089e-06,0.047565,0.054068
-1.142e-06,0.047589,0.054192
-9.7849e-07,0.047614,0.054315
-8.1883e-07,0.047642,0.054436
-6.6349e-07,0.047672,0.054556
-5.1288e-07,0.047706,0.054672
-3.6736e-07,0.047742,0.054787
-2.2726e-07,0.047781,0.054897
-9.2879e-08,0.047824,0.055004
3.5534e-08,0.04787,0.055106
1.5776e-07,0.04792,0.055204
2.736e-07,0.047975,0.055296
3.8292e-07,0.048033,0.055382
4.8559e-07,0.048096,0.055462
5.8153e-07,0.048164,0.055536
6.7068e-07,0.048236,0.055602
7.5301e-07,0.048314,0.055661
8.2853e-07,0.048396,0.055711
8.9726e-07,0.048484,0.055754
9.5925e-07,0.048578,0.055787
1.0146e-06,0.048677,0.055811
1.0634e-06,0.048783,0.055826
1.1057e-06,0.048894,0.055831
1.1417e-06,0.049011,0.055826
1.1716e-06,0.049135,0.055811
1.1955e-06,0.049265,0.055784
1.2137e-06,0.049401,0.055747
1.2262e-06,0.049544,0.055699
1.2334e-06,0.049693,0.05564
1.2355e-06,0.049849,0.055569
1.2326e-06,0.050011,0.055487
1.2251e-06,0.05018,0.055394
1.2132e-06,0.050355,0.055289
1.1971e-06,0.050537,0.055172
1.1771e-06,0.050724,0.055043
1.1534e-06,0.050918,0.054904
1.1264e-06,0.051118,0.054753
1.0963e-06,0.051324,0.05459
1.0633e-06,0.051535,0.054417
1.0278e-06,0.051752,0.054232
9.8986e-07,0.051973,0.054037
9.499e-07,0.0522,0.053831
9.0811e-07,0.052432,0.053616
8.6476e-07,0.052667,0.05339
8.2007e-07,0.052907,0.053155
7.7429e-07,0.05315,0.052911
7.2765e-07,0.053397,0.052658
6.8037e-07,0.053646,0.052397
6.3265e-07,0.053898,0.052128
5.8471e-07,0.054151,0.051852
5.3675e-07,0.054406,0.051569
4.8894e-07,0.054663,0.05128
4.4147e-07,0.054919,0.050984
3.945e-07,0.055176,0.050684
3.482e-07,0.055433,0.050378
3.0271e-07,0.055688,0.050068
2.5817e-07,0.055941,0.049755
2.1471e-07,0.056193,0.049439
1.7244e-07,0.056442,0.04912
1.3148e-07,0.056687,0.048799
9.192e-08,0.056929,0.048476
5.3846e-08,0.057166,0.048153
1.7338e-08,0.057399,0.047829
-1.7537e-08,0.057625,0.047506
-5.0719e-08,0.057846,0.047183
-8.216e-08,0.05806,0.046862
-1.1182e-07,0.058266,0.046543
-1.3967e-07,0.058465,0.046226
-1.6568e-07,0.058656,0.045911
-1.8984e-07,0.058837,0.0456
-2.1214e-07,0.059009,0.045293
-2.3259e-07,0.059171,0.044989
-2.5119e-07,0.059323,0.044691
-2.6796e-07,0.059464,0.044397
-2.8291e-07,0.059594,0.044108
-2.9608e-07,0.059712,0.043825
-3.075e-07,0.059818,0.043547
-3.172e-07,0.059912,0.043276
-3.2522e-07,0.059992,0.043012
-3.3163e-07,0.06006,0.042754
-3.3645e-07,0.060115,0.042503
-3.3976e-07,0.060156,0.042259
-3.4161e-07,0.060183,0.042022
-3.4206e-07,0.060196,0.041793
-3.4118e-07,0.060195,0.041571
-3.3902e-07,0.06018,0.041357
-3.3566e-07,0.06015,0.041151
-3.3117e-07,0.060106,0.040953
-3.2562e-07,0.060048,0.040763
-3.1907e-07,0.059976,0.04058
-3.1161e-07,0.059889,0.040406
-3.0329e-07,0.059788,0.04024
-2.942e-07,0.059673,0.040082
-2.8441e-07,0.059544,0.039932
-2.7398e-07,0.059402,0.039791
-2.6298e-07,0.059246,0.039657
-2.5149e-07,0.059077,0.039532
-2.3957e-07,0.058895,0.039415
-2.2729e-07,0.0587,0.039306
-2.1471e-07,0.058493,0.039206
-2.019e-07,0.058274,0.039113
-1.889e-07,0.058043,0.039029
-1.758e-07,0.057801,0.038953
-1.6263e-07,0.057548,0.038885
-1.4945e-07,0.057285,0.038825
-1.3631e-07,0.057012,0.038774
-1.2327e-07,0.05673,0.038731
-1.1037e-07,0.056439,0.038696
-9.7642e-08,0.056139,0.03867
-8.5139e-08,0.055831,0.038652
-7.2896e-08,0.055516,0.038643
-6.0947e-08,0.055194,0.038643
-4.9324e-08,0.054866,0.038651
-3.8057e-08,0.054531,0.038668
-2.7172e-08,0.054192,0.038694
-1.6694e-08,0.053847,0.038729
-6.6437e-09,0.053499,0.038773
2.9602e-09,0.053146,0.038827
1.2102e-08,0.052791,0.03889
2.0767e-08,0.052433,0.038963
2.8946e-08,0.052073,0.039046
3.6629e-08,0.051711,0.039138
4.381e-08,0.051348,0.039241
5.0485e-08,0.050985,0.039355
5.6652e-08,0.050622,0.039479
6.2311e-08,0.050259,0.039614
6.7464e-08,0.049898,0.039759
7.2115e-08,0.049538,0.039916
7.627e-08,0.04918,0.040085
7.9936e-08,0.048824,0.040265
8.3122e-08,0.048471,0.040457
8.5837e-08,0.048122,0.040661
8.8095e-08,0.047777,0.040878
8.9906e-08,0.047436,0.041107
9.1287e-08,0.0471,0.041349
9.225e-08,0.046769,0.041603
9.2813e-08,0.046443,0.041871
9.2992e-08,0.046123,0.042151
9.2804e-08,0.04581,0.042445
9.2267e-08,0.045503,0.042753
9.1399e-08,0.045203,0.043074
9.022e-08,0.04491,0.043409
8.8749e-08,0.044625,0.043758
8.7005e-08,0.044348,0.044121
8.5007e-08,0.044079,0.044497
8.2776e-08,0.043819,0.044888
8.033e-08,0.043567,0.045292
7.769e-08,0.043324,0.045711
7.4874e-08,0.04309,0.046143
7.1902e-08,0.042866,0.046589
6.8793e-08,0.042651,0.047048
6.5564e-08,0.042446,0.047521
6.2234e-08,0.04225,0.048007
5.8821e-08,0.042065,0.048506
5.5341e-08,0.04189,0.049018
5.1812e-08,0.041725,0.049542
4.8249e-08,0.04157,0.050078
4.4667e-08,0.041425,0.050626
4.1081e-08,0.041291,0.051186
3.7506e-08,0.041167,0.051756
3.3954e-08,0.041054,0.052337
3.0438e-08,0.040951,0.052927
2.697e-08,0.040858,0.053528
2.3561e-08,0.040776,0.054136
2.0221e-08,0.040704,0.054753
1.6961e-08,0.040642,0.055378
1.3788e-08,0.04059,0.05601
1.0712e-08,0.040548,0.056648
7.7383e-09,0.040516,0.057291
4.8751e-09,0.040494,0.057939
2.1277e-09,0.040481,0.058592
-4.9862e-10,0.040477,0.059247
-2.9995e-09,0.040482,0.059905
-5.3712e-09,0.040496,0.060565
-7.6106e-09,0.040519,0.061226
-9.7152e-09,0.04055,0.061886
-1.1683e-08,0.040589,0.062546
-1.3514e-08,0.040636,0.063205
-1.5206e-08,0.04069,0.06386
-1.676e-08,0.040752,0.064513
-1.8176e-08,0.04082,0.065161
-1.9455e-08,0.040895,0.065804
-2.06e-08,0.040976,0.066441
-2.161e-08,0.041062,0.067071
-2.249e-08,0.041154,0.067693
-2.3242e-08,0.041251,0.068307
-2.3868e-08,0.041353,0.068912
-2.4373e-08,0.041459,0.069507
-2.476e-08,0.041569,0.070091
-2.5034e-08,0.041682,0.070663
-2.5198e-08,0.041798,0.071223
-2.5257e-08,0.041917,0.07177
-2.5215e-08,0.042039,0.072304
-2.5079e-08,0.042162,0.072822
-2.4852e-08,0.042286,0.073326
-2.454e-08,0.042411,0.073814
-2.4148e-08,0.042538,0.074287
-2.3682e-08,0.042664,0.074742
-2.3146e-08,0.04279,0.07518
-2.2546e-08,0.042916,0.0756
-2.1888e-08,0.043041,0.076003
-2.1176e-08,0.043164,0.076387
-2.0417e-08,0.043286,0.076752
-1.9614e-08,0.043406,0.077098
-1.8774e-08,0.043524,0.077424
-1.7902e-08,0.043639,0.077731
-1.7001e-08,0.043752,0.078018
-1.6078e-08,0.043861,0.078286
-1.5137e-08,0.043968,0.078533
-1.4181e-08,0.04407,0.07876
-1.3217e-08,0.044169,0.078967
-1.2247e-08,0.044263,0.079154
-1.1277e-08,0.044354,0.079321
-1.0309e-08,0.04444,0.079468
-9.3473e-09,0.044522,0.079595
-8.3955e-09,0.044599,0.079703
-7.4568e-09,0.044671,0.079791
-6.5342e-09,0.044738,0.079861
-5.6305e-09,0.0448,0.079911
-4.7484e-09,0.044858,0.079943
-3.8902e-09,0.04491,0.079957
-3.0582e-09,0.044957,0.079954
-2.2543e-09,0.044999,0.079933
-1.4805e-09,0.045036,0.079896
-7.3821e-10,0.045068,0.079842
-2.8898e-11,0.045095,0.079772
6.4625e-10,0.045117,0.079688
1.2862e-09,0.045135,0.079588
1.8902e-09,0.045147,0.079475
2.4575e-09,0.045155,0.079349
2.9878e-09,0.045159,0.079209
3.4806e-09,0.045158,0.079057
3.9359e-09,0.045153,0.078894
4.3537e-09,0.045144,0.07872
4.7341e-09,0.045132,0.078536
5.0775e-09,0.045115,0.078343
5.3843e-09,0.045095,0.07814
5.6551e-09,0.045072,0.07793
5.8906e-09,0.045047,0.077712
6.0915e-09,0.045018,0.077487
6.2588e-09,0.044987,0.077256
6.3934e-09,0.044954,0.07702
6.4964e-09,0.044918,0.076779
6.569e-09,0.044881,0.076534
6.6124e-09,0.044843,0.076285
6.6278e-09,0.044803,0.076033
6.6167e-09,0.044763,0.075779
6.5803e-09,0.044722,0.075523
6.5202e-09,0.044681,0.075266
6.4377e-09,0.044639,0.075008
6.3343e-09,0.044598,0.07475
6.2115e-09,0.044557,0.074492
6.0708e-09,0.044517,0.074235
5.9137e-09,0.044478,0.073979
5.7418e-09,0.04444,0.073725
5.5563e-09,0.044404,0.073472
5.359e-09,0.044369,0.073222
5.1512e-09,0.044337,0.072974
4.9343e-09,0.044307,0.07273
4.7097e-09,0.044279,0.072488
4.4789e-09,0.044254,0.07225
4.2431e-09,0.044231,0.072015
4.0036e-09,0.044212,0.071784
3.7616e-09,0.044196,0.071557
3.5184e-09,0.044183,0.071334
3.2751e-09,0.044174,0.071114
3.0327e-09,0.044169,0.070899
2.7924e-09,0.044167,0.070688
2.555e-09,0.04417,0.070481
2.3214e-09,0.044176,0.070278
2.0926e-09,0.044186,0.07008
1.8693e-09,0.044201,0.069885
1.6523e-09,0.04422,0.069694
1.4421e-09,0.044243,0.069506
1.2394e-09,0.044271,0.069323
1.0447e-09,0.044303,0.069143
8.5848e-10,0.044339,0.068966
6.8114e-10,0.04438,0.068792
5.1303e-10,0.044425,0.068622
3.5441e-10,0.044474,0.068454
2.055e-10,0.044528,0.068289
6.6452e-11,0.044586,0.068126
-6.2629e-11,0.044648,0.067966
-1.817e-10,0.044713,0.067807
-2.9079e-10,0.044783,0.067651
-3.8995e-10,0.044857,0.067496
-4.793e-10,0.044934,0.067342
-5.5901e-10,0.045015,0.067189
-6.293e-10,0.0451,0.067038
-6.9042e-10,0.045188,0.066887
-7.4266e-10,0.045279,0.066737
-7.8637e-10,0.045373,0.066587
-8.2192e-10,0.04547,0.066437
-8.4971e-10,0.04557,0.066288
-8.7018e-10,0.045672,0.066139
-8.838e-10,0.045777,0.065989
-8.9106e-10,0.045884,0.065839
-8.9246e-10,0.045993,0.065689
-8.8854e-10,0.046104,0.065539
-8.7984e-10,0.046217,0.065388
-8.6693e-10,0.046332,0.065236
-8.5036e-10,0.046448,0.065084
-8.3072e-10,0.046565,0.064932
-8.0859e-10,0.046683,0.064779
-7.8454e-10,0.046803,0.064625
-7.5915e-10,0.046923,0.064471
-7.33e-10,0.047044,0.064316
-7.0666e-10,0.047165,0.064161
-6.8067e-10,0.047287,0.064005
-6.5559e-10,0.047409,0.06385
-6.3193e-10,0.047531,0.063694
-6.1022e-10,0.047652,0.063538
-5.9093e-10,0.047774,0.063382
-5.7453e-10,0.047895,0.063227
-5.6146e-10,0.048016,0.063072
-5.5213e-10,0.048136,0.062917
-5.4693e-10,0.048255,0.062763
-5.4621e-10,0.048374,0.06261
-5.5028e-10,0.048491,0.062458
-5.5943e-10,0.048607,0.062307
-5.739e-10,0.048722,0.062157
-5.939e-10,0.048836,0.062008
-6.1959e-10,0.048948,0.061862
-6.5111e-10,0.049058,0.061717
-6.8853e-10,0.049167,0.061573
-7.3189e-10,0.049274,0.061432
-7.812e-10,0.049379,0.061293
-8.364e-10,0.049481,0.061157
-8.974e-10,0.049582,0.061023
-9.6406e-10,0.04968,0.060891
-1.0362e-09,0.049776,0.060762
-1.1136e-09,0.04987,0.060636
-1.1959e-09,0.04996,0.060513
-1.283e-09,0.050049,0.060393
-1.3743e-09,0.050134,0.060276
-1.4694e-09,0.050216,0.060162
-1.568e-09,0.050296,0.060052
-1.6696e-09,0.050372,0.059944
-1.7735e-09,0.050446,0.05984
-1.8793e-09,0.050516,0.059739
-1.9862e-09,0.050582,0.059642
-2.0937e-09,0.050646,0.059547
-2.2011e-09,0.050706,0.059456
-2.3077e-09,0.050762,0.059368
-2.4127e-09,0.050815,0.059284
-2.5154e-09,0.050864,0.059202
-2.6149e-09,0.05091,0.059124
-2.7104e-09,0.050952,0.059048
-2.8011e-09,0.05099,0.058976
-2.8862e-09,0.051024,0.058906
-2.9648e-09,0.051054,0.058839
-3.036e-09,0.05108,0.058774
-3.0989e-09,0.051103,0.058712
-3.1527e-09,0.051121,0.058652
-3.1965e-09,0.051136,0.058595
-3.2294e-09,0.051147,0.058539
-3.2505e-09,0.051153,0.058485
-3.2591e-09,0.051156,0.058433
-3.2543e-09,0.051155,0.058383
-3.2352e-09,0.05115,0.058334
-3.2012e-09,0.051141,0.058286
-3.1515e-09,0.051128,0.058239
-3.0854e-09,0.051112,0.058194
-3.0022e-09,0.051091,0.058149
-2.9013e-09,0.051068,0.058105
-2.7822e-09,0.051041,0.058061
-2.6444e-09,0.05101,0.058018
-2.4874e-09,0.050976,0.057975
-2.3109e-09,0.050939,0.057932
-2.1145e-09,0.050899,0.057889
-1.898e-09,0.050856,0.057846
-1.6613e-09,0.05081,0.057802
-1.4044e-09,0.050762,0.057759
-1.1271e-09,0.050711,0.057715
-8.2974e-10,0.050658,0.057671
-5.1241e-10,0.050603,0.057626
-1.7544e-10,0.050546,0.05758
1.8075e-10,0.050487,0.057534
5.5566e-10,0.050427,0.057487
9.4865e-10,0.050366,0.057439
1.359e-09,0.050303,0.05739
1.7859e-09,0.050239,0.057341
2.2283e-09,0.050175,0.057291
2.6853e-09,0.05011,0.05724
3.1555e-09,0.050045,0.057188
3.6378e-09,0.04998,0.057136
4.1306e-09,0.049915,0.057082
4.6325e-09,0.04985,0.057028
5.1418e-09,0.049786,0.056974
5.6567e-09,0.049722,0.056919
6.1754e-09,0.04966,0.056863
6.6959e-09,0.049598,0.056807
7.2161e-09,0.049538,0.056751
7.7337e-09,0.04948,0.056694
8.2466e-09,0.049423,0.056638
8.7523e-09,0.049368,0.056581
9.2484e-09,0.049315,0.056524
9.7322e-09,0.049264,0.056468
1.0201e-08,0.049215,0.056412
1.0653e-08,0.049169,0.056357
1.1084e-08,0.049126,0.056302
1.1492e-08,0.049085,0.056249
1.1874e-08,0.049047,0.056196
1.2227e-08,0.049011,0.056144
1.2549e-08,0.048979,0.056093
1.2835e-08,0.04895,0.056044
1.3084e-08,0.048924,0.055997
1.3293e-08,0.048901,0.055951
1.3458e-08,0.048882,0.055907
1.3577e-08,0.048865,0.055865
1.3646e-08,0.048852,0.055825
1.3664e-08,0.048842,0.055787
1.3627e-08,0.048836,0.055752
1.3533e-08,0.048832,0.055719
1.338e-08,0.048832,0.055689
1.3164e-08,0.048835,0.055661
1.2885e-08,0.048841,0.055637
1.2539e-08,0.04885,0.055615
1.2125e-08,0.048862,0.055596
1.1641e-08,0.048877,0.05558
1.1086e-08,0.048895,0.055568
1.0458e-08,0.048916,0.055558
9.7563e-09,0.048939,0.055552
8.9803e-09,0.048964,0.055549
8.1293e-09,0.048993,0.05555
7.203e-09,0.049023,0.055553
6.2014e-09,0.049055,0.05556
5.1249e-09,0.04909,0.05557
3.9742e-09,0.049126,0.055584
2.7502e-09,0.049164,0.0556
1.4543e-09,0.049203,0.05562
8.8181e-11,0.049244,0.055643
-1.3461e-09,0.049286,0.055668
-2.8461e-09,0.049329,0.055697
-4.4089e-09,0.049373,0.055729
-6.0313e-09,0.049418,0.055763
-7.7097e-09,0.049463,0.0558
-9.4401e-09,0.049509,0.055839
-1.1218e-08,0.049555,0.055881
-1.3038e-08,0.049601,0.055926
-1.4896e-08,0.049646,0.055972
-1.6786e-08,0.049692,0.05602
-1.8701e-08,0.049737,0.056071
-2.0635e-08,0.049781,0.056123
-2.2581e-08,0.049825,0.056177
-2.4532e-08,0.049868,0.056232
-2.648e-08,0.049909,0.056288
-2.8417e-08,0.04995,0.056346
-3.0336e-08,0.049989,0.056405
-3.2226e-08,0.050026,0.056464
-3.4079e-08,0.050062,0.056525
-3.5885e-08,0.050095,0.056585
-3.7636e-08,0.050127,0.056647
-3.9321e-08,0.050157,0.056708
-4.093e-08,0.050184,0.05677
-4.2453e-08,0.050209,0.056832
-4.388e-08,0.050232,0.056894
-4.5199e-08,0.050252,0.056956
-4.64e-08,0.05027,0.057017
-4.7473e-08,0.050284,0.057077
-4.8407e-08,0.050296,0.057138
-4.9192e-08,0.050305,0.057197
-4.9816e-08,0.050311,0.057256
-5.0269e-08,0.050314,0.057314
-5.0541e-08,0.050314,0.057371
-5.0622e-08,0.05031,0.057426
-5.0503e-08,0.050304,0.057481
-5.0173e-08,0.050294,0.057535
-4.9624e-08,0.050281,0.057587
-4.8847e-08,0.050265,0.057638
-4.7835e-08,0.050246,0.057688
-4.6579e-08,0.050224,0.057736
-4.5072e-08,0.050198,0.057783
-4.3309e-08,0.050169,0.057828
-4.1284e-08,0.050137,0.057872
-3.8993e-08,0.050102,0.057915
-3.643e-08,0.050064,0.057956
-3.3594e-08,0.050023,0.057995
-3.0482e-08,0.049979,0.058033
-2.7094e-08,0.049932,0.058069
-2.3429e-08,0.049882,0.058104
-1.9488e-08,0.04983,0.058138
-1.5275e-08,0.049775,0.05817
-1.0792e-08,0.049717,0.058201
-6.0447e-09,0.049657,0.05823
-1.0389e-09,0.049595,0.058258
4.2177e-09,0.04953,0.058284
9.7164e-09,0.049464,0.05831
1.5447e-08,0.049395,0.058334
2.1397e-08,0.049325,0.058357
2.7554e-08,0.049253,0.058378
3.3902e-08,0.04918,0.058399
4.0427e-08,0.049105,0.058418
4.7109e-08,0.049029,0.058436
5.393e-08,0.048952,0.058453
6.0869e-08,0.048874,0.05847
6.7904e-08,0.048795,0.058485
7.501e-08,0.048715,0.058499
8.2164e-08,0.048635,0.058513
8.9338e-08,0.048555,0.058525
9.6503e-08,0.048475,0.058537
1.0363e-07,0.048395,0.058548
1.1069e-07,0.048315,0.058558
1.1765e-07,0.048235,0.058567
1.2448e-07,0.048156,0.058575
1.3114e-07,0.048078,0.058583
1.376e-07,0.048,0.05859
1.4382e-07,0.047924,0.058596
1.4977e-07,0.047849,0.058602
1.554e-07,0.047775,0.058606
1.6068e-07,0.047703,0.05861
1.6557e-07,0.047632,0.058613
1.7003e-07,0.047564,0.058615
1.7403e-07,0.047497,0.058616
1.7752e-07,0.047432,0.058617
1.8046e-07,0.04737,0.058616
1.8282e-07,0.04731,0.058615
1.8455e-07,0.047252,0.058612
1.8563e-07,0.047197,0.058609
1.86e-07,0.047144,0.058604
1.8565e-07,0.047095,0.058598
1.8452e-07,0.047048,0.058591
1.8259e-07,0.047004,0.058583
1.7983e-07,0.046963,0.058573
1.7621e-07,0.046925,0.058562
1.7169e-07,0.04689,0.05855
1.6626e-07,0.046858,0.058536
1.5989e-07,0.046829,0.058521
1.5256e-07,0.046804,0.058505
1.4425e-07,0.046781,0.058486
1.3495e-07,0.046762,0.058466
1.2464e-07,0.046746,0.058445
1.1332e-07,0.046733,0.058422
1.0099e-07,0.046723,0.058397
8.7636e-08,0.046717,0.05837
7.3274e-08,0.046713,0.058342
5.7908e-08,0.046712,0.058312
4.1551e-08,0.046715,0.05828
2.422e-08,0.04672,0.058247
5.937e-09,0.046727,0.058212
-1.3271e-08,0.046738,0.058175
-3.3371e-08,0.046751,0.058137
-5.4327e-08,0.046767,0.058098
-7.6096e-08,0.046785,0.058057
-9.863e-08,0.046806,0.058014
-1.2187e-07,0.046829,0.057971
-1.4577e-07,0.046854,0.057926
-1.7026e-07,0.046881,0.05788
-1.9526e-07,0.04691,0.057833
-2.2071e-07,0.046941,0.057785
-2.4652e-07,0.046974,0.057737
-2.7261e-07,0.047008,0.057688
-2.9887e-07,0.047044,0.057639
-3.2523e-07,0.047082,0.057589
-3.5157e-07,0.04712,0.05754
-3.7779e-07,0.04716,0.05749
-4.0377e-07,0.047201,0.057441
-4.294e-07,0.047243,0.057392
-4.5456e-07,0.047286,0.057343
-4.7912e-07,0.047329,0.057295
-5.0296e-07,0.047373,0.057249
-5.2594e-07,0.047418,0.057203
-5.4793e-07,0.047463,0.057159
-5.6879e-07,0.047509,0.057116
-5.8838e-07,0.047555,0.057075
-6.0656e-07,0.047601,0.057035
-6.2319e-07,0.047647,0.056998
-6.3812e-07,0.047693,0.056962
-6.5121e-07,0.047739,0.056929
-6.6232e-07,0.047785,0.056899
-6.713e-07,0.047831,0.05687
-6.7801e-07,0.047876,0.056845
-6.8233e-07,0.047921,0.056822
-6.841e-07,0.047966,0.056802
-6.832e-07,0.04801,0.056786
-6.795e-07,0.048053,0.056772
-6.7288e-07,0.048096,0.056761
-6.6323e-07,0.048138,0.056754
-6.5042e-07,0.048179,0.05675
-6.3437e-07,0.04822,0.056749
-6.1497e-07,0.048259,0.056752
-5.9214e-07,0.048298,0.056758
-5.6581e-07,0.048336,0.056767
-5.3591e-07,0.048373,0.056779
-5.0237e-07,0.048408,0.056795
-4.6518e-07,0.048443,0.056814
-4.2428e-07,0.048477,0.056836
-3.7968e-07,0.048509,0.056861
-3.3136e-07,0.04854,0.056889
-2.7934e-07,0.048571,0.05692
-2.2365e-07,0.048599,0.056953
-1.6433e-07,0.048627,0.05699
-1.0146e-07,0.048654,0.057029
-3.5096e-08,0.048679,0.05707
3.4648e-08,0.048703,0.057113
1.0766e-07,0.048726,0.057159
1.838e-07,0.048748,0.057206
2.6292e-07,0.048769,0.057256
3.4484e-07,0.048789,0.057306
4.2937e-07,0.048807,0.057358
5.1629e-07,0.048825,0.057412
6.0536e-07,0.048841,0.057466
6.9634e-07,0.048856,0.057521
7.8893e-07,0.048871,0.057576
8.8286e-07,0.048884,0.057632
9.7779e-07,0.048897,0.057688
1.0734e-06,0.048909,0.057743
1.1693e-06,0.04892,0.057799
1.2652e-06,0.04893,0.057854
1.3606e-06,0.04894,0.057908
1.4552e-06,0.048949,0.057961
1.5485e-06,0.048957,0.058012
1.64e-06,0.048966,0.058063
1.7294e-06,0.048973,0.058112
1.8161e-06,0.04898,0.058159
1.8997e-06,0.048987,0.058203
1.9796e-06,0.048994,0.058246
2.0554e-06,0.049001,0.058286
2.1265e-06,0.049007,0.058324
2.1925e-06,0.049014,0.058359
2.2527e-06,0.04902,0.05839
2.3067e-06,0.049026,0.058419
2.354e-06,0.049033,0.058445
2.394e-06,0.049039,0.058467
2.4262e-06,0.049046,0.058485
2.4501e-06,0.049053,0.0585
2.4651e-06,0.049059,0.058511
2.4708e-06,0.049067,0.058518
2.4667e-06,0.049074,0.058521
2.4523e-06,0.049082,0.05852
2.4272e-06,0.049089,0.058514
2.391e-06,0.049097,0.058505
2.3431e-06,0.049106,0.058491
2.2834e-06,0.049114,0.058473
2.2113e-06,0.049123,0.058451
2.1266e-06,0.049131,0.058424
2.0291e-06,0.04914,0.058393
1.9184e-06,0.049149,0.058358
1.7945e-06,0.049158,0.058318
1.657e-06,0.049167,0.058274
1.506e-06,0.049175,0.058226
1.3413e-06,0.049184,0.058174
1.1631e-06,0.049192,0.058118
9.7119e-07,0.0492,0.058058
7.6586e-07,0.049207,0.057994
5.4724e-07,0.049214,0.057926
3.1557e-07,0.049221,0.057854
7.114e-08,0.049227,0.057779
-1.8567e-07,0.049232,0.057701
-4.5442e-07,0.049237,0.057619
-7.346e-07,0.04924,0.057535
-1.0256e-06,0.049243,0.057447
-1.3268e-06,0.049245,0.057357
-1.6375e-06,0.049246,0.057264
-1.9568e-06,0.049245,0.057169
-2.2838e-06,0.049244,0.057072
-2.6176e-06,0.049241,0.056973
-2.9572e-06,0.049237,0.056873
-3.3013e-06,0.049232,0.056771
-3.6489e-06,0.049225,0.056668
-3.9986e-06,0.049217,0.056564
-4.3491e-06,0.049208,0.056459
-4.6989e-06,0.049197,0.056354
-5.0466e-06,0.049185,0.056249
-5.3906e-06,0.049171,0.056143
-5.7293e-06,0.049157,0.056038
-6.0608e-06,0.04914,0.055934
-6.3836e-06,0.049123,0.05583
-6.6958e-06,0.049104,0.055727
-6.9954e-06,0.049084,0.055626
-7.2806e-06,0.049063,0.055526
-7.5494e-06,0.049041,0.055428
-7.7999e-06,0.049017,0.055332
-8.0299e-06,0.048993,0.055238
-8.2374e-06,0.048968,0.055147
-8.4203e-06,0.048941,0.055058
-8.5765e-06,0.048914,0.054972
-8.7039e-06,0.048887,0.05489
-8.8004e-06,0.048859,0.05481
-8.864e-06,0.04883,0.054734
-8.8924e-06,0.048801,0.054662
-8.8837e-06,0.048771,0.054593
-8.8358e-06,0.048741,0.054529
-8.7467e-06,0.048711,0.054468
-8.6146e-06,0.048681,0.054412
-8.4375e-06,0.048651,0.054361
-8.2136e-06,0.048622,0.054314
-7.9412e-06,0.048592,0.054271
-7.6186e-06,0.048562,0.054234
-7.2444e-06,0.048533,0.054201
-6.8171e-06,0.048505,0.054173
-6.3353e-06,0.048476,0.054151
-5.798e-06,0.048449,0.054133
-5.204e-06,0.048422,0.054121
-4.5524e-06,0.048395,0.054113
-3.8425e-06,0.048369,0.054111
-3.0737e-06,0.048344,0.054114
-2.2456e-06,0.048319,0.054123
-1.3579e-06,0.048295,0.054137
-4.107e-07,0.048272,0.054156
5.9596e-07,0.04825,0.05418
1.6617e-06,0.048228,0.054209
2.7859e-06,0.048206,0.054243
3.9679e-06,0.048186,0.054283
5.2066e-06,0.048166,0.054327
6.5008e-06,0.048146,0.054376
7.849e-06,0.048127,0.05443
9.2496e-06,0.048108,0.054488
1.0701e-05,0.04809,0.054551
1.22e-05,0.048072,0.054619
1.3745e-05,0.048054,0.054691
1.5334e-05,0.048036,0.054766
1.6963e-05,0.048019,0.054846
1.8629e-05,0.048001,0.054929
2.033e-05,0.047983,0.055016
2.2061e-05,0.047965,0.055106
2.3818e-05,0.047947,0.055199
2.5599e-05,0.047928,0.055295
2.7399e-05,0.047909,0.055394
2.9213e-05,0.04789,0.055496
3.1037e-05,0.04787,0.055599
3.2866e-05,0.047849,0.055705
3.4696e-05,0.047828,0.055812
3.6521e-05,0.047806,0.05592
3.8337e-05,0.047783,0.05603
4.0139e-05,0.047759,0.056141
4.1921e-05,0.047735,0.056252
4.3678e-05,0.04771,0.056364
4.5405e-05,0.047684,0.056476
4.7096e-05,0.047657,0.056588
4.8746e-05,0.047629,0.056699
5.035e-05,0.0476,0.05681
5.1903e-05,0.047571,0.056919
5.3399e-05,0.047541,0.057028
5.4833e-05,0.04751,0.057135
5.6201e-05,0.047479,0.05724
5.7498e-05,0.047447,0.057344
5.8719e-05,0.047415,0.057445
5.986e-05,0.047382,0.057543
6.0916e-05,0.047349,0.057639
6.1885e-05,0.047315,0.057733
6.2761e-05,0.047282,0.057823
6.3543e-05,0.047249,0.05791
6.4226e-05,0.047216,0.057993
6.4809e-05,0.047183,0.058073
6.529e-05,0.04715,0.058148
6.5665e-05,0.047119,0.05822
6.5934e-05,0.047087,0.058288
6.6096e-05,0.047057,0.058352
6.6151e-05,0.047028,0.058411
6.6097e-05,0.047,0.058466
6.5935e-05,0.046973,0.058516
6.5666e-05,0.046947,0.058562
6.5291e-05,0.046924,0.058603
6.4811e-05,0.046901,0.05864
6.4229e-05,0.046881,0.058671
6.3545e-05,0.046863,0.058698
6.2764e-05,0.046846,0.058721
6.1888e-05,0.046832,0.058738
6.092e-05,0.046821,0.058751
5.9864e-05,0.046811,0.058759
5.8723e-05,0.046805,0.058762
5.7502e-05,0.046801,0.058761
5.6206e-05,0.046799,0.058756
5.4838e-05,0.046801,0.058746
5.3404e-05,0.046805,0.058731
5.1908e-05,0.046812,0.058713
5.0356e-05,0.046822,0.05869
4.8752e-05,0.046835,0.058663
4.7102e-05,0.04685,0.058632
4.5411e-05,0.046869,0.058598
4.3685e-05,0.046891,0.05856
4.1928e-05,0.046915,0.058518
4.0146e-05,0.046942,0.058473
3.8345e-05,0.046973,0.058425
3.6529e-05,0.047005,0.058374
3.4703e-05,0.047041,0.058319
3.2874e-05,0.047079,0.058262
3.1044e-05,0.04712,0.058203
2.9221e-05,0.047162,0.058141
2.7407e-05,0.047207,0.058077
2.5607e-05,0.047255,0.058011
2.3826e-05,0.047304,0.057943
2.2069e-05,0.047355,0.057874
2.0338e-05,0.047407,0.057803
1.8637e-05,0.047462,0.057731
1.6971e-05,0.047517,0.057658
1.5342e-05,0.047574,0.057583
1.3753e-05,0.047631,0.057508
1.2207e-05,0.04769,0.057433
1.0708e-05,0.047748,0.057357
9.2565e-06,0.047808,0.057281
7.8557e-06,0.047867,0.057205
6.5071e-06,0.047927,0.057129
5.2125e-06,0.047986,0.057054
3.9735e-06,0.048045,0.056979
2.7911e-06,0.048103,0.056905
1.6664e-06,0.04816,0.056831
6.0012e-07,0.048217,0.056759
-4.0707e-07,0.048272,0.056688
-1.3549e-06,0.048325,0.056619
-2.2431e-06,0.048377,0.056551
-3.0719e-06,0.048428,0.056484
-3.8413e-06,0.048476,0.05642
-4.5519e-06,0.048522,0.056357
-5.2042e-06,0.048566,0.056297
-5.799e-06,0.048607,0.056239
-6.3372e-06,0.048645,0.056184
-6.8198e-06,0.048681,0.056131
-7.2479e-06,0.048713,0.056081
-7.623e-06,0.048743,0.056033
-7.9465e-06,0.048769,0.055989
-8.2198e-06,0.048792,0.055948
-8.4446e-06,0.048811,0.05591
-8.6227e-06,0.048827,0.055875
-8.7558e-06,0.048839,0.055843
-8.8458e-06,0.048847,0.055815
-8.8947e-06,0.048851,0.055791
-8.9044e-06,0.048852,0.05577
-8.877e-06,0.048848,0.055752
-8.8144e-06,0.048841,0.055739
-8.7189e-06,0.048829,0.055729
-8.5924e-06,0.048813,0.055723
-8.4371e-06,0.048794,0.05572
-8.2551e-06,0.04877,0.055721
-8.0485e-06,0.048742,0.055726
-7.8194e-06,0.04871,0.055735
-7.5698e-06,0.048674,0.055747
-7.3017e-06,0.048635,0.055763
-7.0172e-06,0.048591,0.055783
-6.7183e-06,0.048544,0.055805
-6.4068e-06,0.048493,0.055832
-6.0845e-06,0.048438,0.055861
-5.7535e-06,0.04838,0.055894
-5.4153e-06,0.048319,0.055929
-5.0716e-06,0.048255,0.055968
-4.7242e-06,0.048187,0.056009
-4.3745e-06,0.048117,0.056053
-4.0242e-06,0.048044,0.056099
-3.6744e-06,0.047968,0.056147
-3.3268e-06,0.04789,0.056197
-2.9824e-06,0.04781,0.056249
-2.6425e-06,0.047728,0.056303
-2.3083e-06,0.047645,0.056358
-1.9807e-06,0.047559,0.056414
-1.6607e-06,0.047473,0.056471
-1.3492e-06,0.047386,0.056529
-1.0471e-06,0.047297,0.056587
-7.5502e-07,0.047209,0.056645
-4.7364e-07,0.04712,0.056703
-2.0356e-07,0.047031,0.056761
5.4717e-08,0.046942,0.056818
3.0075e-07,0.046854,0.056874
5.3417e-07,0.046767,0.05693
7.5466e-07,0.046681,0.056984
9.6201e-07,0.046596,0.057036
1.156e-06,0.046513,0.057087
1.3366e-06,0.046432,0.057135
1.5037e-06,0.046354,0.057182
1.6572e-06,0.046278,0.057226
1.7973e-06,0.046204,0.057267
1.9241e-06,0.046134,0.057306
2.0376e-06,0.046067,0.057341
2.1382e-06,0.046003,0.057374
2.2259e-06,0.045943,0.057403
2.3012e-06,0.045888,0.057428
2.3643e-06,0.045836,0.05745
2.4154e-06,0.045789,0.057468
2.4551e-06,0.045747,0.057482
2.4837e-06,0.04571,0.057493
2.5016e-06,0.045678,0.057499
2.5093e-06,0.04565,0.057501
2.5071e-06,0.045629,0.057499
2.4957e-06,0.045612,0.057493
2.4754e-06,0.045602,0.057483
2.4467e-06,0.045597,0.057468
2.4102e-06,0.045598,0.057449
2.3664e-06,0.045604,0.057427
2.3158e-06,0.045616,0.0574
2.2588e-06,0.045635,0.057369
2.196e-06,0.045659,0.057334
2.128e-06,0.045689,0.057296
2.0551e-06,0.045724,0.057253
1.9779e-06,0.045766,0.057207
1.8969e-06,0.045813,0.057158
1.8126e-06,0.045865,0.057106
1.7254e-06,0.045923,0.05705
1.6358e-06,0.045986,0.056991
1.5442e-06,0.046055,0.05693
1.451e-06,0.046128,0.056866
1.3567e-06,0.046206,0.0568
1.2616e-06,0.046289,0.056732
1.1661e-06,0.046376,0.056661
1.0705e-06,0.046468,0.056589
9.7532e-07,0.046563,0.056516
8.8073e-07,0.046662,0.056441
7.8705e-07,0.046765,0.056365
6.9459e-07,0.04687,0.056289
6.0359e-07,0.046979,0.056212
5.1429e-07,0.04709,0.056134
4.2693e-07,0.047204,0.056057
3.4171e-07,0.04732,0.055979
2.588e-07,0.047437,0.055902
1.7838e-07,0.047556,0.055826
1.006e-07,0.047676,0.055751
2.5581e-08,0.047798,0.055676
-4.6557e-08,0.047919,0.055603
-1.1572e-07,0.048041,0.055531
-1.8182e-07,0.048163,0.05546
-2.4481e-07,0.048285,0.055392
-3.0462e-07,0.048406,0.055325
-3.6122e-07,0.048527,0.05526
-4.1459e-07,0.048646,0.055198
-4.6472e-07,0.048764,0.055138
-5.1161e-07,0.04888,0.05508
-5.5527e-07,0.048994,0.055025
-5.9573e-07,0.049106,0.054973
-6.3301e-07,0.049215,0.054923
-6.6717e-07,0.049322,0.054876
-6.9824e-07,0.049426,0.054832
-7.2628e-07,0.049527,0.054791
-7.5136e-07,0.049624,0.054753
-7.7354e-07,0.049718,0.054718
-7.9289e-07,0.049808,0.054686
-8.0948e-07,0.049895,0.054656
-8.2341e-07,0.049978,0.05463
-8.3474e-07,0.050056,0.054606
-8.4356e-07,0.050131,0.054586
-8.4996e-07,0.050201,0.054568
-8.5401e-07,0.050267,0.054553
-8.5581e-07,0.050329,0.054541
-8.5543e-07,0.050386,0.054531
-8.5296e-07,0.050438,0.054524
-8.4848e-07,0.050487,0.054519
-8.4207e-07,0.05053,0.054517
-8.338e-07,0.05057,0.054516
-8.2376e-07,0.050604,0.054518
-8.12e-07,0.050635,0.054523
-7.986e-07,0.050661,0.054529
-7.8362e-07,0.050683,0.054536
-7.6712e-07,0.0507,0.054546
-7.4916e-07,0.050714,0.054557
-7.298e-07,0.050723,0.054569
-7.0907e-07,0.050729,0.054583
-6.8704e-07,0.05073,0.054598
-6.6373e-07,0.050728,0.054614
-6.3919e-07,0.050722,0.054631
-6.1346e-07,0.050713,0.054649
-5.8656e-07,0.0507,0.054668
-5.5853e-07,0.050684,0.054687
-5.2939e-07,0.050665,0.054707
-4.9916e-07,0.050642,0.054727
-4.6787e-07,0.050617,0.054747
-4.3553e-07,0.050589,0.054767
-4.0217e-07,0.050558,0.054788
-3.678e-07,0.050525,0.054808
-3.3244e-07,0.050489,0.054829
-2.9611e-07,0.050451,0.054849
-2.5882e-07,0.050411,0.054869
-2.2059e-07,0.050368,0.054888
-1.8144e-07,0.050324,0.054907
-1.4139e-07,0.050278,0.054926
-1.0047e-07,0.05023,0.054944
-5.8698e-08,0.050181,0.054961
-1.6106e-08,0.05013,0.054978
2.7272e-08,0.050077,0.054994
7.1399e-08,0.050024,0.055009
1.1623e-07,0.049969,0.055023
1.6173e-07,0.049913,0.055037
2.0783e-07,0.049856,0.055049
2.5448e-07,0.049798,0.055061
3.0161e-07,0.04974,0.055072
3.4915e-07,0.049681,0.055082
3.9703e-07,0.049621,0.055091
4.4515e-07,0.049561,0.055099
4.9341e-07,0.0495,0.055106
5.4173e-07,0.049439,0.055112
5.8999e-07,0.049378,0.055117
6.3806e-07,0.049317,0.055121
6.8582e-07,0.049256,0.055124
7.3314e-07,0.049194,0.055127
7.7988e-07,0.049133,0.055128
8.2587e-07,0.049073,0.055129
8.7097e-07,0.049012,0.055129
9.1499e-07,0.048952,0.055129
9.5778e-07,0.048893,0.055127
9.9913e-07,0.048834,0.055125
1.0389e-06,0.048775,0.055122
1.0768e-06,0.048718,0.055119
1.1127e-06,0.048661,0.055115
1.1464e-06,0.048605,0.055111
1.1776e-06,0.04855,0.055107
1.2061e-06,0.048497,0.055102
1.2318e-06,0.048444,0.055097
1.2544e-06,0.048392,0.055092
1.2736e-06,0.048342,0.055086
1.2893e-06,0.048293,0.055081
1.3011e-06,0.048245,0.055076
1.309e-06,0.048198,0.05507
1.3126e-06,0.048153,0.055065
1.3117e-06,0.04811,0.05506
1.3061e-06,0.048068,0.055056
1.2956e-06,0.048027,0.055052
1.28e-06,0.047988,0.055048
1.2591e-06,0.04795,0.055044
1.2327e-06,0.047914,0.055041
1.2007e-06,0.04788,0.055039
1.1627e-06,0.047847,0.055037
1.1188e-06,0.047816,0.055036
1.0688e-06,0.047787,0.055036
1.0125e-06,0.047759,0.055036
9.4993e-07,0.047732,0.055037
8.8089e-07,0.047708,0.055039
8.0536e-07,0.047684,0.055042
7.2331e-07,0.047663,0.055045
6.3472e-07,0.047642,0.055049
5.396e-07,0.047624,0.055054
4.3801e-07,0.047606,0.055059
3.2999e-07,0.04759,0.055066
2.1565e-07,0.047576,0.055073
9.5121e-08,0.047562,0.05508
-3.1443e-08,0.04755,0.055089
-1.6385e-07,0.04754,0.055098
-3.0187e-07,0.04753,0.055107
-4.4524e-07,0.047521,0.055117
-5.9367e-07,0.047514,0.055128
-7.4682e-07,0.047507,0.055139
-9.0432e-07,0.047502,0.05515
-1.0658e-06,0.047497,0.055162
-1.2307e-06,0.047494,0.055174
-1.3987e-06,0.047491,0.055186
-1.5691e-06,0.047489,0.055199
-1.7415e-06,0.047488,0.055211
-1.9152e-06,0.047487,0.055223
-2.0896e-06,0.047487,0.055235
-2.264e-06,0.047488,0.055247
-2.4377e-06,0.04749,0.055259
-2.61e-06,0.047492,0.05527
-2.7801e-06,0.047495,0.055281
-2.9471e-06,0.047498,0.055292
-3.1103e-06,0.047502,0.055302
-3.2687e-06,0.047506,0.055311
-3.4215e-06,0.047511,0.055319
-3.5677e-06,0.047517,0.055327
-3.7064e-06,0.047523,0.055334
-3.8366e-06,0.047529,0.055339
-3.9573e-06,0.047536,0.055344
-4.0675e-06,0.047544,0.055348
-4.1661e-06,0.047552,0.05535
-4.2522e-06,0.04756,0.055352
-4.3247e-06,0.047569,0.055352
-4.3826e-06,0.047579,0.055351
-4.4248e-06,0.047589,0.055349
-4.4503e-06,0.047599,0.055345
-4.4581e-06,0.047611,0.05534
-4.4471e-06,0.047622,0.055333
-4.4164e-06,0.047635,0.055326
-4.3649e-06,0.047647,0.055316
-4.2918e-06,0.047661,0.055306
-4.1961e-06,0.047675,0.055294
-4.0769e-06,0.047689,0.05528
-3.9335e-06,0.047704,0.055265
-3.7649e-06,0.04772,0.055249
-3.5705e-06,0.047736,0.055231
-3.3495e-06,0.047753,0.055212
-3.1013e-06,0.047771,0.055192
-2.8254e-06,0.047789,0.05517
-2.5213e-06,0.047808,0.055148
-2.1885e-06,0.047827,0.055124
-1.8267e-06,0.047847,0.055099
-1.4356e-06,0.047868,0.055073
-1.015e-06,0.047889,0.055046
-5.6494e-07,0.047911,0.055018
-8.5304e-08,0.047934,0.054989
4.2376e-07,0.047957,0.054959
9.6206e-07,0.047982,0.054929
1.5293e-06,0.048007,0.054898
2.1249e-06,0.048032,0.054866
2.7486e-06,0.048059,0.054834
3.3996e-06,0.048086,0.054802
4.0771e-06,0.048114,0.054769
4.7803e-06,0.048143,0.054737
5.5082e-06,0.048172,0.054704
6.2597e-06,0.048203,0.054671
7.0336e-06,0.048234,0.054639
7.8285e-06,0.048266,0.054606
8.643e-06,0.048299,0.054574
9.4755e-06,0.048333,0.054542
1.0324e-05,0.048368,0.054511
1.1188e-05,0.048403,0.05448
1.2064e-05,0.04844,0.05445
1.2951e-05,0.048478,0.054421
1.3846e-05,0.048516,0.054393
1.4748e-05,0.048555,0.054365
1.5654e-05,0.048595,0.054339
1.6562e-05,0.048636,0.054314
1.747e-05,0.048678,0.054289
1.8374e-05,0.04872,0.054266
1.9273e-05,0.048763,0.054244
2.0164e-05,0.048807,0.054224
2.1044e-05,0.048851,0.054205
2.1911e-05,0.048896,0.054187
2.2762e-05,0.048942,0.05417
2.3594e-05,0.048988,0.054155
2.4405e-05,0.049034,0.054142
2.5192e-05,0.04908,0.05413
2.5953e-05,0.049127,0.054119
2.6685e-05,0.049174,0.054109
2.7385e-05,0.04922,0.054101
2.8052e-05,0.049267,0.054095
2.8682e-05,0.049313,0.05409
2.9273e-05,0.049359,0.054086
2.9824e-05,0.049405,0.054083
3.0333e-05,0.04945,0.054082
3.0797e-05,0.049494,0.054082
3.1214e-05,0.049537,0.054083
3.1584e-05,0.049579,0.054085
3.1905e-05,0.04962,0.054088
3.2175e-05,0.04966,0.054091
3.2394e-05,0.049699,0.054096
3.256e-05,0.049736,0.054102
3.2673e-05,0.049771,0.054108
3.2733e-05,0.049804,0.054115
3.2739e-05,0.049836,0.054123
3.2692e-05,0.049866,0.054131
3.2591e-05,0.049893,0.054139
3.2437e-05,0.049918,0.054148
3.2231e-05,0.049941,0.054157
3.1973e-05,0.049961,0.054166
3.1664e-05,0.049979,0.054175
3.1306e-05,0.049994,0.054185
3.0901e-05,0.050006,0.054194
3.0449e-05,0.050016,0.054204
2.9952e-05,0.050022,0.054213
2.9413e-05,0.050026,0.054222
2.8833e-05,0.050027,0.054232
2.8215e-05,0.050024,0.054241
2.756e-05,0.050019,0.054249
2.6872e-05,0.050011,0.054258
2.6153e-05,0.049999,0.054267
2.5405e-05,0.049984,0.054275
2.4631e-05,0.049967,0.054283
2.3833e-05,0.049946,0.054291
2.3015e-05,0.049922,0.054299
2.2179e-05,0.049896,0.054306
2.1328e-05,0.049866,0.054314
2.0464e-05,0.049833,0.054322
1.959e-05,0.049798,0.054329
1.8709e-05,0.04976,0.054337
1.7824e-05,0.049719,0.054344
1.6937e-05,0.049676,0.054352
1.6051e-05,0.04963,0.05436
1.5167e-05,0.049582,0.054369
1.429e-05,0.049532,0.054377
1.342e-05,0.04948,0.054386
1.2561e-05,0.049425,0.054396
1.1714e-05,0.049369,0.054406
1.0881e-05,0.049311,0.054416
1.0065e-05,0.049252,0.054428
9.2661e-06,0.049191,0.05444
8.4874e-06,0.049129,0.054453
7.7299e-06,0.049066,0.054466
6.9952e-06,0.049002,0.054481
6.2845e-06,0.048937,0.054496
5.599e-06,0.048872,0.054512
4.9398e-06,0.048806,0.05453
4.3077e-06,0.04874,0.054548
3.7036e-06,0.048674,0.054568
3.128e-06,0.048608,0.054588
2.5815e-06,0.048542,0.05461
2.0645e-06,0.048477,0.054632
1.5772e-06,0.048412,0.054656
1.1198e-06,0.048348,0.054681
6.9222e-07,0.048285,0.054707
2.9438e-07,0.048224,0.054733
-7.3947e-08,0.048163,0.054761
-4.1311e-07,0.048104,0.05479
-7.2355e-07,0.048047,0.054819
-1.0058e-06,0.047991,0.05485
-1.2606e-06,0.047938,0.054881
-1.4886e-06,0.047887,0.054913
-1.6906e-06,0.047837,0.054945
-1.8677e-06,0.047791,0.054978
-2.0207e-06,0.047746,0.055011
-2.1507e-06,0.047705,0.055044
-2.2589e-06,0.047666,0.055078
-2.3464e-06,0.04763,0.055112
-2.4145e-06,0.047598,0.055146
-2.4644e-06,0.047568,0.055179
-2.4975e-06,0.047542,0.055212
-2.5151e-06,0.047519,0.055245
-2.5187e-06,0.0475,0.055277
-2.5095e-06,0.047484,0.055308
-2.489e-06,0.047471,0.055339
-2.4586e-06,0.047463,0.055368
-2.4197e-06,0.047458,0.055397
-2.3737e-06,0.047457,0.055424
-2.3221e-06,0.04746,0.055449
-2.2662e-06,0.047467,0.055473
-2.2073e-06,0.047477,0.055496
-2.1467e-06,0.047492,0.055516
-2.0858e-06,0.04751,0.055535
-2.0258e-06,0.047533,0.055551
-1.9679e-06,0.047559,0.055566
-1.9132e-06,0.047589,0.055578
-1.8628e-06,0.047623,0.055587
-1.8177e-06,0.047661,0.055594
-1.7788e-06,0.047702,0.055599
-1.7471e-06,0.047748,0.0556
-1.7234e-06,0.047796,0.055599
-1.7083e-06,0.047849,0.055595
-1.7026e-06,0.047904,0.055589
-1.7067e-06,0.047963,0.055579
-1.7212e-06,0.048025,0.055566
-1.7464e-06,0.04809,0.055551
-1.7826e-06,0.048158,0.055532
-1.8301e-06,0.048229,0.055511
-1.8888e-06,0.048303,0.055486
-1.9587e-06,0.048378,0.055458
-2.0399e-06,0.048456,0.055428
-2.1319e-06,0.048536,0.055395
-2.2346e-06,0.048618,0.055358
-2.3476e-06,0.048702,0.05532
-2.4702e-06,0.048787,0.055278
-2.6019e-06,0.048874,0.055234
-2.7419e-06,0.048961,0.055187
-2.8895e-06,0.04905,0.055138
-3.0437e-06,0.049139,0.055086
-3.2034e-06,0.049229,0.055033
-3.3677e-06,0.049319,0.054977
-3.5352e-06,0.049408,0.054919
-3.7047e-06,0.049498,0.05486
-3.8749e-06,0.049588,0.054798
-4.0442e-06,0.049676,0.054736
-4.2112e-06,0.049764,0.054672
-4.3742e-06,0.049851,0.054606
-4.5315e-06,0.049936,0.05454
-4.6815e-06,0.05002,0.054472
-4.8222e-06,0.050103,0.054404
-4.952e-06,0.050183,0.054335
-5.0688e-06,0.050261,0.054265
-5.1708e-06,0.050337,0.054196
-5.256e-06,0.050411,0.054125
-5.3223e-06,0.050482,0.054055
-5.3678e-06,0.05055,0.053985
-5.3905e-06,0.050615,0.053915
-5.3882e-06,0.050677,0.053845
-5.359e-06,0.050735,0.053776
-5.3009e-06,0.05079,0.053707
-5.2118e-06,0.050842,0.053639
-5.0897e-06,0.05089,0.053572
-4.9328e-06,0.050934,0.053505
-4.7391e-06,0.050974,0.05344
-4.5067e-06,0.05101,0.053376
-4.2339e-06,0.051042,0.053313
-3.9189e-06,0.051069,0.053251
-3.5601e-06,0.051093,0.05319
-3.1559e-06,0.051112,0.053131
-2.7049e-06,0.051126,0.053074
-2.2056e-06,0.051137,0.053018
-1.6568e-06,0.051142,0.052964
-1.0573e-06,0.051144,0.052911
-4.0614e-07,0.05114,0.05286
2.976e-07,0.051133,0.052811
1.0547e-06,0.05112,0.052764
1.8657e-06,0.051104,0.052719
2.7312e-06,0.051083,0.052676
3.6514e-06,0.051057,0.052634
4.6265e-06,0.051027,0.052595
5.6565e-06,0.050993,0.052557
6.7412e-06,0.050954,0.052522
7.8801e-06,0.050911,0.052488
9.0728e-06,0.050864,0.052457
1.0319e-05,0.050813,0.052428
1.1616e-05,0.050759,0.0524
1.2965e-05,0.0507,0.052375
1.4364e-05,0.050637,0.052351
1.5811e-05,0.050571,0.05233
1.7305e-05,0.050502,0.052311
1.8843e-05,0.050429,0.052293
2.0424e-05,0.050353,0.052278
2.2046e-05,0.050274,0.052264
2.3706e-05,0.050192,0.052253
2.5402e-05,0.050108,0.052243
2.7131e-05,0.05002,0.052236
2.889e-05,0.049931,0.05223
3.0676e-05,0.049839,0.052226
3.2486e-05,0.049745,0.052224
3.4316e-05,0.04965,0.052224
3.6164e-05,0.049553,0.052225
3.8026e-05,0.049454,0.052228
3.9897e-05,0.049355,0.052233
4.1775e-05,0.049254,0.05224
4.3656e-05,0.049153,0.052248
4.5535e-05,0.049051,0.052257
4.7408e-05,0.048948,0.052269
4.9273e-05,0.048846,0.052281
5.1123e-05,0.048744,0.052296
5.2957e-05,0.048642,0.052311
5.4768e-05,0.04854,0.052328
5.6554e-05,0.04844,0.052347
5.831e-05,0.04834,0.052366
6.0032e-05,0.048242,0.052387
6.1716e-05,0.048145,0.052409
6.3358e-05,0.04805,0.052432
6.4954e-05,0.047956,0.052457
6.65e-05,0.047865,0.052482
6.7992e-05,0.047776,0.052509
6.9426e-05,0.04769,0.052536
7.08e-05,0.047607,0.052564
7.2108e-05,0.047526,0.052594
7.3348e-05,0.047449,0.052624
7.4515e-05,0.047375,0.052655
7.5608e-05,0.047304,0.052687
7.6622e-05,0.047237,0.052719
7.7555e-05,0.047174,0.052753
7.8403e-05,0.047115,0.052787
7.9164e-05,0.04706,0.052822
7.9835e-05,0.04701,0.052858
8.0414e-05,0.046964,0.052894
8.0899e-05,0.046922,0.052931
8.1288e-05,0.046886,0.052968
8.1578e-05,0.046854,0.053007
8.1769e-05,0.046827,0.053046
8.1859e-05,0.046804,0.053085
8.1847e-05,0.046787,0.053125
8.1733e-05,0.046775,0.053165
8.1515e-05,0.046768,0.053206
8.1195e-05,0.046766,0.053248
8.0772e-05,0.046769,0.05329
8.0246e-05,0.046778,0.053333
7.9618e-05,0.046791,0.053375
7.889e-05,0.04681,0.053419
7.8064e-05,0.046833,0.053463
7.714e-05,0.046862,0.053507
7.6121e-05,0.046895,0.053551
7.501e-05,0.046933,0.053596
7.3809e-05,0.046976,0.053641
7.2522e-05,0.047024,0.053687
7.1151e-05,0.047076,0.053732
6.9701e-05,0.047132,0.053778
6.8176e-05,0.047192,0.053824
6.6579e-05,0.047257,0.05387
6.4915e-05,0.047325,0.053917
6.3188e-05,0.047397,0.053963
6.1404e-05,0.047473,0.054009
5.9567e-05,0.047552,0.054055
5.7682e-05,0.047633,0.054102
5.5754e-05,0.047718,0.054148
5.3788e-05,0.047805,0.054193
5.179e-05,0.047895,0.054239
4.9765e-05,0.047987,0.054284
4.7718e-05,0.048081,0.054329
4.5654e-05,0.048176,0.054374
4.3578e-05,0.048273,0.054418
4.1496e-05,0.048371,0.054462
3.9412e-05,0.04847,0.054505
3.7332e-05,0.04857,0.054548
3.526e-05,0.04867,0.054589
3.3201e-05,0.04877,0.05463
3.116e-05,0.048869,0.054671
2.9141e-05,0.048969,0.05471
2.7148e-05,0.049067,0.054748
2.5185e-05,0.049165,0.054786
2.3256e-05,0.049261,0.054822
2.1365e-05,0.049356,0.054857
1.9515e-05,0.049449,0.054891
1.7709e-05,0.04954,0.054924
1.5951e-05,0.049629,0.054955
1.4243e-05,0.049716,0.054985
1.2587e-05,0.0498,0.055013
1.0986e-05,0.04988,0.05504
9.4422e-06,0.049958,0.055065
7.957e-06,0.050033,0.055089
6.5321e-06,0.050104,0.055111
5.1688e-06,0.050171,0.055131
3.8684e-06,0.050234,0.055149
2.6315e-06,0.050294,0.055166
1.459e-06,0.050349,0.055181
3.5128e-07,0.0504,0.055193
-6.9148e-07,0.050447,0.055204
-1.6692e-06,0.050489,0.055213
-2.5821e-06,0.050527,0.05522
-3.4305e-06,0.05056,0.055225
-4.215e-06,0.050588,0.055229
-4.9362e-06,0.050611,0.05523
-5.5951e-06,0.05063,0.055229
-6.1927e-06,0.050644,0.055227
-6.7303e-06,0.050653,0.055222
-7.209e-06,0.050657,0.055216
-7.6304e-06,0.050656,0.055208
-7.9961e-06,0.050651,0.055198
-8.3078e-06,0.050641,0.055186
-8.5672e-06,0.050626,0.055173
-8.7762e-06,0.050607,0.055158
-8.9368e-06,0.050583,0.055141
-9.051e-06,0.050555,0.055123
-9.1209e-06,0.050523,0.055104
-9.1486e-06,0.050487,0.055083
-9.1362e-06,0.050446,0.055061
-9.0861e-06,0.050402,0.055037
-9.0003e-06,0.050355,0.055013
-8.8813e-06,0.050304,0.054987
-8.7311e-06,0.05025,0.054961
-8.5522e-06,0.050193,0.054933
-8.3466e-06,0.050133,0.054905
-8.1167e-06,0.050071,0.054876
-7.8646e-06,0.050006,0.054847
-7.5925e-06,0.04994,0.054816
-7.3025e-06,0.049871,0.054786
-6.9968e-06,0.049801,0.054755
-6.6773e-06,0.04973,0.054723
-6.3461e-06,0.049657,0.054691
-6.005e-06,0.049584,0.054659
-5.6561e-06,0.049509,0.054627
-5.301e-06,0.049435,0.054595
-4.9415e-06,0.04936,0.054562
-4.5793e-06,0.049286,0.05453
-4.2159e-06,0.049212,0.054497
-3.853e-06,0.049138,0.054464
-3.4919e-06,0.049065,0.054432
-3.134e-06,0.048993,0.054399
-2.7805e-06,0.048923,0.054367
-2.4327e-06,0.048853,0.054334
-2.0917e-06,0.048786,0.054302
-1.7585e-06,0.04872,0.054269
-1.434e-06,0.048656,0.054237
-1.1192e-06,0.048594,0.054205
-8.1482e-07,0.048534,0.054172
-5.2155e-07,0.048477,0.05414
-2.4004e-07,0.048423,0.054107
2.9169e-08,0.048371,0.054074
2.8559e-07,0.048321,0.054041
5.2882e-07,0.048275,0.054008
7.5854e-07,0.048232,0.053974
9.7447e-07,0.048191,0.05394
1.1764e-06,0.048154,0.053906
1.3643e-06,0.04812,0.053871
1.5379e-06,0.048089,0.053835
1.6974e-06,0.048061,0.053799
1.8428e-06,0.048037,0.053762
1.9741e-06,0.048015,0.053724
2.0915e-06,0.047997,0.053685
2.1952e-06,0.047982,0.053646
2.2855e-06,0.047971,0.053605
2.3626e-06,0.047962,0.053563
2.4268e-06,0.047956,0.05352
2.4786e-06,0.047954,0.053476
2.5182e-06,0.047954,0.05343
2.5462e-06,0.047958,0.053384
2.5629e-06,0.047964,0.053335
2.5688e-06,0.047973,0.053286
2.5644e-06,0.047984,0.053234
2.5503e-06,0.047998,0.053182
2.5268e-06,0.048015,0.053127
2.4946e-06,0.048033,0.053071
2.4542e-06,0.048054,0.053014
2.4061e-06,0.048077,0.052955
2.3509e-06,0.048101,0.052894
2.2892e-06,0.048127,0.052832
2.2214e-06,0.048155,0.052768
2.1481e-06,0.048184,0.052702
2.0699e-06,0.048215,0.052635
1.9873e-06,0.048246,0.052567
1.9008e-06,0.048279,0.052497
1.811e-06,0.048312,0.052425
1.7184e-06,0.048345,0.052353
1.6234e-06,0.048379,0.052278
1.5265e-06,0.048413,0.052203
1.4282e-06,0.048448,0.052127
1.3289e-06,0.048482,0.052049
1.2292e-06,0.048516,0.051971
1.1293e-06,0.048549,0.051892
1.0297e-06,0.048582,0.051812
9.3069e-07,0.048613,0.051731
8.3272e-07,0.048644,0.05165
7.3609e-07,0.048674,0.051569
6.4111e-07,0.048702,0.051488
5.4807e-07,0.048729,0.051407
4.5724e-07,0.048755,0.051325
3.6886e-07,0.048778,0.051245
2.8317e-07,0.0488,0.051164
2.0037e-07,0.04882,0.051085
1.2065e-07,0.048838,0.051006
4.4163e-08,0.048853,0.050928
-2.8935e-08,0.048866,0.050852
-9.8522e-08,0.048877,0.050777
-1.6449e-07,0.048885,0.050703
-2.2676e-07,0.04889,0.050632
-2.8527e-07,0.048893,0.050562
-3.3995e-07,0.048893,0.050494
-3.9078e-07,0.04889,0.050429
-4.3774e-07,0.048885,0.050366
-4.8083e-07,0.048876,0.050307
-5.2007e-07,0.048865,0.050249
-5.5548e-07,0.04885,0.050195
-5.8711e-07,0.048833,0.050145
-6.15e-07,0.048813,0.050097
-6.3924e-07,0.04879,0.050053
-6.5989e-07,0.048764,0.050013
-6.7704e-07,0.048736,0.049977
-6.9079e-07,0.048704,0.049944
-7.0124e-07,0.04867,0.049916
-7.0852e-07,0.048634,0.049891
-7.1273e-07,0.048595,0.049871
-7.1401e-07,0.048553,0.049855
-7.1249e-07,0.04851,0.049843
-7.083e-07,0.048464,0.049836
-7.0159e-07,0.048416,0.049833
-6.9249e-07,0.048366,0.049835
-6.8116e-07,0.048314,0.049841
-6.6775e-07,0.048261,0.049851
-6.524e-07,0.048206,0.049866
-6.3526e-07,0.04815,0.049885
-6.1648e-07,0.048093,0.049908
-5.9622e-07,0.048035,0.049936
-5.7461e-07,0.047977,0.049967
-5.518e-07,0.047918,0.050003
-5.2795e-07,0.047858,0.050043
-5.0318e-07,0.047798,0.050087
-4.7764e-07,0.047739,0.050134
-4.5146e-07,0.04768,0.050185
-4.2477e-07,0.047621,0.050239
-3.9771e-07,0.047563,0.050296
-3.7038e-07,0.047506,0.050357
-3.4291e-07,0.04745,0.05042
-3.1541e-07,0.047396,0.050486
-2.8798e-07,0.047343,0.050555
-2.6074e-07,0.047291,0.050625
-2.3377e-07,0.047242,0.050698
-2.0717e-07,0.047195,0.050773
-1.8102e-07,0.04715,0.050849
-1.554e-07,0.047107,0.050927
-1.3038e-07,0.047067,0.051006
-1.0604e-07,0.04703,0.051086
-8.2432e-08,0.046996,0.051167
-5.9615e-08,0.046966,0.051248
-3.7641e-08,0.046938,0.05133
-1.6554e-08,0.046913,0.051412
3.607e-09,0.046893,0.051493
2.2807e-08,0.046875,0.051575
4.1018e-08,0.046862,0.051656
5.8215e-08,0.046852,0.051736
7.438e-08,0.046846,0.051816
8.95e-08,0.046844,0.051894
1.0356e-07,0.046846,0.051971
1.1657e-07,0.046852,0.052047
1.2852e-07,0.046862,0.052121
1.394e-07,0.046876,0.052194
1.4925e-07,0.046894,0.052265
1.5805e-07,0.046916,0.052333
1.6583e-07,0.046943,0.0524
1.7261e-07,0.046973,0.052465
1.784e-07,0.047007,0.052527
1.8323e-07,0.047045,0.052587
1.8713e-07,0.047087,0.052644
1.9013e-07,0.047133,0.052699
1.9225e-07,0.047183,0.052751
1.9354e-07,0.047236,0.052801
1.9401e-07,0.047293,0.052848
1.9372e-07,0.047354,0.052892
1.9269e-07,0.047417,0.052934
1.9097e-07,0.047484,0.052973
1.8859e-07,0.047554,0.053009
1.856e-07,0.047627,0.053042
1.8204e-07,0.047703,0.053073
1.7794e-07,0.047782,0.053101
1.7334e-07,0.047863,0.053127
1.683e-07,0.047946,0.05315
1.6284e-07,0.048031,0.05317
1.5701e-07,0.048119,0.053188
1.5085e-07,0.048208,0.053203
1.444e-07,0.048299,0.053216
1.3769e-07,0.048391,0.053227
1.3077e-07,0.048484,0.053236
1.2366e-07,0.048578,0.053243
1.1642e-07,0.048674,0.053247
1.0907e-07,0.048769,0.05325
1.0164e-07,0.048865,0.053251
9.4167e-08,0.048961,0.05325
8.6683e-08,0.049057,0.053248
7.9217e-08,0.049152,0.053244
7.1795e-08,0.049247,0.053239
6.4446e-08,0.049341,0.053233
5.7193e-08,0.049434,0.053225
5.006e-08,0.049526,0.053216
4.3068e-08,0.049616,0.053207
3.6239e-08,0.049705,0.053197
2.9591e-08,0.049791,0.053185
2.3141e-08,0.049876,0.053174
1.6905e-08,0.049958,0.053161
1.0896e-08,0.050038,0.053149
5.1269e-09,0.050114,0.053135
-3.91e-10,0.050188,0.053122
-5.6484e-09,0.050259,0.053108
-1.0637e-08,0.050327,0.053095
-1.5351e-08,0.050391,0.053081
-1.9784e-08,0.050451,0.053067
-2.3933e-08,0.050508,0.053053
-2.7795e-08,0.05056,0.053039
-3.1368e-08,0.050609,0.053026
-3.4653e-08,0.050654,0.053013
-3.7651e-08,0.050694,0.053
-4.0362e-08,0.05073,0.052987
-4.279e-08,0.050761,0.052974
-4.494e-08,0.050788,0.052962
-4.6816e-08,0.05081,0.05295
-4.8423e-08,0.050828,0.052939
-4.9768e-08,0.050841,0.052928
-5.0858e-08,0.050849,0.052917
-5.1701e-08,0.050853,0.052906
-5.2305e-08,0.050851,0.052896
-5.2679e-08,0.050845,0.052886
-5.2832e-08,0.050835,0.052877
-5.2775e-08,0.050819,0.052867
-5.2517e-08,0.050799,0.052858
-5.2068e-08,0.050774,0.052849
-5.144e-08,0.050745,0.05284
-5.0644e-08,0.050711,0.052831
-4.9689e-08,0.050672,0.052823
-4.8588e-08,0.050629,0.052814
-4.7351e-08,0.050582,0.052805
-4.5989e-08,0.050531,0.052797
-4.4515e-08,0.050475,0.052788
-4.2938e-08,0.050416,0.052778
-4.1269e-08,0.050352,0.052769
-3.952e-08,0.050285,0.05276
-3.77e-08,0.050214,0.05275
-3.5821e-08,0.05014,0.052739
-3.3892e-08,0.050062,0.052728
-3.1922e-08,0.049981,0.052717
-2.9922e-08,0.049897,0.052706
-2.7901e-08,0.04981,0.052693
-2.5867e-08,0.04972,0.052681
-2.3828e-08,0.049628,0.052667
-2.1794e-08,0.049534,0.052653
-1.9771e-08,0.049437,0.052639
-1.7767e-08,0.049338,0.052623
-1.5788e-08,0.049237,0.052607
-1.3841e-08,0.049134,0.052591
-1.1932e-08,0.049031,0.052573
-1.0067e-08,0.048925,0.052555
-8.251e-09,0.048819,0.052536
-6.488e-09,0.048712,0.052517
-4.7828e-09,0.048604,0.052496
-3.1392e-09,0.048495,0.052476
-1.5606e-09,0.048387,0.052454
-5.0086e-11,0.048278,0.052432
1.3897e-09,0.048169,0.052409
2.7566e-09,0.048061,0.052385
4.0488e-09,0.047954,0.052361
5.2647e-09,0.047847,0.052337
6.4032e-09,0.047741,0.052312
7.4636e-09,0.047636,0.052286
8.4455e-09,0.047532,0.05226
9.3488e-09,0.047431,0.052234
1.0174e-08,0.04733,0.052207
1.0921e-08,0.047232,0.05218
1.159e-08,0.047136,0.052152
1.2184e-08,0.047043,0.052124
1.2703e-08,0.046951,0.052096
1.3149e-08,0.046863,0.052068
1.3523e-08,0.046777,0.05204
1.3827e-08,0.046694,0.052011
1.4064e-08,0.046615,0.051982
1.4235e-08,0.046538,0.051953
1.4344e-08,0.046466,0.051924
1.4392e-08,0.046396,0.051895
1.4382e-08,0.046331,0.051866
1.4318e-08,0.046269,0.051837
1.4201e-08,0.046211,0.051808
1.4035e-08,0.046157,0.051778
1.3823e-08,0.046107,0.051749
1.3567e-08,0.046061,0.051719
1.3271e-08,0.04602,0.051689
1.2938e-08,0.045982,0.051659
1.2571e-08,0.045949,0.051629
1.2172e-08,0.045921,0.051598
1.1746e-08,0.045897,0.051567
1.1294e-08,0.045877,0.051536
1.0819e-08,0.045862,0.051505
1.0326e-08,0.045852,0.051473
9.8152e-09,0.045845,0.05144
9.291e-09,0.045844,0.051407
8.7555e-09,0.045846,0.051373
8.2115e-09,0.045854,0.051339
7.6613e-09,0.045865,0.051304
7.1074e-09,0.045881,0.051268
6.5521e-09,0.045902,0.051232
5.9977e-09,0.045926,0.051194
5.4461e-09,0.045955,0.051156
4.8995e-09,0.045988,0.051116
4.3596e-09,0.046025,0.051076
3.8282e-09,0.046066,0.051034
3.3071e-09,0.046111,0.050991
2.7976e-09,0.04616,0.050947
2.3013e-09,0.046213,0.050902
1.8194e-09,0.046269,0.050856
1.3531e-09,0.046329,0.050808
9.0345e-10,0.046392,0.05076
4.7144e-10,0.046459,0.05071
5.7893e-11,0.046528,0.050658
-3.3647e-10,0.046601,0.050606
-7.1103e-10,0.046677,0.050552
-1.0653e-09,0.046755,0.050497
-1.3988e-09,0.046836,0.050441
-1.7113e-09,0.04692,0.050384
-2.0025e-09,0.047005,0.050326
-2.2723e-09,0.047093,0.050267
-2.5207e-09,0.047183,0.050207
-2.7477e-09,0.047274,0.050146
-2.9535e-09,0.047367,0.050084
-3.1383e-09,0.047462,0.050021
-3.3022e-09,0.047558,0.049958
-3.4458e-09,0.047655,0.049894
-3.5693e-09,0.047753,0.04983
-3.6733e-09,0.047851,0.049765
-3.7583e-09,0.04795,0.0497
-3.8248e-09,0.048049,0.049635
-3.8734e-09,0.048149,0.04957
-3.9048e-09,0.048248,0.049505
-3.9197e-09,0.048347,0.04944
-3.9188e-09,0.048446,0.049376
-3.9028e-09,0.048544,0.049312
-3.8725e-09,0.048642,0.049248
-3.8288e-09,0.048738,0.049185
-3.7723e-09,0.048833,0.049123
-3.704e-09,0.048927,0.049062
-3.6245e-09,0.049019,0.049003
-3.5349e-09,0.04911,0.048944
-3.4358e-09,0.049198,0.048887
-3.3281e-09,0.049285,0.048831
-3.2127e-09,0.04937,0.048778
-3.0903e-09,0.049452,0.048726
-2.9617e-09,0.049532,0.048676
-2.8278e-09,0.049609,0.048628
-2.6893e-09,0.049683,0.048582
-2.5469e-09,0.049755,0.048539
-2.4013e-09,0.049823,0.048498
-2.2534e-09,0.049889,0.048459
-2.1037e-09,0.049951,0.048424
-1.9529e-09,0.05001,0.048391
-1.8016e-09,0.050065,0.048361
-1.6506e-09,0.050117,0.048334
-1.5002e-09,0.050166,0.04831
-1.3512e-09,0.05021,0.048289
-1.2039e-09,0.050251,0.048271
-1.0589e-09,0.050289,0.048257
-9.1664e-10,0.050322,0.048246
-7.7752e-10,0.050352,0.048238
-6.4193e-10,0.050377,0.048233
-5.1024e-10,0.050399,0.048232
-3.8276e-10,0.050417,0.048235
-2.5979e-10,0.050431,0.04824
-1.4159e-10,0.050441,0.048249
-2.8399e-11,0.050447,0.048261
7.959e-11,0.050449,0.048276
1.822e-10,0.050447,0.048295
2.7929e-10,0.050442,0.048317
3.7075e-10,0.050432,0.048342
4.5648e-10,0.050419,0.048369
5.3643e-10,0.050402,0.0484
6.1056e-10,0.050382,0.048434
6.7886e-10,0.050357,0.04847
7.4134e-10,0.05033,0.048509
7.9802e-10,0.050298,0.048551
8.4897e-10,0.050264,0.048595
8.9425e-10,0.050226,0.048641
9.3397e-10,0.050185,0.04869
9.6822e-10,0.050141,0.04874
9.9713e-10,0.050094,0.048793
1.0208e-09,0.050044,0.048847
1.0395e-09,0.049991,0.048904
1.0533e-09,0.049936,0.048962
1.0624e-09,0.049879,0.049021
1.067e-09,0.049819,0.049081
1.0672e-09,0.049756,0.049143
1.0633e-09,0.049692,0.049206
1.0555e-09,0.049626,0.04927
1.044e-09,0.049558,0.049335
1.0291e-09,0.049489,0.049401
1.0109e-09,0.049418,0.049467
9.8959e-10,0.049346,0.049534
9.6552e-10,0.049272,0.049601
9.3886e-10,0.049198,0.049669
9.0984e-10,0.049123,0.049737
8.7869e-10,0.049047,0.049804
8.4562e-10,0.048971,0.049872
8.1084e-10,0.048895,0.04994
7.7459e-10,0.048818,0.050008
7.3705e-10,0.048742,0.050075
6.9845e-10,0.048666,0.050142
6.5898e-10,0.04859,0.050208
6.1883e-10,0.048515,0.050274
5.7818e-10,0.048441,0.05034
5.3723e-10,0.048367,0.050404
4.9613e-10,0.048295,0.050468
4.5507e-10,0.048224,0.050531
4.1418e-10,0.048154,0.050593
3.7363e-10,0.048086,0.050654
3.3355e-10,0.04802,0.050714
2.9408e-10,0.047955,0.050773
2.5534e-10,0.047893,0.050831
2.1744e-10,0.047833,0.050887
1.8049e-10,0.047775,0.050942
1.4459e-10,0.04772,0.050996
1.0983e-10,0.047667,0.051049
7.6286e-11,0.047617,0.0511
4.403e-11,0.04757,0.05115
1.3127e-11,0.047526,0.051198
-1.6368e-11,0.047485,0.051245
-4.4408e-11,0.047447,0.051291
-7.0954e-11,0.047413,0.051335
-9.5973e-11,0.047382,0.051377
-1.1944e-10,0.047354,0.051418
-1.4135e-10,0.04733,0.051458
-1.6167e-10,0.04731,0.051496
-1.8041e-10,0.047294,0.051533
-1.9758e-10,0.047281,0.051568
-2.1318e-10,0.047272,0.051602
-2.2722e-10,0.047267,0.051634
-2.3973e-10,0.047266,0.051665
-2.5072e-10,0.047269,0.051695
-2.6024e-10,0.047276,0.051723
-2.6831e-10,0.047287,0.051751
-2.7497e-10,0.047301,0.051777
-2.8027e-10,0.04732,0.051801
-2.8424e-10,0.047343,0.051825
-2.8694e-10,0.047369,0.051848
-2.8842e-10,0.047399,0.051869
-2.8873e-10,0.047433,0.051889
-2.8792e-10,0.04747,0.051909
-2.8606e-10,0.047512,0.051927
-2.8319e-10,0.047556,0.051945
-2.7938e-10,0.047604,0.051961
-2.747e-10,0.047656,0.051977
-2.6919e-10,0.04771,0.051992
-2.6293e-10,0.047768,0.052006
-2.5597e-10,0.047828,0.052019
-2.4837e-10,0.047891,0.052032
-2.402e-10,0.047957,0.052044
-2.3152e-10,0.048025,0.052055
-2.2237e-10,0.048096,0.052066
-2.1283e-10,0.048168,0.052075
-2.0294e-10,0.048242,0.052085
-1.9277e-10,0.048319,0.052093
-1.8237e-10,0.048396,0.052101
-1.7178e-10,0.048475,0.052108
-1.6106e-10,0.048555,0.052115
-1.5026e-10,0.048636,0.052121
-1.3943e-10,0.048717,0.052126
-1.286e-10,0.048799,0.052131
-1.1782e-10,0.048881,0.052135
-1.0713e-10,0.048963,0.052139
-9.6566e-11,0.049045,0.052142
-8.6163e-11,0.049126,0.052144
-7.5953e-11,0.049207,0.052145
-6.5968e-11,0.049286,0.052146
-5.6233e-11,0.049365,0.052146
-4.6775e-11,0.049442,0.052146
-3.7615e-11,0.049518,0.052145
-2.8775e-11,0.049592,0.052143
-2.0273e-11,0.049664,0.05214
-1.2123e-11,0.049734,0.052137
-4.3401e-12,0.049801,0.052133
3.0656e-12,0.049867,0.052128
1.0085e-11,0.049929,0.052122
1.6711e-11,0.049989,0.052116
2.2939e-11,0.050046,0.052109
2.8766e-11,0.050099,0.052101
3.4191e-11,0.05015,0.052093
3.9216e-11,0.050197,0.052084
4.3842e-11,0.050241,0.052074
4.8074e-11,0.050281,0.052064
5.1917e-11,0.050318,0.052053
5.5379e-11,0.050351,0.052042
5.8468e-11,0.05038,0.05203
6.1194e-11,0.050406,0.052018
6.3567e-11,0.050428,0.052005
6.5599e-11,0.050446,0.051992
6.7304e-11,0.05046,0.051979
6.8693e-11,0.05047,0.051966
6.9783e-11,0.050477,0.051952
7.0587e-11,0.05048,0.051939
7.1121e-11,0.050478,0.051925
7.1401e-11,0.050474,0.051912
7.1442e-11,0.050465,0.051898
7.1261e-11,0.050453,0.051885
7.0875e-11,0.050438,0.051872
7.03e-11,0.050419,0.05186
6.9551e-11,0.050397,0.051848
6.8646e-11,0.050371,0.051837
6.7601e-11,0.050342,0.051827
6.6431e-11,0.050311,0.051817
6.5152e-11,0.050276,0.051808
6.3778e-11,0.050238,0.0518
6.2325e-11,0.050198,0.051793
6.0806e-11,0.050156,0.051787
5.9234e-11,0.050111,0.051782
5.7623e-11,0.050064,0.051779
5.5984e-11,0.050014,0.051776
5.4328e-11,0.049963,0.051776
5.2666e-11,0.04991,0.051776
5.1008e-11,0.049856,0.051778
4.9362e-11,0.0498,0.051781
4.7736e-11,0.049742,0.051786
4.6138e-11,0.049684,0.051793
4.4574e-11,0.049624,0.051801
4.3048e-11,0.049564,0.051811
4.1566e-11,0.049503,0.051822
4.013e-11,0.049442,0.051835
3.8744e-11,0.04938,0.05185
3.7408e-11,0.049318,0.051866
3.6124e-11,0.049256,0.051883
3.4891e-11,0.049194,0.051902
3.3709e-11,0.049132,0.051923
3.2576e-11,0.049071,0.051945
3.1488e-11,0.04901,0.051968
3.0444e-11,0.04895,0.051992
2.9438e-11,0.048891,0.052017
2.8466e-11,0.048833,0.052044
2.7522e-11,0.048776,0.052071
2.66e-11,0.04872,0.052099
2.5695e-11,0.048665,0.052128
2.4798e-11,0.048612,0.052158
2.3902e-11,0.04856,0.052188
2.3e-11,0.04851,0.052218
2.2082e-11,0.048461,0.052248
2.1141e-11,0.048415,0.052278
2.0168e-11,0.04837,0.052308
1.9153e-11,0.048327,0.052338
1.8088e-11,0.048286,0.052367
1.6964e-11,0.048247,0.052395
1.5772e-11,0.04821,0.052422
1.4502e-11,0.048175,0.052449
1.3147e-11,0.048142,0.052474
1.1698e-11,0.048112,0.052498
1.0147e-11,0.048084,0.05252
8.4861e-12,0.048058,0.052541
6.708e-12,0.048034,0.05256
4.806e-12,0.048013,0.052577
2.7741e-12,0.047994,0.052591
6.0682e-13,0.047977,0.052603
-1.7006e-12,0.047963,0.052613
-4.1523e-12,0.04795,0.05262
-6.7512e-12,0.04794,0.052625
-9.4998e-12,0.047932,0.052627
-1.2399e-11,0.047927,0.052625
-1.545e-11,0.047923,0.052621
-1.8651e-11,0.047922,0.052614
-2.2001e-11,0.047923,0.052603
-2.5497e-11,0.047925,0.052589
-2.9135e-11,0.04793,0.052572
-3.2909e-11,0.047937,0.052551
-3.6814e-11,0.047945,0.052527
-4.084e-11,0.047955,0.052499
-4.498e-11,0.047967,0.052468
-4.9224e-11,0.047981,0.052434
-5.3559e-11,0.047996,0.052396
-5.7973e-11,0.048013,0.052355
-6.2452e-11,0.048031,0.052311
-6.698e-11,0.048051,0.052263
-7.1541e-11,0.048071,0.052212
-7.6117e-11,0.048093,0.052158
-8.0689e-11,0.048117,0.052101
-8.5237e-11,0.048141,0.05204
-8.974e-11,0.048166,0.051978
-9.4175e-11,0.048193,0.051912
-9.8519e-11,0.04822,0.051844
-1.0275e-10,0.048248,0.051773
-1.0684e-10,0.048277,0.0517
-1.1076e-10,0.048306,0.051625
-1.1448e-10,0.048336,0.051548
-1.1799e-10,0.048367,0.051469
-1.2125e-10,0.048398,0.051388
-1.2423e-10,0.048429,0.051306
-1.269e-10,0.048461,0.051223
-1.2924e-10,0.048494,0.051138
-1.3121e-10,0.048527,0.051053
-1.3279e-10,0.04856,0.050966
-1.3395e-10,0.048593,0.050879
-1.3466e-10,0.048626,0.050792
-1.3489e-10,0.04866,0.050704
-1.3461e-10,0.048694,0.050616
-1.338e-10,0.048728,0.050528
-1.3243e-10,0.048763,0.05044
-1.3047e-10,0.048797,0.050353
-1.279e-10,0.048832,0.050266
-1.2471e-10,0.048866,0.050179
-1.2086e-10,0.048901,0.050094
-1.1634e-10,0.048936,0.050009
-1.1114e-10,0.048971,0.049925
-1.0523e-10,0.049007,0.049842
-9.8601e-11,0.049042,0.049761
-9.1248e-11,0.049078,0.049681
-8.3159e-11,0.049114,0.049602
-7.4329e-11,0.04915,0.049525
-6.4755e-11,0.049187,0.049449
-5.4439e-11,0.049224,0.049376
-4.3382e-11,0.049261,0.049303
-3.1592e-11,0.049298,0.049233
-1.908e-11,0.049336,0.049164
-5.8586e-12,0.049374,0.049098
8.0546e-12,0.049412,0.049033
2.2638e-11,0.049451,0.04897
3.7868e-11,0.04949,0.04891
5.3714e-11,0.04953,0.048851
7.0143e-11,0.049569,0.048795
8.7119e-11,0.04961,0.048741
1.046e-10,0.049651,0.048688
1.2254e-10,0.049692,0.048638
1.4089e-10,0.049733,0.048591
1.596e-10,0.049775,0.048545
1.786e-10,0.049817,0.048502
1.9784e-10,0.04986,0.048461
2.1725e-10,0.049903,0.048422
2.3676e-10,0.049946,0.048386
2.563e-10,0.049989,0.048352
2.7578e-10,0.050033,0.04832
2.9512e-10,0.050077,0.048291
3.1425e-10,0.050121,0.048264
3.3307e-10,0.050165,0.048239
3.5148e-10,0.050209,0.048217
3.6941e-10,0.050253,0.048197
3.8673e-10,0.050297,0.04818
4.0337e-10,0.050341,0.048165
4.1921e-10,0.050385,0.048152
4.3415e-10,0.050429,0.048142
4.4809e-10,0.050472,0.048135
4.6091e-10,0.050515,0.04813
4.7252e-10,0.050558,0.048127
4.828e-10,0.050601,0.048127
4.9164e-10,0.050643,0.048129
4.9894e-10,0.050684,0.048134
5.046e-10,0.050725,0.048141
5.085e-10,0.050766,0.048151
5.1055e-10,0.050805,0.048163
5.1064e-10,0.050845,0.048178
5.0868e-10,0.050883,0.048195
5.0457e-10,0.050921,0.048214
4.9822e-10,0.050957,0.048236
4.8955e-10,0.050993,0.04826
4.7848e-10,0.051029,0.048287
4.6493e-10,0.051063,0.048316
4.4883e-10,0.051096,0.048347
4.3013e-10,0.051128,0.04838
4.0877e-10,0.05116,0.048415
3.847e-10,0.05119,0.048452
3.5789e-10,0.051219,0.048491
3.2831e-10,0.051247,0.048532
2.9595e-10,0.051274,0.048575
2.608e-10,0.0513,0.04862
2.2286e-10,0.051324,0.048666
1.8214e-10,0.051348,0.048714
1.3868e-10,0.05137,0.048763
9.2516e-11,0.051391,0.048814
4.3699e-11,0.05141,0.048865
-7.7023e-12,0.051429,0.048918
-6.1609e-11,0.051446,0.048972
-1.1793e-10,0.051461,0.049027
-1.7654e-10,0.051476,0.049082
-2.3734e-10,0.051489,0.049138
-3.0018e-10,0.051501,0.049195
-3.649e-10,0.051511,0.049252
-4.3134e-10,0.05152,0.049309
-4.9931e-10,0.051527,0.049366
-5.6862e-10,0.051533,0.049423
-6.3904e-10,0.051538,0.04948
-7.1036e-10,0.051541,0.049537
-7.8232e-10,0.051543,0.049593
-8.5467e-10,0.051543,0.049648
-9.2713e-10,0.051542,0.049702
-9.9942e-10,0.051539,0.049756
-1.0712e-09,0.051535,0.049808
-1.1422e-09,0.051529,0.04986
-1.2121e-09,0.051522,0.04991
-1.2806e-09,0.051513,0.049958
-1.3472e-09,0.051503,0.050005
-1.4117e-09,0.051491,0.05005
-1.4737e-09,0.051478,0.050093
-1.5327e-09,0.051463,0.050134
-1.5885e-09,0.051447,0.050173
-1.6406e-09,0.051429,0.050209
-1.6886e-09,0.05141,0.050244
-1.7322e-09,0.05139,0.050276
-1.7709e-09,0.051368,0.050305
-1.8044e-09,0.051344,0.050333
-1.8322e-09,0.051319,0.050357
-1.8539e-09,0.051293,0.050379
-1.8693e-09,0.051265,0.050398
-1.8779e-09,0.051236,0.050414
-1.8792e-09,0.051205,0.050428
-1.8731e-09,0.051174,0.050438
-1.8591e-09,0.051141,0.050447
-1.8369e-09,0.051106,0.050452
-1.8061e-09,0.051071,0.050454
-1.7666e-09,0.051034,0.050454
-1.7179e-09,0.050996,0.050451
-1.6599e-09,0.050957,0.050446
-1.5924e-09,0.050917,0.050438
-1.515e-09,0.050876,0.050428
-1.4278e-09,0.050834,0.050415
-1.3304e-09,0.05079,0.0504
-1.2229e-09,0.050747,0.050382
-1.1052e-09,0.050702,0.050363
-9.7718e-10,0.050656,0.050341
-8.3891e-10,0.05061,0.050318
-6.9044e-10,0.050563,0.050293
-5.3187e-10,0.050515,0.050266
-3.6334e-10,0.050467,0.050238
-1.8504e-10,0.050419,0.050209
2.788e-12,0.050369,0.050178
1.9986e-10,0.05032,0.050146
4.0582e-10,0.05027,0.050113
6.2029e-10,0.05022,0.05008
8.4281e-10,0.05017,0.050046
1.0729e-09,0.050119,0.050011
1.3099e-09,0.050069,0.049976
1.5534e-09,0.050018,0.049941
1.8025e-09,0.049967,0.049906
2.0567e-09,0.049916,0.049871
2.315e-09,0.049866,0.049836
2.5767e-09,0.049815,0.049801
2.8408e-09,0.049765,0.049767
3.1065e-09,0.049715,0.049733
3.3727e-09,0.049665,0.0497
3.6384e-09,0.049616,0.049668
3.9024e-09,0.049566,0.049637
4.1637e-09,0.049517,0.049607
4.421e-09,0.049469,0.049578
4.6731e-09,0.049421,0.04955
4.9187e-09,0.049373,0.049523
5.1565e-09,0.049326,0.049497
5.3852e-09,0.049279,0.049473
5.6034e-09,0.049233,0.04945
5.8096e-09,0.049188,0.049428
6.0025e-09,0.049143,0.049408
6.1806e-09,0.049098,0.049389
6.3426e-09,0.049054,0.049371
6.4868e-09,0.049011,0.049355
6.6119e-09,0.048968,0.049341
6.7165e-09,0.048926,0.049327
6.799e-09,0.048885,0.049316
6.8581e-09,0.048844,0.049305
6.8924e-09,0.048804,0.049296
6.9005e-09,0.048765,0.049288
6.8811e-09,0.048727,0.049282
6.8329e-09,0.048689,0.049276
6.7547e-09,0.048652,0.049272
6.6453e-09,0.048615,0.049269
6.5037e-09,0.04858,0.049267
6.3289e-09,0.048545,0.049266
6.1198e-09,0.048511,0.049266
5.8757e-09,0.048478,0.049267
5.5958e-09,0.048446,0.049269
5.2794e-09,0.048414,0.049271
4.9262e-09,0.048383,0.049274
4.5357e-09,0.048354,0.049278
4.1075e-09,0.048325,0.049282
3.6417e-09,0.048297,0.049287
3.1383e-09,0.04827,0.049292
2.5973e-09,0.048244,0.049298
2.0192e-09,0.048219,0.049304
1.4045e-09,0.048195,0.049309
7.538e-10,0.048172,0.049315
6.804e-11,0.04815,0.049321
-6.5176e-10,0.04813,0.049327
-1.4044e-09,0.04811,0.049333
-2.1884e-09,0.048092,0.049338
-3.0021e-09,0.048075,0.049343
-3.8438e-09,0.048059,0.049348
-4.7114e-09,0.048044,0.049352
-5.6026e-09,0.048031,0.049355
-6.5151e-09,0.048019,0.049358
-7.4461e-09,0.048009,0.049359
-8.3929e-09,0.048,0.04936
-9.3524e-09,0.047992,0.04936
-1.0321e-08,0.047986,0.049359
-1.1296e-08,0.047981,0.049356
-1.2273e-08,0.047978,0.049352
-1.3249e-08,0.047977,0.049347
-1.4219e-08,0.047977,0.04934
-1.518e-08,0.047978,0.049332
-1.6126e-08,0.047982,0.049322
-1.7054e-08,0.047987,0.04931
-1.7958e-08,0.047993,0.049297
-1.8834e-08,0.048002,0.049281
-1.9678e-08,0.048012,0.049264
-2.0483e-08,0.048023,0.049245
-2.1245e-08,0.048036,0.049223
-2.1959e-08,0.048051,0.049199
-2.2619e-08,0.048068,0.049173
-2.322e-08,0.048086,0.049145
-2.3757e-08,0.048106,0.049115
-2.4224e-08,0.048127,0.049082
-2.4616e-08,0.04815,0.049046
-2.4928e-08,0.048175,0.049009
-2.5155e-08,0.048201,0.048968
-2.5291e-08,0.048228,0.048926
-2.5331e-08,0.048256,0.048881
-2.5271e-08,0.048286,0.048833
-2.5106e-08,0.048317,0.048783
-2.4831e-08,0.04835,0.048731
-2.4442e-08,0.048383,0.048676
-2.3935e-08,0.048417,0.04862
-2.3307e-08,0.048452,0.04856
-2.2553e-08,0.048488,0.048499
-2.1671e-08,0.048525,0.048435
-2.0657e-08,0.048563,0.04837
-1.9511e-08,0.0486,0.048302
-1.8229e-08,0.048639,0.048233
-1.681e-08,0.048678,0.048162
-1.5253e-08,0.048716,0.048089
-1.3558e-08,0.048755,0.048015
-1.1725e-08,0.048795,0.04794
-9.7536e-09,0.048833,0.047863
-7.646e-09,0.048872,0.047785
-5.4037e-09,0.048911,0.047707
-3.0291e-09,0.048949,0.047627
-5.2535e-10,0.048986,0.047547
2.1039e-09,0.049023,0.047467
4.8541e-09,0.049059,0.047387
7.7201e-09,0.049094,0.047307
1.0696e-08,0.049128,0.047227
1.3775e-08,0.049161,0.047147
1.695e-08,0.049193,0.047068
2.0213e-08,0.049223,0.04699
2.3555e-08,0.049252,0.046913
2.6967e-08,0.04928,0.046837
3.0437e-08,0.049306,0.046763
3.3955e-08,0.04933,0.046691
3.7509e-08,0.049352,0.046621
4.1087e-08,0.049373,0.046552
4.4674e-08,0.049392,0.046487
4.8257e-08,0.049409,0.046424
5.1822e-08,0.049423,0.046363
5.5353e-08,0.049436,0.046306
5.8834e-08,0.049447,0.046253
6.2248e-08,0.049455,0.046202
6.5579e-08,0.049461,0.046156
6.8809e-08,0.049465,0.046113
7.1919e-08,0.049466,0.046075
7.4892e-08,0.049466,0.04604
7.7709e-08,0.049463,0.046011
8.035e-08,0.049457,0.045986
8.2796e-08,0.04945,0.045965
8.5028e-08,0.04944,0.04595
8.7025e-08,0.049427,0.04594
8.877e-08,0.049413,0.045935
9.0241e-08,0.049396,0.045936
9.142e-08,0.049377,0.045942
9.2287e-08,0.049356,0.045953
9.2824e-08,0.049332,0.04597
9.3012e-08,0.049307,0.045993
9.2833e-08,0.049279,0.046021
9.227e-08,0.04925,0.046055
9.1306e-08,0.049219,0.046095
8.9925e-08,0.049185,0.04614
8.8113e-08,0.049151,0.046191
8.5855e-08,0.049114,0.046248
8.3139e-08,0.049076,0.04631
7.9952e-08,0.049037,0.046377
7.6286e-08,0.048996,0.04645
7.213e-08,0.048954,0.046528
6.7478e-08,0.04891,0.04661
6.2325e-08,0.048866,0.046698
5.6665e-08,0.048821,0.04679
5.0497e-08,0.048776,0.046887
4.3821e-08,0.048729,0.046988
3.6639e-08,0.048682,0.047093
2.8956e-08,0.048635,0.047202
2.0776e-08,0.048588,0.047315
1.211e-08,0.048541,0.047431
2.9676e-09,0.048494,0.04755
-6.6371e-09,0.048447,0.047671
-1.6688e-08,0.0484,0.047795
-2.7167e-08,0.048354,0.047922
-3.8052e-08,0.048309,0.04805
-4.932e-08,0.048264,0.04818
-6.0944e-08,0.048221,0.048311
-7.2894e-08,0.048179,0.048443
-8.5138e-08,0.048138,0.048576
-9.7641e-08,0.048098,0.04871
-1.1037e-07,0.04806,0.048843
-1.2327e-07,0.048024,0.048976
-1.3631e-07,0.04799,0.049108
-1.4945e-07,0.047958,0.04924
-1.6263e-07,0.047927,0.04937
-1.758e-07,0.0479,0.049499
-1.8891e-07,0.047874,0.049627
-2.019e-07,0.047851,0.049752
-2.1472e-07,0.047831,0.049874
-2.273e-07,0.047813,0.049994
-2.3958e-07,0.047799,0.050111
-2.515e-07,0.047787,0.050225
-2.6299e-07,0.047778,0.050336
-2.7398e-07,0.047772,0.050443
-2.8441e-07,0.04777,0.050546
-2.9421e-07,0.047771,0.050644
-3.033e-07,0.047775,0.050739
-3.1161e-07,0.047782,0.050829
-3.1908e-07,0.047793,0.050914
-3.2562e-07,0.047808,0.050994
-3.3118e-07,0.047826,0.05107
-3.3567e-07,0.047847,0.05114
-3.3903e-07,0.047872,0.051205
-3.4118e-07,0.0479,0.051264
-3.4207e-07,0.047932,0.051318
-3.4162e-07,0.047968,0.051367
-3.3977e-07,0.048006,0.05141
-3.3646e-07,0.048049,0.051447
-3.3163e-07,0.048094,0.051478
-3.2523e-07,0.048143,0.051504
-3.172e-07,0.048195,0.051524
-3.075e-07,0.04825,0.051539
-2.9608e-07,0.048308,0.051547
-2.8292e-07,0.048369,0.051551
-2.6796e-07,0.048433,0.051549
-2.512e-07,0.0485,0.051541
-2.326e-07,0.048569,0.051528
-2.1215e-07,0.04864,0.05151
-1.8984e-07,0.048714,0.051487
-1.6568e-07,0.04879,0.051459
-1.3967e-07,0.048868,0.051427
-1.1182e-07,0.048947,0.051389
-8.2162e-08,0.049029,0.051348
-5.0721e-08,0.049111,0.051302
-1.7539e-08,0.049195,0.051252
1.7336e-08,0.04928,0.051199
5.3844e-08,0.049366,0.051142
9.1918e-08,0.049452,0.051081
1.3148e-07,0.049539,0.051018
1.7244e-07,0.049626,0.050951
2.1471e-07,0.049714,0.050882
2.5817e-07,0.049801,0.05081
3.0271e-07,0.049887,0.050737
3.482e-07,0.049973,0.050661
3.945e-07,0.050059,0.050584
4.4147e-07,0.050143,0.050505
4.8894e-07,0.050226,0.050425
5.3675e-07,0.050308,0.050345
5.8471e-07,0.050388,0.050263
6.3265e-07,0.050467,0.050181
6.8037e-07,0.050543,0.050099
7.2765e-07,0.050618,0.050017
7.7429e-07,0.05069,0.049935
8.2007e-07,0.050759,0.049854
8.6476e-07,0.050826,0.049773
9.0811e-07,0.05089,0.049694
9.499e-07,0.050952,0.049615
9.8986e-07,0.05101,0.049537
1.0278e-06,0.051065,0.049461
1.0633e-06,0.051116,0.049387
1.0963e-06,0.051164,0.049314
1.1264e-06,0.051209,0.049243
1.1534e-06,0.05125,0.049175
1.1771e-06,0.051287,0.049108
1.1971e-06,0.05132,0.049044
1.2132e-06,0.05135,0.048982
1.2251e-06,0.051375,0.048922
1.2326e-06,0.051396,0.048865
1.2355e-06,0.051414,0.048811
1.2334e-06,0.051427,0.048759
1.2262e-06,0.051436,0.04871
1.2137e-06,0.051441,0.048664
1.1955e-06,0.051442,0.04862
1.1716e-06,0.051438,0.048579
1.1417e-06,0.051431,0.048541
1.1057e-06,0.05142,0.048506
1.0634e-06,0.051404,0.048473
1.0146e-06,0.051385,0.048443
9.5925e-07,0.051361,0.048415
8.9726e-07,0.051334,0.04839
8.2853e-07,0.051303,0.048367
7.5301e-07,0.051268,0.048347
6.7068e-07,0.05123,0.048329
5.8153e-07,0.051188,0.048313
4.8559e-07,0.051143,0.048299
3.8292e-07,0.051094,0.048287
2.736e-07,0.051043,0.048277
1.5776e-07,0.050988,0.048268
3.5535e-08,0.050931,0.048262
-9.2878e-08,0.050871,0.048256
-2.2726e-07,0.050808,0.048252
-3.6736e-07,0.050743,0.048249
-5.1288e-07,0.050676,0.048247
-6.6349e-07,0.050606,0.048246
-8.1883e-07,0.050535,0.048245
-9.7849e-07,0.050462,0.048246
-1.142e-06,0.050387,0.048246
-1.3089e-06,0.050311,0.048247
-1.4787e-06,0.050234,0.048248
-1.6508e-06,0.050155,0.048249
-1.8246e-06,0.050076,0.04825
-1.9995e-06,0.049996,0.04825
-2.1747e-06,0.049915,0.04825
-2.3496e-06,0.049834,0.04825
-2.5235e-06,0.049753,0.048249
-2.6955e-06,0.049671,0.048247
-2.8648e-06,0.04959,0.048245
-3.0306e-06,0.049509,0.048241
-3.192e-06,0.049428,0.048237
-3.3481e-06,0.049348,0.048232
-3.4979e-06,0.049268,0.048225
-3.6405e-06,0.049189,0.048217
-3.775e-06,0.049111,0.048208
-3.9002e-06,0.049034,0.048198
-4.0152e-06,0.048959,0.048187
-4.1189e-06,0.048884,0.048174
-4.2104e-06,0.048811,0.04816
-4.2885e-06,0.04874,0.048144
-4.3522e-06,0.04867,0.048128
-4.4005e-06,0.048601,0.04811
-4.4322e-06,0.048535,0.048091
-4.4464e-06,0.04847,0.04807
-4.4421e-06,0.048408,0.048049
-4.4181e-06,0.048347,0.048027
-4.3736e-06,0.048289,0.048003
-4.3075e-06,0.048232,0.047978
-4.2189e-06,0.048178,0.047953
-4.107e-06,0.048127,0.047927
-3.9708e-06,0.048077,0.0479
-3.8095e-06,0.04803,0.047873
-3.6224e-06,0.047986,0.047845
-3.4087e-06,0.047944,0.047816
-3.1678e-06,0.047904,0.047788
-2.8991e-06,0.047867,0.047759
-2.6021e-06,0.047833,0.04773
-2.2763e-06,0.047801,0.047701
-1.9213e-06,0.047772,0.047672
-1.5369e-06,0.047746,0.047643
-1.1228e-06,0.047722,0.047615
-6.7893e-07,0.047701,0.047587
-2.0529e-07,0.047682,0.04756
2.9807e-07,0.047667,0.047533
8.3097e-07,0.047654,0.047508
1.3931e-06,0.047644,0.047483
1.9841e-06,0.047636,0.047459
2.6035e-06,0.047631,0.047436
3.2507e-06,0.047629,0.047414
3.9248e-06,0.047629,0.047394
4.6251e-06,0.047632,0.047375
5.3507e-06,0.047638,0.047357
6.1004e-06,0.047646,0.047341
6.8731e-06,0.047657,0.047327
7.6674e-06,0.04767,0.047313
8.4819e-06,0.047685,0.047302
9.3151e-06,0.047703,0.047292
1.0165e-05,0.047723,0.047284
1.1031e-05,0.047746,0.047278
1.191e-05,0.047771,0.047274
1.28e-05,0.047798,0.047271
1.37e-05,0.047827,0.04727
1.4607e-05,0.047858,0.047271
1.5519e-05,0.047891,0.047274
1.6434e-05,0.047926,0.047278
1.7349e-05,0.047963,0.047285
1.8261e-05,0.048001,0.047293
1.917e-05,0.048041,0.047302
2.007e-05,0.048083,0.047314
2.0961e-05,0.048126,0.047327
2.184e-05,0.04817,0.047341
2.2703e-05,0.048216,0.047357
2.3549e-05,0.048263,0.047375
2.4374e-05,0.048311,0.047394
2.5176e-05,0.04836,0.047414
2.5952e-05,0.04841,0.047435
2.67e-05,0.04846,0.047458
2.7417e-05,0.048512,0.047482
2.8101e-05,0.048564,0.047507
2.875e-05,0.048616,0.047532
2.936e-05,0.048669,0.047559
2.9931e-05,0.048722,0.047586
3.0459e-05,0.048776,0.047614
3.0943e-05,0.048829,0.047643
3.1381e-05,0.048883,0.047672
3.1772e-05,0.048937,0.047701
3.2114e-05,0.04899,0.047731
3.2405e-05,0.049043,0.047762
3.2645e-05,0.049096,0.047792
3.2833e-05,0.049148,0.047823
3.2967e-05,0.0492,0.047853
3.3048e-05,0.049251,0.047884
3.3075e-05,0.049302,0.047914
3.3048e-05,0.049352,0.047944
3.2967e-05,0.049401,0.047974
3.2833e-05,0.049448,0.048004
3.2645e-05,0.049495,0.048033
3.2405e-05,0.049541,0.048062
3.2114e-05,0.049586,0.04809
3.1772e-05,0.049629,0.048117
3.1381e-05,0.049671,0.048144
3.0943e-05,0.049711,0.04817
3.0459e-05,0.04975,0.048195
2.9931e-05,0.049788,0.04822
2.936e-05,0.049824,0.048243
2.875e-05,0.049858,0.048265
2.8101e-05,0.049891,0.048287
2.7417e-05,0.049922,0.048307
2.67e-05,0.049951,0.048326
2.5952e-05,0.049978,0.048344
2.5176e-05,0.050004,0.04836
2.4374e-05,0.050028,0.048376
2.3549e-05,0.05005,0.048389
2.2703e-05,0.050071,0.048402
2.184e-05,0.050089,0.048413
2.0961e-05,0.050106,0.048423
2.007e-05,0.050121,0.048431
1.917e-05,0.050135,0.048438
1.8261e-05,0.050147,0.048443
1.7349e-05,0.050157,0.048446
1.6434e-05,0.050166,0.048448
1.5519e-05,0.050173,0.048449
1.4607e-05,0.050179,0.048448
1.37e-05,0.050183,0.048445
1.28e-05,0.050186,0.04844
1.191e-05,0.050188,0.048434
1.1031e-05,0.050189,0.048426
1.0165e-05,0.050188,0.048416
9.3151e-06,0.050187,0.048405
8.4819e-06,0.050184,0.048392
7.6674e-06,0.050181,0.048377
6.8731e-06,0.050177,0.048361
6.1004e-06,0.050173,0.048343
5.3507e-06,0.050168,0.048323
4.6251e-06,0.050162,0.048302
3.9248e-06,0.050156,0.048279
3.2507e-06,0.05015,0.048254
2.6035e-06,0.050144,0.048227
1.9841e-06,0.050137,0.048199
1.3931e-06,0.05013,0.04817
8.3097e-07,0.050124,0.048138
2.9807e-07,0.050117,0.048105
-2.0529e-07,0.05011,0.048071
-6.7893e-07,0.050104,0.048035
-1.1228e-06,0.050097,0.047997
-1.5369e-06,0.050091,0.047958
-1.9213e-06,0.050085,0.047918
-2.2763e-06,0.05008,0.047876
-2.6021e-06,0.050075,0.047832
-2.8991e-06,0.05007,0.047788
-3.1678e-06,0.050066,0.047742
-3.4087e-06,0.050062,0.047694
-3.6224e-06,0.050058,0.047646
-3.8095e-06,0.050055,0.047596
-3.9708e-06,0.050052,0.047545
-4.107e-06,0.05005,0.047493
-4.2189e-06,0.050048,0.04744
-4.3075e-06,0.050047,0.047386
-4.3736e-06,0.050046,0.047331
-4.4181e-06,0.050045,0.047275
-4.4421e-06,0.050045,0.047218
-4.4464e-06,0.050045,0.047161
-4.4322e-06,0.050046,0.047104
-4.4005e-06,0.050047,0.047046
-4.3522e-06,0.050049,0.046987
-4.2885e-06,0.050051,0.046929
-4.2104e-06,0.050053,0.04687
-4.1189e-06,0.050056,0.046811
-4.0152e-06,0.050059,0.046753
-3.9002e-06,0.050062,0.046695
-3.775e-06,0.050066,0.046637
-3.6405e-06,0.05007,0.046579
-3.4979e-06,0.050074,0.046523
-3.3481e-06,0.050078,0.046467
-3.192e-06,0.050083,0.046412
-3.0306e-06,0.050088,0.046358
-2.8648e-06,0.050093,0.046305
-2.6955e-06,0.050099,0.046254
-2.5235e-06,0.050104,0.046204
-2.3496e-06,0.05011,0.046156
-2.1747e-06,0.050116,0.04611
-1.9995e-06,0.050122,0.046066
-1.8246e-06,0.050129,0.046024
-1.6508e-06,0.050135,0.045984
-1.4787e-06,0.050141,0.045946
-1.3089e-06,0.050148,0.045911
-1.142e-06,0.050154,0.045879
-9.7849e-07,0.05016,0.045849
-8.1883e-07,0.050166,0.045822
-6.6349e-07,0.050173,0.045798
-5.1288e-07,0.050178,0.045778
-3.6736e-07,0.050184,0.04576
-2.2726e-07,0.050189,0.045745
-9.2878e-08,0.050194,0.045734
3.5535e-08,0.050199,0.045726
1.5776e-07,0.050203,0.045721
2.736e-07,0.050206,0.04572
3.8292e-07,0.050209,0.045722
4.8559e-07,0.050212,0.045728
5.8153e-07,0.050213,0.045737
6.7068e-07,0.050214,0.045749
7.5301e-07,0.050214,0.045765
8.2853e-07,0.050213,0.045784
8.9726e-07,0.050211,0.045807
9.5925e-07,0.050208,0.045832
1.0146e-06,0.050203,0.045861
1.0634e-06,0.050198,0.045893
1.1057e-06,0.050191,0.045927
1.1417e-06,0.050183,0.045965
1.1716e-06,0.050174,0.046006
1.1955e-06,0.050163,0.046049
1.2137e-06,0.050151,0.046094
1.2262e-06,0.050137,0.046142
1.2334e-06,0.050122,0.046192
1.2355e-06,0.050105,0.046244
1.2326e-06,0.050086,0.046298
1.2251e-06,0.050066,0.046353
1.2132e-06,0.050044,0.04641
1.1971e-06,0.050021,0.046469
1.1771e-06,0.049996,0.046528
1.1534e-06,0.049969,0.046588
1.1264e-06,0.04994,0.046649
1.0963e-06,0.04991,0.046711
1.0633e-06,0.049878,0.046772
1.0278e-06,0.049845,0.046834
9.8986e-07,0.04981,0.046896
9.499e-07,0.049773,0.046957
9.0811e-07,0.049735,0.047017
8.6476e-07,0.049696,0.047077
8.2007e-07,0.049655,0.047136
7.7429e-07,0.049613,0.047193
7.2765e-07,0.049569,0.047249
6.8037e-07,0.049525,0.047303
6.3265e-07,0.04948,0.047356
5.8471e-07,0.049434,0.047407
5.3675e-07,0.049386,0.047455
4.8894e-07,0.049339,0.047501
4.4147e-07,0.04929,0.047545
3.945e-07,0.049242,0.047585
3.482e-07,0.049193,0.047624
3.0271e-07,0.049143,0.047659
2.5817e-07,0.049094,0.047691
2.1471e-07,0.049045,0.04772
1.7244e-07,0.048996,0.047746
1.3148e-07,0.048947,0.047769
9.1918e-08,0.048899,0.047788
5.3844e-08,0.048852,0.047804
1.7336e-08,0.048805,0.047817
-1.7539e-08,0.048759,0.047826
-5.0721e-08,0.048714,0.047831
-8.2162e-08,0.048671,0.047834
-1.1182e-07,0.048629,0.047832
-1.3967e-07,0.048588,0.047828
-1.6568e-07,0.048549,0.047819
-1.8984e-07,0.048511,0.047808
-2.1215e-07,0.048476,0.047793
-2.326e-07,0.048442,0.047776
-2.512e-07,0.04841,0.047755
-2.6796e-07,0.048381,0.047731
-2.8292e-07,0.048354,0.047704
-2.9608e-07,0.048329,0.047675
-3.075e-07,0.048307,0.047643
-3.172e-07,0.048287,0.047608
-3.2523e-07,0.04827,0.047571
-3.3163e-07,0.048255,0.047532
-3.3646e-07,0.048244,0.047492
-3.3977e-07,0.048235,0.047449
-3.4162e-07,0.048229,0.047404
-3.4207e-07,0.048226,0.047359
-3.4118e-07,0.048226,0.047312
-3.3903e-07,0.048229,0.047263
-3.3567e-07,0.048234,0.047214
-3.3118e-07,0.048243,0.047165
-3.2562e-07,0.048255,0.047114
-3.1908e-07,0.048269,0.047064
-3.1161e-07,0.048287,0.047013
-3.033e-07,0.048308,0.046962
-2.9421e-07,0.048331,0.046912
-2.8441e-07,0.048358,0.046862
-2.7398e-07,0.048387,0.046812
-2.6299e-07,0.048419,0.046763
-2.515e-07,0.048453,0.046716
-2.3958e-07,0.04849,0.046669
-2.273e-07,0.04853,0.046623
-2.1472e-07,0.048573,0.046579
-2.019e-07,0.048617,0.046537
-1.8891e-07,0.048664,0.046496
-1.758e-07,0.048713,0.046457
-1.6263e-07,0.048764,0.04642
-1.4945e-07,0.048818,0.046385
-1.3631e-07,0.048873,0.046352
-1.2327e-07,0.048929,0.046321
-1.1037e-07,0.048988,0.046292
-9.7641e-08,0.049048,0.046266
-8.5138e-08,0.049109,0.046242
-7.2894e-08,0.049171,0.046221
-6.0944e-08,0.049234,0.046202
-4.932e-08,0.049299,0.046186
-3.8052e-08,0.049364,0.046172
-2.7167e-08,0.049429,0.046161
-1.6688e-08,0.049495,0.046153
-6.6371e-09,0.049562,0.046146
2.9676e-09,0.049628,0.046143
1.211e-08,0.049695,0.046142
2.0776e-08,0.049761,0.046143
2.8956e-08,0.049827,0.046147
3.6639e-08,0.049892,0.046153
4.3821e-08,0.049957,0.046162
5.0497e-08,0.050021,0.046172
5.6665e-08,0.050084,0.046185
6.2325e-08,0.050146,0.0462
6.7478e-08,0.050206,0.046217
7.213e-08,0.050265,0.046236
7.6286e-08,0.050323,0.046257
7.9952e-08,0.050378,0.04628
8.3139e-08,0.050432,0.046304
8.5855e-08,0.050484,0.04633
8.8113e-08,0.050533,0.046358
8.9925e-08,0.050581,0.046387
9.1306e-08,0.050625,0.046417
9.227e-08,0.050667,0.046448
9.2833e-08,0.050707,0.046481
9.3012e-08,0.050744,0.046515
9.2824e-08,0.050777,0.046549
9.2287e-08,0.050808,0.046584
9.142e-08,0.050835,0.046621
9.0241e-08,0.05086,0.046657
8.877e-08,0.050881,0.046695
8.7025e-08,0.050899,0.046733
8.5028e-08,0.050913,0.046771
8.2796e-08,0.050924,0.04681
8.035e-08,0.050931,0.046849
7.7709e-08,0.050934,0.046888
7.4892e-08,0.050934,0.046927
7.1919e-08,0.05093,0.046967
6.8809e-08,0.050923,0.047006
6.5579e-08,0.050912,0.047046
6.2248e-08,0.050897,0.047085
5.8834e-08,0.050879,0.047124
5.5353e-08,0.050856,0.047163
5.1822e-08,0.05083,0.047202
4.8257e-08,0.050801,0.04724
4.4674e-08,0.050768,0.047278
4.1087e-08,0.050731,0.047316
3.7509e-08,0.050692,0.047353
3.3955e-08,0.050648,0.04739
3.0437e-08,0.050602,0.047426
2.6967e-08,0.050552,0.047462
2.3555e-08,0.050499,0.047497
2.0213e-08,0.050443,0.047531
1.695e-08,0.050384,0.047565
1.3775e-08,0.050323,0.047598
1.0696e-08,0.050259,0.04763
7.72e-09,0.050193,0.047661
4.854e-09,0.050124,0.047691
2.1038e-09,0.050053,0.047721
-5.2537e-10,0.049981,0.047749
-3.0292e-09,0.049907,0.047776
-5.4037e-09,0.049831,0.047803
-7.6461e-09,0.049754,0.047828
-9.7536e-09,0.049676,0.047852
-1.1725e-08,0.049597,0.047874
-1.3558e-08,0.049517,0.047896
-1.5253e-08,0.049437,0.047916
-1.681e-08,0.049357,0.047935
-1.8229e-08,0.049276,0.047952
-1.9511e-08,0.049196,0.047968
-2.0657e-08,0.049117,0.047982
-2.1671e-08,0.049038,0.047995
-2.2553e-08,0.04896,0.048006
-2.3307e-08,0.048884,0.048016
-2.3935e-08,0.048809,0.048024
-2.4442e-08,0.048735,0.04803
-2.4831e-08,0.048664,0.048034
-2.5106e-08,0.048594,0.048037
-2.5271e-08,0.048527,0.048038
-2.5331e-08,0.048463,0.048037
-2.5291e-08,0.048401,0.048034
-2.5155e-08,0.048342,0.048029
-2.4928e-08,0.048286,0.048022
-2.4616e-08,0.048234,0.048014
-2.4224e-08,0.048185,0.048003
-2.3757e-08,0.04814,0.047991
-2.322e-08,0.048098,0.047977
-2.2619e-08,0.048061,0.047961
-2.1959e-08,0.048027,0.047943
-2.1245e-08,0.047997,0.047923
-2.0483e-08,0.047972,0.047901
-1.9678e-08,0.047951,0.047877
-1.8834e-08,0.047935,0.047852
-1.7958e-08,0.047922,0.047825
-1.7054e-08,0.047915,0.047796
-1.6126e-08,0.047911,0.047766
-1.518e-08,0.047913,0.047734
-1.4219e-08,0.047918,0.0477
-1.3249e-08,0.047928,0.047665
-1.2273e-08,0.047943,0.047628
-1.1296e-08,0.047961,0.04759
-1.0321e-08,0.047984,0.04755
-9.3524e-09,0.048011,0.047509
-8.3929e-09,0.048042,0.047467
-7.4461e-09,0.048078,0.047424
-6.515e-09,0.048117,0.04738
-5.6025e-09,0.048159,0.047334
-4.7113e-09,0.048205,0.047288
-3.8437e-09,0.048255,0.047241
-3.002e-09,0.048308,0.047193
-2.1883e-09,0.048363,0.047144
-1.4043e-09,0.048422,0.047095
-6.5167e-10,0.048483,0.047045
6.8137e-11,0.048547,0.046995
7.539e-10,0.048613,0.046944
1.4046e-09,0.048681,0.046892
2.0193e-09,0.04875,0.046841
2.5974e-09,0.048822,0.046789
3.1384e-09,0.048894,0.046737
3.6418e-09,0.048968,0.046685
4.1077e-09,0.049042,0.046633
4.5358e-09,0.049118,0.046581
4.9263e-09,0.049193,0.046529
5.2796e-09,0.049269,0.046478
5.5959e-09,0.049345,0.046426
5.8758e-09,0.04942,0.046375
6.1199e-09,0.049495,0.046324
6.329e-09,0.049569,0.046274
6.5039e-09,0.049643,0.046224
6.6455e-09,0.049715,0.046174
6.7548e-09,0.049786,0.046126
6.833e-09,0.049855,0.046077
6.8812e-09,0.049923,0.04603
6.9006e-09,0.049989,0.045983
6.8925e-09,0.050053,0.045937
6.8582e-09,0.050114,0.045891
6.7991e-09,0.050173,0.045847
6.7165e-09,0.05023,0.045803
6.612e-09,0.050284,0.045761
6.4869e-09,0.050335,0.045719
6.3426e-09,0.050384,0.045679
6.1807e-09,0.050429,0.045639
6.0025e-09,0.050471,0.0456
5.8096e-09,0.05051,0.045563
5.6034e-09,0.050546,0.045527
5.3852e-09,0.050579,0.045492
5.1565e-09,0.050608,0.045458
4.9187e-09,0.050634,0.045425
4.673e-09,0.050657,0.045394
4.4209e-09,0.050676,0.045363
4.1636e-09,0.050692,0.045335
3.9023e-09,0.050704,0.045307
3.6383e-09,0.050713,0.045281
3.3726e-09,0.050718,0.045256
3.1064e-09,0.05072,0.045232
2.8407e-09,0.050719,0.04521
2.5765e-09,0.050715,0.045189
2.3148e-09,0.050708,0.04517
2.0565e-09,0.050697,0.045151
1.8023e-09,0.050684,0.045135
1.5531e-09,0.050667,0.045119
1.3097e-09,0.050648,0.045105
1.0726e-09,0.050627,0.045092
8.4251e-10,0.050602,0.04508
6.1998e-10,0.050576,0.04507
4.055e-10,0.050547,0.045061
1.9952e-10,0.050516,0.045053
2.4335e-12,0.050483,0.045046
-1.8541e-10,0.050448,0.04504
-3.6372e-10,0.050412,0.045036
-5.3226e-10,0.050374,0.045032
-6.9084e-10,0.050335,0.045029
-8.3932e-10,0.050294,0.045028
-9.776e-10,0.050253,0.045027
-1.1056e-09,0.050211,0.045028
-1.2234e-09,0.050168,0.045029
-1.3309e-09,0.050125,0.045031
-1.4282e-09,0.050082,0.045033
-1.5155e-09,0.050038,0.045037
-1.5928e-09,0.049994,0.045041
-1.6603e-09,0.049951,0.045046
-1.7183e-09,0.049908,0.045051
-1.767e-09,0.049866,0.045057
-1.8065e-09,0.049824,0.045063
-1.8373e-09,0.049784,0.04507
-1.8595e-09,0.049744,0.045077
-1.8735e-09,0.049705,0.045085
-1.8796e-09,0.049668,0.045092
-1.8782e-09,0.049632,0.045101
-1.8696e-09,0.049598,0.045109
-1.8542e-09,0.049566,0.045118
-1.8324e-09,0.049535,0.045126
-1.8046e-09,0.049507,0.045135
-1.7711e-09,0.04948,0.045144
-1.7323e-09,0.049455,0.045153
-1.6887e-09,0.049433,0.045162
-1.6407e-09,0.049413,0.045172
-1.5885e-09,0.049395,0.045181
-1.5327e-09,0.04938,0.04519
-1.4736e-09,0.049367,0.045199
-1.4116e-09,0.049357,0.045208
-1.3471e-09,0.049349,0.045217
-1.2804e-09,0.049343,0.045225
-1.2119e-09,0.04934,0.045234
-1.1419e-09,0.04934,0.045242
-1.0709e-09,0.049342,0.04525
-9.99e-10,0.049347,0.045258
-9.2666e-10,0.049354,0.045266
-8.5414e-10,0.049363,0.045273
-7.8173e-10,0.049374,0.045281
-7.0971e-10,0.049388,0.045288
-6.3833e-10,0.049404,0.045294
-5.6784e-10,0.049422,0.045301
-4.9847e-10,0.049442,0.045306
-4.3044e-10,0.049464,0.045312
-3.6394e-10,0.049488,0.045317
-2.9916e-10,0.049513,0.045322
-2.3626e-10,0.049539,0.045327
-1.7541e-10,0.049567,0.045331
-1.1673e-10,0.049596,0.045334
-6.0364e-11,0.049626,0.045337
-6.4063e-12,0.049658,0.04534
4.5043e-11,0.049689,0.045342
9.3905e-11,0.049722,0.045343
1.4011e-10,0.049754,0.045344
1.8361e-10,0.049787,0.045345
2.2436e-10,0.04982,0.045344
2.6233e-10,0.049853,0.045344
2.9751e-10,0.049885,0.045342
3.2989e-10,0.049917,0.04534
3.5948e-10,0.049949,0.045337
3.863e-10,0.049979,0.045333
4.1037e-10,0.050009,0.045329
4.3173e-10,0.050038,0.045324
4.5042e-10,0.050065,0.045319
4.665e-10,0.050091,0.045312
4.8002e-10,0.050115,0.045305
4.9106e-10,0.050138,0.045297
4.997e-10,0.050159,0.045289
5.06e-10,0.050178,0.045279
5.1005e-10,0.050194,0.045269
5.1195e-10,0.050209,0.045258
5.1178e-10,0.050222,0.045247
5.0966e-10,0.050233,0.045235
5.0566e-10,0.050241,0.045222
4.9991e-10,0.050246,0.045209
4.925e-10,0.05025,0.045195
4.8354e-10,0.050251,0.04518
4.7313e-10,0.050249,0.045165
4.6139e-10,0.050246,0.045149
4.4843e-10,0.050239,0.045133
4.3434e-10,0.050231,0.045117
4.1924e-10,0.05022,0.0451
4.0324e-10,0.050206,0.045082
3.8643e-10,0.050191,0.045064
3.6892e-10,0.050173,0.045046
3.5081e-10,0.050153,0.045028
3.322e-10,0.050131,0.04501
3.1318e-10,0.050107,0.044991
2.9385e-10,0.050082,0.044973
2.7429e-10,0.050054,0.044954
2.5459e-10,0.050025,0.044935
2.3484e-10,0.049994,0.044917
2.151e-10,0.049962,0.044898
1.9547e-10,0.049929,0.04488
1.76e-10,0.049895,0.044861
1.5677e-10,0.04986,0.044844
1.3784e-10,0.049823,0.044826
1.1926e-10,0.049786,0.044809
1.011e-10,0.049749,0.044792
8.3397e-11,0.049711,0.044775
6.6205e-11,0.049673,0.04476
4.9565e-11,0.049634,0.044744
3.3515e-11,0.049596,0.04473
1.8089e-11,0.049557,0.044716
3.3172e-12,0.049519,0.044702
-1.0774e-11,0.049481,0.04469
-2.4163e-11,0.049444,0.044678
-3.683e-11,0.049407,0.044667
-4.876e-11,0.04937,0.044657
-5.9943e-11,0.049335,0.044647
-7.037e-11,0.0493,0.044639
-8.0037e-11,0.049266,0.044632
-8.8941e-11,0.049233,0.044625
-9.7085e-11,0.049201,0.04462
-1.0447e-10,0.04917,0.044616
-1.1111e-10,0.04914,0.044612
-1.1701e-10,0.049112,0.04461
-1.2218e-10,0.049085,0.044609
-1.2664e-10,0.049059,0.044609
-1.304e-10,0.049034,0.044611
-1.3348e-10,0.049011,0.044613
-1.359e-10,0.048989,0.044616
-1.3768e-10,0.048969,0.044621
-1.3885e-10,0.04895,0.044627
-1.3943e-10,0.048932,0.044634
-1.3945e-10,0.048916,0.044642
-1.3893e-10,0.048902,0.044651
-1.3789e-10,0.048888,0.044661
-1.3638e-10,0.048876,0.044673
-1.344e-10,0.048866,0.044685
-1.3201e-10,0.048857,0.044699
-1.2922e-10,0.048849,0.044713
-1.2606e-10,0.048842,0.044729
-1.2256e-10,0.048837,0.044745
-1.1875e-10,0.048833,0.044763
-1.1467e-10,0.048831,0.044781
-1.1033e-10,0.048829,0.0448
-1.0578e-10,0.048829,0.04482
-1.0103e-10,0.048829,0.044841
-9.6111e-11,0.048831,0.044863
-9.1054e-11,0.048834,0.044885
-8.5884e-11,0.048838,0.044908
-8.0626e-11,0.048842,0.044932
-7.5303e-11,0.048847,0.044956
-6.9941e-11,0.048854,0.044981
-6.456e-11,0.048861,0.045006
-5.9183e-11,0.048868,0.045032
-5.383e-11,0.048876,0.045058
-4.8522e-11,0.048885,0.045085
-4.3275e-11,0.048894,0.045112
-3.8107e-11,0.048903,0.045139
-3.3036e-11,0.048913,0.045167
-2.8075e-11,0.048923,0.045195
-2.3238e-11,0.048933,0.045223
-1.8539e-11,0.048944,0.045251
-1.3989e-11,0.048954,0.045279
-9.5992e-12,0.048964,0.045308
-5.378e-12,0.048975,0.045336
-1.3341e-12,0.048985,0.045364
2.5251e-12,0.048995,0.045393
6.1935e-12,0.049005,0.045421
9.6658e-12,0.049014,0.045449
1.2938e-11,0.049023,0.045477
1.6007e-11,0.049031,0.045504
1.887e-11,0.049039,0.045532
2.1526e-11,0.049047,0.045559
2.3974e-11,0.049054,0.045586
2.6215e-11,0.04906,0.045612
2.825e-11,0.049066,0.045638
3.008e-11,0.04907,0.045664
3.1709e-11,0.049074,0.045689
3.3139e-11,0.049078,0.045714
3.4374e-11,0.04908,0.045739
3.5419e-11,0.049081,0.045763
3.6278e-11,0.049082,0.045786
3.6957e-11,0.049082,0.045809
3.7462e-11,0.04908,0.045832
3.7799e-11,0.049078,0.045854
3.7974e-11,0.049075,0.045875
3.7994e-11,0.04907,0.045896
3.7868e-11,0.049065,0.045916
3.7601e-11,0.049059,0.045936
3.7202e-11,0.049052,0.045956
3.6678e-11,0.049043,0.045974
3.6037e-11,0.049034,0.045992
3.5288e-11,0.049024,0.04601
3.4438e-11,0.049013,0.046027
3.3495e-11,0.049001,0.046043
3.2467e-11,0.048988,0.046059
3.1362e-11,0.048974,0.046074
3.0188e-11,0.04896,0.046088
2.8953e-11,0.048944,0.046102
2.7665e-11,0.048928,0.046115
2.633e-11,0.048912,0.046127
2.4956e-11,0.048894,0.046139
2.3551e-11,0.048876,0.04615
2.2121e-11,0.048858,0.04616
2.0673e-11,0.048839,0.04617
1.9213e-11,0.048819,0.046178
1.7747e-11,0.0488,0.046186
1.6282e-11,0.04878,0.046193
1.4823e-11,0.048759,0.0462
1.3375e-11,0.048739,0.046205
1.1944e-11,0.048718,0.04621
1.0533e-11,0.048698,0.046213
9.1488e-12,0.048677,0.046216
7.7939e-12,0.048656,0.046218
6.4725e-12,0.048636,0.046218
5.1882e-12,0.048615,0.046218
3.9442e-12,0.048595,0.046217
2.7433e-12,0.048575,0.046214
1.5883e-12,0.048556,0.046211
4.8128e-13,0.048537,0.046206
-5.756e-13,0.048518,0.046201
-1.5807e-12,0.0485,0.046194
-2.5325e-12,0.048482,0.046186
-3.4298e-12,0.048465,0.046177
-4.2719e-12,0.048448,0.046166
-5.058e-12,0.048432,0.046155
-5.7876e-12,0.048416,0.046142
-6.4608e-12,0.048401,0.046129
-7.0774e-12,0.048387,0.046114
-7.6378e-12,0.048373,0.046097
-8.1425e-12,0.04836,0.04608
-8.5921e-12,0.048348,0.046062
-8.9876e-12,0.048336,0.046042
-9.3298e-12,0.048326,0.046022
-9.62e-12,0.048315,0.046
-9.8595e-12,0.048306,0.045977
-1.005e-11,0.048297,0.045954
-1.0192e-11,0.048289,0.045929
-1.0289e-11,0.048282,0.045904
-1.0341e-11,0.048275,0.045877
-1.0352e-11,0.048269,0.04585
-1.0321e-11,0.048264,0.045822
-1.0253e-11,0.048259,0.045793
-1.0148e-11,0.048256,0.045764
-1.0009e-11,0.048253,0.045734
-9.8376e-12,0.04825,0.045704
-9.6366e-12,0.048249,0.045673
-9.4079e-12,0.048248,0.045642
-9.1536e-12,0.048248,0.045611
-8.876e-12,0.048249,0.045579
-8.5773e-12,0.048251,0.045547
-8.2595e-12,0.048253,0.045515
-7.9247e-12,0.048257,0.045483
-7.5752e-12,0.048261,0.045452
-7.2128e-12,0.048266,0.04542
-6.8397e-12,0.048273,0.045388
-6.4577e-12,0.04828,0.045357
-6.0688e-12,0.048288,0.045326
-5.6747e-12,0.048298,0.045295
-5.2772e-12,0.048308,0.045265
-4.8781e-12,0.048319,0.045236
-4.4789e-12,0.048332,0.045206
-4.0811e-12,0.048346,0.045178
-3.6863e-12,0.048361,0.04515
-3.2959e-12,0.048378,0.045122
-2.911e-12,0.048395,0.045096
-2.533e-12,0.048414,0.04507
-2.163e-12,0.048435,0.045045
-1.8019e-12,0.048456,0.04502
-1.4509e-12,0.048479,0.044996
-1.1108e-12,0.048504,0.044973
-7.8237e-13,0.04853,0.044951
-4.6632e-13,0.048557,0.044929
-1.6331e-13,0.048586,0.044908
1.2611e-13,0.048616,0.044888
4.0146e-13,0.048647,0.044869
6.6234e-13,0.04868,0.04485
9.0843e-13,0.048714,0.044832
1.1395e-12,0.04875,0.044814
1.3553e-12,0.048787,0.044798
1.5557e-12,0.048825,0.044782
1.7408e-12,0.048864,0.044766
1.9104e-12,0.048904,0.044751
2.0647e-12,0.048946,0.044737
2.2039e-12,0.048988,0.044723
2.328e-12,0.049031,0.044709
2.4373e-12,0.049076,0.044696
2.5321e-12,0.049121,0.044683
2.6126e-12,0.049166,0.044671
2.6794e-12,0.049212,0.044658
2.7326e-12,0.049259,0.044647
2.7729e-12,0.049306,0.044635
2.8005e-12,0.049353,0.044623
2.8161e-12,0.0494,0.044612
2.8201e-12,0.049447,0.044601
2.813e-12,0.049495,0.04459
2.7954e-12,0.049541,0.044579
2.7679e-12,0.049588,0.044568
2.731e-12,0.049634,0.044557
2.6852e-12,0.049679,0.044546
2.6313e-12,0.049724,0.044535
2.5698e-12,0.049767,0.044524
2.5013e-12,0.04981,0.044513
2.4263e-12,0.049851,0.044502
2.3455e-12,0.049892,0.044491
2.2595e-12,0.049931,0.04448
2.1688e-12,0.049968,0.044469
2.0739e-12,0.050004,0.044458
1.9756e-12,0.050038,0.044447
1.8742e-12,0.05007,0.044436
1.7704e-12,0.0501,0.044425
1.6646e-12,0.050128,0.044415
1.5574e-12,0.050155,0.044404
1.4492e-12,0.050179,0.044394
1.3405e-12,0.050201,0.044384
1.2317e-12,0.05022,0.044374
1.1233e-12,0.050238,0.044365
1.0156e-12,0.050253,0.044356
9.0909e-13,0.050266,0.044348
8.0406e-13,0.050276,0.044341
7.0087e-13,0.050284,0.044334
5.9982e-13,0.050289,0.044327
5.012e-13,0.050292,0.044322
4.0527e-13,0.050293,0.044318
3.1229e-13,0.050292,0.044314
2.2246e-13,0.050288,0.044312
1.36e-13,0.050282,0.044311
5.307e-14,0.050273,0.044311
-2.6171e-14,0.050263,0.044312
-1.0159e-13,0.05025,0.044315
-1.7308e-13,0.050236,0.04432
-2.4054e-13,0.050219,0.044326
-3.0391e-13,0.050201,0.044334
-3.6314e-13,0.050181,0.044344
-4.1818e-13,0.050159,0.044355
-4.6902e-13,0.050136,0.044369
-5.1567e-13,0.050111,0.044385
-5.5814e-13,0.050085,0.044403
-5.9646e-13,0.050058,0.044423
-6.3068e-13,0.05003,0.044445
-6.6087e-13,0.050001,0.04447
-6.8708e-13,0.049971,0.044497
-7.0942e-13,0.04994,0.044527
-7.2797e-13,0.049909,0.044559
-7.4284e-13,0.049877,0.044594
-7.5414e-13,0.049845,0.044631
-7.6201e-13,0.049813,0.044671
-7.6656e-13,0.049781,0.044713
-7.6794e-13,0.049749,0.044759
-7.663e-13,0.049717,0.044806
-7.6177e-13,0.049685,0.044856
-7.5452e-13,0.049654,0.044909
-7.4469e-13,0.049623,0.044964
-7.3245e-13,0.049593,0.045022
-7.1796e-13,0.049563,0.045083
-7.0138e-13,0.049534,0.045145
-6.8287e-13,0.049507,0.04521
-6.6259e-13,0.04948,0.045278
-6.4071e-13,0.049454,0.045347
-6.1738e-13,0.049429,0.045419
-5.9276e-13,0.049405,0.045493
-5.6701e-13,0.049383,0.045568
-5.4027e-13,0.049362,0.045645
-5.1271e-13,0.049342,0.045724
-4.8446e-13,0.049324,0.045805
-4.5567e-13,0.049307,0.045887
-4.2647e-13,0.049291,0.04597
-3.9699e-13,0.049277,0.046054
-3.6737e-13,0.049264,0.046139
-3.3771e-13,0.049253,0.046225
-3.0815e-13,0.049243,0.046312
-2.7878e-13,0.049235,0.046399
-2.4972e-13,0.049228,0.046486
-2.2106e-13,0.049223,0.046574
-1.9289e-13,0.049219,0.046661
-1.653e-13,0.049217,0.046748
-1.3837e-13,0.049216,0.046834
-1.1217e-13,0.049216,0.04692
-8.677e-14,0.049218,0.047005
-6.223e-14,0.049221,0.047089
-3.8605e-14,0.049225,0.047171
-1.5943e-14,0.049231,0.047253
5.7134e-15,0.049237,0.047332
2.6327e-14,0.049245,0.04741
4.5866e-14,0.049255,0.047486
6.4305e-14,0.049265,0.04756
8.1626e-14,0.049276,0.047632
9.7812e-14,0.049289,0.047701
1.1285e-13,0.049302,0.047767
1.2675e-13,0.049317,0.047831
1.3949e-13,0.049332,0.047892
1.5109e-13,0.049348,0.04795
1.6155e-13,0.049366,0.048005
1.7089e-13,0.049384,0.048057
1.7912e-13,0.049402,0.048106
1.8626e-13,0.049422,0.048151
1.9234e-13,0.049442,0.048193
1.9738e-13,0.049463,0.048232
2.0141e-13,0.049485,0.048267
2.0446e-13,0.049507,0.048299
2.0656e-13,0.04953,0.048327
2.0776e-13,0.049554,0.048351
2.0808e-13,0.049578,0.048372
2.0757e-13,0.049602,0.048389
2.0627e-13,0.049627,0.048403
2.0423e-13,0.049652,0.048414
2.0147e-13,0.049678,0.048421
1.9805e-13,0.049704,0.048425
1.9402e-13,0.04973,0.048425
1.8941e-13,0.049756,0.048422
1.8427e-13,0.049783,0.048416
1.7865e-13,0.049809,0.048407
1.7259e-13,0.049836,0.048395
1.6613e-13,0.049863,0.048381
1.5932e-13,0.04989,0.048363
1.522e-13,0.049916,0.048343
1.4482e-13,0.049943,0.048321
1.3721e-13,0.04997,0.048297
1.2942e-13,0.049996,0.04827
1.2149e-13,0.050022,0.048241
1.1344e-13,0.050048,0.048211
1.0533e-13,0.050073,0.048179
9.7188e-14,0.050098,0.048145
8.9044e-14,0.050123,0.04811
8.0934e-14,0.050147,0.048074
7.2887e-14,0.05017,0.048037
6.4933e-14,0.050193,0.047999
5.7101e-14,0.050215,0.047961
4.9416e-14,0.050237,0.047922
4.1902e-14,0.050258,0.047883
3.4582e-14,0.050278,0.047843
2.7477e-14,0.050297,0.047804
2.0607e-14,0.050315,0.047765
1.3987e-14,0.050333,0.047726
7.635e-15,0.050349,0.047688
1.5637e-15,0.050365,0.047651
-4.2143e-15,0.05038,0.047615
-9.6885e-15,0.050393,0.047579
-1.485e-14,0.050406,0.047545
-1.9691e-14,0.050417,0.047512
-2.4206e-14,0.050428,0.047481
-2.8391e-14,0.050437,0.047451
-3.2243e-14,0.050445,0.047424
-3.5761e-14,0.050452,0.047398
-3.8943e-14,0.050458,0.047374
-4.1793e-14,0.050462,0.047352
-4.4312e-14,0.050466,0.047332
-4.6504e-14,0.050468,0.047315
-4.8373e-14,0.050469,0.0473
-4.9927e-14,0.050469,0.047287
-5.1171e-14,0.050468,0.047278
-5.2114e-14,0.050466,0.04727
-5.2764e-14,0.050463,0.047266
-5.3131e-14,0.050458,0.047264
-5.3226e-14,0.050452,0.047265
-5.3059e-14,0.050446,0.047269
-5.2642e-14,0.050438,0.047276
-5.1988e-14,0.050429,0.047286
-5.1109e-14,0.050419,0.047299
-5.0018e-14,0.050409,0.047314
-4.8729e-14,0.050397,0.047333
-4.7256e-14,0.050384,0.047354
-4.5613e-14,0.050371,0.047378
-4.3815e-14,0.050356,0.047405
-4.1875e-14,0.050341,0.047435
-3.981e-14,0.050325,0.047467
-3.7633e-14,0.050308,0.047503
-3.5359e-14,0.050291,0.04754
-3.3003e-14,0.050272,0.047581
-3.0579e-14,0.050253,0.047623
-2.8103e-14,0.050234,0.047668
-2.5587e-14,0.050214,0.047715
-2.3047e-14,0.050193,0.047764
-2.0496e-14,0.050172,0.047815
-1.7947e-14,0.05015,0.047868
-1.5415e-14,0.050128,0.047923
-1.291e-14,0.050106,0.047979
-1.0446e-14,0.050083,0.048036
-8.0357e-15,0.05006,0.048095
-5.6892e-15,0.050036,0.048154
-3.4181e-15,0.050013,0.048215
-1.2328e-15,0.049989,0.048276
8.5656e-16,0.049965,0.048338
2.8407e-15,0.04994,0.048399
4.7108e-15,0.049916,0.048461
6.4585e-15,0.049892,0.048523
8.0761e-15,0.049867,0.048585
9.5568e-15,0.049843,0.048646
1.0894e-14,0.049819,0.048706
1.2082e-14,0.049795,0.048765
1.3116e-14,0.049771,0.048824
1.3991e-14,0.049747,0.04888
1.4704e-14,0.049724,0.048936
1.5252e-14,0.049701,0.048989
1.5632e-14,0.049678,0.049041
1.5843e-14,0.049656,0.049091
1.5884e-14,0.049634,0.049138
1.5754e-14,0.049613,0.049183
1.5454e-14,0.049593,0.049225
1.4986e-14,0.049573,0.049265
1.4351e-14,0.049554,0.049301
1.3551e-14,0.049536,0.049334
1.2591e-14,0.049519,0.049364
1.1473e-14,0.049503,0.049391
1.0203e-14,0.049488,0.049414
8.7861e-15,0.049474,0.049434
7.2281e-15,0.049461,0.049449
5.5357e-15,0.049449,0.049461
3.7161e-15,0.049438,0.04947
1.7773e-15,0.049429,0.049474
-2.7219e-16,0.049421,0.049474
-2.4233e-15,0.049415,0.04947
-4.6665e-15,0.04941,0.049462
-6.9913e-15,0.049406,0.04945
-9.3872e-15,0.049404,0.049434
-1.1843e-14,0.049404,0.049414
-1.4346e-14,0.049405,0.04939
-1.6886e-14,0.049408,0.049362
-1.9448e-14,0.049412,0.049331
-2.2021e-14,0.049418,0.049295
-2.4591e-14,0.049425,0.049256
-2.7143e-14,0.049434,0.049213
-2.9665e-14,0.049445,0.049166
-3.2142e-14,0.049457,0.049116
-3.4559e-14,0.049471,0.049063
-3.6902e-14,0.049486,0.049006
-3.9157e-14,0.049502,0.048947
-4.1307e-14,0.04952,0.048885
-4.3339e-14,0.049539,0.04882
-4.5238e-14,0.049559,0.048752
-4.6988e-14,0.049581,0.048683
-4.8576e-14,0.049604,0.048611
-4.9987e-14,0.049627,0.048537
-5.1206e-14,0.049651,0.048461
-5.222e-14,0.049677,0.048383
-5.3015e-14,0.049703,0.048305
-5.3578e-14,0.049729,0.048225
-5.3896e-14,0.049756,0.048143
-5.3957e-14,0.049783,0.048061
-5.3749e-14,0.04981,0.047979
-5.3262e-14,0.049838,0.047896
-5.2485e-14,0.049865,0.047812
-5.141e-14,0.049893,0.047729
-5.0026e-14,0.04992,0.047645
-4.8328e-14,0.049946,0.047562
-4.6307e-14,0.049972,0.047479
-4.3959e-14,0.049997,0.047396
-4.1279e-14,0.050022,0.047315
-3.8263e-14,0.050045,0.047234
-3.491e-14,0.050067,0.047154
-3.1219e-14,0.050088,0.047075
-2.719e-14,0.050108,0.046997
-2.2826e-14,0.050127,0.046921
-1.8129e-14,0.050144,0.046846
-1.3104e-14,0.050159,0.046773
-7.7586e-15,0.050173,0.046701
-2.0999e-15,0.050184,0.046631
3.8621e-15,0.050194,0.046563
1.0116e-14,0.050202,0.046497
1.6649e-14,0.050208,0.046433
2.3447e-14,0.050212,0.04637
3.0492e-14,0.050214,0.04631
3.7767e-14,0.050214,0.046251
4.5252e-14,0.050212,0.046195
5.2925e-14,0.050207,0.046141
6.0762e-14,0.0502,0.046088
6.8738e-14,0.050191,0.046038
7.6827e-14,0.05018,0.04599
8.4999e-14,0.050166,0.045945
9.3225e-14,0.050151,0.045901
1.0147e-13,0.050133,0.045859
1.0971e-13,0.050113,0.04582
1.1789e-13,0.05009,0.045782
1.26e-13,0.050066,0.045746
1.3398e-13,0.050039,0.045713
1.418e-13,0.050011,0.045681
1.4942e-13,0.04998,0.045652
1.568e-13,0.049948,0.045624
1.639e-13,0.049913,0.045598
1.7066e-13,0.049877,0.045574
1.7706e-13,0.049838,0.045551
1.8304e-13,0.049798,0.045531
1.8855e-13,0.049757,0.045512
1.9356e-13,0.049713,0.045495
1.9802e-13,0.049669,0.045479
2.0188e-13,0.049622,0.045465
2.051e-13,0.049575,0.045453
2.0763e-13,0.049525,0.045442
2.0943e-13,0.049475,0.045433
2.1046e-13,0.049424,0.045425
2.1067e-13,0.049371,0.045419
2.1002e-13,0.049318,0.045414
2.0848e-13,0.049264,0.04541
2.06e-13,0.049208,0.045408
2.0256e-13,0.049153,0.045407
1.9811e-13,0.049096,0.045408
1.9263e-13,0.049039,0.04541
1.8609e-13,0.048982,0.045413
1.7846e-13,0.048924,0.045418
1.6972e-13,0.048867,0.045424
1.5985e-13,0.048809,0.045431
1.4885e-13,0.048751,0.045439
1.3668e-13,0.048693,0.045449
1.2336e-13,0.048636,0.04546
1.0887e-13,0.048578,0.045472
9.3222e-14,0.048522,0.045486
7.6418e-14,0.048465,0.0455
5.847e-14,0.04841,0.045516
3.9396e-14,0.048355,0.045534
1.9217e-14,0.048301,0.045552
-2.0379e-15,0.048248,0.045572
-2.4336e-14,0.048197,0.045592
-4.7637e-14,0.048146,0.045614
-7.1897e-14,0.048097,0.045637
-9.7063e-14,0.048049,0.045661
-1.2308e-13,0.048002,0.045687
-1.4988e-13,0.047957,0.045713
-1.7739e-13,0.047914,0.045741
-2.0555e-13,0.047873,0.045769
-2.3425e-13,0.047833,0.045799
-2.6343e-13,0.047796,0.045829
-2.9297e-13,0.04776,0.04586
-3.2279e-13,0.047727,0.045893
-3.5276e-13,0.047695,0.045926
-3.8279e-13,0.047666,0.04596
-4.1274e-13,0.047639,0.045995
-4.4249e-13,0.047615,0.046031
-4.7192e-13,0.047593,0.046067
-5.0089e-13,0.047573,0.046104
-5.2925e-13,0.047555,0.046142
-5.5687e-13,0.047541,0.04618
-5.8359e-13,0.047528,0.046219
-6.0927e-13,0.047518,0.046258
-6.3374e-13,0.047511,0.046297
-6.5684e-13,0.047506,0.046337
-6.7843e-13,0.047503,0.046377
-6.9833e-13,0.047503,0.046417
-7.1638e-13,0.047505,0.046458
-7.3243e-13,0.047509,0.046498
-7.4629e-13,0.047516,0.046539
-7.5782e-13,0.047525,0.046579
-7.6684e-13,0.047536,0.046619
-7.732e-13,0.04755,0.046659
-7.7675e-13,0.047565,0.046698
-7.7732e-13,0.047582,0.046738
-7.7478e-13,0.047602,0.046776
-7.6897e-13,0.047623,0.046814
-7.5977e-13,0.047645,0.046852
-7.4703e-13,0.047669,0.046889
-7.3064e-13,0.047695,0.046925
-7.1049e-13,0.047722,0.04696
-6.8647e-13,0.047751,0.046994
-6.5849e-13,0.04778,0.047028
-6.2646e-13,0.047811,0.04706
-5.9032e-13,0.047842,0.047091
-5.5001e-13,0.047875,0.047121
-5.0549e-13,0.047908,0.047149
-4.5673e-13,0.047942,0.047176
-4.0372e-13,0.047976,0.047202
-3.4646e-13,0.04801,0.047226
-2.8499e-13,0.048045,0.047249
-2.1933e-13,0.04808,0.04727
-1.4955e-13,0.048115,0.047289
-7.5722e-14,0.04815,0.047307
2.044e-15,0.048185,0.047323
8.3633e-14,0.048219,0.047337
1.689e-13,0.048253,0.047349
2.5769e-13,0.048287,0.047359
3.498e-13,0.04832,0.047367
4.4504e-13,0.048352,0.047373
5.4317e-13,0.048383,0.047376
6.4394e-13,0.048414,0.047378
7.4706e-13,0.048443,0.047377
8.5224e-13,0.048472,0.047374
9.5915e-13,0.048499,0.047368
1.0675e-12,0.048526,0.047361
1.1768e-12,0.048551,0.04735
1.2867e-12,0.048574,0.047338
1.3969e-12,0.048597,0.047322
1.5068e-12,0.048618,0.047304
1.616e-12,0.048637,0.047284
1.7241e-12,0.048655,0.047261
1.8305e-12,0.048671,0.047235
1.9348e-12,0.048686,0.047207
2.0364e-12,0.048699,0.047175
2.1347e-12,0.04871,0.047142
2.2293e-12,0.048719,0.047105
2.3195e-12,0.048727,0.047066
2.4048e-12,0.048733,0.047023
2.4845e-12,0.048738,0.046979
2.5581e-12,0.04874,0.046931
2.625e-12,0.048741,0.04688
2.6846e-12,0.04874,0.046827
2.7362e-12,0.048737,0.046771
2.7793e-12,0.048732,0.046713
2.8134e-12,0.048726,0.046651
2.8377e-12,0.048717,0.046587
2.8517e-12,0.048708,0.046521
2.8549e-12,0.048696,0.046451
2.8467e-12,0.048683,0.04638
2.8265e-12,0.048668,0.046305
2.794e-12,0.048651,0.046229
2.7486e-12,0.048633,0.04615
2.6898e-12,0.048614,0.046069
2.6172e-12,0.048593,0.045985
2.5305e-12,0.04857,0.0459
2.4292e-12,0.048547,0.045813
2.3132e-12,0.048522,0.045723
2.1821e-12,0.048496,0.045632
2.0357e-12,0.048469,0.04554
1.8738e-12,0.048441,0.045446
1.6965e-12,0.048412,0.04535
1.5035e-12,0.048382,0.045253
1.2949e-12,0.048351,0.045156
1.0709e-12,0.04832,0.045057
8.3145e-13,0.048288,0.044957
5.7688e-13,0.048256,0.044857
3.0743e-13,0.048224,0.044757
2.3471e-14,0.048191,0.044656
-2.7456e-13,0.048158,0.044555
-5.8617e-13,0.048125,0.044454
-9.1074e-13,0.048093,0.044354
-1.2476e-12,0.04806,0.044253
-1.596e-12,0.048028,0.044154
-1.9552e-12,0.047997,0.044055
-2.3241e-12,0.047966,0.043958
-2.7017e-12,0.047935,0.043861
-3.0871e-12,0.047906,0.043766
-3.4789e-12,0.047877,0.043673
-3.8759e-12,0.04785,0.043581
-4.2769e-12,0.047823,0.043491
-4.6803e-12,0.047798,0.043404
-5.0846e-12,0.047774,0.043318
-5.4882e-12,0.047751,0.043235
-5.8896e-12,0.04773,0.043155
-6.2869e-12,0.047711,0.043077
-6.6783e-12,0.047693,0.043002
-7.062e-12,0.047677,0.042931
-7.4361e-12,0.047663,0.042862
-7.7985e-12,0.047651,0.042797
-8.1472e-12,0.04764,0.042735
-8.4801e-12,0.047632,0.042676
-8.7951e-12,0.047626,0.042622
-9.0901e-12,0.047621,0.04257
-9.3628e-12,0.047619,0.042523
-9.6112e-12,0.047619,0.042479
-9.8328e-12,0.047622,0.042439
-1.0026e-11,0.047626,0.042403
-1.0187e-11,0.047633,0.04237
-1.0316e-11,0.047642,0.042342
-1.0409e-11,0.047653,0.042317
-1.0465e-11,0.047666,0.042296
-1.0481e-11,0.047682,0.042278
-1.0455e-11,0.0477,0.042265
-1.0386e-11,0.04772,0.042255
-1.0272e-11,0.047742,0.042248
-1.011e-11,0.047767,0.042245
-9.8999e-12,0.047793,0.042245
-9.6391e-12,0.047821,0.042249
-9.3264e-12,0.047852,0.042255
-8.9606e-12,0.047884,0.042264
-8.5406e-12,0.047918,0.042276
-8.0654e-12,0.047954,0.042291
-7.5341e-12,0.047992,0.042308
-6.9462e-12,0.048032,0.042328
-6.3013e-12,0.048073,0.04235
-5.5992e-12,0.048115,0.042373
-4.8398e-12,0.048159,0.042398
-4.0235e-12,0.048204,0.042425
-3.1507e-12,0.048251,0.042453
-2.2221e-12,0.048298,0.042483
-1.2389e-12,0.048347,0.042513
-2.0228e-13,0.048397,0.042544
8.8623e-13,0.048447,0.042576
2.0248e-12,0.048498,0.042608
3.2112e-12,0.04855,0.04264
4.443e-12,0.048603,0.042673
5.7175e-12,0.048656,0.042705
7.0317e-12,0.048709,0.042736
8.3821e-12,0.048762,0.042768
9.7652e-12,0.048816,0.042798
1.1177e-11,0.04887,0.042828
1.2613e-11,0.048924,0.042857
1.4068e-11,0.048977,0.042885
1.5539e-11,0.049031,0.042912
1.7019e-11,0.049084,0.042937
1.8503e-11,0.049136,0.042961
1.9985e-11,0.049189,0.042984
2.146e-11,0.04924,0.043005
2.292e-11,0.049291,0.043025
2.436e-11,0.049341,0.043043
2.5772e-11,0.049391,0.04306
2.7149e-11,0.049439,0.043075
2.8485e-11,0.049486,0.043088
2.977e-11,0.049533,0.0431
3.0999e-11,0.049578,0.04311
3.2163e-11,0.049622,0.043119
3.3255e-11,0.049665,0.043126
3.4265e-11,0.049706,0.043133
3.5187e-11,0.049746,0.043138
3.6012e-11,0.049784,0.043141
3.6731e-11,0.049821,0.043144
3.7338e-11,0.049857,0.043146
3.7824e-11,0.04989,0.043147
3.818e-11,0.049922,0.043148
3.84e-11,0.049953,0.043148
3.8475e-11,0.049981,0.043148
3.8399e-11,0.050008,0.043147
3.8163e-11,0.050033,0.043147
3.7761e-11,0.050056,0.043146
3.7187e-11,0.050077,0.043146
3.6435e-11,0.050096,0.043147
3.5498e-11,0.050113,0.043148
3.4371e-11,0.050129,0.043149
3.305e-11,0.050142,0.043152
3.153e-11,0.050153,0.043156
2.9807e-11,0.050163,0.043161
2.788e-11,0.05017,0.043168
2.5745e-11,0.050175,0.043176
2.34e-11,0.050178,0.043185
2.0846e-11,0.05018,0.043197
1.8081e-11,0.050179,0.04321
1.5107e-11,0.050176,0.043225
1.1926e-11,0.050171,0.043243
8.5392e-12,0.050165,0.043262
4.9516e-12,0.050156,0.043284
1.1674e-12,0.050146,0.043308
-2.808e-12,0.050134,0.043335
-6.9677e-12,0.05012,0.043364
-1.1304e-11,0.050104,0.043395
-1.5808e-11,0.050086,0.043429
-2.047e-11,0.050067,0.043466
-2.5279e-11,0.050046,0.043505
-3.0223e-11,0.050024,0.043546
-3.5287e-11,0.05,0.04359
-4.0459e-11,0.049974,0.043636
-4.5721e-11,0.049948,0.043684
-5.1058e-11,0.04992,0.043735
-5.645e-11,0.04989,0.043788
-6.1881e-11,0.04986,0.043843
-6.7328e-11,0.049829,0.0439
-7.2771e-11,0.049796,0.04396
-7.8189e-11,0.049763,0.044021
-8.3556e-11,0.049729,0.044083
-8.885e-11,0.049694,0.044148
-9.4046e-11,0.049659,0.044214
-9.9117e-11,0.049624,0.044281
-1.0404e-10,0.049588,0.04435
-1.0878e-10,0.049551,0.044419
-1.1331e-10,0.049515,0.04449
-1.1761e-10,0.049478,0.044561
-1.2165e-10,0.049442,0.044634
-1.2539e-10,0.049405,0.044706
-1.2881e-10,0.049369,0.044779
-1.3188e-10,0.049334,0.044852
-1.3457e-10,0.049298,0.044926
-1.3684e-10,0.049264,0.044999
-1.3867e-10,0.04923,0.045072
-1.4004e-10,0.049197,0.045144
-1.409e-10,0.049164,0.045217
-1.4123e-10,0.049133,0.045288
-1.4102e-10,0.049103,0.045358
-1.4022e-10,0.049074,0.045428
-1.3881e-10,0.049046,0.045496
-1.3677e-10,0.04902,0.045564
-1.3408e-10,0.048995,0.04563
-1.3072e-10,0.048971,0.045694
-1.2666e-10,0.048949,0.045757
-1.2189e-10,0.048929,0.045818
-1.1639e-10,0.04891,0.045877
-1.1015e-10,0.048894,0.045935
-1.0315e-10,0.048879,0.04599
-9.5399e-11,0.048866,0.046044
-8.6876e-11,0.048855,0.046095
-7.7583e-11,0.048846,0.046145
-6.7518e-11,0.048839,0.046192
-5.6685e-11,0.048835,0.046236
-4.5089e-11,0.048832,0.046279
-3.274e-11,0.048832,0.046319
-1.965e-11,0.048833,0.046357
-5.8365e-12,0.048837,0.046392
8.6811e-12,0.048844,0.046425
2.3878e-11,0.048852,0.046456
3.9727e-11,0.048863,0.046484
5.6196e-11,0.048876,0.04651
7.3249e-11,0.048892,0.046533
9.0845e-11,0.04891,0.046554
1.0894e-10,0.04893,0.046573
1.2749e-10,0.048952,0.04659
1.4643e-10,0.048976,0.046604
1.6571e-10,0.049003,0.046617
1.8528e-10,0.049032,0.046627
2.0505e-10,0.049063,0.046635
2.2498e-10,0.049096,0.046641
2.4497e-10,0.049131,0.046645
2.6496e-10,0.049168,0.046647
2.8486e-10,0.049207,0.046648
3.0459e-10,0.049248,0.046646
3.2405e-10,0.049291,0.046643
3.4317e-10,0.049335,0.046639
3.6184e-10,0.049381,0.046633
3.7997e-10,0.049428,0.046625
3.9745e-10,0.049476,0.046616
4.1418e-10,0.049526,0.046606
4.3007e-10,0.049577,0.046594
4.45e-10,0.049629,0.046582
4.5886e-10,0.049682,0.046568
4.7155e-10,0.049736,0.046553
4.8296e-10,0.04979,0.046538
4.9298e-10,0.049844,0.046521
5.015e-10,0.049899,0.046504
5.0841e-10,0.049954,0.046486
5.136e-10,0.050009,0.046467
5.1697e-10,0.050064,0.046448
5.1842e-10,0.050119,0.046428
5.1784e-10,0.050173,0.046408
5.1514e-10,0.050226,0.046388
5.1023e-10,0.050279,0.046367
5.0301e-10,0.050331,0.046345
4.934e-10,0.050382,0.046324
4.8132e-10,0.050431,0.046302
4.667e-10,0.050479,0.04628
4.4947e-10,0.050526,0.046258
4.2958e-10,0.050571,0.046236
4.0697e-10,0.050615,0.046214
3.816e-10,0.050656,0.046192
3.5344e-10,0.050696,0.046169
3.2247e-10,0.050734,0.046147
2.8866e-10,0.050769,0.046125
2.5202e-10,0.050802,0.046103
2.1256e-10,0.050833,0.046081
1.703e-10,0.050861,0.046059
1.2527e-10,0.050887,0.046037
7.751e-11,0.050911,0.046015
2.7089e-11,0.050931,0.045993
-2.5926e-11,0.05095,0.045971
-8.1446e-11,0.050965,0.045949
-1.3937e-10,0.050978,0.045927
-1.9958e-10,0.050988,0.045906
-2.6195e-10,0.050995,0.045884
-3.2634e-10,0.051,0.045862
-3.9257e-10,0.051002,0.04584
-4.6048e-10,0.051001,0.045818
-5.2987e-10,0.050997,0.045796
-6.0053e-10,0.050991,0.045773
-6.7225e-10,0.050983,0.045751
-7.4477e-10,0.050971,0.045728
-8.1786e-10,0.050958,0.045705
-8.9124e-10,0.050942,0.045682
-9.6463e-10,0.050923,0.045658
-1.0377e-09,0.050903,0.045634
-1.1102e-09,0.05088,0.04561
-1.1818e-09,0.050855,0.045585
-1.2522e-09,0.050828,0.04556
-1.3209e-09,0.050799,0.045534
-1.3877e-09,0.050769,0.045508
-1.4521e-09,0.050736,0.045482
-1.5139e-09,0.050702,0.045454
-1.5725e-09,0.050667,0.045427
-1.6277e-09,0.050631,0.045398
-1.6791e-09,0.050593,0.04537
-1.7262e-09,0.050554,0.04534
-1.7686e-09,0.050514,0.04531
-1.8059e-09,0.050473,0.045279
-1.8378e-09,0.050431,0.045248
-1.8638e-09,0.050388,0.045216
-1.8836e-09,0.050345,0.045184
-1.8967e-09,0.050302,0.045151
-1.9028e-09,0.050258,0.045117
-1.9016e-09,0.050214,0.045083
-1.8925e-09,0.05017,0.045049
-1.8754e-09,0.050125,0.045014
-1.8498e-09,0.050081,0.044979
-1.8155e-09,0.050036,0.044943
-1.7722e-09,0.049992,0.044907
-1.7195e-09,0.049948,0.044871
-1.6573e-09,0.049904,0.044835
-1.5854e-09,0.04986,0.044798
-1.5035e-09,0.049817,0.044762
-1.4115e-09,0.049775,0.044726
-1.3092e-09,0.049733,0.044689
-1.1967e-09,0.049691,0.044653
-1.0737e-09,0.04965,0.044618
-9.4035e-10,0.049609,0.044583
-7.9662e-10,0.049569,0.044548
-6.426e-10,0.04953,0.044514
-4.7839e-10,0.049492,0.044481
-3.0416e-10,0.049454,0.044449
-1.2013e-10,0.049417,0.044418
7.346e-11,0.04938,0.044388
2.7628e-10,0.049345,0.044359
4.8797e-10,0.04931,0.044332
7.0811e-10,0.049275,0.044306
9.3623e-10,0.049242,0.044282
1.1718e-09,0.049209,0.044259
1.4142e-09,0.049177,0.044239
1.6629e-09,0.049146,0.04422
1.917e-09,0.049116,0.044203
2.1759e-09,0.049086,0.044189
2.4388e-09,0.049057,0.044177
2.7048e-09,0.049029,0.044167
2.9729e-09,0.049001,0.04416
3.2422e-09,0.048975,0.044155
3.5117e-09,0.048949,0.044153
3.7802e-09,0.048924,0.044153
4.0466e-09,0.0489,0.044156
4.3098e-09,0.048876,0.044162
4.5686e-09,0.048854,0.044171
4.8216e-09,0.048832,0.044182
5.0676e-09,0.048811,0.044197
5.3051e-09,0.048791,0.044214
5.533e-09,0.048772,0.044233
5.7497e-09,0.048753,0.044256
5.9538e-09,0.048736,0.044281
6.1438e-09,0.04872,0.044309
6.3184e-09,0.048705,0.044339
6.4761e-09,0.04869,0.044372
6.6153e-09,0.048677,0.044408
6.7346e-09,0.048664,0.044445
6.8326e-09,0.048653,0.044485
6.9077e-09,0.048643,0.044527
6.9587e-09,0.048634,0.044571
6.984e-09,0.048626,0.044617
6.9823e-09,0.048619,0.044664
6.9523e-09,0.048613,0.044713
6.8926e-09,0.048609,0.044764
6.8022e-09,0.048605,0.044815
6.6799e-09,0.048603,0.044868
6.5244e-09,0.048602,0.044922
6.335e-09,0.048602,0.044976
6.1106e-09,0.048604,0.045031
5.8505e-09,0.048606,0.045086
5.5539e-09,0.04861,0.045142
5.2202e-09,0.048615,0.045198
4.849e-09,0.048621,0.045253
4.4399e-09,0.048629,0.045308
3.9926e-09,0.048637,0.045363
3.5073e-09,0.048647,0.045417
2.9838e-09,0.048658,0.045471
2.4225e-09,0.04867,0.045523
1.8238e-09,0.048684,0.045574
1.1882e-09,0.048698,0.045625
5.1656e-10,0.048714,0.045673
-1.9028e-10,0.048731,0.045721
-9.3115e-10,0.048749,0.045766
-1.7047e-09,0.048768,0.04581
-2.5095e-09,0.048788,0.045852
-3.3438e-09,0.04881,0.045892
-4.2056e-09,0.048832,0.04593
-5.0929e-09,0.048856,0.045965
-6.0032e-09,0.04888,0.045999
-6.9341e-09,0.048906,0.04603
-7.8828e-09,0.048932,0.046059
-8.8464e-09,0.04896,0.046085
-9.8216e-09,0.048988,0.046109
-1.0805e-08,0.049018,0.046131
-1.1793e-08,0.049048,0.046149
-1.2783e-08,0.049079,0.046166
-1.3769e-08,0.049111,0.046179
-1.4748e-08,0.049144,0.04619
-1.5716e-08,0.049177,0.046199
-1.6667e-08,0.049211,0.046205
-1.7599e-08,0.049246,0.046209
-1.8505e-08,0.049281,0.04621
-1.938e-08,0.049317,0.046208
-2.0221e-08,0.049354,0.046204
-2.1021e-08,0.04939,0.046198
-2.1775e-08,0.049428,0.04619
-2.2479e-08,0.049465,0.046179
-2.3126e-08,0.049503,0.046166
-2.3712e-08,0.04954,0.046152
-2.423e-08,0.049578,0.046135
-2.4677e-08,0.049616,0.046116
-2.5045e-08,0.049654,0.046096
-2.533e-08,0.049692,0.046074
-2.5527e-08,0.049729,0.046051
-2.563e-08,0.049767,0.046026
-2.5635e-08,0.049803,0.046
-2.5536e-08,0.04984,0.045972
-2.5329e-08,0.049876,0.045944
-2.501e-08,0.049912,0.045915
-2.4573e-08,0.049947,0.045884
-2.4016e-08,0.049981,0.045854
-2.3334e-08,0.050015,0.045822
-2.2525e-08,0.050048,0.04579
-2.1584e-08,0.05008,0.045758
-2.051e-08,0.050111,0.045726
-1.93e-08,0.050141,0.045693
-1.7952e-08,0.050171,0.045661
-1.6465e-08,0.050199,0.045629
-1.4839e-08,0.050227,0.045596
-1.3072e-08,0.050254,0.045565
-1.1165e-08,0.050279,0.045533
-9.1197e-09,0.050304,0.045502
-6.9365e-09,0.050327,0.045472
-4.6177e-09,0.050349,0.045442
-2.166e-09,0.050371,0.045413
4.151e-10,0.050391,0.045385
3.1217e-09,0.05041,0.045357
5.9489e-09,0.050428,0.04533
8.8914e-09,0.050445,0.045305
1.1943e-08,0.05046,0.04528
1.5096e-08,0.050475,0.045255
1.8344e-08,0.050489,0.045232
2.1677e-08,0.050501,0.04521
2.5087e-08,0.050513,0.045188
2.8563e-08,0.050523,0.045168
3.2096e-08,0.050532,0.045148
3.5672e-08,0.050541,0.045129
3.928e-08,0.050548,0.045111
4.2907e-08,0.050554,0.045093
4.6539e-08,0.05056,0.045076
5.0162e-08,0.050564,0.04506
5.376e-08,0.050567,0.045044
5.7318e-08,0.05057,0.045028
6.082e-08,0.050571,0.045013
6.4248e-08,0.050572,0.044999
6.7586e-08,0.050571,0.044984
7.0814e-08,0.05057,0.04497
7.3915e-08,0.050568,0.044955
7.6869e-08,0.050564,0.044941
7.9659e-08,0.05056,0.044926
8.2264e-08,0.050555,0.044912
8.4664e-08,0.050549,0.044897
8.684e-08,0.050542,0.044882
8.8772e-08,0.050534,0.044866
9.0441e-08,0.050525,0.04485
9.1826e-08,0.050516,0.044833
9.2907e-08,0.050505,0.044816
9.3667e-08,0.050494,0.044798
9.4085e-08,0.050481,0.044779
9.4143e-08,0.050468,0.04476
9.3823e-08,0.050453,0.04474
9.3108e-08,0.050438,0.044719
9.1982e-08,0.050422,0.044697
9.0428e-08,0.050405,0.044674
8.8431e-08,0.050387,0.044651
8.5979e-08,0.050368,0.044626
8.3059e-08,0.050348,0.044601
7.9659e-08,0.050327,0.044574
7.5769e-08,0.050306,0.044547
7.1381e-08,0.050283,0.04452
6.6488e-08,0.05026,0.044491
6.1086e-08,0.050236,0.044461
5.517e-08,0.050211,0.044431
4.874e-08,0.050185,0.0444
4.1796e-08,0.050159,0.044369
3.4341e-08,0.050132,0.044337
2.638e-08,0.050103,0.044304
1.7919e-08,0.050075,0.044272
8.9701e-09,0.050045,0.044238
-4.5645e-10,0.050015,0.044205
-1.0346e-08,0.049984,0.044171
-2.068e-08,0.049952,0.044137
-3.144e-08,0.04992,0.044103
-4.2604e-08,0.049887,0.044069
-5.4145e-08,0.049854,0.044035
-6.6035e-08,0.049819,0.044001
-7.8245e-08,0.049785,0.043968
-9.074e-08,0.049749,0.043934
-1.0348e-07,0.049713,0.043901
-1.1644e-07,0.049677,0.043868
-1.2956e-07,0.04964,0.043836
-1.428e-07,0.049602,0.043804
-1.5612e-07,0.049564,0.043773
-1.6947e-07,0.049525,0.043743
-1.8279e-07,0.049486,0.043712
-1.9602e-07,0.049446,0.043683
-2.0912e-07,0.049406,0.043654
-2.2202e-07,0.049365,0.043626
-2.3465e-07,0.049323,0.043598
-2.4696e-07,0.049281,0.043572
-2.5888e-07,0.049239,0.043546
-2.7034e-07,0.049196,0.04352
-2.8128e-07,0.049152,0.043495
-2.9161e-07,0.049108,0.043471
-3.0128e-07,0.049063,0.043448
-3.1021e-07,0.049017,0.043425
-3.1833e-07,0.048971,0.043403
-3.2556e-07,0.048925,0.043382
-3.3183e-07,0.048878,0.043361
-3.3707e-07,0.04883,0.043341
-3.4122e-07,0.048782,0.043321
-3.4418e-07,0.048733,0.043301
-3.4591e-07,0.048684,0.043283
-3.4633e-07,0.048634,0.043264
-3.4537e-07,0.048584,0.043246
-3.4297e-07,0.048533,0.043229
-3.3908e-07,0.048482,0.043211
-3.3362e-07,0.048431,0.043194
-3.2655e-07,0.048379,0.043178
-3.1782e-07,0.048327,0.043161
-3.0738e-07,0.048275,0.043145
-2.9519e-07,0.048222,0.043129
-2.8121e-07,0.04817,0.043114
-2.6542e-07,0.048118,0.043098
-2.4778e-07,0.048066,0.043083
-2.2827e-07,0.048014,0.043068
-2.069e-07,0.047962,0.043053
-1.8364e-07,0.047911,0.043038
-1.585e-07,0.04786,0.043023
-1.315e-07,0.04781,0.043009
-1.0265e-07,0.047761,0.042995
-7.1966e-08,0.047713,0.042981
-3.9498e-08,0.047666,0.042968
-5.2831e-09,0.047619,0.042954
3.0624e-08,0.047575,0.042942
6.8161e-08,0.047532,0.042929
1.0726e-07,0.04749,0.042917
1.4783e-07,0.04745,0.042906
1.8978e-07,0.047413,0.042896
2.3302e-07,0.047377,0.042886
2.7742e-07,0.047344,0.042876
3.2287e-07,0.047313,0.042868
3.6923e-07,0.047285,0.042861
4.1636e-07,0.04726,0.042854
4.6411e-07,0.047237,0.042849
5.123e-07,0.047218,0.042845
5.6078e-07,0.047202,0.042842
6.0934e-07,0.047189,0.04284
6.5781e-07,0.04718,0.04284
7.0598e-07,0.047175,0.042842
7.5364e-07,0.047173,0.042845
8.0056e-07,0.047176,0.042849
8.4653e-07,0.047182,0.042855
8.913e-07,0.047193,0.042863
9.3464e-07,0.047207,0.042873
9.763e-07,0.047226,0.042885
1.016e-06,0.04725,0.042898
1.0536e-06,0.047277,0.042913
1.0887e-06,0.047309,0.04293
1.121e-06,0.047346,0.042949
1.1504e-06,0.047387,0.04297
1.1766e-06,0.047432,0.042993
1.1992e-06,0.047482,0.043018
1.218e-06,0.047535,0.043044
1.2328e-06,0.047594,0.043072
1.2433e-06,0.047656,0.043102
1.2493e-06,0.047722,0.043134
1.2504e-06,0.047793,0.043167
1.2464e-06,0.047867,0.043201
1.2372e-06,0.047945,0.043237
1.2225e-06,0.048027,0.043274
1.2021e-06,0.048111,0.043312
1.1757e-06,0.0482,0.043351
1.1432e-06,0.048291,0.043391
1.1044e-06,0.048385,0.043432
1.0593e-06,0.048482,0.043473
1.0075e-06,0.048581,0.043515
9.4908e-07,0.048682,0.043556
8.8388e-07,0.048786,0.043599
8.1185e-07,0.048891,0.043641
7.3293e-07,0.048997,0.043682
6.4711e-07,0.049105,0.043724
5.544e-07,0.049213,0.043765
4.5484e-07,0.049323,0.043805
3.4849e-07,0.049432,0.043844
2.3547e-07,0.049542,0.043883
1.1588e-07,0.049652,0.04392
-1.0083e-08,0.049761,0.043956
-1.4223e-07,0.04987,0.04399
-2.8034e-07,0.049978,0.044023
-4.2411e-07,0.050084,0.044055
-5.7325e-07,0.050189,0.044084
-7.2741e-07,0.050293,0.044112
-8.862e-07,0.050394,0.044137
-1.0492e-06,0.050493,0.044161
-1.2159e-06,0.05059,0.044182
-1.3859e-06,0.050684,0.044201
-1.5585e-06,0.050776,0.044218
-1.7333e-06,0.050864,0.044232
-1.9095e-06,0.050949,0.044244
-2.0866e-06,0.05103,0.044254
-2.2638e-06,0.051108,0.044261
-2.4404e-06,0.051182,0.044265
-2.6156e-06,0.051252,0.044268
-2.7885e-06,0.051318,0.044267
-2.9585e-06,0.051379,0.044265
-3.1245e-06,0.051437,0.044259
-3.2858e-06,0.05149,0.044252
-3.4413e-06,0.051538,0.044242
-3.59e-06,0.051582,0.04423
-3.7311e-06,0.051621,0.044216
-3.8635e-06,0.051655,0.0442
-3.9862e-06,0.051684,0.044182
-4.0982e-06,0.051709,0.044162
-4.1983e-06,0.051729,0.04414
-4.2855e-06,0.051744,0.044117
-4.3589e-06,0.051754,0.044092
-4.4172e-06,0.05176,0.044065
-4.4594e-06,0.051761,0.044038
-4.4845e-06,0.051757,0.044009
-4.4914e-06,0.051748,0.043979
-4.4791e-06,0.051735,0.043948
-4.4465e-06,0.051718,0.043916
-4.3926e-06,0.051696,0.043884
-4.3166e-06,0.051669,0.043851
-4.2173e-06,0.051639,0.043818
-4.094e-06,0.051604,0.043785
-3.9458e-06,0.051566,0.043752
-3.7718e-06,0.051524,0.043718
-3.5713e-06,0.051478,0.043685
-3.3436e-06,0.051428,0.043653
-3.088e-06,0.051376,0.04362
-2.804e-06,0.05132,0.043589
-2.491e-06,0.051261,0.043558
-2.1486e-06,0.051199,0.043527
-1.7764e-06,0.051134,0.043498
-1.3743e-06,0.051067,0.04347
-9.4192e-07,0.050997,0.043443
-4.7927e-07,0.050925,0.043418
1.366e-08,0.050851,0.043393
5.3676e-07,0.050776,0.04337
1.0898e-06,0.050698,0.043349
1.6725e-06,0.05062,0.04333
2.2844e-06,0.05054,0.043312
2.925e-06,0.050458,0.043296
3.5936e-06,0.050376,0.043281
4.2895e-06,0.050294,0.043269
5.0117e-06,0.05021,0.043258
5.7592e-06,0.050127,0.04325
6.531e-06,0.050043,0.043243
7.3258e-06,0.049959,0.043239
8.1421e-06,0.049875,0.043237
8.9787e-06,0.049792,0.043236
9.8337e-06,0.049709,0.043238
1.0706e-05,0.049628,0.043242
1.1593e-05,0.049546,0.043249
1.2493e-05,0.049467,0.043257
1.3404e-05,0.049388,0.043267
1.4324e-05,0.049311,0.04328
1.5251e-05,0.049235,0.043294
1.6183e-05,0.049161,0.043311
1.7116e-05,0.049089,0.04333
1.8049e-05,0.049019,0.043351
1.898e-05,0.048952,0.043374
1.9905e-05,0.048886,0.043399
2.0822e-05,0.048824,0.043425
2.1728e-05,0.048763,0.043454
2.2621e-05,0.048706,0.043485
2.3498e-05,0.048652,0.043517
2.4356e-05,0.0486,0.043551
2.5193e-05,0.048552,0.043587
2.6006e-05,0.048507,0.043625
2.6792e-05,0.048465,0.043664
2.7549e-05,0.048427,0.043705
2.8274e-05,0.048392,0.043747
2.8965e-05,0.048361,0.043791
2.9618e-05,0.048333,0.043836
3.0233e-05,0.04831,0.043883
3.0807e-05,0.04829,0.04393
3.1338e-05,0.048273,0.04398
3.1823e-05,0.048261,0.04403
3.2261e-05,0.048253,0.044082
3.2651e-05,0.048248,0.044134
3.299e-05,0.048247,0.044188
3.3278e-05,0.048251,0.044243
3.3513e-05,0.048258,0.044298
3.3695e-05,0.048268,0.044355
3.3823e-05,0.048283,0.044412
3.3896e-05,0.048302,0.04447
3.3913e-05,0.048324,0.044529
3.3876e-05,0.048349,0.044589
3.3783e-05,0.048379,0.044649
3.3635e-05,0.048412,0.04471
3.3433e-05,0.048448,0.044772
3.3177e-05,0.048487,0.044834
3.2868e-05,0.04853,0.044896
3.2508e-05,0.048576,0.044959
3.2097e-05,0.048625,0.045023
3.1636e-05,0.048676,0.045086
3.1128e-05,0.048731,0.04515
3.0573e-05,0.048787,0.045215
2.9975e-05,0.048847,0.045279
2.9334e-05,0.048908,0.045344
2.8653e-05,0.048971,0.045409
2.7934e-05,0.049037,0.045474
2.7178e-05,0.049104,0.045539
2.639e-05,0.049173,0.045604
2.5569e-05,0.049243,0.045669
2.472e-05,0.049314,0.045734
2.3845e-05,0.049386,0.045799
2.2946e-05,0.049459,0.045864
2.2025e-05,0.049533,0.045928
2.1085e-05,0.049607,0.045993
2.0129e-05,0.049682,0.046057
1.9159e-05,0.049756,0.04612
1.8177e-05,0.049831,0.046184
1.7187e-05,0.049905,0.046246
1.619e-05,0.049978,0.046309
1.5189e-05,0.050051,0.04637
1.4186e-05,0.050123,0.046432
1.3183e-05,0.050194,0.046492
1.2183e-05,0.050264,0.046552
1.1189e-05,0.050333,0.046611
1.0201e-05,0.0504,0.046669
9.2222e-06,0.050465,0.046727
8.2546e-06,0.050529,0.046784
7.3e-06,0.05059,0.04684
6.3602e-06,0.05065,0.046895
5.4369e-06,0.050707,0.046948
4.5319e-06,0.050762,0.047001
3.6467e-06,0.050814,0.047053
2.7828e-06,0.050864,0.047104
1.9417e-06,0.050912,0.047154
1.1248e-06,0.050956,0.047202
3.3333e-07,0.050998,0.047249
-4.3148e-07,0.051037,0.047295
-1.1685e-06,0.051073,0.04734
-1.8766e-06,0.051106,0.047383
-2.5549e-06,0.051137,0.047424
-3.2024e-06,0.051164,0.047465
-3.8183e-06,0.051188,0.047503
-4.4017e-06,0.051209,0.047541
-4.9519e-06,0.051227,0.047576
-5.4683e-06,0.051242,0.04761
-5.9502e-06,0.051254,0.047642
-6.397e-06,0.051263,0.047672
-6.8083e-06,0.051269,0.0477
-7.1836e-06,0.051272,0.047726
-7.5225e-06,0.051272,0.047751
-7.8247e-06,0.051269,0.047773
-8.0897e-06,0.051264,0.047793
-8.3174e-06,0.051256,0.047811
-8.5074e-06,0.051246,0.047826
-8.6597e-06,0.051232,0.047839
-8.7741e-06,0.051217,0.04785
-8.8504e-06,0.051199,0.047858
-8.8885e-06,0.051179,0.047863
-8.8885e-06,0.051157,0.047866
-8.8504e-06,0.051132,0.047866
-8.7741e-06,0.051106,0.047863
-8.6597e-06,0.051078,0.047857
-8.5074e-06,0.051048,0.047848
-8.3174e-06,0.051017,0.047836
-8.0897e-06,0.050984,0.047821
-7.8247e-06,0.05095,0.047803
-7.5225e-06,0.050914,0.047782
-7.1836e-06,0.050878,0.047757
-6.8083e-06,0.05084,0.047729
-6.397e-06,0.050801,0.047697
-5.9502e-06,0.050762,0.047662
-5.4683e-06,0.050722,0.047624
-4.9519e-06,0.050681,0.047582
-4.4017e-06,0.05064,0.047537
-3.8183e-06,0.050598,0.047489
-3.2024e-06,0.050556,0.047436
-2.5549e-06,0.050513,0.047381
-1.8766e-06,0.050471,0.047322
-1.1685e-06,0.050428,0.047259
-4.3148e-07,0.050386,0.047194
3.3333e-07,0.050344,0.047125
1.1248e-06,0.050301,0.047053
1.9417e-06,0.050259,0.046978
2.7828e-06,0.050218,0.046899
3.6467e-06,0.050176,0.046818
4.5319e-06,0.050135,0.046735
5.4369e-06,0.050095,0.046648
6.3602e-06,0.050055,0.046559
7.3e-06,0.050016,0.046468
8.2546e-06,0.049977,0.046374
9.2222e-06,0.049939,0.046279
1.0201e-05,0.049901,0.046181
1.1189e-05,0.049864,0.046082
1.2183e-05,0.049828,0.045982
1.3183e-05,0.049793,0.04588
1.4186e-05,0.049758,0.045777
1.5189e-05,0.049724,0.045673
1.619e-05,0.04969,0.045568
1.7187e-05,0.049658,0.045463
1.8177e-05,0.049625,0.045358
1.9159e-05,0.049594,0.045252
2.0129e-05,0.049563,0.045146
2.1085e-05,0.049533,0.045041
2.2025e-05,0.049504,0.044936
2.2946e-05,0.049475,0.044832
2.3845e-05,0.049446,0.044728
2.472e-05,0.049418,0.044625
2.5569e-05,0.049391,0.044523
2.639e-05,0.049363,0.044422
2.7178e-05,0.049337,0.044323
2.7934e-05,0.04931,0.044225
2.8653e-05,0.049284,0.044128
2.9334e-05,0.049258,0.044033
2.9975e-05,0.049233,0.04394
3.0573e-05,0.049207,0.043849
3.1128e-05,0.049182,0.043759
3.1636e-05,0.049157,0.043672
3.2097e-05,0.049132,0.043586
3.2508e-05,0.049107,0.043503
3.2868e-05,0.049082,0.043422
3.3177e-05,0.049057,0.043342
3.3433e-05,0.049032,0.043265
3.3635e-05,0.049007,0.04319
3.3783e-05,0.048982,0.043118
3.3876e-05,0.048956,0.043047
3.3913e-05,0.048931,0.042979
3.3896e-05,0.048906,0.042913
3.3823e-05,0.04888,0.042849
3.3695e-05,0.048854,0.042787
3.3513e-05,0.048829,0.042728
3.3278e-05,0.048803,0.04267
3.299e-05,0.048777,0.042615
3.2651e-05,0.048751,0.042561
3.2261e-05,0.048725,0.04251
3.1823e-05,0.048699,0.042461
3.1338e-05,0.048673,0.042414
3.0807e-05,0.048648,0.042369
3.0233e-05,0.048622,0.042325
2.9618e-05,0.048597,0.042284
2.8965e-05,0.048572,0.042245
2.8274e-05,0.048547,0.042207
2.7549e-05,0.048523,0.042171
2.6792e-05,0.048499,0.042137
2.6006e-05,0.048475,0.042105
2.5193e-05,0.048452,0.042075
2.4356e-05,0.04843,0.042046
2.3498e-05,0.048409,0.042019
2.2621e-05,0.048388,0.041994
2.1728e-05,0.048369,0.04197
2.0822e-05,0.04835,0.041948
1.9905e-05,0.048333,0.041928
1.898e-05,0.048317,0.04191
1.8049e-05,0.048302,0.041893
1.7116e-05,0.048288,0.041877
1.6183e-05,0.048276,0.041864
1.5251e-05,0.048266,0.041852
1.4324e-05,0.048257,0.041842
1.3404e-05,0.04825,0.041834
1.2493e-05,0.048245,0.041827
1.1593e-05,0.048241,0.041822
1.0706e-05,0.048239,0.041819
9.8337e-06,0.04824,0.041818
8.9787e-06,0.048242,0.041819
8.1421e-06,0.048246,0.041822
7.3258e-06,0.048252,0.041826
6.531e-06,0.048261,0.041833
5.7592e-06,0.048271,0.041842
5.0117e-06,0.048284,0.041853
4.2895e-06,0.048299,0.041866
3.5936e-06,0.048315,0.041882
2.925e-06,0.048334,0.041899
2.2844e-06,0.048355,0.041919
1.6725e-06,0.048378,0.041942
1.0898e-06,0.048402,0.041967
5.3676e-07,0.048429,0.041994
1.366e-08,0.048457,0.042024
-4.7927e-07,0.048487,0.042057
-9.4192e-07,0.048518,0.042093
-1.3743e-06,0.048551,0.042131
-1.7764e-06,0.048585,0.042172
-2.1486e-06,0.048621,0.042215
-2.491e-06,0.048658,0.042262
-2.804e-06,0.048696,0.042311
-3.088e-06,0.048735,0.042364
-3.3436e-06,0.048774,0.042419
-3.5713e-06,0.048815,0.042477
-3.7718e-06,0.048855,0.042538
-3.9458e-06,0.048897,0.042602
-4.094e-06,0.048938,0.042669
-4.2173e-06,0.04898,0.042739
-4.3166e-06,0.049021,0.042811
-4.3926e-06,0.049063,0.042887
-4.4465e-06,0.049104,0.042965
-4.4791e-06,0.049145,0.043045
-4.4914e-06,0.049185,0.043129
-4.4845e-06,0.049225,0.043214
-4.4594e-06,0.049264,0.043302
-4.4172e-06,0.049303,0.043393
-4.3589e-06,0.04934,0.043485
-4.2855e-06,0.049376,0.04358
-4.1983e-06,0.049411,0.043676
-4.0982e-06,0.049445,0.043775
-3.9862e-06,0.049478,0.043874
-3.8635e-06,0.04951,0.043975
-3.7311e-06,0.04954,0.044078
-3.59e-06,0.049569,0.044181
-3.4413e-06,0.049596,0.044285
-3.2858e-06,0.049622,0.04439
-3.1245e-06,0.049646,0.044496
-2.9585e-06,0.049669,0.044601
-2.7885e-06,0.049691,0.044707
-2.6156e-06,0.04971,0.044813
-2.4404e-06,0.049729,0.044918
-2.2638e-06,0.049746,0.045023
-2.0866e-06,0.049762,0.045127
-1.9095e-06,0.049776,0.04523
-1.7333e-06,0.049789,0.045333
-1.5585e-06,0.049801,0.045433
-1.3859e-06,0.049811,0.045533
-1.2159e-06,0.049821,0.04563
-1.0492e-06,0.049829,0.045726
-8.862e-07,0.049836,0.04582
-7.2741e-07,0.049842,0.045911
-5.7325e-07,0.049848,0.046
-4.2411e-07,0.049852,0.046087
-2.8034e-07,0.049856,0.046171
-1.4223e-07,0.04986,0.046252
-1.0083e-08,0.049863,0.04633
1.1588e-07,0.049865,0.046406
2.3547e-07,0.049867,0.046478
3.4849e-07,0.049868,0.046547
4.5484e-07,0.04987,0.046612
5.544e-07,0.049871,0.046675
6.4711e-07,0.049872,0.046734
7.3293e-07,0.049873,0.046789
8.1185e-07,0.049875,0.046841
8.8388e-07,0.049876,0.04689
9.4908e-07,0.049878,0.046935
1.0075e-06,0.04988,0.046976
1.0593e-06,0.049882,0.047014
1.1044e-06,0.049884,0.047049
1.1432e-06,0.049887,0.04708
1.1757e-06,0.049891,0.047108
1.2021e-06,0.049895,0.047133
1.2225e-06,0.049899,0.047154
1.2372e-06,0.049904,0.047172
1.2464e-06,0.04991,0.047187
1.2504e-06,0.049916,0.047199
1.2493e-06,0.049923,0.047209
1.2433e-06,0.049931,0.047215
1.2328e-06,0.049939,0.047219
1.218e-06,0.049948,0.04722
1.1992e-06,0.049957,0.04722
1.1766e-06,0.049968,0.047216
1.1504e-06,0.049978,0.047211
1.121e-06,0.04999,0.047204
1.0887e-06,0.050002,0.047195
1.0536e-06,0.050014,0.047185
1.016e-06,0.050027,0.047173
9.763e-07,0.050041,0.04716
9.3464e-07,0.050055,0.047145
8.913e-07,0.05007,0.04713
8.4653e-07,0.050085,0.047114
8.0056e-07,0.050101,0.047097
7.5364e-07,0.050117,0.04708
7.0598e-07,0.050133,0.047062
6.5781e-07,0.05015,0.047044
6.0934e-07,0.050167,0.047027
5.6078e-07,0.050184,0.047009
5.123e-07,0.050201,0.046991
4.6411e-07,0.050219,0.046974
4.1636e-07,0.050237,0.046957
3.6923e-07,0.050254,0.046941
3.2287e-07,0.050272,0.046925
2.7742e-07,0.05029,0.046911
2.3302e-07,0.050308,0.046897
1.8978e-07,0.050325,0.046884
1.4783e-07,0.050343,0.046872
1.0726e-07,0.05036,0.046861
6.8161e-08,0.050377,0.046852
3.0624e-08,0.050394,0.046843
-5.2831e-09,0.05041,0.046836
-3.9498e-08,0.050426,0.04683
-7.1966e-08,0.050441,0.046825
-1.0265e-07,0.050456,0.046822
-1.315e-07,0.05047,0.04682
-1.585e-07,0.050483,0.04682
-1.8364e-07,0.050496,0.04682
-2.069e-07,0.050508,0.046822
-2.2827e-07,0.050519,0.046825
-2.4778e-07,0.050529,0.04683
-2.6542e-07,0.050538,0.046835
-2.8121e-07,0.050545,0.046842
-2.9519e-07,0.050552,0.04685
-3.0738e-07,0.050557,0.046859
-3.1782e-07,0.050561,0.046869
-3.2655e-07,0.050564,0.04688
-3.3362e-07,0.050565,0.046891
-3.3908e-07,0.050564,0.046904
-3.4297e-07,0.050562,0.046917
-3.4537e-07,0.050558,0.04693
-3.4633e-07,0.050553,0.046944
-3.4591e-07,0.050545,0.046958
-3.4418e-07,0.050536,0.046973
-3.4122e-07,0.050525,0.046988
-3.3707e-07,0.050512,0.047003
-3.3183e-07,0.050497,0.047018
-3.2556e-07,0.050479,0.047033
-3.1833e-07,0.05046,0.047047
-3.1021e-07,0.050439,0.047062
-3.0128e-07,0.050415,0.047076
-2.9161e-07,0.050389,0.047089
-2.8128e-07,0.050362,0.047102
-2.7034e-07,0.050332,0.047114
-2.5888e-07,0.0503,0.047125
-2.4696e-07,0.050266,0.047135
-2.3465e-07,0.05023,0.047144
-2.2202e-07,0.050192,0.047153
-2.0912e-07,0.050152,0.04716
-1.9602e-07,0.05011,0.047165
-1.8279e-07,0.050067,0.04717
-1.6947e-07,0.050021,0.047172
-1.5612e-07,0.049975,0.047174
-1.428e-07,0.049926,0.047174
-1.2956e-07,0.049877,0.047172
-1.1644e-07,0.049826,0.047168
-1.0348e-07,0.049774,0.047163
-9.074e-08,0.049721,0.047156
-7.8245e-08,0.049667,0.047147
-6.6035e-08,0.049613,0.047136
-5.4145e-08,0.049558,0.047123
-4.2604e-08,0.049502,0.047108
-3.144e-08,0.049446,0.047091
-2.068e-08,0.049391,0.047072
-1.0346e-08,0.049335,0.047051
-4.5645e-10,0.04928,0.047028
8.9701e-09,0.049225,0.047002
1.7919e-08,0.049171,0.046975
2.638e-08,0.049118,0.046945
3.4341e-08,0.049065,0.046913
4.1796e-08,0.049014,0.04688
4.874e-08,0.048964,0.046843
5.517e-08,0.048916,0.046805
6.1086e-08,0.048869,0.046765
6.6488e-08,0.048824,0.046722
7.1381e-08,0.048782,0.046678
7.5769e-08,0.048741,0.046631
7.9659e-08,0.048702,0.046582
8.3059e-08,0.048666,0.046531
8.5979e-08,0.048632,0.046479
8.8431e-08,0.048601,0.046424
9.0428e-08,0.048572,0.046367
9.1982e-08,0.048546,0.046309
9.3108e-08,0.048524,0.046249
9.3823e-08,0.048503,0.046187
9.4143e-08,0.048486,0.046124
9.4085e-08,0.048472,0.046059
9.3667e-08,0.048461,0.045992
9.2907e-08,0.048453,0.045924
9.1826e-08,0.048448,0.045855
9.0441e-08,0.048447,0.045785
8.8772e-08,0.048448,0.045713
8.684e-08,0.048452,0.045641
8.4664e-08,0.048459,0.045567
8.2264e-08,0.04847,0.045493
7.9659e-08,0.048483,0.045418
7.6869e-08,0.048499,0.045343
7.3915e-08,0.048518,0.045267
7.0814e-08,0.048539,0.045191
6.7586e-08,0.048564,0.045115
6.4248e-08,0.04859,0.045038
6.082e-08,0.04862,0.044962
5.7318e-08,0.048651,0.044887
5.376e-08,0.048685,0.044811
5.0162e-08,0.048721,0.044737
4.6539e-08,0.048759,0.044663
4.2907e-08,0.048799,0.04459
3.928e-08,0.04884,0.044518
3.5672e-08,0.048883,0.044447
3.2096e-08,0.048928,0.044378
2.8563e-08,0.048974,0.04431
2.5087e-08,0.049021,0.044244
2.1677e-08,0.049069,0.04418
1.8344e-08,0.049118,0.044119
1.5096e-08,0.049168,0.044059
1.1943e-08,0.049218,0.044002
8.8914e-09,0.049268,0.043948
5.9489e-09,0.049319,0.043896
3.1217e-09,0.04937,0.043848
4.151e-10,0.04942,0.043803
-2.166e-09,0.049471,0.043761
-4.6177e-09,0.049521,0.043722
-6.9365e-09,0.04957,0.043688
-9.1197e-09,0.049618,0.043657
-1.1165e-08,0.049666,0.04363
-1.3072e-08,0.049712,0.043607
-1.4839e-08,0.049758,0.043589
-1.6465e-08,0.049802,0.043575
-1.7952e-08,0.049844,0.043565
-1.93e-08,0.049884,0.043561
-2.051e-08,0.049923,0.043561
-2.1584e-08,0.04996,0.043566
-2.2525e-08,0.049995,0.043576
-2.3334e-08,0.050028,0.043591
-2.4016e-08,0.050058,0.043612
-2.4573e-08,0.050086,0.043637
-2.501e-08,0.050111,0.043668
-2.5329e-08,0.050134,0.043704
-2.5536e-08,0.050154,0.043746
-2.5635e-08,0.050172,0.043793
-2.563e-08,0.050187,0.043845
-2.5527e-08,0.050199,0.043903
-2.533e-08,0.050208,0.043966
-2.5045e-08,0.050214,0.044034
-2.4677e-08,0.050217,0.044108
-2.423e-08,0.050217,0.044187
-2.3712e-08,0.050215,0.04427
-2.3126e-08,0.050209,0.044359
-2.2479e-08,0.050201,0.044453
-2.1775e-08,0.05019,0.044551
-2.1021e-08,0.050175,0.044653
-2.0221e-08,0.050159,0.04476
-1.938e-08,0.050139,0.044871
-1.8505e-08,0.050117,0.044987
-1.7599e-08,0.050092,0.045105
-1.6667e-08,0.050065,0.045228
-1.5716e-08,0.050035,0.045354
-1.4748e-08,0.050003,0.045482
-1.3769e-08,0.049969,0.045614
-1.2783e-08,0.049933,0.045748
-1.1793e-08,0.049894,0.045884
-1.0805e-08,0.049855,0.046023
-9.8216e-09,0.049813,0.046163
-8.8464e-09,0.04977,0.046304
-7.8828e-09,0.049725,0.046447
-6.9341e-09,0.04968,0.04659
-6.0032e-09,0.049633,0.046734
-5.0929e-09,0.049586,0.046879
-4.2056e-09,0.049537,0.047023
-3.3438e-09,0.049488,0.047166
-2.5095e-09,0.049439,0.04731
-1.7047e-09,0.04939,0.047452
-9.3115e-10,0.04934,0.047593
-1.9028e-10,0.049291,0.047732
5.1656e-10,0.049241,0.04787
1.1882e-09,0.049193,0.048006
1.8238e-09,0.049144,0.048139
2.4225e-09,0.049097,0.04827
2.9838e-09,0.04905,0.048398
3.5073e-09,0.049005,0.048524
3.9926e-09,0.04896,0.048646
4.4399e-09,0.048917,0.048764
4.849e-09,0.048876,0.04888
5.2202e-09,0.048836,0.048991
5.5539e-09,0.048798,0.049099
5.8505e-09,0.048761,0.049202
6.1106e-09,0.048727,0.049301
6.335e-09,0.048695,0.049397
6.5244e-09,0.048665,0.049487
6.6799e-09,0.048637,0.049574
6.8022e-09,0.048612,0.049656
6.8926e-09,0.04859,0.049733
6.9523e-09,0.048569,0.049806
6.9823e-09,0.048552,0.049874
6.984e-09,0.048537,0.049937
6.9587e-09,0.048525,0.049996
6.9077e-09,0.048516,0.05005
6.8326e-09,0.04851,0.0501
6.7346e-09,0.048507,0.050145
6.6153e-09,0.048507,0.050186
6.4761e-09,0.048509,0.050223
6.3184e-09,0.048515,0.050255
6.1438e-09,0.048524,0.050283
5.9538e-09,0.048536,0.050307
5.7497e-09,0.048551,0.050326
5.533e-09,0.048569,0.050342
5.3051e-09,0.048589,0.050355
5.0676e-09,0.048613,0.050363
4.8216e-09,0.04864,0.050369
4.5686e-09,0.048669,0.05037
4.3098e-09,0.048702,0.050369
4.0466e-09,0.048737,0.050365
3.7802e-09,0.048775,0.050358
3.5117e-09,0.048815,0.050348
3.2422e-09,0.048859,0.050336
2.9729e-09,0.048904,0.050321
2.7048e-09,0.048952,0.050305
2.4388e-09,0.049002,0.050286
2.1759e-09,0.049055,0.050265
1.917e-09,0.049109,0.050243
1.6629e-09,0.049166,0.050219
1.4142e-09,0.049224,0.050194
1.1718e-09,0.049284,0.050167
9.3623e-10,0.049346,0.05014
7.0811e-10,0.049409,0.050112
4.8797e-10,0.049473,0.050082
2.7628e-10,0.049539,0.050053
7.346e-11,0.049605,0.050022
-1.2013e-10,0.049673,0.049992
-3.0416e-10,0.049741,0.049961
-4.7839e-10,0.04981,0.04993
-6.426e-10,0.049879,0.049899
-7.9662e-10,0.049949,0.049869
-9.4035e-10,0.050018,0.049838
-1.0737e-09,0.050088,0.049808
-1.1967e-09,0.050158,0.049779
-1.3092e-09,0.050227,0.04975
-1.4115e-09,0.050295,0.049722
-1.5035e-09,0.050363,0.049694
-1.5854e-09,0.050431,0.049668
-1.6573e-09,0.050497,0.049642
-1.7195e-09,0.050562,0.049618
-1.7722e-09,0.050626,0.049595
-1.8155e-09,0.050689,0.049573
-1.8498e-09,0.050751,0.049552
-1.8754e-09,0.05081,0.049533
-1.8925e-09,0.050869,0.049515
-1.9016e-09,0.050925,0.049499
-1.9028e-09,0.05098,0.049484
-1.8967e-09,0.051033,0.049471
-1.8836e-09,0.051083,0.04946
-1.8638e-09,0.051132,0.04945
-1.8378e-09,0.051178,0.049443
-1.8059e-09,0.051222,0.049437
-1.7686e-09,0.051264,0.049433
-1.7262e-09,0.051304,0.049431
-1.6791e-09,0.051341,0.049431
-1.6277e-09,0.051376,0.049433
-1.5725e-09,0.051408,0.049437
-1.5139e-09,0.051438,0.049442
-1.4521e-09,0.051465,0.04945
-1.3877e-09,0.05149,0.04946
-1.3209e-09,0.051512,0.049472
-1.2522e-09,0.051532,0.049486
-1.1818e-09,0.051549,0.049501
-1.1102e-09,0.051564,0.049519
-1.0377e-09,0.051576,0.049538
-9.6463e-10,0.051586,0.049559
-8.9124e-10,0.051593,0.049582
-8.1786e-10,0.051598,0.049607
-7.4477e-10,0.051601,0.049633
-6.7225e-10,0.051601,0.04966
-6.0053e-10,0.051599,0.049689
-5.2987e-10,0.051594,0.049719
-4.6048e-10,0.051588,0.049751
-3.9257e-10,0.051579,0.049784
-3.2634e-10,0.051568,0.049817
-2.6195e-10,0.051554,0.049851
-1.9958e-10,0.051539,0.049887
-1.3937e-10,0.051522,0.049922
-8.1446e-11,0.051503,0.049959
-2.5926e-11,0.051482,0.049995
2.7089e-11,0.051459,0.050032
7.751e-11,0.051434,0.050069
1.2527e-10,0.051407,0.050106
1.703e-10,0.051379,0.050143
2.1256e-10,0.051349,0.050179
2.5202e-10,0.051318,0.050215
2.8866e-10,0.051285,0.05025
3.2247e-10,0.05125,0.050284
3.5344e-10,0.051215,0.050317
3.816e-10,0.051178,0.05035
4.0697e-10,0.05114,0.050381
4.2958e-10,0.0511,0.050411
4.4947e-10,0.05106,0.050439
4.667e-10,0.051018,0.050466
4.8132e-10,0.050976,0.050492
4.934e-10,0.050933,0.050515
5.0301e-10,0.050889,0.050537
5.1023e-10,0.050845,0.050556
5.1514e-10,0.050799,0.050574
5.1784e-10,0.050754,0.050589
5.1842e-10,0.050708,0.050602
5.1697e-10,0.050662,0.050613
5.136e-10,0.050615,0.050621
5.0841e-10,0.050569,0.050627
5.015e-10,0.050522,0.05063
4.9298e-10,0.050475,0.050631
4.8296e-10,0.050429,0.050629
4.7155e-10,0.050383,0.050624
4.5886e-10,0.050337,0.050617
4.45e-10,0.050291,0.050607
4.3007e-10,0.050246,0.050595
4.1418e-10,0.050202,0.05058
3.9745e-10,0.050158,0.050562
3.7997e-10,0.050114,0.050542
3.6184e-10,0.050072,0.050519
3.4317e-10,0.05003,0.050493
3.2405e-10,0.049989,0.050465
3.0459e-10,0.04995,0.050434
2.8486e-10,0.049911,0.050401
2.6496e-10,0.049873,0.050365
2.4497e-10,0.049836,0.050328
2.2498e-10,0.0498,0.050287
2.0505e-10,0.049766,0.050245
1.8528e-10,0.049732,0.050201
1.6571e-10,0.0497,0.050154
1.4643e-10,0.049669,0.050106
1.2749e-10,0.049639,0.050056
1.0894e-10,0.04961,0.050004
9.0845e-11,0.049582,0.04995
7.3249e-11,0.049555,0.049895
5.6196e-11,0.049529,0.049838
3.9727e-11,0.049505,0.04978
2.3878e-11,0.049481,0.049721
8.681e-12,0.049459,0.049661
-5.8365e-12,0.049437,0.049599
-1.965e-11,0.049416,0.049537
-3.274e-11,0.049396,0.049474
-4.5089e-11,0.049377,0.049411
-5.6685e-11,0.049359,0.049347
-6.7518e-11,0.049341,0.049283
-7.7583e-11,0.049324,0.049218
-8.6876e-11,0.049307,0.049153
-9.5399e-11,0.049291,0.049089
-1.0315e-10,0.049275,0.049024
-1.1015e-10,0.04926,0.04896
-1.1639e-10,0.049244,0.048896
-1.2189e-10,0.049229,0.048833
-1.2666e-10,0.049214,0.04877
-1.3072e-10,0.0492,0.048708
-1.3408e-10,0.049185,0.048647
-1.3677e-10,0.04917,0.048586
-1.3881e-10,0.049154,0.048527
-1.4022e-10,0.049139,0.048469
-1.4102e-10,0.049123,0.048412
-1.4123e-10,0.049107,0.048356
-1.409e-10,0.049091,0.048301
-1.4004e-10,0.049074,0.048249
-1.3867e-10,0.049057,0.048197
-1.3684e-10,0.049039,0.048147
-1.3457e-10,0.049021,0.048099
-1.3188e-10,0.049002,0.048053
-1.2881e-10,0.048983,0.048008
-1.2539e-10,0.048963,0.047966
-1.2165e-10,0.048942,0.047925
-1.1761e-10,0.04892,0.047886
-1.1331e-10,0.048898,0.047849
-1.0878e-10,0.048875,0.047814
-1.0404e-10,0.048851,0.047782
-9.9117e-11,0.048827,0.047751
-9.4046e-11,0.048802,0.047723
-8.885e-11,0.048776,0.047696
-8.3556e-11,0.04875,0.047672
-7.8188e-11,0.048723,0.047651
-7.2771e-11,0.048695,0.047631
-6.7328e-11,0.048667,0.047614
-6.1881e-11,0.048638,0.047599
-5.645e-11,0.048608,0.047586
-5.1057e-11,0.048578,0.047575
-4.5721e-11,0.048548,0.047567
-4.0459e-11,0.048517,0.047561
-3.5287e-11,0.048485,0.047558
-3.0223e-11,0.048454,0.047557
-2.5279e-11,0.048422,0.047558
-2.047e-11,0.04839,0.047561
-1.5808e-11,0.048357,0.047567
-1.1304e-11,0.048325,0.047575
-6.9677e-12,0.048292,0.047585
-2.8079e-12,0.04826,0.047597
1.1674e-12,0.048228,0.047612
4.9516e-12,0.048196,0.047629
8.5392e-12,0.048164,0.047648
1.1926e-11,0.048132,0.047669
1.5107e-11,0.048101,0.047693
1.8081e-11,0.04807,0.047718
2.0846e-11,0.04804,0.047745
2.34e-11,0.04801,0.047775
2.5745e-11,0.047981,0.047806
2.788e-11,0.047953,0.047839
2.9807e-11,0.047926,0.047874
3.153e-11,0.047899,0.047911
3.305e-11,0.047873,0.047949
3.4371e-11,0.047849,0.047989
3.5498e-11,0.047825,0.04803
3.6435e-11,0.047803,0.048073
3.7187e-11,0.047781,0.048117
3.7761e-11,0.047761,0.048163
3.8163e-11,0.047743,0.04821
3.8398e-11,0.047725,0.048257
3.8475e-11,0.047709,0.048306
3.84e-11,0.047694,0.048356
3.818e-11,0.047681,0.048406
3.7823e-11,0.047669,0.048457
3.7338e-11,0.047658,0.048509
3.6731e-11,0.047649,0.048561
3.6011e-11,0.047642,0.048613
3.5187e-11,0.047635,0.048666
3.4265e-11,0.047631,0.048718
3.3254e-11,0.047628,0.048771
3.2163e-11,0.047626,0.048824
3.0999e-11,0.047626,0.048876
2.977e-11,0.047627,0.048928
2.8484e-11,0.04763,0.04898
2.7149e-11,0.047635,0.049031
2.5772e-11,0.04764,0.049082
2.436e-11,0.047647,0.049132
2.292e-11,0.047656,0.049181
2.146e-11,0.047666,0.049229
1.9985e-11,0.047677,0.049277
1.8503e-11,0.04769,0.049323
1.7019e-11,0.047704,0.049368
1.5539e-11,0.047719,0.049413
1.4068e-11,0.047735,0.049456
1.2613e-11,0.047753,0.049498
1.1177e-11,0.047771,0.049539
9.7649e-12,0.047791,0.049578
8.3819e-12,0.047812,0.049616
7.0315e-12,0.047834,0.049653
5.7173e-12,0.047857,0.049689
4.4428e-12,0.047881,0.049723
3.211e-12,0.047906,0.049756
2.0246e-12,0.047931,0.049788
8.861e-13,0.047958,0.049819
-2.0239e-13,0.047985,0.049848
-1.239e-12,0.048013,0.049876
-2.2222e-12,0.048042,0.049903
-3.1507e-12,0.048071,0.049929
-4.0235e-12,0.048101,0.049954
-4.8398e-12,0.048132,0.049978
-5.5991e-12,0.048162,0.05
-6.3012e-12,0.048194,0.050022
-6.9461e-12,0.048225,0.050043
-7.5339e-12,0.048257,0.050064
-8.0652e-12,0.04829,0.050083
-8.5404e-12,0.048322,0.050102
-8.9603e-12,0.048355,0.050121
-9.3261e-12,0.048387,0.050139
-9.6387e-12,0.04842,0.050156
-9.8995e-12,0.048453,0.050173
-1.011e-11,0.048485,0.05019
-1.0271e-11,0.048518,0.050207
-1.0386e-11,0.04855,0.050223
-1.0455e-11,0.048582,0.05024
-1.048e-11,0.048613,0.050256
-1.0464e-11,0.048644,0.050273
-1.0408e-11,0.048675,0.050289
-1.0315e-11,0.048706,0.050306
-1.0187e-11,0.048735,0.050323
-1.0025e-11,0.048765,0.050341
-9.832e-12,0.048793,0.050358
-9.6103e-12,0.048821,0.050376
-9.3619e-12,0.048848,0.050394
-9.0892e-12,0.048875,0.050412
-8.7942e-12,0.0489,0.050431
-8.4791e-12,0.048925,0.05045
-8.1462e-12,0.048949,0.05047
-7.7974e-12,0.048972,0.05049
-7.435e-12,0.048994,0.05051
-7.061e-12,0.049015,0.050531
-6.6773e-12,0.049035,0.050552
-6.2858e-12,0.049054,0.050573
-5.8885e-12,0.049072,0.050594
-5.4872e-12,0.049088,0.050616
-5.0835e-12,0.049104,0.050637
-4.6792e-12,0.049118,0.050659
-4.2758e-12,0.049131,0.050681
-3.8749e-12,0.049143,0.050703
-3.4779e-12,0.049154,0.050724
-3.0861e-12,0.049164,0.050746
-2.7008e-12,0.049172,0.050767
-2.3232e-12,0.049178,0.050788
-1.9543e-12,0.049184,0.050809
-1.5953e-12,0.049188,0.050829
-1.2469e-12,0.049191,0.050849
-9.1008e-13,0.049192,0.050869
-5.8558e-13,0.049192,0.050887
-2.7406e-13,0.04919,0.050905
2.3897e-14,0.049188,0.050922
3.0777e-13,0.049183,0.050939
5.7712e-13,0.049178,0.050954
8.316e-13,0.04917,0.050969
1.0709e-12,0.049162,0.050983
1.2949e-12,0.049152,0.050996
1.5033e-12,0.049141,0.051007
1.6962e-12,0.049128,0.051018
1.8734e-12,0.049114,0.051027
2.0351e-12,0.049098,0.051035
2.1814e-12,0.049081,0.051043
2.3123e-12,0.049063,0.051049
2.4282e-12,0.049043,0.051053
2.5293e-12,0.049022,0.051057
2.6159e-12,0.049,0.051059
2.6883e-12,0.048976,0.051061
2.747e-12,0.048952,0.051061
2.7923e-12,0.048926,0.05106
2.8247e-12,0.048898,0.051058
2.8446e-12,0.04887,0.051055
2.8527e-12,0.048841,0.051051
2.8494e-12,0.048811,0.051046
2.8352e-12,0.048779,0.05104
2.8107e-12,0.048747,0.051033
2.7766e-12,0.048714,0.051026
2.7333e-12,0.04868,0.051018
2.6815e-12,0.048645,0.051009
2.6218e-12,0.048609,0.051
2.5548e-12,0.048573,0.050991
2.4811e-12,0.048536,0.050982
2.4013e-12,0.048499,0.050972
2.3159e-12,0.048461,0.050962
2.2256e-12,0.048423,0.050953
2.131e-12,0.048385,0.050943
2.0326e-12,0.048346,0.050934
1.9309e-12,0.048307,0.050925
1.8266e-12,0.048268,0.050917
1.7202e-12,0.04823,0.050909
1.6121e-12,0.048191,0.050902
1.5028e-12,0.048153,0.050896
1.3929e-12,0.048114,0.050891
1.2828e-12,0.048077,0.050887
1.1729e-12,0.04804,0.050884
1.0637e-12,0.048003,0.050883
9.555e-13,0.047967,0.050882
8.487e-13,0.047932,0.050884
7.4365e-13,0.047898,0.050886
6.4068e-13,0.047865,0.05089
5.4009e-13,0.047834,0.050896
4.4215e-13,0.047803,0.050904
3.4713e-13,0.047774,0.050913
2.5525e-13,0.047747,0.050924
1.6672e-13,0.047721,0.050937
8.1734e-14,0.047696,0.050952
4.47e-16,0.047674,0.050968
-7.6997e-14,0.047654,0.050987
-1.5048e-13,0.047635,0.051007
-2.1989e-13,0.047619,0.05103
-2.8517e-13,0.047605,0.051054
-3.4624e-13,0.047594,0.05108
-4.0307e-13,0.047585,0.051108
-4.5564e-13,0.047578,0.051138
-5.0394e-13,0.047574,0.051169
-5.4799e-13,0.047573,0.051203
-5.8781e-13,0.047574,0.051238
-6.2344e-13,0.047579,0.051274
-6.5495e-13,0.047586,0.051312
-6.8241e-13,0.047596,0.051352
-7.0589e-13,0.047609,0.051393
-7.255e-13,0.047625,0.051436
-7.4133e-13,0.047644,0.05148
-7.5351e-13,0.047666,0.051525
-7.6216e-13,0.04769,0.051571
-7.6741e-13,0.047718,0.051618
-7.6939e-13,0.047749,0.051667
-7.6827e-13,0.047783,0.051716
-7.6418e-13,0.047819,0.051766
-7.5728e-13,0.047859,0.051817
-7.4774e-13,0.047901,0.051869
-7.357e-13,0.047946,0.051921
-7.2135e-13,0.047993,0.051974
-7.0484e-13,0.048043,0.052028
-6.8634e-13,0.048095,0.052082
-6.6602e-13,0.048149,0.052136
-6.4405e-13,0.048206,0.052191
-6.2058e-13,0.048264,0.052246
-5.9579e-13,0.048324,0.052302
-5.6984e-13,0.048386,0.052357
-5.4288e-13,0.04845,0.052413
-5.1506e-13,0.048514,0.05247
-4.8655e-13,0.04858,0.052526
-4.5749e-13,0.048647,0.052583
-4.2802e-13,0.048714,0.052639
-3.9828e-13,0.048783,0.052696
-3.684e-13,0.048851,0.052753
-3.3851e-13,0.04892,0.05281
-3.0873e-13,0.048988,0.052868
-2.7918e-13,0.049057,0.052925
-2.4997e-13,0.049125,0.052982
-2.212e-13,0.049192,0.05304
-1.9297e-13,0.049259,0.053097
-1.6537e-13,0.049325,0.053155
-1.3848e-13,0.049389,0.053212
-1.1239e-13,0.049453,0.05327
-8.7156e-14,0.049514,0.053328
-6.2851e-14,0.049574,0.053386
-3.9532e-14,0.049633,0.053443
-1.725e-14,0.049689,0.053501
3.9491e-15,0.049743,0.053559
2.4028e-14,0.049795,0.053617
4.2952e-14,0.049845,0.053675
6.0696e-14,0.049892,0.053733
7.724e-14,0.049936,0.05379
9.2567e-14,0.049978,0.053848
1.0667e-13,0.050017,0.053905
1.1954e-13,0.050054,0.053962
1.3119e-13,0.050087,0.054019
1.4161e-13,0.050118,0.054076
1.5083e-13,0.050146,0.054132
1.5884e-13,0.05017,0.054187
1.6569e-13,0.050192,0.054242
1.7138e-13,0.050211,0.054297
1.7595e-13,0.050227,0.05435
1.7943e-13,0.050241,0.054403
1.8186e-13,0.050251,0.054455
1.8326e-13,0.050259,0.054505
1.8369e-13,0.050264,0.054555
1.8318e-13,0.050266,0.054602
1.8178e-13,0.050266,0.054649
1.7955e-13,0.050263,0.054694
1.7652e-13,0.050258,0.054737
1.7276e-13,0.050251,0.054778
1.683e-13,0.050242,0.054816
1.6322e-13,0.050231,0.054853
1.5755e-13,0.050218,0.054887
1.5137e-13,0.050203,0.054919
1.4472e-13,0.050187,0.054947
1.3765e-13,0.050169,0.054973
1.3024e-13,0.050151,0.054996
1.2252e-13,0.050131,0.055015
1.1457e-13,0.05011,0.055031
1.0642e-13,0.050088,0.055043
9.8145e-14,0.050066,0.055052
8.979e-14,0.050044,0.055057
8.1407e-14,0.050021,0.055057
7.3049e-14,0.049998,0.055054
6.4766e-14,0.049975,0.055047
5.6604e-14,0.049952,0.055035
4.8612e-14,0.049929,0.055019
4.0833e-14,0.049907,0.054998
3.331e-14,0.049885,0.054973
2.6085e-14,0.049864,0.054943
1.9194e-14,0.049844,0.054909
1.2676e-14,0.049825,0.05487
6.5626e-15,0.049806,0.054827
8.8636e-16,0.049789,0.054779
-4.3242e-15,0.049773,0.054727
-9.043e-15,0.049758,0.05467
-1.3246e-14,0.049744,0.05461
-1.6913e-14,0.049731,0.054544
-2.0026e-14,0.04972,0.054475
-2.257e-14,0.04971,0.054402
-2.4532e-14,0.049701,0.054326
-2.5903e-14,0.049694,0.054245
-2.6676e-14,0.049688,0.054162
-2.6848e-14,0.049684,0.054075
-2.6419e-14,0.049681,0.053986
-2.539e-14,0.049679,0.053893
-2.3767e-14,0.049679,0.053799
-2.1558e-14,0.04968,0.053702
-1.8775e-14,0.049682,0.053604
-1.543e-14,0.049685,0.053504
-1.1542e-14,0.04969,0.053403
-7.1294e-15,0.049695,0.053301
-2.2146e-15,0.049702,0.053199
3.177e-15,0.049709,0.053097
9.0179e-15,0.049717,0.052994
1.5278e-14,0.049727,0.052892
2.1924e-14,0.049736,0.052791
2.8921e-14,0.049747,0.052691
3.6233e-14,0.049757,0.052592
4.3818e-14,0.049769,0.052495
5.1635e-14,0.04978,0.0524
5.9641e-14,0.049792,0.052307
6.7791e-14,0.049804,0.052217
7.6036e-14,0.049816,0.05213
8.4328e-14,0.049828,0.052046
9.2616e-14,0.04984,0.051965
1.0085e-13,0.049851,0.051888
1.0898e-13,0.049863,0.051815
1.1694e-13,0.049874,0.051746
1.2469e-13,0.049884,0.051681
1.3216e-13,0.049894,0.05162
1.3931e-13,0.049903,0.051564
1.4608e-13,0.049912,0.051512
1.5241e-13,0.04992,0.051465
1.5824e-13,0.049927,0.051423
1.6353e-13,0.049933,0.051386
1.6821e-13,0.049938,0.051353
1.7223e-13,0.049943,0.051326
1.7555e-13,0.049946,0.051303
1.781e-13,0.049949,0.051286
1.7983e-13,0.04995,0.051273
1.8071e-13,0.049951,0.051265
1.8068e-13,0.04995,0.051262
1.797e-13,0.049948,0.051264
1.7773e-13,0.049946,0.05127
1.7473e-13,0.049942,0.051281
1.7066e-13,0.049937,0.051296
1.6549e-13,0.049932,0.051315
1.5919e-13,0.049925,0.051338
1.5174e-13,0.049918,0.051365
1.4312e-13,0.049909,0.051396
1.333e-13,0.0499,0.05143
1.2228e-13,0.04989,0.051468
1.1004e-13,0.049879,0.051508
9.6591e-14,0.049868,0.051552
8.1926e-14,0.049856,0.051598
6.6055e-14,0.049844,0.051647
4.8989e-14,0.049831,0.051698
3.0747e-14,0.049818,0.051751
1.1354e-14,0.049804,0.051805
-9.1619e-15,0.049791,0.051862
-3.0763e-14,0.049777,0.051919
-5.3408e-14,0.049763,0.051978
-7.7047e-14,0.049749,0.052038
-1.0163e-13,0.049735,0.052098
-1.2708e-13,0.049722,0.052159
-1.5335e-13,0.049709,0.05222
-1.8035e-13,0.049696,0.052281
-2.0801e-13,0.049683,0.052342
-2.3624e-13,0.049671,0.052403
-2.6494e-13,0.049659,0.052464
-2.9401e-13,0.049648,0.052523
-3.2335e-13,0.049637,0.052582
-3.5284e-13,0.049628,0.05264
-3.8237e-13,0.049618,0.052697
-4.1181e-13,0.04961,0.052753
-4.4104e-13,0.049602,0.052808
-4.6991e-13,0.049595,0.052861
-4.9829e-13,0.049589,0.052912
-5.2603e-13,0.049584,0.052962
-5.5299e-13,0.049579,0.053011
-5.7901e-13,0.049575,0.053057
-6.0394e-13,0.049572,0.053102
-6.2762e-13,0.04957,0.053145
-6.4988e-13,0.049569,0.053187
-6.7058e-13,0.049568,0.053226
-6.8953e-13,0.049567,0.053264
-7.0658e-13,0.049568,0.053299
-7.2155e-13,0.049569,0.053333
-7.343e-13,0.04957,0.053365
-7.4465e-13,0.049571,0.053395
-7.5244e-13,0.049573,0.053424
-7.5751e-13,0.049575,0.05345
-7.5971e-13,0.049578,0.053475
-7.5889e-13,0.04958,0.053499
-7.549e-13,0.049582,0.05352
-7.476e-13,0.049584,0.053541
-7.3686e-13,0.049586,0.053559
-7.2255e-13,0.049588,0.053577
-7.0456e-13,0.049589,0.053593
-6.8277e-13,0.049589,0.053608
-6.571e-13,0.049588,0.053622
-6.2744e-13,0.049587,0.053634
-5.9373e-13,0.049585,0.053646
-5.5591e-13,0.049582,0.053657
-5.1393e-13,0.049577,0.053667
-4.6775e-13,0.049572,0.053676
-4.1736e-13,0.049564,0.053685
-3.6276e-13,0.049556,0.053693
-3.0395e-13,0.049546,0.053701
-2.4098e-13,0.049534,0.053708
-1.7389e-13,0.04952,0.053715
-1.0276e-13,0.049504,0.053722
-2.7672e-14,0.049487,0.053729
5.1256e-14,0.049467,0.053735
1.3389e-13,0.049445,0.053742
2.2009e-13,0.049422,0.053748
3.0966e-13,0.049395,0.053755
4.0242e-13,0.049367,0.053762
4.9814e-13,0.049336,0.053769
5.9658e-13,0.049303,0.053776
6.9747e-13,0.049268,0.053784
8.0052e-13,0.04923,0.053792
9.0543e-13,0.04919,0.0538
1.0118e-12,0.049147,0.053808
1.1194e-12,0.049102,0.053817
1.2278e-12,0.049055,0.053827
1.3365e-12,0.049005,0.053837
1.4452e-12,0.048953,0.053847
1.5534e-12,0.048898,0.053858
1.6606e-12,0.048841,0.053869
1.7664e-12,0.048782,0.053881
1.8703e-12,0.048721,0.053893
1.9717e-12,0.048658,0.053906
2.0701e-12,0.048593,0.053919
2.165e-12,0.048525,0.053933
2.2558e-12,0.048456,0.053947
2.3419e-12,0.048386,0.053961
2.4228e-12,0.048313,0.053976
2.4979e-12,0.048239,0.053991
2.5666e-12,0.048163,0.054007
2.6282e-12,0.048087,0.054023
2.6823e-12,0.048008,0.054039
2.7281e-12,0.047929,0.054055
2.7652e-12,0.047849,0.054071
2.7928e-12,0.047768,0.054088
2.8106e-12,0.047686,0.054104
2.8178e-12,0.047604,0.054121
2.814e-12,0.047521,0.054137
2.7986e-12,0.047438,0.054154
2.7711e-12,0.047354,0.05417
2.731e-12,0.047271,0.054187
2.6779e-12,0.047188,0.054203
2.6113e-12,0.047105,0.054219
2.5309e-12,0.047023,0.054234
2.4362e-12,0.046941,0.05425
2.3271e-12,0.04686,0.054264
2.2031e-12,0.04678,0.054279
2.0641e-12,0.046701,0.054293
1.9099e-12,0.046623,0.054306
1.7404e-12,0.046547,0.054319
1.5555e-12,0.046472,0.054331
1.3551e-12,0.046399,0.054343
1.1395e-12,0.046327,0.054353
9.0853e-13,0.046258,0.054363
6.6255e-13,0.046191,0.054373
4.0177e-13,0.046126,0.054381
1.2651e-13,0.046063,0.054389
-1.6282e-13,0.046003,0.054396
-4.6576e-13,0.045946,0.054402
-7.8173e-13,0.045891,0.054407
-1.1101e-12,0.04584,0.054411
-1.4502e-12,0.045791,0.054414
-1.8011e-12,0.045746,0.054416
-2.1621e-12,0.045703,0.054417
-2.5321e-12,0.045664,0.054417
-2.91e-12,0.045629,0.054416
-3.2949e-12,0.045596,0.054414
-3.6853e-12,0.045568,0.054412
-4.0801e-12,0.045543,0.054408
-4.4778e-12,0.045521,0.054403
-4.877e-12,0.045503,0.054397
-5.2761e-12,0.045489,0.054391
-5.6736e-12,0.045478,0.054383
-6.0677e-12,0.045472,0.054375
-6.4566e-12,0.045469,0.054366
-6.8386e-12,0.045469,0.054356
-7.2118e-12,0.045473,0.054345
-7.5741e-12,0.045481,0.054334
-7.9237e-12,0.045493,0.054322
-8.2585e-12,0.045508,0.054309
-8.5763e-12,0.045526,0.054296
-8.8751e-12,0.045548,0.054282
-9.1527e-12,0.045573,0.054268
-9.407e-12,0.045602,0.054253
-9.6357e-12,0.045633,0.054238
-9.8368e-12,0.045668,0.054223
-1.0008e-11,0.045705,0.054207
-1.0147e-11,0.045746,0.054191
-1.0252e-11,0.045789,0.054175
-1.0321e-11,0.045835,0.054159
-1.0351e-11,0.045883,0.054143
-1.0341e-11,0.045934,0.054126
-1.0288e-11,0.045987,0.05411
-1.0192e-11,0.046042,0.054094
-1.0049e-11,0.046099,0.054078
-9.8591e-12,0.046158,0.054063
-9.6196e-12,0.046219,0.054047
-9.3294e-12,0.046282,0.054032
-8.9873e-12,0.046346,0.054018
-8.5919e-12,0.046412,0.054003
-8.1423e-12,0.046479,0.053989
-7.6377e-12,0.046547,0.053976
-7.0773e-12,0.046617,0.053963
-6.4607e-12,0.046687,0.053951
-5.7876e-12,0.046759,0.053939
-5.0579e-12,0.046831,0.053928
-4.2719e-12,0.046904,0.053917
-3.4299e-12,0.046978,0.053907
-2.5325e-12,0.047053,0.053898
-1.5807e-12,0.047128,0.05389
-5.7571e-13,0.047203,0.053882
4.8115e-13,0.047279,0.053875
1.5881e-12,0.047355,0.053868
2.7432e-12,0.047431,0.053862
3.944e-12,0.047507,0.053857
5.188e-12,0.047584,0.053853
6.4723e-12,0.04766,0.053849
7.7936e-12,0.047736,0.053846
9.1486e-12,0.047812,0.053844
1.0533e-11,0.047888,0.053842
1.1943e-11,0.047964,0.053841
1.3375e-11,0.048039,0.05384
1.4823e-11,0.048113,0.05384
1.6282e-11,0.048187,0.05384
1.7747e-11,0.04826,0.053841
1.9212e-11,0.048333,0.053842
2.0672e-11,0.048405,0.053844
2.2121e-11,0.048476,0.053846
2.3551e-11,0.048546,0.053848
2.4956e-11,0.048615,0.05385
2.633e-11,0.048683,0.053852
2.7665e-11,0.04875,0.053855
2.8953e-11,0.048815,0.053857
3.0188e-11,0.04888,0.05386
3.1362e-11,0.048942,0.053862
3.2467e-11,0.049004,0.053864
3.3495e-11,0.049063,0.053866
3.4438e-11,0.049121,0.053867
3.5288e-11,0.049178,0.053868
3.6037e-11,0.049232,0.053869
3.6678e-11,0.049284,0.053869
3.7202e-11,0.049335,0.053868
3.7601e-11,0.049383,0.053867
3.7867e-11,0.049429,0.053865
3.7994e-11,0.049473,0.053863
3.7974e-11,0.049514,0.05386
3.7798e-11,0.049553,0.053855
3.7462e-11,0.049589,0.05385
3.6957e-11,0.049623,0.053844
3.6278e-11,0.049654,0.053838
3.5419e-11,0.049682,0.05383
3.4374e-11,0.049708,0.053821
3.3139e-11,0.04973,0.053811
3.1709e-11,0.049749,0.0538
3.008e-11,0.049766,0.053788
2.825e-11,0.049779,0.053776
2.6215e-11,0.049789,0.053762
2.3974e-11,0.049796,0.053747
2.1526e-11,0.0498,0.053732
1.887e-11,0.0498,0.053715
1.6007e-11,0.049797,0.053698
1.2938e-11,0.049791,0.05368
9.6658e-12,0.049781,0.053662
6.1935e-12,0.049768,0.053643
2.5251e-12,0.049752,0.053623
-1.3341e-12,0.049733,0.053603
-5.3779e-12,0.04971,0.053583
-9.5992e-12,0.049684,0.053562
-1.3989e-11,0.049655,0.053541
-1.8539e-11,0.049622,0.05352
-2.3238e-11,0.049587,0.0535
-2.8075e-11,0.049548,0.053479
-3.3036e-11,0.049506,0.05346
-3.8107e-11,0.049462,0.05344
-4.3275e-11,0.049414,0.053421
-4.8521e-11,0.049363,0.053403
-5.383e-11,0.04931,0.053387
-5.9183e-11,0.049254,0.053371
-6.456e-11,0.049196,0.053356
-6.9941e-11,0.049135,0.053343
-7.5303e-11,0.049072,0.053331
-8.0626e-11,0.049007,0.053321
-8.5884e-11,0.048939,0.053313
-9.1054e-11,0.04887,0.053307
-9.6111e-11,0.048798,0.053303
-1.0103e-10,0.048725,0.053301
-1.0578e-10,0.04865,0.053302
-1.1033e-10,0.048574,0.053305
-1.1467e-10,0.048497,0.053311
-1.1875e-10,0.048418,0.05332
-1.2256e-10,0.048338,0.053331
-1.2606e-10,0.048257,0.053345
-1.2922e-10,0.048176,0.053363
-1.3201e-10,0.048093,0.053383
-1.344e-10,0.048011,0.053407
-1.3638e-10,0.047928,0.053434
-1.3789e-10,0.047845,0.053464
-1.3893e-10,0.047761,0.053497
-1.3945e-10,0.047678,0.053533
-1.3943e-10,0.047595,0.053573
-1.3885e-10,0.047513,0.053616
-1.3768e-10,0.047431,0.053662
-1.359e-10,0.04735,0.053712
-1.3348e-10,0.047269,0.053764
-1.304e-10,0.04719,0.053819
-1.2664e-10,0.047112,0.053878
-1.2218e-10,0.047035,0.053939
-1.1701e-10,0.046959,0.054003
-1.1111e-10,0.046885,0.054069
-1.0447e-10,0.046812,0.054138
-9.7085e-11,0.046741,0.054209
-8.8941e-11,0.046672,0.054283
-8.0037e-11,0.046605,0.054358
-7.037e-11,0.046539,0.054435
-5.9943e-11,0.046476,0.054514
-4.876e-11,0.046415,0.054594
-3.683e-11,0.046357,0.054675
-2.4163e-11,0.046301,0.054758
-1.0774e-11,0.046247,0.054841
3.3172e-12,0.046195,0.054924
1.8089e-11,0.046147,0.055008
3.3515e-11,0.0461,0.055093
4.9565e-11,0.046057,0.055177
6.6205e-11,0.046016,0.05526
8.3397e-11,0.045977,0.055343
1.011e-10,0.045942,0.055426
1.1926e-10,0.045909,0.055507
1.3784e-10,0.045878,0.055587
1.5677e-10,0.045851,0.055666
1.76e-10,0.045826,0.055743
1.9547e-10,0.045804,0.055818
2.151e-10,0.045784,0.055891
2.3484e-10,0.045768,0.055962
2.5459e-10,0.045753,0.056031
2.7429e-10,0.045742,0.056097
2.9385e-10,0.045733,0.05616
3.1318e-10,0.045726,0.05622
3.322e-10,0.045722,0.056278
3.5081e-10,0.045721,0.056332
3.6892e-10,0.045722,0.056383
3.8643e-10,0.045725,0.056431
4.0324e-10,0.045731,0.056475
4.1924e-10,0.045739,0.056516
4.3434e-10,0.045749,0.056553
4.4843e-10,0.045762,0.056587
4.6139e-10,0.045776,0.056617
4.7313e-10,0.045793,0.056643
4.8354e-10,0.045812,0.056666
4.925e-10,0.045832,0.056686
4.9991e-10,0.045855,0.056702
5.0566e-10,0.045879,0.056714
5.0966e-10,0.045906,0.056723
5.1178e-10,0.045934,0.056729
5.1195e-10,0.045964,0.056731
5.1005e-10,0.045995,0.056731
5.06e-10,0.046029,0.056727
4.997e-10,0.046064,0.056721
4.9106e-10,0.0461,0.056712
4.8002e-10,0.046138,0.0567
4.665e-10,0.046177,0.056686
4.5042e-10,0.046218,0.056669
4.3173e-10,0.04626,0.056651
4.1037e-10,0.046304,0.05663
3.863e-10,0.046348,0.056608
3.5948e-10,0.046394,0.056584
3.2989e-10,0.046441,0.056558
2.9751e-10,0.04649,0.056532
2.6233e-10,0.046539,0.056504
2.2436e-10,0.046589,0.056476
1.8361e-10,0.04664,0.056446
1.4011e-10,0.046692,0.056417
9.3905e-11,0.046745,0.056386
4.5043e-11,0.046798,0.056356
-6.4063e-12,0.046852,0.056326
-6.0364e-11,0.046907,0.056295
-1.1673e-10,0.046962,0.056265
-1.7541e-10,0.047017,0.056236
-2.3626e-10,0.047073,0.056207
-2.9916e-10,0.047129,0.056178
-3.6394e-10,0.047185,0.05615
-4.3044e-10,0.047241,0.056123
-4.9847e-10,0.047297,0.056098
-5.6784e-10,0.047352,0.056073
-6.3833e-10,0.047408,0.056049
-7.0971e-10,0.047463,0.056027
-7.8173e-10,0.047518,0.056006
-8.5414e-10,0.047572,0.055986
-9.2666e-10,0.047626,0.055968
-9.99e-10,0.047678,0.055951
-1.0709e-09,0.04773,0.055935
-1.1419e-09,0.047781,0.055921
-1.2119e-09,0.047831,0.055908
-1.2804e-09,0.04788,0.055897
-1.3471e-09,0.047927,0.055887
-1.4116e-09,0.047974,0.055879
-1.4736e-09,0.048018,0.055872
-1.5327e-09,0.048062,0.055866
-1.5885e-09,0.048103,0.055862
-1.6407e-09,0.048143,0.055859
-1.6887e-09,0.048182,0.055858
-1.7323e-09,0.048218,0.055857
-1.7711e-09,0.048253,0.055858
-1.8046e-09,0.048285,0.055859
-1.8324e-09,0.048316,0.055862
-1.8542e-09,0.048345,0.055866
-1.8696e-09,0.048372,0.05587
-1.8782e-09,0.048396,0.055875
-1.8796e-09,0.048419,0.055881
-1.8735e-09,0.048439,0.055888
-1.8595e-09,0.048457,0.055895
-1.8373e-09,0.048473,0.055903
-1.8065e-09,0.048487,0.055911
-1.767e-09,0.048499,0.055919
-1.7183e-09,0.048508,0.055927
-1.6603e-09,0.048515,0.055936
-1.5928e-09,0.048521,0.055944
-1.5155e-09,0.048524,0.055953
-1.4282e-09,0.048525,0.055962
-1.3309e-09,0.048524,0.05597
-1.2234e-09,0.048522,0.055978
-1.1056e-09,0.048517,0.055986
-9.776e-10,0.048511,0.055993
-8.3932e-10,0.048503,0.056
-6.9084e-10,0.048493,0.056007
-5.3226e-10,0.048482,0.056012
-3.6372e-10,0.048469,0.056018
-1.8541e-10,0.048455,0.056022
2.4335e-12,0.048439,0.056026
1.9952e-10,0.048423,0.056029
4.055e-10,0.048405,0.056031
6.1998e-10,0.048386,0.056033
8.4251e-10,0.048367,0.056033
1.0726e-09,0.048346,0.056033
1.3097e-09,0.048325,0.056032
1.5531e-09,0.048304,0.056029
1.8023e-09,0.048281,0.056026
2.0565e-09,0.048259,0.056022
2.3148e-09,0.048236,0.056017
2.5765e-09,0.048214,0.056011
2.8407e-09,0.048191,0.056005
3.1064e-09,0.048168,0.055997
3.3726e-09,0.048145,0.055989
3.6383e-09,0.048123,0.055979
3.9023e-09,0.048101,0.05597
4.1636e-09,0.04808,0.055959
4.4209e-09,0.048059,0.055948
4.673e-09,0.048039,0.055936
4.9187e-09,0.04802,0.055923
5.1565e-09,0.048002,0.05591
5.3852e-09,0.047984,0.055897
5.6034e-09,0.047968,0.055884
5.8096e-09,0.047953,0.05587
6.0025e-09,0.047939,0.055856
6.1807e-09,0.047926,0.055842
6.3426e-09,0.047915,0.055829
6.4869e-09,0.047905,0.055815
6.612e-09,0.047897,0.055802
6.7165e-09,0.04789,0.055789
6.7991e-09,0.047885,0.055776
6.8582e-09,0.047881,0.055764
6.8925e-09,0.047879,0.055753
6.9006e-09,0.047879,0.055742
6.8812e-09,0.047881,0.055732
6.833e-09,0.047885,0.055724
6.7548e-09,0.04789,0.055716
6.6455e-09,0.047897,0.055709
6.5039e-09,0.047906,0.055704
6.329e-09,0.047917,0.0557
6.1199e-09,0.04793,0.055698
5.8758e-09,0.047944,0.055697
5.5959e-09,0.047961,0.055698
5.2796e-09,0.047979,0.0557
4.9263e-09,0.047999,0.055704
4.5358e-09,0.048021,0.05571
4.1077e-09,0.048044,0.055718
3.6418e-09,0.048069,0.055728
3.1384e-09,0.048095,0.05574
2.5974e-09,0.048123,0.055755
2.0193e-09,0.048153,0.055771
1.4046e-09,0.048183,0.055789
7.539e-10,0.048215,0.05581
6.8137e-11,0.048249,0.055833
-6.5167e-10,0.048283,0.055858
-1.4043e-09,0.048319,0.055885
-2.1883e-09,0.048355,0.055915
-3.002e-09,0.048392,0.055947
-3.8437e-09,0.04843,0.055981
-4.7113e-09,0.048469,0.056017
-5.6025e-09,0.048508,0.056056
-6.515e-09,0.048548,0.056096
-7.4461e-09,0.048589,0.056139
-8.3929e-09,0.048629,0.056183
-9.3524e-09,0.04867,0.05623
-1.0321e-08,0.048711,0.056278
-1.1296e-08,0.048751,0.056328
-1.2273e-08,0.048792,0.05638
-1.3249e-08,0.048833,0.056433
-1.4219e-08,0.048873,0.056488
-1.518e-08,0.048913,0.056544
-1.6126e-08,0.048953,0.056601
-1.7054e-08,0.048992,0.056659
-1.7958e-08,0.049031,0.056718
-1.8834e-08,0.049069,0.056777
-1.9678e-08,0.049106,0.056838
-2.0483e-08,0.049143,0.056898
-2.1245e-08,0.049179,0.05696
-2.1959e-08,0.049214,0.057021
-2.2619e-08,0.049248,0.057082
-2.322e-08,0.049281,0.057143
-2.3757e-08,0.049313,0.057204
-2.4224e-08,0.049344,0.057264
-2.4616e-08,0.049373,0.057323
-2.4928e-08,0.049402,0.057382
-2.5155e-08,0.049429,0.05744
-2.5291e-08,0.049456,0.057496
-2.5331e-08,0.049481,0.057552
-2.5271e-08,0.049504,0.057606
-2.5106e-08,0.049527,0.057658
-2.4831e-08,0.049548,0.057709
-2.4442e-08,0.049567,0.057758
-2.3935e-08,0.049585,0.057804
-2.3307e-08,0.049602,0.057849
-2.2553e-08,0.049618,0.057892
-2.1671e-08,0.049631,0.057932
-2.0657e-08,0.049644,0.05797
-1.9511e-08,0.049655,0.058006
-1.8229e-08,0.049664,0.058039
-1.681e-08,0.049672,0.058069
-1.5253e-08,0.049678,0.058097
-1.3558e-08,0.049683,0.058122
-1.1725e-08,0.049687,0.058144
-9.7536e-09,0.049688,0.058163
-7.6461e-09,0.049689,0.05818
-5.4037e-09,0.049688,0.058193
-3.0292e-09,0.049685,0.058204
-5.2537e-10,0.049681,0.058211
2.1038e-09,0.049675,0.058216
4.854e-09,0.049668,0.058218
7.72e-09,0.049659,0.058217
1.0696e-08,0.049649,0.058212
1.3775e-08,0.049638,0.058205
1.695e-08,0.049625,0.058195
2.0213e-08,0.049611,0.058183
2.3555e-08,0.049595,0.058167
2.6967e-08,0.049579,0.058149
3.0437e-08,0.049561,0.058127
3.3955e-08,0.049542,0.058104
3.7509e-08,0.049522,0.058077
4.1087e-08,0.0495,0.058048
4.4674e-08,0.049478,0.058017
4.8257e-08,0.049455,0.057983
5.1822e-08,0.04943,0.057947
5.5353e-08,0.049405,0.057908
5.8834e-08,0.049379,0.057868
6.2248e-08,0.049352,0.057825
6.5579e-08,0.049325,0.05778
6.8809e-08,0.049297,0.057733
7.1919e-08,0.049268,0.057685
7.4892e-08,0.049239,0.057634
7.7709e-08,0.049209,0.057582
8.035e-08,0.049179,0.057528
8.2796e-08,0.049149,0.057473
8.5028e-08,0.049118,0.057417
8.7025e-08,0.049087,0.057359
8.877e-08,0.049056,0.057299
9.0241e-08,0.049025,0.057239
9.142e-08,0.048994,0.057178
9.2287e-08,0.048963,0.057115
9.2824e-08,0.048932,0.057052
9.3012e-08,0.048902,0.056988
9.2833e-08,0.048871,0.056923
9.227e-08,0.048841,0.056858
9.1306e-08,0.048811,0.056792
8.9925e-08,0.048781,0.056726
8.8113e-08,0.048752,0.056659
8.5855e-08,0.048723,0.056592
8.3139e-08,0.048694,0.056525
7.9952e-08,0.048667,0.056458
7.6286e-08,0.048639,0.056391
7.213e-08,0.048612,0.056324
6.7478e-08,0.048586,0.056257
6.2325e-08,0.048561,0.05619
5.6665e-08,0.048536,0.056123
5.0497e-08,0.048511,0.056057
4.3821e-08,0.048488,0.055991
3.6639e-08,0.048465,0.055926
2.8956e-08,0.048443,0.055861
2.0776e-08,0.048421,0.055797
1.211e-08,0.048401,0.055733
2.9676e-09,0.048381,0.05567
-6.6371e-09,0.048362,0.055608
-1.6688e-08,0.048344,0.055547
-2.7167e-08,0.048327,0.055487
-3.8052e-08,0.04831,0.055427
-4.932e-08,0.048294,0.055369
-6.0944e-08,0.04828,0.055312
-7.2894e-08,0.048266,0.055256
-8.5138e-08,0.048252,0.055201
-9.7641e-08,0.04824,0.055148
-1.1037e-07,0.048229,0.055096
-1.2327e-07,0.048218,0.055045
-1.3631e-07,0.048209,0.054996
-1.4945e-07,0.0482,0.054948
-1.6263e-07,0.048192,0.054902
-1.758e-07,0.048185,0.054858
-1.8891e-07,0.048179,0.054815
-2.019e-07,0.048174,0.054774
-2.1472e-07,0.048169,0.054735
-2.273e-07,0.048166,0.054698
-2.3958e-07,0.048163,0.054662
-2.515e-07,0.048162,0.054629
-2.6299e-07,0.048161,0.054598
-2.7398e-07,0.048161,0.054569
-2.8441e-07,0.048161,0.054542
-2.9421e-07,0.048163,0.054517
-3.033e-07,0.048165,0.054495
-3.1161e-07,0.048169,0.054474
-3.1908e-07,0.048173,0.054457
-3.2562e-07,0.048177,0.054441
-3.3118e-07,0.048183,0.054428
-3.3567e-07,0.048189,0.054417
-3.3903e-07,0.048196,0.054409
-3.4118e-07,0.048204,0.054403
-3.4207e-07,0.048213,0.054399
-3.4162e-07,0.048222,0.054398
-3.3977e-07,0.048232,0.054399
-3.3646e-07,0.048242,0.054403
-3.3163e-07,0.048253,0.054409
-3.2523e-07,0.048265,0.054417
-3.172e-07,0.048277,0.054428
-3.075e-07,0.04829,0.054441
-2.9608e-07,0.048303,0.054457
-2.8292e-07,0.048317,0.054474
-2.6796e-07,0.048331,0.054494
-2.512e-07,0.048346,0.054516
-2.326e-07,0.048361,0.05454
-2.1215e-07,0.048376,0.054566
-1.8984e-07,0.048392,0.054593
-1.6568e-07,0.048408,0.054623
-1.3967e-07,0.048424,0.054654
-1.1182e-07,0.04844,0.054687
-8.2162e-08,0.048457,0.054721
-5.0721e-08,0.048473,0.054757
-1.7539e-08,0.04849,0.054794
1.7336e-08,0.048506,0.054832
5.3844e-08,0.048523,0.054871
9.1918e-08,0.048539,0.054912
1.3148e-07,0.048556,0.054953
1.7244e-07,0.048572,0.054995
2.1471e-07,0.048588,0.055037
2.5817e-07,0.048603,0.05508
3.0271e-07,0.048619,0.055123
3.482e-07,0.048634,0.055167
3.945e-07,0.048648,0.055211
4.4147e-07,0.048662,0.055255
4.8894e-07,0.048676,0.055298
5.3675e-07,0.048689,0.055342
5.8471e-07,0.048701,0.055385
6.3265e-07,0.048713,0.055428
6.8037e-07,0.048724,0.055471
7.2765e-07,0.048734,0.055513
7.7429e-07,0.048744,0.055554
8.2007e-07,0.048753,0.055595
8.6476e-07,0.048761,0.055634
9.0811e-07,0.048769,0.055673
9.499e-07,0.048775,0.055711
9.8986e-07,0.048781,0.055748
1.0278e-06,0.048786,0.055784
1.0633e-06,0.04879,0.055819
1.0963e-06,0.048794,0.055854
1.1264e-06,0.048796,0.055886
1.1534e-06,0.048798,0.055918
1.1771e-06,0.048799,0.055949
1.1971e-06,0.0488,0.055979
1.2132e-06,0.048799,0.056008
1.2251e-06,0.048799,0.056036
1.2326e-06,0.048797,0.056063
1.2355e-06,0.048795,0.056089
1.2334e-06,0.048793,0.056115
1.2262e-06,0.04879,0.056139
1.2137e-06,0.048787,0.056163
1.1955e-06,0.048784,0.056187
1.1716e-06,0.04878,0.05621
1.1417e-06,0.048777,0.056233
1.1057e-06,0.048773,0.056255
1.0634e-06,0.04877,0.056277
1.0146e-06,0.048767,0.056299
9.5925e-07,0.048764,0.056321
8.9726e-07,0.048761,0.056343
8.2853e-07,0.048759,0.056365
7.5301e-07,0.048757,0.056388
6.7068e-07,0.048756,0.056411
5.8153e-07,0.048756,0.056434
4.8559e-07,0.048756,0.056459
3.8292e-07,0.048758,0.056483
2.736e-07,0.04876,0.056509
1.5776e-07,0.048763,0.056535
3.5535e-08,0.048767,0.056562
-9.2878e-08,0.048773,0.056591
-2.2726e-07,0.048779,0.05662
-3.6736e-07,0.048787,0.05665
-5.1288e-07,0.048796,0.056682
-6.6349e-07,0.048806,0.056714
-8.1883e-07,0.048818,0.056748
-9.7849e-07,0.048831,0.056783
-1.142e-06,0.048845,0.056819
-1.3089e-06,0.04886,0.056856
-1.4787e-06,0.048877,0.056895
-1.6508e-06,0.048895,0.056934
-1.8246e-06,0.048914,0.056975
-1.9995e-06,0.048934,0.057017
-2.1747e-06,0.048956,0.05706
-2.3496e-06,0.048978,0.057104
-2.5235e-06,0.049002,0.057149
-2.6955e-06,0.049027,0.057194
-2.8648e-06,0.049053,0.057241
-3.0306e-06,0.049079,0.057288
-3.192e-06,0.049107,0.057336
-3.3481e-06,0.049135,0.057384
-3.4979e-06,0.049164,0.057433
-3.6405e-06,0.049193,0.057482
-3.775e-06,0.049223,0.057531
-3.9002e-06,0.049253,0.05758
-4.0152e-06,0.049283,0.05763
-4.1189e-06,0.049314,0.057679
-4.2104e-06,0.049344,0.057727
-4.2885e-06,0.049375,0.057776
-4.3522e-06,0.049405,0.057823
-4.4005e-06,0.049435,0.057871
-4.4322e-06,0.049464,0.057917
-4.4464e-06,0.049493,0.057962
-4.4421e-06,0.049521,0.058006
-4.4181e-06,0.049548,0.058049
-4.3736e-06,0.049574,0.058091
-4.3075e-06,0.049599,0.058132
-4.2189e-06,0.049623,0.05817
-4.107e-06,0.049645,0.058208
-3.9708e-06,0.049666,0.058243
-3.8095e-06,0.049685,0.058276
-3.6224e-06,0.049703,0.058308
-3.4087e-06,0.049718,0.058337
-3.1678e-06,0.049732,0.058365
-2.8991e-06,0.049744,0.05839
-2.6021e-06,0.049753,0.058413
-2.2763e-06,0.049761,0.058433
-1.9213e-06,0.049765,0.058451
-1.5369e-06,0.049768,0.058467
-1.1228e-06,0.049768,0.05848
-6.7893e-07,0.049765,0.058491
-2.0529e-07,0.04976,0.058499
2.9807e-07,0.049751,0.058505
8.3097e-07,0.04974,0.058507
1.3931e-06,0.049727,0.058508
1.9841e-06,0.04971,0.058506
2.6035e-06,0.04969,0.058501
3.2507e-06,0.049668,0.058494
3.9248e-06,0.049642,0.058484
4.6251e-06,0.049614,0.058472
5.3507e-06,0.049583,0.058457
6.1004e-06,0.049548,0.05844
6.8731e-06,0.049511,0.058421
7.6674e-06,0.049471,0.0584
8.4819e-06,0.049428,0.058376
9.3151e-06,0.049382,0.05835
1.0165e-05,0.049334,0.058323
1.1031e-05,0.049283,0.058293
1.191e-05,0.049229,0.058262
1.28e-05,0.049173,0.058229
1.37e-05,0.049115,0.058195
1.4607e-05,0.049054,0.058159
1.5519e-05,0.048991,0.058121
1.6434e-05,0.048926,0.058083
1.7349e-05,0.048859,0.058043
1.8261e-05,0.04879,0.058003
1.917e-05,0.04872,0.057961
2.007e-05,0.048648,0.057919
2.0961e-05,0.048575,0.057877
2.184e-05,0.048501,0.057834
2.2703e-05,0.048425,0.05779
2.3549e-05,0.048349,0.057747
2.4374e-05,0.048273,0.057703
2.5176e-05,0.048195,0.05766
2.5952e-05,0.048118,0.057616
2.67e-05,0.04804,0.057574
2.7417e-05,0.047963,0.057531
2.8101e-05,0.047886,0.057489
2.875e-05,0.047809,0.057448
2.936e-05,0.047733,0.057408
2.9931e-05,0.047658,0.057369
3.0459e-05,0.047584,0.057331
3.0943e-05,0.047511,0.057294
3.1381e-05,0.04744,0.057258
3.1772e-05,0.04737,0.057224
3.2114e-05,0.047302,0.057191
3.2405e-05,0.047235,0.05716
3.2645e-05,0.047171,0.057131
3.2833e-05,0.04711,0.057103
3.2967e-05,0.04705,0.057077
3.3048e-05,0.046994,0.057053
3.3075e-05,0.04694,0.057031
3.3048e-05,0.046888,0.057011
3.2967e-05,0.04684,0.056993
3.2833e-05,0.046795,0.056977
3.2645e-05,0.046753,0.056964
3.2405e-05,0.046715,0.056952
3.2114e-05,0.04668,0.056943
3.1772e-05,0.046649,0.056936
3.1381e-05,0.046621,0.056931
3.0943e-05,0.046597,0.056928
3.0459e-05,0.046576,0.056928
2.9931e-05,0.04656,0.05693
2.936e-05,0.046547,0.056934
2.875e-05,0.046538,0.05694
2.8101e-05,0.046533,0.056948
2.7417e-05,0.046532,0.056958
2.67e-05,0.046535,0.05697
2.5952e-05,0.046542,0.056985
2.5176e-05,0.046552,0.057001
2.4374e-05,0.046567,0.057019
2.3549e-05,0.046585,0.057039
2.2703e-05,0.046608,0.05706
2.184e-05,0.046634,0.057083
2.0961e-05,0.046663,0.057108
2.007e-05,0.046697,0.057134
1.917e-05,0.046734,0.057161
1.8261e-05,0.046774,0.05719
1.7349e-05,0.046817,0.05722
1.6434e-05,0.046864,0.05725
1.5519e-05,0.046914,0.057282
1.4607e-05,0.046968,0.057314
1.37e-05,0.047024,0.057347
1.28e-05,0.047082,0.05738
1.191e-05,0.047144,0.057414
1.1031e-05,0.047207,0.057448
1.0165e-05,0.047273,0.057482
9.3151e-06,0.047342,0.057516
8.4819e-06,0.047412,0.05755
7.6674e-06,0.047484,0.057584
6.8731e-06,0.047558,0.057617
6.1004e-06,0.047633,0.05765
5.3507e-06,0.047709,0.057682
4.6251e-06,0.047787,0.057713
3.9248e-06,0.047866,0.057744
3.2507e-06,0.047945,0.057773
2.6035e-06,0.048025,0.057802
1.9841e-06,0.048105,0.057829
1.3931e-06,0.048185,0.057855
8.3097e-07,0.048266,0.05788
2.9807e-07,0.048346,0.057904
-2.0529e-07,0.048426,0.057926
-6.7893e-07,0.048505,0.057946
-1.1228e-06,0.048583,0.057965
-1.5369e-06,0.048661,0.057983
-1.9213e-06,0.048737,0.057998
-2.2763e-06,0.048813,0.058012
-2.6021e-06,0.048887,0.058025
-2.8991e-06,0.048959,0.058036
-3.1678e-06,0.04903,0.058045
-3.4087e-06,0.049098,0.058052
-3.6224e-06,0.049165,0.058058
-3.8095e-06,0.04923,0.058062
-3.9708e-06,0.049292,0.058064
-4.107e-06,0.049352,0.058065
-4.2189e-06,0.04941,0.058064
-4.3075e-06,0.049465,0.058062
-4.3736e-06,0.049517,0.058059
-4.4181e-06,0.049566,0.058054
-4.4421e-06,0.049613,0.058048
-4.4464e-06,0.049657,0.058041
-4.4322e-06,0.049698,0.058033
-4.4005e-06,0.049736,0.058024
-4.3522e-06,0.049771,0.058014
-4.2885e-06,0.049803,0.058003
-4.2104e-06,0.049832,0.057992
-4.1189e-06,0.049858,0.05798
-4.0152e-06,0.04988,0.057968
-3.9002e-06,0.0499,0.057956
-3.775e-06,0.049917,0.057944
-3.6405e-06,0.049931,0.057932
-3.4979e-06,0.049942,0.05792
-3.3481e-06,0.04995,0.057908
-3.192e-06,0.049955,0.057897
-3.0306e-06,0.049957,0.057887
-2.8648e-06,0.049957,0.057877
-2.6955e-06,0.049954,0.057869
-2.5235e-06,0.049949,0.057861
-2.3496e-06,0.049941,0.057855
-2.1747e-06,0.049931,0.05785
-1.9995e-06,0.049918,0.057846
-1.8246e-06,0.049904,0.057844
-1.6508e-06,0.049887,0.057844
-1.4787e-06,0.049868,0.057846
-1.3089e-06,0.049848,0.057849
-1.142e-06,0.049826,0.057855
-9.7849e-07,0.049802,0.057863
-8.1883e-07,0.049777,0.057873
-6.6349e-07,0.04975,0.057885
-5.1288e-07,0.049722,0.0579
-3.6736e-07,0.049693,0.057917
-2.2726e-07,0.049662,0.057937
-9.2878e-08,0.049631,0.057959
3.5535e-08,0.049599,0.057984
1.5776e-07,0.049566,0.058012
2.736e-07,0.049533,0.058042
3.8292e-07,0.049499,0.058075
4.8559e-07,0.049465,0.05811
5.8153e-07,0.04943,0.058148
6.7068e-07,0.049395,0.058189
7.5301e-07,0.04936,0.058232
8.2853e-07,0.049325,0.058278
8.9726e-07,0.04929,0.058326
9.5925e-07,0.049255,0.058377
1.0146e-06,0.04922,0.05843
1.0634e-06,0.049186,0.058485
1.1057e-06,0.049151,0.058542
1.1417e-06,0.049118,0.058601
1.1716e-06,0.049084,0.058662
1.1955e-06,0.049051,0.058725
1.2137e-06,0.049019,0.05879
1.2262e-06,0.048987,0.058856
1.2334e-06,0.048956,0.058923
1.2355e-06,0.048926,0.058992
1.2326e-06,0.048896,0.059061
1.2251e-06,0.048868,0.059132
1.2132e-06,0.04884,0.059203
1.1971e-06,0.048812,0.059275
1.1771e-06,0.048786,0.059347
1.1534e-06,0.048761,0.05942
1.1264e-06,0.048736,0.059492
1.0963e-06,0.048713,0.059565
1.0633e-06,0.04869,0.059637
1.0278e-06,0.048668,0.059708
9.8986e-07,0.048648,0.059779
9.499e-07,0.048628,0.05985
9.0811e-07,0.048609,0.059919
8.6476e-07,0.048592,0.059987
8.2007e-07,0.048575,0.060054
7.7429e-07,0.048559,0.060119
7.2765e-07,0.048544,0.060183
6.8037e-07,0.04853,0.060245
6.3265e-07,0.048517,0.060305
5.8471e-07,0.048506,0.060364
5.3675e-07,0.048494,0.06042
4.8894e-07,0.048484,0.060474
4.4147e-07,0.048475,0.060525
3.945e-07,0.048467,0.060574
3.482e-07,0.048459,0.060621
3.0271e-07,0.048452,0.060665
2.5817e-07,0.048447,0.060707
2.1471e-07,0.048441,0.060745
1.7244e-07,0.048437,0.060781
1.3148e-07,0.048433,0.060815
9.1918e-08,0.04843,0.060845
5.3844e-08,0.048428,0.060872
1.7336e-08,0.048426,0.060897
-1.7539e-08,0.048424,0.060918
-5.0721e-08,0.048424,0.060937
-8.2162e-08,0.048423,0.060953
-1.1182e-07,0.048423,0.060966
-1.3967e-07,0.048424,0.060976
-1.6568e-07,0.048425,0.060983
-1.8984e-07,0.048426,0.060988
-2.1215e-07,0.048427,0.06099
-2.326e-07,0.048428,0.060989
-2.512e-07,0.04843,0.060985
-2.6796e-07,0.048432,0.060979
-2.8292e-07,0.048434,0.060971
-2.9608e-07,0.048436,0.06096
-3.075e-07,0.048438,0.060946
-3.172e-07,0.04844,0.060931
-3.2523e-07,0.048442,0.060913
-3.3163e-07,0.048444,0.060893
-3.3646e-07,0.048445,0.060872
-3.3977e-07,0.048447,0.060848
-3.4162e-07,0.048448,0.060823
-3.4207e-07,0.048449,0.060796
-3.4118e-07,0.04845,0.060767
-3.3903e-07,0.048451,0.060737
-3.3567e-07,0.048451,0.060706
-3.3118e-07,0.048452,0.060674
-3.2562e-07,0.048452,0.060641
-3.1908e-07,0.048451,0.060607
-3.1161e-07,0.048451,0.060572
-3.033e-07,0.04845,0.060536
-2.9421e-07,0.048448,0.0605
-2.8441e-07,0.048447,0.060463
-2.7398e-07,0.048445,0.060426
-2.6299e-07,0.048443,0.060389
-2.515e-07,0.048441,0.060352
-2.3958e-07,0.048439,0.060316
-2.273e-07,0.048436,0.060279
-2.1472e-07,0.048433,0.060243
-2.019e-07,0.04843,0.060207
-1.8891e-07,0.048427,0.060171
-1.758e-07,0.048424,0.060137
-1.6263e-07,0.04842,0.060103
-1.4945e-07,0.048417,0.06007
-1.3631e-07,0.048413,0.060038
-1.2327e-07,0.04841,0.060007
-1.1037e-07,0.048406,0.059977
-9.7641e-08,0.048403,0.059948
-8.5138e-08,0.048399,0.059921
-7.2894e-08,0.048395,0.059895
-6.0944e-08,0.048392,0.05987
-4.932e-08,0.048388,0.059847
-3.8052e-08,0.048385,0.059825
-2.7167e-08,0.048381,0.059805
-1.6688e-08,0.048378,0.059786
-6.6371e-09,0.048375,0.059769
2.9676e-09,0.048372,0.059753
1.211e-08,0.048368,0.059739
2.0776e-08,0.048365,0.059727
2.8956e-08,0.048362,0.059716
3.6639e-08,0.048359,0.059707
4.3821e-08,0.048356,0.059699
5.0497e-08,0.048353,0.059692
5.6665e-08,0.048349,0.059688
6.2325e-08,0.048346,0.059684
6.7478e-08,0.048343,0.059682
7.213e-08,0.048339,0.059681
7.6286e-08,0.048335,0.059682
7.9952e-08,0.048331,0.059684
8.3139e-08,0.048327,0.059687
8.5855e-08,0.048322,0.059691
8.8113e-08,0.048317,0.059695
8.9925e-08,0.048312,0.059701
9.1306e-08,0.048306,0.059708
9.227e-08,0.0483,0.059715
9.2833e-08,0.048293,0.059723
9.3012e-08,0.048286,0.059732
9.2824e-08,0.048278,0.059741
9.2287e-08,0.04827,0.05975
9.142e-08,0.048261,0.05976
9.0241e-08,0.048251,0.05977
8.877e-08,0.048241,0.05978
8.7025e-08,0.048229,0.05979
8.5028e-08,0.048217,0.0598
8.2796e-08,0.048205,0.05981
8.035e-08,0.048192,0.059819
7.7709e-08,0.048177,0.059828
7.4892e-08,0.048163,0.059837
7.1919e-08,0.048147,0.059846
6.8809e-08,0.048131,0.059854
6.5579e-08,0.048113,0.059861
6.2248e-08,0.048096,0.059867
5.8834e-08,0.048077,0.059873
5.5353e-08,0.048058,0.059879
5.1822e-08,0.048038,0.059883
4.8257e-08,0.048018,0.059887
4.4674e-08,0.047997,0.05989
4.1087e-08,0.047976,0.059892
3.7509e-08,0.047954,0.059893
3.3955e-08,0.047932,0.059893
3.0437e-08,0.04791,0.059892
2.6967e-08,0.047887,0.059891
2.3555e-08,0.047864,0.059888
2.0213e-08,0.047841,0.059885
1.695e-08,0.047818,0.059881
1.3775e-08,0.047795,0.059876
1.0696e-08,0.047771,0.05987
7.72e-09,0.047748,0.059864
4.854e-09,0.047725,0.059857
2.1038e-09,0.047702,0.059849
-5.2537e-10,0.04768,0.059841
-3.0292e-09,0.047657,0.059832
-5.4037e-09,0.047635,0.059822
-7.6461e-09,0.047613,0.059812
-9.7536e-09,0.047592,0.059802
-1.1725e-08,0.047571,0.059791
-1.3558e-08,0.047551,0.05978
-1.5253e-08,0.047531,0.059769
-1.681e-08,0.047512,0.059757
-1.8229e-08,0.047493,0.059745
-1.9511e-08,0.047475,0.059734
-2.0657e-08,0.047458,0.059722
-2.1671e-08,0.047441,0.05971
-2.2553e-08,0.047425,0.059698
-2.3307e-08,0.047409,0.059686
-2.3935e-08,0.047394,0.059675
-2.4442e-08,0.04738,0.059663
-2.4831e-08,0.047367,0.059652
-2.5106e-08,0.047354,0.059641
-2.5271e-08,0.047342,0.05963
-2.5331e-08,0.04733,0.05962
-2.5291e-08,0.047319,0.05961
-2.5155e-08,0.047309,0.0596
-2.4928e-08,0.0473,0.059591
-2.4616e-08,0.047291,0.059582
-2.4224e-08,0.047283,0.059574
-2.3757e-08,0.047276,0.059566
-2.322e-08,0.047269,0.059558
-2.2619e-08,0.047263,0.059551
-2.1959e-08,0.047258,0.059545
-2.1245e-08,0.047253,0.059538
-2.0483e-08,0.04725,0.059533
-1.9678e-08,0.047246,0.059528
-1.8834e-08,0.047244,0.059523
-1.7958e-08,0.047242,0.059519
-1.7054e-08,0.047241,0.059515
-1.6126e-08,0.047241,0.059512
-1.518e-08,0.047241,0.059509
-1.4219e-08,0.047243,0.059506
-1.3249e-08,0.047244,0.059504
-1.2273e-08,0.047247,0.059502
-1.1296e-08,0.047251,0.059501
-1.0321e-08,0.047255,0.0595
-9.3524e-09,0.04726,0.059499
-8.3929e-09,0.047266,0.059498
-7.4461e-09,0.047272,0.059498
-6.515e-09,0.04728,0.059497
-5.6025e-09,0.047288,0.059497
-4.7113e-09,0.047297,0.059497
-3.8437e-09,0.047307,0.059497
-3.002e-09,0.047318,0.059497
-2.1883e-09,0.04733,0.059497
-1.4043e-09,0.047342,0.059497
-6.5167e-10,0.047356,0.059497
6.8137e-11,0.04737,0.059497
7.539e-10,0.047385,0.059497
1.4046e-09,0.047402,0.059496
2.0193e-09,0.047419,0.059496
2.5974e-09,0.047436,0.059495
3.1384e-09,0.047455,0.059494
3.6418e-09,0.047475,0.059492
4.1077e-09,0.047495,0.05949
4.5358e-09,0.047516,0.059488
4.9263e-09,0.047538,0.059486
5.2796e-09,0.047561,0.059483
5.5959e-09,0.047585,0.05948
5.8758e-09,0.047609,0.059476
6.1199e-09,0.047635,0.059472
6.329e-09,0.047661,0.059468
6.5039e-09,0.047687,0.059463
6.6455e-09,0.047715,0.059458
6.7548e-09,0.047743,0.059453
6.833e-09,0.047771,0.059447
6.8812e-09,0.0478,0.05944
6.9006e-09,0.04783,0.059434
6.8925e-09,0.047861,0.059427
6.8582e-09,0.047891,0.059419
6.7991e-09,0.047923,0.059412
6.7165e-09,0.047954,0.059404
6.612e-09,0.047986,0.059396
6.4869e-09,0.048019,0.059387
6.3426e-09,0.048051,0.059378
6.1807e-09,0.048084,0.05937
6.0025e-09,0.048117,0.05936
5.8096e-09,0.04815,0.059351
5.6034e-09,0.048184,0.059342
5.3852e-09,0.048217,0.059333
5.1565e-09,0.04825,0.059323
4.9187e-09,0.048284,0.059314
4.673e-09,0.048317,0.059304
4.4209e-09,0.04835,0.059295
4.1636e-09,0.048382,0.059286
3.9023e-09,0.048415,0.059276
3.6383e-09,0.048447,0.059267
3.3726e-09,0.048479,0.059258
3.1064e-09,0.04851,0.05925
2.8407e-09,0.048541,0.059241
2.5765e-09,0.048571,0.059233
2.3148e-09,0.048601,0.059225
2.0565e-09,0.048629,0.059218
1.8023e-09,0.048657,0.059211
1.5531e-09,0.048685,0.059204
1.3097e-09,0.048711,0.059197
1.0726e-09,0.048736,0.059192
8.4251e-10,0.048761,0.059186
6.1998e-10,0.048784,0.059181
4.055e-10,0.048806,0.059177
1.9952e-10,0.048827,0.059173
2.4335e-12,0.048847,0.05917
-1.8541e-10,0.048866,0.059167
-3.6372e-10,0.048883,0.059164
-5.3226e-10,0.048899,0.059163
-6.9084e-10,0.048913,0.059162
-8.3932e-10,0.048926,0.059161
-9.7759e-10,0.048938,0.059161
-1.1056e-09,0.048948,0.059162
-1.2234e-09,0.048956,0.059163
-1.3309e-09,0.048963,0.059165
-1.4282e-09,0.048968,0.059167
-1.5155e-09,0.048972,0.05917
-1.5928e-09,0.048974,0.059173
-1.6603e-09,0.048974,0.059177
-1.7183e-09,0.048973,0.059182
-1.767e-09,0.04897,0.059186
-1.8065e-09,0.048966,0.059192
-1.8373e-09,0.04896,0.059197
-1.8595e-09,0.048953,0.059204
-1.8735e-09,0.048944,0.05921
-1.8796e-09,0.048933,0.059217
-1.8782e-09,0.048921,0.059224
-1.8696e-09,0.048908,0.059231
-1.8542e-09,0.048893,0.059239
-1.8324e-09,0.048877,0.059247
-1.8046e-09,0.048859,0.059255
-1.7711e-09,0.048841,0.059264
-1.7323e-09,0.048821,0.059272
-1.6887e-09,0.0488,0.059281
-1.6407e-09,0.048778,0.05929
-1.5885e-09,0.048755,0.059299
-1.5327e-09,0.048731,0.059308
-1.4736e-09,0.048706,0.059317
-1.4116e-09,0.048681,0.059326
-1.3471e-09,0.048655,0.059335
-1.2804e-09,0.048628,0.059344
-1.2119e-09,0.0486,0.059354
-1.1419e-09,0.048573,0.059363
-1.0709e-09,0.048544,0.059372
-9.99e-10,0.048516,0.059381
-9.2666e-10,0.048487,0.059391
-8.5414e-10,0.048457,0.0594
-7.8173e-10,0.048428,0.059409
-7.0971e-10,0.048399,0.059419
-6.3833e-10,0.04837,0.059428
-5.6784e-10,0.04834,0.059438
-4.9847e-10,0.048311,0.059447
-4.3044e-10,0.048282,0.059457
-3.6394e-10,0.048254,0.059466
-2.9916e-10,0.048226,0.059476
-2.3626e-10,0.048198,0.059486
-1.7541e-10,0.04817,0.059496
-1.1673e-10,0.048143,0.059506
-6.0364e-11,0.048117,0.059517
-6.4066e-12,0.048091,0.059527
4.5043e-11,0.048066,0.059538
9.3905e-11,0.048041,0.059549
1.4011e-10,0.048018,0.05956
1.8361e-10,0.047995,0.059571
2.2436e-10,0.047973,0.059583
2.6233e-10,0.047951,0.059595
2.9751e-10,0.047931,0.059607
3.2989e-10,0.047911,0.059619
3.5948e-10,0.047893,0.059632
3.863e-10,0.047875,0.059645
4.1037e-10,0.047859,0.059658
4.3173e-10,0.047843,0.059671
4.5042e-10,0.047829,0.059684
4.665e-10,0.047816,0.059698
4.8002e-10,0.047803,0.059712
4.9106e-10,0.047792,0.059726
4.9969e-10,0.047782,0.05974
5.0599e-10,0.047773,0.059754
5.1005e-10,0.047766,0.059768
5.1195e-10,0.047759,0.059782
5.1178e-10,0.047753,0.059796
5.0965e-10,0.047749,0.059811
5.0566e-10,0.047746,0.059825
4.9991e-10,0.047744,0.059839
4.925e-10,0.047742,0.059853
4.8354e-10,0.047742,0.059866
4.7313e-10,0.047743,0.05988
4.6139e-10,0.047746,0.059893
4.4843e-10,0.047749,0.059905
4.3434e-10,0.047753,0.059918
4.1924e-10,0.047758,0.059929
4.0323e-10,0.047763,0.059941
3.8643e-10,0.04777,0.059952
3.6892e-10,0.047778,0.059962
3.5081e-10,0.047786,0.059972
3.322e-10,0.047795,0.059981
3.1318e-10,0.047805,0.059989
2.9384e-10,0.047815,0.059996
2.7429e-10,0.047826,0.060003
2.5459e-10,0.047838,0.060009
2.3484e-10,0.04785,0.060014
2.151e-10,0.047862,0.060019
1.9547e-10,0.047875,0.060022
1.76e-10,0.047889,0.060025
1.5677e-10,0.047902,0.060027
1.3784e-10,0.047916,0.060028
1.1926e-10,0.04793,0.060028
1.011e-10,0.047944,0.060027
8.3397e-11,0.047959,0.060026
6.6205e-11,0.047973,0.060023
4.9566e-11,0.047988,0.06002
3.3516e-11,0.048003,0.060016
1.809e-11,0.048018,0.060012
3.3181e-12,0.048032,0.060006
-1.0773e-11,0.048047,0.060001
-2.4161e-11,0.048062,0.059994
-3.6828e-11,0.048076,0.059987
-4.8759e-11,0.048091,0.05998
-5.9942e-11,0.048106,0.059972
-7.0368e-11,0.04812,0.059964
-8.0035e-11,0.048135,0.059955
-8.8939e-11,0.048149,0.059946
-9.7083e-11,0.048163,0.059937
-1.0447e-10,0.048178,0.059928
-1.1111e-10,0.048192,0.059919
-1.1701e-10,0.048206,0.05991
-1.2218e-10,0.04822,0.059901
-1.2663e-10,0.048235,0.059892
-1.3039e-10,0.048249,0.059883
-1.3347e-10,0.048263,0.059874
-1.359e-10,0.048278,0.059866
-1.3768e-10,0.048292,0.059858
-1.3885e-10,0.048307,0.05985
-1.3943e-10,0.048322,0.059843
-1.3944e-10,0.048337,0.059836
-1.3892e-10,0.048352,0.05983
-1.3789e-10,0.048368,0.059824
-1.3637e-10,0.048383,0.059819
-1.344e-10,0.048399,0.059814
-1.32e-10,0.048415,0.05981
-1.2921e-10,0.048432,0.059806
-1.2605e-10,0.048448,0.059803
-1.2256e-10,0.048465,0.0598
-1.1875e-10,0.048483,0.059798
-1.1467e-10,0.0485,0.059796
-1.1033e-10,0.048518,0.059795
-1.0577e-10,0.048536,0.059794
-1.0102e-10,0.048554,0.059793
-9.6108e-11,0.048573,0.059793
-9.1051e-11,0.048592,0.059793
-8.5882e-11,0.048611,0.059793
-8.0623e-11,0.04863,0.059793
-7.5301e-11,0.048649,0.059793
-6.9939e-11,0.048668,0.059794
-6.4558e-11,0.048688,0.059794
-5.9182e-11,0.048707,0.059794
-5.3829e-11,0.048726,0.059794
-4.8521e-11,0.048745,0.059794
-4.3274e-11,0.048764,0.059793
-3.8107e-11,0.048783,0.059792
-3.3036e-11,0.048801,0.05979
-2.8075e-11,0.048819,0.059788
-2.3239e-11,0.048837,0.059786
-1.8541e-11,0.048854,0.059783
-1.3991e-11,0.048871,0.059779
-9.6015e-12,0.048887,0.059774
-5.3807e-12,0.048902,0.059769
-1.3373e-12,0.048916,0.059763
2.5214e-12,0.04893,0.059756
6.1893e-12,0.048943,0.059748
9.6612e-12,0.048955,0.059739
1.2933e-11,0.048965,0.059729
1.6001e-11,0.048975,0.059719
1.8864e-11,0.048983,0.059707
2.1519e-11,0.048991,0.059695
2.3967e-11,0.048997,0.059682
2.6207e-11,0.049001,0.059668
2.8242e-11,0.049004,0.059653
3.0072e-11,0.049006,0.059638
3.17e-11,0.049006,0.059622
3.3129e-11,0.049005,0.059605
3.4364e-11,0.049002,0.059587
3.5408e-11,0.048997,0.059569
3.6267e-11,0.048991,0.059551
3.6946e-11,0.048983,0.059532
3.745e-11,0.048973,0.059513
3.7787e-11,0.048962,0.059494
3.7961e-11,0.048949,0.059475
3.7982e-11,0.048934,0.059456
3.7855e-11,0.048918,0.059437
3.7588e-11,0.048899,0.059418
3.7189e-11,0.04888,0.0594
3.6665e-11,0.048858,0.059382
3.6024e-11,0.048835,0.059365
3.5275e-11,0.048811,0.059348
3.4425e-11,0.048785,0.059333
3.3482e-11,0.048757,0.059318
3.2454e-11,0.048729,0.059305
3.135e-11,0.048698,0.059293
3.0176e-11,0.048667,0.059282
2.8942e-11,0.048635,0.059273
2.7653e-11,0.048601,0.059265
2.6319e-11,0.048566,0.059259
2.4946e-11,0.048531,0.059255
2.3541e-11,0.048495,0.059252
2.2112e-11,0.048458,0.059252
2.0664e-11,0.04842,0.059253
1.9205e-11,0.048382,0.059257
1.7741e-11,0.048344,0.059263
1.6276e-11,0.048305,0.059271
1.4818e-11,0.048266,0.059282
1.3372e-11,0.048227,0.059294
1.1942e-11,0.048188,0.059309
1.0533e-11,0.04815,0.059327
9.1493e-12,0.048111,0.059347
7.7958e-12,0.048074,0.059369
6.4759e-12,0.048036,0.059394
5.1931e-12,0.047999,0.059421
3.9507e-12,0.047963,0.059451
2.7515e-12,0.047928,0.059483
1.5981e-12,0.047894,0.059517
4.9286e-13,0.047861,0.059554
-5.6226e-13,0.047829,0.059593
-1.5655e-12,0.047798,0.059635
-2.5155e-12,0.047769,0.059679
-3.411e-12,0.047741,0.059724
-4.2512e-12,0.047714,0.059772
-5.0354e-12,0.047689,0.059822
-5.7632e-12,0.047666,0.059874
-6.4345e-12,0.047644,0.059928
-7.0493e-12,0.047624,0.059984
-7.6079e-12,0.047606,0.060042
-8.1107e-12,0.04759,0.060101
-8.5586e-12,0.047576,0.060162
-8.9523e-12,0.047563,0.060224
-9.2929e-12,0.047553,0.060287
-9.5815e-12,0.047544,0.060352
-9.8195e-12,0.047537,0.060418
-1.0008e-11,0.047533,0.060485
-1.015e-11,0.04753,0.060554
-1.0245e-11,0.047529,0.060622
-1.0296e-11,0.04753,0.060692
-1.0306e-11,0.047533,0.060762
-1.0274e-11,0.047538,0.060833
-1.0205e-11,0.047544,0.060904
-1.01e-11,0.047553,0.060976
-9.9603e-12,0.047563,0.061047
-9.789e-12,0.047574,0.061119
-9.588e-12,0.047588,0.061191
-9.3595e-12,0.047603,0.061262
-9.1057e-12,0.047619,0.061334
-8.8288e-12,0.047637,0.061405
-8.5308e-12,0.047657,0.061475
-8.2141e-12,0.047678,0.061545
-7.8807e-12,0.0477,0.061614
-7.5327e-12,0.047723,0.061683
-7.1722e-12,0.047747,0.06175
-6.8011e-12,0.047772,0.061817
-6.4215e-12,0.047799,0.061882
-6.0351e-12,0.047826,0.061947
-5.6439e-12,0.047854,0.06201
-5.2495e-12,0.047883,0.062072
-4.8538e-12,0.047913,0.062133
-4.4582e-12,0.047943,0.062192
-4.0644e-12,0.047974,0.062249
-3.6737e-12,0.048006,0.062305
-3.2877e-12,0.048037,0.06236
-2.9075e-12,0.04807,0.062412
-2.5344e-12,0.048102,0.062463
-2.1695e-12,0.048135,0.062512
-1.8139e-12,0.048168,0.062559
-1.4685e-12,0.048201,0.062603
-1.1341e-12,0.048235,0.062646
-8.1168e-13,0.048268,0.062687
-5.018e-13,0.048301,0.062725
-2.0512e-13,0.048335,0.062761
7.7827e-14,0.048368,0.062795
3.4658e-13,0.048401,0.062826
6.0076e-13,0.048434,0.062856
8.4007e-13,0.048467,0.062882
1.0643e-12,0.048499,0.062906
1.2732e-12,0.048532,0.062928
1.4668e-12,0.048564,0.062947
1.645e-12,0.048595,0.062963
1.8078e-12,0.048626,0.062976
1.9554e-12,0.048657,0.062987
2.0879e-12,0.048687,0.062995
2.2056e-12,0.048717,0.063001
2.3086e-12,0.048747,0.063003
2.3973e-12,0.048776,0.063003
2.472e-12,0.048804,0.063
2.5332e-12,0.048832,0.062994
2.5812e-12,0.048859,0.062985
2.6165e-12,0.048885,0.062974
2.6397e-12,0.048911,0.062959
2.6512e-12,0.048936,0.062942
2.6516e-12,0.048961,0.062922
2.6414e-12,0.048984,0.062899
2.6213e-12,0.049007,0.062873
2.5918e-12,0.049029,0.062844
2.5535e-12,0.04905,0.062813
2.5071e-12,0.049071,0.062779
2.4531e-12,0.04909,0.062742
2.3923e-12,0.049109,0.062703
2.3252e-12,0.049126,0.062661
2.2525e-12,0.049143,0.062616
2.1747e-12,0.049159,0.062569
2.0926e-12,0.049173,0.06252
2.0066e-12,0.049187,0.062469
1.9174e-12,0.0492,0.062415
1.8256e-12,0.049211,0.062359
1.7317e-12,0.049222,0.062302
1.6363e-12,0.049231,0.062242
1.5399e-12,0.049239,0.062181
1.443e-12,0.049246,0.062118
1.3461e-12,0.049251,0.062053
1.2497e-12,0.049256,0.061987
1.1542e-12,0.049259,0.06192
1.06e-12,0.049261,0.061851
9.6756e-13,0.049262,0.061782
8.7716e-13,0.049262,0.061712
7.8919e-13,0.04926,0.06164
7.0395e-13,0.049257,0.061569
6.2172e-13,0.049253,0.061497
5.4276e-13,0.049248,0.061424
4.6729e-13,0.049241,0.061351
3.9553e-13,0.049233,0.061279
3.2763e-13,0.049225,0.061206
2.6374e-13,0.049215,0.061133
2.0399e-13,0.049203,0.061061
1.4845e-13,0.049191,0.060989
9.72e-14,0.049178,0.060918
5.0265e-14,0.049164,0.060848
7.66e-15,0.049149,0.060778
-3.063e-14,0.049132,0.060709
-6.4643e-14,0.049116,0.060642
-9.4441e-14,0.049098,0.060575
-1.2011e-13,0.049079,0.06051
-1.4175e-13,0.04906,0.060446
-1.5949e-13,0.049041,0.060383
-1.7348e-13,0.04902,0.060322
-1.8389e-13,0.049,0.060262
-1.9088e-13,0.048979,0.060204
-1.9467e-13,0.048957,0.060148
-1.9547e-13,0.048936,0.060093
-1.935e-13,0.048914,0.060041
-1.8899e-13,0.048892,0.059989
-1.8221e-13,0.048871,0.05994
-1.7341e-13,0.048849,0.059893
-1.6287e-13,0.048827,0.059847
-1.5084e-13,0.048806,0.059804
-1.3762e-13,0.048785,0.059762
-1.235e-13,0.048765,0.059722
-1.0876e-13,0.048744,0.059684
-9.3682e-14,0.048725,0.059648
-7.857e-14,0.048706,0.059614
-6.3707e-14,0.048687,0.059581
-4.9381e-14,0.048669,0.059551
-3.5873e-14,0.048652,0.059522
-2.3461e-14,0.048636,0.059495
-1.2415e-14,0.04862,0.059469
-2.9966e-15,0.048606,0.059446
4.5405e-15,0.048592,0.059423
9.954e-15,0.048579,0.059403
1.3013e-14,0.048567,0.059384
1.3501e-14,0.048556,0.059366
1.1213e-14,0.048546,0.05935
5.9609e-15,0.048537,0.059335
-2.4263e-15,0.048528,0.059322
-1.4103e-14,0.048521,0.05931
-2.9206e-14,0.048515,0.059299
-4.7851e-14,0.048509,0.059289
-7.0136e-14,0.048505,0.05928
-9.6134e-14,0.048501,0.059272
-1.259e-13,0.048499,0.059266
-1.5946e-13,0.048497,0.05926
-1.9684e-13,0.048495,0.059255
-2.38e-13,0.048495,0.059251
-2.8291e-13,0.048495,0.059248
-3.315e-13,0.048496,0.059246
-3.8369e-13,0.048497,0.059244
-4.3936e-13,0.048499,0.059243
-4.9838e-13,0.048501,0.059243
-5.6056e-13,0.048504,0.059244
-6.2572e-13,0.048507,0.059245
-6.9365e-13,0.04851,0.059247
-7.6411e-13,0.048513,0.05925
-8.3681e-13,0.048517,0.059253
-9.1149e-13,0.04852,0.059257
-9.8781e-13,0.048524,0.059262
-1.0654e-12,0.048527,0.059267
-1.144e-12,0.048531,0.059273
-1.2232e-12,0.048534,0.05928
-1.3025e-12,0.048537,0.059287
-1.3815e-12,0.04854,0.059295
-1.4598e-12,0.048542,0.059304
-1.537e-12,0.048545,0.059313
-1.6125e-12,0.048546,0.059324
-1.6859e-12,0.048548,0.059335
-1.7566e-12,0.048549,0.059347
-1.8241e-12,0.048549,0.059359
-1.888e-12,0.04855,0.059373
-1.9477e-12,0.048549,0.059388
-2.0026e-12,0.048549,0.059403
-2.0522e-12,0.048548,0.05942
-2.0959e-12,0.048546,0.059437
-2.1333e-12,0.048544,0.059456
-2.1637e-12,0.048542,0.059476
-2.1866e-12,0.04854,0.059497
-2.2016e-12,0.048537,0.059519
-2.208e-12,0.048534,0.059542
-2.2054e-12,0.048531,0.059567
-2.1933e-12,0.048528,0.059593
-2.1712e-12,0.048525,0.05962
-2.1387e-12,0.048521,0.059648
-2.0953e-12,0.048518,0.059678
-2.0407e-12,0.048515,0.059709
-1.9745e-12,0.048513,0.059741
-1.8963e-12,0.048511,0.059775
-1.8059e-12,0.048509,0.05981
-1.703e-12,0.048508,0.059846
-1.5874e-12,0.048507,0.059884
-1.4589e-12,0.048507,0.059923
-1.3173e-12,0.048508,0.059963
-1.1627e-12,0.04851,0.060004
-9.95e-13,0.048513,0.060047
-8.142e-13,0.048517,0.060091
-6.2041e-13,0.048522,0.060135
-4.1379e-13,0.048528,0.060182
-1.9455e-13,0.048536,0.060229
3.7046e-14,0.048545,0.060277
2.8064e-13,0.048555,0.060326
5.3583e-13,0.048567,0.060375
8.0213e-13,0.048581,0.060426
1.079e-12,0.048596,0.060477
1.3658e-12,0.048613,0.060529
1.6619e-12,0.048631,0.060581
1.9664e-12,0.048651,0.060634
2.2786e-12,0.048673,0.060688
2.5975e-12,0.048697,0.060741
2.9222e-12,0.048722,0.060795
3.2515e-12,0.04875,0.060848
3.5844e-12,0.048778,0.060902
3.9197e-12,0.048809,0.060956
4.256e-12,0.048841,0.061009
4.5921e-12,0.048875,0.061062
4.9265e-12,0.04891,0.061114
5.2578e-12,0.048947,0.061166
5.5844e-12,0.048985,0.061218
5.9049e-12,0.049025,0.061268
6.2174e-12,0.049065,0.061318
6.5205e-12,0.049107,0.061367
6.8122e-12,0.04915,0.061415
7.091e-12,0.049194,0.061461
7.3549e-12,0.049239,0.061506
7.6022e-12,0.049284,0.06155
7.831e-12,0.04933,0.061593
8.0394e-12,0.049376,0.061634
8.2257e-12,0.049423,0.061673
8.3878e-12,0.04947,0.061711
8.524e-12,0.049517,0.061747
8.6324e-12,0.049563,0.061781
8.7111e-12,0.04961,0.061813
8.7585e-12,0.049655,0.061843
8.7726e-12,0.049701,0.061871
8.7519e-12,0.049745,0.061897
8.6946e-12,0.049789,0.06192
8.5993e-12,0.049831,0.061942
8.4643e-12,0.049872,0.061962
8.2882e-12,0.049912,0.061979
8.0698e-12,0.04995,0.061994
7.8079e-12,0.049987,0.062006
7.5012e-12,0.050021,0.062017
7.149e-12,0.050054,0.062025
6.7503e-12,0.050085,0.06203
6.3044e-12,0.050113,0.062034
5.8109e-12,0.050139,0.062035
5.2694e-12,0.050163,0.062034
4.6797e-12,0.050184,0.06203
4.0418e-12,0.050202,0.062024
3.3559e-12,0.050218,0.062017
2.6225e-12,0.050231,0.062007
1.8422e-12,0.050241,0.061994
1.0157e-12,0.050248,0.06198
1.4431e-13,0.050252,0.061964
-7.7083e-13,0.050253,0.061945
-1.7281e-12,0.050251,0.061925
-2.7257e-12,0.050245,0.061903
-3.7617e-12,0.050237,0.061879
-4.8336e-12,0.050226,0.061853
-5.9389e-12,0.050211,0.061826
-7.0748e-12,0.050194,0.061796
-8.2382e-12,0.050173,0.061766
-9.4257e-12,0.050149,0.061733
-1.0634e-11,0.050123,0.061699
-1.1858e-11,0.050093,0.061664
-1.3096e-11,0.050061,0.061628
-1.4341e-11,0.050025,0.06159
-1.5589e-11,0.049987,0.061551
-1.6837e-11,0.049947,0.061511
-1.8077e-11,0.049904,0.06147
-1.9306e-11,0.049858,0.061428
-2.0517e-11,0.04981,0.061385
-2.1705e-11,0.049759,0.061341
-2.2864e-11,0.049707,0.061296
-2.3988e-11,0.049652,0.061251
-2.5069e-11,0.049596,0.061205
-2.6103e-11,0.049538,0.061159
-2.7082e-11,0.049478,0.061112
-2.8e-11,0.049416,0.061064
-2.885e-11,0.049353,0.061017
-2.9625e-11,0.049289,0.060969
-3.0319e-11,0.049224,0.060921
-3.0924e-11,0.049158,0.060873
-3.1434e-11,0.049091,0.060824
-3.1841e-11,0.049023,0.060776
-3.214e-11,0.048955,0.060728
-3.2324e-11,0.048886,0.06068
-3.2386e-11,0.048818,0.060632
-3.232e-11,0.048749,0.060585
-3.2121e-11,0.04868,0.060537
-3.1781e-11,0.048611,0.060491
-3.1296e-11,0.048543,0.060444
-3.0661e-11,0.048475,0.060399
-2.987e-11,0.048407,0.060353
-2.892e-11,0.048341,0.060309
-2.7806e-11,0.048275,0.060265
-2.6524e-11,0.04821,0.060222
-2.5072e-11,0.048146,0.06018
-2.3448e-11,0.048083,0.060138
-2.1648e-11,0.048022,0.060098
-1.9672e-11,0.047962,0.060058
-1.7519e-11,0.047903,0.06002
-1.5189e-11,0.047846,0.059982
-1.2683e-11,0.047791,0.059946
-1.0002e-11,0.047737,0.05991
-7.1492e-12,0.047685,0.059876
-4.1265e-12,0.047634,0.059843
-9.3817e-13,0.047585,0.059811
2.411e-12,0.047539,0.059781
5.9153e-12,0.047494,0.059752
9.5684e-12,0.047451,0.059724
1.3363e-11,0.047409,0.059698
1.729e-11,0.04737,0.059674
2.134e-11,0.047333,0.05965
2.5504e-11,0.047297,0.059629
2.977e-11,0.047263,0.059609
3.4126e-11,0.047231,0.05959
3.8558e-11,0.047201,0.059573
4.3052e-11,0.047173,0.059558
4.7594e-11,0.047147,0.059545
5.2167e-11,0.047122,0.059533
5.6754e-11,0.047099,0.059523
6.1337e-11,0.047078,0.059515
6.5898e-11,0.047058,0.059509
7.0418e-11,0.04704,0.059505
7.4875e-11,0.047024,0.059502
7.9249e-11,0.047008,0.059502
8.3518e-11,0.046995,0.059503
8.7659e-11,0.046983,0.059506
9.165e-11,0.046972,0.059512
9.5467e-11,0.046962,0.059519
9.9085e-11,0.046954,0.059528
1.0248e-10,0.046947,0.059539
1.0563e-10,0.046941,0.059552
1.0851e-10,0.046937,0.059567
1.1109e-10,0.046933,0.059584
1.1334e-10,0.046931,0.059603
1.1526e-10,0.04693,0.059624
1.1679e-10,0.04693,0.059646
1.1794e-10,0.046931,0.059671
1.1866e-10,0.046933,0.059697
1.1893e-10,0.046936,0.059725
1.1874e-10,0.04694,0.059755
1.1806e-10,0.046945,0.059786
1.1687e-10,0.046951,0.059819
1.1515e-10,0.046959,0.059853
1.1288e-10,0.046967,0.059889
1.1004e-10,0.046976,0.059926
1.0661e-10,0.046987,0.059964
1.0259e-10,0.046998,0.060004
9.7948e-11,0.047011,0.060045
9.2685e-11,0.047025,0.060087
8.6788e-11,0.04704,0.060129
8.025e-11,0.047057,0.060173
7.3065e-11,0.047074,0.060217
6.5231e-11,0.047093,0.060262
5.6747e-11,0.047113,0.060308
4.7616e-11,0.047135,0.060354
3.7843e-11,0.047158,0.0604
2.7436e-11,0.047182,0.060446
1.6405e-11,0.047208,0.060493
4.765e-12,0.047235,0.060539
-7.4676e-12,0.047264,0.060586
-2.0273e-11,0.047295,0.060632
-3.3626e-11,0.047327,0.060678
-4.7501e-11,0.04736,0.060724
-6.1867e-11,0.047395,0.060769
-7.669e-11,0.047432,0.060813
-9.1934e-11,0.04747,0.060856
-1.0756e-10,0.047509,0.060899
-1.2351e-10,0.047551,0.06094
-1.3975e-10,0.047594,0.060981
-1.5623e-10,0.047638,0.06102
-1.7289e-10,0.047684,0.061057
-1.8967e-10,0.047732,0.061094
-2.065e-10,0.047781,0.061128
-2.2334e-10,0.047831,0.061161
-2.4009e-10,0.047883,0.061192
-2.567e-10,0.047937,0.061221
-2.731e-10,0.047991,0.061249
-2.8919e-10,0.048047,0.061274
-3.0491e-10,0.048105,0.061297
-3.2016e-10,0.048163,0.061317
-3.3488e-10,0.048222,0.061335
-3.4896e-10,0.048283,0.061351
-3.6233e-10,0.048344,0.061364
-3.7489e-10,0.048407,0.061375
-3.8656e-10,0.04847,0.061383
-3.9723e-10,0.048533,0.061388
-4.0682e-10,0.048598,0.061391
-4.1525e-10,0.048662,0.06139
-4.224e-10,0.048727,0.061387
-4.282e-10,0.048793,0.061381
-4.3256e-10,0.048858,0.061372
-4.3538e-10,0.048923,0.061361
-4.3658e-10,0.048989,0.061346
-4.3607e-10,0.049054,0.061329
-4.3377e-10,0.049118,0.061309
-4.2961e-10,0.049182,0.061286
-4.2351e-10,0.049246,0.06126
-4.1539e-10,0.049309,0.061232
-4.0519e-10,0.04937,0.061201
-3.9285e-10,0.049431,0.061168
-3.7832e-10,0.049491,0.061132
-3.6154e-10,0.049549,0.061095
-3.4247e-10,0.049606,0.061055
-3.2108e-10,0.049662,0.061013
-2.9733e-10,0.049716,0.060969
-2.7122e-10,0.049768,0.060924
-2.4272e-10,0.049819,0.060877
-2.1184e-10,0.049867,0.060829
-1.7858e-10,0.049914,0.060779
-1.4296e-10,0.049958,0.060729
-1.05e-10,0.05,0.060678
-6.4757e-11,0.050041,0.060626
-2.2268e-11,0.050078,0.060574
2.2403e-11,0.050114,0.060522
6.9183e-11,0.050147,0.06047
1.1799e-10,0.050177,0.060418
1.6872e-10,0.050205,0.060367
2.2126e-10,0.050231,0.060316
2.755e-10,0.050253,0.060266
3.313e-10,0.050274,0.060218
3.885e-10,0.050291,0.06017
4.4695e-10,0.050307,0.060125
5.0647e-10,0.050319,0.060081
5.6687e-10,0.050329,0.060039
6.2796e-10,0.050336,0.06
6.8951e-10,0.050341,0.059962
7.5131e-10,0.050344,0.059928
8.1311e-10,0.050344,0.059896
8.7466e-10,0.050341,0.059867
9.3571e-10,0.050336,0.059841
9.9598e-10,0.050329,0.059819
1.0552e-09,0.050319,0.0598
1.1131e-09,0.050307,0.059784
1.1693e-09,0.050293,0.059772
1.2235e-09,0.050277,0.059764
1.2755e-09,0.050259,0.059759
1.3249e-09,0.050239,0.059759
1.3713e-09,0.050218,0.059762
1.4145e-09,0.050194,0.059769
1.4541e-09,0.050169,0.059781
1.4898e-09,0.050142,0.059796
1.5212e-09,0.050113,0.059815
1.548e-09,0.050083,0.059839
1.5698e-09,0.050052,0.059866
1.5864e-09,0.050019,0.059897
1.5974e-09,0.049985,0.059933
1.6025e-09,0.04995,0.059972
1.6013e-09,0.049914,0.060014
1.5936e-09,0.049877,0.060061
1.5791e-09,0.049839,0.060111
1.5574e-09,0.049801,0.060164
1.5285e-09,0.049761,0.060221
1.4919e-09,0.049721,0.060281
1.4474e-09,0.04968,0.060344
1.395e-09,0.049639,0.060409
1.3343e-09,0.049597,0.060478
1.2652e-09,0.049555,0.060549
1.1876e-09,0.049513,0.060622
1.1014e-09,0.04947,0.060698
1.0065e-09,0.049427,0.060775
9.0284e-10,0.049384,0.060855
7.9043e-10,0.04934,0.060936
6.6928e-10,0.049297,0.061018
5.3947e-10,0.049254,0.061102
4.0108e-10,0.04921,0.061186
2.5425e-10,0.049167,0.061272
9.9169e-11,0.049124,0.061358
-6.3953e-11,0.049081,0.061445
-2.3485e-10,0.049038,0.061532
-4.1321e-10,0.048995,0.061619
-5.9868e-10,0.048953,0.061706
-7.9086e-10,0.04891,0.061792
-9.8931e-10,0.048868,0.061878
-1.1935e-09,0.048827,0.061964
-1.403e-09,0.048786,0.062048
-1.6171e-09,0.048745,0.062132
-1.8352e-09,0.048705,0.062215
-2.0566e-09,0.048665,0.062296
-2.2806e-09,0.048626,0.062376
-2.5064e-09,0.048587,0.062454
-2.7332e-09,0.048548,0.06253
-2.9601e-09,0.048511,0.062605
-3.1862e-09,0.048474,0.062678
-3.4106e-09,0.048438,0.062748
-3.6322e-09,0.048402,0.062817
-3.85e-09,0.048367,0.062883
-4.063e-09,0.048333,0.062947
-4.2701e-09,0.0483,0.063008
-4.47e-09,0.048267,0.063067
-4.6618e-09,0.048235,0.063124
-4.8442e-09,0.048205,0.063178
-5.0159e-09,0.048175,0.063229
-5.1758e-09,0.048146,0.063277
-5.3227e-09,0.048119,0.063323
-5.4552e-09,0.048092,0.063366
-5.5723e-09,0.048067,0.063406
-5.6725e-09,0.048042,0.063444
-5.7548e-09,0.048019,0.063479
-5.8178e-09,0.047998,0.06351
-5.8605e-09,0.047977,0.063539
-5.8815e-09,0.047958,0.063566
-5.8798e-09,0.04794,0.063589
-5.8542e-09,0.047924,0.06361
-5.8037e-09,0.047909,0.063628
-5.7272e-09,0.047896,0.063643
-5.6238e-09,0.047885,0.063655
-5.4926e-09,0.047875,0.063665
-5.3327e-09,0.047866,0.063672
-5.1433e-09,0.04786,0.063677
-4.9239e-09,0.047855,0.063679
-4.6737e-09,0.047851,0.063678
-4.3923e-09,0.04785,0.063675
-4.0793e-09,0.04785,0.06367
-3.7344e-09,0.047853,0.063662
-3.3574e-09,0.047857,0.063652
-2.9482e-09,0.047863,0.063639
-2.507e-09,0.04787,0.063625
-2.0339e-09,0.04788,0.063608
-1.5293e-09,0.047892,0.063589
-9.937e-10,0.047905,0.063568
-4.2768e-10,0.04792,0.063545
1.6794e-10,0.047937,0.063521
7.9222e-10,0.047956,0.063494
1.444e-09,0.047977,0.063465
2.1221e-09,0.047999,0.063435
2.825e-09,0.048023,0.063404
3.551e-09,0.048048,0.06337
4.2985e-09,0.048076,0.063335
5.0653e-09,0.048104,0.063299
5.8495e-09,0.048134,0.063261
6.6486e-09,0.048166,0.063222
7.4602e-09,0.048198,0.063181
8.2816e-09,0.048232,0.06314
9.1099e-09,0.048267,0.063097
9.9422e-09,0.048302,0.063053
1.0775e-08,0.048339,0.063008
1.1606e-08,0.048376,0.062962
1.243e-08,0.048414,0.062915
1.3245e-08,0.048452,0.062867
1.4046e-08,0.04849,0.062818
1.483e-08,0.048529,0.062769
1.5593e-08,0.048567,0.062718
1.633e-08,0.048605,0.062667
1.7038e-08,0.048643,0.062616
1.7711e-08,0.048681,0.062563
1.8346e-08,0.048718,0.06251
1.8938e-08,0.048754,0.062457
1.9483e-08,0.048789,0.062403
1.9975e-08,0.048823,0.062348
2.0411e-08,0.048856,0.062293
2.0786e-08,0.048888,0.062238
2.1096e-08,0.048917,0.062182
2.1335e-08,0.048946,0.062126
2.15e-08,0.048972,0.062069
2.1586e-08,0.048996,0.062013
2.1589e-08,0.049018,0.061956
2.1505e-08,0.049038,0.061899
2.1329e-08,0.049056,0.061842
2.1059e-08,0.049071,0.061785
2.0691e-08,0.049083,0.061728
2.022e-08,0.049093,0.061671
1.9645e-08,0.049099,0.061614
1.8962e-08,0.049104,0.061557
1.8169e-08,0.049105,0.061501
1.7263e-08,0.049103,0.061444
1.6242e-08,0.049098,0.061389
1.5106e-08,0.04909,0.061333
1.3853e-08,0.049079,0.061279
1.2482e-08,0.049064,0.061224
1.0993e-08,0.049047,0.061171
9.3858e-09,0.049026,0.061118
7.6619e-09,0.049003,0.061066
5.8222e-09,0.048976,0.061015
3.8683e-09,0.048946,0.060965
1.8026e-09,0.048913,0.060916
-3.7208e-10,0.048878,0.060868
-2.6524e-09,0.048839,0.060822
-5.0342e-09,0.048798,0.060776
-7.513e-09,0.048754,0.060732
-1.0083e-08,0.048707,0.06069
-1.274e-08,0.048658,0.060649
-1.5475e-08,0.048607,0.060609
-1.8283e-08,0.048553,0.060571
-2.1155e-08,0.048497,0.060535
-2.4082e-08,0.04844,0.0605
-2.7057e-08,0.04838,0.060468
-3.0069e-08,0.04832,0.060437
-3.3107e-08,0.048257,0.060408
-3.6161e-08,0.048194,0.060381
-3.9219e-08,0.048129,0.060356
-4.2269e-08,0.048064,0.060332
-4.5299e-08,0.047997,0.060311
-4.8294e-08,0.047931,0.060292
-5.1242e-08,0.047864,0.060274
-5.4128e-08,0.047797,0.060259
-5.6936e-08,0.04773,0.060245
-5.9653e-08,0.047664,0.060233
-6.2263e-08,0.047598,0.060223
-6.4749e-08,0.047533,0.060215
-6.7095e-08,0.047469,0.060209
-6.9286e-08,0.047406,0.060204
-7.1305e-08,0.047344,0.060201
-7.3134e-08,0.047284,0.0602
-7.4758e-08,0.047226,0.0602
-7.616e-08,0.04717,0.060201
-7.7322e-08,0.047116,0.060204
-7.823e-08,0.047064,0.060207
-7.8865e-08,0.047014,0.060212
-7.9213e-08,0.046968,0.060217
-7.9257e-08,0.046924,0.060224
-7.8984e-08,0.046883,0.060231
-7.8377e-08,0.046846,0.060238
-7.7424e-08,0.046811,0.060246
-7.611e-08,0.04678,0.060254
-7.4424e-08,0.046753,0.060262
-7.2354e-08,0.046729,0.06027
-6.989e-08,0.046709,0.060277
-6.7021e-08,0.046693,0.060284
-6.374e-08,0.046681,0.060291
-6.004e-08,0.046673,0.060297
-5.5915e-08,0.046669,0.060302
-5.136e-08,0.046669,0.060305
-4.6374e-08,0.046673,0.060308
-4.0954e-08,0.046682,0.060309
-3.5102e-08,0.046695,0.060309
-2.882e-08,0.046712,0.060307
-2.2111e-08,0.046734,0.060303
-1.4983e-08,0.046759,0.060298
-7.4435e-09,0.046789,0.06029
4.9765e-10,0.046824,0.06028
8.8279e-09,0.046862,0.060268
1.7533e-08,0.046905,0.060254
2.6595e-08,0.046952,0.060237
3.5997e-08,0.047002,0.060218
4.5715e-08,0.047057,0.060196
5.5728e-08,0.047115,0.060172
6.6008e-08,0.047178,0.060145
7.6528e-08,0.047243,0.060116
8.7257e-08,0.047312,0.060084
9.8161e-08,0.047385,0.060049
1.092e-07,0.047461,0.060012
1.2035e-07,0.047539,0.059972
1.3156e-07,0.047621,0.059929
1.4279e-07,0.047705,0.059884
1.5399e-07,0.047791,0.059837
1.6513e-07,0.04788,0.059787
1.7614e-07,0.04797,0.059734
1.8698e-07,0.048063,0.05968
1.9761e-07,0.048157,0.059623
2.0795e-07,0.048252,0.059564
2.1797e-07,0.048348,0.059503
2.2759e-07,0.048445,0.059441
2.3677e-07,0.048543,0.059376
2.4545e-07,0.048641,0.059311
2.5356e-07,0.048739,0.059243
2.6104e-07,0.048837,0.059174
2.6784e-07,0.048934,0.059105
2.7389e-07,0.04903,0.059034
2.7913e-07,0.049125,0.058962
2.8349e-07,0.049219,0.05889
2.8693e-07,0.049312,0.058817
2.8938e-07,0.049402,0.058743
2.9077e-07,0.04949,0.05867
2.9106e-07,0.049576,0.058596
2.9019e-07,0.04966,0.058523
2.881e-07,0.04974,0.058449
2.8474e-07,0.049817,0.058377
2.8007e-07,0.049891,0.058304
2.7403e-07,0.049961,0.058233
2.6659e-07,0.050027,0.058162
2.577e-07,0.050089,0.058092
2.4733e-07,0.050147,0.058024
2.3545e-07,0.050201,0.057956
2.2203e-07,0.05025,0.05789
2.0706e-07,0.050294,0.057826
1.9051e-07,0.050334,0.057763
1.7237e-07,0.050369,0.057703
1.5265e-07,0.050398,0.057644
1.3133e-07,0.050422,0.057587
1.0844e-07,0.050441,0.057532
8.3972e-08,0.050455,0.05748
5.7963e-08,0.050464,0.05743
3.0439e-08,0.050467,0.057383
1.4347e-09,0.050465,0.057338
-2.9004e-08,0.050458,0.057296
-6.0826e-08,0.050445,0.057257
-9.397e-08,0.050427,0.057221
-1.2837e-07,0.050404,0.057188
-1.6394e-07,0.050376,0.057158
-2.0061e-07,0.050343,0.057132
-2.3827e-07,0.050306,0.057108
-2.7682e-07,0.050263,0.057088
-3.1616e-07,0.050216,0.057071
-3.5615e-07,0.050165,0.057058
-3.9668e-07,0.05011,0.057049
-4.376e-07,0.050051,0.057043
-4.7878e-07,0.049988,0.057041
-5.2004e-07,0.049921,0.057043
-5.6124e-07,0.049851,0.057049
-6.022e-07,0.049778,0.057058
-6.4275e-07,0.049703,0.057072
-6.827e-07,0.049625,0.057089
-7.2187e-07,0.049544,0.05711
-7.6005e-07,0.049462,0.057136
-7.9704e-07,0.049378,0.057165
-8.3263e-07,0.049293,0.057199
-8.6662e-07,0.049206,0.057237
-8.9879e-07,0.049118,0.057278
-9.2891e-07,0.04903,0.057324
-9.5677e-07,0.048942,0.057374
-9.8214e-07,0.048854,0.057428
-1.0048e-06,0.048766,0.057486
-1.0245e-06,0.048678,0.057547
-1.0411e-06,0.048592,0.057613
-1.0543e-06,0.048506,0.057683
-1.0638e-06,0.048422,0.057756
-1.0696e-06,0.048339,0.057833
-1.0713e-06,0.048258,0.057913
-1.0688e-06,0.04818,0.057998
-1.0619e-06,0.048103,0.058085
-1.0504e-06,0.048029,0.058177
-1.034e-06,0.047957,0.058271
-1.0127e-06,0.047888,0.058369
-9.8628e-07,0.047822,0.058469
-9.5459e-07,0.047759,0.058573
-9.175e-07,0.0477,0.058679
-8.7489e-07,0.047643,0.058789
-8.2668e-07,0.04759,0.0589
-7.7278e-07,0.04754,0.059015
-7.1313e-07,0.047494,0.059131
-6.4769e-07,0.047451,0.05925
-5.7645e-07,0.047412,0.05937
-4.994e-07,0.047376,0.059493
-4.1658e-07,0.047344,0.059617
-3.2803e-07,0.047316,0.059743
-2.3384e-07,0.04729,0.05987
-1.3411e-07,0.047269,0.059999
-2.8977e-08,0.04725,0.060128
8.1402e-08,0.047235,0.060258
1.9684e-07,0.047223,0.06039
3.171e-07,0.047214,0.060521
4.4195e-07,0.047207,0.060653
5.711e-07,0.047204,0.060786
7.0423e-07,0.047203,0.060918
8.4101e-07,0.047204,0.061051
9.8105e-07,0.047208,0.061183
1.1239e-06,0.047214,0.061315
1.2693e-06,0.047221,0.061446
1.4165e-06,0.047231,0.061577
1.5652e-06,0.047242,0.061707
1.7148e-06,0.047254,0.061835
1.8647e-06,0.047267,0.061963
2.0144e-06,0.04728,0.06209
2.1632e-06,0.047295,0.062216
2.3105e-06,0.04731,0.06234
2.4556e-06,0.047325,0.062462
2.5977e-06,0.04734,0.062583
2.7363e-06,0.047354,0.062702
2.8705e-06,0.047368,0.06282
2.9996e-06,0.047382,0.062935
3.1227e-06,0.047394,0.063049
3.2392e-06,0.047406,0.063161
3.3482e-06,0.047416,0.06327
3.4488e-06,0.047425,0.063378
3.5403e-06,0.047431,0.063483
3.6219e-06,0.047437,0.063586
3.6927e-06,0.04744,0.063687
3.7518e-06,0.04744,0.063786
3.7985e-06,0.047439,0.063882
3.8321e-06,0.047435,0.063977
3.8515e-06,0.047428,0.064069
3.8562e-06,0.047419,0.064159
3.8454e-06,0.047407,0.064247
3.8183e-06,0.047392,0.064333
3.7742e-06,0.047374,0.064416
3.7126e-06,0.047353,0.064498
3.6327e-06,0.047329,0.064578
3.534e-06,0.047302,0.064656
3.4159e-06,0.047272,0.064733
3.2781e-06,0.047238,0.064808
3.12e-06,0.047202,0.064881
2.9414e-06,0.047162,0.064953
2.7419e-06,0.04712,0.065023
2.5213e-06,0.047074,0.065092
2.2795e-06,0.047025,0.06516
2.0164e-06,0.046973,0.065227
1.7321e-06,0.046919,0.065294
1.4267e-06,0.046862,0.065359
1.1004e-06,0.046802,0.065424
7.5342e-07,0.04674,0.065488
3.8627e-07,0.046675,0.065552
-5.6785e-10,0.046608,0.065616
-4.0647e-07,0.046539,0.065679
-8.3071e-07,0.046468,0.065743
-1.2724e-06,0.046395,0.065807
-1.7307e-06,0.04632,0.065871
-2.2044e-06,0.046244,0.065935
-2.6924e-06,0.046167,0.066
-3.1933e-06,0.046089,0.066065
-3.7056e-06,0.046009,0.066131
-4.2279e-06,0.045929,0.066198
-4.7585e-06,0.045848,0.066265
-5.2954e-06,0.045767,0.066334
-5.8368e-06,0.045686,0.066404
-6.3807e-06,0.045605,0.066474
-6.9248e-06,0.045524,0.066546
-7.4668e-06,0.045444,0.066619
-8.0045e-06,0.045364,0.066694
-8.5351e-06,0.045285,0.066769
-9.0561e-06,0.045207,0.066846
-9.5649e-06,0.045131,0.066924
-1.0058e-05,0.045056,0.067004
-1.0534e-05,0.044982,0.067084
-1.0988e-05,0.04491,0.067166
-1.1419e-05,0.04484,0.06725
-1.1822e-05,0.044773,0.067334
-1.2195e-05,0.044707,0.06742
-1.2533e-05,0.044644,0.067506
-1.2835e-05,0.044584,0.067594
-1.3097e-05,0.044527,0.067683
-1.3314e-05,0.044472,0.067772
-1.3485e-05,0.044421,0.067863
-1.3605e-05,0.044373,0.067954
-1.3671e-05,0.044328,0.068045
-1.368e-05,0.044287,0.068137
-1.3629e-05,0.04425,0.06823
-1.3514e-05,0.044216,0.068322
-1.3331e-05,0.044186,0.068415
-1.3079e-05,0.044161,0.068507
-1.2754e-05,0.044139,0.0686
-1.2353e-05,0.044121,0.068692
-1.1873e-05,0.044108,0.068783
-1.1312e-05,0.044099,0.068874
-1.0666e-05,0.044095,0.068964
-9.9349e-06,0.044095,0.069053
-9.115e-06,0.0441,0.069141
-8.2048e-06,0.044109,0.069227
-7.2025e-06,0.044123,0.069313
-6.1066e-06,0.044142,0.069397
-4.9159e-06,0.044165,0.069479
-3.6292e-06,0.044193,0.069559
-2.2459e-06,0.044226,0.069638
-7.654e-07,0.044264,0.069715
8.1241e-07,0.044307,0.069789
2.4874e-06,0.044355,0.069861
4.2593e-06,0.044407,0.069931
6.1272e-06,0.044464,0.069999
8.09e-06,0.044526,0.070064
1.0146e-05,0.044593,0.070126
1.2295e-05,0.044665,0.070186
1.4533e-05,0.044741,0.070243
1.6858e-05,0.044822,0.070297
1.9267e-05,0.044907,0.070349
2.1758e-05,0.044997,0.070397
2.4326e-05,0.045092,0.070442
2.6969e-05,0.04519,0.070485
2.968e-05,0.045293,0.070524
3.2457e-05,0.0454,0.07056
3.5294e-05,0.045511,0.070594
3.8185e-05,0.045626,0.070624
4.1125e-05,0.045744,0.070651
4.4109e-05,0.045866,0.070674
4.713e-05,0.045992,0.070695
5.0181e-05,0.046121,0.070712
5.3256e-05,0.046253,0.070726
5.6348e-05,0.046388,0.070738
5.9449e-05,0.046526,0.070746
6.2553e-05,0.046666,0.070751
6.5651e-05,0.046809,0.070753
6.8735e-05,0.046954,0.070751
7.1799e-05,0.047101,0.070747
7.4833e-05,0.04725,0.07074
7.783e-05,0.0474,0.07073
8.0782e-05,0.047552,0.070718
8.3681e-05,0.047704,0.070702
8.6518e-05,0.047857,0.070684
8.9286e-05,0.048011,0.070663
9.1977e-05,0.048165,0.07064
9.4582e-05,0.048319,0.070615
9.7095e-05,0.048473,0.070587
9.9508e-05,0.048626,0.070557
0.00010181,0.048778,0.070525
0.00010401,0.048929,0.070491
0.00010608,0.049078,0.070455
0.00010802,0.049226,0.070418
0.00010983,0.049371,0.070379
0.0001115,0.049514,0.070338
0.00011303,0.049654,0.070297
0.00011441,0.049791,0.070254
0.00011564,0.049925,0.070211
0.00011671,0.050055,0.070167
0.00011763,0.050181,0.070122
0.00011838,0.050302,0.070077
0.00011897,0.050419,0.070032
0.00011939,0.05053,0.069987
0.00011964,0.050637,0.069942
0.00011972,0.050738,0.069898
0.00011964,0.050832,0.069854
0.00011939,0.050921,0.069812
0.00011897,0.051003,0.06977
0.00011838,0.051078,0.06973
0.00011763,0.051147,0.069691
0.00011671,0.051208,0.069654
0.00011564,0.051262,0.069618
0.00011441,0.051307,0.069585
0.00011303,0.051345,0.069555
0.0001115,0.051375,0.069526
0.00010983,0.051397,0.069501
0.00010802,0.051411,0.069478
0.00010608,0.051415,0.069458
0.00010401,0.051412,0.069442
0.00010181,0.051399,0.069428
9.9508e-05,0.051378,0.069419
9.7095e-05,0.051349,0.069413
9.4582e-05,0.05131,0.06941
9.1977e-05,0.051263,0.069411
8.9286e-05,0.051208,0.069417
8.6518e-05,0.051143,0.069426
8.3681e-05,0.051071,0.069439
8.0782e-05,0.05099,0.069457
7.783e-05,0.050901,0.069478
7.4833e-05,0.050804,0.069503
7.1799e-05,0.0507,0.069533
6.8735e-05,0.050588,0.069566
6.5651e-05,0.050469,0.069604
6.2553e-05,0.050343,0.069645
5.9449e-05,0.050211,0.06969
5.6348e-05,0.050073,0.069739
5.3256e-05,0.049929,0.069791
5.0181e-05,0.04978,0.069846
4.713e-05,0.049626,0.069905
4.4109e-05,0.049468,0.069966
4.1125e-05,0.049306,0.07003
3.8185e-05,0.049141,0.070096
3.5294e-05,0.048974,0.070165
3.2457e-05,0.048804,0.070235
2.968e-05,0.048632,0.070306
2.6969e-05,0.04846,0.070379
2.4326e-05,0.048287,0.070452
2.1758e-05,0.048115,0.070525
1.9267e-05,0.047943,0.070599
1.6858e-05,0.047773,0.070671
1.4533e-05,0.047606,0.070743
1.2295e-05,0.047441,0.070813
1.0146e-05,0.04728,0.070881
8.09e-06,0.047123,0.070946
6.1272e-06,0.046971,0.071009
4.2593e-06,0.046824,0.071068
2.4874e-06,0.046683,0.071122
8.1241e-07,0.04655,0.071172
-7.654e-07,0.046423,0.071217
-2.2459e-06,0.046305,0.071256
-3.6292e-06,0.046195,0.071289
-4.9159e-06,0.046095,0.071315
-6.1066e-06,0.046004,0.071333
-7.2025e-06,0.045923,0.071344
-8.2048e-06,0.045853,0.071346
-9.115e-06,0.045794,0.071339
-9.9349e-06,0.045747,0.071322
-1.0666e-05,0.045711,0.071295
-1.1312e-05,0.045689,0.071257
-1.1873e-05,0.045678,0.071209
-1.2353e-05,0.045681,0.071148
-1.2754e-05,0.045697,0.071076
-1.3079e-05,0.045726,0.070991
-1.3331e-05,0.045769,0.070893
-1.3514e-05,0.045825,0.070782
-1.3629e-05,0.045895,0.070657
-1.368e-05,0.045979,0.070519
-1.3671e-05,0.046077,0.070365
-1.3605e-05,0.046188,0.070198
-1.3485e-05,0.046313,0.070015
-1.3314e-05,0.046451,0.069818
-1.3097e-05,0.046603,0.069605
-1.2835e-05,0.046767,0.069377
-1.2533e-05,0.046944,0.069133
-1.2195e-05,0.047133,0.068874
-1.1822e-05,0.047334,0.068599
-1.1419e-05,0.047546,0.068308
-1.0988e-05,0.04777,0.068002
-1.0534e-05,0.048003,0.067681
-1.0058e-05,0.048247,0.067344
-9.5649e-06,0.048499,0.066992
-9.0561e-06,0.048761,0.066626
-8.5351e-06,0.04903,0.066244
-8.0045e-06,0.049306,0.065848
-7.4668e-06,0.049589,0.065438
-6.9248e-06,0.049877,0.065014
-6.3807e-06,0.050171,0.064577
-5.8368e-06,0.050468,0.064127
-5.2954e-06,0.050769,0.063665
-4.7585e-06,0.051072,0.06319
-4.2279e-06,0.051377,0.062705
-3.7056e-06,0.051683,0.062208
-3.1933e-06,0.051989,0.061702
-2.6924e-06,0.052294,0.061185
-2.2044e-06,0.052597,0.060661
-1.7307e-06,0.052898,0.060127
-1.2724e-06,0.053195,0.059587
-8.3071e-07,0.053488,0.05904
-4.0647e-07,0.053775,0.058487
-5.6785e-10,0.054057,0.057929
3.8627e-07,0.054333,0.057366
7.5342e-07,0.054601,0.0568
1.1004e-06,0.054861,0.056232
1.4267e-06,0.055112,0.055662
1.7321e-06,0.055354,0.055091
2.0164e-06,0.055585,0.05452
2.2795e-06,0.055806,0.053949
2.5213e-06,0.056016,0.053381
2.7419e-06,0.056214,0.052815
2.9414e-06,0.0564,0.052253
3.12e-06,0.056573,0.051695
3.2781e-06,0.056733,0.051142
3.4159e-06,0.05688,0.050595
3.534e-06,0.057013,0.050056
3.6327e-06,0.057132,0.049524
3.7126e-06,0.057237,0.049
3.7742e-06,0.057327,0.048486
3.8183e-06,0.057403,0.047982
3.8454e-06,0.057465,0.047488
3.8562e-06,0.057512,0.047006
3.8515e-06,0.057545,0.046537
3.8321e-06,0.057563,0.04608
3.7985e-06,0.057567,0.045636
3.7518e-06,0.057556,0.045207
3.6927e-06,0.057532,0.044792
3.6219e-06,0.057494,0.044392
3.5403e-06,0.057443,0.044007
3.4488e-06,0.057378,0.043638
3.3482e-06,0.057301,0.043285
3.2392e-06,0.057211,0.042949
3.1227e-06,0.05711,0.04263
2.9996e-06,0.056997,0.042328
2.8705e-06,0.056873,0.042043
2.7363e-06,0.056738,0.041775
2.5977e-06,0.056594,0.041525
2.4556e-06,0.05644,0.041292
2.3105e-06,0.056277,0.041077
2.1632e-06,0.056106,0.040879
2.0144e-06,0.055928,0.040699
1.8647e-06,0.055743,0.040536
1.7148e-06,0.055551,0.040391
1.5652e-06,0.055354,0.040262
1.4165e-06,0.055152,0.040151
1.2693e-06,0.054945,0.040056
1.1239e-06,0.054735,0.039977
9.8105e-07,0.054521,0.039914
8.4101e-07,0.054305,0.039866
7.0423e-07,0.054087,0.039834
5.711e-07,0.053869,0.039817
4.4195e-07,0.053649,0.039814
3.171e-07,0.05343,0.039825
1.9684e-07,0.053211,0.03985
8.1402e-08,0.052994,0.039888
-2.8977e-08,0.052778,0.039938
-1.3411e-07,0.052564,0.04
-2.3384e-07,0.052354,0.040073
-3.2803e-07,0.052146,0.040158
-4.1658e-07,0.051942,0.040252
-4.994e-07,0.051743,0.040357
-5.7645e-07,0.051547,0.040471
-6.4769e-07,0.051357,0.040593
-7.1313e-07,0.051172,0.040723
-7.7278e-07,0.050993,0.040861
-8.2668e-07,0.050819,0.041006
-8.7489e-07,0.050651,0.041157
-9.175e-07,0.05049,0.041314
-9.5459e-07,0.050335,0.041477
-9.8628e-07,0.050187,0.041644
-1.0127e-06,0.050046,0.041815
-1.034e-06,0.049912,0.041989
-1.0504e-06,0.049784,0.042167
-1.0619e-06,0.049664,0.042348
-1.0688e-06,0.04955,0.04253
-1.0713e-06,0.049444,0.042715
-1.0696e-06,0.049344,0.0429
-1.0638e-06,0.049252,0.043087
-1.0543e-06,0.049166,0.043274
-1.0411e-06,0.049087,0.043461
-1.0245e-06,0.049015,0.043647
-1.0048e-06,0.048949,0.043833
-9.8214e-07,0.04889,0.044018
-9.5677e-07,0.048836,0.044202
-9.2891e-07,0.048789,0.044384
-8.9879e-07,0.048748,0.044565
-8.6662e-07,0.048712,0.044743
-8.3263e-07,0.048682,0.04492
-7.9704e-07,0.048657,0.045094
-7.6005e-07,0.048636,0.045265
-7.2187e-07,0.048621,0.045434
-6.827e-07,0.04861,0.045601
-6.4275e-07,0.048603,0.045764
-6.022e-07,0.048601,0.045925
-5.6124e-07,0.048602,0.046083
-5.2004e-07,0.048607,0.046239
-4.7878e-07,0.048615,0.046391
-4.376e-07,0.048626,0.046541
-3.9668e-07,0.04864,0.046688
-3.5615e-07,0.048657,0.046832
-3.1616e-07,0.048677,0.046974
-2.7682e-07,0.048698,0.047113
-2.3827e-07,0.048722,0.047249
-2.0061e-07,0.048748,0.047384
-1.6394e-07,0.048775,0.047516
-1.2837e-07,0.048805,0.047646
-9.397e-08,0.048835,0.047775
-6.0826e-08,0.048867,0.047901
-2.9004e-08,0.0489,0.048026
1.4347e-09,0.048934,0.048149
3.0439e-08,0.048969,0.048271
5.7963e-08,0.049005,0.048392
8.3972e-08,0.049041,0.048511
1.0844e-07,0.049079,0.04863
1.3133e-07,0.049117,0.048747
1.5265e-07,0.049155,0.048864
1.7237e-07,0.049195,0.048979
1.9051e-07,0.049234,0.049095
2.0706e-07,0.049275,0.049209
2.2203e-07,0.049316,0.049323
2.3545e-07,0.049357,0.049437
2.4733e-07,0.049399,0.04955
2.577e-07,0.049442,0.049662
2.6659e-07,0.049485,0.049774
2.7403e-07,0.049529,0.049886
2.8007e-07,0.049574,0.049997
2.8474e-07,0.049619,0.050108
2.881e-07,0.049665,0.050218
2.9019e-07,0.049712,0.050328
2.9106e-07,0.04976,0.050437
2.9077e-07,0.049809,0.050545
2.8938e-07,0.049859,0.050652
2.8693e-07,0.04991,0.050759
2.8349e-07,0.049963,0.050864
2.7913e-07,0.050016,0.050969
2.7389e-07,0.050071,0.051072
2.6784e-07,0.050127,0.051174
2.6104e-07,0.050185,0.051274
2.5356e-07,0.050244,0.051373
2.4545e-07,0.050304,0.051469
2.3677e-07,0.050366,0.051564
2.2759e-07,0.050429,0.051657
2.1797e-07,0.050494,0.051748
2.0795e-07,0.050561,0.051837
1.9761e-07,0.050629,0.051923
1.8698e-07,0.050698,0.052006
1.7614e-07,0.050769,0.052087
1.6513e-07,0.050842,0.052165
1.5399e-07,0.050915,0.05224
1.4279e-07,0.05099,0.052311
1.3156e-07,0.051067,0.05238
1.2035e-07,0.051144,0.052445
1.092e-07,0.051223,0.052506
9.8161e-08,0.051303,0.052565
8.7257e-08,0.051383,0.052619
7.6528e-08,0.051464,0.05267
6.6008e-08,0.051546,0.052716
5.5728e-08,0.051629,0.052759
4.5715e-08,0.051712,0.052799
3.5997e-08,0.051795,0.052834
2.6595e-08,0.051878,0.052865
1.7533e-08,0.051961,0.052891
8.8279e-09,0.052044,0.052914
4.9765e-10,0.052126,0.052933
-7.4435e-09,0.052208,0.052948
-1.4983e-08,0.05229,0.052958
-2.2111e-08,0.05237,0.052965
-2.882e-08,0.052449,0.052967
-3.5102e-08,0.052527,0.052965
-4.0954e-08,0.052604,0.05296
-4.6374e-08,0.05268,0.05295
-5.136e-08,0.052753,0.052936
-5.5915e-08,0.052825,0.052919
-6.004e-08,0.052895,0.052898
-6.374e-08,0.052962,0.052873
-6.7021e-08,0.053028,0.052845
-6.989e-08,0.053091,0.052813
-7.2354e-08,0.053152,0.052778
-7.4424e-08,0.05321,0.052739
-7.611e-08,0.053265,0.052698
-7.7424e-08,0.053318,0.052653
-7.8377e-08,0.053368,0.052605
-7.8984e-08,0.053415,0.052555
-7.9257e-08,0.053459,0.052502
-7.9213e-08,0.0535,0.052446
-7.8865e-08,0.053539,0.052388
-7.823e-08,0.053574,0.052327
-7.7322e-08,0.053606,0.052264
-7.616e-08,0.053635,0.0522
-7.4758e-08,0.053662,0.052133
-7.3134e-08,0.053685,0.052064
-7.1305e-08,0.053705,0.051994
-6.9286e-08,0.053723,0.051922
-6.7095e-08,0.053738,0.051849
-6.4749e-08,0.05375,0.051774
-6.2263e-08,0.05376,0.051698
-5.9653e-08,0.053767,0.051621
-5.6936e-08,0.053771,0.051543
-5.4128e-08,0.053774,0.051464
-5.1242e-08,0.053774,0.051385
-4.8294e-08,0.053772,0.051304
-4.5299e-08,0.053769,0.051223
-4.2269e-08,0.053763,0.051142
-3.9219e-08,0.053757,0.05106
-3.6161e-08,0.053748,0.050978
-3.3107e-08,0.053739,0.050896
-3.0069e-08,0.053728,0.050813
-2.7057e-08,0.053716,0.05073
-2.4082e-08,0.053704,0.050647
-2.1155e-08,0.053691,0.050564
-1.8283e-08,0.053678,0.050481
-1.5475e-08,0.053664,0.050398
-1.274e-08,0.05365,0.050315
-1.0083e-08,0.053637,0.050232
-7.513e-09,0.053623,0.050149
-5.0342e-09,0.05361,0.050066
-2.6524e-09,0.053597,0.049983
-3.7208e-10,0.053585,0.0499
1.8026e-09,0.053574,0.049818
3.8683e-09,0.053563,0.049735
5.8222e-09,0.053554,0.049652
7.6619e-09,0.053545,0.049569
9.3858e-09,0.053538,0.049486
1.0993e-08,0.053532,0.049404
1.2482e-08,0.053527,0.04932
1.3853e-08,0.053524,0.049237
1.5106e-08,0.053522,0.049154
1.6242e-08,0.053522,0.04907
1.7263e-08,0.053523,0.048986
1.8169e-08,0.053526,0.048902
1.8962e-08,0.05353,0.048817
1.9645e-08,0.053536,0.048732
2.022e-08,0.053543,0.048646
2.0691e-08,0.053552,0.04856
2.1059e-08,0.053562,0.048474
2.1329e-08,0.053574,0.048387
2.1505e-08,0.053587,0.048299
2.1589e-08,0.053601,0.048211
2.1586e-08,0.053617,0.048122
2.15e-08,0.053634,0.048033
2.1335e-08,0.053651,0.047943
2.1096e-08,0.05367,0.047853
2.0786e-08,0.053689,0.047762
2.0411e-08,0.053709,0.04767
1.9975e-08,0.053729,0.047578
1.9483e-08,0.05375,0.047486
1.8938e-08,0.053771,0.047393
1.8346e-08,0.053792,0.0473
1.7711e-08,0.053812,0.047207
1.7038e-08,0.053833,0.047113
1.633e-08,0.053853,0.04702
1.5593e-08,0.053872,0.046926
1.483e-08,0.053891,0.046832
1.4046e-08,0.053908,0.046739
1.3245e-08,0.053925,0.046646
1.243e-08,0.05394,0.046553
1.1606e-08,0.053953,0.046461
1.0775e-08,0.053965,0.04637
9.9422e-09,0.053975,0.046279
9.1099e-09,0.053983,0.04619
8.2816e-09,0.053988,0.046101
7.4602e-09,0.053992,0.046013
6.6486e-09,0.053993,0.045927
5.8495e-09,0.053991,0.045843
5.0653e-09,0.053987,0.04576
4.2985e-09,0.05398,0.045679
3.551e-09,0.05397,0.045599
2.825e-09,0.053957,0.045522
2.1221e-09,0.05394,0.045447
1.444e-09,0.053921,0.045375
7.9222e-10,0.053898,0.045305
1.6794e-10,0.053871,0.045237
-4.2768e-10,0.053842,0.045172
-9.937e-10,0.053809,0.045111
-1.5293e-09,0.053772,0.045052
-2.0339e-09,0.053732,0.044996
-2.507e-09,0.053688,0.044944
-2.9482e-09,0.053641,0.044894
-3.3574e-09,0.05359,0.044848
-3.7344e-09,0.053536,0.044806
-4.0793e-09,0.053478,0.044767
-4.3923e-09,0.053417,0.044732
-4.6737e-09,0.053353,0.0447
-4.9239e-09,0.053285,0.044673
-5.1433e-09,0.053215,0.044648
-5.3327e-09,0.053141,0.044628
-5.4926e-09,0.053064,0.044611
-5.6238e-09,0.052985,0.044598
-5.7272e-09,0.052903,0.044589
-5.8037e-09,0.052818,0.044584
-5.8542e-09,0.052731,0.044582
-5.8798e-09,0.052641,0.044584
-5.8815e-09,0.05255,0.04459
-5.8605e-09,0.052456,0.044599
-5.8178e-09,0.052361,0.044612
-5.7548e-09,0.052265,0.044628
-5.6725e-09,0.052167,0.044647
-5.5723e-09,0.052067,0.04467
-5.4552e-09,0.051967,0.044696
-5.3227e-09,0.051866,0.044725
-5.1758e-09,0.051765,0.044756
-5.0159e-09,0.051663,0.044791
-4.8442e-09,0.051561,0.044828
-4.6618e-09,0.051459,0.044868
-4.47e-09,0.051358,0.044911
-4.2701e-09,0.051257,0.044955
-4.063e-09,0.051157,0.045002
-3.85e-09,0.051057,0.04505
-3.6322e-09,0.050959,0.045101
-3.4106e-09,0.050862,0.045153
-3.1862e-09,0.050767,0.045206
-2.9601e-09,0.050674,0.045261
-2.7332e-09,0.050582,0.045316
-2.5064e-09,0.050493,0.045373
-2.2806e-09,0.050406,0.04543
-2.0566e-09,0.050321,0.045488
-1.8352e-09,0.050239,0.045546
-1.6171e-09,0.05016,0.045605
-1.403e-09,0.050084,0.045663
-1.1935e-09,0.050011,0.045721
-9.8931e-10,0.049942,0.045779
-7.9086e-10,0.049876,0.045836
-5.9868e-10,0.049813,0.045893
-4.1321e-10,0.049754,0.045948
-2.3485e-10,0.049698,0.046003
-6.3953e-11,0.049647,0.046056
9.9169e-11,0.049599,0.046108
2.5425e-10,0.049555,0.046158
4.0108e-10,0.049515,0.046207
5.3947e-10,0.04948,0.046253
6.6928e-10,0.049448,0.046298
7.9043e-10,0.04942,0.046341
9.0284e-10,0.049396,0.046381
1.0065e-09,0.049377,0.046419
1.1014e-09,0.049361,0.046454
1.1876e-09,0.049349,0.046487
1.2652e-09,0.049342,0.046518
1.3343e-09,0.049338,0.046545
1.395e-09,0.049338,0.04657
1.4474e-09,0.049341,0.046592
1.4919e-09,0.049348,0.046611
1.5285e-09,0.049359,0.046628
1.5574e-09,0.049373,0.046641
1.5791e-09,0.04939,0.046652
1.5936e-09,0.04941,0.04666
1.6013e-09,0.049434,0.046664
1.6025e-09,0.049459,0.046667
1.5974e-09,0.049488,0.046666
1.5864e-09,0.049519,0.046663
1.5698e-09,0.049552,0.046657
1.548e-09,0.049587,0.046648
1.5212e-09,0.049624,0.046637
1.4898e-09,0.049662,0.046624
1.4541e-09,0.049702,0.046609
1.4145e-09,0.049743,0.046592
1.3713e-09,0.049786,0.046573
1.3249e-09,0.049828,0.046552
1.2755e-09,0.049872,0.04653
1.2235e-09,0.049915,0.046506
1.1693e-09,0.049959,0.046481
1.1131e-09,0.050003,0.046455
1.0552e-09,0.050046,0.046429
9.9598e-10,0.050089,0.046401
9.3571e-10,0.05013,0.046374
8.7466e-10,0.050171,0.046346
8.1311e-10,0.050211,0.046318
7.5131e-10,0.050249,0.046291
6.8951e-10,0.050286,0.046264
6.2796e-10,0.050321,0.046237
5.6687e-10,0.050354,0.046212
5.0647e-10,0.050384,0.046188
4.4695e-10,0.050413,0.046165
3.885e-10,0.050439,0.046144
3.313e-10,0.050462,0.046124
2.755e-10,0.050483,0.046107
2.2126e-10,0.050501,0.046092
1.6872e-10,0.050516,0.046079
1.1799e-10,0.050528,0.046069
6.9183e-11,0.050536,0.046061
2.2403e-11,0.050541,0.046057
-2.2269e-11,0.050543,0.046056
-6.4758e-11,0.050542,0.046058
-1.05e-10,0.050537,0.046064
-1.4296e-10,0.050529,0.046074
-1.7858e-10,0.050517,0.046087
-2.1184e-10,0.050501,0.046105
-2.4272e-10,0.050482,0.046126
-2.7122e-10,0.05046,0.046152
-2.9733e-10,0.050434,0.046183
-3.2108e-10,0.050404,0.046217
-3.4247e-10,0.050371,0.046257
-3.6154e-10,0.050335,0.046301
-3.7832e-10,0.050296,0.04635
-3.9285e-10,0.050253,0.046403
-4.0519e-10,0.050207,0.046461
-4.1539e-10,0.050158,0.046524
-4.2351e-10,0.050107,0.046592
-4.2961e-10,0.050052,0.046665
-4.3378e-10,0.049995,0.046743
-4.3607e-10,0.049936,0.046825
-4.3658e-10,0.049874,0.046912
-4.3538e-10,0.04981,0.047004
-4.3256e-10,0.049744,0.0471
-4.282e-10,0.049677,0.047201
-4.224e-10,0.049608,0.047307
-4.1525e-10,0.049538,0.047416
-4.0683e-10,0.049466,0.04753
-3.9723e-10,0.049394,0.047648
-3.8656e-10,0.049321,0.04777
-3.7489e-10,0.049248,0.047895
-3.6233e-10,0.049174,0.048025
-3.4897e-10,0.049101,0.048157
-3.3488e-10,0.049028,0.048293
-3.2017e-10,0.048955,0.048432
-3.0491e-10,0.048883,0.048573
-2.8919e-10,0.048813,0.048717
-2.731e-10,0.048743,0.048864
-2.567e-10,0.048676,0.049012
-2.4009e-10,0.048609,0.049163
-2.2334e-10,0.048545,0.049315
-2.0651e-10,0.048484,0.049468
-1.8967e-10,0.048424,0.049622
-1.7289e-10,0.048368,0.049777
-1.5623e-10,0.048314,0.049933
-1.3975e-10,0.048264,0.050089
-1.2351e-10,0.048216,0.050245
-1.0756e-10,0.048173,0.0504
-9.1934e-11,0.048133,0.050555
-7.669e-11,0.048097,0.050709
-6.1867e-11,0.048065,0.050862
-4.75e-11,0.048037,0.051013
-3.3625e-11,0.048013,0.051163
-2.0272e-11,0.047994,0.051311
-7.4667e-12,0.04798,0.051456
4.7662e-12,0.04797,0.051599
1.6407e-11,0.047965,0.051738
2.7437e-11,0.047965,0.051875
3.7845e-11,0.04797,0.052008
4.7618e-11,0.047979,0.052138
5.6749e-11,0.047994,0.052264
6.5233e-11,0.048014,0.052386
7.3067e-11,0.048039,0.052503
8.0252e-11,0.048069,0.052616
8.6791e-11,0.048104,0.052724
9.2688e-11,0.048144,0.052828
9.7951e-11,0.048189,0.052926
1.0259e-10,0.048239,0.053018
1.0662e-10,0.048294,0.053106
1.1004e-10,0.048354,0.053187
1.1288e-10,0.048419,0.053263
1.1515e-10,0.048488,0.053333
1.1688e-10,0.048562,0.053397
1.1807e-10,0.048641,0.053455
1.1875e-10,0.048724,0.053507
1.1894e-10,0.048812,0.053552
1.1866e-10,0.048903,0.053591
1.1794e-10,0.048999,0.053624
1.168e-10,0.049098,0.05365
1.1526e-10,0.049202,0.05367
1.1335e-10,0.049309,0.053684
1.1109e-10,0.049419,0.053692
1.0851e-10,0.049533,0.053693
1.0563e-10,0.04965,0.053688
1.0249e-10,0.04977,0.053677
9.9089e-11,0.049893,0.05366
9.5471e-11,0.050018,0.053637
9.1654e-11,0.050146,0.053609
8.7663e-11,0.050276,0.053575
8.3521e-11,0.050409,0.053535
7.9252e-11,0.050543,0.05349
7.4878e-11,0.050679,0.05344
7.0421e-11,0.050816,0.053385
6.5901e-11,0.050955,0.053325
6.134e-11,0.051095,0.05326
5.6756e-11,0.051237,0.053192
5.2168e-11,0.051378,0.053119
4.7595e-11,0.051521,0.053042
4.3053e-11,0.051664,0.052962
3.8558e-11,0.051807,0.052878
3.4126e-11,0.051951,0.052791
2.977e-11,0.052094,0.052701
2.5504e-11,0.052237,0.052609
2.1339e-11,0.05238,0.052514
1.7288e-11,0.052522,0.052417
1.3361e-11,0.052663,0.052318
9.5659e-12,0.052804,0.052217
5.9123e-12,0.052943,0.052115
2.4074e-12,0.053082,0.052012
-9.4227e-13,0.053218,0.051908
-4.1311e-12,0.053354,0.051803
-7.1544e-12,0.053488,0.051698
-1.0008e-11,0.053619,0.051593
-1.269e-11,0.053749,0.051488
-1.5196e-11,0.053877,0.051383
-1.7527e-11,0.054003,0.051278
-1.968e-11,0.054127,0.051175
-2.1657e-11,0.054248,0.051072
-2.3457e-11,0.054366,0.050971
-2.5082e-11,0.054482,0.050871
-2.6535e-11,0.054595,0.050772
-2.7817e-11,0.054705,0.050676
-2.8932e-11,0.054812,0.050581
-2.9883e-11,0.054916,0.050489
-3.0674e-11,0.055017,0.0504
-3.1309e-11,0.055114,0.050313
-3.1795e-11,0.055208,0.050229
-3.2135e-11,0.055299,0.050148
-3.2335e-11,0.055386,0.050071
-3.2401e-11,0.055469,0.049997
-3.2339e-11,0.055549,0.049927
-3.2156e-11,0.055625,0.049861
-3.1857e-11,0.055697,0.0498
-3.1449e-11,0.055765,0.049743
-3.0939e-11,0.055829,0.04969
-3.0334e-11,0.055889,0.049643
-2.9641e-11,0.055945,0.049601
-2.8866e-11,0.055997,0.049565
-2.8015e-11,0.056044,0.049535
-2.7097e-11,0.056087,0.04951
-2.6118e-11,0.056126,0.049492
-2.5084e-11,0.05616,0.049481
-2.4001e-11,0.05619,0.049476
-2.2877e-11,0.056216,0.049479
-2.1718e-11,0.056237,0.049489
-2.0529e-11,0.056254,0.049507
-1.9317e-11,0.056265,0.049533
-1.8087e-11,0.056273,0.049567
-1.6846e-11,0.056275,0.04961
-1.5598e-11,0.056274,0.049662
-1.4348e-11,0.056267,0.049724
-1.3101e-11,0.056255,0.049795
-1.1863e-11,0.056239,0.049875
-1.0637e-11,0.056218,0.049967
-9.4273e-12,0.056193,0.050068
-8.2382e-12,0.056162,0.050181
-7.0732e-12,0.056127,0.050304
-5.9356e-12,0.056087,0.050439
-4.8285e-12,0.056042,0.050586
-3.7547e-12,0.055992,0.050745
-2.7169e-12,0.055937,0.050916
-1.7173e-12,0.055878,0.051099
-7.5804e-13,0.055813,0.051295
1.5916e-13,0.055744,0.051504
1.0327e-12,0.055669,0.051726
1.8613e-12,0.05559,0.051961
2.6438e-12,0.055505,0.05221
3.3794e-12,0.055416,0.052473
4.0674e-12,0.055322,0.052749
4.7075e-12,0.055222,0.05304
5.2994e-12,0.055118,0.053344
5.8431e-12,0.055008,0.053662
6.3388e-12,0.054893,0.053995
6.7867e-12,0.054774,0.054342
7.1875e-12,0.054649,0.054703
7.5418e-12,0.054519,0.055078
7.8504e-12,0.054383,0.055467
8.1143e-12,0.054243,0.055871
8.3345e-12,0.054098,0.056288
8.5122e-12,0.053947,0.056719
8.6488e-12,0.053791,0.057164
8.7457e-12,0.05363,0.057622
8.8043e-12,0.053464,0.058093
8.8262e-12,0.053292,0.058577
8.8131e-12,0.053116,0.059073
8.7666e-12,0.052934,0.059582
8.6885e-12,0.052747,0.060103
8.5806e-12,0.052556,0.060635
8.4447e-12,0.052359,0.061177
8.2827e-12,0.052157,0.061731
8.0963e-12,0.05195,0.062294
7.8875e-12,0.051739,0.062866
7.658e-12,0.051523,0.063448
7.4098e-12,0.051302,0.064037
7.1447e-12,0.051076,0.064634
6.8646e-12,0.050846,0.065237
6.5711e-12,0.050612,0.065847
6.266e-12,0.050374,0.066461
5.9511e-12,0.050131,0.06708
5.6281e-12,0.049885,0.067703
5.2985e-12,0.049635,0.068328
4.964e-12,0.049381,0.068955
4.6261e-12,0.049124,0.069584
4.2862e-12,0.048864,0.070212
3.9457e-12,0.048601,0.070839
3.606e-12,0.048336,0.071465
3.2683e-12,0.048068,0.072087
2.9339e-12,0.047798,0.072706
2.6038e-12,0.047526,0.073321
2.2793e-12,0.047253,0.073929
1.9611e-12,0.046978,0.074531
1.6504e-12,0.046702,0.075125
1.3478e-12,0.046426,0.07571
1.0543e-12,0.04615,0.076285
7.705e-13,0.045873,0.07685
4.9703e-13,0.045597,0.077403
2.3448e-13,0.045321,0.077944
-1.6648e-14,0.045047,0.078471
-2.5593e-13,0.044774,0.078983
-4.8299e-13,0.044503,0.07948
-6.9754e-13,0.044234,0.079961
-8.9933e-13,0.043968,0.080425
-1.0882e-12,0.043705,0.080871
-1.264e-12,0.043445,0.081298
-1.4267e-12,0.043189,0.081706
-1.5762e-12,0.042937,0.082093
-1.7127e-12,0.04269,0.08246
-1.8361e-12,0.042448,0.082805
-1.9467e-12,0.042212,0.083128
-2.0446e-12,0.041981,0.083429
-2.13e-12,0.041757,0.083706
-2.2032e-12,0.04154,0.08396
-2.2644e-12,0.041329,0.08419
-2.3141e-12,0.041126,0.084396
-2.3525e-12,0.040931,0.084577
-2.3801e-12,0.040745,0.084734
-2.3972e-12,0.040567,0.084865
-2.4042e-12,0.040398,0.084972
-2.4016e-12,0.040238,0.085053
-2.39e-12,0.040089,0.085109
-2.3696e-12,0.039949,0.08514
-2.3411e-12,0.03982,0.085146
-2.3049e-12,0.039701,0.085126
-2.2615e-12,0.039594,0.085083
-2.2114e-12,0.039498,0.085014
-2.1551e-12,0.039413,0.084922
-2.0932e-12,0.03934,0.084806
-2.0262e-12,0.039279,0.084666
-1.9544e-12,0.03923,0.084504
-1.8785e-12,0.039194,0.084319
-1.7989e-12,0.03917,0.084112
-1.7162e-12,0.039158,0.083884
-1.6307e-12,0.03916,0.083635
-1.5429e-12,0.039174,0.083367
-1.4533e-12,0.039201,0.083078
-1.3623e-12,0.03924,0.082772
-1.2703e-12,0.039293,0.082447
-1.1777e-12,0.039358,0.082106
-1.085e-12,0.039437,0.081748
-9.9239e-13,0.039528,0.081375
-9.0033e-13,0.039631,0.080987
-8.0912e-13,0.039747,0.080586
-7.1907e-13,0.039875,0.080172
-6.3048e-13,0.040015,0.079746
-5.4361e-13,0.040167,0.07931
-4.5872e-13,0.040331,0.078863
-3.7605e-13,0.040506,0.078407
-2.9582e-13,0.040692,0.077943
-2.182e-13,0.040889,0.077472
-1.4339e-13,0.041096,0.076994
-7.1537e-14,0.041313,0.076511
-2.7796e-15,0.04154,0.076023
6.2762e-14,0.041777,0.075532
1.2498e-13,0.042022,0.075037
1.8381e-13,0.042275,0.074541
2.3916e-13,0.042536,0.074043
2.9099e-13,0.042805,0.073545
3.3927e-13,0.04308,0.073048
3.8398e-13,0.043362,0.072552
4.2511e-13,0.04365,0.072057
4.6267e-13,0.043943,0.071565
4.9668e-13,0.044241,0.071077
5.2718e-13,0.044544,0.070593
5.5422e-13,0.04485,0.070113
5.7786e-13,0.045159,0.069638
5.9816e-13,0.045471,0.069169
6.152e-13,0.045784,0.068707
6.2907e-13,0.046099,0.068251
6.3986e-13,0.046415,0.067803
6.4769e-13,0.046732,0.067363
6.5264e-13,0.047048,0.06693
6.5486e-13,0.047363,0.066507
6.5444e-13,0.047676,0.066093
6.5152e-13,0.047988,0.065688
6.4623e-13,0.048297,0.065293
6.3869e-13,0.048604,0.064908
6.2905e-13,0.048906,0.064533
6.1744e-13,0.049205,0.064169
6.0399e-13,0.049499,0.063815
5.8884e-13,0.049788,0.063473
5.7214e-13,0.050072,0.063141
5.5401e-13,0.05035,0.062821
5.346e-13,0.050621,0.062512
5.1404e-13,0.050886,0.062215
4.9247e-13,0.051144,0.061929
4.7001e-13,0.051394,0.061655
4.4679e-13,0.051636,0.061392
4.2294e-13,0.05187,0.06114
3.9858e-13,0.052095,0.0609
3.7382e-13,0.052312,0.060672
3.4879e-13,0.05252,0.060455
3.2359e-13,0.052718,0.060249
2.9832e-13,0.052907,0.060054
2.7309e-13,0.053086,0.059869
2.4799e-13,0.053255,0.059696
2.2311e-13,0.053414,0.059533
1.9854e-13,0.053563,0.05938
1.7436e-13,0.053702,0.059237
1.5065e-13,0.05383,0.059104
1.2746e-13,0.053948,0.058981
1.0487e-13,0.054055,0.058867
8.2937e-14,0.054152,0.058761
6.1713e-14,0.054238,0.058664
4.1248e-14,0.054314,0.058575
2.1584e-14,0.054379,0.058494
2.7602e-15,0.054434,0.058421
-1.5191e-14,0.054479,0.058355
-3.2241e-14,0.054513,0.058295
-4.8367e-14,0.054537,0.058241
-6.355e-14,0.054551,0.058194
-7.7775e-14,0.054556,0.058151
-9.1033e-14,0.054551,0.058114
-1.0332e-13,0.054536,0.058082
-1.1463e-13,0.054512,0.058053
-1.2497e-13,0.05448,0.058029
-1.3434e-13,0.054438,0.058007
-1.4275e-13,0.054388,0.057989
-1.5022e-13,0.05433,0.057973
-1.5676e-13,0.054264,0.057959
-1.6239e-13,0.05419,0.057946
-1.6712e-13,0.054109,0.057935
-1.71e-13,0.054021,0.057925
-1.7403e-13,0.053926,0.057914
-1.7624e-13,0.053825,0.057904
-1.7768e-13,0.053718,0.057894
-1.7836e-13,0.053605,0.057883
-1.7832e-13,0.053487,0.05787
-1.776e-13,0.053364,0.057857
-1.7623e-13,0.053236,0.057841
-1.7424e-13,0.053104,0.057824
-1.7168e-13,0.052969,0.057804
-1.6857e-13,0.05283,0.057781
-1.6496e-13,0.052688,0.057756
-1.6088e-13,0.052543,0.057727
-1.5637e-13,0.052396,0.057695
-1.5148e-13,0.052247,0.057659
-1.4623e-13,0.052096,0.05762
-1.4066e-13,0.051945,0.057577
-1.3481e-13,0.051792,0.057529
-1.2871e-13,0.05164,0.057478
-1.2241e-13,0.051487,0.057422
-1.1593e-13,0.051334,0.057361
-1.0931e-13,0.051182,0.057297
-1.0257e-13,0.051031,0.057227
-9.5762e-14,0.050882,0.057153
-8.89e-14,0.050734,0.057075
-8.2018e-14,0.050588,0.056992
-7.5143e-14,0.050445,0.056904
-6.83e-14,0.050304,0.056812
-6.1516e-14,0.050166,0.056716
-5.4812e-14,0.050031,0.056616
-4.8212e-14,0.049899,0.056511
-4.1737e-14,0.049771,0.056403
-3.5404e-14,0.049647,0.056291
-2.9231e-14,0.049527,0.056175
-2.3236e-14,0.049412,0.056056
-1.7433e-14,0.049301,0.055934
-1.1835e-14,0.049194,0.055809
-6.4538e-15,0.049092,0.055681
-1.3004e-15,0.048996,0.055551
3.6161e-15,0.048904,0.055419
8.288e-15,0.048818,0.055286
1.2709e-14,0.048737,0.055151
1.6873e-14,0.048661,0.055015
2.0777e-14,0.048591,0.054879
2.4417e-14,0.048527,0.054742
2.7793e-14,0.048468,0.054606
3.0903e-14,0.048415,0.05447
3.3748e-14,0.048367,0.054335
3.6329e-14,0.048325,0.054202
3.8649e-14,0.048288,0.054071
4.0712e-14,0.048257,0.053941
4.2521e-14,0.048232,0.053815
4.4081e-14,0.048212,0.053691
4.5397e-14,0.048198,0.053571
4.6478e-14,0.048189,0.053455
4.7328e-14,0.048185,0.053344
4.7956e-14,0.048186,0.053237
4.837e-14,0.048193,0.053135
4.8577e-14,0.048204,0.053039
4.8588e-14,0.04822,0.05295
4.8411e-14,0.048241,0.052866
4.8056e-14,0.048266,0.05279
4.7533e-14,0.048296,0.05272
4.685e-14,0.04833,0.052658
4.602e-14,0.048367,0.052604
4.505e-14,0.048409,0.052558
4.3953e-14,0.048454,0.052521
4.2738e-14,0.048503,0.052493
4.1415e-14,0.048555,0.052473
3.9994e-14,0.04861,0.052463
3.8487e-14,0.048668,0.052462
3.6901e-14,0.048728,0.052471
3.5248e-14,0.048791,0.05249
3.3536e-14,0.048856,0.052519
3.1776e-14,0.048923,0.052559
2.9976e-14,0.048991,0.052608
2.8144e-14,0.049061,0.052668
2.629e-14,0.049132,0.052739
2.4422e-14,0.049204,0.052819
2.2548e-14,0.049277,0.052911
2.0674e-14,0.04935,0.053013
1.8809e-14,0.049423,0.053125
1.6959e-14,0.049496,0.053248
1.513e-14,0.049569,0.053381
1.3328e-14,0.049642,0.053524
1.156e-14,0.049713,0.053677
9.8307e-15,0.049783,0.05384
8.1444e-15,0.049853,0.054013
6.5057e-15,0.04992,0.054195
4.919e-15,0.049986,0.054387
3.3877e-15,0.050049,0.054588
1.9152e-15,0.050111,0.054798
5.0444e-16,0.050169,0.055016
-8.4205e-16,0.050225,0.055242
-2.1221e-15,0.050279,0.055477
-3.3339e-15,0.050329,0.055719
-4.476e-15,0.050375,0.055969
-5.5472e-15,0.050418,0.056225
-6.5468e-15,0.050458,0.056488
-7.4743e-15,0.050493,0.056758
-8.3294e-15,0.050525,0.057033
-9.1122e-15,0.050552,0.057314
-9.8233e-15,0.050575,0.0576
-1.0463e-14,0.050593,0.05789
-1.1033e-14,0.050607,0.058185
-1.1533e-14,0.050616,0.058484
-1.1965e-14,0.05062,0.058786
-1.2331e-14,0.05062,0.059092
-1.2632e-14,0.050614,0.059399
-1.287e-14,0.050604,0.059709
-1.3048e-14,0.050589,0.060021
-1.3167e-14,0.050568,0.060334
-1.323e-14,0.050543,0.060647
-1.3238e-14,0.050512,0.060961
-1.3196e-14,0.050477,0.061275
-1.3104e-14,0.050437,0.061588
-1.2966e-14,0.050392,0.061901
-1.2785e-14,0.050342,0.062212
-1.2563e-14,0.050287,0.062521
-1.2303e-14,0.050228,0.062828
-1.2008e-14,0.050164,0.063132
-1.168e-14,0.050096,0.063433
-1.1323e-14,0.050024,0.06373
-1.0938e-14,0.049947,0.064023
-1.053e-14,0.049867,0.064312
-1.01e-14,0.049783,0.064596
-9.652e-15,0.049695,0.064875
-9.1873e-15,0.049604,0.065149
-8.7091e-15,0.04951,0.065416
-8.2197e-15,0.049413,0.065678
-7.7217e-15,0.049313,0.065932
-7.2172e-15,0.049211,0.06618
-6.7086e-15,0.049106,0.06642
-6.198e-15,0.048999,0.066653
-5.6875e-15,0.048891,0.066877
-5.1791e-15,0.048781,0.067094
-4.6745e-15,0.04867,0.067302
-4.1756e-15,0.048557,0.067501
-3.684e-15,0.048444,0.067691
-3.2013e-15,0.04833,0.067872
-2.7289e-15,0.048216,0.068043
-2.2682e-15,0.048102,0.068205
-1.8203e-15,0.047988,0.068357
-1.3865e-15,0.047874,0.068499
-9.6763e-16,0.047762,0.068631
-5.6472e-16,0.04765,0.068753
-1.7854e-16,0.047539,0.068864
1.9021e-16,0.047429,0.068965
5.4091e-16,0.047322,0.069055
8.7308e-16,0.047216,0.069135
1.1863e-15,0.047112,0.069204
1.4802e-15,0.04701,0.069262
1.7547e-15,0.046911,0.06931
2.0095e-15,0.046814,0.069347
2.2446e-15,0.046721,0.069373
2.46e-15,0.04663,0.069389
2.6558e-15,0.046543,0.069395
2.8322e-15,0.046459,0.06939
2.9894e-15,0.046378,0.069375
3.1277e-15,0.046302,0.06935
3.2475e-15,0.046229,0.069315
3.3491e-15,0.04616,0.069271
3.433e-15,0.046096,0.069216
3.4998e-15,0.046035,0.069153
3.55e-15,0.04598,0.06908
3.5841e-15,0.045928,0.068998
3.6028e-15,0.045881,0.068908
3.6067e-15,0.045839,0.068809
3.5966e-15,0.045802,0.068702
3.5731e-15,0.045769,0.068588
3.5369e-15,0.045742,0.068465
3.4887e-15,0.045719,0.068336
3.4294e-15,0.045701,0.0682
3.3597e-15,0.045689,0.068057
3.2803e-15,0.045681,0.067908
3.1919e-15,0.045679,0.067754
3.0954e-15,0.045681,0.067594
2.9916e-15,0.045689,0.067428
2.881e-15,0.045701,0.067258
2.7645e-15,0.045718,0.067084
2.6429e-15,0.045741,0.066906
2.5168e-15,0.045768,0.066725
2.3869e-15,0.0458,0.06654
2.2539e-15,0.045837,0.066353
2.1184e-15,0.045878,0.066163
1.9811e-15,0.045924,0.065972
1.8427e-15,0.045974,0.065779
1.7036e-15,0.046028,0.065585
1.5645e-15,0.046087,0.06539
1.4259e-15,0.046149,0.065195
1.2883e-15,0.046215,0.065
1.1522e-15,0.046285,0.064806
1.0181e-15,0.046358,0.064612
8.8631e-16,0.046434,0.06442
7.573e-16,0.046514,0.064229
6.3142e-16,0.046596,0.064041
5.0902e-16,0.04668,0.063854
3.904e-16,0.046767,0.063671
2.7585e-16,0.046856,0.06349
1.656e-16,0.046947,0.063312
5.9895e-17,0.047039,0.063139
-4.1083e-17,0.047133,0.062969
-1.3716e-16,0.047227,0.062803
-2.2821e-16,0.047322,0.062641
-3.141e-16,0.047418,0.062484
-3.9475e-16,0.047513,0.062332
-4.7009e-16,0.047609,0.062184
-5.4009e-16,0.047704,0.062042
-6.0472e-16,0.047798,0.061905
-6.6398e-16,0.047891,0.061774
-7.1791e-16,0.047982,0.061648
-7.6653e-16,0.048072,0.061527
-8.0993e-16,0.04816,0.061413
-8.4816e-16,0.048246,0.061303
-8.8133e-16,0.048329,0.0612
-9.0955e-16,0.048409,0.061102
-9.3294e-16,0.048486,0.061011
-9.5163e-16,0.04856,0.060924
-9.6578e-16,0.04863,0.060844
-9.7555e-16,0.048696,0.060769
-9.8109e-16,0.048759,0.060699
-9.826e-16,0.048817,0.060635
-9.8024e-16,0.04887,0.060576
-9.7422e-16,0.048919,0.060522
-9.6473e-16,0.048963,0.060473
-9.5197e-16,0.049002,0.060429
-9.3613e-16,0.049036,0.060389
-9.1743e-16,0.049064,0.060354
-8.9607e-16,0.049087,0.060323
-8.7227e-16,0.049105,0.060297
-8.4621e-16,0.049117,0.060274
-8.1812e-16,0.049124,0.060254
-7.882e-16,0.049125,0.060238
-7.5664e-16,0.04912,0.060225
-7.2364e-16,0.04911,0.060215
-6.8941e-16,0.049094,0.060208
-6.5412e-16,0.049072,0.060203
-6.1797e-16,0.049045,0.0602
-5.8114e-16,0.049013,0.060199
-5.4379e-16,0.048975,0.0602
-5.061e-16,0.048932,0.060202
-4.6823e-16,0.048884,0.060205
-4.3033e-16,0.048831,0.060209
-3.9255e-16,0.048774,0.060214
-3.5504e-16,0.048712,0.06022
-3.1791e-16,0.048645,0.060225
-2.813e-16,0.048575,0.060231
-2.4533e-16,0.048501,0.060236
-2.101e-16,0.048423,0.060241
-1.7571e-16,0.048342,0.060245
-1.4226e-16,0.048258,0.060248
-1.0983e-16,0.048171,0.060251
-7.8496e-17,0.048081,0.060252
-4.8332e-17,0.04799,0.060251
-1.9399e-17,0.047897,0.060249
8.2522e-18,0.047802,0.060246
3.4574e-17,0.047707,0.06024
5.9526e-17,0.04761,0.060232
8.3079e-17,0.047513,0.060222
1.0521e-16,0.047416,0.06021
1.2589e-16,0.047319,0.060195
1.4512e-16,0.047223,0.060178
1.6288e-16,0.047128,0.060158
1.7919e-16,0.047035,0.060136
1.9403e-16,0.046943,0.060111
2.0744e-16,0.046853,0.060082
2.1941e-16,0.046765,0.060051
2.2998e-16,0.04668,0.060017
2.3917e-16,0.046598,0.05998
2.47e-16,0.046519,0.059941
2.5351e-16,0.046444,0.059898
2.5874e-16,0.046373,0.059852
2.6273e-16,0.046305,0.059803
2.6552e-16,0.046243,0.059751
2.6715e-16,0.046184,0.059696
2.6768e-16,0.046131,0.059639
2.6715e-16,0.046083,0.059579
2.6562e-16,0.046039,0.059516
2.6313e-16,0.046001,0.05945
2.5975e-16,0.045969,0.059382
2.5552e-16,0.045942,0.059311
2.5051e-16,0.045921,0.059238
2.4477e-16,0.045905,0.059164
2.3836e-16,0.045896,0.059086
2.3132e-16,0.045892,0.059008
2.2373e-16,0.045894,0.058927
2.1563e-16,0.045901,0.058845
2.0708e-16,0.045914,0.058761
1.9813e-16,0.045933,0.058676
1.8884e-16,0.045958,0.05859
1.7925e-16,0.045988,0.058504
1.6943e-16,0.046023,0.058416
1.5941e-16,0.046064,0.058328
1.4925e-16,0.046109,0.05824
1.3899e-16,0.046159,0.058152
1.2868e-16,0.046214,0.058064
1.1835e-16,0.046273,0.057976
1.0806e-16,0.046336,0.057889
9.7828e-17,0.046403,0.057803
8.7701e-17,0.046474,0.057717
7.7712e-17,0.046548,0.057633
6.7891e-17,0.046624,0.05755
5.827e-17,0.046704,0.057469
4.8876e-17,0.046786,0.057389
3.9734e-17,0.046869,0.057312
3.0869e-17,0.046955,0.057236
2.23e-17,0.047042,0.057163
1.4048e-17,0.04713,0.057093
6.1283e-18,0.047218,0.057025
-1.443e-18,0.047307,0.05696
-8.6534e-18,0.047396,0.056898
-1.5492e-17,0.047484,0.05684
-2.195e-17,0.047572,0.056785
-2.802e-17,0.047659,0.056733
-3.3698e-17,0.047744,0.056686
-3.8979e-17,0.047828,0.056642
-4.3862e-17,0.047909,0.056602
-4.8347e-17,0.047988,0.056566
-5.2435e-17,0.048065,0.056534
-5.6129e-17,0.048139,0.056507
-5.9434e-17,0.048209,0.056484
-6.2354e-17,0.048276,0.056466
-6.4897e-17,0.04834,0.056453
-6.707e-17,0.048399,0.056444
-6.8883e-17,0.048455,0.056439
-7.0346e-17,0.048506,0.05644
-7.1469e-17,0.048552,0.056446
-7.2263e-17,0.048594,0.056456
-7.2742e-17,0.048632,0.056471
-7.2918e-17,0.048664,0.056492
-7.2805e-17,0.048691,0.056517
-7.2416e-17,0.048714,0.056547
-7.1767e-17,0.048731,0.056583
-7.0871e-17,0.048743,0.056623
-6.9745e-17,0.04875,0.056669
-6.8402e-17,0.048752,0.056719
-6.6859e-17,0.048748,0.056774
-6.5131e-17,0.04874,0.056834
-6.3232e-17,0.048727,0.056899
-6.1179e-17,0.048708,0.056969
-5.8987e-17,0.048685,0.057043
-5.667e-17,0.048657,0.057122
-5.4244e-17,0.048625,0.057206
-5.1722e-17,0.048588,0.057294
-4.912e-17,0.048547,0.057386
-4.645e-17,0.048503,0.057483
-4.3726e-17,0.048454,0.057583
-4.0962e-17,0.048402,0.057688
-3.817e-17,0.048347,0.057797
-3.5361e-17,0.048288,0.057909
-3.2548e-17,0.048227,0.058025
-2.9742e-17,0.048163,0.058145
-2.6953e-17,0.048097,0.058267
-2.4191e-17,0.04803,0.058393
-2.1465e-17,0.04796,0.058522
-1.8784e-17,0.04789,0.058654
-1.6157e-17,0.047818,0.058788
-1.3591e-17,0.047746,0.058925
-1.1093e-17,0.047673,0.059063
-8.6689e-18,0.047601,0.059204
-6.3256e-18,0.047529,0.059347
-4.0679e-18,0.047457,0.059491
-1.9004e-18,0.047386,0.059636
1.7261e-19,0.047317,0.059782
2.1477e-18,0.047249,0.05993
4.0218e-18,0.047183,0.060078
5.7925e-18,0.047119,0.060226
7.4578e-18,0.047057,0.060374
9.0161e-18,0.046998,0.060522
1.0467e-17,0.046941,0.06067
1.1809e-17,0.046888,0.060817
1.3042e-17,0.046838,0.060963
1.4168e-17,0.046792,0.061108
1.5186e-17,0.046749,0.061251
1.6097e-17,0.04671,0.061393
1.6904e-17,0.046675,0.061532
1.7608e-17,0.046644,0.06167
1.8211e-17,0.046618,0.061804
1.8716e-17,0.046595,0.061936
1.9124e-17,0.046577,0.062065
1.944e-17,0.046563,0.062191
1.9666e-17,0.046554,0.062313
1.9806e-17,0.046549,0.062432
1.9863e-17,0.046549,0.062546
1.984e-17,0.046553,0.062656
1.9742e-17,0.046562,0.062762
1.9573e-17,0.046575,0.062863
1.9336e-17,0.046593,0.062959
1.9036e-17,0.046614,0.063051
1.8676e-17,0.04664,0.063137
1.8262e-17,0.04667,0.063218
1.7796e-17,0.046704,0.063293
1.7284e-17,0.046742,0.063362
1.6729e-17,0.046783,0.063426
1.6136e-17,0.046828,0.063484
1.5508e-17,0.046876,0.063536
1.485e-17,0.046928,0.063582
1.4166e-17,0.046982,0.063621
1.3459e-17,0.04704,0.063655
1.2734e-17,0.0471,0.063682
1.1993e-17,0.047162,0.063703
1.1241e-17,0.047227,0.063718
1.0481e-17,0.047294,0.063726
9.7165e-18,0.047363,0.063728
8.9502e-18,0.047433,0.063724
8.1854e-18,0.047504,0.063714
7.4249e-18,0.047577,0.063697
6.6716e-18,0.047651,0.063675
5.9278e-18,0.047726,0.063646
5.1961e-18,0.047801,0.063612
4.4787e-18,0.047876,0.063572
3.7777e-18,0.047951,0.063526
3.0951e-18,0.048027,0.063475
2.4326e-18,0.048102,0.063418
1.7918e-18,0.048176,0.063357
1.1741e-18,0.04825,0.06329
5.8094e-19,0.048323,0.063219
1.3358e-20,0.048395,0.063143
-5.2764e-19,0.048466,0.063063
-1.0412e-18,0.048535,0.062978
-1.5267e-18,0.048603,0.06289
-1.9835e-18,0.048669,0.062798
-2.4112e-18,0.048734,0.062703
-2.8095e-18,0.048796,0.062605
-3.1784e-18,0.048856,0.062504
-3.5176e-18,0.048914,0.062401
-3.8274e-18,0.04897,0.062295
-4.1079e-18,0.049024,0.062187
-4.3594e-18,0.049075,0.062078
-4.5823e-18,0.049124,0.061967
-4.7771e-18,0.04917,0.061855
-4.9443e-18,0.049214,0.061743
-5.0846e-18,0.049255,0.06163
-5.1988e-18,0.049293,0.061517
-5.2875e-18,0.049329,0.061403
-5.3517e-18,0.049362,0.061291
-5.3923e-18,0.049393,0.061179
-5.4102e-18,0.04942,0.061068
-5.4064e-18,0.049446,0.060958
-5.3819e-18,0.049468,0.06085
-5.3379e-18,0.049489,0.060743
-5.2753e-18,0.049506,0.060639
-5.1954e-18,0.049522,0.060536
-5.0991e-18,0.049535,0.060437
-4.9878e-18,0.049546,0.06034
-4.8624e-18,0.049554,0.060246
-4.7242e-18,0.049561,0.060155
-4.5743e-18,0.049565,0.060067
-4.4137e-18,0.049568,0.059984
-4.2437e-18,0.049568,0.059903
-4.0653e-18,0.049568,0.059827
-3.8797e-18,0.049565,0.059755
-3.6878e-18,0.049561,0.059687
-3.4906e-18,0.049555,0.059623
-3.2893e-18,0.049549,0.059564
-3.0848e-18,0.04954,0.059509
-2.8779e-18,0.049531,0.059459
-2.6697e-18,0.049521,0.059414
-2.461e-18,0.04951,0.059374
-2.2525e-18,0.049498,0.059338
-2.0452e-18,0.049485,0.059307
-1.8397e-18,0.049472,0.059281
-1.6368e-18,0.049458,0.05926
-1.4371e-18,0.049444,0.059244
-1.2412e-18,0.049429,0.059233
-1.0497e-18,0.049413,0.059226
-8.632e-19,0.049398,0.059225
-6.8209e-19,0.049382,0.059228
-5.0686e-19,0.049365,0.059236
-3.379e-19,0.049349,0.059249
-1.7557e-19,0.049332,0.059266
-2.0173e-20,0.049315,0.059287
1.28e-19,0.049298,0.059313
2.6873e-19,0.049281,0.059344
4.0183e-19,0.049264,0.059378
5.2712e-19,0.049246,0.059416
6.4451e-19,0.049228,0.059458
7.539e-19,0.04921,0.059504
8.5525e-19,0.049192,0.059553
9.4855e-19,0.049173,0.059606
1.0338e-18,0.049155,0.059662
1.1111e-18,0.049135,0.05972
1.1805e-18,0.049116,0.059782
1.242e-18,0.049096,0.059846
1.2959e-18,0.049075,0.059913
1.3423e-18,0.049054,0.059981
1.3813e-18,0.049032,0.060052
1.4132e-18,0.04901,0.060125
1.4381e-18,0.048987,0.060199
1.4563e-18,0.048963,0.060274
1.468e-18,0.048939,0.060351
1.4736e-18,0.048913,0.060429
1.4732e-18,0.048887,0.060508
1.4671e-18,0.048859,0.060587
1.4557e-18,0.048831,0.060667
1.4392e-18,0.048802,0.060747
1.4179e-18,0.048772,0.060827
1.3921e-18,0.04874,0.060907
1.3622e-18,0.048708,0.060987
1.3285e-18,0.048674,0.061066
1.2912e-18,0.04864,0.061145
1.2507e-18,0.048604,0.061223
1.2073e-18,0.048568,0.061301
1.1612e-18,0.04853,0.061377
1.1129e-18,0.048491,0.061453
1.0625e-18,0.048451,0.061527
1.0104e-18,0.048411,0.0616
9.5682e-19,0.048369,0.061672
9.0209e-19,0.048327,0.061742
8.4645e-19,0.048284,0.061811
7.9016e-19,0.048241,0.061879
7.3347e-19,0.048197,0.061944
6.7661e-19,0.048152,0.062009
6.1981e-19,0.048107,0.062071
5.6328e-19,0.048062,0.062132
5.0724e-19,0.048016,0.062192
4.5188e-19,0.047971,0.062249
3.9737e-19,0.047925,0.062305
3.4389e-19,0.04788,0.06236
2.9159e-19,0.047835,0.062412
2.4062e-19,0.04779,0.062463
1.9112e-19,0.047746,0.062513
1.4321e-19,0.047703,0.062561
9.6988e-20,0.047661,0.062607
5.2565e-20,0.047619,0.062652
1.0023e-20,0.047579,0.062696
-3.056e-20,0.04754,0.062738
-6.9122e-20,0.047502,0.062778
-1.0561e-19,0.047466,0.062818
-1.3997e-19,0.047431,0.062856
-1.7219e-19,0.047398,0.062894
-2.0222e-19,0.047367,0.06293
-2.3007e-19,0.047338,0.062965
-2.5573e-19,0.047311,0.062999
-2.7919e-19,0.047286,0.063033
-3.0048e-19,0.047263,0.063065
-3.1962e-19,0.047243,0.063097
-3.3662e-19,0.047225,0.063128
-3.5152e-19,0.04721,0.063159
-3.6438e-19,0.047197,0.063188
-3.7522e-19,0.047187,0.063218
-3.8411e-19,0.047179,0.063246
-3.911e-19,0.047174,0.063274
-3.9626e-19,0.047172,0.063302
-3.9965e-19,0.047172,0.063329
-4.0134e-19,0.047176,0.063356
-4.014e-19,0.047182,0.063382
-3.9991e-19,0.04719,0.063408
-3.9695e-19,0.047202,0.063433
-3.926e-19,0.047215,0.063458
-3.8694e-19,0.047232,0.063482
-3.8006e-19,0.047251,0.063506
-3.7203e-19,0.047272,0.063529
-3.6295e-19,0.047296,0.063552
-3.529e-19,0.047322,0.063574
-3.4195e-19,0.04735,0.063596
-3.302e-19,0.04738,0.063616
-3.1773e-19,0.047411,0.063636
-3.0463e-19,0.047445,0.063656
-2.9096e-19,0.04748,0.063674
-2.7681e-19,0.047517,0.063691
-2.6226e-19,0.047555,0.063708
-2.4738e-19,0.047594,0.063723
-2.3225e-19,0.047633,0.063737
-2.1693e-19,0.047674,0.06375
-2.015e-19,0.047715,0.063762
-1.8601e-19,0.047757,0.063773
-1.7053e-19,0.047799,0.063782
-1.5512e-19,0.047841,0.06379
-1.3984e-19,0.047882,0.063796
-1.2473e-19,0.047924,0.063801
-1.0986e-19,0.047965,0.063804
-9.5256e-20,0.048005,0.063805
-8.0972e-20,0.048044,0.063805
-6.7047e-20,0.048082,0.063802
-5.3516e-20,0.048119,0.063798
-4.0415e-20,0.048155,0.063792
-2.7772e-20,0.048189,0.063784
-1.5616e-20,0.048221,0.063774
-3.9702e-21,0.048252,0.063762
7.1444e-21,0.048281,0.063748
1.771e-20,0.048308,0.063732
2.7711e-20,0.048332,0.063714
3.7137e-20,0.048355,0.063694
4.5976e-20,0.048375,0.063671
5.4224e-20,0.048392,0.063647
6.1876e-20,0.048407,0.063621
6.893e-20,0.04842,0.063592
7.5387e-20,0.04843,0.063561
8.1251e-20,0.048438,0.063529
8.6527e-20,0.048443,0.063494
9.1221e-20,0.048446,0.063458
9.5344e-20,0.048446,0.06342
9.8906e-20,0.048443,0.06338
1.0192e-19,0.048438,0.063338
1.044e-19,0.048431,0.063295
1.0636e-19,0.048421,0.06325
1.0782e-19,0.048409,0.063203
1.0879e-19,0.048395,0.063155
1.093e-19,0.048379,0.063106
1.0937e-19,0.048361,0.063056
1.0901e-19,0.048341,0.063005
1.0824e-19,0.048319,0.062953
1.071e-19,0.048296,0.0629
1.0559e-19,0.048272,0.062846
1.0375e-19,0.048246,0.062792
1.016e-19,0.048219,0.062737
9.9156e-20,0.048191,0.062682
9.6445e-20,0.048162,0.062627
9.3489e-20,0.048133,0.062572
9.0311e-20,0.048104,0.062517
8.6935e-20,0.048074,0.062462
8.3382e-20,0.048044,0.062408
7.9674e-20,0.048014,0.062354
7.5834e-20,0.047985,0.0623
7.1881e-20,0.047956,0.062248
6.7837e-20,0.047928,0.062196
6.3721e-20,0.047901,0.062145
5.9552e-20,0.047875,0.062095
5.535e-20,0.047851,0.062047
5.1132e-20,0.047828,0.061999
4.6915e-20,0.047806,0.061953
4.2714e-20,0.047786,0.061909
3.8547e-20,0.047769,0.061866
3.4426e-20,0.047753,0.061824
3.0366e-20,0.04774,0.061784
2.6379e-20,0.047729,0.061746
2.2478e-20,0.047721,0.061709
1.8674e-20,0.047715,0.061675
1.4975e-20,0.047713,0.061642
1.1393e-20,0.047713,0.06161
7.9353e-21,0.047716,0.061581
4.609e-21,0.047723,0.061553
1.421e-21,0.047732,0.061527
-1.6228e-21,0.047745,0.061502
-4.5176e-21,0.047761,0.06148
-7.259e-21,0.04778,0.061459
-9.8439e-21,0.047803,0.061439
-1.2269e-20,0.047829,0.061421
-1.4534e-20,0.047859,0.061404
-1.6636e-20,0.047891,0.061389
-1.8576e-20,0.047928,0.061375
-2.0352e-20,0.047967,0.061362
-2.1967e-20,0.04801,0.06135
-2.3422e-20,0.048056,0.061339
-2.4718e-20,0.048105,0.061329
-2.5858e-20,0.048157,0.061319
-2.6845e-20,0.048212,0.06131
-2.7682e-20,0.04827,0.061301
-2.8373e-20,0.048331,0.061292
-2.8922e-20,0.048395,0.061284
-2.9334e-20,0.048461,0.061275
-2.9614e-20,0.048529,0.061266
-2.9766e-20,0.0486,0.061257
-2.9796e-20,0.048673,0.061247
-2.9711e-20,0.048748,0.061237
-2.9515e-20,0.048825,0.061226
-2.9214e-20,0.048903,0.061214
-2.8814e-20,0.048983,0.061201
-2.8323e-20,0.049064,0.061186
-2.7745e-20,0.049147,0.061171
-2.7088e-20,0.04923,0.061154
-2.6357e-20,0.049315,0.061135
-2.5559e-20,0.049399,0.061115
-2.4699e-20,0.049485,0.061093
-2.3785e-20,0.04957,0.061069
-2.2822e-20,0.049656,0.061043
-2.1816e-20,0.049742,0.061015
-2.0774e-20,0.049827,0.060985
-1.97e-20,0.049912,0.060953
-1.8601e-20,0.049996,0.060919
-1.7482e-20,0.050079,0.060883
-1.6347e-20,0.050162,0.060845
-1.5203e-20,0.050243,0.060804
-1.4055e-20,0.050323,0.060762
-1.2905e-20,0.050401,0.060717
-1.1761e-20,0.050478,0.06067
-1.0624e-20,0.050553,0.060621
-9.4999e-21,0.050626,0.060569
-8.3919e-21,0.050697,0.060516
-7.3036e-21,0.050766,0.060461
-6.2382e-21,0.050833,0.060404
-5.1987e-21,0.050897,0.060345
-4.188e-21,0.050959,0.060285
-3.2086e-21,0.051018,0.060223
-2.2628e-21,0.051075,0.060159
-1.3527e-21,0.051129,0.060094
-4.8004e-22,0.051181,0.060028
3.535e-22,0.051229,0.059961
1.1466e-21,0.051275,0.059893
1.898e-21,0.051318,0.059824
2.6068e-21,0.051359,0.059754
3.2723e-21,0.051396,0.059684
3.894e-21,0.051431,0.059613
4.4715e-21,0.051462,0.059542
5.0047e-21,0.051491,0.059471
5.4936e-21,0.051517,0.0594
5.9383e-21,0.051541,0.059329
6.3393e-21,0.051562,0.059259
6.697e-21,0.05158,0.059189
7.0122e-21,0.051595,0.05912
7.2855e-21,0.051608,0.059052
7.5179e-21,0.051619,0.058985
7.7104e-21,0.051627,0.058919
7.8642e-21,0.051633,0.058854
7.9805e-21,0.051637,0.058791
8.0605e-21,0.051638,0.05873
8.1058e-21,0.051638,0.05867
8.1176e-21,0.051635,0.058613
8.0976e-21,0.051631,0.058557
8.0474e-21,0.051625,0.058504
7.9685e-21,0.051618,0.058453
7.8626e-21,0.051609,0.058404
7.7313e-21,0.051598,0.058358
7.5765e-21,0.051586,0.058314
7.3997e-21,0.051573,0.058274
7.2026e-21,0.051559,0.058236
6.9871e-21,0.051544,0.058201
6.7547e-21,0.051528,0.058169
6.5073e-21,0.051511,0.05814
6.2463e-21,0.051493,0.058115
5.9735e-21,0.051474,0.058092
5.6905e-21,0.051456,0.058073
5.3989e-21,0.051436,0.058057
5.1001e-21,0.051416,0.058044
4.7957e-21,0.051396,0.058035
4.4871e-21,0.051375,0.058029
4.1757e-21,0.051355,0.058026
3.8629e-21,0.051334,0.058027
3.5498e-21,0.051313,0.058031
3.2377e-21,0.051292,0.058039
2.9278e-21,0.051271,0.058049
2.6211e-21,0.05125,0.058064
2.3188e-21,0.051229,0.058081
2.0217e-21,0.051208,0.058102
1.7307e-21,0.051187,0.058125
1.4468e-21,0.051167,0.058152
1.1705e-21,0.051146,0.058182
9.0277e-22,0.051126,0.058216
6.4409e-22,0.051106,0.058252
3.9507e-22,0.051085,0.058291
1.5621e-22,0.051065,0.058333
-7.2036e-23,0.051045,0.058377
-2.893e-22,0.051025,0.058425
-4.9524e-22,0.051006,0.058474
-6.8962e-22,0.050986,0.058527
-8.7222e-22,0.050966,0.058582
-1.0429e-21,0.050946,0.058639
-1.2015e-21,0.050926,0.058698
-1.3481e-21,0.050906,0.058759
-1.4826e-21,0.050886,0.058822
-1.605e-21,0.050865,0.058887
-1.7156e-21,0.050845,0.058954
-1.8143e-21,0.050824,0.059023
-1.9014e-21,0.050803,0.059092
-1.9771e-21,0.050781,0.059163
-2.0416e-21,0.050759,0.059235
-2.0952e-21,0.050737,0.059308
-2.1382e-21,0.050714,0.059382
-2.171e-21,0.050691,0.059457
-2.1939e-21,0.050667,0.059532
-2.2072e-21,0.050642,0.059607
-2.2114e-21,0.050617,0.059682
-2.2069e-21,0.050591,0.059758
-2.1941e-21,0.050565,0.059833
-2.1734e-21,0.050538,0.059907
-2.1454e-21,0.05051,0.059981
-2.1103e-21,0.050481,0.060054
-2.0688e-21,0.050451,0.060126
-2.0213e-21,0.050421,0.060197
-1.9682e-21,0.050389,0.060266
-1.91e-21,0.050357,0.060334
-1.8472e-21,0.050324,0.0604
-1.7802e-21,0.05029,0.060464
-1.7095e-21,0.050255,0.060525
-1.6355e-21,0.050219,0.060584
-1.5587e-21,0.050183,0.06064
-1.4795e-21,0.050145,0.060694
-1.3983e-21,0.050106,0.060744
-1.3155e-21,0.050066,0.060791
-1.2316e-21,0.050026,0.060835
-1.1468e-21,0.049984,0.060875
-1.0616e-21,0.049941,0.060911
-9.7631e-22,0.049898,0.060944
-8.9125e-22,0.049853,0.060972
-8.0675e-22,0.049807,0.060995
-7.231e-22,0.049761,0.061015
-6.4059e-22,0.049713,0.06103
-5.5949e-22,0.049665,0.06104
-4.8004e-22,0.049616,0.061045
-4.0246e-22,0.049565,0.061045
-3.2698e-22,0.049514,0.06104
-2.5377e-22,0.049462,0.06103
-1.8303e-22,0.049409,0.061015
-1.149e-22,0.049356,0.060994
-4.9521e-23,0.049301,0.060968
1.2978e-23,0.049246,0.060937
7.2494e-23,0.04919,0.0609
1.2894e-22,0.049133,0.060858
1.8224e-22,0.049076,0.06081
2.3233e-22,0.049018,0.060757
2.7918e-22,0.048959,0.060698
3.2275e-22,0.0489,0.060634
3.6304e-22,0.048841,0.060564
4.0003e-22,0.048781,0.060489
4.3375e-22,0.04872,0.060409
4.6421e-22,0.04866,0.060324
4.9145e-22,0.048599,0.060233
5.1553e-22,0.048537,0.060138
5.3648e-22,0.048476,0.060037
5.5439e-22,0.048415,0.059932
5.6931e-22,0.048353,0.059822
5.8135e-22,0.048292,0.059708
5.9057e-22,0.048231,0.059589
5.9709e-22,0.04817,0.059466
6.01e-22,0.04811,0.059339
6.0242e-22,0.04805,0.059209
6.0144e-22,0.04799,0.059075
5.9819e-22,0.047932,0.058937
5.9279e-22,0.047873,0.058797
5.8536e-22,0.047816,0.058653
5.7602e-22,0.04776,0.058507
5.649e-22,0.047704,0.058359
5.5212e-22,0.04765,0.058208
5.3782e-22,0.047597,0.058055
5.2211e-22,0.047545,0.057901
5.0513e-22,0.047494,0.057746
4.87e-22,0.047445,0.057589
4.6784e-22,0.047398,0.057432
4.4778e-22,0.047352,0.057274
4.2693e-22,0.047308,0.057116
4.0542e-22,0.047266,0.056957
3.8336e-22,0.047226,0.0568
3.6085e-22,0.047188,0.056642
3.3801e-22,0.047152,0.056486
3.1494e-22,0.047118,0.056331
2.9173e-22,0.047086,0.056177
2.685e-22,0.047057,0.056025
2.4531e-22,0.04703,0.055875
2.2227e-22,0.047006,0.055728
1.9946e-22,0.046984,0.055582
1.7694e-22,0.046964,0.05544
1.548e-22,0.046948,0.0553
1.3311e-22,0.046933,0.055164
1.1192e-22,0.046922,0.055031
9.1289e-23,0.046913,0.054902
7.1277e-23,0.046907,0.054777
5.193e-23,0.046904,0.054656
3.329e-23,0.046903,0.054539
1.5397e-23,0.046906,0.054426
-1.7156e-24,0.046911,0.054318
-1.8019e-23,0.046919,0.054215
-3.3487e-23,0.046929,0.054117
-4.81e-23,0.046942,0.054024
-6.1843e-23,0.046958,0.053936
-7.4702e-23,0.046977,0.053853
-8.6669e-23,0.046999,0.053776
-9.7741e-23,0.047023,0.053704
-1.0792e-22,0.047049,0.053638
-1.172e-22,0.047078,0.053577
-1.2559e-22,0.04711,0.053522
-1.3311e-22,0.047144,0.053473
-1.3976e-22,0.04718,0.053429
-1.4556e-22,0.047219,0.053391
-1.5053e-22,0.04726,0.053359
-1.5468e-22,0.047304,0.053332
-1.5805e-22,0.047349,0.053311
-1.6064e-22,0.047396,0.053296
-1.625e-22,0.047446,0.053286
-1.6364e-22,0.047497,0.053281
-1.641e-22,0.047551,0.053283
-1.639e-22,0.047605,0.053289
-1.6308e-22,0.047662,0.0533
-1.6167e-22,0.04772,0.053317
-1.5971e-22,0.04778,0.053339
-1.5722e-22,0.047842,0.053366
-1.5424e-22,0.047904,0.053397
-1.5081e-22,0.047968,0.053433
-1.4695e-22,0.048033,0.053474
-1.4271e-22,0.048099,0.053519
-1.3812e-22,0.048166,0.053568
-1.3322e-22,0.048234,0.053622
-1.2803e-22,0.048303,0.053679
-1.2259e-22,0.048372,0.05374
-1.1693e-22,0.048442,0.053805
-1.1109e-22,0.048513,0.053873
-1.0509e-22,0.048584,0.053944
-9.8975e-23,0.048655,0.054018
-9.2761e-23,0.048726,0.054095
-8.6482e-23,0.048798,0.054175
-8.0163e-23,0.04887,0.054258
-7.3833e-23,0.048941,0.054342
-6.7515e-23,0.049013,0.054429
-6.1233e-23,0.049084,0.054518
-5.501e-23,0.049155,0.054609
-4.8867e-23,0.049226,0.054701
-4.2824e-23,0.049296,0.054795
-3.6899e-23,0.049365,0.05489
-3.1111e-23,0.049434,0.054986
-2.5474e-23,0.049503,0.055083
-2.0003e-23,0.04957,0.05518
-1.4713e-23,0.049636,0.055278
-9.6134e-24,0.049702,0.055377
-4.7164e-24,0.049766,0.055475
-3.1064e-26,0.04983,0.055574
4.4345e-24,0.049892,0.055673
8.6734e-24,0.049953,0.055771
1.268e-23,0.050012,0.055869
1.645e-23,0.05007,0.055966
1.9979e-23,0.050127,0.056062
2.3266e-23,0.050182,0.056158
2.6309e-23,0.050236,0.056252
2.9107e-23,0.050288,0.056346
3.1662e-23,0.050338,0.056438
3.3975e-23,0.050386,0.056529
3.6049e-23,0.050433,0.056618
3.7887e-23,0.050478,0.056705
3.9492e-23,0.05052,0.056791
4.0869e-23,0.050561,0.056875
4.2025e-23,0.0506,0.056956
4.2964e-23,0.050636,0.057036
4.3694e-23,0.050671,0.057114
4.4221e-23,0.050703,0.057189
4.4553e-23,0.050733,0.057262
4.4697e-23,0.050761,0.057333
4.4663e-23,0.050787,0.057401
4.4458e-23,0.05081,0.057466
4.4091e-23,0.050832,0.057529
4.3572e-23,0.05085,0.057589
4.2909e-23,0.050867,0.057647
4.2111e-23,0.050881,0.057702
4.1189e-23,0.050893,0.057754
4.0152e-23,0.050903,0.057803
3.9008e-23,0.05091,0.057849
3.7768e-23,0.050915,0.057893
3.644e-23,0.050917,0.057933
3.5035e-23,0.050918,0.057971
3.356e-23,0.050916,0.058006
3.2025e-23,0.050912,0.058038
3.0438e-23,0.050906,0.058067
2.8809e-23,0.050898,0.058093
2.7146e-23,0.050887,0.058116
2.5455e-23,0.050875,0.058137
2.3746e-23,0.050861,0.058155
2.2026e-23,0.050844,0.058169
2.0301e-23,0.050826,0.058182
1.8579e-23,0.050806,0.058191
1.6867e-23,0.050784,0.058197
1.517e-23,0.050761,0.058201
1.3493e-23,0.050736,0.058203
1.1844e-23,0.050709,0.058201
1.0226e-23,0.050681,0.058198
8.6452e-24,0.050652,0.058191
7.105e-24,0.050621,0.058183
5.6096e-24,0.050589,0.058171
4.1628e-24,0.050555,0.058158
2.7679e-24,0.050521,0.058142
1.4277e-24,0.050485,0.058124
1.4495e-25,0.050449,0.058104
-1.0782e-24,0.050412,0.058082
-2.2397e-24,0.050374,0.058057
-3.3381e-24,0.050335,0.058031
-4.3722e-24,0.050296,0.058003
-5.3408e-24,0.050256,0.057973
-6.2434e-24,0.050215,0.057941
-7.0795e-24,0.050175,0.057908
-7.8492e-24,0.050134,0.057873
-8.5524e-24,0.050093,0.057836
-9.1898e-24,0.050051,0.057798
-9.7617e-24,0.05001,0.057759
-1.0269e-23,0.049969,0.057718
-1.0713e-23,0.049928,0.057676
-1.1095e-23,0.049887,0.057633
-1.1417e-23,0.049846,0.057589
-1.1679e-23,0.049806,0.057544
-1.1884e-23,0.049766,0.057499
-1.2033e-23,0.049726,0.057452
-1.2129e-23,0.049688,0.057405
-1.2174e-23,0.049649,0.057358
-1.217e-23,0.049612,0.05731
-1.2119e-23,0.049575,0.057262
-1.2024e-23,0.049539,0.057214
-1.1887e-23,0.049504,0.057166
-1.171e-23,0.04947,0.057117
-1.1497e-23,0.049437,0.057069
-1.125e-23,0.049405,0.057022
-1.097e-23,0.049374,0.056974
-1.0662e-23,0.049344,0.056928
-1.0327e-23,0.049315,0.056881
-9.9674e-24,0.049288,0.056836
-9.5866e-24,0.049262,0.056791
-9.1868e-24,0.049237,0.056747
-8.7704e-24,0.049214,0.056704
-8.3396e-24,0.049192,0.056663
-7.897e-24,0.049171,0.056622
-7.4447e-24,0.049152,0.056583
-6.9849e-24,0.049134,0.056545
-6.5198e-24,0.049117,0.056508
-6.0514e-24,0.049102,0.056473
-5.5816e-24,0.049089,0.056439
-5.1124e-24,0.049077,0.056407
-4.6455e-24,0.049066,0.056376
-4.1826e-24,0.049057,0.056347
-3.7253e-24,0.049049,0.05632
-3.2751e-24,0.049043,0.056294
-2.8335e-24,0.049038,0.05627
-2.4016e-24,0.049035,0.056247
-1.9807e-24,0.049033,0.056227
-1.572e-24,0.049032,0.056207
-1.1764e-24,0.049033,0.05619
-7.9478e-25,0.049035,0.056174
-4.2804e-25,0.049038,0.05616
-7.686e-26,0.049043,0.056147
2.5813e-25,0.049049,0.056136
5.7641e-25,0.049056,0.056126
8.7753e-25,0.049064,0.056118
1.1611e-24,0.049073,0.056111
1.427e-24,0.049084,0.056106
1.6748e-24,0.049096,0.056101
1.9046e-24,0.049109,0.056098
2.1162e-24,0.049122,0.056096
2.3098e-24,0.049137,0.056095
2.4853e-24,0.049153,0.056095
2.6431e-24,0.04917,0.056096
2.7832e-24,0.049188,0.056098
2.9061e-24,0.049206,0.0561
3.012e-24,0.049226,0.056103
3.1013e-24,0.049246,0.056107
3.1745e-24,0.049267,0.056111
3.232e-24,0.049289,0.056115
3.2743e-24,0.049312,0.05612
3.302e-24,0.049335,0.056125
3.3158e-24,0.049359,0.05613
3.316e-24,0.049383,0.056135
3.3035e-24,0.049408,0.056139
3.2789e-24,0.049433,0.056144
3.2428e-24,0.049459,0.056149
3.1958e-24,0.049485,0.056153
3.1388e-24,0.049512,0.056157
3.0723e-24,0.049538,0.05616
2.9971e-24,0.049565,0.056163
2.9139e-24,0.049592,0.056165
2.8234e-24,0.049619,0.056166
2.7262e-24,0.049646,0.056167
2.6231e-24,0.049673,0.056167
2.5147e-24,0.0497,0.056166
2.4018e-24,0.049726,0.056165
2.2848e-24,0.049753,0.056162
2.1646e-24,0.049779,0.056158
2.0416e-24,0.049804,0.056154
1.9165e-24,0.04983,0.056148
1.79e-24,0.049854,0.056141
1.6624e-24,0.049878,0.056134
1.5345e-24,0.049901,0.056125
1.4066e-24,0.049924,0.056115
1.2793e-24,0.049945,0.056103
1.1531e-24,0.049966,0.056091
1.0283e-24,0.049985,0.056078
9.0548e-25,0.050004,0.056063
7.8489e-25,0.050021,0.056048
6.6693e-25,0.050037,0.056031
5.5194e-25,0.050051,0.056013
4.4022e-25,0.050065,0.055994
3.3204e-25,0.050077,0.055975
2.2767e-25,0.050087,0.055954
1.2731e-25,0.050095,0.055932
3.1172e-26,0.050102,0.05591
-6.0574e-26,0.050108,0.055887
-1.4778e-25,0.050111,0.055863
-2.3033e-25,0.050113,0.055838
-3.0811e-25,0.050112,0.055813
-3.8105e-25,0.05011,0.055787
-4.4911e-25,0.050106,0.055761
-5.1224e-25,0.0501,0.055734
-5.7043e-25,0.050092,0.055707
-6.2369e-25,0.050082,0.05568
-6.7205e-25,0.050069,0.055653
-7.1555e-25,0.050055,0.055626
-7.5425e-25,0.050039,0.055599
-7.8823e-25,0.05002,0.055572
-8.1758e-25,0.049999,0.055545
-8.4239e-25,0.049977,0.055519
-8.628e-25,0.049952,0.055493
-8.7892e-25,0.049925,0.055467
-8.909e-25,0.049896,0.055443
-8.9888e-25,0.049865,0.055418
-9.0303e-25,0.049833,0.055395
-9.035e-25,0.049798,0.055373
-9.0047e-25,0.049762,0.055351
-8.941e-25,0.049723,0.055331
-8.8459e-25,0.049683,0.055311
-8.7212e-25,0.049642,0.055293
-8.5687e-25,0.049598,0.055276
-8.3904e-25,0.049553,0.055261
-8.1881e-25,0.049507,0.055247
-7.9637e-25,0.04946,0.055234
-7.7192e-25,0.049411,0.055222
-7.4564e-25,0.04936,0.055213
-7.1771e-25,0.049309,0.055204
-6.8834e-25,0.049257,0.055198
-6.5769e-25,0.049204,0.055193
-6.2594e-25,0.049149,0.055189
-5.9327e-25,0.049095,0.055188
-5.5985e-25,0.049039,0.055188
-5.2583e-25,0.048983,0.055189
-4.9139e-25,0.048927,0.055193
-4.5667e-25,0.04887,0.055198
-4.2182e-25,0.048813,0.055204
-3.8698e-25,0.048755,0.055213
-3.5228e-25,0.048698,0.055223
-3.1786e-25,0.048641,0.055234
-2.8382e-25,0.048583,0.055247
-2.5029e-25,0.048526,0.055262
-2.1737e-25,0.04847,0.055278
-1.8515e-25,0.048413,0.055295
-1.5373e-25,0.048358,0.055314
-1.232e-25,0.048302,0.055334
-9.3622e-26,0.048248,0.055355
-6.5072e-26,0.048194,0.055377
-3.7611e-26,0.048141,0.0554
-1.1294e-26,0.048089,0.055424
1.3832e-26,0.048038,0.055449
3.7725e-26,0.047988,0.055474
6.0351e-26,0.047939,0.0555
8.1683e-26,0.047891,0.055526
1.017e-25,0.047845,0.055553
1.2038e-25,0.047799,0.055579
1.3773e-25,0.047756,0.055606
1.5373e-25,0.047713,0.055633
1.6838e-25,0.047673,0.055659
1.817e-25,0.047634,0.055685
1.937e-25,0.047596,0.05571
2.0438e-25,0.047561,0.055735
2.1378e-25,0.047527,0.055759
2.2191e-25,0.047495,0.055782
2.288e-25,0.047464,0.055804
2.3449e-25,0.047436,0.055824
2.3901e-25,0.04741,0.055844
2.4239e-25,0.047386,0.055862
2.4468e-25,0.047364,0.055878
2.4592e-25,0.047344,0.055893
2.4616e-25,0.047327,0.055906
2.4543e-25,0.047312,0.055917
2.438e-25,0.047299,0.055926
2.413e-25,0.047288,0.055934
2.3799e-25,0.04728,0.055939
2.3391e-25,0.047275,0.055942
2.2913e-25,0.047272,0.055943
2.2369e-25,0.047272,0.055942
2.1764e-25,0.047274,0.055938
2.1103e-25,0.047279,0.055933
2.0393e-25,0.047287,0.055925
1.9637e-25,0.047298,0.055915
1.884e-25,0.047311,0.055902
1.8009e-25,0.047328,0.055888
1.7147e-25,0.047347,0.055871
1.626e-25,0.047369,0.055853
1.5351e-25,0.047394,0.055832
1.4426e-25,0.047422,0.055809
1.3489e-25,0.047453,0.055784
1.2544e-25,0.047487,0.055758
1.1595e-25,0.047524,0.05573
1.0645e-25,0.047564,0.0557
9.6996e-26,0.047607,0.055668
8.7608e-26,0.047652,0.055635
7.8323e-26,0.047701,0.055601
6.9172e-26,0.047753,0.055565
6.0184e-26,0.047807,0.055529
5.1386e-26,0.047864,0.055491
4.2802e-26,0.047924,0.055452
3.4457e-26,0.047986,0.055413
2.637e-26,0.048051,0.055373
1.8561e-26,0.048119,0.055333
1.1048e-26,0.048189,0.055293
3.8438e-27,0.048262,0.055252
-3.0368e-27,0.048336,0.055211
-9.5827e-27,0.048413,0.055171
-1.5785e-26,0.048492,0.055131
-2.1634e-26,0.048572,0.055091
-2.7126e-26,0.048655,0.055052
-3.2256e-26,0.048739,0.055013
-3.7021e-26,0.048824,0.054975
-4.1419e-26,0.048911,0.054939
-4.5452e-26,0.048999,0.054903
-4.912e-26,0.049088,0.054869
-5.2426e-26,0.049178,0.054836
-5.5375e-26,0.049269,0.054804
-5.7973e-26,0.04936,0.054775
-6.0225e-26,0.049451,0.054747
-6.2139e-26,0.049543,0.05472
-6.3724e-26,0.049634,0.054696
-6.4989e-26,0.049726,0.054674
-6.5945e-26,0.049817,0.054653
-6.6601e-26,0.049907,0.054635
-6.697e-26,0.049996,0.05462
-6.7063e-26,0.050085,0.054606
-6.6893e-26,0.050172,0.054595
-6.6474e-26,0.050258,0.054586
-6.5818e-26,0.050342,0.05458
-6.494e-26,0.050424,0.054577
-6.3852e-26,0.050505,0.054575
-6.2569e-26,0.050583,0.054577
-6.1105e-26,0.050659,0.054581
-5.9475e-26,0.050732,0.054587
-5.7692e-26,0.050803,0.054596
-5.577e-26,0.050871,0.054607
-5.3723e-26,0.050935,0.054621
-5.1565e-26,0.050997,0.054637
-4.931e-26,0.051056,0.054656
-4.6971e-26,0.05111,0.054677
-4.4561e-26,0.051162,0.0547
-4.2091e-26,0.05121,0.054725
-3.9576e-26,0.051254,0.054752
-3.7026e-26,0.051294,0.054781
-3.4453e-26,0.05133,0.054813
-3.1868e-26,0.051362,0.054845
-2.9282e-26,0.05139,0.05488
-2.6704e-26,0.051414,0.054916
-2.4144e-26,0.051433,0.054953
-2.1611e-26,0.051449,0.054992
-1.9114e-26,0.05146,0.055032
-1.666e-26,0.051467,0.055073
-1.4257e-26,0.05147,0.055114
-1.1912e-26,0.051468,0.055156
-9.6314e-27,0.051463,0.055199
-7.4206e-27,0.051453,0.055242
-5.2848e-27,0.051439,0.055285
-3.229e-27,0.051421,0.055329
-1.2571e-27,0.051399,0.055372
6.2699e-28,0.051373,0.055415
2.4203e-27,0.051344,0.055457
4.1201e-27,0.05131,0.055499
5.7242e-27,0.051273,0.05554
7.231e-27,0.051232,0.05558
8.6393e-27,0.051188,0.055619
9.9481e-27,0.051141,0.055657
1.1157e-26,0.051091,0.055693
1.2267e-26,0.051037,0.055728
1.3277e-26,0.050981,0.055761
1.4188e-26,0.050922,0.055792
1.5002e-26,0.050861,0.055822
1.572e-26,0.050797,0.055849
1.6344e-26,0.050731,0.055874
1.6875e-26,0.050663,0.055897
1.7317e-26,0.050593,0.055917
1.7671e-26,0.050521,0.055935
1.794e-26,0.050448,0.05595
1.8127e-26,0.050374,0.055962
1.8236e-26,0.050298,0.055972
1.827e-26,0.050222,0.055979
1.8231e-26,0.050144,0.055983
1.8124e-26,0.050067,0.055983
1.7952e-26,0.049988,0.055981
1.7719e-26,0.04991,0.055976
1.7429e-26,0.049831,0.055968
1.7085e-26,0.049752,0.055957
1.6692e-26,0.049674,0.055942
1.6252e-26,0.049596,0.055924
1.5771e-26,0.049519,0.055904
1.5251e-26,0.049442,0.05588
1.4697e-26,0.049366,0.055853
1.4113e-26,0.049291,0.055823
1.3501e-26,0.049218,0.05579
1.2866e-26,0.049145,0.055754
1.2211e-26,0.049074,0.055715
1.154e-26,0.049004,0.055673
1.0856e-26,0.048936,0.055628
1.0163e-26,0.04887,0.055581
9.4622e-27,0.048805,0.055531
8.7582e-27,0.048742,0.055479
8.0536e-27,0.048681,0.055424
7.3509e-27,0.048622,0.055367
6.6529e-27,0.048565,0.055307
5.962e-27,0.04851,0.055246
5.2806e-27,0.048457,0.055183
4.6107e-27,0.048406,0.055118
3.9546e-27,0.048358,0.055051
3.314e-27,0.048311,0.054983
2.6907e-27,0.048267,0.054914
2.0862e-27,0.048225,0.054843
1.5021e-27,0.048185,0.054772
9.3967e-28,0.048148,0.054699
3.9997e-28,0.048112,0.054626
-1.1595e-28,0.048079,0.054553
-6.072e-28,0.048047,0.054479
-1.0731e-27,0.048018,0.054405
-1.5129e-27,0.047991,0.054331
-1.9263e-27,0.047966,0.054257
-2.3129e-27,0.047943,0.054184
-2.6724e-27,0.047922,0.054111
-3.0047e-27,0.047903,0.054039
-3.3099e-27,0.047885,0.053968
-3.588e-27,0.047869,0.053898
-3.8392e-27,0.047855,0.053829
-4.0638e-27,0.047843,0.053762
-4.2622e-27,0.047832,0.053696
-4.4349e-27,0.047823,0.053632
-4.5824e-27,0.047815,0.05357
-4.7053e-27,0.047809,0.05351
-4.8043e-27,0.047804,0.053452
-4.8801e-27,0.0478,0.053397
-4.9336e-27,0.047797,0.053344
-4.9656e-27,0.047796,0.053293
-4.9769e-27,0.047795,0.053246
-4.9685e-27,0.047796,0.053201
-4.9413e-27,0.047797,0.053159
-4.8964e-27,0.047799,0.05312
-4.8347e-27,0.047802,0.053084
-4.7573e-27,0.047806,0.053051
-4.6652e-27,0.047811,0.053022
-4.5594e-27,0.047816,0.052996
-4.441e-27,0.047822,0.052973
-4.3111e-27,0.047828,0.052953
-4.1706e-27,0.047835,0.052937
-4.0206e-27,0.047843,0.052925
-3.8622e-27,0.047851,0.052915
-3.6964e-27,0.047859,0.05291
-3.5241e-27,0.047868,0.052907
-3.3463e-27,0.047877,0.052908
-3.1639e-27,0.047887,0.052912
-2.9779e-27,0.047897,0.05292
-2.7892e-27,0.047908,0.05293
-2.5985e-27,0.047919,0.052944
-2.4068e-27,0.04793,0.052961
-2.2148e-27,0.047942,0.052981
-2.0233e-27,0.047954,0.053004
-1.833e-27,0.047967,0.053029
-1.6446e-27,0.04798,0.053057
-1.4586e-27,0.047994,0.053087
-1.2758e-27,0.048009,0.05312
-1.0966e-27,0.048024,0.053155
-9.2161e-28,0.048039,0.053192
-7.5127e-28,0.048055,0.053231
-5.8604e-28,0.048072,0.053272
-4.263e-28,0.04809,0.053315
-2.7241e-28,0.048108,0.053359
-1.247e-28,0.048128,0.053404
1.6563e-29,0.048147,0.05345
1.5113e-28,0.048168,0.053497
2.788e-28,0.04819,0.053545
3.9941e-28,0.048212,0.053594
5.1281e-28,0.048236,0.053643
6.1892e-28,0.04826,0.053692
7.1766e-28,0.048285,0.053742
8.09e-28,0.048312,0.053791
8.9294e-28,0.048339,0.05384
9.695e-28,0.048367,0.053889
1.0387e-27,0.048396,0.053937
1.1007e-27,0.048426,0.053985
1.1555e-27,0.048457,0.054031
1.2033e-27,0.048489,0.054077
1.2442e-27,0.048522,0.054121
1.2784e-27,0.048556,0.054165
1.3061e-27,0.04859,0.054206
1.3275e-27,0.048625,0.054247
1.3427e-27,0.048662,0.054285
1.352e-27,0.048699,0.054322
1.3557e-27,0.048736,0.054357
1.354e-27,0.048774,0.054389
1.3471e-27,0.048813,0.05442
1.3354e-27,0.048852,0.054449
1.3191e-27,0.048892,0.054475
1.2985e-27,0.048932,0.054499
1.2738e-27,0.048973,0.05452
1.2454e-27,0.049013,0.054539
1.2135e-27,0.049054,0.054556
1.1784e-27,0.049094,0.05457
1.1404e-27,0.049135,0.054581
1.0999e-27,0.049175,0.054589
1.0569e-27,0.049215,0.054595
1.012e-27,0.049255,0.054599
9.6521e-28,0.049294,0.054599
9.1692e-28,0.049333,0.054597
8.6737e-28,0.049371,0.054592
8.168e-28,0.049408,0.054585
7.6545e-28,0.049445,0.054575
7.1356e-28,0.04948,0.054563
6.6136e-28,0.049514,0.054547
6.0906e-28,0.049547,0.05453
5.5687e-28,0.049579,0.05451
5.0498e-28,0.049609,0.054488
4.5358e-28,0.049637,0.054463
4.0284e-28,0.049665,0.054436
3.5293e-28,0.04969,0.054407
3.0401e-28,0.049714,0.054376
2.562e-28,0.049735,0.054343
2.0966e-28,0.049755,0.054308
1.6449e-28,0.049773,0.054272
1.208e-28,0.049789,0.054234
7.8706e-29,0.049803,0.054194
3.8279e-29,0.049815,0.054153
-3.9788e-31,0.049824,0.054111
-3.7258e-29,0.049832,0.054068
-7.2245e-29,0.049837,0.054023
-1.0531e-28,0.04984,0.053978
-1.3642e-28,0.049841,0.053932
-1.6554e-28,0.049839,0.053885
-1.9266e-28,0.049836,0.053838
-2.1777e-28,0.04983,0.05379
-2.4085e-28,0.049822,0.053742
-2.6193e-28,0.049812,0.053694
-2.81e-28,0.049799,0.053645
-2.981e-28,0.049785,0.053597
-3.1324e-28,0.049769,0.053549
-3.2647e-28,0.049751,0.053502
-3.3782e-28,0.049731,0.053454
-3.4734e-28,0.049709,0.053407
-3.5507e-28,0.049686,0.053361
-3.6106e-28,0.049661,0.053315
-3.6539e-28,0.049634,0.05327
-3.681e-28,0.049607,0.053226
-3.6927e-28,0.049577,0.053183
-3.6896e-28,0.049547,0.053141
-3.6725e-28,0.049516,0.0531
-3.6419e-28,0.049484,0.053059
-3.5988e-28,0.049451,0.05302
-3.5438e-28,0.049417,0.052982
-3.4778e-28,0.049383,0.052945
-3.4014e-28,0.049348,0.05291
-3.3156e-28,0.049313,0.052875
-3.2209e-28,0.049277,0.052842
-3.1183e-28,0.049242,0.05281
-3.0085e-28,0.049207,0.052779
-2.8923e-28,0.049171,0.052749
-2.7704e-28,0.049136,0.052721
-2.6435e-28,0.049101,0.052694
-2.5124e-28,0.049067,0.052668
-2.3777e-28,0.049033,0.052643
-2.2402e-28,0.048999,0.05262
-2.1005e-28,0.048967,0.052597
-1.9593e-28,0.048935,0.052576
-1.8172e-28,0.048904,0.052556
-1.6747e-28,0.048873,0.052536
-1.5325e-28,0.048844,0.052518
-1.391e-28,0.048816,0.052501
-1.2508e-28,0.048788,0.052484
-1.1124e-28,0.048762,0.052469
-9.7616e-29,0.048737,0.052454
-8.4256e-29,0.048712,0.05244
-7.1199e-29,0.048689,0.052426
-5.848e-29,0.048667,0.052414
-4.6133e-29,0.048646,0.052402
-3.4188e-29,0.048626,0.05239
-2.2671e-29,0.048607,0.052379
-1.1607e-29,0.04859,0.052368
-1.0183e-30,0.048573,0.052358
9.0778e-30,0.048557,0.052348
1.8665e-29,0.048542,0.052339
2.7731e-29,0.048528,0.052329
3.6264e-29,0.048515,0.05232
4.4257e-29,0.048503,0.052311
5.1704e-29,0.048491,0.052302
5.8602e-29,0.04848,0.052293
6.4951e-29,0.04847,0.052285
7.0752e-29,0.04846,0.052276
7.6007e-29,0.048451,0.052266
8.0723e-29,0.048443,0.052257
8.4907e-29,0.048435,0.052248
8.8567e-29,0.048428,0.052238
9.1714e-29,0.04842,0.052228
9.436e-29,0.048414,0.052217
9.6518e-29,0.048408,0.052206
9.8203e-29,0.048402,0.052195
9.943e-29,0.048396,0.052183
1.0022e-28,0.048391,0.052171
1.0058e-28,0.048386,0.052157
1.0054e-28,0.048381,0.052144
1.0011e-28,0.048377,0.052129
9.9319e-29,0.048373,0.052114
9.8181e-29,0.048369,0.052098
9.6718e-29,0.048366,0.052081
9.495e-29,0.048363,0.052063
9.29e-29,0.048361,0.052044
9.0588e-29,0.048359,0.052024
8.8035e-29,0.048357,0.052002
8.5263e-29,0.048357,0.05198
8.2292e-29,0.048356,0.051957
7.9144e-29,0.048357,0.051932
7.5838e-29,0.048358,0.051906
7.2395e-29,0.04836,0.051879
6.8835e-29,0.048363,0.05185
6.5177e-29,0.048367,0.05182
6.1439e-29,0.048371,0.051788
5.7639e-29,0.048377,0.051755
5.3796e-29,0.048384,0.051721
4.9926e-29,0.048392,0.051685
4.6045e-29,0.048401,0.051647
4.2169e-29,0.048411,0.051608
3.8312e-29,0.048422,0.051568
3.4489e-29,0.048435,0.051525
3.0712e-29,0.048449,0.051482
2.6994e-29,0.048465,0.051437
2.3346e-29,0.048481,0.05139
1.978e-29,0.0485,0.051342
1.6304e-29,0.048519,0.051293
1.2929e-29,0.04854,0.051242
9.6629e-30,0.048563,0.05119
6.5125e-30,0.048587,0.051137
3.4849e-30,0.048612,0.051082
5.859e-31,0.048639,0.051027
-2.1793e-30,0.048667,0.050971
-4.8063e-30,0.048697,0.050914
-7.2915e-30,0.048728,0.050856
-9.632e-30,0.04876,0.050798
-1.1826e-29,0.048793,0.050739
-1.3871e-29,0.048828,0.05068
-1.5766e-29,0.048863,0.050621
-1.7512e-29,0.0489,0.050562
-1.9108e-29,0.048938,0.050503
-2.0556e-29,0.048976,0.050445
-2.1857e-29,0.049015,0.050387
-2.3012e-29,0.049055,0.050331
-2.4025e-29,0.049096,0.050275
-2.4897e-29,0.049137,0.05022
-2.5633e-29,0.049178,0.050167
-2.6235e-29,0.049219,0.050115
-2.6708e-29,0.049261,0.050066
-2.7056e-29,0.049303,0.050018
-2.7283e-29,0.049344,0.049973
-2.7394e-29,0.049385,0.04993
-2.7395e-29,0.049426,0.04989
-2.7289e-29,0.049467,0.049853
-2.7084e-29,0.049506,0.049819
-2.6784e-29,0.049545,0.049789
-2.6395e-29,0.049583,0.049762
-2.5922e-29,0.04962,0.049739
-2.5372e-29,0.049656,0.049719
-2.4749e-29,0.049691,0.049704
-2.4061e-29,0.049724,0.049693
-2.3312e-29,0.049755,0.049686
-2.2508e-29,0.049785,0.049684
-2.1656e-29,0.049814,0.049687
-2.076e-29,0.04984,0.049694
-1.9826e-29,0.049865,0.049706
-1.8859e-29,0.049887,0.049723
-1.7865e-29,0.049908,0.049745
-1.6849e-29,0.049926,0.049772
-1.5815e-29,0.049942,0.049804
-1.477e-29,0.049956,0.049841
-1.3716e-29,0.049967,0.049883
-1.2659e-29,0.049977,0.04993
-1.1603e-29,0.049983,0.049983
-1.0551e-29,0.049988,0.05004
-9.5084e-30,0.049989,0.050102
-8.4779e-30,0.049989,0.050169
-7.4632e-30,0.049986,0.05024
-6.4673e-30,0.04998,0.050316
-5.4932e-30,0.049973,0.050397
-4.5436e-30,0.049963,0.050482
-3.6211e-30,0.04995,0.050571
-2.728e-30,0.049935,0.050664
-1.8662e-30,0.049918,0.050762
-1.0377e-30,0.049899,0.050862
-2.4409e-31,0.049878,0.050967
5.1323e-31,0.049855,0.051075
1.233e-30,0.04983,0.051186
1.9143e-30,0.049803,0.0513
2.5562e-30,0.049774,0.051416
3.1582e-30,0.049744,0.051536
3.7197e-30,0.049712,0.051657
4.2405e-30,0.049679,0.051781
4.7206e-30,0.049645,0.051906
5.1599e-30,0.049609,0.052034
5.5587e-30,0.049573,0.052162
5.9174e-30,0.049535,0.052292
6.2364e-30,0.049497,0.052423
6.5165e-30,0.049458,0.052555
6.7582e-30,0.049419,0.052687
6.9626e-30,0.049379,0.05282
7.1306e-30,0.049339,0.052952
7.2632e-30,0.049298,0.053085
7.3616e-30,0.049258,0.053218
7.427e-30,0.049218,0.05335
7.4607e-30,0.049178,0.053481
7.464e-30,0.049139,0.053611
7.4385e-30,0.0491,0.053741
7.3855e-30,0.049061,0.053869
7.3065e-30,0.049023,0.053995
7.203e-30,0.048986,0.05412
7.0767e-30,0.04895,0.054244
6.929e-30,0.048915,0.054365
6.7615e-30,0.048882,0.054484
6.5758e-30,0.048849,0.054601
6.3735e-30,0.048818,0.054716
6.1562e-30,0.048788,0.054828
5.9253e-30,0.048759,0.054937
5.6824e-30,0.048732,0.055044
5.429e-30,0.048706,0.055148
5.1666e-30,0.048682,0.055248
4.8965e-30,0.04866,0.055346
4.6203e-30,0.048639,0.05544
4.3393e-30,0.04862,0.055531
4.0547e-30,0.048603,0.055618
3.7678e-30,0.048588,0.055702
3.4799e-30,0.048574,0.055782
3.1921e-30,0.048562,0.055859
2.9054e-30,0.048552,0.055932
2.6211e-30,0.048543,0.056001
2.34e-30,0.048536,0.056066
2.063e-30,0.048531,0.056127
1.7911e-30,0.048527,0.056185
1.5251e-30,0.048525,0.056238
1.2656e-30,0.048525,0.056287
1.0135e-30,0.048526,0.056333
7.6929e-31,0.048528,0.056374
5.3358e-31,0.048532,0.056412
3.0687e-31,0.048537,0.056446
8.9623e-32,0.048543,0.056475
-1.1778e-31,0.04855,0.056501
-3.1499e-31,0.048558,0.056523
-5.0173e-31,0.048567,0.056541
-6.7778e-31,0.048577,0.056555
-8.4295e-31,0.048587,0.056565
-9.9713e-31,0.048598,0.056572
-1.1402e-30,0.04861,0.056575
-1.2722e-30,0.048621,0.056575
-1.3931e-30,0.048634,0.056571
-1.5029e-30,0.048646,0.056564
-1.6018e-30,0.048658,0.056554
-1.6899e-30,0.04867,0.05654
-1.7674e-30,0.048682,0.056523
-1.8343e-30,0.048694,0.056504
-1.8911e-30,0.048705,0.056482
-1.9379e-30,0.048716,0.056457
-1.9751e-30,0.048726,0.056429
-2.0029e-30,0.048735,0.056399
-2.0217e-30,0.048744,0.056367
-2.0318e-30,0.048752,0.056333
-2.0336e-30,0.048758,0.056297
-2.0275e-30,0.048764,0.056259
-2.0138e-30,0.048768,0.056219
-1.9931e-30,0.048771,0.056178
-1.9656e-30,0.048773,0.056135
-1.9318e-30,0.048774,0.056092
-1.8922e-30,0.048773,0.056047
-1.8472e-30,0.04877,0.056001
-1.7971e-30,0.048766,0.055955
-1.7425e-30,0.048761,0.055909
-1.6837e-30,0.048754,0.055862
-1.6212e-30,0.048745,0.055814
-1.5553e-30,0.048735,0.055767
-1.4866e-30,0.048722,0.05572
-1.4154e-30,0.048709,0.055673
-1.342e-30,0.048693,0.055627
-1.2669e-30,0.048676,0.055581
-1.1905e-30,0.048658,0.055535
-1.113e-30,0.048637,0.055491
-1.035e-30,0.048616,0.055447
-9.5653e-31,0.048592,0.055405
-8.7811e-31,0.048567,0.055363
-7.9998e-31,0.048541,0.055323
-7.2244e-31,0.048514,0.055284
-6.4575e-31,0.048485,0.055247
-5.7017e-31,0.048455,0.055211
-4.9594e-31,0.048423,0.055176
-4.2328e-31,0.048391,0.055143
-3.524e-31,0.048358,0.055112
-2.8349e-31,0.048324,0.055082
-2.1672e-31,0.048289,0.055054
-1.5225e-31,0.048254,0.055027
-9.0217e-32,0.048218,0.055002
-3.0748e-32,0.048181,0.054979
2.6049e-32,0.048145,0.054957
8.0079e-32,0.048108,0.054938
1.3127e-31,0.048071,0.054919
1.7954e-31,0.048035,0.054903
2.2486e-31,0.047998,0.054887
2.6719e-31,0.047962,0.054874
3.065e-31,0.047926,0.054861
3.4279e-31,0.047891,0.054851
3.7605e-31,0.047857,0.054841
4.063e-31,0.047823,0.054833
4.3356e-31,0.047791,0.054826
4.5788e-31,0.047759,0.05482
4.7929e-31,0.047729,0.054815
4.9784e-31,0.0477,0.05481
5.1361e-31,0.047672,0.054807
5.2666e-31,0.047645,0.054805
5.3707e-31,0.04762,0.054803
5.4491e-31,0.047597,0.054802
5.5029e-31,0.047576,0.054801
5.533e-31,0.047556,0.054801
5.5403e-31,0.047538,0.054801
5.526e-31,0.047522,0.054801
5.491e-31,0.047507,0.054802
5.4365e-31,0.047495,0.054802
5.3636e-31,0.047485,0.054803
5.2734e-31,0.047476,0.054803
5.1672e-31,0.04747,0.054803
5.046e-31,0.047466,0.054803
4.911e-31,0.047463,0.054803
4.7635e-31,0.047463,0.054801
4.6046e-31,0.047465,0.0548
4.4353e-31,0.047469,0.054798
4.2569e-31,0.047474,0.054795
4.0705e-31,0.047482,0.054791
3.8771e-31,0.047492,0.054787
3.6779e-31,0.047503,0.054781
3.4738e-31,0.047517,0.054775
3.2659e-31,0.047532,0.054768
3.0552e-31,0.047549,0.05476
2.8426e-31,0.047567,0.05475
2.6291e-31,0.047587,0.05474
2.4154e-31,0.047609,0.054728
2.2024e-31,0.047633,0.054715
1.991e-31,0.047657,0.054701
1.7818e-31,0.047684,0.054686
1.5755e-31,0.047711,0.05467
1.3729e-31,0.04774,0.054652
1.1745e-31,0.04777,0.054633
9.8082e-32,0.047801,0.054612
7.9249e-32,0.047833,0.054591
6.0994e-32,0.047866,0.054568
4.3361e-32,0.0479,0.054543
2.6388e-32,0.047935,0.054518
1.011e-32,0.047971,0.054491
-5.4429e-33,0.048007,0.054463
-2.0245e-32,0.048044,0.054434
-3.4274e-32,0.048081,0.054403
-4.7513e-32,0.048119,0.054371
-5.9948e-32,0.048157,0.054339
-7.1567e-32,0.048196,0.054305
-8.2366e-32,0.048235,0.05427
-9.2341e-32,0.048274,0.054234
-1.0149e-31,0.048313,0.054197
-1.0982e-31,0.048352,0.054159
-1.1734e-31,0.048391,0.05412
-1.2405e-31,0.04843,0.05408
-1.2997e-31,0.048469,0.05404
-1.351e-31,0.048507,0.053998
-1.3948e-31,0.048546,0.053956
-1.4312e-31,0.048584,0.053913
-1.4603e-31,0.048622,0.05387
-1.4824e-31,0.048659,0.053826
-1.4978e-31,0.048696,0.053782
-1.5067e-31,0.048732,0.053737
-1.5093e-31,0.048768,0.053692
-1.5061e-31,0.048803,0.053646
-1.4971e-31,0.048838,0.0536
-1.4828e-31,0.048872,0.053554
-1.4635e-31,0.048905,0.053508
-1.4394e-31,0.048937,0.053462
-1.411e-31,0.048969,0.053416
-1.3784e-31,0.048999,0.053369
-1.342e-31,0.049029,0.053323
-1.3022e-31,0.049058,0.053277
-1.2592e-31,0.049086,0.053232
-1.2134e-31,0.049113,0.053186
-1.1651e-31,0.049139,0.053141
-1.1145e-31,0.049164,0.053096
-1.062e-31,0.049187,0.053052
-1.0079e-31,0.04921,0.053008
-9.5244e-32,0.049232,0.052965
-8.9591e-32,0.049252,0.052923
-8.3858e-32,0.049272,0.052881
-7.8071e-32,0.04929,0.05284
-7.2255e-32,0.049307,0.0528
-6.6434e-32,0.049323,0.052761
-6.0629e-32,0.049338,0.052723
-5.4863e-32,0.049351,0.052686
-4.9157e-32,0.049364,0.05265
-4.3528e-32,0.049375,0.052615
-3.7997e-32,0.049386,0.052581
-3.2578e-32,0.049395,0.052548
-2.7288e-32,0.049403,0.052517
-2.2141e-32,0.04941,0.052487
-1.715e-32,0.049416,0.052458
-1.2328e-32,0.049421,0.05243
-7.6842e-33,0.049425,0.052404
-3.2288e-33,0.049428,0.052379
1.0299e-33,0.049431,0.052356
5.0849e-33,0.049432,0.052334
8.9299e-33,0.049433,0.052314
1.256e-32,0.049433,0.052295
1.5971e-32,0.049432,0.052277
1.9161e-32,0.049431,0.052261
2.2127e-32,0.049429,0.052246
2.4869e-32,0.049426,0.052233
2.7386e-32,0.049423,0.052221
2.968e-32,0.04942,0.05221
3.1751e-32,0.049416,0.052201
3.3603e-32,0.049411,0.052193
3.5239e-32,0.049407,0.052187
3.6662e-32,0.049402,0.052181
3.7877e-32,0.049397,0.052177
3.8888e-32,0.049392,0.052174
3.9703e-32,0.049387,0.052173
4.0326e-32,0.049382,0.052172
4.0765e-32,0.049377,0.052173
4.1026e-32,0.049372,0.052175
4.1116e-32,0.049367,0.052178
4.1044e-32,0.049362,0.052181
4.0817e-32,0.049357,0.052186
4.0444e-32,0.049353,0.052192
3.9932e-32,0.049348,0.052198
3.929e-32,0.049344,0.052206
3.8527e-32,0.049341,0.052214
3.7651e-32,0.049337,0.052223
3.6671e-32,0.049334,0.052232
3.5596e-32,0.049331,0.052242
3.4434e-32,0.049329,0.052253
3.3194e-32,0.049327,0.052265
3.1885e-32,0.049325,0.052277
3.0513e-32,0.049324,0.052289
2.9089e-32,0.049324,0.052302
2.7619e-32,0.049323,0.052315
2.6112e-32,0.049323,0.052329
2.4575e-32,0.049324,0.052343
2.3015e-32,0.049325,0.052357
2.144e-32,0.049326,0.052371
1.9856e-32,0.049328,0.052386
1.827e-32,0.04933,0.052401
1.6688e-32,0.049332,0.052416
1.5116e-32,0.049335,0.052431
1.356e-32,0.049338,0.052446
1.2024e-32,0.049342,0.052461
1.0514e-32,0.049346,0.052476
9.0342e-33,0.04935,0.052491
7.5891e-33,0.049354,0.052506
6.1826e-33,0.049358,0.052521
4.8183e-33,0.049363,0.052536
3.4994e-33,0.049368,0.05255
2.229e-33,0.049373,0.052564
1.0095e-33,0.049378,0.052578
-1.5656e-34,0.049384,0.052592
-1.2673e-33,0.049389,0.052605
-2.3211e-33,0.049394,0.052618
-3.3164e-33,0.0494,0.052631
-4.2523e-33,0.049406,0.052643
-5.1278e-33,0.049411,0.052655
-5.9425e-33,0.049417,0.052666
-6.6961e-33,0.049423,0.052676
-7.3885e-33,0.049428,0.052686
-8.0199e-33,0.049434,0.052696
-8.5908e-33,0.04944,0.052704
-9.1018e-33,0.049446,0.052712
-9.5537e-33,0.049451,0.05272
-9.9476e-33,0.049457,0.052726
-1.0285e-32,0.049463,0.052732
-1.0566e-32,0.049468,0.052737
-1.0794e-32,0.049474,0.052742
-1.0969e-32,0.04948,0.052745
-1.1094e-32,0.049485,0.052748
-1.1171e-32,0.049491,0.052749
-1.12e-32,0.049497,0.05275
-1.1185e-32,0.049503,0.05275
-1.1128e-32,0.049508,0.052749
-1.103e-32,0.049514,0.052747
-1.0895e-32,0.04952,0.052743
-1.0724e-32,0.049526,0.052739
-1.0519e-32,0.049531,0.052734
-1.0284e-32,0.049537,0.052728
-1.002e-32,0.049543,0.052721
-9.7301e-33,0.049548,0.052713
-9.416e-33,0.049554,0.052704
-9.0805e-33,0.04956,0.052694
-8.7256e-33,0.049566,0.052683
-8.3538e-33,0.049571,0.052671
-7.9673e-33,0.049577,0.052658
-7.5681e-33,0.049582,0.052644
-7.1586e-33,0.049587,0.052629
-6.7406e-33,0.049593,0.052613
-6.3164e-33,0.049598,0.052596
-5.8876e-33,0.049603,0.052578
-5.4563e-33,0.049607,0.05256
-5.0243e-33,0.049612,0.05254
-4.5931e-33,0.049616,0.05252
-4.1645e-33,0.04962,0.052499
-3.7399e-33,0.049623,0.052477
-3.3209e-33,0.049627,0.052454
-2.9087e-33,0.04963,0.052431
-2.5046e-33,0.049632,0.052407
-2.1099e-33,0.049634,0.052382
-1.7255e-33,0.049636,0.052357
-1.3526e-33,0.049637,0.052331
-9.9189e-34,0.049638,0.052305
-6.4432e-34,0.049638,0.052278
-3.1058e-34,0.049638,0.052251
8.6899e-36,0.049637,0.052224
3.1295e-34,0.049635,0.052196
6.0172e-34,0.049633,0.052169
8.7462e-34,0.049631,0.052141
1.1313e-33,0.049628,0.052112
1.3717e-33,0.049624,0.052084
1.5954e-33,0.04962,0.052056
1.8025e-33,0.049615,0.052028
1.9929e-33,0.04961,0.052
2.1668e-33,0.049604,0.051972
2.3241e-33,0.049598,0.051945
2.465e-33,0.049591,0.051918
2.5899e-33,0.049584,0.051891
2.6989e-33,0.049577,0.051865
2.7924e-33,0.049568,0.051839
2.8707e-33,0.04956,0.051813
2.9344e-33,0.049551,0.051789
2.9837e-33,0.049542,0.051764
3.0192e-33,0.049533,0.051741
3.0414e-33,0.049524,0.051718
3.0508e-33,0.049514,0.051696
3.048e-33,0.049504,0.051675
3.0336e-33,0.049495,0.051655
3.0082e-33,0.049485,0.051636
2.9724e-33,0.049475,0.051618
2.9269e-33,0.049465,0.051601
2.8722e-33,0.049456,0.051584
2.8089e-33,0.049446,0.051569
2.7379e-33,0.049437,0.051555
2.6596e-33,0.049428,0.051542
2.5747e-33,0.049419,0.05153
2.4839e-33,0.049411,0.05152
2.3878e-33,0.049403,0.05151
2.287e-33,0.049395,0.051502
2.1821e-33,0.049388,0.051495
2.0737e-33,0.049382,0.051489
1.9624e-33,0.049376,0.051484
1.8488e-33,0.04937,0.051481
1.7333e-33,0.049365,0.051478
1.6167e-33,0.049361,0.051477
1.4992e-33,0.049357,0.051477
1.3815e-33,0.049354,0.051478
1.264e-33,0.049352,0.05148
1.1472e-33,0.04935,0.051484
1.0314e-33,0.049349,0.051488
9.1702e-34,0.049349,0.051494
8.0452e-34,0.04935,0.0515
6.9419e-34,0.049351,0.051508
5.8637e-34,0.049353,0.051516
4.8134e-34,0.049356,0.051526
3.7939e-34,0.049359,0.051536
2.8076e-34,0.049364,0.051547
1.8568e-34,0.049369,0.051559
9.4345e-35,0.049375,0.051572
6.9327e-36,0.049381,0.051585
-7.6404e-35,0.049388,0.0516
-1.5554e-34,0.049396,0.051614
-2.3035e-34,0.049404,0.05163
-3.0077e-34,0.049414,0.051646
-3.6673e-34,0.049423,0.051663
-4.2818e-34,0.049434,0.05168
-4.8509e-34,0.049444,0.051697
-5.3746e-34,0.049456,0.051715
-5.853e-34,0.049468,0.051734
-6.2865e-34,0.04948,0.051752
-6.6753e-34,0.049493,0.051771
-7.0202e-34,0.049506,0.051791
-7.3218e-34,0.04952,0.05181
-7.5811e-34,0.049534,0.05183
-7.799e-34,0.049548,0.05185
-7.9766e-34,0.049563,0.05187
-8.1151e-34,0.049578,0.05189
-8.2158e-34,0.049593,0.05191
-8.2802e-34,0.049608,0.05193
-8.3096e-34,0.049624,0.05195
-8.3056e-34,0.049639,0.05197
-8.2698e-34,0.049655,0.05199
-8.2038e-34,0.049671,0.052009
-8.1093e-34,0.049686,0.052029
-7.988e-34,0.049702,0.052048
-7.8416e-34,0.049717,0.052067
-7.6718e-34,0.049733,0.052086
-7.4804e-34,0.049748,0.052105
-7.2692e-34,0.049763,0.052123
-7.0399e-34,0.049778,0.052141
-6.7942e-34,0.049792,0.052158
-6.5338e-34,0.049806,0.052175
-6.2605e-34,0.04982,0.052192
-5.9759e-34,0.049834,0.052208
-5.6816e-34,0.049847,0.052224
-5.3793e-34,0.049859,0.052239
-5.0704e-34,0.049871,0.052253
-4.7564e-34,0.049883,0.052267
-4.4388e-34,0.049893,0.05228
-4.1191e-34,0.049904,0.052292
-3.7985e-34,0.049913,0.052304
-3.4783e-34,0.049922,0.052315
-3.1597e-34,0.04993,0.052325
-2.8438e-34,0.049938,0.052335
-2.5319e-34,0.049944,0.052344
-2.2248e-34,0.04995,0.052352
-1.9236e-34,0.049954,0.052359
-1.6291e-34,0.049958,0.052365
-1.3421e-34,0.049961,0.052371
-1.0634e-34,0.049963,0.052376
-7.9371e-35,0.049964,0.05238
-5.3361e-35,0.049963,0.052383
-2.8366e-35,0.049962,0.052385
-4.4349e-36,0.049959,0.052386
1.839e-35,0.049956,0.052387
4.0073e-35,0.049951,0.052387
6.0584e-35,0.049944,0.052386
7.9899e-35,0.049937,0.052385
9.8e-35,0.049928,0.052382
1.1487e-34,0.049917,0.052379
1.3051e-34,0.049905,0.052375
1.4491e-34,0.049892,0.052371
1.5808e-34,0.049877,0.052366
1.7002e-34,0.049861,0.05236
1.8075e-34,0.049843,0.052354
1.9027e-34,0.049823,0.052347
1.9862e-34,0.049802,0.05234
2.058e-34,0.049779,0.052332
2.1186e-34,0.049754,0.052324
2.1682e-34,0.049728,0.052315
2.2071e-34,0.0497,0.052306
2.2356e-34,0.04967,0.052297
2.2542e-34,0.049638,0.052287
2.2632e-34,0.049605,0.052277
2.2631e-34,0.049569,0.052266
2.2543e-34,0.049532,0.052256
2.2372e-34,0.049494,0.052245
2.2123e-34,0.049453,0.052234
2.18e-34,0.049411,0.052223
2.1408e-34,0.049367,0.052211
2.0952e-34,0.049321,0.0522
2.0437e-34,0.049273,0.052188
1.9868e-34,0.049224,0.052176
1.9248e-34,0.049173,0.052164
1.8583e-34,0.04912,0.052152
1.7878e-34,0.049066,0.05214
1.7137e-34,0.049011,0.052128
1.6365e-34,0.048953,0.052116
1.5566e-34,0.048895,0.052104
1.4745e-34,0.048835,0.052091
1.3905e-34,0.048774,0.052079
1.3051e-34,0.048712,0.052066
1.2187e-34,0.048648,0.052054
1.1316e-34,0.048584,0.052042
1.0443e-34,0.048519,0.052029
9.5703e-35,0.048453,0.052017
8.7017e-35,0.048386,0.052004
7.8404e-35,0.048319,0.051992
6.9893e-35,0.048251,0.051979
6.1512e-35,0.048183,0.051967
5.3287e-35,0.048115,0.051954
4.5243e-35,0.048047,0.051942
3.7402e-35,0.047978,0.05193
2.9785e-35,0.04791,0.051918
2.241e-35,0.047842,0.051905
1.5296e-35,0.047775,0.051893
8.4557e-36,0.047708,0.051881
1.9043e-36,0.047642,0.051869
-4.347e-36,0.047577,0.051858
-1.0288e-35,0.047512,0.051846
-1.5911e-35,0.047449,0.051834
-2.1209e-35,0.047387,0.051823
-2.6176e-35,0.047327,0.051811
-3.0809e-35,0.047268,0.0518
-3.5106e-35,0.047211,0.051789
-3.9066e-35,0.047155,0.051778
-4.269e-35,0.047102,0.051767
-4.5979e-35,0.04705,0.051757
-4.8936e-35,0.047001,0.051746
-5.1567e-35,0.046954,0.051736
-5.3875e-35,0.046909,0.051726
-5.5867e-35,0.046867,0.051717
-5.755e-35,0.046827,0.051707
-5.8932e-35,0.04679,0.051698
-6.0023e-35,0.046756,0.051689
-6.0831e-35,0.046724,0.05168
-6.1366e-35,0.046696,0.051672
-6.164e-35,0.04667,0.051663
-6.1664e-35,0.046648,0.051656
-6.1449e-35,0.046629,0.051648
-6.1007e-35,0.046612,0.051641
-6.035e-35,0.046599,0.051634
-5.9492e-35,0.046589,0.051627
-5.8445e-35,0.046583,0.051621
-5.7222e-35,0.046579,0.051615
-5.5835e-35,0.046579,0.051609
-5.4299e-35,0.046583,0.051604
-5.2625e-35,0.046589,0.051599
-5.0827e-35,0.046599,0.051595
-4.8918e-35,0.046611,0.051591
-4.6909e-35,0.046627,0.051587
-4.4814e-35,0.046647,0.051584
-4.2645e-35,0.046669,0.051581
-4.0413e-35,0.046694,0.051578
-3.813e-35,0.046722,0.051576
-3.5807e-35,0.046753,0.051574
-3.3455e-35,0.046787,0.051573
-3.1085e-35,0.046824,0.051572
-2.8706e-35,0.046863,0.051571
-2.6328e-35,0.046904,0.051571
-2.396e-35,0.046949,0.051571
-2.1611e-35,0.046995,0.051572
-1.9289e-35,0.047044,0.051573
-1.7001e-35,0.047094,0.051574
-1.4756e-35,0.047147,0.051576
-1.2558e-35,0.047202,0.051578
-1.0416e-35,0.047258,0.05158
-8.3337e-36,0.047316,0.051582
-6.3171e-36,0.047375,0.051585
-4.3708e-36,0.047436,0.051588
-2.499e-36,0.047498,0.051592
-7.0536e-37,0.047561,0.051595
1.0068e-36,0.047625,0.051599
2.6348e-36,0.047689,0.051603
4.1763e-36,0.047755,0.051608
5.6293e-36,0.047821,0.051612
6.9925e-36,0.047887,0.051617
8.2647e-36,0.047954,0.051622
9.4454e-36,0.048021,0.051627
1.0534e-35,0.048089,0.051632
1.1532e-35,0.048156,0.051637
1.2438e-35,0.048223,0.051642
1.3253e-35,0.04829,0.051647
1.3979e-35,0.048356,0.051652
1.4617e-35,0.048422,0.051658
1.5169e-35,0.048488,0.051663
1.5637e-35,0.048552,0.051668
1.6022e-35,0.048617,0.051673
1.6328e-35,0.04868,0.051678
1.6556e-35,0.048742,0.051683
1.671e-35,0.048804,0.051688
1.6792e-35,0.048864,0.051693
1.6805e-35,0.048923,0.051698
1.6754e-35,0.048981,0.051702
1.6639e-35,0.049038,0.051707
1.6467e-35,0.049094,0.051711
1.6238e-35,0.049148,0.051715
1.5958e-35,0.0492,0.051718
1.563e-35,0.049251,0.051722
1.5256e-35,0.049301,0.051725
1.4841e-35,0.049348,0.051728
1.4389e-35,0.049394,0.051731
1.3902e-35,0.049439,0.051733
1.3385e-35,0.049481,0.051736
1.284e-35,0.049522,0.051737
1.2271e-35,0.04956,0.051739
1.1681e-35,0.049597,0.05174
1.1074e-35,0.049632,0.051741
1.0453e-35,0.049665,0.051741
9.8206e-36,0.049696,0.051741
9.1799e-36,0.049724,0.051741
8.5338e-36,0.049751,0.05174
7.8851e-36,0.049775,0.051739
7.2364e-36,0.049798,0.051737
6.5902e-36,0.049818,0.051735
5.9488e-36,0.049836,0.051733
5.3145e-36,0.049852,0.05173
4.6894e-36,0.049865,0.051726
4.0754e-36,0.049877,0.051722
3.4745e-36,0.049886,0.051718
2.8884e-36,0.049892,0.051713
2.3185e-36,0.049897,0.051708
1.7663e-36,0.049899,0.051702
1.2332e-36,0.0499,0.051696
7.2029e-37,0.049897,0.051689
2.2858e-37,0.049893,0.051682
-2.4101e-37,0.049887,0.051675
-6.877e-37,0.049878,0.051667
-1.1108e-36,0.049867,0.051658
-1.5099e-36,0.049854,0.051649
-1.8845e-36,0.049839,0.05164
-2.2343e-36,0.049822,0.05163
-2.5591e-36,0.049802,0.05162
-2.8588e-36,0.049781,0.05161
-3.1335e-36,0.049758,0.051599
-3.3833e-36,0.049733,0.051587
-3.6083e-36,0.049706,0.051575
-3.8088e-36,0.049677,0.051563
-3.9853e-36,0.049646,0.051551
-4.1381e-36,0.049614,0.051538
-4.2678e-36,0.049581,0.051524
-4.375e-36,0.049545,0.051511
-4.4602e-36,0.049509,0.051497
-4.5242e-36,0.049471,0.051482
-4.5677e-36,0.049431,0.051467
-4.5915e-36,0.049391,0.051452
-4.5964e-36,0.049349,0.051437
-4.5833e-36,0.049307,0.051421
-4.5531e-36,0.049263,0.051405
-4.5066e-36,0.049219,0.051388
-4.4448e-36,0.049174,0.051371
-4.3687e-36,0.049128,0.051353
-4.2791e-36,0.049082,0.051336
-4.1771e-36,0.049036,0.051317
-4.0637e-36,0.048989,0.051299
-3.9397e-36,0.048941,0.05128
-3.8062e-36,0.048894,0.051261
-3.664e-36,0.048847,0.051241
-3.5142e-36,0.0488,0.051221
-3.3577e-36,0.048752,0.0512
-3.1954e-36,0.048705,0.051179
-3.0281e-36,0.048659,0.051158
-2.8568e-36,0.048612,0.051136
-2.6822e-36,0.048566,0.051114
-2.5052e-36,0.048521,0.051092
-2.3266e-36,0.048476,0.051069
-2.1471e-36,0.048432,0.051046
-1.9675e-36,0.048388,0.051022
-1.7885e-36,0.048345,0.050998
-1.6106e-36,0.048303,0.050974
-1.4346e-36,0.048261,0.05095
-1.261e-36,0.048221,0.050925
-1.0904e-36,0.048181,0.0509
-9.2336e-37,0.048142,0.050874
-7.6025e-37,0.048104,0.050849
-6.0156e-37,0.048066,0.050823
-4.4771e-37,0.04803,0.050798
-2.9906e-37,0.047995,0.050772
-1.5595e-37,0.04796,0.050746
-1.8686e-38,0.047927,0.05072
1.1248e-37,0.047894,0.050694
2.3731e-37,0.047862,0.050669
3.5561e-37,0.047831,0.050643
4.6721e-37,0.047801,0.050618
5.7199e-37,0.047772,0.050593
6.6984e-37,0.047743,0.050569
7.607e-37,0.047716,0.050544
8.4451e-37,0.047689,0.050521
9.2126e-37,0.047663,0.050498
9.9097e-37,0.047638,0.050475
1.0537e-36,0.047614,0.050453
1.1094e-36,0.04759,0.050432
1.1583e-36,0.047567,0.050412
1.2004e-36,0.047545,0.050393
1.2359e-36,0.047523,0.050374
1.2649e-36,0.047502,0.050357
1.2875e-36,0.047482,0.050341
1.304e-36,0.047462,0.050325
1.3145e-36,0.047443,0.050311
1.3192e-36,0.047425,0.050299
1.3184e-36,0.047407,0.050287
1.3122e-36,0.047389,0.050277
1.3009e-36,0.047372,0.050268
1.2847e-36,0.047355,0.05026
1.264e-36,0.047339,0.050254
1.2388e-36,0.047324,0.05025
1.2096e-36,0.047308,0.050246
1.1765e-36,0.047294,0.050245
1.1399e-36,0.047279,0.050244
1.0999e-36,0.047265,0.050245
1.0569e-36,0.047252,0.050248
1.0111e-36,0.047238,0.050252
9.6282e-37,0.047226,0.050258
9.1229e-37,0.047213,0.050264
8.5977e-37,0.047202,0.050273
8.0553e-37,0.04719,0.050282
7.4982e-37,0.047179,0.050293
6.9289e-37,0.047169,0.050305
6.3499e-37,0.047159,0.050319
5.7636e-37,0.047149,0.050333
5.1723e-37,0.047141,0.050349
4.5783e-37,0.047132,0.050366
3.9839e-37,0.047125,0.050383
3.3911e-37,0.047118,0.050402
2.8021e-37,0.047112,0.050421
2.2189e-37,0.047106,0.050442
1.6433e-37,0.047102,0.050462
1.0773e-37,0.047098,0.050484
5.2263e-38,0.047095,0.050506
-1.9046e-39,0.047093,0.050528
-5.461e-38,0.047093,0.05055
-1.057e-37,0.047093,0.050573
-1.5503e-37,0.047094,0.050596
-2.0246e-37,0.047097,0.050619
-2.4787e-37,0.047101,0.050642
-2.9113e-37,0.047106,0.050665
-3.3214e-37,0.047112,0.050688
-3.7078e-37,0.04712,0.05071
-4.0696e-37,0.047129,0.050732
-4.406e-37,0.047139,0.050753
-4.7161e-37,0.047151,0.050774
-4.9993e-37,0.047165,0.050794
-5.2548e-37,0.04718,0.050813
-5.4821e-37,0.047196,0.050832
-5.6806e-37,0.047214,0.05085
-5.8501e-37,0.047234,0.050867
-5.9901e-37,0.047255,0.050883
-6.1004e-37,0.047278,0.050898
-6.1807e-37,0.047302,0.050911
-6.2309e-37,0.047327,0.050924
-6.2511e-37,0.047354,0.050936
-6.2411e-37,0.047382,0.050946
-6.2011e-37,0.047412,0.050956
-6.1312e-37,0.047443,0.050964
-6.0317e-37,0.047475,0.050971
-5.9028e-37,0.047509,0.050976
-5.745e-37,0.047543,0.050981
-5.5586e-37,0.047578,0.050984
-5.3442e-37,0.047615,0.050986
-5.1024e-37,0.047652,0.050987
-4.8337e-37,0.04769,0.050987
-4.539e-37,0.047729,0.050986
-4.2189e-37,0.047768,0.050983
-3.8744e-37,0.047807,0.05098
-3.5063e-37,0.047847,0.050976
-3.1158e-37,0.047887,0.05097
-2.7038e-37,0.047928,0.050964
-2.2715e-37,0.047968,0.050957
-1.8201e-37,0.048008,0.050949
-1.3509e-37,0.048048,0.050941
-8.6524e-38,0.048087,0.050931
-3.6456e-38,0.048126,0.050921
1.4965e-38,0.048165,0.050911
6.7581e-38,0.048203,0.050899
1.2123e-37,0.04824,0.050887
1.7574e-37,0.048276,0.050875
2.3094e-37,0.048311,0.050862
2.8663e-37,0.048345,0.050849
3.4264e-37,0.048378,0.050835
3.9877e-37,0.04841,0.05082
4.548e-37,0.04844,0.050806
5.1054e-37,0.048469,0.050791
5.6577e-37,0.048496,0.050775
6.2027e-37,0.048522,0.050759
6.7382e-37,0.048546,0.050743
7.262e-37,0.048568,0.050726
7.7716e-37,0.048589,0.050708
8.2648e-37,0.048607,0.050691
8.7391e-37,0.048625,0.050672
9.1922e-37,0.04864,0.050654
9.6216e-37,0.048653,0.050635
1.0025e-36,0.048665,0.050615
1.04e-36,0.048675,0.050595
1.0744e-36,0.048683,0.050574
1.1054e-36,0.04869,0.050552
1.1329e-36,0.048694,0.05053
1.1565e-36,0.048697,0.050508
1.1762e-36,0.048699,0.050484
1.1915e-36,0.048699,0.05046
1.2023e-36,0.048697,0.050435
1.2084e-36,0.048694,0.050409
1.2096e-36,0.04869,0.050383
1.2056e-36,0.048684,0.050356
1.1964e-36,0.048677,0.050328
1.1816e-36,0.048669,0.050299
1.1611e-36,0.04866,0.050269
1.1349e-36,0.04865,0.050238
1.1026e-36,0.04864,0.050207
1.0643e-36,0.048628,0.050174
1.0198e-36,0.048616,0.050141
9.69e-37,0.048604,0.050107
9.1184e-37,0.04859,0.050072
8.4828e-37,0.048577,0.050036
7.7828e-37,0.048564,0.049999
7.0184e-37,0.04855,0.049961
6.1898e-37,0.048536,0.049922
5.2974e-37,0.048522,0.049882
4.3418e-37,0.048508,0.049842
3.3241e-37,0.048494,0.0498
2.2456e-37,0.048481,0.049758
1.1076e-37,0.048467,0.049715
-8.7939e-39,0.048454,0.049671
-1.3389e-37,0.048441,0.049627
-2.6428e-37,0.048429,0.049582
-3.997e-37,0.048416,0.049536
-5.3983e-37,0.048404,0.04949
-6.8434e-37,0.048393,0.049443
-8.3284e-37,0.048381,0.049395
-9.8495e-37,0.04837,0.049347
-1.1402e-36,0.048359,0.049299
-1.2981e-36,0.048349,0.04925
-1.4583e-36,0.048338,0.049201
-1.62e-36,0.048328,0.049152
-1.7829e-36,0.048318,0.049103
-1.9462e-36,0.048307,0.049054
-2.1093e-36,0.048297,0.049005
-2.2716e-36,0.048286,0.048956
-2.4324e-36,0.048276,0.048907
-2.591e-36,0.048264,0.048859
-2.7466e-36,0.048253,0.048811
-2.8985e-36,0.048241,0.048763
-3.0459e-36,0.048228,0.048717
-3.1879e-36,0.048215,0.04867
-3.3238e-36,0.0482,0.048625
-3.4527e-36,0.048185,0.04858
-3.5738e-36,0.048169,0.048537
-3.6861e-36,0.048152,0.048495
-3.7889e-36,0.048134,0.048453
-3.8812e-36,0.048114,0.048413
-3.9622e-36,0.048093,0.048375
-4.0311e-36,0.048071,0.048338
-4.0868e-36,0.048047,0.048302
-4.1286e-36,0.048022,0.048269
-4.1557e-36,0.047995,0.048237
-4.1672e-36,0.047966,0.048207
-4.1623e-36,0.047936,0.048178
-4.1403e-36,0.047903,0.048152
-4.1004e-36,0.04787,0.048128
-4.0419e-36,0.047834,0.048106
-3.964e-36,0.047796,0.048086
-3.8663e-36,0.047757,0.048068
-3.7482e-36,0.047715,0.048053
-3.609e-36,0.047672,0.04804
-3.4484e-36,0.047628,0.04803
-3.266e-36,0.047581,0.048021
-3.0613e-36,0.047533,0.048016
-2.8343e-36,0.047483,0.048013
-2.5846e-36,0.047431,0.048012
-2.3123e-36,0.047378,0.048013
-2.0172e-36,0.047324,0.048017
-1.6995e-36,0.047268,0.048024
-1.3593e-36,0.047211,0.048033
-9.9694e-37,0.047153,0.048044
-6.1278e-37,0.047093,0.048057
-2.0731e-37,0.047034,0.048073
2.1888e-37,0.046973,0.048091
6.6509e-37,0.046912,0.048111
1.1305e-36,0.04685,0.048133
1.6142e-36,0.046789,0.048156
2.115e-36,0.046727,0.048182
2.6319e-36,0.046665,0.048209
3.1635e-36,0.046604,0.048238
3.7084e-36,0.046544,0.048268
4.265e-36,0.046484,0.0483
4.8317e-36,0.046425,0.048332
5.4066e-36,0.046367,0.048366
5.988e-36,0.04631,0.0484
6.5736e-36,0.046255,0.048436
7.1614e-36,0.046202,0.048472
7.7491e-36,0.04615,0.048508
8.3343e-36,0.046101,0.048544
8.9145e-36,0.046053,0.048581
9.4872e-36,0.046009,0.048617
1.005e-35,0.045966,0.048654
1.0599e-35,0.045927,0.04869
1.1133e-35,0.04589,0.048725
1.1647e-35,0.045857,0.04876
1.214e-35,0.045827,0.048794
1.2608e-35,0.0458,0.048827
1.3048e-35,0.045776,0.048859
1.3457e-35,0.045756,0.04889
1.3831e-35,0.045739,0.048919
1.4168e-35,0.045727,0.048947
1.4465e-35,0.045717,0.048974
1.4717e-35,0.045712,0.048999
1.4922e-35,0.045711,0.049022
1.5077e-35,0.045713,0.049044
1.5178e-35,0.045719,0.049063
1.5223e-35,0.04573,0.049081
1.5209e-35,0.045743,0.049096
1.5132e-35,0.045761,0.04911
1.4991e-35,0.045783,0.049121
1.4782e-35,0.045808,0.049131
1.4503e-35,0.045837,0.049138
1.4151e-35,0.045869,0.049143
1.3725e-35,0.045905,0.049146
1.3222e-35,0.045944,0.049147
1.2641e-35,0.045986,0.049146
1.1981e-35,0.046032,0.049142
1.1239e-35,0.04608,0.049137
1.0416e-35,0.046131,0.049129
9.5097e-36,0.046184,0.04912
8.5205e-36,0.04624,0.049108
7.4481e-36,0.046298,0.049095
6.2928e-36,0.046358,0.04908
5.0552e-36,0.04642,0.049063
3.7363e-36,0.046484,0.049044
2.3373e-36,0.046549,0.049024
8.5999e-37,0.046615,0.049002
-6.9352e-37,0.046682,0.048979
-2.3207e-36,0.04675,0.048955
-4.0186e-36,0.046818,0.048929
-5.7838e-36,0.046887,0.048902
-7.6125e-36,0.046956,0.048874
-9.5005e-36,0.047024,0.048845
-1.1443e-35,0.047093,0.048815
-1.3435e-35,0.047161,0.048784
-1.547e-35,0.047228,0.048752
-1.7544e-35,0.047294,0.04872
-1.9648e-35,0.047358,0.048688
-2.1776e-35,0.047422,0.048655
-2.3922e-35,0.047484,0.048621
-2.6076e-35,0.047544,0.048588
-2.823e-35,0.047602,0.048554
-3.0377e-35,0.047658,0.04852
-3.2507e-35,0.047712,0.048487
-3.4609e-35,0.047763,0.048453
-3.6676e-35,0.047812,0.04842
-3.8696e-35,0.047858,0.048387
-4.0658e-35,0.047902,0.048354
-4.2553e-35,0.047942,0.048321
-4.437e-35,0.04798,0.048289
-4.6096e-35,0.048014,0.048257
-4.7721e-35,0.048045,0.048226
-4.9233e-35,0.048073,0.048196
-5.062e-35,0.048098,0.048166
-5.1871e-35,0.04812,0.048137
-5.2973e-35,0.048138,0.048108
-5.3916e-35,0.048153,0.04808
-5.4687e-35,0.048165,0.048053
-5.5275e-35,0.048173,0.048027
-5.5668e-35,0.048179,0.048001
-5.5856e-35,0.048181,0.047976
-5.5827e-35,0.04818,0.047952
-5.557e-35,0.048176,0.047928
-5.5077e-35,0.04817,0.047905
-5.4336e-35,0.048161,0.047883
-5.3339e-35,0.048149,0.047862
-5.2078e-35,0.048135,0.047841
-5.0544e-35,0.048118,0.047822
-4.8729e-35,0.048099,0.047802
-4.6629e-35,0.048078,0.047784
-4.4236e-35,0.048056,0.047766
-4.1547e-35,0.048032,0.047748
-3.8557e-35,0.048006,0.047732
-3.5265e-35,0.047979,0.047715
-3.1667e-35,0.047951,0.0477
-2.7764e-35,0.047922,0.047685
-2.3557e-35,0.047893,0.04767
-1.9047e-35,0.047863,0.047656
-1.4239e-35,0.047833,0.047642
-9.1357e-36,0.047803,0.047629
-3.7444e-36,0.047773,0.047616
1.9275e-36,0.047744,0.047603
7.8708e-36,0.047715,0.047591
1.4075e-35,0.047687,0.047579
2.0528e-35,0.04766,0.047568
2.7215e-35,0.047635,0.047557
3.4122e-35,0.04761,0.047546
4.1231e-35,0.047588,0.047535
4.8523e-35,0.047567,0.047525
5.5978e-35,0.047548,0.047515
6.3574e-35,0.047531,0.047506
7.1286e-35,0.047516,0.047497
7.909e-35,0.047503,0.047488
8.6959e-35,0.047493,0.04748
9.4864e-35,0.047486,0.047472
1.0277e-34,0.047481,0.047464
1.1066e-34,0.047479,0.047457
1.1848e-34,0.047479,0.04745
1.2621e-34,0.047482,0.047444
1.3381e-34,0.047488,0.047439
1.4125e-34,0.047497,0.047433
1.4848e-34,0.047509,0.047429
1.5546e-34,0.047524,0.047425
1.6216e-34,0.047541,0.047421
1.6854e-34,0.047561,0.047419
1.7454e-34,0.047584,0.047417
1.8014e-34,0.04761,0.047416
1.8528e-34,0.047638,0.047415
1.8993e-34,0.047668,0.047416
1.9404e-34,0.047701,0.047417
1.9757e-34,0.047736,0.04742
2.0047e-34,0.047773,0.047423
2.027e-34,0.047812,0.047427
2.0422e-34,0.047853,0.047433
2.05e-34,0.047896,0.047439
2.0498e-34,0.04794,0.047447
2.0413e-34,0.047986,0.047456
2.0242e-34,0.048032,0.047466
1.998e-34,0.04808,0.047477
1.9624e-34,0.048129,0.04749
1.9172e-34,0.048178,0.047504
1.862e-34,0.048228,0.04752
1.7965e-34,0.048278,0.047536
1.7206e-34,0.048328,0.047554
1.6339e-34,0.048378,0.047574
1.5364e-34,0.048427,0.047595
1.4279e-34,0.048477,0.047617
1.3082e-34,0.048525,0.047641
1.1774e-34,0.048573,0.047666
1.0353e-34,0.04862,0.047692
8.821e-35,0.048666,0.04772
7.1776e-35,0.048711,0.047749
5.4244e-35,0.048754,0.04778
3.5628e-35,0.048796,0.047811
1.5952e-35,0.048836,0.047844
-4.7579e-36,0.048874,0.047878
-2.6468e-35,0.04891,0.047913
-4.914e-35,0.048945,0.04795
-7.273e-35,0.048977,0.047987
-9.7187e-35,0.049007,0.048025
-1.2246e-34,0.049034,0.048064
-1.4847e-34,0.04906,0.048103
-1.7517e-34,0.049082,0.048144
-2.0248e-34,0.049103,0.048185
-2.3031e-34,0.04912,0.048226
-2.5858e-34,0.049135,0.048268
-2.8719e-34,0.049148,0.04831
-3.1606e-34,0.049158,0.048353
-3.4506e-34,0.049165,0.048396
-3.741e-34,0.049169,0.048439
-4.0306e-34,0.049171,0.048482
-4.3181e-34,0.049171,0.048524
-4.6024e-34,0.049167,0.048567
-4.882e-34,0.049161,0.048609
-5.1556e-34,0.049153,0.048651
-5.4219e-34,0.049142,0.048693
-5.6794e-34,0.049129,0.048734
-5.9265e-34,0.049114,0.048774
-6.1619e-34,0.049096,0.048814
-6.3839e-34,0.049077,0.048853
-6.5911e-34,0.049055,0.04889
-6.7818e-34,0.049032,0.048927
-6.9545e-34,0.049006,0.048963
-7.1076e-34,0.048979,0.048998
-7.2394e-34,0.048951,0.049032
-7.3485e-34,0.048921,0.049065
-7.4332e-34,0.04889,0.049096
-7.4921e-34,0.048858,0.049126
-7.5235e-34,0.048824,0.049155
-7.5261e-34,0.04879,0.049182
-7.4984e-34,0.048756,0.049208
-7.4389e-34,0.04872,0.049233
-7.3465e-34,0.048685,0.049256
-7.2198e-34,0.048649,0.049278
-7.0577e-34,0.048613,0.049298
-6.8591e-34,0.048577,0.049317
-6.6229e-34,0.048542,0.049334
-6.3483e-34,0.048507,0.049351
-6.0346e-34,0.048472,0.049365
-5.681e-34,0.048438,0.049379
-5.287e-34,0.048405,0.049391
-4.8522e-34,0.048373,0.049402
-4.3764e-34,0.048342,0.049412
-3.8595e-34,0.048313,0.04942
-3.3015e-34,0.048284,0.049428
-2.7027e-34,0.048258,0.049434
-2.0634e-34,0.048232,0.04944
-1.3844e-34,0.048209,0.049444
-6.6629e-35,0.048188,0.049448
8.9853e-36,0.048168,0.04945
8.8286e-35,0.04815,0.049452
1.7114e-34,0.048135,0.049454
2.5737e-34,0.048122,0.049454
3.4681e-34,0.048111,0.049455
4.3926e-34,0.048103,0.049454
5.3448e-34,0.048096,0.049453
6.3222e-34,0.048093,0.049452
7.3223e-34,0.048092,0.04945
8.342e-34,0.048093,0.049448
9.3781e-34,0.048097,0.049446
1.0427e-33,0.048103,0.049443
1.1486e-33,0.048112,0.049441
1.2551e-33,0.048124,0.049438
1.3617e-33,0.048138,0.049435
1.468e-33,0.048155,0.049432
1.5737e-33,0.048174,0.049429
1.6782e-33,0.048196,0.049425
1.781e-33,0.04822,0.049422
1.8817e-33,0.048247,0.049419
1.9798e-33,0.048276,0.049415
2.0747e-33,0.048307,0.049411
2.1659e-33,0.048341,0.049408
2.2528e-33,0.048377,0.049404
2.3348e-33,0.048414,0.0494
2.4115e-33,0.048454,0.049396
2.4822e-33,0.048496,0.049391
2.5463e-33,0.04854,0.049387
2.6033e-33,0.048586,0.049382
2.6526e-33,0.048633,0.049377
2.6936e-33,0.048682,0.049371
2.7257e-33,0.048732,0.049365
2.7484e-33,0.048784,0.049358
2.761e-33,0.048837,0.049351
2.7632e-33,0.048891,0.049343
2.7542e-33,0.048947,0.049334
2.7337e-33,0.049003,0.049325
2.7011e-33,0.04906,0.049315
2.656e-33,0.049118,0.049303
2.5979e-33,0.049176,0.049291
2.5265e-33,0.049236,0.049277
2.4413e-33,0.049295,0.049263
2.3421e-33,0.049355,0.049247
2.2285e-33,0.049415,0.049229
2.1003e-33,0.049475,0.049211
1.9573e-33,0.049536,0.04919
1.7993e-33,0.049596,0.049169
1.6263e-33,0.049656,0.049145
1.4382e-33,0.049716,0.04912
1.235e-33,0.049775,0.049093
1.0168e-33,0.049834,0.049064
7.838e-34,0.049892,0.049033
5.3611e-34,0.04995,0.049
2.7405e-34,0.050007,0.048965
-2.0107e-36,0.050064,0.048928
-2.9166e-34,0.050119,0.048888
-5.944e-34,0.050174,0.048847
-9.0963e-34,0.050227,0.048803
-1.2367e-33,0.05028,0.048757
-1.5749e-33,0.050331,0.048709
-1.9234e-33,0.050381,0.048659
-2.2812e-33,0.05043,0.048606
-2.6475e-33,0.050478,0.048551
-3.0211e-33,0.050525,0.048494
-3.4008e-33,0.05057,0.048434
-3.7855e-33,0.050613,0.048372
-4.1739e-33,0.050656,0.048308
-4.5644e-33,0.050696,0.048242
-4.9558e-33,0.050736,0.048174
-5.3464e-33,0.050773,0.048104
-5.7346e-33,0.05081,0.048033
-6.1187e-33,0.050844,0.047959
-6.497e-33,0.050877,0.047884
-6.8677e-33,0.050909,0.047807
-7.2288e-33,0.050939,0.047729
-7.5785e-33,0.050967,0.047649
-7.9148e-33,0.050994,0.047568
-8.2356e-33,0.051019,0.047487
-8.5389e-33,0.051042,0.047404
-8.8227e-33,0.051064,0.047321
-9.0847e-33,0.051084,0.047238
-9.3229e-33,0.051103,0.047154
-9.5351e-33,0.05112,0.047071
-9.7192e-33,0.051135,0.046987
-9.873e-33,0.051149,0.046904
-9.9946e-33,0.051161,0.046821
-1.0082e-32,0.051172,0.04674
-1.0132e-32,0.051181,0.046659
-1.0144e-32,0.051188,0.04658
-1.0116e-32,0.051194,0.046502
-1.0046e-32,0.051198,0.046426
-9.9308e-33,0.051201,0.046352
-9.7703e-33,0.051203,0.04628
-9.5624e-33,0.051203,0.046211
-9.3056e-33,0.051201,0.046144
-8.9985e-33,0.051198,0.04608
-8.6399e-33,0.051194,0.046019
-8.2287e-33,0.051188,0.045961
-7.764e-33,0.051181,0.045907
-7.245e-33,0.051172,0.045857
-6.6712e-33,0.051163,0.04581
-6.0421e-33,0.051152,0.045768
-5.3576e-33,0.05114,0.045729
-4.6178e-33,0.051126,0.045695
-3.8228e-33,0.051112,0.045665
-2.9733e-33,0.051096,0.04564
-2.0699e-33,0.051079,0.045619
-1.1136e-33,0.051062,0.045603
-1.0573e-34,0.051043,0.045592
9.5219e-34,0.051024,0.045586
2.0584e-33,0.051003,0.045585
3.2107e-33,0.050982,0.045588
4.4067e-33,0.05096,0.045597
5.6439e-33,0.050937,0.04561
6.9191e-33,0.050913,0.045629
8.2291e-33,0.050889,0.045652
9.5704e-33,0.050864,0.045679
1.0939e-32,0.050839,0.045712
1.2331e-32,0.050813,0.045749
1.3741e-32,0.050787,0.04579
1.5166e-32,0.05076,0.045836
1.6599e-32,0.050733,0.045886
1.8035e-32,0.050706,0.04594
1.947e-32,0.050678,0.045998
2.0896e-32,0.05065,0.046059
2.2308e-32,0.050621,0.046124
2.37e-32,0.050593,0.046191
2.5064e-32,0.050564,0.046262
2.6393e-32,0.050535,0.046335
2.7682e-32,0.050506,0.046411
2.8922e-32,0.050477,0.046489
3.0106e-32,0.050447,0.046568
3.1227e-32,0.050418,0.046649
3.2277e-32,0.050388,0.046732
3.3248e-32,0.050359,0.046815
3.4132e-32,0.050329,0.046899
3.4922e-32,0.050299,0.046983
3.5609e-32,0.050269,0.047067
3.6187e-32,0.05024,0.047151
3.6646e-32,0.05021,0.047235
3.698e-32,0.05018,0.047318
3.7181e-32,0.05015,0.047399
3.7241e-32,0.05012,0.047479
3.7154e-32,0.05009,0.047557
3.6912e-32,0.05006,0.047634
3.6509e-32,0.05003,0.047708
3.5938e-32,0.05,0.047779
3.5195e-32,0.04997,0.047848
3.4272e-32,0.04994,0.047914
3.3165e-32,0.049911,0.047977
3.1869e-32,0.049881,0.048036
3.0381e-32,0.049852,0.048092
2.8697e-32,0.049823,0.048144
2.6814e-32,0.049794,0.048193
2.4729e-32,0.049765,0.048237
2.2442e-32,0.049737,0.048277
1.9952e-32,0.049709,0.048313
1.7258e-32,0.049682,0.048345
1.4362e-32,0.049655,0.048373
1.1265e-32,0.049628,0.048396
7.9698e-33,0.049602,0.048414
4.4804e-33,0.049577,0.048429
8.0112e-34,0.049552,0.048439
-3.0626e-33,0.049528,0.048444
-7.1042e-33,0.049505,0.048445
-1.1316e-32,0.049483,0.048442
-1.569e-32,0.049462,0.048435
-2.0215e-32,0.049441,0.048423
-2.4882e-32,0.049422,0.048408
-2.9677e-32,0.049404,0.048388
-3.4589e-32,0.049387,0.048365
-3.9603e-32,0.049371,0.048338
-4.4704e-32,0.049356,0.048308
-4.9875e-32,0.049343,0.048274
-5.5099e-32,0.049331,0.048237
-6.0357e-32,0.049321,0.048196
-6.563e-32,0.049312,0.048153
-7.0898e-32,0.049304,0.048108
-7.6138e-32,0.049299,0.04806
-8.1328e-32,0.049294,0.048009
-8.6445e-32,0.049291,0.047957
-9.1464e-32,0.04929,0.047902
-9.6361e-32,0.049291,0.047846
-1.0111e-31,0.049293,0.047789
-1.0568e-31,0.049297,0.04773
-1.1005e-31,0.049303,0.04767
-1.1419e-31,0.04931,0.04761
-1.1808e-31,0.049319,0.047548
-1.2168e-31,0.04933,0.047486
-1.2496e-31,0.049342,0.047424
-1.279e-31,0.049356,0.047362
-1.3046e-31,0.049372,0.047299
-1.3263e-31,0.04939,0.047237
-1.3436e-31,0.049408,0.047175
-1.3564e-31,0.049429,0.047114
-1.3643e-31,0.049451,0.047054
-1.3671e-31,0.049474,0.046994
-1.3645e-31,0.049499,0.046935
-1.3563e-31,0.049525,0.046877
-1.3421e-31,0.049553,0.04682
-1.3219e-31,0.049582,0.046765
-1.2953e-31,0.049611,0.04671
-1.2621e-31,0.049642,0.046657
-1.2222e-31,0.049674,0.046606
-1.1754e-31,0.049707,0.046556
-1.1216e-31,0.049741,0.046507
-1.0605e-31,0.049775,0.04646
-9.922e-32,0.04981,0.046414
-9.1649e-32,0.049845,0.04637
-8.3335e-32,0.049881,0.046327
-7.4274e-32,0.049916,0.046286
-6.4467e-32,0.049953,0.046247
-5.3917e-32,0.049989,0.046209
-4.2628e-32,0.050024,0.046172
-3.0612e-32,0.05006,0.046137
-1.788e-32,0.050095,0.046103
-4.4488e-33,0.05013,0.046071
9.6617e-33,0.050164,0.04604
2.4428e-32,0.050197,0.04601
3.9823e-32,0.05023,0.045982
5.5814e-32,0.050261,0.045955
7.2368e-32,0.050291,0.045929
8.9443e-32,0.050319,0.045904
1.07e-31,0.050346,0.045881
1.2499e-31,0.050372,0.045858
1.4335e-31,0.050395,0.045837
1.6204e-31,0.050417,0.045816
1.81e-31,0.050437,0.045797
2.0016e-31,0.050455,0.045778
2.1945e-31,0.05047,0.04576
2.3881e-31,0.050483,0.045743
2.5815e-31,0.050494,0.045727
2.774e-31,0.050502,0.045712
2.9648e-31,0.050507,0.045698
3.153e-31,0.05051,0.045685
3.3376e-31,0.05051,0.045672
3.5179e-31,0.050507,0.04566
3.6929e-31,0.050501,0.045649
3.8615e-31,0.050493,0.045639
4.0228e-31,0.050481,0.045629
4.1758e-31,0.050466,0.04562
4.3194e-31,0.050448,0.045612
4.4527e-31,0.050428,0.045605
4.5745e-31,0.050404,0.045599
4.6838e-31,0.050378,0.045593
4.7795e-31,0.050348,0.045588
4.8607e-31,0.050316,0.045584
4.9261e-31,0.05028,0.045581
4.9749e-31,0.050242,0.045579
5.006e-31,0.050201,0.045578
5.0183e-31,0.050158,0.045577
5.011e-31,0.050112,0.045578
4.983e-31,0.050064,0.045579
4.9335e-31,0.050013,0.045581
4.8616e-31,0.049961,0.045584
4.7665e-31,0.049906,0.045589
4.6475e-31,0.049849,0.045594
4.5038e-31,0.049791,0.0456
4.3348e-31,0.049731,0.045607
4.14e-31,0.049669,0.045615
3.9189e-31,0.049607,0.045624
3.671e-31,0.049543,0.045633
3.396e-31,0.049478,0.045644
3.0938e-31,0.049412,0.045656
2.7642e-31,0.049346,0.045668
2.4072e-31,0.04928,0.045682
2.0228e-31,0.049214,0.045696
1.6114e-31,0.049147,0.045711
1.1732e-31,0.049081,0.045726
7.0865e-32,0.049015,0.045743
2.1837e-32,0.04895,0.045759
-2.9693e-32,0.048885,0.045777
-8.364e-32,0.048822,0.045795
-1.3991e-31,0.048759,0.045813
-1.9838e-31,0.048698,0.045831
-2.5892e-31,0.048639,0.04585
-3.214e-31,0.048581,0.045869
-3.8566e-31,0.048525,0.045887
-4.5153e-31,0.048472,0.045906
-5.1881e-31,0.04842,0.045924
-5.873e-31,0.048371,0.045942
-6.568e-31,0.048324,0.045959
-7.2706e-31,0.04828,0.045976
-7.9783e-31,0.048239,0.045992
-8.6887e-31,0.048201,0.046008
-9.399e-31,0.048165,0.046022
-1.0106e-30,0.048133,0.046035
-1.0807e-30,0.048104,0.046047
-1.1499e-30,0.048078,0.046057
-1.2179e-30,0.048055,0.046066
-1.2843e-30,0.048036,0.046073
-1.3487e-30,0.04802,0.046078
-1.4109e-30,0.048008,0.046081
-1.4704e-30,0.047999,0.046083
-1.5269e-30,0.047994,0.046082
-1.58e-30,0.047992,0.046079
-1.6294e-30,0.047993,0.046073
-1.6746e-30,0.047998,0.046065
-1.7152e-30,0.048007,0.046054
-1.7509e-30,0.048019,0.046041
-1.7813e-30,0.048033,0.046025
-1.806e-30,0.048052,0.046006
-1.8246e-30,0.048073,0.045984
-1.8367e-30,0.048097,0.04596
-1.842e-30,0.048125,0.045932
-1.8401e-30,0.048155,0.045902
-1.8307e-30,0.048188,0.045869
-1.8134e-30,0.048224,0.045832
-1.7879e-30,0.048262,0.045793
-1.754e-30,0.048302,0.045751
-1.7113e-30,0.048345,0.045706
-1.6595e-30,0.04839,0.045658
-1.5985e-30,0.048437,0.045608
-1.528e-30,0.048486,0.045554
-1.4479e-30,0.048536,0.045499
-1.358e-30,0.048588,0.04544
-1.2581e-30,0.048641,0.04538
-1.1483e-30,0.048695,0.045317
-1.0284e-30,0.048751,0.045251
-8.9844e-31,0.048807,0.045184
-7.5845e-31,0.048864,0.045115
-6.085e-31,0.048921,0.045044
-4.487e-31,0.048979,0.044972
-2.7922e-31,0.049037,0.044898
-1.0027e-31,0.049095,0.044823
8.7907e-32,0.049153,0.044747
2.8499e-31,0.04921,0.04467
4.9062e-31,0.049268,0.044592
7.044e-31,0.049324,0.044514
9.2585e-31,0.04938,0.044435
1.1545e-30,0.049435,0.044356
1.3897e-30,0.049489,0.044278
1.6308e-30,0.049542,0.044199
1.8773e-30,0.049594,0.044121
2.1283e-30,0.049645,0.044044
2.383e-30,0.049694,0.043968
2.6407e-30,0.049741,0.043893
2.9003e-30,0.049787,0.043819
3.161e-30,0.049831,0.043746
3.4218e-30,0.049873,0.043676
3.6816e-30,0.049913,0.043607
3.9393e-30,0.049951,0.04354
4.1937e-30,0.049988,0.043475
4.4437e-30,0.050022,0.043413
4.6881e-30,0.050054,0.043354
4.9255e-30,0.050084,0.043297
5.1547e-30,0.050112,0.043243
5.3744e-30,0.050138,0.043193
5.5831e-30,0.050162,0.043145
5.7795e-30,0.050184,0.043101
5.9622e-30,0.050203,0.04306
6.1299e-30,0.05022,0.043022
6.281e-30,0.050236,0.042988
6.4141e-30,0.050249,0.042958
6.5278e-30,0.050261,0.042932
6.6208e-30,0.05027,0.042909
6.6915e-30,0.050278,0.04289
6.7387e-30,0.050283,0.042876
6.761e-30,0.050287,0.042865
6.757e-30,0.05029,0.042857
6.7255e-30,0.05029,0.042854
6.6652e-30,0.050289,0.042855
6.575e-30,0.050287,0.042859
6.4538e-30,0.050283,0.042867
6.3005e-30,0.050278,0.042879
6.1143e-30,0.050272,0.042895
5.8941e-30,0.050264,0.042914
5.6392e-30,0.050255,0.042936
5.349e-30,0.050246,0.042962
5.0228e-30,0.050235,0.042992
4.6603e-30,0.050224,0.043024
4.2611e-30,0.050211,0.04306
3.825e-30,0.050198,0.043099
3.352e-30,0.050185,0.043141
2.8421e-30,0.050171,0.043185
2.2956e-30,0.050156,0.043232
1.7129e-30,0.050141,0.043282
1.0946e-30,0.050125,0.043334
4.4145e-31,0.05011,0.043388
-2.4566e-31,0.050094,0.043445
-9.6562e-31,0.050078,0.043503
-1.7171e-30,0.050061,0.043564
-2.4987e-30,0.050045,0.043626
-3.3086e-30,0.050029,0.04369
-4.1451e-30,0.050012,0.043756
-5.006e-30,0.049996,0.043823
-5.889e-30,0.04998,0.043891
-6.7917e-30,0.049964,0.043961
-7.7113e-30,0.049949,0.044032
-8.6451e-30,0.049933,0.044104
-9.5899e-30,0.049918,0.044177
-1.0542e-29,0.049903,0.04425
-1.1499e-29,0.049889,0.044325
-1.2457e-29,0.049875,0.044401
-1.3411e-29,0.049861,0.044477
-1.4358e-29,0.049849,0.044553
-1.5293e-29,0.049836,0.04463
-1.6213e-29,0.049824,0.044708
-1.7113e-29,0.049813,0.044786
-1.7987e-29,0.049802,0.044864
-1.8832e-29,0.049792,0.044943
-1.9643e-29,0.049783,0.045021
-2.0413e-29,0.049775,0.0451
-2.114e-29,0.049767,0.045179
-2.1816e-29,0.04976,0.045258
-2.2438e-29,0.049754,0.045337
-2.2999e-29,0.049748,0.045415
-2.3495e-29,0.049744,0.045494
-2.3921e-29,0.04974,0.045572
-2.4271e-29,0.049737,0.04565
-2.454e-29,0.049736,0.045728
-2.4723e-29,0.049735,0.045805
-2.4814e-29,0.049735,0.045882
-2.4811e-29,0.049735,0.045958
-2.4706e-29,0.049737,0.046033
-2.4497e-29,0.04974,0.046108
-2.4178e-29,0.049743,0.046183
-2.3745e-29,0.049747,0.046256
-2.3196e-29,0.049752,0.046329
-2.2525e-29,0.049758,0.046401
-2.1731e-29,0.049764,0.046472
-2.0809e-29,0.049772,0.046542
-1.9758e-29,0.049779,0.046611
-1.8575e-29,0.049788,0.046679
-1.7259e-29,0.049796,0.046747
-1.5809e-29,0.049806,0.046812
-1.4223e-29,0.049815,0.046877
-1.2501e-29,0.049825,0.046941
-1.0644e-29,0.049835,0.047003
-8.6524e-30,0.049845,0.047064
-6.5279e-30,0.049855,0.047124
-4.2723e-30,0.049865,0.047182
-1.8885e-30,0.049875,0.047239
6.2045e-31,0.049885,0.047295
3.2504e-30,0.049895,0.047349
5.9967e-30,0.049903,0.047401
8.854e-30,0.049912,0.047452
1.1816e-29,0.04992,0.047502
1.4876e-29,0.049927,0.04755
1.8027e-29,0.049933,0.047596
2.126e-29,0.049939,0.047641
2.4566e-29,0.049943,0.047684
2.7936e-29,0.049947,0.047725
3.1359e-29,0.04995,0.047765
3.4823e-29,0.049951,0.047803
3.8317e-29,0.049951,0.047839
4.1829e-29,0.04995,0.047874
4.5344e-29,0.049948,0.047906
4.8849e-29,0.049944,0.047937
5.2328e-29,0.049939,0.047966
5.5768e-29,0.049933,0.047993
5.9151e-29,0.049925,0.048019
6.2462e-29,0.049916,0.048042
6.5684e-29,0.049905,0.048064
6.8798e-29,0.049893,0.048083
7.1787e-29,0.04988,0.048101
7.4634e-29,0.049865,0.048117
7.7319e-29,0.049849,0.04813
7.9823e-29,0.049831,0.048142
8.2128e-29,0.049812,0.048152
8.4214e-29,0.049792,0.04816
8.6062e-29,0.049771,0.048165
8.7654e-29,0.049748,0.048169
8.8969e-29,0.049725,0.048171
8.9989e-29,0.0497,0.04817
9.0696e-29,0.049674,0.048168
9.1071e-29,0.049648,0.048163
9.1096e-29,0.04962,0.048157
9.0754e-29,0.049592,0.048148
9.0028e-29,0.049563,0.048137
8.8902e-29,0.049533,0.048125
8.7361e-29,0.049503,0.04811
8.5391e-29,0.049473,0.048093
8.2979e-29,0.049441,0.048075
8.0112e-29,0.04941,0.048054
7.6781e-29,0.049378,0.048031
7.2975e-29,0.049347,0.048007
6.8686e-29,0.049315,0.047981
6.3909e-29,0.049283,0.047952
5.8637e-29,0.049251,0.047922
5.2869e-29,0.04922,0.047891
4.6604e-29,0.049188,0.047858
3.9841e-29,0.049157,0.047823
3.2584e-29,0.049127,0.047786
2.4838e-29,0.049097,0.047748
1.661e-29,0.049067,0.047709
7.9104e-30,0.049038,0.047669
-1.2501e-30,0.04901,0.047627
-1.0857e-29,0.048982,0.047584
-2.0892e-29,0.048956,0.04754
-3.1337e-29,0.04893,0.047495
-4.217e-29,0.048905,0.04745
-5.3366e-29,0.048881,0.047403
-6.4898e-29,0.048858,0.047356
-7.6734e-29,0.048836,0.047309
-8.8843e-29,0.048815,0.047261
-1.0119e-28,0.048796,0.047213
-1.1373e-28,0.048777,0.047164
-1.2644e-28,0.04876,0.047116
-1.3925e-28,0.048744,0.047067
-1.5214e-28,0.048729,0.047019
-1.6504e-28,0.048716,0.046971
-1.7792e-28,0.048704,0.046923
-1.907e-28,0.048693,0.046876
-2.0335e-28,0.048683,0.046829
-2.1579e-28,0.048675,0.046783
-2.2798e-28,0.048668,0.046738
-2.3984e-28,0.048663,0.046693
-2.5132e-28,0.048659,0.04665
-2.6235e-28,0.048656,0.046607
-2.7286e-28,0.048655,0.046566
-2.8278e-28,0.048655,0.046526
-2.9205e-28,0.048657,0.046487
-3.006e-28,0.04866,0.046449
-3.0835e-28,0.048664,0.046413
-3.1523e-28,0.04867,0.046378
-3.2118e-28,0.048677,0.046345
-3.2612e-28,0.048686,0.046313
-3.2999e-28,0.048695,0.046283
-3.3271e-28,0.048707,0.046254
-3.3422e-28,0.048719,0.046227
-3.3446e-28,0.048733,0.046202
-3.3335e-28,0.048748,0.046178
-3.3084e-28,0.048764,0.046156
-3.2687e-28,0.048782,0.046136
-3.2139e-28,0.048801,0.046117
-3.1433e-28,0.048821,0.0461
-3.0565e-28,0.048842,0.046084
-2.9532e-28,0.048865,0.04607
-2.8327e-28,0.048888,0.046058
-2.6949e-28,0.048913,0.046047
-2.5394e-28,0.048939,0.046038
-2.366e-28,0.048966,0.04603
-2.1745e-28,0.048993,0.046024
-1.9648e-28,0.049022,0.046019
-1.7368e-28,0.049052,0.046016
-1.4905e-28,0.049082,0.046014
-1.2261e-28,0.049113,0.046013
-9.437e-29,0.049145,0.046013
-6.4358e-29,0.049178,0.046015
-3.2608e-29,0.049212,0.046018
8.3672e-31,0.049246,0.046022
3.5925e-29,0.04928,0.046027
7.2596e-29,0.049316,0.046033
1.1078e-28,0.049351,0.046041
1.5039e-28,0.049388,0.046049
1.9135e-28,0.049424,0.046058
2.3355e-28,0.049461,0.046068
2.7689e-28,0.049498,0.046079
3.2124e-28,0.049536,0.04609
3.6647e-28,0.049574,0.046103
4.1245e-28,0.049612,0.046116
4.5902e-28,0.04965,0.046129
5.0604e-28,0.049688,0.046144
5.5332e-28,0.049726,0.046158
6.0069e-28,0.049765,0.046174
6.4796e-28,0.049803,0.046189
6.9495e-28,0.049841,0.046206
7.4143e-28,0.049879,0.046222
7.8721e-28,0.049916,0.046239
8.3206e-28,0.049954,0.046256
8.7575e-28,0.049991,0.046273
9.1805e-28,0.050028,0.046291
9.5873e-28,0.050064,0.046308
9.9752e-28,0.0501,0.046326
1.0342e-27,0.050136,0.046343
1.0685e-27,0.050171,0.046361
1.1002e-27,0.050205,0.046378
1.1289e-27,0.050239,0.046395
1.1546e-27,0.050272,0.046412
1.1768e-27,0.050304,0.046428
1.1954e-27,0.050336,0.046445
1.21e-27,0.050367,0.04646
1.2205e-27,0.050396,0.046475
1.2265e-27,0.050425,0.04649
1.2279e-27,0.050453,0.046504
1.2244e-27,0.05048,0.046517
1.2158e-27,0.050505,0.04653
1.2018e-27,0.050529,0.046542
1.1822e-27,0.050553,0.046553
1.157e-27,0.050574,0.046563
1.1258e-27,0.050595,0.046572
1.0885e-27,0.050613,0.04658
1.045e-27,0.050631,0.046587
9.9512e-28,0.050646,0.046593
9.3875e-28,0.05066,0.046598
8.7582e-28,0.050673,0.046601
8.0624e-28,0.050683,0.046604
7.2998e-28,0.050692,0.046605
6.4701e-28,0.050699,0.046605
5.5734e-28,0.050703,0.046604
4.61e-28,0.050706,0.046601
3.5806e-28,0.050707,0.046597
2.4859e-28,0.050706,0.046592
1.3273e-28,0.050702,0.046585
1.0631e-29,0.050696,0.046577
-1.1753e-28,0.050689,0.046568
-2.5152e-28,0.050678,0.046558
-3.9109e-28,0.050666,0.046546
-5.3596e-28,0.050651,0.046533
-6.8579e-28,0.050635,0.046519
-8.4022e-28,0.050615,0.046503
-9.9887e-28,0.050594,0.046487
-1.1613e-27,0.05057,0.046469
-1.327e-27,0.050545,0.04645
-1.4955e-27,0.050517,0.04643
-1.6663e-27,0.050487,0.046409
-1.8387e-27,0.050454,0.046388
-2.0122e-27,0.05042,0.046365
-2.1861e-27,0.050384,0.046342
-2.3597e-27,0.050346,0.046318
-2.5323e-27,0.050307,0.046293
-2.7032e-27,0.050265,0.046267
-2.8716e-27,0.050222,0.046241
-3.0366e-27,0.050178,0.046214
-3.1975e-27,0.050132,0.046187
-3.3534e-27,0.050084,0.04616
-3.5034e-27,0.050036,0.046132
-3.6466e-27,0.049986,0.046104
-3.7821e-27,0.049936,0.046076
-3.909e-27,0.049885,0.046048
-4.0264e-27,0.049833,0.046019
-4.1332e-27,0.04978,0.045991
-4.2286e-27,0.049728,0.045962
-4.3116e-27,0.049675,0.045934
-4.3813e-27,0.049621,0.045906
-4.4366e-27,0.049568,0.045878
-4.4768e-27,0.049515,0.04585
-4.5008e-27,0.049462,0.045822
-4.5078e-27,0.049409,0.045795
-4.4969e-27,0.049357,0.045768
-4.4673e-27,0.049306,0.045741
-4.4182e-27,0.049255,0.045715
-4.3487e-27,0.049206,0.045689
-4.2583e-27,0.049157,0.045664
-4.1462e-27,0.049109,0.045639
-4.0119e-27,0.049063,0.045615
-3.8547e-27,0.049017,0.045591
-3.6741e-27,0.048973,0.045568
-3.4698e-27,0.048931,0.045545
-3.2414e-27,0.04889,0.045523
-2.9887e-27,0.048851,0.045502
-2.7115e-27,0.048813,0.045481
-2.4096e-27,0.048777,0.045461
-2.0831e-27,0.048742,0.045441
-1.7321e-27,0.04871,0.045422
-1.3568e-27,0.048679,0.045403
-9.5758e-28,0.04865,0.045385
-5.3481e-28,0.048623,0.045368
-8.9059e-29,0.048597,0.045352
3.79e-28,0.048574,0.045336
8.6858e-28,0.048552,0.04532
1.3787e-27,0.048533,0.045306
1.9085e-27,0.048515,0.045292
2.4566e-27,0.048499,0.045279
3.0217e-27,0.048484,0.045267
3.6024e-27,0.048472,0.045255
4.1972e-27,0.048461,0.045244
4.8043e-27,0.048452,0.045234
5.4219e-27,0.048445,0.045224
6.0479e-27,0.048439,0.045215
6.6803e-27,0.048435,0.045208
7.3169e-27,0.048432,0.0452
7.9552e-27,0.048431,0.045194
8.5927e-27,0.048432,0.045189
9.2269e-27,0.048433,0.045184
9.8551e-27,0.048437,0.04518
1.0474e-26,0.048441,0.045178
1.1082e-26,0.048447,0.045176
1.1674e-26,0.048454,0.045175
1.2248e-26,0.048462,0.045175
1.2802e-26,0.048471,0.045176
1.333e-26,0.048481,0.045178
1.3831e-26,0.048491,0.04518
1.43e-26,0.048503,0.045184
1.4735e-26,0.048516,0.045189
1.5132e-26,0.048529,0.045195
1.5487e-26,0.048542,0.045202
1.5797e-26,0.048557,0.04521
1.6058e-26,0.048571,0.045219
1.6267e-26,0.048586,0.045229
1.642e-26,0.048602,0.04524
1.6515e-26,0.048617,0.045252
1.6548e-26,0.048633,0.045266
1.6515e-26,0.048648,0.04528
1.6414e-26,0.048664,0.045295
1.6242e-26,0.048679,0.045311
1.5995e-26,0.048695,0.045328
1.5672e-26,0.04871,0.045346
1.5269e-26,0.048725,0.045365
1.4785e-26,0.048739,0.045385
1.4217e-26,0.048753,0.045405
1.3564e-26,0.048766,0.045427
1.2824e-26,0.048778,0.045449
1.1995e-26,0.04879,0.045472
1.1077e-26,0.048801,0.045496
1.0069e-26,0.048811,0.04552
8.9707e-27,0.04882,0.045545
7.782e-27,0.048829,0.04557
6.5034e-27,0.048836,0.045597
5.1355e-27,0.048842,0.045623
3.6794e-27,0.048847,0.04565
2.1368e-27,0.048851,0.045678
5.0962e-28,0.048853,0.045705
-1.1998e-27,0.048854,0.045734
-2.9885e-27,0.048854,0.045762
-4.8532e-27,0.048853,0.045791
-6.7901e-27,0.04885,0.045819
-8.7949e-27,0.048845,0.045848
-1.0863e-26,0.048839,0.045877
-1.2989e-26,0.048832,0.045906
-1.5167e-26,0.048823,0.045935
-1.7391e-26,0.048813,0.045964
-1.9654e-26,0.048801,0.045993
-2.1949e-26,0.048788,0.046021
-2.4268e-26,0.048773,0.04605
-2.6604e-26,0.048757,0.046078
-2.8947e-26,0.048739,0.046106
-3.1288e-26,0.048719,0.046134
-3.3618e-26,0.048698,0.046161
-3.5926e-26,0.048676,0.046189
-3.8204e-26,0.048652,0.046215
-4.0438e-26,0.048627,0.046242
-4.262e-26,0.048601,0.046268
-4.4736e-26,0.048573,0.046294
-4.6776e-26,0.048543,0.046319
-4.8727e-26,0.048513,0.046344
-5.0577e-26,0.048481,0.046368
-5.2313e-26,0.048448,0.046393
-5.3924e-26,0.048414,0.046416
-5.5396e-26,0.048379,0.046439
-5.6716e-26,0.048343,0.046462
-5.7872e-26,0.048306,0.046484
-5.8851e-26,0.048268,0.046506
-5.964e-26,0.048229,0.046527
-6.0226e-26,0.04819,0.046548
-6.0598e-26,0.048149,0.046568
-6.0744e-26,0.048109,0.046588
-6.0651e-26,0.048067,0.046607
-6.0308e-26,0.048026,0.046626
-5.9704e-26,0.047983,0.046644
-5.8829e-26,0.047941,0.046662
-5.7674e-26,0.047898,0.046679
-5.6228e-26,0.047856,0.046695
-5.4483e-26,0.047813,0.046711
-5.2432e-26,0.047771,0.046726
-5.0069e-26,0.047728,0.04674
-4.7386e-26,0.047686,0.046754
-4.438e-26,0.047645,0.046767
-4.1046e-26,0.047604,0.046779
-3.7382e-26,0.047563,0.046791
-3.3387e-26,0.047523,0.046802
-2.9059e-26,0.047484,0.046811
-2.4402e-26,0.047446,0.04682
-1.9416e-26,0.047409,0.046828
-1.4106e-26,0.047374,0.046835
-8.4776e-27,0.047339,0.046841
-2.5378e-27,0.047306,0.046845
3.7047e-27,0.047275,0.046849
1.024e-26,0.047245,0.046851
1.7055e-26,0.047216,0.046853
2.4137e-26,0.04719,0.046853
3.147e-26,0.047166,0.046851
3.9037e-26,0.047144,0.046848
4.6819e-26,0.047123,0.046844
5.4794e-26,0.047106,0.046838
6.2941e-26,0.04709,0.046831
7.1234e-26,0.047077,0.046822
7.9648e-26,0.047067,0.046811
8.8153e-26,0.047059,0.046799
9.6722e-26,0.047055,0.046785
1.0532e-25,0.047052,0.04677
1.1392e-25,0.047053,0.046753
1.2248e-25,0.047057,0.046733
1.3096e-25,0.047064,0.046713
1.3934e-25,0.047074,0.04669
1.4756e-25,0.047086,0.046665
1.5559e-25,0.047102,0.046639
1.6339e-25,0.047121,0.046611
1.7091e-25,0.047143,0.046581
1.7811e-25,0.047169,0.046549
1.8494e-25,0.047197,0.046516
1.9136e-25,0.047228,0.046481
1.9733e-25,0.047262,0.046444
2.0279e-25,0.047299,0.046405
2.077e-25,0.04734,0.046364
2.1201e-25,0.047382,0.046322
2.1567e-25,0.047428,0.046279
2.1865e-25,0.047476,0.046234
2.2089e-25,0.047527,0.046187
2.2234e-25,0.04758,0.046139
2.2297e-25,0.047635,0.04609
2.2272e-25,0.047693,0.04604
2.2157e-25,0.047752,0.045989
2.1946e-25,0.047813,0.045936
2.1636e-25,0.047876,0.045883
2.1223e-25,0.047941,0.045828
2.0704e-25,0.048007,0.045773
2.0075e-25,0.048074,0.045718
1.9335e-25,0.048142,0.045662
1.848e-25,0.048211,0.045605
1.7508e-25,0.048281,0.045549
1.6418e-25,0.048351,0.045492
1.5207e-25,0.048421,0.045435
1.3875e-25,0.048492,0.045378
1.2422e-25,0.048562,0.045321
1.0847e-25,0.048633,0.045265
9.1501e-26,0.048703,0.045209
7.333e-26,0.048772,0.045153
5.3967e-26,0.04884,0.045098
3.3432e-26,0.048908,0.045045
1.1751e-26,0.048974,0.044991
-1.1045e-26,0.04904,0.044939
-3.4918e-26,0.049103,0.044888
-5.9827e-26,0.049166,0.044838
-8.572e-26,0.049226,0.04479
-1.1254e-25,0.049285,0.044743
-1.4023e-25,0.049342,0.044697
-1.6871e-25,0.049397,0.044653
-1.9791e-25,0.04945,0.04461
-2.2776e-25,0.049501,0.044569
-2.5814e-25,0.049549,0.04453
-2.8899e-25,0.049595,0.044493
-3.2018e-25,0.049639,0.044458
-3.5161e-25,0.04968,0.044425
-3.8317e-25,0.049718,0.044393
-4.1474e-25,0.049755,0.044364
-4.4618e-25,0.049789,0.044336
-4.7736e-25,0.04982,0.044311
-5.0815e-25,0.049849,0.044288
-5.384e-25,0.049875,0.044267
-5.6797e-25,0.049899,0.044249
-5.9669e-25,0.049921,0.044232
-6.2442e-25,0.04994,0.044218
-6.5098e-25,0.049957,0.044206
-6.7622e-25,0.049972,0.044196
-6.9997e-25,0.049985,0.044188
-7.2206e-25,0.049996,0.044183
-7.4232e-25,0.050005,0.044179
-7.6057e-25,0.050013,0.044178
-7.7664e-25,0.050018,0.04418
-7.9037e-25,0.050023,0.044183
-8.0157e-25,0.050026,0.044188
-8.1009e-25,0.050028,0.044196
-8.1575e-25,0.050029,0.044206
-8.1839e-25,0.050029,0.044218
-8.1785e-25,0.050029,0.044232
-8.1398e-25,0.050028,0.044248
-8.0662e-25,0.050027,0.044266
-7.9564e-25,0.050025,0.044286
-7.8091e-25,0.050024,0.044308
-7.6229e-25,0.050023,0.044332
-7.3967e-25,0.050022,0.044358
-7.1294e-25,0.050022,0.044386
-6.8202e-25,0.050023,0.044416
-6.4681e-25,0.050025,0.044448
-6.0726e-25,0.050028,0.044482
-5.633e-25,0.050032,0.044517
-5.149e-25,0.050037,0.044555
-4.6204e-25,0.050045,0.044594
-4.047e-25,0.050054,0.044635
-3.4291e-25,0.050065,0.044678
-2.7668e-25,0.050078,0.044722
-2.0608e-25,0.050093,0.044769
-1.3116e-25,0.050111,0.044817
-5.2029e-26,0.05013,0.044867
3.1212e-26,0.050153,0.044918
1.1843e-25,0.050178,0.044971
2.0945e-25,0.050206,0.045026
3.0412e-25,0.050236,0.045082
4.0222e-25,0.050269,0.04514
5.0352e-25,0.050305,0.0452
6.0777e-25,0.050344,0.045261
7.147e-25,0.050386,0.045324
8.24e-25,0.05043,0.045388
9.3535e-25,0.050477,0.045454
1.0484e-24,0.050527,0.045521
1.1628e-24,0.05058,0.045589
1.2781e-24,0.050635,0.045659
1.3939e-24,0.050692,0.045729
1.5098e-24,0.050752,0.045802
1.6253e-24,0.050815,0.045875
1.7399e-24,0.050879,0.045949
1.8531e-24,0.050946,0.046024
1.9644e-24,0.051015,0.046101
2.0732e-24,0.051085,0.046178
2.179e-24,0.051157,0.046255
2.2812e-24,0.05123,0.046334
2.3793e-24,0.051304,0.046413
2.4725e-24,0.05138,0.046492
2.5603e-24,0.051456,0.046572
2.6421e-24,0.051533,0.046652
2.7172e-24,0.05161,0.046733
2.785e-24,0.051688,0.046813
2.8449e-24,0.051765,0.046893
2.8963e-24,0.051842,0.046973
2.9385e-24,0.051918,0.047053
2.9708e-24,0.051994,0.047132
2.9928e-24,0.052068,0.047211
3.0037e-24,0.052141,0.047289
3.003e-24,0.052213,0.047366
2.9902e-24,0.052283,0.047442
2.9646e-24,0.05235,0.047517
2.9258e-24,0.052416,0.04759
2.8732e-24,0.052479,0.047662
2.8064e-24,0.052539,0.047733
2.725e-24,0.052596,0.047801
2.6286e-24,0.052651,0.047868
2.5168e-24,0.052701,0.047932
2.3893e-24,0.052749,0.047995
2.2458e-24,0.052792,0.048055
2.0862e-24,0.052832,0.048112
1.9103e-24,0.052868,0.048167
1.7181e-24,0.052899,0.048218
1.5094e-24,0.052927,0.048267
1.2843e-24,0.052949,0.048313
1.043e-24,0.052968,0.048356
7.8556e-25,0.052982,0.048395
5.1227e-25,0.052991,0.04843
2.2345e-25,0.052995,0.048463
-8.0491e-26,0.052995,0.048491
-3.9908e-25,0.05299,0.048516
-7.3174e-25,0.05298,0.048536
-1.0778e-24,0.052966,0.048553
-1.4366e-24,0.052947,0.048566
-1.8072e-24,0.052923,0.048575
-2.1888e-24,0.052895,0.04858
-2.5803e-24,0.052862,0.048581
-2.9806e-24,0.052824,0.048578
-3.3886e-24,0.052783,0.04857
-3.803e-24,0.052737,0.048559
-4.2224e-24,0.052687,0.048543
-4.6454e-24,0.052633,0.048524
-5.0705e-24,0.052575,0.0485
-5.4959e-24,0.052514,0.048473
-5.9201e-24,0.052449,0.048442
-6.3413e-24,0.05238,0.048407
-6.7575e-24,0.052309,0.048369
-7.1669e-24,0.052234,0.048327
-7.5675e-24,0.052157,0.048282
-7.9572e-24,0.052077,0.048233
-8.334e-24,0.051994,0.048182
-8.6955e-24,0.05191,0.048127
-9.0398e-24,0.051823,0.04807
-9.3644e-24,0.051734,0.04801
-9.6671e-24,0.051644,0.047948
-9.9456e-24,0.051552,0.047884
-1.0198e-23,0.051459,0.047818
-1.0421e-23,0.051365,0.04775
-1.0613e-23,0.051271,0.047681
-1.0772e-23,0.051175,0.04761
-1.0894e-23,0.051079,0.047538
-1.0979e-23,0.050983,0.047466
-1.1024e-23,0.050886,0.047392
-1.1026e-23,0.05079,0.047319
-1.0984e-23,0.050694,0.047245
-1.0895e-23,0.050598,0.047171
-1.0758e-23,0.050503,0.047098
-1.0571e-23,0.050409,0.047025
-1.0331e-23,0.050316,0.046953
-1.0039e-23,0.050223,0.046881
-9.6906e-24,0.050132,0.046811
-9.2864e-24,0.050043,0.046743
-8.8246e-24,0.049954,0.046676
-8.3045e-24,0.049868,0.046611
-7.7252e-24,0.049783,0.046548
-7.0861e-24,0.0497,0.046487
-6.3869e-24,0.049619,0.046429
-5.6274e-24,0.049541,0.046373
-4.8078e-24,0.049464,0.04632
-3.9284e-24,0.04939,0.04627
-2.9898e-24,0.049318,0.046223
-1.9928e-24,0.049249,0.04618
-9.3877e-25,0.049182,0.046139
1.71e-25,0.049118,0.046102
1.3347e-24,0.049057,0.046069
2.5503e-24,0.048999,0.046039
3.8155e-24,0.048943,0.046014
5.1276e-24,0.04889,0.045992
6.4835e-24,0.048841,0.045974
7.8799e-24,0.048794,0.045959
9.3133e-24,0.04875,0.045949
1.078e-23,0.048709,0.045943
1.2274e-23,0.048672,0.045941
1.3793e-23,0.048637,0.045944
1.5331e-23,0.048606,0.04595
1.6883e-23,0.048577,0.04596
1.8443e-23,0.048552,0.045975
2.0005e-23,0.04853,0.045993
2.1563e-23,0.048511,0.046015
2.311e-23,0.048495,0.046042
2.464e-23,0.048481,0.046072
2.6146e-23,0.048471,0.046106
2.7621e-23,0.048463,0.046144
2.9056e-23,0.048459,0.046185
3.0445e-23,0.048457,0.04623
3.1778e-23,0.048457,0.046278
3.3049e-23,0.04846,0.04633
3.4249e-23,0.048466,0.046385
3.537e-23,0.048473,0.046443
3.6402e-23,0.048483,0.046503
3.7339e-23,0.048495,0.046567
3.817e-23,0.048509,0.046633
3.8888e-23,0.048525,0.046702
3.9484e-23,0.048542,0.046772
3.995e-23,0.048561,0.046845
4.0277e-23,0.048581,0.04692
4.0457e-23,0.048603,0.046997
4.0483e-23,0.048625,0.047075
4.0346e-23,0.048649,0.047154
4.004e-23,0.048673,0.047235
3.9556e-23,0.048697,0.047317
3.8889e-23,0.048722,0.047399
3.8031e-23,0.048748,0.047483
3.6978e-23,0.048773,0.047566
3.5723e-23,0.048799,0.04765
3.4261e-23,0.048824,0.047734
3.259e-23,0.048849,0.047817
3.0704e-23,0.048874,0.047901
2.8601e-23,0.048897,0.047984
2.6279e-23,0.048921,0.048066
2.3737e-23,0.048943,0.048147
2.0973e-23,0.048964,0.048227
1.7988e-23,0.048985,0.048305
1.4784e-23,0.049004,0.048383
1.1362e-23,0.049022,0.048458
7.7253e-24,0.049039,0.048532
3.8786e-24,0.049054,0.048604
-1.7316e-25,0.049068,0.048674
-4.4238e-24,0.04908,0.048742
-8.8658e-24,0.049091,0.048808
-1.3491e-23,0.0491,0.048871
-1.8289e-23,0.049107,0.048931
-2.3249e-23,0.049113,0.048989
-2.836e-23,0.049117,0.049044
-3.3607e-23,0.049119,0.049096
-3.8978e-23,0.04912,0.049145
-4.4455e-23,0.049119,0.049192
-5.0021e-23,0.049116,0.049235
-5.566e-23,0.049112,0.049275
-6.1351e-23,0.049106,0.049311
-6.7075e-23,0.049099,0.049345
-7.2809e-23,0.04909,0.049375
-7.8531e-23,0.049079,0.049402
-8.4217e-23,0.049067,0.049426
-8.9843e-23,0.049054,0.049446
-9.5382e-23,0.04904,0.049464
-1.0081e-22,0.049024,0.049477
-1.0609e-22,0.049008,0.049488
-1.1121e-22,0.04899,0.049495
-1.1613e-22,0.048971,0.049499
-1.2082e-22,0.048952,0.0495
-1.2526e-22,0.048932,0.049497
-1.294e-22,0.048911,0.049492
-1.3323e-22,0.048889,0.049483
-1.3671e-22,0.048868,0.049471
-1.398e-22,0.048846,0.049456
-1.4249e-22,0.048823,0.049439
-1.4473e-22,0.048801,0.049418
-1.4649e-22,0.048779,0.049394
-1.4775e-22,0.048757,0.049368
-1.4847e-22,0.048735,0.049339
-1.4863e-22,0.048713,0.049308
-1.4819e-22,0.048692,0.049274
-1.4714e-22,0.048672,0.049237
-1.4543e-22,0.048652,0.049199
-1.4306e-22,0.048633,0.049157
-1.3999e-22,0.048614,0.049114
-1.362e-22,0.048597,0.049069
-1.3167e-22,0.048581,0.049021
-1.2639e-22,0.048565,0.048972
-1.2034e-22,0.048551,0.04892
-1.1351e-22,0.048538,0.048867
-1.0587e-22,0.048527,0.048813
-9.7438e-23,0.048517,0.048756
-8.8193e-23,0.048508,0.048699
-7.8136e-23,0.048501,0.048639
-6.7268e-23,0.048495,0.048579
-5.5593e-23,0.048491,0.048517
-4.3118e-23,0.048488,0.048455
-2.9854e-23,0.048487,0.048391
-1.5817e-23,0.048488,0.048326
-1.0243e-24,0.04849,0.048261
1.4501e-23,0.048494,0.048194
3.0732e-23,0.0485,0.048128
4.7638e-23,0.048508,0.04806
6.5183e-23,0.048517,0.047992
8.3329e-23,0.048527,0.047924
1.0203e-22,0.04854,0.047856
1.2124e-22,0.048554,0.047787
1.4091e-22,0.048569,0.047718
1.6098e-22,0.048587,0.047649
1.8138e-22,0.048605,0.04758
2.0205e-22,0.048625,0.047512
2.2293e-22,0.048647,0.047443
2.4393e-22,0.04867,0.047375
2.6498e-22,0.048694,0.047307
2.8599e-22,0.04872,0.047239
3.0688e-22,0.048747,0.047172
3.2756e-22,0.048775,0.047105
3.4793e-22,0.048804,0.047038
3.679e-22,0.048833,0.046973
3.8737e-22,0.048864,0.046907
4.0623e-22,0.048896,0.046843
4.2437e-22,0.048928,0.046779
4.4169e-22,0.048961,0.046715
4.5808e-22,0.048994,0.046653
4.7342e-22,0.049027,0.046591
4.8761e-22,0.049061,0.04653
5.0052e-22,0.049095,0.046469
5.1204e-22,0.049129,0.04641
5.2206e-22,0.049163,0.046351
5.3046e-22,0.049196,0.046292
5.3713e-22,0.04923,0.046235
5.4195e-22,0.049262,0.046178
5.4482e-22,0.049295,0.046122
5.4563e-22,0.049326,0.046067
5.4428e-22,0.049357,0.046013
5.4065e-22,0.049387,0.045959
5.3467e-22,0.049415,0.045906
5.2622e-22,0.049443,0.045854
5.1523e-22,0.049469,0.045803
5.0162e-22,0.049494,0.045752
4.8531e-22,0.049517,0.045702
4.6623e-22,0.049539,0.045653
4.4432e-22,0.049559,0.045604
4.1955e-22,0.049577,0.045556
3.9185e-22,0.049593,0.045509
3.6121e-22,0.049607,0.045463
3.276e-22,0.049619,0.045418
2.91e-22,0.049629,0.045373
2.5143e-22,0.049637,0.045329
2.089e-22,0.049642,0.045286
1.6342e-22,0.049645,0.045244
1.1505e-22,0.049645,0.045202
6.3824e-23,0.049643,0.045162
9.8216e-24,0.049638,0.045122
-4.688e-23,0.04963,0.045084
-1.0618e-22,0.04962,0.045047
-1.6798e-22,0.049607,0.04501
-2.3214e-22,0.049592,0.044975
-2.9852e-22,0.049574,0.044941
-3.6696e-22,0.049553,0.044908
-4.3729e-22,0.049529,0.044877
-5.0931e-22,0.049503,0.044846
-5.8282e-22,0.049474,0.044817
-6.5759e-22,0.049442,0.04479
-7.3338e-22,0.049408,0.044764
-8.0994e-22,0.049372,0.04474
-8.87e-22,0.049333,0.044717
-9.6426e-22,0.049291,0.044696
-1.0414e-21,0.049247,0.044677
-1.1182e-21,0.049201,0.044659
-1.1942e-21,0.049153,0.044644
-1.2691e-21,0.049102,0.04463
-1.3426e-21,0.04905,0.044619
-1.4143e-21,0.048996,0.044609
-1.4838e-21,0.04894,0.044601
-1.5507e-21,0.048882,0.044596
-1.6146e-21,0.048823,0.044593
-1.6752e-21,0.048762,0.044592
-1.7319e-21,0.0487,0.044593
-1.7845e-21,0.048637,0.044597
-1.8324e-21,0.048573,0.044603
-1.8753e-21,0.048508,0.044611
-1.9127e-21,0.048443,0.044622
-1.9442e-21,0.048377,0.044635
-1.9694e-21,0.04831,0.044651
-1.9879e-21,0.048243,0.044669
-1.9992e-21,0.048176,0.044689
-2.003e-21,0.048109,0.044712
-1.9989e-21,0.048042,0.044738
-1.9866e-21,0.047975,0.044765
-1.9655e-21,0.047909,0.044795
-1.9355e-21,0.047843,0.044828
-1.8962e-21,0.047778,0.044862
-1.8473e-21,0.047714,0.044899
-1.7885e-21,0.047651,0.044938
-1.7196e-21,0.047589,0.04498
-1.6404e-21,0.047528,0.045023
-1.5506e-21,0.047469,0.045068
-1.4501e-21,0.047411,0.045116
-1.3388e-21,0.047355,0.045165
-1.2166e-21,0.0473,0.045216
-1.0834e-21,0.047246,0.045268
-9.3938e-22,0.047195,0.045322
-7.8442e-22,0.047146,0.045378
-6.1865e-22,0.047098,0.045435
-4.4223e-22,0.047052,0.045494
-2.5532e-22,0.047009,0.045553
-5.8187e-23,0.046967,0.045614
1.4889e-22,0.046928,0.045675
3.6557e-22,0.04689,0.045738
5.9144e-22,0.046855,0.045801
8.2603e-22,0.046822,0.045864
1.0688e-21,0.046791,0.045928
1.3193e-21,0.046762,0.045993
1.5767e-21,0.046735,0.046058
1.8405e-21,0.046711,0.046122
2.1097e-21,0.046688,0.046187
2.3838e-21,0.046668,0.046252
2.6616e-21,0.046649,0.046317
2.9424e-21,0.046633,0.046381
3.2251e-21,0.046618,0.046445
3.5087e-21,0.046606,0.046508
3.7921e-21,0.046595,0.046571
4.0741e-21,0.046586,0.046634
4.3535e-21,0.046579,0.046695
4.629e-21,0.046574,0.046756
4.8994e-21,0.04657,0.046816
5.1633e-21,0.046568,0.046875
5.4194e-21,0.046568,0.046933
5.6661e-21,0.046569,0.04699
5.902e-21,0.046572,0.047046
6.1257e-21,0.046576,0.047102
6.3357e-21,0.046582,0.047156
6.5304e-21,0.046589,0.047209
6.7082e-21,0.046597,0.047261
6.8677e-21,0.046607,0.047311
7.0072e-21,0.046618,0.047361
7.1253e-21,0.046631,0.04741
7.2204e-21,0.046645,0.047458
7.291e-21,0.04666,0.047504
7.3356e-21,0.046676,0.04755
7.3527e-21,0.046694,0.047595
7.3409e-21,0.046713,0.047638
7.2989e-21,0.046733,0.047681
7.2253e-21,0.046754,0.047723
7.1188e-21,0.046776,0.047764
6.9783e-21,0.0468,0.047805
6.8026e-21,0.046825,0.047844
6.5909e-21,0.046852,0.047883
6.342e-21,0.046879,0.047921
6.0552e-21,0.046908,0.047959
5.7298e-21,0.046938,0.047996
5.3652e-21,0.04697,0.048033
4.961e-21,0.047003,0.048069
4.5168e-21,0.047037,0.048104
4.0325e-21,0.047073,0.048139
3.508e-21,0.04711,0.048174
2.9436e-21,0.047149,0.048209
2.3394e-21,0.047189,0.048243
1.696e-21,0.04723,0.048277
1.014e-21,0.047273,0.04831
2.9441e-22,0.047317,0.048344
-4.6183e-22,0.047363,0.048377
-1.2534e-21,0.04741,0.04841
-2.079e-21,0.047459,0.048443
-2.9367e-21,0.047509,0.048476
-3.8249e-21,0.04756,0.048509
-4.7413e-21,0.047613,0.048541
-5.6836e-21,0.047667,0.048573
-6.6494e-21,0.047722,0.048606
-7.6358e-21,0.047778,0.048638
-8.6399e-21,0.047835,0.04867
-9.6586e-21,0.047894,0.048702
-1.0688e-20,0.047953,0.048734
-1.1726e-20,0.048013,0.048765
-1.2766e-20,0.048074,0.048797
-1.3807e-20,0.048136,0.048828
-1.4843e-20,0.048198,0.048859
-1.587e-20,0.048261,0.04889
-1.6883e-20,0.048324,0.04892
-1.7878e-20,0.048387,0.04895
-1.885e-20,0.04845,0.04898
-1.9793e-20,0.048513,0.049009
-2.0703e-20,0.048576,0.049038
-2.1573e-20,0.048638,0.049066
-2.24e-20,0.0487,0.049094
-2.3176e-20,0.048761,0.049121
-2.3897e-20,0.048821,0.049148
-2.4557e-20,0.048881,0.049174
-2.515e-20,0.048939,0.049199
-2.5671e-20,0.048996,0.049223
-2.6113e-20,0.049052,0.049246
-2.6472e-20,0.049105,0.049269
-2.6741e-20,0.049158,0.04929
-2.6915e-20,0.049208,0.049311
-2.6989e-20,0.049256,0.04933
-2.6958e-20,0.049303,0.049349
-2.6816e-20,0.049346,0.049366
-2.6558e-20,0.049388,0.049381
-2.6181e-20,0.049427,0.049396
-2.5679e-20,0.049463,0.049409
-2.5049e-20,0.049497,0.04942
-2.4286e-20,0.049528,0.04943
-2.3387e-20,0.049556,0.049439
-2.235e-20,0.049581,0.049446
-2.1171e-20,0.049603,0.049451
-1.9848e-20,0.049623,0.049454
-1.8381e-20,0.049639,0.049456
-1.6766e-20,0.049651,0.049455
-1.5004e-20,0.049661,0.049453
-1.3095e-20,0.049668,0.049449
-1.1039e-20,0.049671,0.049443
-8.8367e-21,0.049671,0.049435
-6.4905e-21,0.049669,0.049425
-4.0025e-21,0.049663,0.049413
-1.3758e-21,0.049654,0.049399
1.3858e-21,0.049642,0.049383
4.2778e-21,0.049627,0.049365
7.2949e-21,0.04961,0.049345
1.0431e-20,0.04959,0.049323
1.368e-20,0.049567,0.049299
1.7033e-20,0.049542,0.049273
2.0482e-20,0.049514,0.049245
2.4018e-20,0.049484,0.049215
2.7632e-20,0.049452,0.049184
3.1311e-20,0.049418,0.049151
3.5045e-20,0.049383,0.049116
3.8821e-20,0.049345,0.04908
4.2627e-20,0.049306,0.049042
4.6447e-20,0.049266,0.049003
5.0267e-20,0.049225,0.048962
5.4073e-20,0.049183,0.048921
5.7847e-20,0.04914,0.048878
6.1573e-20,0.049096,0.048835
6.5233e-20,0.049052,0.048791
6.881e-20,0.049008,0.048746
7.2285e-20,0.048964,0.048701
7.5639e-20,0.04892,0.048656
7.8852e-20,0.048876,0.04861
8.1904e-20,0.048833,0.048565
8.4775e-20,0.04879,0.04852
8.7445e-20,0.048749,0.048475
8.9893e-20,0.048708,0.048431
9.2098e-20,0.048669,0.048388
9.4039e-20,0.048631,0.048346
9.5695e-20,0.048595,0.048305
9.7046e-20,0.04856,0.048265
9.8071e-20,0.048528,0.048227
9.875e-20,0.048497,0.04819
9.9063e-20,0.048468,0.048156
9.8991e-20,0.048442,0.048124
9.8515e-20,0.048418,0.048094
9.7617e-20,0.048396,0.048066
9.6281e-20,0.048377,0.048041
9.4489e-20,0.048361,0.048019
9.2227e-20,0.048347,0.048
8.948e-20,0.048336,0.047984
8.6236e-20,0.048328,0.047971
8.2484e-20,0.048322,0.047962
7.8214e-20,0.04832,0.047956
7.3417e-20,0.04832,0.047953
6.8087e-20,0.048323,0.047955
6.222e-20,0.048328,0.04796
5.5811e-20,0.048337,0.047969
4.8862e-20,0.048348,0.047982
4.1373e-20,0.048362,0.047999
3.3347e-20,0.048379,0.048019
2.4792e-20,0.048398,0.048044
1.5715e-20,0.04842,0.048073
6.1275e-21,0.048444,0.048106
-3.9567e-21,0.04847,0.048143
-1.4522e-20,0.048498,0.048184
-2.5548e-20,0.048529,0.048228
-3.7014e-20,0.048561,0.048277
-4.8895e-20,0.048595,0.048329
-6.1163e-20,0.048631,0.048385
-7.3788e-20,0.048668,0.048444
-8.6736e-20,0.048707,0.048507
-9.9971e-20,0.048747,0.048573
-1.1345e-19,0.048787,0.048642
-1.2714e-19,0.048829,0.048714
-1.4099e-19,0.048871,0.048789
-1.5495e-19,0.048914,0.048867
-1.6897e-19,0.048957,0.048947
-1.83e-19,0.049,0.049029
-1.9697e-19,0.049043,0.049113
-2.1084e-19,0.049085,0.049199
-2.2454e-19,0.049127,0.049287
-2.3801e-19,0.049169,0.049376
-2.5118e-19,0.04921,0.049466
-2.6398e-19,0.049249,0.049557
-2.7634e-19,0.049288,0.049649
-2.882e-19,0.049325,0.049741
-2.9947e-19,0.049361,0.049833
-3.1008e-19,0.049394,0.049925
-3.1997e-19,0.049426,0.050017
-3.2905e-19,0.049456,0.050109
-3.3724e-19,0.049484,0.050199
-3.4448e-19,0.04951,0.050288
-3.5068e-19,0.049533,0.050376
-3.5576e-19,0.049553,0.050462
-3.5966e-19,0.049571,0.050547
-3.6229e-19,0.049586,0.050629
-3.6359e-19,0.049598,0.050709
-3.6349e-19,0.049607,0.050787
-3.619e-19,0.049613,0.050862
-3.5878e-19,0.049616,0.050934
-3.5405e-19,0.049616,0.051002
-3.4766e-19,0.049612,0.051067
-3.3955e-19,0.049605,0.051129
-3.2966e-19,0.049595,0.051187
-3.1795e-19,0.049582,0.051241
-3.0439e-19,0.049566,0.051291
-2.8892e-19,0.049546,0.051337
-2.7152e-19,0.049523,0.051378
-2.5217e-19,0.049497,0.051415
-2.3085e-19,0.049468,0.051448
-2.0754e-19,0.049436,0.051475
-1.8225e-19,0.049401,0.051498
-1.5497e-19,0.049363,0.051516
-1.2573e-19,0.049323,0.05153
-9.4531e-20,0.049279,0.051538
-6.1418e-20,0.049234,0.051541
-2.6426e-20,0.049185,0.051539
1.0396e-20,0.049135,0.051533
4.8989e-20,0.049082,0.051521
8.9284e-20,0.049027,0.051504
1.312e-19,0.048971,0.051483
1.7465e-19,0.048913,0.051456
2.1954e-19,0.048853,0.051425
2.6575e-19,0.048792,0.051389
3.1316e-19,0.048729,0.051348
3.6163e-19,0.048666,0.051303
4.1103e-19,0.048601,0.051253
4.6121e-19,0.048536,0.051199
5.1198e-19,0.04847,0.05114
5.6319e-19,0.048404,0.051078
6.1464e-19,0.048337,0.051012
6.6614e-19,0.04827,0.050941
7.1748e-19,0.048203,0.050867
7.6845e-19,0.048137,0.05079
8.1882e-19,0.04807,0.050709
8.6836e-19,0.048004,0.050626
9.1683e-19,0.047938,0.050539
9.6398e-19,0.047873,0.05045
1.0095e-18,0.047809,0.050358
1.0533e-18,0.047745,0.050264
1.0949e-18,0.047683,0.050168
1.1342e-18,0.047621,0.05007
1.1708e-18,0.047561,0.04997
1.2044e-18,0.047501,0.049869
1.2349e-18,0.047443,0.049766
1.2618e-18,0.047387,0.049663
1.285e-18,0.047331,0.049559
1.3041e-18,0.047278,0.049454
1.3189e-18,0.047225,0.049349
1.3291e-18,0.047175,0.049244
1.3344e-18,0.047125,0.04914
1.3346e-18,0.047078,0.049035
1.3294e-18,0.047032,0.048931
1.3186e-18,0.046988,0.048828
1.3019e-18,0.046945,0.048726
1.2791e-18,0.046904,0.048625
1.25e-18,0.046865,0.048525
1.2144e-18,0.046828,0.048427
1.1722e-18,0.046792,0.04833
1.1231e-18,0.046758,0.048236
1.0671e-18,0.046725,0.048143
1.0041e-18,0.046695,0.048053
9.3381e-19,0.046665,0.047965
8.5632e-19,0.046638,0.04788
7.7156e-19,0.046612,0.047797
6.7951e-19,0.046587,0.047717
5.8017e-19,0.046564,0.047639
4.736e-19,0.046543,0.047565
3.5986e-19,0.046523,0.047494
2.3907e-19,0.046504,0.047425
1.1136e-19,0.046487,0.04736
-2.3083e-20,0.046471,0.047298
-1.6406e-19,0.046456,0.04724
-3.1131e-19,0.046443,0.047184
-4.6455e-19,0.046431,0.047132
-6.2346e-19,0.04642,0.047083
-7.8767e-19,0.04641,0.047038
-9.5679e-19,0.046401,0.046996
-1.1304e-18,0.046393,0.046957
-1.3079e-18,0.046386,0.046922
-1.4889e-18,0.04638,0.04689
-1.6728e-18,0.046375,0.046861
-1.859e-18,0.046371,0.046836
-2.0468e-18,0.046368,0.046813
-2.2356e-18,0.046366,0.046794
-2.4247e-18,0.046364,0.046778
-2.6133e-18,0.046363,0.046764
-2.8006e-18,0.046363,0.046754
-2.9857e-18,0.046363,0.046746
-3.168e-18,0.046365,0.046742
-3.3464e-18,0.046366,0.046739
-3.52e-18,0.046369,0.04674
-3.688e-18,0.046372,0.046743
-3.8493e-18,0.046376,0.046748
-4.003e-18,0.04638,0.046755
-4.1481e-18,0.046385,0.046765
-4.2835e-18,0.046391,0.046777
-4.4083e-18,0.046397,0.04679
-4.5215e-18,0.046404,0.046806
-4.6219e-18,0.046411,0.046823
-4.7085e-18,0.046419,0.046842
-4.7804e-18,0.046428,0.046862
-4.8365e-18,0.046437,0.046883
-4.8758e-18,0.046447,0.046906
-4.8973e-18,0.046458,0.046931
-4.9001e-18,0.046469,0.046956
-4.8832e-18,0.046482,0.046982
-4.8457e-18,0.046494,0.047009
-4.7868e-18,0.046508,0.047037
-4.7056e-18,0.046522,0.047066
-4.6014e-18,0.046538,0.047095
-4.4735e-18,0.046554,0.047125
-4.3211e-18,0.046571,0.047156
-4.1438e-18,0.046589,0.047187
-3.941e-18,0.046608,0.047218
-3.7123e-18,0.046628,0.04725
-3.4573e-18,0.046649,0.047281
-3.1758e-18,0.046671,0.047314
-2.8676e-18,0.046694,0.047346
-2.5326e-18,0.046719,0.047378
-2.1709e-18,0.046744,0.047411
-1.7825e-18,0.046771,0.047444
-1.3679e-18,0.046799,0.047477
-9.2726e-19,0.046828,0.04751
-4.612e-19,0.046858,0.047543
2.9668e-20,0.04689,0.047576
5.4459e-19,0.046923,0.047609
1.0827e-18,0.046957,0.047642
1.6428e-18,0.046993,0.047675
2.224e-18,0.04703,0.047709
2.8247e-18,0.047068,0.047742
3.4436e-18,0.047107,0.047776
4.0791e-18,0.047148,0.047809
4.7294e-18,0.047191,0.047843
5.3925e-18,0.047234,0.047877
6.0665e-18,0.047279,0.047912
6.7492e-18,0.047325,0.047946
7.4382e-18,0.047372,0.047981
8.131e-18,0.047421,0.048016
8.8251e-18,0.047471,0.048052
9.5176e-18,0.047522,0.048088
1.0206e-17,0.047574,0.048124
1.0887e-17,0.047627,0.048161
1.1557e-17,0.047681,0.048198
1.2213e-17,0.047736,0.048236
1.2853e-17,0.047793,0.048274
1.3472e-17,0.04785,0.048313
1.4067e-17,0.047908,0.048353
1.4634e-17,0.047967,0.048393
1.5171e-17,0.048027,0.048434
1.5672e-17,0.048087,0.048476
1.6135e-17,0.048148,0.048518
1.6555e-17,0.048209,0.048562
1.6928e-17,0.048271,0.048606
1.7252e-17,0.048334,0.04865
1.7522e-17,0.048396,0.048696
1.7735e-17,0.048459,0.048742
1.7886e-17,0.048522,0.048789
1.7972e-17,0.048586,0.048837
1.799e-17,0.048649,0.048886
1.7936e-17,0.048712,0.048936
1.7807e-17,0.048774,0.048986
1.7599e-17,0.048837,0.049037
1.731e-17,0.048899,0.049089
1.6937e-17,0.04896,0.049142
1.6477e-17,0.049021,0.049195
1.5928e-17,0.049082,0.049249
1.5287e-17,0.049141,0.049303
1.4553e-17,0.0492,0.049358
1.3724e-17,0.049257,0.049413
1.2798e-17,0.049314,0.049469
1.1776e-17,0.049369,0.049526
1.0655e-17,0.049423,0.049582
9.4359e-18,0.049476,0.049639
8.1187e-18,0.049527,0.049697
6.7038e-18,0.049577,0.049754
5.1921e-18,0.049625,0.049812
3.585e-18,0.049672,0.04987
1.8843e-18,0.049717,0.049927
9.2188e-20,0.04976,0.049985
-1.7885e-18,0.049801,0.050043
-3.7546e-18,0.049841,0.050101
-5.8024e-18,0.049878,0.050159
-7.9275e-18,0.049913,0.050216
-1.0125e-17,0.049947,0.050274
-1.239e-17,0.049978,0.050331
-1.4716e-17,0.050007,0.050388
-1.7098e-17,0.050035,0.050445
-1.9527e-17,0.05006,0.050501
-2.1998e-17,0.050083,0.050557
-2.4501e-17,0.050103,0.050613
-2.7028e-17,0.050122,0.050668
-2.957e-17,0.050139,0.050722
-3.2118e-17,0.050153,0.050777
-3.4661e-17,0.050165,0.05083
-3.719e-17,0.050175,0.050883
-3.9692e-17,0.050183,0.050935
-4.2158e-17,0.050189,0.050987
-4.4574e-17,0.050193,0.051038
-4.6929e-17,0.050195,0.051087
-4.921e-17,0.050195,0.051136
-5.1405e-17,0.050193,0.051184
-5.3499e-17,0.05019,0.05123
-5.5481e-17,0.050184,0.051276
-5.7336e-17,0.050177,0.051319
-5.905e-17,0.050167,0.051361
-6.061e-17,0.050156,0.051402
-6.2001e-17,0.050144,0.05144
-6.3211e-17,0.05013,0.051476
-6.4224e-17,0.050114,0.05151
-6.5028e-17,0.050097,0.051542
-6.5608e-17,0.050078,0.051571
-6.5951e-17,0.050058,0.051597
-6.6045e-17,0.050036,0.05162
-6.5876e-17,0.050013,0.05164
-6.5433e-17,0.049989,0.051656
-6.4703e-17,0.049964,0.051668
-6.3675e-17,0.049938,0.051677
-6.234e-17,0.049911,0.051681
-6.0686e-17,0.049883,0.051681
-5.8706e-17,0.049854,0.051676
-5.6391e-17,0.049824,0.051666
-5.3734e-17,0.049793,0.051651
-5.0728e-17,0.049762,0.051631
-4.737e-17,0.04973,0.051605
-4.3655e-17,0.049698,0.051574
-3.958e-17,0.049665,0.051537
-3.5144e-17,0.049632,0.051494
-3.0348e-17,0.049599,0.051445
-2.5193e-17,0.049566,0.05139
-1.9683e-17,0.049533,0.051328
-1.3821e-17,0.049499,0.051261
-7.6152e-18,0.049466,0.051187
-1.0727e-18,0.049433,0.051106
5.7962e-18,0.049401,0.05102
1.298e-17,0.049368,0.050927
2.0465e-17,0.049336,0.050828
2.8236e-17,0.049305,0.050723
3.6275e-17,0.049274,0.050612
4.4564e-17,0.049244,0.050495
5.308e-17,0.049215,0.050373
6.1801e-17,0.049186,0.050245
7.0702e-17,0.049159,0.050112
7.9755e-17,0.049132,0.049975
8.8931e-17,0.049106,0.049833
9.8199e-17,0.049081,0.049687
1.0753e-16,0.049057,0.049537
1.1688e-16,0.049035,0.049383
1.2622e-16,0.049013,0.049227
1.3551e-16,0.048993,0.049068
1.4471e-16,0.048973,0.048906
1.5378e-16,0.048955,0.048743
1.6267e-16,0.048938,0.048578
1.7134e-16,0.048922,0.048413
1.7975e-16,0.048907,0.048247
1.8784e-16,0.048894,0.048081
1.9557e-16,0.048881,0.047915
2.0289e-16,0.048869,0.047749
2.0975e-16,0.048858,0.047585
2.1611e-16,0.048848,0.047423
2.219e-16,0.048839,0.047262
2.2707e-16,0.04883,0.047104
2.3159e-16,0.048822,0.046949
2.3539e-16,0.048815,0.046796
2.3843e-16,0.048808,0.046647
2.4065e-16,0.048801,0.046501
2.4201e-16,0.048794,0.046359
2.4245e-16,0.048788,0.046222
2.4194e-16,0.048781,0.046088
2.4042e-16,0.048775,0.04596
2.3786e-16,0.048768,0.045836
2.3421e-16,0.04876,0.045717
2.2943e-16,0.048752,0.045603
2.2349e-16,0.048744,0.045494
2.1636e-16,0.048735,0.045391
2.0799e-16,0.048725,0.045292
1.9838e-16,0.048714,0.0452
1.8749e-16,0.048701,0.045112
1.753e-16,0.048688,0.04503
1.618e-16,0.048673,0.044954
1.4699e-16,0.048657,0.044883
1.3085e-16,0.04864,0.044817
1.1339e-16,0.048621,0.044757
9.4612e-17,0.0486,0.044701
7.4525e-17,0.048578,0.044651
5.3148e-17,0.048554,0.044606
3.0503e-17,0.048528,0.044565
6.6192e-18,0.0485,0.044529
-1.8467e-17,0.04847,0.044498
-4.4714e-17,0.048439,0.044471
-7.2072e-17,0.048406,0.044448
-1.0049e-16,0.048371,0.044429
-1.2989e-16,0.048334,0.044414
-1.6022e-16,0.048295,0.044402
-1.914e-16,0.048255,0.044394
-2.2334e-16,0.048213,0.044389
-2.5594e-16,0.048169,0.044387
-2.8912e-16,0.048124,0.044388
-3.2276e-16,0.048078,0.044391
-3.5675e-16,0.04803,0.044397
-3.9098e-16,0.047981,0.044405
-4.253e-16,0.047932,0.044414
-4.596e-16,0.047881,0.044426
-4.9373e-16,0.047829,0.044438
-5.2754e-16,0.047777,0.044453
-5.6089e-16,0.047724,0.044468
-5.9361e-16,0.047671,0.044484
-6.2554e-16,0.047618,0.044501
-6.5651e-16,0.047565,0.044519
-6.8635e-16,0.047512,0.044537
-7.1489e-16,0.047459,0.044555
-7.4194e-16,0.047407,0.044573
-7.6732e-16,0.047356,0.044592
-7.9085e-16,0.047305,0.04461
-8.1234e-16,0.047256,0.044628
-8.316e-16,0.047207,0.044645
-8.4845e-16,0.047161,0.044662
-8.627e-16,0.047115,0.044679
-8.7416e-16,0.047072,0.044695
-8.8265e-16,0.04703,0.044709
-8.8799e-16,0.046991,0.044724
-8.9001e-16,0.046953,0.044737
-8.8852e-16,0.046918,0.044749
-8.8336e-16,0.046885,0.04476
-8.7438e-16,0.046855,0.04477
-8.6143e-16,0.046828,0.04478
-8.4435e-16,0.046803,0.044788
-8.2301e-16,0.046782,0.044795
-7.973e-16,0.046763,0.0448
-7.6709e-16,0.046747,0.044805
-7.323e-16,0.046734,0.044809
-6.9284e-16,0.046725,0.044811
-6.4862e-16,0.046719,0.044813
-5.9961e-16,0.046716,0.044813
-5.4576e-16,0.046716,0.044813
-4.8705e-16,0.046719,0.044811
-4.2348e-16,0.046726,0.044809
-3.5507e-16,0.046736,0.044806
-2.8186e-16,0.046749,0.044802
-2.039e-16,0.046765,0.044797
-1.2127e-16,0.046785,0.044792
-3.4088e-17,0.046807,0.044786
5.7526e-17,0.046832,0.04478
1.5342e-16,0.04686,0.044773
2.5341e-16,0.046891,0.044766
3.5731e-16,0.046925,0.04476
4.6487e-16,0.046961,0.044752
5.7585e-16,0.046999,0.044746
6.8997e-16,0.04704,0.044739
8.0691e-16,0.047083,0.044732
9.2636e-16,0.047128,0.044726
1.0479e-15,0.047175,0.044721
1.1713e-15,0.047223,0.044716
1.2959e-15,0.047273,0.044712
1.4215e-15,0.047325,0.044709
1.5475e-15,0.047377,0.044707
1.6734e-15,0.047431,0.044707
1.7988e-15,0.047485,0.044707
1.9231e-15,0.04754,0.04471
2.0457e-15,0.047595,0.044713
2.1661e-15,0.047651,0.044719
2.2836e-15,0.047707,0.044726
2.3977e-15,0.047763,0.044735
2.5078e-15,0.047819,0.044747
2.6131e-15,0.047875,0.04476
2.713e-15,0.04793,0.044776
2.8069e-15,0.047984,0.044795
2.894e-15,0.048038,0.044816
2.9738e-15,0.048091,0.044839
3.0454e-15,0.048142,0.044865
3.1083e-15,0.048193,0.044895
3.1617e-15,0.048242,0.044927
3.2049e-15,0.04829,0.044961
3.2373e-15,0.048336,0.044999
3.2582e-15,0.048381,0.045041
3.2669e-15,0.048425,0.045085
3.2629e-15,0.048466,0.045132
3.2455e-15,0.048506,0.045183
3.2141e-15,0.048544,0.045237
3.1681e-15,0.04858,0.045294
3.1071e-15,0.048614,0.045354
3.0305e-15,0.048646,0.045418
2.9379e-15,0.048676,0.045485
2.8288e-15,0.048704,0.045555
2.703e-15,0.04873,0.045629
2.56e-15,0.048755,0.045705
2.3996e-15,0.048777,0.045785
2.2216e-15,0.048797,0.045868
2.0259e-15,0.048816,0.045954
1.8123e-15,0.048832,0.046042
1.5809e-15,0.048847,0.046134
1.3317e-15,0.04886,0.046228
1.0649e-15,0.048872,0.046325
7.8057e-16,0.048881,0.046425
4.7911e-16,0.04889,0.046526
1.6088e-16,0.048896,0.046631
-1.7368e-16,0.048902,0.046737
-5.24e-16,0.048906,0.046845
-8.8946e-16,0.048909,0.046955
-1.2693e-15,0.048911,0.047067
-1.6627e-15,0.048912,0.04718
-2.0688e-15,0.048912,0.047294
-2.4865e-15,0.048911,0.04741
-2.9147e-15,0.04891,0.047526
-3.3523e-15,0.048908,0.047643
-3.7978e-15,0.048905,0.047761
-4.2499e-15,0.048903,0.047879
-4.707e-15,0.0489,0.047997
-5.1677e-15,0.048897,0.048115
-5.6301e-15,0.048894,0.048232
-6.0925e-15,0.048892,0.048349
-6.5531e-15,0.048889,0.048465
-7.0098e-15,0.048887,0.04858
-7.4607e-15,0.048886,0.048693
-7.9037e-15,0.048885,0.048806
-8.3364e-15,0.048885,0.048916
-8.7568e-15,0.048885,0.049025
-9.1625e-15,0.048887,0.049132
-9.5511e-15,0.048889,0.049236
-9.9202e-15,0.048892,0.049338
-1.0267e-14,0.048896,0.049438
-1.059e-14,0.048902,0.049535
-1.0886e-14,0.048908,0.049628
-1.1152e-14,0.048916,0.049719
-1.1387e-14,0.048925,0.049806
-1.1586e-14,0.048935,0.04989
-1.1749e-14,0.048946,0.04997
-1.1873e-14,0.048959,0.050047
-1.1954e-14,0.048973,0.05012
-1.1991e-14,0.048987,0.050189
-1.1982e-14,0.049004,0.050255
-1.1923e-14,0.049021,0.050316
-1.1814e-14,0.049039,0.050373
-1.1651e-14,0.049059,0.050426
-1.1433e-14,0.049079,0.050475
-1.1158e-14,0.0491,0.05052
-1.0825e-14,0.049122,0.05056
-1.0431e-14,0.049145,0.050596
-9.9758e-15,0.049169,0.050629
-9.4578e-15,0.049193,0.050656
-8.8761e-15,0.049218,0.05068
-8.2298e-15,0.049243,0.0507
-7.5184e-15,0.049269,0.050715
-6.7416e-15,0.049294,0.050727
-5.8993e-15,0.04932,0.050735
-4.9916e-15,0.049346,0.050738
-4.0191e-15,0.049372,0.050739
-2.9824e-15,0.049397,0.050735
-1.8826e-15,0.049422,0.050728
-7.2107e-16,0.049447,0.050717
5.006e-16,0.049471,0.050704
1.7804e-15,0.049495,0.050687
3.116e-15,0.049518,0.050667
4.5048e-15,0.04954,0.050644
5.9437e-15,0.049562,0.050619
7.4295e-15,0.049582,0.050591
8.9584e-15,0.049601,0.050561
1.0526e-14,0.049619,0.050529
1.2129e-14,0.049636,0.050495
1.3761e-14,0.049652,0.050459
1.5419e-14,0.049666,0.050421
1.7095e-14,0.049679,0.050382
1.8785e-14,0.04969,0.050342
2.0482e-14,0.0497,0.050301
2.218e-14,0.049709,0.050259
2.3872e-14,0.049716,0.050217
2.555e-14,0.049722,0.050174
2.7208e-14,0.049726,0.050131
2.8838e-14,0.049729,0.050088
3.0431e-14,0.04973,0.050044
3.1979e-14,0.04973,0.050002
3.3475e-14,0.049728,0.049959
3.4908e-14,0.049725,0.049917
3.6272e-14,0.049721,0.049876
3.7555e-14,0.049716,0.049836
3.875e-14,0.049709,0.049797
3.9847e-14,0.049701,0.049759
4.0837e-14,0.049692,0.049722
4.1711e-14,0.049683,0.049687
4.2459e-14,0.049672,0.049653
4.3072e-14,0.049661,0.049621
4.3541e-14,0.049649,0.04959
4.3857e-14,0.049636,0.049561
4.4012e-14,0.049623,0.049534
4.3996e-14,0.04961,0.049509
4.3801e-14,0.049596,0.049486
4.342e-14,0.049582,0.049465
4.2844e-14,0.049568,0.049446
4.2067e-14,0.049555,0.049429
4.1081e-14,0.049541,0.049414
3.9881e-14,0.049528,0.049401
3.846e-14,0.049516,0.049391
3.6814e-14,0.049504,0.049382
3.4938e-14,0.049492,0.049375
3.2828e-14,0.049482,0.04937
3.0481e-14,0.049472,0.049367
2.7896e-14,0.049463,0.049367
2.5071e-14,0.049455,0.049367
2.2005e-14,0.049449,0.04937
1.8699e-14,0.049444,0.049375
1.5155e-14,0.04944,0.049381
1.1375e-14,0.049437,0.049388
7.3628e-15,0.049436,0.049397
3.1234e-15,0.049436,0.049408
-1.3375e-15,0.049438,0.04942
-6.0125e-15,0.049441,0.049433
-1.0893e-14,0.049446,0.049447
-1.5971e-14,0.049453,0.049462
-2.1233e-14,0.049461,0.049478
-2.6669e-14,0.04947,0.049494
-3.2265e-14,0.049481,0.049512
-3.8006e-14,0.049494,0.04953
-4.3876e-14,0.049507,0.049548
-4.9857e-14,0.049523,0.049567
-5.5932e-14,0.049539,0.049586
-6.2079e-14,0.049557,0.049604
-6.8278e-14,0.049576,0.049623
-7.4506e-14,0.049596,0.049642
-8.074e-14,0.049617,0.04966
-8.6954e-14,0.049638,0.049679
-9.3122e-14,0.049661,0.049696
-9.9218e-14,0.049684,0.049713
-1.0521e-13,0.049708,0.04973
-1.1108e-13,0.049731,0.049745
-1.1678e-13,0.049756,0.04976
-1.2229e-13,0.04978,0.049774
-1.2758e-13,0.049804,0.049787
-1.3262e-13,0.049828,0.049799
-1.3736e-13,0.049851,0.049809
-1.4179e-13,0.049874,0.049819
-1.4585e-13,0.049897,0.049827
-1.4953e-13,0.049918,0.049834
-1.5279e-13,0.049939,0.04984
-1.5559e-13,0.049958,0.049844
-1.5789e-13,0.049977,0.049847
-1.5967e-13,0.049994,0.049849
-1.609e-13,0.050009,0.049849
-1.6153e-13,0.050023,0.049848
-1.6154e-13,0.050035,0.049845
-1.609e-13,0.050046,0.049841
-1.5958e-13,0.050054,0.049836
-1.5754e-13,0.050061,0.049829
-1.5477e-13,0.050065,0.049822
-1.5124e-13,0.050067,0.049813
-1.4692e-13,0.050067,0.049802
-1.4179e-13,0.050065,0.049791
-1.3584e-13,0.050061,0.049779
-1.2905e-13,0.050054,0.049765
-1.2139e-13,0.050044,0.049751
-1.1288e-13,0.050033,0.049736
-1.0348e-13,0.050019,0.04972
-9.3207e-14,0.050003,0.049703
-8.2049e-14,0.049984,0.049686
-7.001e-14,0.049963,0.049668
-5.7095e-14,0.04994,0.04965
-4.3313e-14,0.049915,0.049631
-2.8677e-14,0.049887,0.049613
-1.3205e-14,0.049858,0.049594
3.0829e-15,0.049826,0.049575
2.016e-14,0.049793,0.049557
3.7997e-14,0.049757,0.049538
5.6558e-14,0.04972,0.04952
7.5805e-14,0.049682,0.049503
9.5692e-14,0.049641,0.049485
1.1617e-13,0.049599,0.049469
1.3719e-13,0.049556,0.049453
1.5869e-13,0.049512,0.049439
1.8061e-13,0.049466,0.049425
2.0287e-13,0.049419,0.049412
2.2541e-13,0.049371,0.0494
2.4815e-13,0.049322,0.04939
2.7101e-13,0.049273,0.049381
2.9389e-13,0.049222,0.049373
3.1671e-13,0.049171,0.049367
3.3938e-13,0.049119,0.049363
3.6179e-13,0.049067,0.04936
3.8384e-13,0.049014,0.04936
4.0543e-13,0.048961,0.049361
4.2643e-13,0.048907,0.049363
4.4675e-13,0.048853,0.049368
4.6626e-13,0.048799,0.049375
4.8485e-13,0.048745,0.049384
5.0239e-13,0.04869,0.049395
5.1877e-13,0.048635,0.049408
5.3385e-13,0.04858,0.049424
5.4752e-13,0.048525,0.049441
5.5964e-13,0.04847,0.049461
5.701e-13,0.048414,0.049483
5.7877e-13,0.048358,0.049507
5.8553e-13,0.048303,0.049534
5.9025e-13,0.048247,0.049562
5.9282e-13,0.048191,0.049593
5.9311e-13,0.048135,0.049625
5.9102e-13,0.048079,0.04966
5.8644e-13,0.048023,0.049697
5.7927e-13,0.047966,0.049735
5.6939e-13,0.04791,0.049776
5.5673e-13,0.047854,0.049818
5.4119e-13,0.047797,0.049861
5.227e-13,0.047741,0.049907
5.0119e-13,0.047684,0.049953
4.7659e-13,0.047628,0.050001
4.4885e-13,0.047571,0.05005
4.1793e-13,0.047515,0.0501
3.8379e-13,0.047459,0.050151
3.4643e-13,0.047403,0.050202
3.0582e-13,0.047348,0.050254
2.6198e-13,0.047292,0.050307
2.1492e-13,0.047237,0.050359
1.6467e-13,0.047183,0.050412
1.1129e-13,0.047129,0.050465
5.4822e-14,0.047076,0.050517
-4.646e-15,0.047023,0.050569
-6.7023e-14,0.046972,0.05062
-1.322e-13,0.046921,0.05067
-2.0005e-13,0.046871,0.050719
-2.7044e-13,0.046823,0.050768
-3.432e-13,0.046775,0.050814
-4.1815e-13,0.04673,0.05086
-4.951e-13,0.046685,0.050903
-5.7384e-13,0.046642,0.050945
-6.5413e-13,0.046601,0.050985
-7.3574e-13,0.046562,0.051022
-8.1838e-13,0.046525,0.051057
-9.0179e-13,0.046491,0.05109
-9.8566e-13,0.046458,0.05112
-1.0697e-12,0.046428,0.051147
-1.1535e-12,0.0464,0.051172
-1.2368e-12,0.046375,0.051193
-1.3192e-12,0.046353,0.051211
-1.4003e-12,0.046334,0.051226
-1.4797e-12,0.046318,0.051237
-1.5571e-12,0.046305,0.051245
-1.632e-12,0.046295,0.05125
-1.7039e-12,0.046289,0.05125
-1.7726e-12,0.046287,0.051247
-1.8374e-12,0.046287,0.051241
-1.898e-12,0.046292,0.05123
-1.9539e-12,0.0463,0.051215
-2.0047e-12,0.046312,0.051197
-2.0498e-12,0.046328,0.051174
-2.0889e-12,0.046348,0.051147
-2.1215e-12,0.046372,0.051117
-2.1471e-12,0.0464,0.051082
-2.1652e-12,0.046431,0.051043
-2.1755e-12,0.046467,0.051001
-2.1775e-12,0.046507,0.050954
-2.1709e-12,0.04655,0.050904
-2.1551e-12,0.046598,0.05085
-2.1298e-12,0.046649,0.050792
-2.0946e-12,0.046705,0.05073
-2.0493e-12,0.046764,0.050665
-1.9934e-12,0.046826,0.050596
-1.9267e-12,0.046892,0.050524
-1.849e-12,0.046962,0.050449
-1.7599e-12,0.047034,0.05037
-1.6594e-12,0.04711,0.050289
-1.5471e-12,0.047189,0.050205
-1.4231e-12,0.04727,0.050119
-1.2873e-12,0.047354,0.05003
-1.1395e-12,0.04744,0.049939
-9.7985e-13,0.047529,0.049846
-8.0839e-13,0.047619,0.049751
-6.2521e-13,0.047711,0.049654
-4.3048e-13,0.047805,0.049557
-2.2442e-13,0.047899,0.049458
-7.3067e-15,0.047995,0.049359
2.2053e-13,0.048091,0.049259
4.5868e-13,0.048188,0.049159
7.0672e-13,0.048285,0.049059
9.641e-13,0.048382,0.04896
1.2303e-12,0.048479,0.048861
1.5046e-12,0.048575,0.048763
1.7863e-12,0.048671,0.048666
2.0746e-12,0.048765,0.04857
2.3688e-12,0.048858,0.048477
2.6679e-12,0.04895,0.048385
2.9709e-12,0.049039,0.048296
3.2768e-12,0.049127,0.04821
3.5846e-12,0.049213,0.048126
3.893e-12,0.049297,0.048046
4.2008e-12,0.049378,0.047968
4.5069e-12,0.049456,0.047895
4.8097e-12,0.049532,0.047825
5.108e-12,0.049605,0.04776
5.4004e-12,0.049674,0.047699
5.6853e-12,0.049741,0.047642
5.9613e-12,0.049805,0.04759
6.2267e-12,0.049865,0.047543
6.48e-12,0.049922,0.047501
6.7196e-12,0.049975,0.047464
6.9439e-12,0.050025,0.047432
7.1511e-12,0.050072,0.047406
7.3395e-12,0.050115,0.047385
7.5076e-12,0.050155,0.047369
7.6536e-12,0.050191,0.047359
7.7758e-12,0.050224,0.047355
7.8727e-12,0.050253,0.047356
7.9424e-12,0.050279,0.047363
7.9835e-12,0.050302,0.047375
7.9943e-12,0.050322,0.047393
7.9733e-12,0.050338,0.047416
7.919e-12,0.050351,0.047445
7.83e-12,0.050361,0.047478
7.705e-12,0.050369,0.047517
7.5427e-12,0.050373,0.047561
7.3419e-12,0.050374,0.04761
7.1015e-12,0.050373,0.047664
6.8205e-12,0.050369,0.047722
6.4982e-12,0.050363,0.047784
6.1337e-12,0.050354,0.047851
5.7264e-12,0.050343,0.047922
5.276e-12,0.05033,0.047997
4.782e-12,0.050314,0.048075
4.2443e-12,0.050297,0.048157
3.663e-12,0.050277,0.048241
3.0383e-12,0.050256,0.048329
2.3706e-12,0.050233,0.048419
1.6603e-12,0.050209,0.048512
9.084e-13,0.050183,0.048607
1.1578e-13,0.050156,0.048704
-7.1634e-13,0.050128,0.048802
-1.5865e-12,0.050098,0.048902
-2.4932e-12,0.050067,0.049003
-3.4343e-12,0.050036,0.049105
-4.408e-12,0.050003,0.049207
-5.4118e-12,0.04997,0.04931
-6.4431e-12,0.049936,0.049413
-7.4991e-12,0.049902,0.049515
-8.5768e-12,0.049867,0.049618
-9.6729e-12,0.049831,0.049719
-1.0784e-11,0.049796,0.04982
-1.1906e-11,0.04976,0.049919
-1.3035e-11,0.049724,0.050017
-1.4167e-11,0.049688,0.050114
-1.5298e-11,0.049652,0.050208
-1.6422e-11,0.049615,0.050301
-1.7535e-11,0.049579,0.050392
-1.8632e-11,0.049543,0.05048
-1.9708e-11,0.049508,0.050565
-2.0757e-11,0.049472,0.050648
-2.1774e-11,0.049437,0.050728
-2.2753e-11,0.049402,0.050805
-2.3688e-11,0.049368,0.050879
-2.4574e-11,0.049334,0.050949
-2.5403e-11,0.0493,0.051017
-2.6171e-11,0.049267,0.051081
-2.6871e-11,0.049235,0.051141
-2.7496e-11,0.049203,0.051198
-2.8041e-11,0.049171,0.051251
-2.85e-11,0.04914,0.051301
-2.8866e-11,0.04911,0.051347
-2.9133e-11,0.049081,0.05139
-2.9295e-11,0.049052,0.051429
-2.9347e-11,0.049023,0.051465
-2.9283e-11,0.048996,0.051497
-2.9098e-11,0.048969,0.051525
-2.8785e-11,0.048943,0.05155
-2.8341e-11,0.048917,0.051572
-2.776e-11,0.048892,0.051591
-2.7039e-11,0.048868,0.051606
-2.6172e-11,0.048845,0.051619
-2.5157e-11,0.048823,0.051629
-2.3991e-11,0.048801,0.051636
-2.267e-11,0.04878,0.05164
-2.1192e-11,0.04876,0.051642
-1.9556e-11,0.048741,0.051642
-1.776e-11,0.048723,0.051639
-1.5804e-11,0.048705,0.051635
-1.3687e-11,0.048688,0.051629
-1.1411e-11,0.048673,0.051621
-8.9773e-12,0.048658,0.051611
-6.387e-12,0.048644,0.051601
-3.6434e-12,0.048631,0.051589
-7.4985e-13,0.048619,0.051576
2.2892e-12,0.048608,0.051562
5.4686e-12,0.048598,0.051548
8.7824e-12,0.048589,0.051533
1.2224e-11,0.048581,0.051518
1.5785e-11,0.048573,0.051503
1.9459e-11,0.048567,0.051488
2.3234e-11,0.048562,0.051473
2.7101e-11,0.048558,0.051458
3.1049e-11,0.048555,0.051443
3.5066e-11,0.048552,0.051429
3.9139e-11,0.048551,0.051415
4.3254e-11,0.048551,0.051403
4.7397e-11,0.048552,0.051391
5.1552e-11,0.048554,0.05138
5.5704e-11,0.048556,0.05137
5.9834e-11,0.04856,0.051361
6.3926e-11,0.048564,0.051353
6.7961e-11,0.04857,0.051347
7.192e-11,0.048576,0.051342
7.5783e-11,0.048584,0.051338
7.953e-11,0.048592,0.051336
8.314e-11,0.048601,0.051335
8.6591e-11,0.04861,0.051335
8.9862e-11,0.04862,0.051337
9.2931e-11,0.048632,0.051341
9.5775e-11,0.048643,0.051347
9.8371e-11,0.048655,0.051354
1.007e-10,0.048668,0.051362
1.0273e-10,0.048681,0.051373
1.0445e-10,0.048695,0.051385
1.0583e-10,0.048709,0.051398
1.0685e-10,0.048723,0.051414
1.0749e-10,0.048737,0.051431
1.0773e-10,0.048751,0.05145
1.0754e-10,0.048766,0.05147
1.0691e-10,0.04878,0.051493
1.0582e-10,0.048794,0.051517
1.0424e-10,0.048808,0.051543
1.0216e-10,0.048822,0.05157
9.9571e-11,0.048835,0.051599
9.6449e-11,0.048848,0.05163
9.2784e-11,0.04886,0.051663
8.8563e-11,0.048872,0.051697
8.3776e-11,0.048883,0.051733
7.8414e-11,0.048893,0.05177
7.2471e-11,0.048903,0.051809
6.5943e-11,0.048911,0.051849
5.8826e-11,0.048919,0.051891
5.1122e-11,0.048925,0.051934
4.2831e-11,0.04893,0.051979
3.3958e-11,0.048934,0.052025
2.4512e-11,0.048937,0.052072
1.4501e-11,0.048939,0.05212
3.9387e-12,0.048939,0.05217
-7.1598e-12,0.048938,0.05222
-1.8776e-11,0.048935,0.052272
-3.0888e-11,0.048931,0.052324
-4.3471e-11,0.048926,0.052377
-5.6499e-11,0.048919,0.052431
-6.9939e-11,0.04891,0.052486
-8.3759e-11,0.0489,0.052541
-9.792e-11,0.048889,0.052596
-1.1238e-10,0.048876,0.052652
-1.271e-10,0.048862,0.052708
-1.4203e-10,0.048847,0.052765
-1.5713e-10,0.048829,0.052821
-1.7233e-10,0.048811,0.052877
-1.8758e-10,0.048791,0.052933
-2.0282e-10,0.04877,0.052989
-2.18e-10,0.048748,0.053044
-2.3304e-10,0.048725,0.053099
-2.4787e-10,0.0487,0.053153
-2.6244e-10,0.048674,0.053206
-2.7666e-10,0.048648,0.053259
-2.9047e-10,0.04862,0.05331
-3.0378e-10,0.048591,0.053361
-3.1651e-10,0.048562,0.05341
-3.286e-10,0.048532,0.053458
-3.3995e-10,0.048501,0.053504
-3.5048e-10,0.048469,0.053549
-3.6012e-10,0.048437,0.053593
-3.6877e-10,0.048405,0.053634
-3.7636e-10,0.048372,0.053674
-3.828e-10,0.048338,0.053712
-3.8801e-10,0.048305,0.053748
-3.9191e-10,0.048271,0.053782
-3.9441e-10,0.048237,0.053813
-3.9544e-10,0.048202,0.053843
-3.9493e-10,0.048168,0.05387
-3.9279e-10,0.048133,0.053895
-3.8896e-10,0.048099,0.053918
-3.8337e-10,0.048065,0.053938
-3.7595e-10,0.04803,0.053956
-3.6665e-10,0.047996,0.053971
-3.554e-10,0.047962,0.053984
-3.4217e-10,0.047928,0.053994
-3.269e-10,0.047895,0.054002
-3.0955e-10,0.047861,0.054008
-2.901e-10,0.047828,0.054011
-2.6852e-10,0.047796,0.054011
-2.4479e-10,0.047763,0.054009
-2.189e-10,0.047731,0.054005
-1.9085e-10,0.0477,0.053998
-1.6065e-10,0.047668,0.053989
-1.2832e-10,0.047637,0.053978
-9.3868e-11,0.047607,0.053964
-5.7344e-11,0.047577,0.053949
-1.8789e-11,0.047548,0.053931
2.1741e-11,0.047519,0.053911
6.4178e-11,0.047491,0.053889
1.0845e-10,0.047463,0.053866
1.5445e-10,0.047436,0.053841
2.021e-10,0.047409,0.053814
2.5128e-10,0.047384,0.053786
3.0187e-10,0.047358,0.053756
3.5372e-10,0.047334,0.053725
4.067e-10,0.04731,0.053693
4.6064e-10,0.047287,0.05366
5.1537e-10,0.047265,0.053625
5.7072e-10,0.047244,0.05359
6.2648e-10,0.047224,0.053554
6.8246e-10,0.047204,0.053518
7.3843e-10,0.047186,0.05348
7.9417e-10,0.047168,0.053443
8.4945e-10,0.047151,0.053405
9.0401e-10,0.047135,0.053367
9.5761e-10,0.047121,0.053329
1.01e-09,0.047107,0.053291
1.0608e-09,0.047095,0.053254
1.1099e-09,0.047083,0.053216
1.1569e-09,0.047073,0.053179
1.2015e-09,0.047064,0.053143
1.2435e-09,0.047056,0.053107
1.2825e-09,0.047049,0.053072
1.3183e-09,0.047043,0.053037
1.3504e-09,0.047038,0.053004
1.3787e-09,0.047035,0.052972
1.4028e-09,0.047033,0.052941
1.4225e-09,0.047032,0.052911
1.4373e-09,0.047032,0.052883
1.4471e-09,0.047034,0.052856
1.4515e-09,0.047036,0.05283
1.4502e-09,0.04704,0.052806
1.4431e-09,0.047045,0.052784
1.4297e-09,0.047052,0.052763
1.4099e-09,0.047059,0.052744
1.3834e-09,0.047068,0.052728
1.35e-09,0.047077,0.052713
1.3095e-09,0.047088,0.052699
1.2617e-09,0.0471,0.052688
1.2065e-09,0.047113,0.052679
1.1437e-09,0.047127,0.052672
1.0731e-09,0.047143,0.052667
9.9474e-10,0.047159,0.052664
9.085e-10,0.047176,0.052663
8.1433e-10,0.047193,0.052665
7.1223e-10,0.047212,0.052668
6.0223e-10,0.047232,0.052673
4.8438e-10,0.047252,0.05268
3.5876e-10,0.047273,0.052689
2.2551e-10,0.047294,0.052699
8.478e-11,0.047317,0.052712
-6.3219e-11,0.047339,0.052726
-2.1825e-10,0.047362,0.052742
-3.8003e-10,0.047386,0.05276
-5.4824e-10,0.04741,0.052779
-7.2252e-10,0.047434,0.052799
-9.0246e-10,0.047459,0.052821
-1.0876e-09,0.047483,0.052844
-1.2775e-09,0.047508,0.052868
-1.4715e-09,0.047533,0.052893
-1.6692e-09,0.047558,0.052918
-1.8698e-09,0.047583,0.052945
-2.0728e-09,0.047608,0.052972
-2.2773e-09,0.047633,0.053
-2.4828e-09,0.047658,0.053028
-2.6883e-09,0.047682,0.053056
-2.8931e-09,0.047707,0.053084
-3.0962e-09,0.047731,0.053113
-3.2968e-09,0.047755,0.053141
-3.494e-09,0.047778,0.053169
-3.6867e-09,0.047801,0.053197
-3.8741e-09,0.047824,0.053224
-4.055e-09,0.047846,0.05325
-4.2284e-09,0.047868,0.053276
-4.3932e-09,0.047889,0.053301
-4.5484e-09,0.04791,0.053325
-4.6929e-09,0.047931,0.053348
-4.8255e-09,0.04795,0.053369
-4.9451e-09,0.04797,0.05339
-5.0506e-09,0.047988,0.053409
-5.1408e-09,0.048006,0.053426
-5.2147e-09,0.048024,0.053442
-5.2712e-09,0.04804,0.053456
-5.3092e-09,0.048057,0.053468
-5.3275e-09,0.048072,0.053478
-5.3252e-09,0.048087,0.053486
-5.3013e-09,0.048101,0.053492
-5.2547e-09,0.048114,0.053496
-5.1846e-09,0.048127,0.053498
-5.0901e-09,0.048139,0.053498
-4.9703e-09,0.04815,0.053495
-4.8246e-09,0.04816,0.05349
-4.6521e-09,0.04817,0.053483
-4.4524e-09,0.048179,0.053474
-4.2248e-09,0.048186,0.053462
-3.9689e-09,0.048194,0.053447
-3.6844e-09,0.0482,0.053431
-3.371e-09,0.048205,0.053412
-3.0285e-09,0.048209,0.053391
-2.6569e-09,0.048213,0.053367
-2.2562e-09,0.048215,0.053342
-1.8267e-09,0.048217,0.053314
-1.3687e-09,0.048217,0.053285
-8.8259e-10,0.048216,0.053253
-3.6896e-10,0.048215,0.053219
1.7145e-10,0.048212,0.053184
7.3778e-10,0.048208,0.053147
1.329e-09,0.048203,0.053108
1.944e-09,0.048196,0.053068
2.5814e-09,0.048189,0.053026
3.2397e-09,0.04818,0.052983
3.9174e-09,0.04817,0.052939
4.6126e-09,0.048158,0.052894
5.3233e-09,0.048145,0.052848
6.0476e-09,0.048131,0.052801
6.783e-09,0.048115,0.052753
7.5272e-09,0.048098,0.052705
8.2777e-09,0.04808,0.052657
9.0316e-09,0.04806,0.052608
9.7861e-09,0.048038,0.052559
1.0538e-08,0.048015,0.052509
1.1285e-08,0.047991,0.05246
1.2022e-08,0.047965,0.052411
1.2748e-08,0.047937,0.052362
1.3457e-08,0.047908,0.052314
1.4147e-08,0.047878,0.052266
1.4814e-08,0.047846,0.052218
1.5454e-08,0.047813,0.052171
1.6063e-08,0.047778,0.052125
1.6636e-08,0.047742,0.05208
1.7171e-08,0.047704,0.052035
1.7663e-08,0.047665,0.051992
1.8107e-08,0.047625,0.051949
1.85e-08,0.047584,0.051907
1.8838e-08,0.047541,0.051867
1.9116e-08,0.047498,0.051828
1.9331e-08,0.047453,0.05179
1.9478e-08,0.047407,0.051753
1.9553e-08,0.047361,0.051718
1.9553e-08,0.047313,0.051684
1.9474e-08,0.047265,0.051652
1.9312e-08,0.047216,0.051621
1.9064e-08,0.047166,0.051592
1.8727e-08,0.047116,0.051564
1.8298e-08,0.047066,0.051538
1.7774e-08,0.047015,0.051513
1.7151e-08,0.046964,0.05149
1.6429e-08,0.046913,0.051469
1.5605e-08,0.046862,0.051449
1.4677e-08,0.046811,0.051431
1.3644e-08,0.04676,0.051415
1.2505e-08,0.046709,0.0514
1.126e-08,0.046659,0.051387
9.9075e-09,0.04661,0.051376
8.4484e-09,0.046561,0.051367
6.8833e-09,0.046513,0.051359
5.2133e-09,0.046466,0.051352
3.44e-09,0.046421,0.051348
1.5654e-09,0.046376,0.051345
-4.0773e-10,0.046332,0.051344
-2.4764e-09,0.04629,0.051344
-4.6369e-09,0.04625,0.051346
-6.8851e-09,0.046211,0.05135
-9.2161e-09,0.046174,0.051355
-1.1625e-08,0.046138,0.051362
-1.4105e-08,0.046105,0.05137
-1.665e-08,0.046074,0.051379
-1.9253e-08,0.046045,0.05139
-2.1907e-08,0.046018,0.051402
-2.4602e-08,0.045993,0.051415
-2.7331e-08,0.045971,0.05143
-3.0084e-08,0.045951,0.051445
-3.285e-08,0.045934,0.051462
-3.562e-08,0.045919,0.05148
-3.8383e-08,0.045907,0.051498
-4.1126e-08,0.045898,0.051517
-4.3837e-08,0.045891,0.051537
-4.6506e-08,0.045888,0.051558
-4.9117e-08,0.045887,0.051579
-5.1658e-08,0.045889,0.051601
-5.4116e-08,0.045893,0.051623
-5.6476e-08,0.045901,0.051645
-5.8724e-08,0.045911,0.051667
-6.0844e-08,0.045925,0.05169
-6.2824e-08,0.045941,0.051712
-6.4646e-08,0.04596,0.051734
-6.6297e-08,0.045981,0.051756
-6.7761e-08,0.046006,0.051778
-6.9024e-08,0.046033,0.051799
-7.0069e-08,0.046062,0.051819
-7.0882e-08,0.046095,0.051839
-7.1449e-08,0.046129,0.051858
-7.1755e-08,0.046166,0.051877
-7.1785e-08,0.046206,0.051894
-7.1527e-08,0.046247,0.05191
-7.0967e-08,0.046291,0.051925
-7.0092e-08,0.046337,0.051939
-6.8891e-08,0.046385,0.051952
-6.7352e-08,0.046435,0.051963
-6.5465e-08,0.046487,0.051973
-6.322e-08,0.04654,0.051982
-6.0609e-08,0.046595,0.051989
-5.7624e-08,0.046651,0.051995
-5.4259e-08,0.046709,0.051999
-5.0509e-08,0.046768,0.052001
-4.637e-08,0.046828,0.052002
-4.184e-08,0.04689,0.052002
-3.6918e-08,0.046952,0.052
-3.1603e-08,0.047015,0.051996
-2.59e-08,0.047079,0.051991
-1.981e-08,0.047143,0.051984
-1.3341e-08,0.047208,0.051976
-6.4991e-09,0.047274,0.051966
7.0612e-10,0.04734,0.051955
8.2633e-09,0.047406,0.051943
1.6159e-08,0.047472,0.05193
2.4379e-08,0.047539,0.051915
3.2904e-08,0.047605,0.051899
4.1717e-08,0.047672,0.051883
5.0795e-08,0.047739,0.051865
6.0114e-08,0.047805,0.051847
6.9649e-08,0.047872,0.051828
7.9373e-08,0.047938,0.051808
8.9254e-08,0.048004,0.051788
9.9261e-08,0.04807,0.051768
1.0936e-07,0.048136,0.051747
1.1951e-07,0.048201,0.051727
1.2968e-07,0.048266,0.051706
1.3983e-07,0.048331,0.051686
1.4991e-07,0.048395,0.051665
1.5988e-07,0.048459,0.051646
1.697e-07,0.048523,0.051627
1.7931e-07,0.048586,0.051608
1.8867e-07,0.048649,0.051591
1.9773e-07,0.048712,0.051574
2.0644e-07,0.048774,0.051559
2.1474e-07,0.048836,0.051545
2.2258e-07,0.048898,0.051532
2.2991e-07,0.048959,0.05152
2.3666e-07,0.04902,0.05151
2.428e-07,0.049081,0.051502
2.4825e-07,0.049141,0.051496
2.5297e-07,0.049201,0.051491
2.569e-07,0.049261,0.051488
2.5998e-07,0.04932,0.051488
2.6216e-07,0.04938,0.051489
2.6339e-07,0.049438,0.051493
2.6362e-07,0.049497,0.051498
2.6279e-07,0.049555,0.051506
2.6086e-07,0.049612,0.051517
2.5778e-07,0.04967,0.051529
2.535e-07,0.049727,0.051544
2.4799e-07,0.049783,0.051561
2.412e-07,0.049839,0.051581
2.3311e-07,0.049894,0.051603
2.2367e-07,0.049949,0.051627
2.1287e-07,0.050003,0.051654
2.0067e-07,0.050056,0.051682
1.8705e-07,0.050109,0.051713
1.7201e-07,0.050161,0.051746
1.5554e-07,0.050212,0.051782
1.3762e-07,0.050262,0.051819
1.1827e-07,0.050311,0.051858
9.7482e-08,0.050359,0.051899
7.5277e-08,0.050405,0.051941
5.1674e-08,0.050451,0.051986
2.6699e-08,0.050495,0.052031
3.8521e-10,0.050537,0.052079
-2.7226e-08,0.050578,0.052127
-5.6088e-08,0.050617,0.052177
-8.6146e-08,0.050655,0.052227
-1.1734e-07,0.050691,0.052279
-1.4959e-07,0.050725,0.052331
-1.8283e-07,0.050757,0.052384
-2.1696e-07,0.050786,0.052437
-2.519e-07,0.050814,0.052491
-2.8755e-07,0.05084,0.052544
-3.2379e-07,0.050863,0.052598
-3.605e-07,0.050883,0.052652
-3.9757e-07,0.050902,0.052705
-4.3486e-07,0.050917,0.052758
-4.7223e-07,0.050931,0.05281
-5.0953e-07,0.050941,0.052862
-5.4661e-07,0.050949,0.052912
-5.8331e-07,0.050955,0.052962
-6.1947e-07,0.050957,0.05301
-6.549e-07,0.050957,0.053058
-6.8943e-07,0.050954,0.053104
-7.2288e-07,0.050948,0.053148
-7.5506e-07,0.050939,0.053191
-7.8577e-07,0.050928,0.053232
-8.1483e-07,0.050913,0.053272
-8.4202e-07,0.050896,0.05331
-8.6716e-07,0.050877,0.053345
-8.9004e-07,0.050854,0.053379
-9.1045e-07,0.050829,0.053411
-9.2819e-07,0.050801,0.05344
-9.4306e-07,0.05077,0.053468
-9.5486e-07,0.050737,0.053493
-9.6339e-07,0.050702,0.053516
-9.6845e-07,0.050664,0.053537
-9.6986e-07,0.050623,0.053556
-9.6742e-07,0.050581,0.053573
-9.6097e-07,0.050536,0.053587
-9.5033e-07,0.05049,0.053599
-9.3533e-07,0.050441,0.053609
-9.1583e-07,0.050391,0.053617
-8.9169e-07,0.050338,0.053623
-8.6276e-07,0.050285,0.053627
-8.2894e-07,0.050229,0.053629
-7.9012e-07,0.050173,0.053629
-7.4622e-07,0.050115,0.053627
-6.9716e-07,0.050056,0.053623
-6.4289e-07,0.049996,0.053618
-5.8337e-07,0.049936,0.053611
-5.1859e-07,0.049874,0.053602
-4.4855e-07,0.049812,0.053593
-3.7327e-07,0.04975,0.053581
-2.9281e-07,0.049688,0.053569
-2.0724e-07,0.049625,0.053555
-1.1665e-07,0.049562,0.053541
-2.1166e-08,0.0495,0.053525
7.9068e-08,0.049437,0.053509
1.8388e-07,0.049376,0.053492
2.9306e-07,0.049314,0.053475
4.0639e-07,0.049254,0.053457
5.2361e-07,0.049194,0.053438
6.4443e-07,0.049135,0.053419
7.6855e-07,0.049077,0.053401
8.9561e-07,0.049021,0.053382
1.0253e-06,0.048965,0.053363
1.1571e-06,0.048911,0.053344
1.2906e-06,0.048858,0.053326
1.4255e-06,0.048807,0.053308
1.5612e-06,0.048758,0.05329
1.6971e-06,0.04871,0.053273
1.8328e-06,0.048664,0.053256
1.9677e-06,0.04862,0.05324
2.1012e-06,0.048578,0.053225
2.2327e-06,0.048538,0.053211
2.3616e-06,0.048501,0.053198
2.4872e-06,0.048465,0.053186
2.6087e-06,0.048431,0.053175
2.7257e-06,0.0484,0.053165
2.8372e-06,0.048371,0.053156
2.9427e-06,0.048345,0.053149
3.0413e-06,0.048321,0.053143
3.1324e-06,0.048299,0.053139
3.2152e-06,0.048279,0.053135
3.2889e-06,0.048262,0.053134
3.3529e-06,0.048248,0.053133
3.4063e-06,0.048236,0.053135
3.4484e-06,0.048226,0.053138
3.4785e-06,0.048219,0.053142
3.4959e-06,0.048214,0.053148
3.4998e-06,0.048212,0.053156
3.4897e-06,0.048212,0.053165
3.4648e-06,0.048215,0.053176
3.4245e-06,0.048219,0.053188
3.3682e-06,0.048226,0.053202
3.2954e-06,0.048235,0.053217
3.2055e-06,0.048247,0.053234
3.098e-06,0.04826,0.053252
2.9726e-06,0.048276,0.053271
2.8288e-06,0.048294,0.053292
2.6664e-06,0.048313,0.053314
2.485e-06,0.048334,0.053337
2.2845e-06,0.048358,0.053362
2.0647e-06,0.048382,0.053387
1.8256e-06,0.048409,0.053413
1.5673e-06,0.048437,0.05344
1.2897e-06,0.048466,0.053467
9.9314e-07,0.048497,0.053496
6.7787e-07,0.048529,0.053525
3.4423e-07,0.048562,0.053554
-7.3024e-09,0.048596,0.053584
-3.7617e-07,0.048631,0.053613
-7.6173e-07,0.048667,0.053644
-1.1632e-06,0.048704,0.053674
-1.5797e-06,0.048741,0.053704
-2.0104e-06,0.048779,0.053734
-2.454e-06,0.048817,0.053763
-2.9094e-06,0.048855,0.053793
-3.3754e-06,0.048893,0.053822
-3.8505e-06,0.048932,0.05385
-4.3332e-06,0.04897,0.053878
-4.8218e-06,0.049009,0.053905
-5.3147e-06,0.049047,0.053931
-5.8099e-06,0.049084,0.053956
-6.3055e-06,0.049121,0.053981
-6.7996e-06,0.049158,0.054004
-7.2898e-06,0.049194,0.054026
-7.7739e-06,0.049229,0.054047
-8.2496e-06,0.049264,0.054067
-8.7145e-06,0.049297,0.054086
-9.1659e-06,0.04933,0.054103
-9.6014e-06,0.049361,0.054118
-1.0018e-05,0.049391,0.054133
-1.0413e-05,0.04942,0.054145
-1.0785e-05,0.049448,0.054157
-1.1128e-05,0.049474,0.054166
-1.1442e-05,0.049499,0.054174
-1.1723e-05,0.049522,0.054181
-1.1968e-05,0.049544,0.054185
-1.2174e-05,0.049564,0.054188
-1.2338e-05,0.049583,0.054189
-1.2457e-05,0.049599,0.054189
-1.2528e-05,0.049614,0.054187
-1.2548e-05,0.049628,0.054183
-1.2514e-05,0.049639,0.054177
-1.2423e-05,0.049648,0.05417
-1.2273e-05,0.049656,0.054161
-1.2061e-05,0.049661,0.05415
-1.1783e-05,0.049665,0.054138
-1.1438e-05,0.049666,0.054124
-1.1023e-05,0.049666,0.054108
-1.0536e-05,0.049663,0.054091
-9.9747e-06,0.049659,0.054073
-9.3367e-06,0.049652,0.054053
-8.6205e-06,0.049644,0.054032
-7.8243e-06,0.049633,0.05401
-6.9467e-06,0.049621,0.053986
-5.9864e-06,0.049606,0.053962
-4.9425e-06,0.04959,0.053936
-3.814e-06,0.049571,0.05391
-2.6006e-06,0.049551,0.053883
-1.3019e-06,0.049528,0.053855
8.2247e-08,0.049504,0.053827
1.5514e-06,0.049477,0.053799
3.1051e-06,0.049449,0.05377
4.7425e-06,0.049419,0.053741
6.4625e-06,0.049387,0.053712
8.2635e-06,0.049354,0.053684
1.0144e-05,0.049318,0.053656
1.2101e-05,0.049281,0.053629
1.4134e-05,0.049243,0.053602
1.6238e-05,0.049202,0.053576
1.8411e-05,0.04916,0.053551
2.065e-05,0.049117,0.053528
2.295e-05,0.049072,0.053506
2.5308e-05,0.049025,0.053485
2.772e-05,0.048978,0.053467
3.018e-05,0.048928,0.05345
3.2683e-05,0.048878,0.053435
3.5225e-05,0.048826,0.053423
3.78e-05,0.048773,0.053413
4.0401e-05,0.048719,0.053405
4.3023e-05,0.048664,0.053401
4.566e-05,0.048608,0.053399
4.8304e-05,0.048551,0.0534
5.0949e-05,0.048493,0.053404
5.3588e-05,0.048434,0.053412
5.6214e-05,0.048375,0.053422
5.882e-05,0.048315,0.053436
6.1398e-05,0.048254,0.053454
6.394e-05,0.048192,0.053474
6.6441e-05,0.048131,0.053499
6.8891e-05,0.048069,0.053527
7.1283e-05,0.048006,0.053558
7.3611e-05,0.047943,0.053593
7.5865e-05,0.047881,0.053631
7.8041e-05,0.047818,0.053673
8.0129e-05,0.047755,0.053718
8.2124e-05,0.047692,0.053767
8.4018e-05,0.047629,0.053819
8.5806e-05,0.047566,0.053874
8.748e-05,0.047504,0.053932
8.9036e-05,0.047442,0.053993
9.0467e-05,0.047381,0.054057
9.1769e-05,0.04732,0.054123
9.2937e-05,0.047259,0.054192
9.3966e-05,0.047199,0.054264
9.4854e-05,0.04714,0.054337
9.5596e-05,0.047082,0.054412
9.6189e-05,0.047024,0.054489
9.6633e-05,0.046968,0.054568
9.6924e-05,0.046912,0.054648
9.7063e-05,0.046857,0.054729
9.7047e-05,0.046803,0.05481
9.6878e-05,0.04675,0.054893
9.6556e-05,0.046698,0.054975
9.6082e-05,0.046648,0.055058
9.5457e-05,0.046598,0.055141
9.4685e-05,0.04655,0.055224
9.3767e-05,0.046502,0.055306
9.2708e-05,0.046457,0.055387
9.1511e-05,0.046412,0.055467
9.018e-05,0.046368,0.055546
8.872e-05,0.046326,0.055623
8.7137e-05,0.046286,0.055699
8.5435e-05,0.046246,0.055773
8.3621e-05,0.046208,0.055845
8.1701e-05,0.046172,0.055914
7.9682e-05,0.046137,0.055981
7.757e-05,0.046103,0.056046
7.5373e-05,0.04607,0.056107
7.3096e-05,0.04604,0.056166
7.0749e-05,0.04601,0.056222
6.8338e-05,0.045982,0.056274
6.5871e-05,0.045956,0.056323
6.3355e-05,0.045931,0.056369
6.0798e-05,0.045908,0.056411
5.8207e-05,0.045886,0.056449
5.559e-05,0.045866,0.056484
5.2954e-05,0.045847,0.056515
5.0306e-05,0.045831,0.056543
4.7654e-05,0.045815,0.056566
4.5005e-05,0.045802,0.056586
4.2365e-05,0.04579,0.056602
3.9741e-05,0.04578,0.056614
3.7139e-05,0.045771,0.056623
3.4565e-05,0.045764,0.056628
3.2025e-05,0.045759,0.056629
2.9525e-05,0.045756,0.056626
2.707e-05,0.045754,0.056621
2.4665e-05,0.045754,0.056611
2.2315e-05,0.045756,0.056599
2.0023e-05,0.04576,0.056583
1.7795e-05,0.045765,0.056564
1.5633e-05,0.045772,0.056542
1.3541e-05,0.045781,0.056518
1.1522e-05,0.045791,0.05649
9.5786e-06,0.045803,0.05646
7.7134e-06,0.045817,0.056428
5.9283e-06,0.045832,0.056393
4.2251e-06,0.045849,0.056357
2.605e-06,0.045867,0.056318
1.0692e-06,0.045886,0.056277
-3.8155e-07,0.045907,0.056235
-1.7467e-06,0.04593,0.056192
-3.0262e-06,0.045953,0.056147
-4.2201e-06,0.045978,0.056101
-5.3286e-06,0.046004,0.056054
-6.3525e-06,0.046031,0.056007
-7.2927e-06,0.046058,0.055959
-8.1501e-06,0.046087,0.05591
-8.9261e-06,0.046116,0.055861
-9.6223e-06,0.046147,0.055812
-1.024e-05,0.046177,0.055763
-1.0782e-05,0.046208,0.055714
-1.125e-05,0.04624,0.055666
-1.1645e-05,0.046272,0.055617
-1.1971e-05,0.046303,0.05557
-1.223e-05,0.046336,0.055523
-1.2424e-05,0.046368,0.055477
-1.2557e-05,0.0464,0.055432
-1.263e-05,0.046431,0.055388
-1.2647e-05,0.046463,0.055345
-1.2611e-05,0.046494,0.055303
-1.2525e-05,0.046525,0.055262
-1.2391e-05,0.046555,0.055223
-1.2213e-05,0.046584,0.055186
-1.1993e-05,0.046613,0.055149
-1.1735e-05,0.046641,0.055115
-1.1442e-05,0.046669,0.055082
-1.1116e-05,0.046695,0.05505
-1.0761e-05,0.046721,0.05502
-1.038e-05,0.046745,0.054992
-9.9751e-06,0.046769,0.054965
-9.5494e-06,0.046792,0.05494
-9.1057e-06,0.046814,0.054917
-8.6467e-06,0.046834,0.054896
-8.1749e-06,0.046854,0.054876
-7.693e-06,0.046873,0.054857
-7.2033e-06,0.046891,0.054841
-6.7081e-06,0.046908,0.054825
-6.2098e-06,0.046924,0.054812
-5.7105e-06,0.046939,0.054799
-5.2122e-06,0.046953,0.054788
-4.7168e-06,0.046966,0.054779
-4.2262e-06,0.046979,0.05477
-3.7421e-06,0.046991,0.054763
-3.2661e-06,0.047002,0.054757
-2.7997e-06,0.047012,0.054752
-2.3443e-06,0.047022,0.054748
-1.9011e-06,0.047032,0.054745
-1.4714e-06,0.047041,0.054743
-1.0561e-06,0.047049,0.054741
-6.5631e-07,0.047058,0.05474
-2.7275e-07,0.047066,0.054739
9.3809e-08,0.047074,0.054739
4.4274e-07,0.047082,0.05474
7.735e-07,0.04709,0.05474
1.0857e-06,0.047098,0.054741
1.3789e-06,0.047106,0.054741
1.6529e-06,0.047114,0.054742
1.9076e-06,0.047122,0.054742
2.1428e-06,0.04713,0.054742
2.3586e-06,0.047139,0.054742
2.555e-06,0.047148,0.054742
2.7323e-06,0.047158,0.05474
2.8905e-06,0.047168,0.054739
3.03e-06,0.047178,0.054737
3.1511e-06,0.047189,0.054734
3.2543e-06,0.0472,0.05473
3.3399e-06,0.047212,0.054725
3.4085e-06,0.047224,0.05472
3.4605e-06,0.047237,0.054713
3.4967e-06,0.04725,0.054706
3.5175e-06,0.047264,0.054697
3.5237e-06,0.047278,0.054688
3.5158e-06,0.047293,0.054677
3.4946e-06,0.047308,0.054665
3.4608e-06,0.047324,0.054653
3.4151e-06,0.04734,0.054639
3.3583e-06,0.047356,0.054623
3.2911e-06,0.047373,0.054607
3.2142e-06,0.04739,0.05459
3.1285e-06,0.047407,0.054571
3.0345e-06,0.047425,0.054551
2.9332e-06,0.047442,0.054531
2.8253e-06,0.04746,0.054509
2.7114e-06,0.047478,0.054486
2.5923e-06,0.047496,0.054463
2.4687e-06,0.047514,0.054438
2.3413e-06,0.047532,0.054413
2.2107e-06,0.047549,0.054387
2.0777e-06,0.047567,0.05436
1.9429e-06,0.047584,0.054332
1.8068e-06,0.047601,0.054304
1.67e-06,0.047617,0.054275
1.5332e-06,0.047633,0.054246
1.3968e-06,0.047649,0.054217
1.2613e-06,0.047664,0.054187
1.1273e-06,0.047678,0.054157
9.9521e-07,0.047692,0.054128
8.654e-07,0.047706,0.054098
7.3828e-07,0.047718,0.054068
6.1424e-07,0.04773,0.054038
4.936e-07,0.047741,0.054008
3.7667e-07,0.047752,0.053979
2.6374e-07,0.047761,0.05395
1.5504e-07,0.04777,0.053922
5.0813e-08,0.047778,0.053894
-4.876e-08,0.047785,0.053867
-1.4351e-07,0.047792,0.05384
-2.3329e-07,0.047797,0.053815
-3.1799e-07,0.047802,0.05379
-3.9753e-07,0.047806,0.053766
-4.7182e-07,0.047809,0.053743
-5.4084e-07,0.047811,0.053721
-6.0457e-07,0.047813,0.0537
-6.6299e-07,0.047814,0.053681
-7.1615e-07,0.047814,0.053662
-7.6406e-07,0.047813,0.053645
-8.0681e-07,0.047812,0.053629
-8.4446e-07,0.04781,0.053615
-8.7711e-07,0.047807,0.053602
-9.0486e-07,0.047804,0.05359
-9.2784e-07,0.047801,0.05358
-9.4618e-07,0.047797,0.053571
-9.6003e-07,0.047793,0.053564
-9.6954e-07,0.047789,0.053558
-9.7488e-07,0.047784,0.053554
-9.7622e-07,0.047779,0.053551
-9.7375e-07,0.047774,0.05355
-9.6765e-07,0.047769,0.05355
-9.5812e-07,0.047764,0.053552
-9.4536e-07,0.04776,0.053556
-9.2955e-07,0.047756,0.053561
-9.1092e-07,0.047751,0.053568
-8.8965e-07,0.047748,0.053576
-8.6597e-07,0.047745,0.053586
-8.4006e-07,0.047742,0.053597
-8.1214e-07,0.047741,0.05361
-7.824e-07,0.04774,0.053624
-7.5105e-07,0.04774,0.05364
-7.1828e-07,0.047741,0.053657
-6.8428e-07,0.047743,0.053676
-6.4925e-07,0.047746,0.053696
-6.1336e-07,0.047751,0.053717
-5.768e-07,0.047757,0.053739
-5.3973e-07,0.047764,0.053762
-5.0233e-07,0.047773,0.053787
-4.6474e-07,0.047784,0.053813
-4.2714e-07,0.047797,0.053839
-3.8965e-07,0.047811,0.053867
-3.5242e-07,0.047827,0.053895
-3.1559e-07,0.047845,0.053925
-2.7927e-07,0.047865,0.053955
-2.4357e-07,0.047888,0.053985
-2.0862e-07,0.047912,0.054017
-1.745e-07,0.047939,0.054048
-1.4132e-07,0.047967,0.054081
-1.0915e-07,0.047998,0.054113
-7.8064e-08,0.048032,0.054146
-4.8141e-08,0.048067,0.054179
-1.9438e-08,0.048105,0.054213
7.9928e-09,0.048145,0.054246
3.4105e-08,0.048187,0.054279
5.8859e-08,0.048232,0.054313
8.2224e-08,0.048278,0.054346
1.0418e-07,0.048327,0.054379
1.2469e-07,0.048378,0.054411
1.4377e-07,0.04843,0.054444
1.614e-07,0.048485,0.054475
1.7757e-07,0.048542,0.054507
1.923e-07,0.0486,0.054537
2.056e-07,0.04866,0.054567
2.1749e-07,0.048722,0.054597
2.2797e-07,0.048784,0.054625
2.3709e-07,0.048849,0.054653
2.4486e-07,0.048914,0.05468
2.5133e-07,0.048981,0.054706
2.5652e-07,0.049048,0.054731
2.6049e-07,0.049116,0.054755
2.6326e-07,0.049185,0.054777
2.6488e-07,0.049254,0.054799
2.6541e-07,0.049323,0.054819
2.649e-07,0.049393,0.054838
2.6338e-07,0.049462,0.054855
2.6092e-07,0.049531,0.054871
2.5757e-07,0.0496,0.054886
2.5339e-07,0.049668,0.054899
2.4842e-07,0.049735,0.05491
2.4274e-07,0.049802,0.05492
2.3638e-07,0.049867,0.054929
2.2941e-07,0.049931,0.054935
2.2188e-07,0.049994,0.05494
2.1385e-07,0.050054,0.054943
2.0538e-07,0.050113,0.054944
1.9651e-07,0.05017,0.054944
1.873e-07,0.050225,0.054941
1.778e-07,0.050278,0.054937
1.6806e-07,0.050327,0.054931
1.5813e-07,0.050375,0.054923
1.4805e-07,0.050419,0.054913
1.3788e-07,0.050461,0.054901
1.2766e-07,0.050499,0.054887
1.1742e-07,0.050534,0.054871
1.0721e-07,0.050566,0.054853
9.7068e-08,0.050594,0.054834
8.7026e-08,0.050619,0.054812
7.712e-08,0.05064,0.054789
6.7382e-08,0.050657,0.054764
5.7842e-08,0.050671,0.054738
4.8526e-08,0.05068,0.054709
3.946e-08,0.050685,0.054679
3.0668e-08,0.050687,0.054647
2.217e-08,0.050684,0.054614
1.3986e-08,0.050677,0.05458
6.1314e-09,0.050666,0.054544
-1.378e-09,0.050651,0.054506
-8.5296e-09,0.050631,0.054468
-1.5313e-08,0.050608,0.054428
-2.1719e-08,0.05058,0.054388
-2.774e-08,0.050549,0.054347
-3.3372e-08,0.050513,0.054304
-3.8612e-08,0.050473,0.054262
-4.3456e-08,0.05043,0.054218
-4.7906e-08,0.050383,0.054175
-5.1962e-08,0.050332,0.054131
-5.5628e-08,0.050277,0.054087
-5.8907e-08,0.050219,0.054043
-6.1806e-08,0.050158,0.053999
-6.433e-08,0.050094,0.053955
-6.6488e-08,0.050027,0.053912
-6.8288e-08,0.049956,0.05387
-6.9741e-08,0.049884,0.053828
-7.0857e-08,0.049808,0.053788
-7.1647e-08,0.049731,0.053748
-7.2124e-08,0.049651,0.05371
-7.2301e-08,0.049569,0.053673
-7.2191e-08,0.049486,0.053637
-7.1808e-08,0.049401,0.053604
-7.1166e-08,0.049314,0.053572
-7.028e-08,0.049227,0.053542
-6.9164e-08,0.049138,0.053514
-6.7834e-08,0.049049,0.053488
-6.6306e-08,0.048959,0.053465
-6.4593e-08,0.048869,0.053444
-6.2712e-08,0.048779,0.053425
-6.0677e-08,0.048689,0.05341
-5.8504e-08,0.048599,0.053397
-5.6207e-08,0.048509,0.053386
-5.3802e-08,0.04842,0.053379
-5.1301e-08,0.048331,0.053375
-4.8721e-08,0.048243,0.053373
-4.6073e-08,0.048157,0.053375
-4.3372e-08,0.048071,0.05338
-4.0631e-08,0.047987,0.053388
-3.7861e-08,0.047904,0.053399
-3.5075e-08,0.047823,0.053413
-3.2285e-08,0.047743,0.05343
-2.9501e-08,0.047665,0.05345
-2.6734e-08,0.047589,0.053473
-2.3993e-08,0.047515,0.053499
-2.1289e-08,0.047442,0.053528
-1.8629e-08,0.047372,0.05356
-1.6021e-08,0.047303,0.053594
-1.3475e-08,0.047237,0.053632
-1.0995e-08,0.047173,0.053671
-8.5893e-09,0.04711,0.053713
-6.2631e-09,0.047051,0.053758
-4.0216e-09,0.046993,0.053805
-1.8696e-09,0.046937,0.053854
1.8888e-10,0.046884,0.053904
2.1503e-09,0.046833,0.053957
4.0117e-09,0.046784,0.054011
5.7705e-09,0.046737,0.054067
7.4249e-09,0.046692,0.054124
8.9732e-09,0.046649,0.054182
1.0415e-08,0.046609,0.054241
1.1748e-08,0.046571,0.054301
1.2975e-08,0.046535,0.054362
1.4094e-08,0.046501,0.054423
1.5106e-08,0.046469,0.054484
1.6013e-08,0.046439,0.054546
1.6816e-08,0.046411,0.054608
1.7516e-08,0.046385,0.054669
1.8117e-08,0.046361,0.05473
1.8619e-08,0.04634,0.054791
1.9027e-08,0.04632,0.054851
1.9342e-08,0.046302,0.05491
1.9567e-08,0.046287,0.054968
1.9707e-08,0.046273,0.055025
1.9765e-08,0.046262,0.055081
1.9744e-08,0.046252,0.055135
1.9647e-08,0.046245,0.055188
1.948e-08,0.04624,0.055239
1.9245e-08,0.046237,0.055289
1.8947e-08,0.046236,0.055336
1.859e-08,0.046237,0.055381
1.8178e-08,0.046241,0.055424
1.7715e-08,0.046246,0.055465
1.7205e-08,0.046254,0.055503
1.6653e-08,0.046265,0.055539
1.6062e-08,0.046277,0.055573
1.5437e-08,0.046292,0.055603
1.4781e-08,0.04631,0.055631
1.4099e-08,0.04633,0.055657
1.3394e-08,0.046352,0.055679
1.267e-08,0.046377,0.055699
1.1931e-08,0.046404,0.055715
1.118e-08,0.046434,0.055729
1.042e-08,0.046467,0.05574
9.6555e-09,0.046502,0.055747
8.889e-09,0.046539,0.055752
8.1234e-09,0.04658,0.055754
7.3618e-09,0.046623,0.055753
6.6069e-09,0.046668,0.055749
5.8611e-09,0.046716,0.055742
5.1269e-09,0.046767,0.055732
4.4066e-09,0.04682,0.05572
3.7022e-09,0.046876,0.055704
3.0158e-09,0.046934,0.055686
2.349e-09,0.046995,0.055666
1.7035e-09,0.047058,0.055643
1.0808e-09,0.047124,0.055618
4.822e-10,0.047192,0.05559
-9.1168e-11,0.047262,0.05556
-6.3827e-10,0.047334,0.055528
-1.1582e-09,0.047408,0.055494
-1.6503e-09,0.047484,0.055459
-2.114e-09,0.047561,0.055421
-2.5487e-09,0.047641,0.055382
-2.9542e-09,0.047722,0.055341
-3.3303e-09,0.047804,0.055299
-3.6768e-09,0.047887,0.055256
-3.9938e-09,0.047972,0.055212
-4.2815e-09,0.048057,0.055167
-4.54e-09,0.048144,0.055121
-4.7697e-09,0.04823,0.055074
-4.971e-09,0.048317,0.055026
-5.1444e-09,0.048405,0.054979
-5.2906e-09,0.048492,0.054931
-5.4101e-09,0.048579,0.054882
-5.5037e-09,0.048665,0.054834
-5.5722e-09,0.048751,0.054786
-5.6164e-09,0.048836,0.054737
-5.6372e-09,0.04892,0.05469
-5.6355e-09,0.049002,0.054642
-5.6123e-09,0.049083,0.054595
-5.5686e-09,0.049162,0.054548
-5.5055e-09,0.049238,0.054502
-5.4239e-09,0.049313,0.054457
-5.3249e-09,0.049385,0.054413
-5.2097e-09,0.049454,0.054369
-5.0793e-09,0.049521,0.054326
-4.9348e-09,0.049584,0.054285
-4.7772e-09,0.049644,0.054244
-4.6078e-09,0.049701,0.054204
-4.4275e-09,0.049753,0.054166
-4.2374e-09,0.049802,0.054129
-4.0386e-09,0.049847,0.054092
-3.832e-09,0.049888,0.054058
-3.6189e-09,0.049925,0.054024
-3.4e-09,0.049957,0.053991
-3.1764e-09,0.049984,0.05396
-2.949e-09,0.050008,0.05393
-2.7188e-09,0.050026,0.053902
-2.4866e-09,0.05004,0.053875
-2.2533e-09,0.050049,0.053849
-2.0197e-09,0.050053,0.053824
-1.7865e-09,0.050053,0.053801
-1.5546e-09,0.050048,0.053779
-1.3246e-09,0.050038,0.053759
-1.0973e-09,0.050023,0.05374
-8.7324e-10,0.050004,0.053723
-6.5308e-10,0.049981,0.053707
-4.3739e-10,0.049953,0.053692
-2.267e-10,0.049921,0.053679
-2.1532e-11,0.049884,0.053667
1.7765e-10,0.049844,0.053657
3.7042e-10,0.0498,0.053649
5.5635e-10,0.049752,0.053642
7.3508e-10,0.0497,0.053637
9.0627e-10,0.049645,0.053633
1.0696e-09,0.049588,0.053631
1.2248e-09,0.049527,0.053631
1.3716e-09,0.049463,0.053633
1.5098e-09,0.049398,0.053636
1.6392e-09,0.04933,0.053641
1.7597e-09,0.04926,0.053648
1.871e-09,0.049188,0.053657
1.973e-09,0.049115,0.053668
2.0657e-09,0.049041,0.053681
2.149e-09,0.048966,0.053696
2.2228e-09,0.04889,0.053713
2.287e-09,0.048814,0.053731
2.3417e-09,0.048738,0.053752
2.3869e-09,0.048661,0.053775
2.4225e-09,0.048586,0.0538
2.4486e-09,0.048511,0.053827
2.4653e-09,0.048436,0.053856
2.4725e-09,0.048363,0.053887
2.4704e-09,0.048292,0.053919
2.4591e-09,0.048222,0.053954
2.4386e-09,0.048153,0.05399
2.4092e-09,0.048087,0.054029
2.3708e-09,0.048023,0.054069
2.3236e-09,0.047962,0.054111
2.2678e-09,0.047903,0.054154
2.2036e-09,0.047847,0.054199
2.1311e-09,0.047793,0.054245
2.0505e-09,0.047743,0.054292
1.962e-09,0.047696,0.054341
1.8659e-09,0.047653,0.054391
1.7622e-09,0.047612,0.054441
1.6514e-09,0.047576,0.054493
1.5335e-09,0.047543,0.054545
1.409e-09,0.047514,0.054598
1.278e-09,0.047488,0.054651
1.1408e-09,0.047466,0.054704
9.9782e-10,0.047448,0.054758
8.4928e-10,0.047434,0.054812
6.9554e-10,0.047424,0.054866
5.3694e-10,0.047418,0.054919
3.7387e-10,0.047415,0.054972
2.0669e-10,0.047416,0.055025
3.5802e-11,0.047421,0.055077
-1.3837e-10,0.04743,0.055129
-3.1539e-10,0.047442,0.05518
-4.9482e-10,0.047457,0.05523
-6.7617e-10,0.047477,0.055278
-8.5897e-10,0.047499,0.055326
-1.0427e-09,0.047524,0.055373
-1.2268e-09,0.047553,0.055419
-1.4108e-09,0.047584,0.055463
-1.5941e-09,0.047619,0.055506
-1.7761e-09,0.047656,0.055547
-1.9562e-09,0.047695,0.055587
-2.1338e-09,0.047737,0.055625
-2.3083e-09,0.04778,0.055662
-2.479e-09,0.047826,0.055697
-2.6452e-09,0.047874,0.055731
-2.8064e-09,0.047923,0.055763
-2.9617e-09,0.047973,0.055794
-3.1105e-09,0.048025,0.055822
-3.2521e-09,0.048077,0.05585
-3.3857e-09,0.048131,0.055875
-3.5107e-09,0.048185,0.055899
-3.6262e-09,0.048239,0.055921
-3.7316e-09,0.048294,0.055942
-3.8262e-09,0.048348,0.055961
-3.9092e-09,0.048403,0.055978
-3.9798e-09,0.048457,0.055994
-4.0375e-09,0.04851,0.056008
-4.0814e-09,0.048563,0.056021
-4.1108e-09,0.048614,0.056032
-4.1252e-09,0.048665,0.056042
-4.1238e-09,0.048714,0.05605
-4.106e-09,0.048762,0.056057
-4.0712e-09,0.048808,0.056063
-4.0189e-09,0.048852,0.056067
-3.9484e-09,0.048895,0.05607
-3.8594e-09,0.048935,0.056071
-3.7513e-09,0.048973,0.056071
-3.6237e-09,0.049009,0.05607
-3.4763e-09,0.049042,0.056068
-3.3088e-09,0.049073,0.056065
-3.1209e-09,0.0491,0.05606
-2.9124e-09,0.049126,0.056054
-2.6832e-09,0.049148,0.056047
-2.4333e-09,0.049167,0.05604
-2.1627e-09,0.049183,0.05603
-1.8715e-09,0.049197,0.05602
-1.5599e-09,0.049207,0.056009
-1.2281e-09,0.049214,0.055997
-8.7651e-10,0.049217,0.055984
-5.0559e-10,0.049218,0.05597
-1.1587e-10,0.049215,0.055956
2.9202e-10,0.049209,0.05594
7.1733e-10,0.0492,0.055924
1.1592e-09,0.049188,0.055907
1.6167e-09,0.049173,0.055889
2.0888e-09,0.049155,0.05587
2.5743e-09,0.049134,0.055851
3.072e-09,0.049109,0.055832
3.5805e-09,0.049082,0.055811
4.0982e-09,0.049052,0.055791
4.6237e-09,0.04902,0.05577
5.1552e-09,0.048985,0.055748
5.6909e-09,0.048947,0.055727
6.2289e-09,0.048908,0.055705
6.7672e-09,0.048865,0.055683
7.3037e-09,0.048821,0.055661
7.8362e-09,0.048775,0.055639
8.3624e-09,0.048727,0.055617
8.8799e-09,0.048678,0.055596
9.3863e-09,0.048627,0.055574
9.879e-09,0.048575,0.055553
1.0355e-08,0.048521,0.055533
1.0813e-08,0.048467,0.055513
1.1249e-08,0.048411,0.055493
1.166e-08,0.048355,0.055475
1.2044e-08,0.048299,0.055457
1.2398e-08,0.048242,0.05544
1.2719e-08,0.048184,0.055424
1.3004e-08,0.048127,0.055408
1.325e-08,0.04807,0.055394
1.3455e-08,0.048013,0.055382
1.3615e-08,0.047956,0.05537
1.3729e-08,0.047899,0.05536
1.3792e-08,0.047844,0.055351
1.3803e-08,0.047788,0.055344
1.3758e-08,0.047734,0.055338
1.3656e-08,0.047681,0.055333
1.3494e-08,0.047628,0.055331
1.3269e-08,0.047577,0.05533
1.298e-08,0.047526,0.05533
1.2624e-08,0.047477,0.055332
1.22e-08,0.047429,0.055336
1.1707e-08,0.047382,0.055342
1.1142e-08,0.047337,0.05535
1.0504e-08,0.047292,0.055359
9.7927e-09,0.04725,0.05537
9.0073e-09,0.047208,0.055383
8.1472e-09,0.047168,0.055397
7.2121e-09,0.047129,0.055413
6.2022e-09,0.047091,0.055431
5.118e-09,0.047055,0.055451
3.96e-09,0.04702,0.055472
2.7295e-09,0.046986,0.055494
1.4277e-09,0.046953,0.055518
5.6465e-11,0.046922,0.055543
-1.3821e-09,0.046891,0.05557
-2.8855e-09,0.046862,0.055598
-4.4509e-09,0.046834,0.055627
-6.075e-09,0.046806,0.055658
-7.7541e-09,0.04678,0.055689
-9.4841e-09,0.046754,0.055721
-1.1261e-08,0.046729,0.055754
-1.3079e-08,0.046705,0.055788
-1.4933e-08,0.046682,0.055823
-1.6818e-08,0.046659,0.055858
-1.8727e-08,0.046637,0.055893
-2.0655e-08,0.046616,0.055929
-2.2593e-08,0.046595,0.055965
-2.4536e-08,0.046574,0.056002
-2.6474e-08,0.046554,0.056038
-2.8401e-08,0.046534,0.056075
-3.0307e-08,0.046515,0.056111
-3.2185e-08,0.046496,0.056148
-3.4025e-08,0.046477,0.056184
-3.5817e-08,0.046458,0.056219
-3.7553e-08,0.04644,0.056254
-3.9222e-08,0.046421,0.056289
-4.0815e-08,0.046403,0.056323
-4.2321e-08,0.046385,0.056357
-4.3729e-08,0.046367,0.05639
-4.5031e-08,0.046349,0.056422
-4.6214e-08,0.046331,0.056454
-4.7268e-08,0.046313,0.056484
-4.8183e-08,0.046296,0.056514
-4.8949e-08,0.046278,0.056543
-4.9554e-08,0.04626,0.056571
-4.9988e-08,0.046242,0.056599
-5.0242e-08,0.046224,0.056625
-5.0305e-08,0.046206,0.05665
-5.0168e-08,0.046189,0.056675
-4.9821e-08,0.046171,0.056698
-4.9255e-08,0.046153,0.056721
-4.8463e-08,0.046135,0.056743
-4.7436e-08,0.046118,0.056764
-4.6166e-08,0.0461,0.056784
-4.4647e-08,0.046083,0.056803
-4.2873e-08,0.046066,0.056821
-4.0839e-08,0.046049,0.056839
-3.8539e-08,0.046032,0.056856
-3.5969e-08,0.046015,0.056872
-3.3129e-08,0.045998,0.056888
-3.0014e-08,0.045982,0.056903
-2.6625e-08,0.045967,0.056917
-2.2961e-08,0.045951,0.056931
-1.9024e-08,0.045936,0.056944
-1.4816e-08,0.045921,0.056957
-1.0341e-08,0.045907,0.05697
-5.6046e-09,0.045894,0.056982
-6.12e-10,0.045881,0.056993
4.6289e-09,0.045868,0.057005
1.0109e-08,0.045857,0.057016
1.5818e-08,0.045846,0.057027
2.1744e-08,0.045835,0.057038
2.7874e-08,0.045826,0.057048
3.4193e-08,0.045817,0.057059
4.0685e-08,0.04581,0.057069
4.7332e-08,0.045803,0.057079
5.4115e-08,0.045797,0.057088
6.1013e-08,0.045792,0.057098
6.8004e-08,0.045788,0.057107
7.5064e-08,0.045785,0.057117
8.2168e-08,0.045783,0.057126
8.9289e-08,0.045783,0.057134
9.6401e-08,0.045783,0.057143
1.0347e-07,0.045785,0.057151
1.1047e-07,0.045788,0.057159
1.1737e-07,0.045792,0.057166
1.2414e-07,0.045797,0.057173
1.3073e-07,0.045804,0.057179
1.3713e-07,0.045812,0.057185
1.4328e-07,0.045821,0.05719
1.4915e-07,0.045831,0.057195
1.5471e-07,0.045843,0.057199
1.5992e-07,0.045856,0.057202
1.6474e-07,0.04587,0.057204
1.6914e-07,0.045886,0.057205
1.7306e-07,0.045902,0.057205
1.7648e-07,0.04592,0.057204
1.7935e-07,0.04594,0.057202
1.8164e-07,0.04596,0.057199
1.833e-07,0.045982,0.057195
1.8431e-07,0.046005,0.057189
1.8462e-07,0.046029,0.057182
1.842e-07,0.046055,0.057174
1.8301e-07,0.046081,0.057164
1.8103e-07,0.046109,0.057152
1.7822e-07,0.046138,0.05714
1.7454e-07,0.046168,0.057125
1.6998e-07,0.046199,0.057109
1.6451e-07,0.046232,0.057092
1.5811e-07,0.046265,0.057073
1.5075e-07,0.0463,0.057053
1.4241e-07,0.046336,0.057031
1.3309e-07,0.046373,0.057008
1.2278e-07,0.046412,0.056983
1.1146e-07,0.046451,0.056957
9.9126e-08,0.046492,0.056929
8.5788e-08,0.046534,0.056901
7.1446e-08,0.046577,0.056871
5.6109e-08,0.046622,0.05684
3.9789e-08,0.046668,0.056807
2.2505e-08,0.046715,0.056774
4.278e-09,0.046764,0.05674
-1.4864e-08,0.046814,0.056706
-3.4889e-08,0.046865,0.05667
-5.576e-08,0.046918,0.056634
-7.7433e-08,0.046972,0.056598
-9.9862e-08,0.047028,0.056561
-1.2299e-07,0.047085,0.056524
-1.4676e-07,0.047144,0.056487
-1.7111e-07,0.047204,0.05645
-1.9597e-07,0.047266,0.056414
-2.2126e-07,0.047329,0.056377
-2.4691e-07,0.047394,0.056341
-2.7281e-07,0.04746,0.056305
-2.989e-07,0.047528,0.05627
-3.2506e-07,0.047598,0.056236
-3.5119e-07,0.047669,0.056203
-3.772e-07,0.047741,0.05617
-4.0296e-07,0.047815,0.056139
-4.2836e-07,0.04789,0.056108
-4.5328e-07,0.047967,0.056079
-4.776e-07,0.048045,0.056051
-5.0119e-07,0.048125,0.056025
-5.2392e-07,0.048205,0.056
-5.4565e-07,0.048287,0.055976
-5.6625e-07,0.04837,0.055954
-5.8558e-07,0.048454,0.055933
-6.035e-07,0.048539,0.055914
-6.1986e-07,0.048625,0.055896
-6.3452e-07,0.048712,0.05588
-6.4735e-07,0.048799,0.055866
-6.582e-07,0.048887,0.055853
-6.6692e-07,0.048976,0.055841
-6.7338e-07,0.049065,0.055831
-6.7745e-07,0.049154,0.055822
-6.7898e-07,0.049243,0.055815
-6.7785e-07,0.049332,0.055809
-6.7394e-07,0.049421,0.055804
-6.6711e-07,0.04951,0.055801
-6.5726e-07,0.049599,0.055798
-6.4428e-07,0.049687,0.055797
-6.2806e-07,0.049774,0.055796
-6.0851e-07,0.04986,0.055796
-5.8556e-07,0.049946,0.055797
-5.5912e-07,0.05003,0.055799
-5.2913e-07,0.050113,0.055801
-4.9554e-07,0.050195,0.055804
-4.583e-07,0.050275,0.055807
-4.174e-07,0.050354,0.05581
-3.728e-07,0.05043,0.055813
-3.2453e-07,0.050505,0.055817
-2.7258e-07,0.050577,0.05582
-2.17e-07,0.050647,0.055823
-1.5782e-07,0.050715,0.055826
-9.5114e-08,0.05078,0.055829
-2.8958e-08,0.050842,0.055831
4.0547e-08,0.050901,0.055833
1.1328e-07,0.050958,0.055834
1.8912e-07,0.051011,0.055835
2.6789e-07,0.051061,0.055836
3.4942e-07,0.051108,0.055835
4.3353e-07,0.051151,0.055834
5.1998e-07,0.05119,0.055833
6.0856e-07,0.051226,0.055831
6.99e-07,0.051258,0.055828
7.9102e-07,0.051286,0.055824
8.8434e-07,0.05131,0.05582
9.7863e-07,0.05133,0.055816
1.0736e-06,0.051346,0.055811
1.1688e-06,0.051357,0.055805
1.2639e-06,0.051365,0.0558
1.3585e-06,0.051367,0.055794
1.4523e-06,0.051366,0.055787
1.5447e-06,0.05136,0.055781
1.6354e-06,0.051349,0.055775
1.7239e-06,0.051334,0.055769
1.8097e-06,0.051314,0.055763
1.8923e-06,0.05129,0.055757
1.9713e-06,0.051261,0.055752
2.0462e-06,0.051227,0.055747
2.1163e-06,0.051189,0.055744
2.1813e-06,0.051146,0.055741
2.2406e-06,0.051099,0.055739
2.2936e-06,0.051047,0.055738
2.3399e-06,0.050991,0.055739
2.379e-06,0.05093,0.055741
2.4102e-06,0.050865,0.055745
2.4332e-06,0.050796,0.055751
2.4473e-06,0.050722,0.055758
2.4521e-06,0.050645,0.055768
2.4472e-06,0.050563,0.055779
2.432e-06,0.050478,0.055793
2.4061e-06,0.050388,0.055809
2.3691e-06,0.050296,0.055828
2.3206e-06,0.0502,0.055849
2.2602e-06,0.0501,0.055873
2.1876e-06,0.049998,0.0559
2.1025e-06,0.049892,0.055929
2.0046e-06,0.049784,0.055962
1.8936e-06,0.049673,0.055997
1.7694e-06,0.04956,0.056035
1.6318e-06,0.049445,0.056076
1.4807e-06,0.049328,0.05612
1.3161e-06,0.049209,0.056167
1.138e-06,0.049089,0.056217
9.4635e-07,0.048967,0.05627
7.414e-07,0.048845,0.056326
5.2327e-07,0.048721,0.056385
2.9221e-07,0.048598,0.056446
4.8517e-08,0.048473,0.056511
-2.0743e-07,0.048349,0.056577
-4.7518e-07,0.048225,0.056647
-7.5423e-07,0.048101,0.056719
-1.044e-06,0.047978,0.056793
-1.3438e-06,0.047856,0.05687
-1.6529e-06,0.047735,0.056948
-1.9705e-06,0.047615,0.057029
-2.2958e-06,0.047496,0.057111
-2.6276e-06,0.047379,0.057196
-2.9651e-06,0.047265,0.057281
-3.307e-06,0.047152,0.057369
-3.6522e-06,0.047041,0.057457
-3.9995e-06,0.046933,0.057547
-4.3473e-06,0.046828,0.057638
-4.6944e-06,0.046726,0.057729
-5.0393e-06,0.046626,0.057821
-5.3803e-06,0.04653,0.057914
-5.7159e-06,0.046437,0.058007
-6.0443e-06,0.046348,0.0581
-6.3638e-06,0.046262,0.058193
-6.6727e-06,0.046179,0.058286
-6.9689e-06,0.046101,0.058379
-7.2507e-06,0.046027,0.058472
-7.516e-06,0.045956,0.058564
-7.7629e-06,0.04589,0.058655
-7.9893e-06,0.045828,0.058745
-8.1932e-06,0.045771,0.058834
-8.3725e-06,0.045718,0.058922
-8.5252e-06,0.045669,0.059009
-8.6491e-06,0.045625,0.059095
-8.7421e-06,0.045585,0.059179
-8.8022e-06,0.04555,0.059262
-8.8273e-06,0.04552,0.059343
-8.8154e-06,0.045494,0.059423
-8.7643e-06,0.045473,0.0595
-8.6723e-06,0.045456,0.059576
-8.5373e-06,0.045444,0.059649
-8.3575e-06,0.045437,0.059721
-8.1312e-06,0.045434,0.059791
-7.8565e-06,0.045436,0.059858
-7.5319e-06,0.045443,0.059923
-7.156e-06,0.045453,0.059986
-6.7271e-06,0.045469,0.060046
-6.2442e-06,0.045488,0.060104
-5.7059e-06,0.045512,0.06016
-5.1113e-06,0.04554,0.060213
-4.4595e-06,0.045572,0.060264
-3.7497e-06,0.045608,0.060312
-2.9814e-06,0.045647,0.060358
-2.1543e-06,0.045691,0.0604
-1.2679e-06,0.045738,0.060441
-3.2246e-07,0.045788,0.060478
6.82e-07,0.045842,0.060513
1.7451e-06,0.045899,0.060545
2.8662e-06,0.045958,0.060574
4.0446e-06,0.046021,0.060601
5.2792e-06,0.046087,0.060624
6.5688e-06,0.046154,0.060645
7.9119e-06,0.046225,0.060662
9.3069e-06,0.046297,0.060677
1.0752e-05,0.046371,0.060689
1.2245e-05,0.046447,0.060697
1.3783e-05,0.046525,0.060703
1.5364e-05,0.046604,0.060705
1.6985e-05,0.046684,0.060705
1.8642e-05,0.046766,0.060701
2.0334e-05,0.046848,0.060694
2.2055e-05,0.046931,0.060684
2.3803e-05,0.047014,0.06067
2.5573e-05,0.047097,0.060653
2.7362e-05,0.047181,0.060633
2.9165e-05,0.047264,0.06061
3.0977e-05,0.047347,0.060583
3.2795e-05,0.04743,0.060553
3.4612e-05,0.047512,0.06052
3.6425e-05,0.047592,0.060483
3.8229e-05,0.047672,0.060443
4.0018e-05,0.047751,0.0604
4.1787e-05,0.047828,0.060353
4.353e-05,0.047904,0.060303
4.5244e-05,0.047978,0.06025
4.6922e-05,0.04805,0.060193
4.8559e-05,0.04812,0.060133
5.015e-05,0.048188,0.060071
5.169e-05,0.048253,0.060005
5.3173e-05,0.048317,0.059936
5.4595e-05,0.048377,0.059864
5.5951e-05,0.048435,0.059789
5.7237e-05,0.04849,0.059711
5.8447e-05,0.048543,0.05963
5.9577e-05,0.048592,0.059547
6.0624e-05,0.048639,0.059461
6.1583e-05,0.048682,0.059373
6.2451e-05,0.048723,0.059283
6.3225e-05,0.04876,0.05919
6.3902e-05,0.048794,0.059095
6.4479e-05,0.048825,0.058998
6.4955e-05,0.048852,0.0589
6.5327e-05,0.048876,0.058799
6.5594e-05,0.048897,0.058698
6.5755e-05,0.048915,0.058594
6.5809e-05,0.048929,0.05849
6.5757e-05,0.04894,0.058385
6.5598e-05,0.048947,0.058278
6.5334e-05,0.048952,0.058171
6.4965e-05,0.048953,0.058064
6.4493e-05,0.048951,0.057956
6.392e-05,0.048945,0.057848
6.3248e-05,0.048937,0.05774
6.248e-05,0.048925,0.057632
6.1618e-05,0.048911,0.057524
6.0667e-05,0.048893,0.057417
5.9629e-05,0.048873,0.057311
5.8509e-05,0.04885,0.057206
5.731e-05,0.048824,0.057102
5.6037e-05,0.048795,0.056999
5.4695e-05,0.048763,0.056897
5.3289e-05,0.048729,0.056797
5.1822e-05,0.048693,0.056698
5.0301e-05,0.048654,0.056602
4.873e-05,0.048613,0.056507
4.7115e-05,0.04857,0.056414
4.546e-05,0.048524,0.056324
4.3772e-05,0.048477,0.056236
4.2054e-05,0.048427,0.056151
4.0313e-05,0.048376,0.056068
3.8554e-05,0.048323,0.055987
3.6781e-05,0.048269,0.05591
3.5e-05,0.048213,0.055835
3.3216e-05,0.048155,0.055763
3.1433e-05,0.048097,0.055694
2.9656e-05,0.048037,0.055628
2.7889e-05,0.047976,0.055565
2.6137e-05,0.047915,0.055505
2.4404e-05,0.047852,0.055448
2.2694e-05,0.04779,0.055394
2.1011e-05,0.047726,0.055343
1.9358e-05,0.047662,0.055296
1.7738e-05,0.047598,0.055251
1.6155e-05,0.047534,0.055209
1.4611e-05,0.04747,0.055171
1.3109e-05,0.047406,0.055135
1.1651e-05,0.047343,0.055103
1.024e-05,0.04728,0.055073
8.8774e-06,0.047217,0.055046
7.5646e-06,0.047156,0.055022
6.3033e-06,0.047095,0.055
5.0947e-06,0.047035,0.054981
3.9397e-06,0.046977,0.054965
2.839e-06,0.04692,0.054951
1.7932e-06,0.046864,0.054939
8.026e-07,0.04681,0.054929
-1.3276e-07,0.046758,0.054922
-1.0129e-06,0.046707,0.054917
-1.8382e-06,0.046659,0.054913
-2.6091e-06,0.046613,0.054912
-3.3263e-06,0.046568,0.054912
-3.9905e-06,0.046527,0.054913
-4.6027e-06,0.046487,0.054916
-5.164e-06,0.04645,0.054921
-5.6756e-06,0.046416,0.054927
-6.139e-06,0.046384,0.054933
-6.5556e-06,0.046355,0.054941
-6.927e-06,0.046329,0.05495
-7.2547e-06,0.046306,0.05496
-7.5406e-06,0.046286,0.05497
-7.7865e-06,0.046268,0.054981
-7.9942e-06,0.046254,0.054992
-8.1656e-06,0.046242,0.055004
-8.3026e-06,0.046234,0.055016
-8.4073e-06,0.046228,0.055028
-8.4816e-06,0.046226,0.055041
-8.5274e-06,0.046226,0.055053
-8.5467e-06,0.04623,0.055066
-8.5415e-06,0.046236,0.055078
-8.5137e-06,0.046245,0.055091
-8.4652e-06,0.046257,0.055103
-8.3978e-06,0.046272,0.055114
-8.3133e-06,0.046289,0.055126
-8.2134e-06,0.046309,0.055137
-8.0999e-06,0.046331,0.055148
-7.9744e-06,0.046356,0.055158
-7.8382e-06,0.046383,0.055167
-7.693e-06,0.046413,0.055177
-7.54e-06,0.046444,0.055185
-7.3805e-06,0.046478,0.055193
-7.2156e-06,0.046513,0.055201
-7.0465e-06,0.046551,0.055208
-6.874e-06,0.046589,0.055214
-6.6991e-06,0.04663,0.05522
-6.5225e-06,0.046671,0.055225
-6.3447e-06,0.046714,0.05523
-6.1665e-06,0.046758,0.055234
-5.9881e-06,0.046803,0.055238
-5.8099e-06,0.046849,0.055241
-5.6322e-06,0.046896,0.055244
-5.4549e-06,0.046943,0.055246
-5.2782e-06,0.046991,0.055248
-5.102e-06,0.047038,0.05525
-4.926e-06,0.047086,0.055251
-4.7499e-06,0.047134,0.055253
-4.5735e-06,0.047182,0.055254
-4.3962e-06,0.04723,0.055255
-4.2174e-06,0.047277,0.055256
-4.0367e-06,0.047324,0.055258
-3.8533e-06,0.047371,0.055259
-3.6664e-06,0.047416,0.055261
-3.4753e-06,0.047461,0.055263
-3.279e-06,0.047506,0.055265
-3.0768e-06,0.047549,0.055268
-2.8676e-06,0.047591,0.055271
-2.6504e-06,0.047632,0.055275
-2.4244e-06,0.047671,0.05528
-2.1885e-06,0.04771,0.055286
-1.9416e-06,0.047747,0.055292
-1.6827e-06,0.047782,0.0553
-1.4109e-06,0.047817,0.055308
-1.1252e-06,0.047849,0.055318
-8.2452e-07,0.04788,0.055329
-5.0798e-07,0.04791,0.055341
-1.7467e-07,0.047938,0.055355
1.7626e-07,0.047964,0.05537
5.4562e-07,0.047988,0.055386
9.3414e-07,0.048011,0.055404
1.3425e-06,0.048032,0.055424
1.7713e-06,0.048052,0.055445
2.2211e-06,0.048069,0.055468
2.6923e-06,0.048085,0.055493
3.1852e-06,0.0481,0.055519
3.7001e-06,0.048112,0.055548
4.2371e-06,0.048123,0.055578
4.7962e-06,0.048132,0.05561
5.3774e-06,0.04814,0.055644
5.9804e-06,0.048146,0.055679
6.6049e-06,0.048151,0.055717
7.2506e-06,0.048155,0.055756
7.9167e-06,0.048157,0.055797
8.6027e-06,0.048157,0.05584
9.3076e-06,0.048157,0.055885
1.0031e-05,0.048155,0.055931
1.0771e-05,0.048152,0.055979
1.1526e-05,0.048148,0.056028
1.2296e-05,0.048143,0.056079
1.3079e-05,0.048137,0.056131
1.3874e-05,0.04813,0.056185
1.4678e-05,0.048123,0.056239
1.549e-05,0.048115,0.056295
1.6308e-05,0.048106,0.056352
1.713e-05,0.048097,0.05641
1.7954e-05,0.048087,0.056469
1.8778e-05,0.048077,0.056529
1.9599e-05,0.048067,0.056589
2.0415e-05,0.048056,0.056649
2.1224e-05,0.048046,0.05671
2.2024e-05,0.048035,0.056772
2.2811e-05,0.048024,0.056833
2.3583e-05,0.048013,0.056894
2.4339e-05,0.048002,0.056955
2.5074e-05,0.047991,0.057016
2.5788e-05,0.047981,0.057076
2.6477e-05,0.04797,0.057136
2.7138e-05,0.04796,0.057195
2.777e-05,0.04795,0.057254
2.837e-05,0.04794,0.057311
2.8936e-05,0.04793,0.057367
2.9465e-05,0.047921,0.057422
2.9956e-05,0.047912,0.057476
3.0407e-05,0.047903,0.057529
3.0815e-05,0.047894,0.057579
3.118e-05,0.047886,0.057629
3.1499e-05,0.047878,0.057676
3.1771e-05,0.04787,0.057722
3.1995e-05,0.047863,0.057766
3.217e-05,0.047856,0.057808
3.2294e-05,0.047849,0.057848
3.2369e-05,0.047842,0.057886
3.2392e-05,0.047836,0.057921
3.2364e-05,0.047829,0.057955
3.2285e-05,0.047823,0.057986
3.2155e-05,0.047817,0.058015
3.1974e-05,0.047811,0.058041
3.1743e-05,0.047805,0.058066
3.1462e-05,0.0478,0.058087
3.1134e-05,0.047794,0.058107
3.0758e-05,0.047788,0.058124
3.0336e-05,0.047783,0.058139
2.987e-05,0.047777,0.058152
2.9362e-05,0.047771,0.058162
2.8812e-05,0.047765,0.05817
2.8224e-05,0.047759,0.058176
2.7598e-05,0.047753,0.05818
2.6938e-05,0.047747,0.058182
2.6245e-05,0.047741,0.058182
2.5523e-05,0.047734,0.058179
2.4772e-05,0.047727,0.058175
2.3996e-05,0.04772,0.058169
2.3197e-05,0.047713,0.058161
2.2378e-05,0.047705,0.058152
2.1541e-05,0.047697,0.058141
2.0689e-05,0.047689,0.058129
1.9824e-05,0.04768,0.058115
1.8949e-05,0.047671,0.0581
1.8066e-05,0.047662,0.058083
1.7178e-05,0.047652,0.058066
1.6288e-05,0.047642,0.058047
1.5397e-05,0.047631,0.058028
1.4508e-05,0.04762,0.058007
1.3624e-05,0.047609,0.057986
1.2746e-05,0.047597,0.057964
1.1876e-05,0.047584,0.057941
1.1018e-05,0.047572,0.057918
1.0171e-05,0.047558,0.057894
9.3393e-06,0.047545,0.057869
8.5234e-06,0.047531,0.057845
7.7253e-06,0.047517,0.05782
6.9464e-06,0.047502,0.057795
6.1881e-06,0.047487,0.057769
5.4518e-06,0.047472,0.057743
4.7386e-06,0.047456,0.057718
4.0496e-06,0.047441,0.057692
3.3858e-06,0.047425,0.057666
2.748e-06,0.047409,0.057641
2.137e-06,0.047393,0.057615
1.5533e-06,0.047378,0.05759
9.976e-07,0.047362,0.057564
4.7017e-07,0.047346,0.057539
-2.863e-08,0.047331,0.057515
-4.9861e-07,0.047316,0.05749
-9.3966e-07,0.047302,0.057466
-1.3518e-06,0.047288,0.057442
-1.735e-06,0.047274,0.057419
-2.0896e-06,0.047261,0.057396
-2.4158e-06,0.047249,0.057374
-2.7138e-06,0.047238,0.057352
-2.9842e-06,0.047227,0.057331
-3.2274e-06,0.047218,0.05731
-3.444e-06,0.04721,0.05729
-3.6346e-06,0.047202,0.05727
-3.7998e-06,0.047196,0.057252
-3.9405e-06,0.047191,0.057234
-4.0573e-06,0.047188,0.057217
-4.1511e-06,0.047186,0.057201
-4.2228e-06,0.047185,0.057185
-4.2733e-06,0.047186,0.057171
-4.3035e-06,0.047188,0.057157
-4.3143e-06,0.047192,0.057145
-4.3067e-06,0.047198,0.057133
-4.2818e-06,0.047205,0.057123
-4.2405e-06,0.047214,0.057114
-4.1838e-06,0.047224,0.057105
-4.1129e-06,0.047236,0.057099
-4.0286e-06,0.04725,0.057093
-3.932e-06,0.047266,0.057088
-3.8242e-06,0.047283,0.057085
-3.7061e-06,0.047301,0.057084
-3.5788e-06,0.047322,0.057083
-3.4431e-06,0.047343,0.057084
-3.3002e-06,0.047367,0.057087
-3.1508e-06,0.047392,0.057091
-2.996e-06,0.047418,0.057096
-2.8366e-06,0.047445,0.057103
-2.6735e-06,0.047474,0.057111
-2.5075e-06,0.047504,0.057121
-2.3395e-06,0.047536,0.057132
-2.1701e-06,0.047568,0.057145
-2.0002e-06,0.047601,0.05716
-1.8305e-06,0.047636,0.057176
-1.6615e-06,0.047671,0.057193
-1.494e-06,0.047707,0.057212
-1.3286e-06,0.047743,0.057233
-1.1657e-06,0.047781,0.057254
-1.006e-06,0.047818,0.057278
-8.4981e-07,0.047857,0.057303
-6.9771e-07,0.047896,0.057329
-5.5007e-07,0.047935,0.057356
-4.0724e-07,0.047974,0.057385
-2.6957e-07,0.048014,0.057415
-1.3736e-07,0.048054,0.057446
-1.0847e-08,0.048094,0.057479
1.0972e-07,0.048134,0.057512
2.2417e-07,0.048174,0.057547
3.3233e-07,0.048214,0.057582
4.3408e-07,0.048254,0.057619
5.2932e-07,0.048294,0.057656
6.18e-07,0.048334,0.057694
7.0007e-07,0.048373,0.057733
7.7553e-07,0.048412,0.057773
8.4439e-07,0.048451,0.057813
9.067e-07,0.048489,0.057853
9.6253e-07,0.048528,0.057895
1.012e-06,0.048565,0.057936
1.0551e-06,0.048603,0.057978
1.0921e-06,0.04864,0.05802
1.1231e-06,0.048676,0.058062
1.1482e-06,0.048712,0.058104
1.1677e-06,0.048748,0.058146
1.1817e-06,0.048783,0.058189
1.1905e-06,0.048817,0.058231
1.1941e-06,0.048851,0.058273
1.193e-06,0.048885,0.058315
1.1873e-06,0.048918,0.058357
1.1772e-06,0.04895,0.058399
1.163e-06,0.048981,0.05844
1.1449e-06,0.049012,0.058481
1.1232e-06,0.049043,0.058522
1.0982e-06,0.049072,0.058563
1.0701e-06,0.049101,0.058603
1.0391e-06,0.049129,0.058643
1.0056e-06,0.049157,0.058683
9.6976e-07,0.049183,0.058723
9.3182e-07,0.049209,0.058762
8.9205e-07,0.049233,0.058802
8.507e-07,0.049257,0.058841
8.0799e-07,0.049279,0.05888
7.6416e-07,0.049301,0.058919
7.1944e-07,0.049321,0.058958
6.7403e-07,0.04934,0.058997
6.2816e-07,0.049358,0.059037
5.8203e-07,0.049374,0.059077
5.3582e-07,0.049389,0.059118
4.8972e-07,0.049402,0.059159
4.4391e-07,0.049414,0.0592
3.9855e-07,0.049423,0.059243
3.5379e-07,0.049431,0.059287
3.098e-07,0.049437,0.059331
2.667e-07,0.049441,0.059377
2.2461e-07,0.049442,0.059425
1.8366e-07,0.049441,0.059474
1.4395e-07,0.049437,0.059525
1.0558e-07,0.049431,0.059578
6.864e-08,0.049423,0.059632
3.32e-08,0.049411,0.05969
-6.6922e-10,0.049396,0.059749
-3.291e-08,0.049378,0.059811
-6.3473e-08,0.049357,0.059876
-9.2318e-08,0.049333,0.059944
-1.1941e-07,0.049305,0.060015
-1.4474e-07,0.049274,0.060089
-1.6828e-07,0.049239,0.060167
-1.9002e-07,0.0492,0.060248
-2.0997e-07,0.049158,0.060333
-2.2813e-07,0.049111,0.060421
-2.4453e-07,0.049061,0.060514
-2.5917e-07,0.049006,0.06061
-2.7209e-07,0.048948,0.060711
-2.8332e-07,0.048885,0.060815
-2.929e-07,0.048818,0.060924
-3.0086e-07,0.048747,0.061038
-3.0726e-07,0.048672,0.061155
-3.1215e-07,0.048592,0.061277
-3.1559e-07,0.048508,0.061403
-3.1762e-07,0.04842,0.061533
-3.1832e-07,0.048328,0.061668
-3.1775e-07,0.048232,0.061806
-3.1596e-07,0.048131,0.061949
-3.1304e-07,0.048027,0.062096
-3.0905e-07,0.047918,0.062246
-3.0406e-07,0.047806,0.0624
-2.9814e-07,0.04769,0.062558
-2.9136e-07,0.047571,0.062719
-2.838e-07,0.047448,0.062882
-2.7552e-07,0.047321,0.063049
-2.666e-07,0.047192,0.063218
-2.5711e-07,0.047059,0.06339
-2.4712e-07,0.046924,0.063563
-2.367e-07,0.046786,0.063738
-2.2591e-07,0.046645,0.063915
-2.1482e-07,0.046503,0.064092
-2.035e-07,0.046358,0.06427
-1.92e-07,0.046212,0.064449
-1.8038e-07,0.046064,0.064627
-1.6871e-07,0.045915,0.064804
-1.5703e-07,0.045765,0.06498
-1.4541e-07,0.045614,0.065155
-1.3388e-07,0.045463,0.065328
-1.2249e-07,0.045311,0.065499
-1.1129e-07,0.04516,0.065667
-1.0033e-07,0.045009,0.065831
-8.9625e-08,0.044859,0.065992
-7.9225e-08,0.04471,0.066149
-6.9159e-08,0.044562,0.0663
-5.9454e-08,0.044416,0.066447
-5.0137e-08,0.044271,0.066588
-4.1228e-08,0.044129,0.066723
-3.2749e-08,0.04399,0.066852
-2.4715e-08,0.043853,0.066974
-1.7139e-08,0.04372,0.067088
-1.0032e-08,0.04359,0.067194
-3.4003e-09,0.043464,0.067293
2.7502e-09,0.043341,0.067383
8.4182e-09,0.043223,0.067463
1.3604e-08,0.04311,0.067535
1.8312e-08,0.043001,0.067597
2.2546e-08,0.042898,0.067649
2.6316e-08,0.0428,0.067691
2.9632e-08,0.042707,0.067723
3.2506e-08,0.04262,0.067743
3.4952e-08,0.04254,0.067753
3.6988e-08,0.042465,0.067752
3.863e-08,0.042397,0.067739
3.99e-08,0.042336,0.067715
4.0818e-08,0.042281,0.06768
4.1406e-08,0.042234,0.067633
4.1689e-08,0.042193,0.067574
4.1691e-08,0.04216,0.067504
4.1438e-08,0.042134,0.067422
4.0956e-08,0.042116,0.067328
4.0273e-08,0.042105,0.067222
3.9417e-08,0.042102,0.067106
3.8415e-08,0.042106,0.066977
3.7295e-08,0.042118,0.066838
3.6086e-08,0.042138,0.066688
3.4816e-08,0.042166,0.066526
3.3513e-08,0.042201,0.066354
3.2204e-08,0.042245,0.066172
3.0916e-08,0.042295,0.06598
2.9676e-08,0.042354,0.065778
2.851e-08,0.04242,0.065566
2.7442e-08,0.042493,0.065346
2.6497e-08,0.042574,0.065117
2.5697e-08,0.042662,0.064879
2.5063e-08,0.042756,0.064634
2.4616e-08,0.042858,0.064381
2.4374e-08,0.042967,0.064121
2.4355e-08,0.043082,0.063855
2.4574e-08,0.043203,0.063583
2.5046e-08,0.04333,0.063305
2.5782e-08,0.043463,0.063022
2.6792e-08,0.043602,0.062735
2.8085e-08,0.043746,0.062444
2.9666e-08,0.043895,0.062149
3.1542e-08,0.044049,0.061851
3.3712e-08,0.044208,0.061552
3.6178e-08,0.04437,0.06125
3.8937e-08,0.044537,0.060947
4.1985e-08,0.044707,0.060643
4.5316e-08,0.04488,0.06034
4.8919e-08,0.045056,0.060036
5.2786e-08,0.045235,0.059734
5.6901e-08,0.045416,0.059433
6.1249e-08,0.045598,0.059134
6.5814e-08,0.045782,0.058837
7.0575e-08,0.045967,0.058543
7.5509e-08,0.046153,0.058253
8.0594e-08,0.04634,0.057967
8.5802e-08,0.046526,0.057685
9.1106e-08,0.046712,0.057408
9.6477e-08,0.046897,0.057137
1.0188e-07,0.047081,0.056871
1.0729e-07,0.047264,0.056611
1.1266e-07,0.047445,0.056358
1.1796e-07,0.047624,0.056112
1.2315e-07,0.0478,0.055873
1.282e-07,0.047974,0.055641
1.3306e-07,0.048145,0.055418
1.3769e-07,0.048312,0.055203
1.4205e-07,0.048475,0.054996
1.4609e-07,0.048634,0.054798
1.4978e-07,0.048789,0.054609
1.5308e-07,0.048939,0.054429
1.5592e-07,0.049085,0.054259
1.5829e-07,0.049225,0.054098
1.6012e-07,0.04936,0.053947
1.6138e-07,0.04949,0.053806
1.6203e-07,0.049613,0.053675
1.6203e-07,0.049731,0.053555
1.6133e-07,0.049842,0.053444
1.599e-07,0.049948,0.053344
1.577e-07,0.050047,0.053255
1.547e-07,0.050139,0.053176
1.5086e-07,0.050224,0.053107
1.4615e-07,0.050303,0.053049
1.4054e-07,0.050375,0.053001
1.3401e-07,0.050441,0.052964
1.2654e-07,0.050499,0.052938
1.1811e-07,0.05055,0.052921
1.0869e-07,0.050595,0.052915
9.8282e-08,0.050633,0.052919
8.6874e-08,0.050663,0.052934
7.446e-08,0.050688,0.052958
6.1042e-08,0.050705,0.052992
4.6622e-08,0.050716,0.053035
3.121e-08,0.050721,0.053089
1.4819e-08,0.050719,0.053151
-2.5314e-09,0.050711,0.053222
-2.0818e-08,0.050697,0.053303
-4.0011e-08,0.050677,0.053392
-6.0077e-08,0.050652,0.053489
-8.0976e-08,0.050622,0.053595
-1.0266e-07,0.050586,0.053708
-1.2508e-07,0.050546,0.053829
-1.4818e-07,0.050501,0.053957
-1.719e-07,0.050452,0.054092
-1.9617e-07,0.050399,0.054233
-2.2091e-07,0.050342,0.054381
-2.4604e-07,0.050282,0.054535
-2.7149e-07,0.050218,0.054693
-2.9715e-07,0.050152,0.054857
-3.2293e-07,0.050084,0.055026
-3.4873e-07,0.050014,0.055199
-3.7445e-07,0.049942,0.055375
-3.9997e-07,0.049869,0.055555
-4.2517e-07,0.049795,0.055737
-4.4994e-07,0.04972,0.055922
-4.7415e-07,0.049646,0.056109
-4.9767e-07,0.049571,0.056297
-5.2037e-07,0.049497,0.056486
-5.4211e-07,0.049424,0.056676
-5.6276e-07,0.049353,0.056865
-5.8217e-07,0.049283,0.057053
-6.002e-07,0.049215,0.05724
-6.1671e-07,0.049149,0.057426
-6.3155e-07,0.049086,0.057609
-6.4459e-07,0.049026,0.057789
-6.5567e-07,0.04897,0.057966
-6.6465e-07,0.048917,0.058139
-6.7139e-07,0.048868,0.058307
-6.7575e-07,0.048824,0.05847
-6.7759e-07,0.048783,0.058628
-6.7679e-07,0.048748,0.058779
-6.732e-07,0.048718,0.058924
-6.6672e-07,0.048693,0.059062
-6.5721e-07,0.048673,0.059193
-6.4457e-07,0.048659,0.059315
-6.287e-07,0.04865,0.059429
-6.0949e-07,0.048648,0.059535
-5.8687e-07,0.048651,0.059631
-5.6075e-07,0.048661,0.059717
-5.3107e-07,0.048676,0.059794
-4.9778e-07,0.048698,0.05986
-4.6082e-07,0.048726,0.059915
-4.2017e-07,0.04876,0.05996
-3.7581e-07,0.0488,0.059994
-3.2774e-07,0.048847,0.060017
-2.7598e-07,0.048899,0.060028
-2.2054e-07,0.048957,0.060028
-1.6148e-07,0.049021,0.060016
-9.8853e-08,0.049091,0.059992
-3.2743e-08,0.049166,0.059957
3.6754e-08,0.049247,0.05991
1.0952e-07,0.049332,0.059852
1.8543e-07,0.049423,0.059782
2.6431e-07,0.049518,0.0597
3.4601e-07,0.049617,0.059608
4.3031e-07,0.04972,0.059504
5.1702e-07,0.049828,0.059389
6.0589e-07,0.049938,0.059264
6.9666e-07,0.050052,0.059128
7.8907e-07,0.050168,0.058983
8.8282e-07,0.050287,0.058827
9.7758e-07,0.050408,0.058662
1.073e-06,0.050531,0.058488
1.1688e-06,0.050654,0.058306
1.2645e-06,0.050779,0.058115
1.3598e-06,0.050904,0.057917
1.4543e-06,0.05103,0.057711
1.5474e-06,0.051155,0.057499
1.6389e-06,0.051279,0.05728
1.7282e-06,0.051402,0.057056
1.8148e-06,0.051523,0.056826
1.8983e-06,0.051643,0.056591
1.9781e-06,0.05176,0.056352
2.0539e-06,0.051875,0.056109
2.1249e-06,0.051987,0.055863
2.1909e-06,0.052095,0.055615
2.2511e-06,0.052199,0.055364
2.3051e-06,0.052299,0.055111
2.3523e-06,0.052395,0.054857
2.3923e-06,0.052486,0.054602
2.4245e-06,0.052571,0.054348
2.4484e-06,0.052652,0.054093
2.4634e-06,0.052726,0.053839
2.4692e-06,0.052795,0.053587
2.4651e-06,0.052858,0.053336
2.4507e-06,0.052914,0.053087
2.4257e-06,0.052964,0.05284
2.3894e-06,0.053006,0.052596
2.3416e-06,0.053042,0.052356
2.2819e-06,0.053071,0.052119
2.2099e-06,0.053093,0.051886
2.1253e-06,0.053108,0.051657
2.0278e-06,0.053115,0.051432
1.9172e-06,0.053115,0.051213
1.7933e-06,0.053108,0.050998
1.6559e-06,0.053093,0.050789
1.5049e-06,0.053071,0.050585
1.3403e-06,0.053041,0.050387
1.1621e-06,0.053005,0.050195
9.7026e-07,0.052961,0.050009
7.6499e-07,0.05291,0.049829
5.4642e-07,0.052852,0.049656
3.148e-07,0.052788,0.04949
7.0426e-08,0.052716,0.04933
-1.8633e-07,0.052638,0.049177
-4.5503e-07,0.052554,0.04903
-7.3516e-07,0.052464,0.048891
-1.0261e-06,0.052368,0.048759
-1.3273e-06,0.052266,0.048634
-1.6379e-06,0.052159,0.048516
-1.9572e-06,0.052046,0.048406
-2.2842e-06,0.051928,0.048303
-2.6179e-06,0.051806,0.048207
-2.9575e-06,0.051679,0.048118
-3.3016e-06,0.051548,0.048037
-3.6491e-06,0.051413,0.047963
-3.9988e-06,0.051275,0.047896
-4.3493e-06,0.051133,0.047837
-4.6991e-06,0.050989,0.047785
-5.0468e-06,0.050841,0.04774
-5.3907e-06,0.050691,0.047703
-5.7294e-06,0.050539,0.047672
-6.0609e-06,0.050385,0.04765
-6.3837e-06,0.05023,0.047634
-6.6958e-06,0.050074,0.047625
-6.9955e-06,0.049916,0.047624
-7.2807e-06,0.049759,0.04763
-7.5495e-06,0.0496,0.047642
-7.7999e-06,0.049442,0.047662
-8.0299e-06,0.049285,0.047688
-8.2374e-06,0.049127,0.047721
-8.4203e-06,0.048971,0.047761
-8.5765e-06,0.048816,0.047808
-8.7039e-06,0.048663,0.047861
-8.8005e-06,0.048511,0.047921
-8.864e-06,0.048362,0.047987
-8.8924e-06,0.048214,0.048059
-8.8837e-06,0.04807,0.048137
-8.8358e-06,0.047928,0.048221
-8.7467e-06,0.047789,0.048312
-8.6146e-06,0.047654,0.048407
-8.4374e-06,0.047522,0.048509
-8.2135e-06,0.047394,0.048616
-7.9411e-06,0.04727,0.048728
-7.6186e-06,0.04715,0.048845
-7.2443e-06,0.047034,0.048968
-6.817e-06,0.046923,0.049095
-6.3352e-06,0.046817,0.049226
-5.7978e-06,0.046716,0.049362
-5.2038e-06,0.04662,0.049502
-4.5522e-06,0.046529,0.049646
-3.8423e-06,0.046444,0.049794
-3.0734e-06,0.046364,0.049945
-2.2453e-06,0.04629,0.0501
-1.3576e-06,0.046221,0.050257
-4.1036e-07,0.046158,0.050417
5.9634e-07,0.046101,0.05058
1.6621e-06,0.04605,0.050745
2.7864e-06,0.046005,0.050912
3.9684e-06,0.045966,0.051081
5.2072e-06,0.045933,0.051252
6.5014e-06,0.045906,0.051424
7.8497e-06,0.045885,0.051597
9.2504e-06,0.04587,0.05177
1.0701e-05,0.045861,0.051945
1.2201e-05,0.045858,0.052119
1.3746e-05,0.045861,0.052294
1.5335e-05,0.045869,0.052468
1.6964e-05,0.045883,0.052641
1.863e-05,0.045902,0.052814
2.0331e-05,0.045927,0.052986
2.2062e-05,0.045958,0.053157
2.382e-05,0.045993,0.053326
2.56e-05,0.046033,0.053494
2.74e-05,0.046078,0.053659
2.9214e-05,0.046128,0.053822
3.1038e-05,0.046182,0.053983
3.2867e-05,0.04624,0.054142
3.4697e-05,0.046303,0.054297
3.6523e-05,0.046369,0.054449
3.8339e-05,0.046439,0.054599
4.0141e-05,0.046512,0.054744
4.1923e-05,0.046588,0.054886
4.368e-05,0.046667,0.055025
4.5406e-05,0.046748,0.055159
4.7097e-05,0.046832,0.055289
4.8748e-05,0.046917,0.055415
5.0352e-05,0.047005,0.055537
5.1904e-05,0.047094,0.055654
5.34e-05,0.047184,0.055767
5.4835e-05,0.047275,0.055875
5.6203e-05,0.047367,0.055978
5.75e-05,0.047459,0.056076
5.8721e-05,0.047552,0.05617
5.9861e-05,0.047644,0.056258
6.0918e-05,0.047735,0.056342
6.1886e-05,0.047826,0.05642
6.2763e-05,0.047916,0.056494
6.3544e-05,0.048005,0.056562
6.4228e-05,0.048093,0.056626
6.481e-05,0.048178,0.056685
6.529e-05,0.048262,0.056739
6.5666e-05,0.048344,0.056788
6.5935e-05,0.048423,0.056832
6.6097e-05,0.048499,0.056872
6.6151e-05,0.048573,0.056907
6.6097e-05,0.048644,0.056937
6.5935e-05,0.048711,0.056963
6.5666e-05,0.048775,0.056985
6.529e-05,0.048835,0.057002
6.481e-05,0.048892,0.057016
6.4228e-05,0.048944,0.057025
6.3544e-05,0.048993,0.05703
6.2763e-05,0.049037,0.057032
6.1886e-05,0.049077,0.057031
6.0918e-05,0.049113,0.057025
5.9861e-05,0.049144,0.057017
5.8721e-05,0.049171,0.057005
5.75e-05,0.049192,0.05699
5.6203e-05,0.049209,0.056972
5.4835e-05,0.049221,0.056952
5.34e-05,0.049229,0.056929
5.1904e-05,0.049231,0.056903
5.0352e-05,0.049229,0.056875
4.8748e-05,0.049221,0.056845
4.7098e-05,0.049209,0.056812
4.5407e-05,0.049192,0.056777
4.368e-05,0.049169,0.056741
4.1923e-05,0.049142,0.056702
4.0141e-05,0.049111,0.056662
3.8339e-05,0.049074,0.05662
3.6523e-05,0.049033,0.056577
3.4697e-05,0.048987,0.056532
3.2868e-05,0.048937,0.056486
3.1038e-05,0.048882,0.056438
2.9214e-05,0.048823,0.056389
2.74e-05,0.04876,0.056339
2.5601e-05,0.048693,0.056288
2.382e-05,0.048622,0.056235
2.2062e-05,0.048547,0.056182
2.0331e-05,0.048469,0.056127
1.863e-05,0.048388,0.056072
1.6964e-05,0.048303,0.056015
1.5335e-05,0.048215,0.055958
1.3746e-05,0.048125,0.0559
1.2201e-05,0.048031,0.055841
1.0701e-05,0.047936,0.055781
9.2503e-06,0.047838,0.05572
7.8496e-06,0.047738,0.055659
6.5013e-06,0.047637,0.055596
5.2071e-06,0.047534,0.055533
3.9683e-06,0.04743,0.055469
2.7863e-06,0.047325,0.055404
1.662e-06,0.04722,0.055339
5.9618e-07,0.047114,0.055273
-4.1054e-07,0.047007,0.055206
-1.3578e-06,0.046901,0.055138
-2.2455e-06,0.046795,0.05507
-3.0737e-06,0.04669,0.055001
-3.8425e-06,0.046585,0.054931
-4.5525e-06,0.046482,0.05486
-5.2041e-06,0.04638,0.054789
-5.7982e-06,0.046279,0.054717
-6.3356e-06,0.046181,0.054645
-6.8174e-06,0.046084,0.054572
-7.2447e-06,0.04599,0.054499
-7.619e-06,0.045899,0.054425
-7.9415e-06,0.045811,0.05435
-8.2139e-06,0.045725,0.054275
-8.4379e-06,0.045644,0.0542
-8.615e-06,0.045565,0.054124
-8.7472e-06,0.045491,0.054048
-8.8363e-06,0.04542,0.053972
-8.8842e-06,0.045354,0.053896
-8.8929e-06,0.045292,0.05382
-8.8645e-06,0.045235,0.053743
-8.801e-06,0.045182,0.053667
-8.7044e-06,0.045135,0.053591
-8.577e-06,0.045092,0.053515
-8.4208e-06,0.045055,0.05344
-8.2379e-06,0.045023,0.053364
-8.0304e-06,0.044996,0.05329
-7.8004e-06,0.044975,0.053216
-7.5499e-06,0.04496,0.053142
-7.2811e-06,0.04495,0.053069
-6.9959e-06,0.044946,0.052998
-6.6962e-06,0.044948,0.052927
-6.3841e-06,0.044956,0.052857
-6.0613e-06,0.04497,0.052788
-5.7297e-06,0.04499,0.052721
-5.391e-06,0.045015,0.052655
-5.047e-06,0.045047,0.05259
-4.6993e-06,0.045084,0.052527
-4.3494e-06,0.045128,0.052466
-3.9989e-06,0.045177,0.052406
-3.6492e-06,0.045232,0.052348
-3.3016e-06,0.045293,0.052292
-2.9574e-06,0.04536,0.052238
-2.6179e-06,0.045432,0.052186
-2.284e-06,0.045509,0.052136
-1.957e-06,0.045592,0.052088
-1.6377e-06,0.045679,0.052042
-1.327e-06,0.045772,0.051999
-1.0258e-06,0.04587,0.051958
-7.3473e-07,0.045972,0.05192
-4.5453e-07,0.046078,0.051884
-1.8577e-07,0.046189,0.051851
7.1061e-08,0.046304,0.05182
3.1551e-07,0.046422,0.051792
5.472e-07,0.046544,0.051767
7.6583e-07,0.04667,0.051744
9.7118e-07,0.046798,0.051724
1.1631e-06,0.046929,0.051707
1.3414e-06,0.047062,0.051693
1.506e-06,0.047197,0.051681
1.6571e-06,0.047334,0.051673
1.7945e-06,0.047472,0.051667
1.9185e-06,0.047612,0.051664
2.0292e-06,0.047752,0.051664
2.1267e-06,0.047892,0.051667
2.2114e-06,0.048033,0.051674
2.2835e-06,0.048173,0.051683
2.3432e-06,0.048312,0.051695
2.3911e-06,0.04845,0.05171
2.4274e-06,0.048586,0.051728
2.4525e-06,0.048721,0.051749
2.4669e-06,0.048853,0.051773
2.471e-06,0.048983,0.0518
2.4652e-06,0.04911,0.05183
2.4502e-06,0.049233,0.051863
2.4263e-06,0.049352,0.0519
2.3942e-06,0.049468,0.051939
2.3542e-06,0.049578,0.051982
2.3069e-06,0.049684,0.052027
2.2529e-06,0.049785,0.052076
2.1926e-06,0.04988,0.052127
2.1266e-06,0.049969,0.052182
2.0555e-06,0.050052,0.05224
1.9797e-06,0.050128,0.052301
1.8998e-06,0.050198,0.052365
1.8162e-06,0.050261,0.052432
1.7295e-06,0.050316,0.052502
1.6401e-06,0.050365,0.052575
1.5486e-06,0.050405,0.052651
1.4553e-06,0.050438,0.052729
1.3607e-06,0.050463,0.052811
1.2653e-06,0.05048,0.052896
1.1694e-06,0.050489,0.052984
1.0735e-06,0.05049,0.053074
9.7788e-07,0.050483,0.053167
8.8294e-07,0.050467,0.053263
7.8901e-07,0.050444,0.053362
6.964e-07,0.050412,0.053463
6.0543e-07,0.050373,0.053567
5.1635e-07,0.050325,0.053673
4.2942e-07,0.05027,0.053782
3.4489e-07,0.050208,0.053893
2.6296e-07,0.050138,0.054006
1.8384e-07,0.050062,0.054122
1.0769e-07,0.049979,0.054239
3.4674e-08,0.049889,0.054359
-3.5076e-08,0.049793,0.05448
-1.0144e-07,0.049692,0.054603
-1.6432e-07,0.049585,0.054728
-2.2364e-07,0.049473,0.054854
-2.7934e-07,0.049357,0.054982
-3.3136e-07,0.049237,0.05511
-3.7968e-07,0.049113,0.05524
-4.2429e-07,0.048986,0.055371
-4.6519e-07,0.048857,0.055502
-5.0239e-07,0.048725,0.055634
-5.3593e-07,0.048592,0.055767
-5.6583e-07,0.048458,0.055899
-5.9217e-07,0.048323,0.056032
-6.15e-07,0.048188,0.056164
-6.344e-07,0.048054,0.056297
-6.5046e-07,0.047921,0.056428
-6.6326e-07,0.04779,0.056559
-6.7292e-07,0.047661,0.056689
-6.7954e-07,0.047535,0.056818
-6.8324e-07,0.047412,0.056945
-6.8414e-07,0.047293,0.05707
-6.8237e-07,0.047179,0.057194
-6.7806e-07,0.047069,0.057315
-6.7134e-07,0.046964,0.057434
-6.6236e-07,0.046866,0.05755
-6.5125e-07,0.046773,0.057664
-6.3816e-07,0.046687,0.057774
-6.2323e-07,0.046608,0.057881
-6.066e-07,0.046537,0.057984
-5.8842e-07,0.046473,0.058083
-5.6883e-07,0.046418,0.058178
-5.4797e-07,0.046371,0.058268
-5.2598e-07,0.046332,0.058353
-5.03e-07,0.046302,0.058434
-4.7916e-07,0.046282,0.058509
-4.5459e-07,0.046271,0.058578
-4.2943e-07,0.046269,0.058642
-4.038e-07,0.046276,0.058699
-3.7782e-07,0.046293,0.05875
-3.516e-07,0.04632,0.058795
-3.2526e-07,0.046356,0.058833
-2.989e-07,0.046402,0.058863
-2.7263e-07,0.046457,0.058886
-2.4654e-07,0.046522,0.058902
-2.2073e-07,0.046596,0.05891
-1.9528e-07,0.046678,0.05891
-1.7028e-07,0.04677,0.058902
-1.4579e-07,0.04687,0.058885
-1.2189e-07,0.046979,0.05886
-9.864e-08,0.047095,0.058827
-7.6104e-08,0.047219,0.058785
-5.4333e-08,0.04735,0.058734
-3.3376e-08,0.047489,0.058674
-1.3273e-08,0.047633,0.058605
5.9364e-09,0.047784,0.058527
2.4221e-08,0.04794,0.05844
4.1554e-08,0.048101,0.058344
5.7913e-08,0.048267,0.05824
7.3281e-08,0.048437,0.058126
8.7645e-08,0.048611,0.058003
1.01e-07,0.048787,0.057872
1.1333e-07,0.048966,0.057732
1.2465e-07,0.049146,0.057583
1.3496e-07,0.049328,0.057427
1.4426e-07,0.04951,0.057262
1.5258e-07,0.049692,0.057089
1.5991e-07,0.049874,0.056909
1.6628e-07,0.050055,0.056722
1.7171e-07,0.050233,0.056528
1.7623e-07,0.05041,0.056327
1.7986e-07,0.050583,0.05612
1.8262e-07,0.050753,0.055908
1.8454e-07,0.050919,0.05569
1.8567e-07,0.05108,0.055468
1.8603e-07,0.051236,0.055241
1.8565e-07,0.051386,0.05501
1.8458e-07,0.05153,0.054776
1.8285e-07,0.051667,0.05454
1.8049e-07,0.051797,0.054301
1.7755e-07,0.051919,0.054061
1.7406e-07,0.052033,0.05382
1.7006e-07,0.052138,0.053579
1.656e-07,0.052234,0.053338
1.607e-07,0.052321,0.053098
1.5542e-07,0.052398,0.05286
1.4979e-07,0.052465,0.052624
1.4384e-07,0.052522,0.052391
1.3762e-07,0.052568,0.052161
1.3116e-07,0.052603,0.051937
1.245e-07,0.052628,0.051717
1.1767e-07,0.052641,0.051502
1.1071e-07,0.052643,0.051294
1.0365e-07,0.052633,0.051093
9.6518e-08,0.052612,0.050899
8.935e-08,0.05258,0.050714
8.2175e-08,0.052536,0.050537
7.502e-08,0.05248,0.050369
6.7911e-08,0.052413,0.050211
6.0874e-08,0.052335,0.050064
5.3933e-08,0.052245,0.049927
4.711e-08,0.052145,0.049801
4.0425e-08,0.052033,0.049687
3.3899e-08,0.051911,0.049585
2.7548e-08,0.051778,0.049496
2.1389e-08,0.051636,0.049419
1.5436e-08,0.051483,0.049355
9.7032e-09,0.051321,0.049304
4.202e-09,0.05115,0.049266
-1.0572e-09,0.050971,0.049241
-6.0655e-09,0.050783,0.049231
-1.0816e-08,0.050587,0.049233
-1.5301e-08,0.050383,0.049249
-1.9517e-08,0.050173,0.049279
-2.346e-08,0.049956,0.049322
-2.7127e-08,0.049733,0.049378
-3.0518e-08,0.049505,0.049447
-3.3633e-08,0.049272,0.049529
-3.6471e-08,0.049034,0.049624
-3.9036e-08,0.048793,0.04973
-4.133e-08,0.048549,0.049849
-4.3357e-08,0.048302,0.049978
-4.5122e-08,0.048052,0.050119
-4.663e-08,0.047802,0.05027
-4.7888e-08,0.04755,0.050432
-4.8902e-08,0.047298,0.050602
-4.968e-08,0.047046,0.050782
-5.0231e-08,0.046795,0.050969
-5.0562e-08,0.046546,0.051165
-5.0682e-08,0.046298,0.051367
-5.0602e-08,0.046053,0.051576
-5.033e-08,0.045811,0.051791
-4.9877e-08,0.045573,0.052011
-4.9253e-08,0.045339,0.052235
-4.8469e-08,0.045109,0.052463
-4.7534e-08,0.044884,0.052695
-4.6461e-08,0.044665,0.052928
-4.5258e-08,0.044451,0.053164
-4.3938e-08,0.044244,0.0534
-4.251e-08,0.044044,0.053637
-4.0985e-08,0.043851,0.053874
-3.9374e-08,0.043665,0.05411
-3.7686e-08,0.043487,0.054344
-3.5933e-08,0.043317,0.054577
-3.4123e-08,0.043155,0.054807
-3.2266e-08,0.043001,0.055034
-3.0372e-08,0.042857,0.055257
-2.845e-08,0.042721,0.055477
-2.6508e-08,0.042594,0.055692
-2.4555e-08,0.042477,0.055901
-2.2599e-08,0.042368,0.056106
-2.0648e-08,0.042269,0.056304
-1.8708e-08,0.042179,0.056496
-1.6787e-08,0.042099,0.056682
-1.4891e-08,0.042028,0.056861
-1.3027e-08,0.041966,0.057033
-1.12e-08,0.041913,0.057198
-9.4148e-09,0.04187,0.057355
-7.6771e-09,0.041835,0.057504
-5.9912e-09,0.041809,0.057645
-4.361e-09,0.041792,0.057779
-2.7903e-09,0.041783,0.057904
-1.2823e-09,0.041783,0.058021
1.6012e-10,0.041791,0.05813
1.5345e-09,0.041806,0.05823
2.8388e-09,0.041829,0.058322
4.0711e-09,0.04186,0.058405
5.2303e-09,0.041897,0.05848
6.3151e-09,0.041941,0.058547
7.325e-09,0.041992,0.058606
8.2595e-09,0.042049,0.058656
9.1186e-09,0.042112,0.058698
9.9025e-09,0.04218,0.058732
1.0612e-08,0.042254,0.058758
1.1247e-08,0.042332,0.058777
1.1809e-08,0.042416,0.058787
1.23e-08,0.042503,0.058791
1.2721e-08,0.042594,0.058786
1.3073e-08,0.042689,0.058775
1.3358e-08,0.042788,0.058756
1.3578e-08,0.042889,0.058731
1.3737e-08,0.042993,0.058699
1.3834e-08,0.0431,0.05866
1.3874e-08,0.043208,0.058615
1.3859e-08,0.043318,0.058564
1.3792e-08,0.04343,0.058507
1.3674e-08,0.043543,0.058444
1.3509e-08,0.043657,0.058376
1.33e-08,0.043771,0.058303
1.3049e-08,0.043886,0.058225
1.276e-08,0.044001,0.058142
1.2435e-08,0.044115,0.058055
1.2078e-08,0.04423,0.057963
1.169e-08,0.044343,0.057867
1.1275e-08,0.044456,0.057768
1.0837e-08,0.044568,0.057665
1.0376e-08,0.044678,0.05756
9.8975e-09,0.044787,0.057451
9.4026e-09,0.044894,0.05734
8.8943e-09,0.044999,0.057226
8.3752e-09,0.045102,0.057111
7.8478e-09,0.045202,0.056993
7.3143e-09,0.0453,0.056875
6.7772e-09,0.045395,0.056755
6.2386e-09,0.045488,0.056635
5.7007e-09,0.045577,0.056514
5.1654e-09,0.045663,0.056393
4.6347e-09,0.045746,0.056272
4.1103e-09,0.045825,0.056151
3.5939e-09,0.045901,0.056032
3.0871e-09,0.045973,0.055913
2.5914e-09,0.046041,0.055796
2.1081e-09,0.046105,0.055681
1.6386e-09,0.046165,0.055568
1.1838e-09,0.04622,0.055457
7.4493e-10,0.046272,0.055349
3.2283e-10,0.046319,0.055244
-8.167e-11,0.046361,0.055142
-4.6785e-10,0.046399,0.055044
-8.3509e-10,0.046433,0.05495
-1.1829e-09,0.046462,0.05486
-1.5108e-09,0.046486,0.054774
-1.8185e-09,0.046505,0.054693
-2.1058e-09,0.04652,0.054616
-2.3725e-09,0.04653,0.054545
-2.6185e-09,0.046535,0.054479
-2.8438e-09,0.046536,0.054419
-3.0486e-09,0.046532,0.054364
-3.233e-09,0.046523,0.054315
-3.3971e-09,0.04651,0.054272
-3.5414e-09,0.046492,0.054235
-3.666e-09,0.046469,0.054205
-3.7715e-09,0.046442,0.054181
-3.8582e-09,0.046411,0.054163
-3.9266e-09,0.046375,0.054151
-3.9774e-09,0.046335,0.054147
-4.011e-09,0.046292,0.054148
-4.028e-09,0.046244,0.054157
-4.0291e-09,0.046192,0.054171
-4.015e-09,0.046137,0.054192
-3.9863e-09,0.046078,0.05422
-3.9438e-09,0.046016,0.054254
-3.888e-09,0.045951,0.054294
-3.8199e-09,0.045883,0.05434
-3.7401e-09,0.045812,0.054392
-3.6493e-09,0.045739,0.05445
-3.5483e-09,0.045663,0.054513
-3.4379e-09,0.045585,0.054582
-3.3187e-09,0.045505,0.054656
-3.1916e-09,0.045424,0.054734
-3.0573e-09,0.045341,0.054818
-2.9164e-09,0.045257,0.054906
-2.7698e-09,0.045172,0.054998
-2.618e-09,0.045087,0.055093
-2.4618e-09,0.045001,0.055192
-2.3018e-09,0.044914,0.055295
-2.1388e-09,0.044828,0.0554
-1.9732e-09,0.044743,0.055507
-1.8058e-09,0.044658,0.055617
-1.6371e-09,0.044574,0.055728
-1.4677e-09,0.044492,0.05584
-1.2982e-09,0.044411,0.055954
-1.1291e-09,0.044332,0.056068
-9.6077e-10,0.044254,0.056182
-7.9385e-10,0.04418,0.056295
-6.2875e-10,0.044108,0.056408
-4.6591e-10,0.044038,0.05652
-3.0573e-10,0.043972,0.05663
-1.4862e-10,0.04391,0.056738
5.0515e-12,0.043851,0.056844
1.5494e-10,0.043796,0.056947
3.0072e-10,0.043745,0.057047
4.4209e-10,0.043698,0.057143
5.7874e-10,0.043656,0.057236
7.1043e-10,0.043619,0.057324
8.3689e-10,0.043587,0.057407
9.5789e-10,0.043559,0.057486
1.0732e-09,0.043537,0.057559
1.1827e-09,0.04352,0.057627
1.2861e-09,0.043509,0.057689
1.3834e-09,0.043503,0.057745
1.4742e-09,0.043503,0.057795
1.5586e-09,0.043509,0.057838
1.6363e-09,0.04352,0.057874
1.7073e-09,0.043537,0.057904
1.7715e-09,0.04356,0.057926
1.8287e-09,0.043588,0.057941
1.879e-09,0.043622,0.05795
1.9222e-09,0.043662,0.05795
1.9583e-09,0.043707,0.057944
1.9872e-09,0.043758,0.05793
2.0089e-09,0.043814,0.057909
2.0234e-09,0.043875,0.057881
2.0306e-09,0.043941,0.057845
2.0306e-09,0.044012,0.057803
2.0234e-09,0.044088,0.057753
2.0089e-09,0.044167,0.057697
1.9872e-09,0.044251,0.057634
1.9583e-09,0.044339,0.057565
1.9222e-09,0.044431,0.05749
1.879e-09,0.044525,0.057408
1.8287e-09,0.044623,0.057321
1.7715e-09,0.044724,0.057228
1.7073e-09,0.044826,0.057131
1.6363e-09,0.044932,0.057028
1.5586e-09,0.045038,0.056921
1.4742e-09,0.045147,0.05681
1.3834e-09,0.045256,0.056696
1.2861e-09,0.045367,0.056578
1.1827e-09,0.045477,0.056457
1.0732e-09,0.045589,0.056333
9.579e-10,0.045699,0.056208
8.3689e-10,0.04581,0.05608
7.1043e-10,0.04592,0.055952
5.7875e-10,0.046029,0.055823
4.4209e-10,0.046136,0.055693
3.0073e-10,0.046242,0.055563
1.5495e-10,0.046346,0.055434
5.0562e-12,0.046448,0.055305
-1.4862e-10,0.046548,0.055178
-3.0573e-10,0.046645,0.055052
-4.659e-10,0.046739,0.054929
-6.2875e-10,0.04683,0.054808
-7.9385e-10,0.046919,0.05469
-9.6077e-10,0.047004,0.054575
-1.129e-09,0.047085,0.054464
-1.2982e-09,0.047163,0.054357
-1.4677e-09,0.047237,0.054253
-1.6371e-09,0.047308,0.054155
-1.8058e-09,0.047374,0.054061
-1.9732e-09,0.047437,0.053973
-2.1387e-09,0.047495,0.05389
-2.3018e-09,0.047549,0.053812
-2.4618e-09,0.0476,0.05374
-2.618e-09,0.047646,0.053674
-2.7697e-09,0.047688,0.053614
-2.9164e-09,0.047725,0.053561
-3.0573e-09,0.047759,0.053513
-3.1916e-09,0.047788,0.053473
-3.3187e-09,0.047813,0.053438
-3.4379e-09,0.047834,0.05341
-3.5483e-09,0.047851,0.053389
-3.6493e-09,0.047864,0.053374
-3.7401e-09,0.047872,0.053365
-3.8199e-09,0.047877,0.053363
-3.888e-09,0.047878,0.053367
-3.9438e-09,0.047874,0.053377
-3.9863e-09,0.047867,0.053393
-4.015e-09,0.047856,0.053415
-4.0291e-09,0.047841,0.053442
-4.028e-09,0.047823,0.053475
-4.011e-09,0.0478,0.053514
-3.9774e-09,0.047774,0.053557
-3.9266e-09,0.047745,0.053605
-3.8582e-09,0.047711,0.053657
-3.7715e-09,0.047675,0.053714
-3.666e-09,0.047634,0.053774
-3.5414e-09,0.047591,0.053838
-3.3971e-09,0.047544,0.053905
-3.233e-09,0.047493,0.053975
-3.0486e-09,0.04744,0.054048
-2.8438e-09,0.047383,0.054123
-2.6185e-09,0.047323,0.0542
-2.3725e-09,0.04726,0.054278
-2.1058e-09,0.047193,0.054358
-1.8185e-09,0.047124,0.054438
-1.5108e-09,0.047051,0.054519
-1.1829e-09,0.046976,0.0546
-8.351e-10,0.046898,0.054681
-4.6786e-10,0.046817,0.054761
-8.1683e-11,0.046733,0.05484
3.2282e-10,0.046646,0.054918
7.4492e-10,0.046557,0.054994
1.1838e-09,0.046466,0.055069
1.6386e-09,0.046372,0.055141
2.1081e-09,0.046275,0.055211
2.5914e-09,0.046177,0.055278
3.0871e-09,0.046076,0.055342
3.5939e-09,0.045973,0.055403
4.1102e-09,0.045868,0.05546
4.6347e-09,0.045762,0.055514
5.1654e-09,0.045654,0.055564
5.7007e-09,0.045544,0.05561
6.2386e-09,0.045433,0.055652
6.7772e-09,0.04532,0.05569
7.3143e-09,0.045206,0.055723
7.8477e-09,0.045092,0.055752
8.3752e-09,0.044977,0.055777
8.8943e-09,0.044861,0.055797
9.4026e-09,0.044745,0.055813
9.8975e-09,0.044628,0.055824
1.0376e-08,0.044512,0.055831
1.0837e-08,0.044395,0.055834
1.1275e-08,0.044279,0.055832
1.169e-08,0.044164,0.055827
1.2078e-08,0.044049,0.055818
1.2435e-08,0.043936,0.055805
1.276e-08,0.043824,0.055789
1.3049e-08,0.043713,0.055769
1.33e-08,0.043605,0.055746
1.3509e-08,0.043498,0.055721
1.3674e-08,0.043394,0.055693
1.3792e-08,0.043292,0.055662
1.3859e-08,0.043194,0.05563
1.3875e-08,0.043098,0.055596
1.3834e-08,0.043006,0.055561
1.3737e-08,0.042918,0.055525
1.3578e-08,0.042833,0.055488
1.3358e-08,0.042753,0.055452
1.3073e-08,0.042678,0.055415
1.2721e-08,0.042607,0.055379
1.23e-08,0.042542,0.055343
1.1809e-08,0.042482,0.055309
1.1247e-08,0.042427,0.055277
1.0612e-08,0.042379,0.055247
9.9026e-09,0.042337,0.055219
9.1187e-09,0.042302,0.055194
8.2596e-09,0.042273,0.055172
7.325e-09,0.042251,0.055154
6.3152e-09,0.042236,0.055139
5.2303e-09,0.042229,0.055129
4.0712e-09,0.04223,0.055123
2.8388e-09,0.042238,0.055123
1.5346e-09,0.042254,0.055127
1.6016e-10,0.042279,0.055137
-1.2823e-09,0.042312,0.055152
-2.7903e-09,0.042353,0.055173
-4.361e-09,0.042403,0.055201
-5.9911e-09,0.042461,0.055234
-7.677e-09,0.042528,0.055274
-9.4147e-09,0.042604,0.055321
-1.12e-08,0.042689,0.055374
-1.3027e-08,0.042783,0.055434
-1.4891e-08,0.042885,0.0555
-1.6787e-08,0.042996,0.055573
-1.8708e-08,0.043116,0.055654
-2.0648e-08,0.043245,0.05574
-2.2599e-08,0.043382,0.055834
-2.4555e-08,0.043528,0.055933
-2.6508e-08,0.043682,0.056039
-2.845e-08,0.043845,0.056152
-3.0372e-08,0.044015,0.05627
-3.2266e-08,0.044194,0.056394
-3.4123e-08,0.04438,0.056523
-3.5932e-08,0.044573,0.056658
-3.7686e-08,0.044774,0.056797
-3.9374e-08,0.044982,0.056941
-4.0985e-08,0.045196,0.057089
-4.251e-08,0.045417,0.057241
-4.3938e-08,0.045644,0.057396
-4.5258e-08,0.045877,0.057554
-4.6461e-08,0.046115,0.057715
-4.7534e-08,0.046358,0.057877
-4.8469e-08,0.046606,0.058041
-4.9253e-08,0.046859,0.058206
-4.9877e-08,0.047115,0.058371
-5.033e-08,0.047376,0.058536
-5.0602e-08,0.047639,0.0587
-5.0682e-08,0.047906,0.058863
-5.0562e-08,0.048175,0.059025
-5.0231e-08,0.048447,0.059184
-4.9681e-08,0.04872,0.05934
-4.8902e-08,0.048995,0.059492
-4.7888e-08,0.049271,0.059641
-4.663e-08,0.049548,0.059785
-4.5122e-08,0.049824,0.059923
-4.3357e-08,0.050101,0.060057
-4.133e-08,0.050378,0.060183
-3.9036e-08,0.050654,0.060304
-3.6471e-08,0.050928,0.060417
-3.3633e-08,0.051202,0.060522
-3.0518e-08,0.051473,0.060619
-2.7128e-08,0.051743,0.060708
-2.346e-08,0.05201,0.060788
-1.9517e-08,0.052274,0.060858
-1.5301e-08,0.052535,0.060919
-1.0816e-08,0.052793,0.06097
-6.0657e-09,0.053048,0.06101
-1.0573e-09,0.053298,0.06104
4.2019e-09,0.053545,0.06106
9.703e-09,0.053787,0.061068
1.5436e-08,0.054025,0.061065
2.1388e-08,0.054258,0.061052
2.7548e-08,0.054486,0.061027
3.3899e-08,0.054708,0.060991
4.0425e-08,0.054926,0.060943
4.711e-08,0.055138,0.060885
5.3933e-08,0.055344,0.060816
6.0874e-08,0.055544,0.060736
6.7911e-08,0.055738,0.060645
7.502e-08,0.055926,0.060544
8.2175e-08,0.056107,0.060433
8.935e-08,0.056282,0.060312
9.6518e-08,0.056451,0.060182
1.0365e-07,0.056612,0.060043
1.1071e-07,0.056767,0.059896
1.1767e-07,0.056915,0.059741
1.245e-07,0.057055,0.059578
1.3116e-07,0.057189,0.059408
1.3762e-07,0.057315,0.059232
1.4384e-07,0.057434,0.05905
1.4979e-07,0.057545,0.058864
1.5542e-07,0.057649,0.058672
1.607e-07,0.057745,0.058478
1.656e-07,0.057834,0.05828
1.7006e-07,0.057915,0.05808
1.7406e-07,0.057988,0.057878
1.7755e-07,0.058054,0.057676
1.8049e-07,0.058112,0.057473
1.8285e-07,0.058162,0.057271
1.8458e-07,0.058204,0.057071
1.8565e-07,0.058239,0.056872
1.8603e-07,0.058266,0.056677
1.8567e-07,0.058285,0.056485
1.8454e-07,0.058296,0.056297
1.8262e-07,0.0583,0.056114
1.7986e-07,0.058296,0.055936
1.7623e-07,0.058285,0.055765
1.7171e-07,0.058266,0.0556
1.6628e-07,0.05824,0.055442
1.5991e-07,0.058207,0.055293
1.5258e-07,0.058167,0.055151
1.4426e-07,0.05812,0.055019
1.3496e-07,0.058066,0.054895
1.2465e-07,0.058005,0.054781
1.1333e-07,0.057938,0.054677
1.01e-07,0.057864,0.054583
8.7645e-08,0.057785,0.0545
7.3281e-08,0.057699,0.054427
5.7914e-08,0.057608,0.054365
4.1555e-08,0.057511,0.054315
2.4222e-08,0.057409,0.054275
5.937e-09,0.057301,0.054247
-1.3273e-08,0.057189,0.054229
-3.3375e-08,0.057073,0.054224
-5.4333e-08,0.056952,0.054229
-7.6104e-08,0.056827,0.054245
-9.8639e-08,0.056698,0.054272
-1.2189e-07,0.056566,0.05431
-1.4579e-07,0.056431,0.054359
-1.7027e-07,0.056292,0.054418
-1.9528e-07,0.056151,0.054487
-2.2073e-07,0.056008,0.054566
-2.4654e-07,0.055863,0.054655
-2.7263e-07,0.055715,0.054753
-2.989e-07,0.055567,0.05486
-3.2526e-07,0.055417,0.054975
-3.516e-07,0.055266,0.055099
-3.7782e-07,0.055114,0.055231
-4.038e-07,0.054963,0.05537
-4.2943e-07,0.054811,0.055516
-4.5459e-07,0.054659,0.055668
-4.7916e-07,0.054508,0.055827
-5.03e-07,0.054358,0.055991
-5.2598e-07,0.054209,0.056161
-5.4797e-07,0.054062,0.056336
-5.6883e-07,0.053916,0.056516
-5.8842e-07,0.053771,0.056699
-6.066e-07,0.05363,0.056886
-6.2323e-07,0.05349,0.057076
-6.3816e-07,0.053353,0.057269
-6.5125e-07,0.053219,0.057465
-6.6236e-07,0.053088,0.057662
-6.7134e-07,0.052961,0.057861
-6.7806e-07,0.052836,0.058062
-6.8237e-07,0.052716,0.058263
-6.8414e-07,0.052599,0.058465
-6.8324e-07,0.052487,0.058668
-6.7954e-07,0.052379,0.05887
-6.7292e-07,0.052275,0.059072
-6.6326e-07,0.052175,0.059273
-6.5046e-07,0.05208,0.059473
-6.344e-07,0.05199,0.059672
-6.15e-07,0.051904,0.05987
-5.9217e-07,0.051824,0.060066
-5.6583e-07,0.051748,0.060259
-5.3593e-07,0.051677,0.060451
-5.0239e-07,0.051612,0.06064
-4.6519e-07,0.051551,0.060827
-4.243e-07,0.051495,0.06101
-3.7969e-07,0.051445,0.061191
-3.3136e-07,0.051399,0.061368
-2.7934e-07,0.051359,0.061542
-2.2364e-07,0.051324,0.061713
-1.6432e-07,0.051293,0.061879
-1.0144e-07,0.051268,0.062042
-3.5078e-08,0.051247,0.062201
3.4671e-08,0.051231,0.062356
1.0769e-07,0.051219,0.062506
1.8384e-07,0.051213,0.062651
2.6296e-07,0.05121,0.062793
3.4489e-07,0.051212,0.062929
4.2942e-07,0.051218,0.06306
5.1634e-07,0.051228,0.063186
6.0542e-07,0.051242,0.063308
6.964e-07,0.05126,0.063423
7.8901e-07,0.051281,0.063534
8.8294e-07,0.051306,0.063638
9.7788e-07,0.051334,0.063737
1.0735e-06,0.051364,0.06383
1.1694e-06,0.051398,0.063917
1.2653e-06,0.051434,0.063998
1.3607e-06,0.051472,0.064073
1.4553e-06,0.051513,0.064141
1.5486e-06,0.051555,0.064203
1.6401e-06,0.051599,0.064259
1.7295e-06,0.051644,0.064307
1.8162e-06,0.051691,0.064349
1.8998e-06,0.051738,0.064384
1.9797e-06,0.051787,0.064411
2.0555e-06,0.051835,0.064432
2.1266e-06,0.051884,0.064445
2.1926e-06,0.051932,0.064451
2.2529e-06,0.051981,0.06445
2.3069e-06,0.052029,0.064441
2.3542e-06,0.052075,0.064425
2.3942e-06,0.052121,0.064401
2.4263e-06,0.052166,0.06437
2.4502e-06,0.052209,0.064331
2.4652e-06,0.05225,0.064284
2.471e-06,0.052289,0.064229
2.4669e-06,0.052325,0.064167
2.4525e-06,0.05236,0.064097
2.4274e-06,0.052391,0.06402
2.3911e-06,0.05242,0.063935
2.3432e-06,0.052445,0.063842
2.2835e-06,0.052467,0.063741
2.2114e-06,0.052486,0.063633
2.1267e-06,0.052501,0.063518
2.0292e-06,0.052512,0.063395
1.9185e-06,0.052519,0.063265
1.7945e-06,0.052522,0.063128
1.6571e-06,0.052521,0.062983
1.506e-06,0.052516,0.062832
1.3414e-06,0.052506,0.062674
1.1631e-06,0.052491,0.062509
9.7118e-07,0.052473,0.062337
7.6584e-07,0.052449,0.06216
5.4721e-07,0.052421,0.061976
3.1551e-07,0.052389,0.061786
7.107e-08,0.052352,0.06159
-1.8576e-07,0.05231,0.061389
-4.5452e-07,0.052264,0.061183
-7.3472e-07,0.052213,0.060971
-1.0258e-06,0.052158,0.060755
-1.327e-06,0.0521,0.060534
-1.6377e-06,0.052037,0.060309
-1.957e-06,0.05197,0.060079
-2.284e-06,0.051899,0.059846
-2.6179e-06,0.051825,0.059609
-2.9574e-06,0.051748,0.059369
-3.3016e-06,0.051668,0.059127
-3.6492e-06,0.051584,0.058881
-3.9989e-06,0.051499,0.058634
-4.3494e-06,0.051411,0.058384
-4.6993e-06,0.051321,0.058133
-5.047e-06,0.051229,0.057881
-5.391e-06,0.051137,0.057628
-5.7297e-06,0.051043,0.057374
-6.0613e-06,0.050948,0.05712
-6.3841e-06,0.050854,0.056866
-6.6962e-06,0.050759,0.056612
-6.9959e-06,0.050666,0.05636
-7.2811e-06,0.050573,0.056108
-7.5499e-06,0.050481,0.055859
-7.8004e-06,0.050391,0.055611
-8.0304e-06,0.050303,0.055365
-8.2379e-06,0.050217,0.055122
-8.4208e-06,0.050135,0.054882
-8.577e-06,0.050056,0.054646
-8.7044e-06,0.04998,0.054413
-8.801e-06,0.049908,0.054184
-8.8645e-06,0.049841,0.05396
-8.8929e-06,0.049779,0.05374
-8.8842e-06,0.049721,0.053526
-8.8363e-06,0.049669,0.053316
-8.7472e-06,0.049623,0.053112
-8.615e-06,0.049583,0.052915
-8.4379e-06,0.049549,0.052723
-8.214e-06,0.049522,0.052537
-7.9415e-06,0.049501,0.052358
-7.619e-06,0.049487,0.052186
-7.2447e-06,0.049481,0.052021
-6.8174e-06,0.049481,0.051863
-6.3356e-06,0.04949,0.051712
-5.7982e-06,0.049505,0.051568
-5.2041e-06,0.049529,0.051432
-4.5525e-06,0.04956,0.051303
-3.8426e-06,0.049598,0.051182
-3.0737e-06,0.049644,0.051068
-2.2456e-06,0.049698,0.050962
-1.3579e-06,0.049759,0.050863
-4.1057e-07,0.049827,0.050771
5.9615e-07,0.049903,0.050687
1.6619e-06,0.049986,0.05061
2.7862e-06,0.050075,0.050539
3.9683e-06,0.050171,0.050476
5.207e-06,0.050273,0.050419
6.5013e-06,0.050382,0.050368
7.8496e-06,0.050496,0.050323
9.2503e-06,0.050615,0.050283
1.0701e-05,0.050739,0.05025
1.2201e-05,0.050868,0.050221
1.3746e-05,0.051002,0.050196
1.5335e-05,0.051139,0.050176
1.6964e-05,0.05128,0.05016
1.863e-05,0.051423,0.050147
2.0331e-05,0.051569,0.050138
2.2062e-05,0.051718,0.05013
2.382e-05,0.051868,0.050125
2.56e-05,0.052019,0.050122
2.74e-05,0.052171,0.050119
2.9214e-05,0.052324,0.050117
3.1038e-05,0.052476,0.050116
3.2867e-05,0.052628,0.050113
3.4697e-05,0.052779,0.05011
3.6523e-05,0.052929,0.050106
3.8339e-05,0.053077,0.0501
4.0141e-05,0.053222,0.050091
4.1923e-05,0.053366,0.05008
4.368e-05,0.053506,0.050065
4.5406e-05,0.053644,0.050047
4.7098e-05,0.053778,0.050024
4.8748e-05,0.053908,0.049997
5.0352e-05,0.054035,0.049965
5.1904e-05,0.054157,0.049927
5.34e-05,0.054276,0.049884
5.4835e-05,0.054389,0.049834
5.6203e-05,0.054498,0.049778
5.75e-05,0.054603,0.049715
5.8721e-05,0.054702,0.049645
5.9861e-05,0.054797,0.049568
6.0918e-05,0.054887,0.049484
6.1886e-05,0.054972,0.049391
6.2763e-05,0.055052,0.049291
6.3544e-05,0.055127,0.049183
6.4228e-05,0.055198,0.049066
6.481e-05,0.055264,0.048941
6.5291e-05,0.055326,0.048809
6.5666e-05,0.055383,0.048667
6.5935e-05,0.055436,0.048518
6.6097e-05,0.055486,0.048361
6.6151e-05,0.055532,0.048195
6.6097e-05,0.055574,0.048022
6.5935e-05,0.055613,0.04784
6.5666e-05,0.05565,0.047651
6.5291e-05,0.055684,0.047455
6.481e-05,0.055715,0.047251
6.4228e-05,0.055745,0.047041
6.3544e-05,0.055773,0.046824
6.2763e-05,0.055799,0.0466
6.1886e-05,0.055825,0.046371
6.0918e-05,0.05585,0.046136
5.9861e-05,0.055875,0.045896
5.8721e-05,0.0559,0.045652
5.75e-05,0.055925,0.045403
5.6203e-05,0.055951,0.04515
5.4835e-05,0.055978,0.044894
5.34e-05,0.056006,0.044635
5.1904e-05,0.056037,0.044375
5.0352e-05,0.056069,0.044112
4.8748e-05,0.056104,0.043848
4.7098e-05,0.056141,0.043584
4.5406e-05,0.056182,0.04332
4.368e-05,0.056225,0.043057
4.1923e-05,0.056272,0.042795
4.0141e-05,0.056323,0.042534
3.8339e-05,0.056378,0.042277
3.6523e-05,0.056437,0.042022
3.4697e-05,0.0565,0.041772
3.2867e-05,0.056567,0.041525
3.1038e-05,0.056639,0.041284
2.9214e-05,0.056716,0.041048
2.74e-05,0.056798,0.040819
2.56e-05,0.056884,0.040596
2.382e-05,0.056975,0.040381
2.2062e-05,0.057071,0.040174
2.0331e-05,0.057172,0.039976
1.863e-05,0.057278,0.039786
1.6964e-05,0.057388,0.039607
1.5335e-05,0.057503,0.039437
1.3746e-05,0.057622,0.039278
1.2201e-05,0.057745,0.039131
1.0701e-05,0.057872,0.038995
9.2503e-06,0.058003,0.038871
7.8496e-06,0.058138,0.03876
6.5013e-06,0.058276,0.038662
5.207e-06,0.058416,0.038577
3.9683e-06,0.058559,0.038505
2.7862e-06,0.058704,0.038447
1.6619e-06,0.058851,0.038404
5.9615e-07,0.058999,0.038375
-4.1057e-07,0.059148,0.03836
-1.3579e-06,0.059297,0.03836
-2.2456e-06,0.059446,0.038375
-3.0737e-06,0.059594,0.038406
-3.8426e-06,0.059741,0.038451
-4.5525e-06,0.059886,0.038512
-5.2041e-06,0.060028,0.038587
-5.7982e-06,0.060168,0.038679
-6.3356e-06,0.060304,0.038785
-6.8174e-06,0.060435,0.038906
-7.2447e-06,0.060562,0.039043
-7.619e-06,0.060682,0.039194
-7.9415e-06,0.060797,0.03936
-8.214e-06,0.060904,0.039541
-8.4379e-06,0.061004,0.039736
-8.615e-06,0.061096,0.039945
-8.7472e-06,0.061179,0.040168
-8.8363e-06,0.061252,0.040404
-8.8842e-06,0.061315,0.040654
-8.8929e-06,0.061367,0.040917
-8.8645e-06,0.061407,0.041192
-8.801e-06,0.061436,0.041479
-8.7044e-06,0.061452,0.041778
-8.577e-06,0.061455,0.042088
-8.4208e-06,0.061444,0.042409
-8.2379e-06,0.061419,0.042741
-8.0304e-06,0.061379,0.043082
-7.8004e-06,0.061325,0.043433
-7.5499e-06,0.061254,0.043793
-7.2811e-06,0.061168,0.044161
-6.9959e-06,0.061066,0.044537
-6.6962e-06,0.060948,0.04492
-6.3841e-06,0.060813,0.04531
-6.0613e-06,0.060661,0.045707
-5.7297e-06,0.060493,0.046108
-5.391e-06,0.060307,0.046515
-5.047e-06,0.060105,0.046927
-4.6993e-06,0.059885,0.047343
-4.3494e-06,0.059649,0.047762
-3.9989e-06,0.059396,0.048183
-3.6492e-06,0.059126,0.048608
-3.3016e-06,0.05884,0.049034
-2.9574e-06,0.058538,0.049461
-2.6179e-06,0.05822,0.049888
-2.284e-06,0.057887,0.050316
-1.957e-06,0.057539,0.050744
-1.6377e-06,0.057177,0.051171
-1.327e-06,0.0568,0.051596
-1.0258e-06,0.056411,0.05202
-7.3472e-07,0.056009,0.052441
-4.5452e-07,0.055595,0.05286
-1.8576e-07,0.055169,0.053275
7.1069e-08,0.054733,0.053687
3.1551e-07,0.054288,0.054095
5.4721e-07,0.053834,0.054498
7.6584e-07,0.053371,0.054897
9.7118e-07,0.052902,0.055291
1.1631e-06,0.052427,0.05568
1.3414e-06,0.051946,0.056062
1.506e-06,0.051461,0.05644
1.6571e-06,0.050973,0.056811
1.7945e-06,0.050482,0.057176
1.9185e-06,0.049991,0.057534
2.0292e-06,0.049499,0.057886
2.1267e-06,0.049008,0.058231
2.2114e-06,0.048519,0.05857
2.2835e-06,0.048033,0.058901
2.3432e-06,0.047551,0.059226
2.3911e-06,0.047073,0.059544
2.4274e-06,0.046602,0.059854
2.4525e-06,0.046138,0.060158
2.4669e-06,0.045681,0.060456
2.471e-06,0.045234,0.060746
2.4652e-06,0.044796,0.06103
2.4502e-06,0.04437,0.061307
2.4263e-06,0.043955,0.061578
2.3941e-06,0.043552,0.061843
2.3542e-06,0.043163,0.062102
2.3069e-06,0.042788,0.062355
2.2529e-06,0.042428,0.062603
2.1926e-06,0.042083,0.062845
2.1266e-06,0.041755,0.063082
2.0555e-06,0.041443,0.063315
1.9797e-06,0.04115,0.063542
1.8998e-06,0.040874,0.063766
1.8162e-06,0.040617,0.063985
1.7295e-06,0.040379,0.0642
1.6401e-06,0.04016,0.064412
1.5486e-06,0.039961,0.064621
1.4553e-06,0.039782,0.064827
1.3607e-06,0.039623,0.06503
1.2653e-06,0.039485,0.06523
1.1694e-06,0.039368,0.065428
1.0735e-06,0.039271,0.065624
9.7788e-07,0.039195,0.065818
8.8293e-07,0.03914,0.066011
7.89e-07,0.039105,0.066202
6.964e-07,0.039092,0.066392
6.0542e-07,0.039098,0.066581
5.1634e-07,0.039125,0.066768
4.2942e-07,0.039172,0.066955
3.4489e-07,0.039239,0.067141
2.6296e-07,0.039325,0.067326
1.8384e-07,0.039431,0.06751
1.0769e-07,0.039555,0.067693
3.4671e-08,0.039697,0.067876
-3.5078e-08,0.039857,0.068058
-1.0144e-07,0.040034,0.068238
-1.6432e-07,0.040228,0.068418
-2.2364e-07,0.040437,0.068597
-2.7934e-07,0.040663,0.068774
-3.3136e-07,0.040903,0.06895
-3.7968e-07,0.041157,0.069124
-4.2429e-07,0.041425,0.069296
-4.6519e-07,0.041705,0.069466
-5.0239e-07,0.041998,0.069633
-5.3592e-07,0.042302,0.069798
-5.6583e-07,0.042616,0.06996
-5.9217e-07,0.042941,0.070119
-6.15e-07,0.043274,0.070274
-6.344e-07,0.043616,0.070425
-6.5045e-07,0.043965,0.070572
-6.6326e-07,0.04432,0.070714
-6.7292e-07,0.044682,0.070851
-6.7954e-07,0.045048,0.070983
-6.8324e-07,0.045419,0.071109
-6.8414e-07,0.045794,0.07123
-6.8236e-07,0.046171,0.071344
-6.7805e-07,0.04655,0.071451
-6.7134e-07,0.04693,0.071551
-6.6235e-07,0.047311,0.071644
-6.5125e-07,0.047691,0.071729
-6.3816e-07,0.04807,0.071806
-6.2323e-07,0.048448,0.071875
-6.066e-07,0.048823,0.071935
-5.8842e-07,0.049195,0.071987
-5.6883e-07,0.049563,0.072029
-5.4796e-07,0.049927,0.072062
-5.2597e-07,0.050286,0.072086
-5.0299e-07,0.05064,0.0721
-4.7915e-07,0.050987,0.072104
-4.5459e-07,0.051327,0.072098
-4.2943e-07,0.051661,0.072082
-4.038e-07,0.051987,0.072056
-3.7781e-07,0.052304,0.07202
-3.5159e-07,0.052613,0.071973
-3.2525e-07,0.052914,0.071917
-2.989e-07,0.053205,0.07185
-2.7263e-07,0.053486,0.071772
-2.4654e-07,0.053758,0.071685
-2.2073e-07,0.054019,0.071587
-1.9528e-07,0.054271,0.07148
-1.7027e-07,0.054511,0.071363
-1.4578e-07,0.054741,0.071236
-1.2188e-07,0.05496,0.0711
-9.8638e-08,0.055168,0.070955
-7.6102e-08,0.055365,0.070801
-5.4332e-08,0.05555,0.070638
-3.3374e-08,0.055725,0.070466
-1.3273e-08,0.055889,0.070287
5.9367e-09,0.056041,0.070099
2.4221e-08,0.056182,0.069905
4.1554e-08,0.056313,0.069703
5.7912e-08,0.056432,0.069494
7.3279e-08,0.056541,0.069279
8.7643e-08,0.056639,0.069058
1.0099e-07,0.056727,0.068831
1.1333e-07,0.056804,0.0686
1.2465e-07,0.056872,0.068363
1.3496e-07,0.05693,0.068122
1.4426e-07,0.056978,0.067877
1.5257e-07,0.057018,0.067629
1.599e-07,0.057048,0.067378
1.6628e-07,0.05707,0.067124
1.7171e-07,0.057083,0.066868
1.7622e-07,0.057089,0.06661
1.7985e-07,0.057087,0.06635
1.8261e-07,0.057077,0.06609
1.8454e-07,0.057061,0.065829
1.8566e-07,0.057038,0.065568
1.8602e-07,0.05701,0.065307
1.8564e-07,0.056975,0.065047
1.8457e-07,0.056935,0.064787
1.8283e-07,0.056889,0.064529
1.8048e-07,0.056839,0.064273
1.7753e-07,0.056785,0.064018
1.7404e-07,0.056727,0.063766
1.7005e-07,0.056665,0.063516
1.6558e-07,0.056601,0.06327
1.6069e-07,0.056533,0.063026
1.5541e-07,0.056463,0.062785
1.4978e-07,0.056391,0.062548
1.4383e-07,0.056316,0.062314
1.3761e-07,0.056241,0.062084
1.3115e-07,0.056164,0.061858
1.2449e-07,0.056086,0.061636
1.1766e-07,0.056008,0.061419
1.107e-07,0.05593,0.061205
1.0363e-07,0.055851,0.060996
9.6505e-08,0.055773,0.060791
8.9338e-08,0.055695,0.060591
8.2163e-08,0.055618,0.060395
7.5008e-08,0.055541,0.060203
6.79e-08,0.055466,0.060016
6.0864e-08,0.055392,0.059833
5.3924e-08,0.055319,0.059654
4.7101e-08,0.055247,0.059479
4.0418e-08,0.055177,0.059309
3.3892e-08,0.055109,0.059142
2.7542e-08,0.055043,0.05898
2.1384e-08,0.054979,0.058821
1.5432e-08,0.054916,0.058666
9.701e-09,0.054856,0.058514
4.2012e-09,0.054797,0.058366
-1.0565e-09,0.054741,0.058221
-6.0634e-09,0.054686,0.058079
-1.0812e-08,0.054634,0.05794
-1.5296e-08,0.054584,0.057804
-1.951e-08,0.054535,0.057671
-2.3451e-08,0.054489,0.05754
-2.7117e-08,0.054444,0.057411
-3.0506e-08,0.054401,0.057285
-3.3618e-08,0.05436,0.057161
-3.6455e-08,0.054321,0.057038
-3.9018e-08,0.054283,0.056917
-4.131e-08,0.054247,0.056798
-4.3335e-08,0.054212,0.056681
-4.5098e-08,0.054179,0.056564
-4.6604e-08,0.054147,0.056449
-4.786e-08,0.054116,0.056335
-4.8872e-08,0.054085,0.056222
-4.9648e-08,0.054056,0.05611
-5.0197e-08,0.054028,0.055999
-5.0526e-08,0.054,0.055888
-5.0644e-08,0.053972,0.055779
-5.0562e-08,0.053945,0.055669
-5.0289e-08,0.053919,0.055561
-4.9834e-08,0.053892,0.055453
-4.9209e-08,0.053866,0.055345
-4.8423e-08,0.053839,0.055238
-4.7487e-08,0.053813,0.055131
-4.6412e-08,0.053786,0.055025
-4.5209e-08,0.053759,0.054919
-4.3888e-08,0.053731,0.054814
-4.2459e-08,0.053703,0.05471
-4.0934e-08,0.053674,0.054606
-3.9322e-08,0.053645,0.054503
-3.7634e-08,0.053615,0.054401
-3.5881e-08,0.053584,0.0543
-3.4071e-08,0.053552,0.054199
-3.2215e-08,0.053519,0.0541
-3.0322e-08,0.053485,0.054002
-2.8401e-08,0.05345,0.053906
-2.646e-08,0.053414,0.053811
-2.4509e-08,0.053376,0.053717
-2.2554e-08,0.053338,0.053626
-2.0605e-08,0.053298,0.053536
-1.8667e-08,0.053257,0.053449
-1.6749e-08,0.053215,0.053364
-1.4856e-08,0.053171,0.053282
-1.2995e-08,0.053126,0.053202
-1.1171e-08,0.05308,0.053126
-9.3894e-09,0.053032,0.053052
-7.6557e-09,0.052983,0.052982
-5.974e-09,0.052933,0.052916
-4.3483e-09,0.052881,0.052854
-2.7824e-09,0.052828,0.052795
-1.2794e-09,0.052774,0.052741
1.578e-10,0.052718,0.052691
1.5267e-09,0.052661,0.052646
2.8252e-09,0.052602,0.052606
4.0516e-09,0.052542,0.052572
5.2045e-09,0.052481,0.052542
6.2829e-09,0.052418,0.052518
7.2862e-09,0.052354,0.0525
8.214e-09,0.052289,0.052488
9.0662e-09,0.052222,0.052482
9.8431e-09,0.052154,0.052482
1.0545e-08,0.052085,0.052489
1.1173e-08,0.052014,0.052502
1.1728e-08,0.051943,0.052523
1.2212e-08,0.05187,0.05255
1.2625e-08,0.051795,0.052584
1.297e-08,0.05172,0.052625
1.3248e-08,0.051643,0.052674
1.3461e-08,0.051565,0.05273
1.3612e-08,0.051486,0.052794
1.3703e-08,0.051406,0.052865
1.3737e-08,0.051324,0.052943
1.3715e-08,0.051242,0.053029
1.3641e-08,0.051158,0.053123
1.3518e-08,0.051074,0.053224
1.3347e-08,0.050988,0.053333
1.3133e-08,0.050902,0.053449
1.2878e-08,0.050814,0.053573
1.2584e-08,0.050726,0.053704
1.2256e-08,0.050637,0.053843
1.1895e-08,0.050547,0.053988
1.1505e-08,0.050456,0.054141
1.1088e-08,0.050365,0.0543
1.0648e-08,0.050273,0.054467
1.0187e-08,0.05018,0.05464
9.7081e-09,0.050087,0.054819
9.2141e-09,0.049993,0.055005
8.7075e-09,0.0499,0.055196
8.1909e-09,0.049805,0.055394
7.6668e-09,0.049711,0.055597
7.1376e-09,0.049617,0.055805
6.6057e-09,0.049522,0.056019
6.0733e-09,0.049428,0.056237
5.5425e-09,0.049333,0.05646
5.0153e-09,0.049239,0.056688
4.4937e-09,0.049145,0.056919
3.9794e-09,0.049052,0.057155
3.4742e-09,0.048959,0.057393
2.9796e-09,0.048867,0.057635
2.4972e-09,0.048775,0.05788
2.0282e-09,0.048684,0.058128
1.5739e-09,0.048594,0.058378
1.1355e-09,0.048505,0.058629
7.1391e-10,0.048416,0.058883
3.1009e-10,0.048329,0.059138
-7.517e-11,0.048243,0.059395
-4.4119e-10,0.048159,0.059652
-7.8739e-10,0.048075,0.05991
-1.1133e-09,0.047994,0.060169
-1.4185e-09,0.047913,0.060427
-1.7028e-09,0.047834,0.060686
-1.966e-09,0.047757,0.060944
-2.2079e-09,0.047682,0.061202
-2.4286e-09,0.047608,0.061459
-2.6282e-09,0.047536,0.061715
-2.8068e-09,0.047466,0.06197
-2.9647e-09,0.047398,0.062223
-3.1022e-09,0.047332,0.062475
-3.2196e-09,0.047268,0.062725
-3.3174e-09,0.047207,0.062974
-3.3961e-09,0.047147,0.06322
-3.4563e-09,0.047089,0.063465
-3.4985e-09,0.047034,0.063707
-3.5235e-09,0.046981,0.063946
-3.5319e-09,0.04693,0.064183
-3.5244e-09,0.046881,0.064418
-3.5018e-09,0.046835,0.06465
-3.4649e-09,0.046791,0.064879
-3.4146e-09,0.046749,0.065105
-3.3517e-09,0.046709,0.065328
-3.277e-09,0.046672,0.065549
-3.1914e-09,0.046637,0.065766
-3.0958e-09,0.046605,0.06598
-2.9911e-09,0.046574,0.066191
-2.8781e-09,0.046546,0.066399
-2.7578e-09,0.04652,0.066604
-2.6311e-09,0.046497,0.066805
-2.4988e-09,0.046475,0.067003
-2.3619e-09,0.046456,0.067197
-2.2211e-09,0.046439,0.067388
-2.0773e-09,0.046424,0.067576
-1.9313e-09,0.046411,0.06776
-1.784e-09,0.0464,0.067941
-1.6361e-09,0.046392,0.068118
-1.4884e-09,0.046385,0.068291
-1.3415e-09,0.04638,0.06846
-1.1963e-09,0.046376,0.068626
-1.0534e-09,0.046375,0.068788
-9.1342e-10,0.046375,0.068946
-7.7696e-10,0.046377,0.0691
-6.4462e-10,0.046381,0.06925
-5.1692e-10,0.046386,0.069396
-3.9438e-10,0.046393,0.069537
-2.7746e-10,0.046401,0.069674
-1.6659e-10,0.046411,0.069807
-6.2155e-11,0.046422,0.069935
3.5484e-11,0.046434,0.070059
1.2601e-10,0.046447,0.070177
2.0916e-10,0.046461,0.070291
2.847e-10,0.046477,0.0704
3.5242e-10,0.046493,0.070503
4.1217e-10,0.046511,0.070602
4.6383e-10,0.046529,0.070694
5.0733e-10,0.046548,0.070782
5.4262e-10,0.046567,0.070863
5.6971e-10,0.046588,0.070939
5.8861e-10,0.046609,0.071009
5.9942e-10,0.04663,0.071072
6.0223e-10,0.046652,0.07113
5.9719e-10,0.046675,0.071181
5.8447e-10,0.046698,0.071225
5.643e-10,0.046721,0.071263
5.369e-10,0.046745,0.071294
5.0255e-10,0.04677,0.071318
4.6157e-10,0.046794,0.071336
4.1429e-10,0.046819,0.071346
3.6106e-10,0.046844,0.071349
3.0228e-10,0.04687,0.071345
2.3837e-10,0.046896,0.071334
1.6976e-10,0.046922,0.071315
9.6909e-11,0.046949,0.071289
2.0308e-11,0.046976,0.071255
-5.9544e-11,0.047004,0.071214
-1.4213e-10,0.047032,0.071166
-2.2691e-10,0.04706,0.07111
-3.1333e-10,0.04709,0.071047
-4.0083e-10,0.047119,0.070976
-4.8885e-10,0.04715,0.070898
-5.7678e-10,0.047181,0.070813
-6.6405e-10,0.047214,0.07072
-7.5006e-10,0.047247,0.07062
-8.342e-10,0.047281,0.070514
-9.1589e-10,0.047316,0.0704
-9.9451e-10,0.047353,0.07028
-1.0695e-09,0.04739,0.070153
-1.1402e-09,0.047429,0.07002
-1.2061e-09,0.04747,0.069881
-1.2665e-09,0.047511,0.069735
-1.321e-09,0.047555,0.069584
-1.369e-09,0.0476,0.069427
-1.4099e-09,0.047646,0.069265
-1.4433e-09,0.047695,0.069098
-1.4685e-09,0.047745,0.068926
-1.4853e-09,0.047797,0.068749
-1.493e-09,0.047851,0.068568
-1.4913e-09,0.047907,0.068383
-1.4798e-09,0.047965,0.068195
-1.4582e-09,0.048025,0.068003
-1.426e-09,0.048088,0.067808
-1.3831e-09,0.048152,0.067611
-1.3291e-09,0.048218,0.067411
-1.2638e-09,0.048287,0.067209
-1.1872e-09,0.048357,0.067005
-1.099e-09,0.04843,0.0668
-9.9914e-10,0.048504,0.066594
-8.8765e-10,0.048581,0.066387
-7.645e-10,0.048659,0.06618
-6.2978e-10,0.04874,0.065972
-4.8361e-10,0.048822,0.065765
-3.2615e-10,0.048906,0.065558
-1.5764e-10,0.048992,0.065352
2.1634e-11,0.04908,0.065147
2.1133e-10,0.049169,0.064944
4.1103e-10,0.049259,0.064742
6.2029e-10,0.049351,0.064542
8.3859e-10,0.049444,0.064344
1.0653e-09,0.049539,0.064148
1.2999e-09,0.049634,0.063955
1.5415e-09,0.049731,0.063765
1.7895e-09,0.049828,0.063578
2.043e-09,0.049925,0.063394
2.3011e-09,0.050024,0.063213
2.563e-09,0.050122,0.063036
2.8275e-09,0.050221,0.062862
3.0937e-09,0.050321,0.062692
3.3604e-09,0.05042,0.062526
3.6266e-09,0.050519,0.062364
3.8909e-09,0.050618,0.062206
4.1521e-09,0.050716,0.062051
4.409e-09,0.050814,0.061901
4.6602e-09,0.050911,0.061755
4.9044e-09,0.051007,0.061614
5.1401e-09,0.051103,0.061476
5.3658e-09,0.051197,0.061343
5.5803e-09,0.05129,0.061213
5.7819e-09,0.051382,0.061088
5.9691e-09,0.051473,0.060967
6.1406e-09,0.051562,0.06085
6.2946e-09,0.05165,0.060738
6.4299e-09,0.051736,0.060629
6.5448e-09,0.05182,0.060524
6.6378e-09,0.051903,0.060422
6.7076e-09,0.051983,0.060325
6.7526e-09,0.052062,0.060231
6.7715e-09,0.052138,0.060141
6.7628e-09,0.052212,0.060054
6.7253e-09,0.052284,0.059971
6.6578e-09,0.052354,0.059891
6.5589e-09,0.052422,0.059814
6.4276e-09,0.052487,0.05974
6.2629e-09,0.052551,0.059669
6.0638e-09,0.052611,0.059601
5.8293e-09,0.052669,0.059536
5.5588e-09,0.052725,0.059473
5.2516e-09,0.052778,0.059414
4.9071e-09,0.052829,0.059356
4.525e-09,0.052878,0.059302
4.105e-09,0.052924,0.059249
3.6469e-09,0.052967,0.059199
3.1508e-09,0.053008,0.059151
2.6167e-09,0.053046,0.059105
2.0452e-09,0.053082,0.059061
1.4366e-09,0.053116,0.05902
7.9164e-10,0.053147,0.05898
1.1119e-10,0.053176,0.058942
-6.0372e-10,0.053202,0.058906
-1.3519e-09,0.053226,0.058872
-2.1318e-09,0.053247,0.05884
-2.9419e-09,0.053266,0.05881
-3.7803e-09,0.053283,0.058782
-4.645e-09,0.053298,0.058755
-5.5338e-09,0.05331,0.058731
-6.4442e-09,0.05332,0.058708
-7.3735e-09,0.053328,0.058687
-8.319e-09,0.053334,0.058668
-9.2774e-09,0.053337,0.058651
-1.0246e-08,0.053339,0.058637
-1.122e-08,0.053338,0.058624
-1.2197e-08,0.053336,0.058613
-1.3173e-08,0.053331,0.058605
-1.4144e-08,0.053324,0.058598
-1.5105e-08,0.053316,0.058594
-1.6053e-08,0.053305,0.058593
-1.6982e-08,0.053292,0.058594
-1.7888e-08,0.053278,0.058597
-1.8766e-08,0.053261,0.058603
-1.9611e-08,0.053243,0.058612
-2.0418e-08,0.053222,0.058623
-2.1182e-08,0.0532,0.058638
-2.1899e-08,0.053176,0.058655
-2.2561e-08,0.053149,0.058675
-2.3165e-08,0.053121,0.058699
-2.3704e-08,0.053091,0.058725
-2.4174e-08,0.053059,0.058755
-2.4569e-08,0.053025,0.058788
-2.4884e-08,0.05299,0.058825
-2.5113e-08,0.052952,0.058865
-2.5252e-08,0.052913,0.058909
-2.5296e-08,0.052871,0.058956
-2.5238e-08,0.052828,0.059007
-2.5076e-08,0.052783,0.059062
-2.4804e-08,0.052737,0.059121
-2.4418e-08,0.052688,0.059184
-2.3914e-08,0.052638,0.05925
-2.3288e-08,0.052586,0.059321
-2.2537e-08,0.052532,0.059395
-2.1658e-08,0.052477,0.059474
-2.0647e-08,0.05242,0.059556
-1.9503e-08,0.052362,0.059643
-1.8223e-08,0.052302,0.059734
-1.6807e-08,0.052241,0.059828
-1.5252e-08,0.052178,0.059927
-1.3559e-08,0.052113,0.06003
-1.1728e-08,0.052048,0.060137
-9.7587e-09,0.05198,0.060248
-7.6529e-09,0.051912,0.060362
-5.4123e-09,0.051843,0.060481
-3.0393e-09,0.051772,0.060603
-5.3695e-10,0.0517,0.060729
2.0909e-09,0.051627,0.060859
4.8399e-09,0.051553,0.060992
7.7048e-09,0.051478,0.061129
1.068e-08,0.051402,0.061269
1.3758e-08,0.051325,0.061412
1.6932e-08,0.051247,0.061558
2.0195e-08,0.051168,0.061708
2.3536e-08,0.051088,0.06186
2.6947e-08,0.051008,0.062014
3.0417e-08,0.050927,0.062172
3.3935e-08,0.050845,0.062331
3.7489e-08,0.050763,0.062493
4.1066e-08,0.05068,0.062657
4.4653e-08,0.050596,0.062822
4.8237e-08,0.050512,0.062989
5.1802e-08,0.050427,0.063157
5.5333e-08,0.050341,0.063326
5.8814e-08,0.050256,0.063496
6.2229e-08,0.050169,0.063667
6.556e-08,0.050082,0.063838
6.879e-08,0.049995,0.064009
7.1901e-08,0.049907,0.06418
7.4875e-08,0.049819,0.064351
7.7692e-08,0.049731,0.06452
8.0333e-08,0.049642,0.064689
8.278e-08,0.049553,0.064857
8.5012e-08,0.049463,0.065022
8.7011e-08,0.049373,0.065186
8.8756e-08,0.049283,0.065348
9.0228e-08,0.049192,0.065507
9.1408e-08,0.049102,0.065664
9.2276e-08,0.049011,0.065817
9.2814e-08,0.04892,0.065967
9.3002e-08,0.048828,0.066113
9.2824e-08,0.048737,0.066255
9.2262e-08,0.048645,0.066393
9.1298e-08,0.048553,0.066526
8.9919e-08,0.048461,0.066655
8.8107e-08,0.04837,0.066778
8.585e-08,0.048278,0.066895
8.3134e-08,0.048186,0.067007
7.9949e-08,0.048094,0.067113
7.6283e-08,0.048002,0.067212
7.2128e-08,0.04791,0.067305
6.7477e-08,0.047819,0.067391
6.2324e-08,0.047728,0.06747
5.6664e-08,0.047637,0.067542
5.0497e-08,0.047546,0.067606
4.3822e-08,0.047456,0.067663
3.6641e-08,0.047366,0.067711
2.8957e-08,0.047276,0.067752
2.0778e-08,0.047187,0.067784
1.2113e-08,0.047099,0.067807
2.9707e-09,0.047011,0.067822
-6.6336e-09,0.046924,0.067829
-1.6684e-08,0.046838,0.067826
-2.7163e-08,0.046753,0.067815
-3.8048e-08,0.046668,0.067795
-4.9315e-08,0.046585,0.067766
-6.0939e-08,0.046503,0.067728
-7.2888e-08,0.046421,0.067681
-8.5132e-08,0.046342,0.067625
-9.7636e-08,0.046263,0.06756
-1.1036e-07,0.046186,0.067486
-1.2327e-07,0.04611,0.067403
-1.3631e-07,0.046037,0.067312
-1.4944e-07,0.045965,0.067213
-1.6262e-07,0.045894,0.067105
-1.7579e-07,0.045826,0.066989
-1.889e-07,0.04576,0.066865
-2.0189e-07,0.045696,0.066733
-2.1471e-07,0.045634,0.066594
-2.2729e-07,0.045575,0.066448
-2.3957e-07,0.045518,0.066295
-2.5149e-07,0.045464,0.066136
-2.6298e-07,0.045413,0.065971
-2.7398e-07,0.045365,0.065799
-2.8441e-07,0.045319,0.065623
-2.942e-07,0.045277,0.065441
-3.033e-07,0.045238,0.065255
-3.1161e-07,0.045203,0.065064
-3.1908e-07,0.045171,0.06487
-3.2562e-07,0.045142,0.064673
-3.3117e-07,0.045117,0.064473
-3.3567e-07,0.045096,0.064271
-3.3902e-07,0.045079,0.064067
-3.4118e-07,0.045066,0.063862
-3.4207e-07,0.045057,0.063656
-3.4162e-07,0.045052,0.06345
-3.3977e-07,0.045052,0.063244
-3.3646e-07,0.045055,0.063039
-3.3163e-07,0.045063,0.062836
-3.2523e-07,0.045076,0.062634
-3.172e-07,0.045093,0.062435
-3.075e-07,0.045114,0.062239
-2.9608e-07,0.04514,0.062046
-2.8292e-07,0.04517,0.061858
-2.6796e-07,0.045205,0.061673
-2.512e-07,0.045245,0.061494
-2.326e-07,0.045289,0.06132
-2.1215e-07,0.045338,0.061153
-1.8984e-07,0.045391,0.060991
-1.6568e-07,0.045448,0.060836
-1.3967e-07,0.04551,0.060689
-1.1182e-07,0.045577,0.060549
-8.2163e-08,0.045647,0.060417
-5.0722e-08,0.045722,0.060294
-1.7539e-08,0.045801,0.060179
1.7335e-08,0.045883,0.060073
5.3843e-08,0.04597,0.059976
9.1917e-08,0.04606,0.059889
1.3148e-07,0.046153,0.059812
1.7244e-07,0.04625,0.059744
2.1471e-07,0.04635,0.059686
2.5817e-07,0.046453,0.059639
3.0271e-07,0.046559,0.059602
3.482e-07,0.046667,0.059575
3.945e-07,0.046778,0.059559
4.4147e-07,0.046891,0.059552
4.8894e-07,0.047005,0.059557
5.3674e-07,0.047122,0.059571
5.8471e-07,0.04724,0.059596
6.3265e-07,0.047359,0.059631
6.8036e-07,0.047479,0.059676
7.2765e-07,0.047599,0.05973
7.7429e-07,0.04772,0.059794
8.2007e-07,0.047841,0.059867
8.6476e-07,0.047962,0.059949
9.0811e-07,0.048083,0.06004
9.499e-07,0.048202,0.06014
9.8986e-07,0.048321,0.060247
1.0278e-06,0.048439,0.060362
1.0633e-06,0.048555,0.060484
1.0963e-06,0.048669,0.060614
1.1264e-06,0.048781,0.06075
1.1534e-06,0.048891,0.060891
1.1771e-06,0.048998,0.061039
1.1971e-06,0.049103,0.061192
1.2132e-06,0.049204,0.061349
1.2251e-06,0.049302,0.06151
1.2326e-06,0.049397,0.061675
1.2355e-06,0.049487,0.061844
1.2334e-06,0.049574,0.062015
1.2262e-06,0.049656,0.062188
1.2137e-06,0.049734,0.062363
1.1955e-06,0.049808,0.062539
1.1716e-06,0.049876,0.062716
1.1417e-06,0.04994,0.062893
1.1057e-06,0.049999,0.06307
1.0634e-06,0.050053,0.063246
1.0146e-06,0.050101,0.06342
9.5925e-07,0.050145,0.063593
8.9726e-07,0.050182,0.063764
8.2853e-07,0.050215,0.063932
7.5301e-07,0.050242,0.064096
6.7068e-07,0.050263,0.064258
5.8153e-07,0.050279,0.064415
4.8559e-07,0.050289,0.064568
3.8292e-07,0.050294,0.064716
2.736e-07,0.050293,0.064859
1.5776e-07,0.050288,0.064997
3.5535e-08,0.050276,0.065129
-9.2878e-08,0.05026,0.065255
-2.2726e-07,0.050239,0.065375
-3.6736e-07,0.050212,0.065489
-5.1288e-07,0.050181,0.065595
-6.6349e-07,0.050145,0.065695
-8.1883e-07,0.050105,0.065787
-9.7849e-07,0.05006,0.065873
-1.142e-06,0.050012,0.065951
-1.3089e-06,0.049959,0.066021
-1.4787e-06,0.049903,0.066083
-1.6508e-06,0.049844,0.066138
-1.8246e-06,0.049782,0.066186
-1.9995e-06,0.049716,0.066225
-2.1747e-06,0.049648,0.066257
-2.3496e-06,0.049578,0.066281
-2.5235e-06,0.049506,0.066297
-2.6955e-06,0.049432,0.066305
-2.8648e-06,0.049357,0.066306
-3.0306e-06,0.04928,0.066299
-3.192e-06,0.049203,0.066285
-3.3481e-06,0.049125,0.066264
-3.4979e-06,0.049047,0.066236
-3.6405e-06,0.048969,0.0662
-3.775e-06,0.048892,0.066158
-3.9002e-06,0.048815,0.066109
-4.0152e-06,0.04874,0.066054
-4.1189e-06,0.048666,0.065993
-4.2104e-06,0.048593,0.065926
-4.2885e-06,0.048522,0.065853
-4.3522e-06,0.048454,0.065774
-4.4005e-06,0.048388,0.065691
-4.4322e-06,0.048325,0.065602
-4.4464e-06,0.048264,0.065509
-4.4421e-06,0.048207,0.065411
-4.4181e-06,0.048154,0.065309
-4.3736e-06,0.048104,0.065203
-4.3075e-06,0.048057,0.065094
-4.2189e-06,0.048015,0.064982
-4.107e-06,0.047977,0.064866
-3.9708e-06,0.047944,0.064748
-3.8095e-06,0.047914,0.064628
-3.6224e-06,0.04789,0.064505
-3.4087e-06,0.04787,0.064381
-3.1678e-06,0.047855,0.064256
-2.8991e-06,0.047845,0.064129
-2.6021e-06,0.047839,0.064002
-2.2763e-06,0.047839,0.063874
-1.9213e-06,0.047843,0.063746
-1.5369e-06,0.047853,0.063618
-1.1228e-06,0.047867,0.06349
-6.7893e-07,0.047886,0.063363
-2.0529e-07,0.04791,0.063237
2.9807e-07,0.047939,0.063112
8.3097e-07,0.047973,0.062989
1.3931e-06,0.048011,0.062867
1.9841e-06,0.048054,0.062747
2.6035e-06,0.048101,0.062629
3.2507e-06,0.048152,0.062514
3.9248e-06,0.048208,0.062401
4.6251e-06,0.048267,0.062291
5.3507e-06,0.048331,0.062183
6.1004e-06,0.048397,0.062079
6.8731e-06,0.048468,0.061978
7.6674e-06,0.048541,0.06188
8.4819e-06,0.048618,0.061786
9.3151e-06,0.048698,0.061695
1.0165e-05,0.04878,0.061608
1.1031e-05,0.048864,0.061525
1.191e-05,0.048951,0.061445
1.28e-05,0.04904,0.061369
1.37e-05,0.04913,0.061297
1.4607e-05,0.049222,0.061229
1.5519e-05,0.049315,0.061165
1.6434e-05,0.04941,0.061104
1.7349e-05,0.049505,0.061048
1.8261e-05,0.049601,0.060995
1.917e-05,0.049697,0.060946
2.007e-05,0.049793,0.060901
2.0961e-05,0.04989,0.060859
2.184e-05,0.049986,0.060821
2.2703e-05,0.050081,0.060786
2.3549e-05,0.050176,0.060754
2.4374e-05,0.05027,0.060726
2.5176e-05,0.050363,0.060701
2.5952e-05,0.050455,0.060678
2.67e-05,0.050546,0.060659
2.7417e-05,0.050634,0.060642
2.8101e-05,0.050721,0.060628
2.875e-05,0.050807,0.060616
2.936e-05,0.05089,0.060607
2.9931e-05,0.05097,0.060599
3.0459e-05,0.051049,0.060594
3.0943e-05,0.051125,0.06059
3.1381e-05,0.051198,0.060588
3.1772e-05,0.051268,0.060587
3.2114e-05,0.051336,0.060588
3.2405e-05,0.051401,0.060589
3.2645e-05,0.051462,0.060592
3.2833e-05,0.051521,0.060595
3.2967e-05,0.051576,0.060599
3.3048e-05,0.051628,0.060604
3.3075e-05,0.051676,0.060608
3.3048e-05,0.051721,0.060613
3.2967e-05,0.051762,0.060618
3.2833e-05,0.0518,0.060623
3.2645e-05,0.051833,0.060628
3.2405e-05,0.051864,0.060632
3.2114e-05,0.05189,0.060635
3.1772e-05,0.051913,0.060638
3.1381e-05,0.051932,0.06064
3.0943e-05,0.051947,0.060642
3.0459e-05,0.051958,0.060642
2.9931e-05,0.051966,0.060642
2.936e-05,0.05197,0.06064
2.875e-05,0.051969,0.060637
2.8101e-05,0.051966,0.060633
2.7417e-05,0.051958,0.060628
2.67e-05,0.051947,0.060621
2.5952e-05,0.051932,0.060613
2.5176e-05,0.051913,0.060604
2.4374e-05,0.051891,0.060594
2.3549e-05,0.051866,0.060582
2.2703e-05,0.051837,0.060568
2.184e-05,0.051805,0.060554
2.0961e-05,0.051769,0.060538
2.007e-05,0.051731,0.060521
1.917e-05,0.051689,0.060502
1.8261e-05,0.051644,0.060483
1.7349e-05,0.051597,0.060462
1.6434e-05,0.051547,0.060441
1.5519e-05,0.051495,0.060419
1.4607e-05,0.05144,0.060395
1.37e-05,0.051382,0.060371
1.28e-05,0.051323,0.060347
1.191e-05,0.051262,0.060322
1.1031e-05,0.051198,0.060296
1.0165e-05,0.051133,0.06027
9.3151e-06,0.051067,0.060244
8.4819e-06,0.050999,0.060218
7.6674e-06,0.05093,0.060192
6.8731e-06,0.050861,0.060166
6.1004e-06,0.05079,0.06014
5.3507e-06,0.050719,0.060115
4.6251e-06,0.050647,0.06009
3.9248e-06,0.050575,0.060065
3.2507e-06,0.050503,0.060041
2.6035e-06,0.050432,0.060018
1.9841e-06,0.05036,0.059995
1.3931e-06,0.050289,0.059973
8.3097e-07,0.050219,0.059952
2.9807e-07,0.05015,0.059932
-2.0529e-07,0.050082,0.059913
-6.7893e-07,0.050015,0.059895
-1.1228e-06,0.049949,0.059878
-1.5369e-06,0.049886,0.059863
-1.9213e-06,0.049824,0.059848
-2.2763e-06,0.049764,0.059834
-2.6021e-06,0.049706,0.059822
-2.8991e-06,0.049651,0.059811
-3.1678e-06,0.049598,0.059801
-3.4087e-06,0.049548,0.059792
-3.6224e-06,0.049501,0.059784
-3.8095e-06,0.049457,0.059777
-3.9708e-06,0.049416,0.059772
-4.107e-06,0.049378,0.059767
-4.2189e-06,0.049343,0.059764
-4.3075e-06,0.049312,0.059762
-4.3736e-06,0.049285,0.059761
-4.4181e-06,0.049261,0.05976
-4.4421e-06,0.049241,0.059761
-4.4464e-06,0.049224,0.059763
-4.4322e-06,0.049212,0.059765
-4.4005e-06,0.049203,0.059769
-4.3522e-06,0.049198,0.059773
-4.2885e-06,0.049197,0.059778
-4.2104e-06,0.049199,0.059784
-4.1189e-06,0.049206,0.059791
-4.0152e-06,0.049216,0.059798
-3.9002e-06,0.04923,0.059806
-3.775e-06,0.049248,0.059815
-3.6405e-06,0.04927,0.059825
-3.4979e-06,0.049295,0.059835
-3.3481e-06,0.049323,0.059846
-3.192e-06,0.049355,0.059857
-3.0306e-06,0.049389,0.059869
-2.8648e-06,0.049427,0.059882
-2.6955e-06,0.049468,0.059895
-2.5235e-06,0.049512,0.059909
-2.3496e-06,0.049558,0.059924
-2.1747e-06,0.049606,0.059938
-1.9995e-06,0.049657,0.059954
-1.8246e-06,0.049709,0.05997
-1.6508e-06,0.049764,0.059987
-1.4787e-06,0.04982,0.060004
-1.3089e-06,0.049877,0.060021
-1.142e-06,0.049936,0.06004
-9.7849e-07,0.049995,0.060058
-8.1883e-07,0.050055,0.060077
-6.6349e-07,0.050116,0.060097
-5.1288e-07,0.050176,0.060117
-3.6736e-07,0.050237,0.060138
-2.2726e-07,0.050297,0.060159
-9.2878e-08,0.050357,0.060181
3.5535e-08,0.050416,0.060203
1.5776e-07,0.050474,0.060225
2.736e-07,0.050531,0.060248
3.8292e-07,0.050586,0.060271
4.8559e-07,0.05064,0.060294
5.8153e-07,0.050692,0.060318
6.7068e-07,0.050742,0.060342
7.5301e-07,0.05079,0.060366
8.2853e-07,0.050835,0.060391
8.9726e-07,0.050878,0.060416
9.5925e-07,0.050918,0.060441
1.0146e-06,0.050955,0.060465
1.0634e-06,0.050989,0.06049
1.1057e-06,0.05102,0.060515
1.1417e-06,0.051048,0.06054
1.1716e-06,0.051072,0.060565
1.1955e-06,0.051093,0.060589
1.2137e-06,0.05111,0.060614
1.2262e-06,0.051124,0.060638
1.2334e-06,0.051134,0.060661
1.2355e-06,0.05114,0.060685
1.2326e-06,0.051142,0.060707
1.2251e-06,0.051141,0.06073
1.2132e-06,0.051136,0.060751
1.1971e-06,0.051127,0.060772
1.1771e-06,0.051114,0.060792
1.1534e-06,0.051098,0.060812
1.1264e-06,0.051077,0.06083
1.0963e-06,0.051053,0.060848
1.0633e-06,0.051026,0.060865
1.0278e-06,0.050994,0.060881
9.8986e-07,0.05096,0.060895
9.499e-07,0.050922,0.060909
9.0811e-07,0.05088,0.060921
8.6476e-07,0.050835,0.060932
8.2007e-07,0.050787,0.060943
7.7429e-07,0.050736,0.060951
7.2765e-07,0.050682,0.060959
6.8037e-07,0.050626,0.060965
6.3265e-07,0.050566,0.060971
5.8471e-07,0.050504,0.060974
5.3675e-07,0.05044,0.060977
4.8894e-07,0.050373,0.060979
4.4147e-07,0.050304,0.060979
3.945e-07,0.050233,0.060978
3.482e-07,0.050161,0.060976
3.0271e-07,0.050086,0.060973
2.5817e-07,0.050011,0.060968
2.1471e-07,0.049934,0.060963
1.7244e-07,0.049855,0.060957
1.3148e-07,0.049776,0.060949
9.1918e-08,0.049696,0.060941
5.3844e-08,0.049615,0.060933
1.7336e-08,0.049534,0.060923
-1.7539e-08,0.049453,0.060913
-5.0721e-08,0.049371,0.060902
-8.2162e-08,0.04929,0.060891
-1.1182e-07,0.049209,0.060879
-1.3967e-07,0.049129,0.060867
-1.6568e-07,0.049049,0.060855
-1.8984e-07,0.04897,0.060843
-2.1215e-07,0.048892,0.060831
-2.326e-07,0.048816,0.060819
-2.512e-07,0.048741,0.060807
-2.6796e-07,0.048668,0.060795
-2.8292e-07,0.048596,0.060784
-2.9608e-07,0.048526,0.060773
-3.075e-07,0.048459,0.060763
-3.172e-07,0.048394,0.060753
-3.2523e-07,0.048332,0.060744
-3.3163e-07,0.048272,0.060736
-3.3646e-07,0.048215,0.060729
-3.3977e-07,0.048161,0.060723
-3.4162e-07,0.048111,0.060718
-3.4207e-07,0.048063,0.060715
-3.4118e-07,0.048019,0.060712
-3.3903e-07,0.047979,0.060711
-3.3567e-07,0.047942,0.06071
-3.3118e-07,0.047909,0.060712
-3.2562e-07,0.047879,0.060714
-3.1908e-07,0.047854,0.060718
-3.1161e-07,0.047833,0.060724
-3.033e-07,0.047816,0.06073
-2.9421e-07,0.047803,0.060739
-2.8441e-07,0.047794,0.060748
-2.7398e-07,0.047789,0.060759
-2.6299e-07,0.047789,0.060772
-2.515e-07,0.047793,0.060785
-2.3958e-07,0.047801,0.0608
-2.273e-07,0.047813,0.060816
-2.1472e-07,0.04783,0.060834
-2.019e-07,0.047851,0.060852
-1.8891e-07,0.047876,0.060872
-1.758e-07,0.047905,0.060892
-1.6263e-07,0.047938,0.060914
-1.4945e-07,0.047975,0.060936
-1.3631e-07,0.048016,0.060959
-1.2327e-07,0.048061,0.060982
-1.1037e-07,0.04811,0.061007
-9.7641e-08,0.048162,0.061031
-8.5138e-08,0.048217,0.061056
-7.2894e-08,0.048276,0.061081
-6.0944e-08,0.048338,0.061106
-4.932e-08,0.048403,0.061131
-3.8052e-08,0.048471,0.061155
-2.7167e-08,0.048541,0.06118
-1.6688e-08,0.048614,0.061204
-6.6371e-09,0.048689,0.061227
2.9676e-09,0.048766,0.06125
1.211e-08,0.048844,0.061272
2.0776e-08,0.048925,0.061294
2.8956e-08,0.049006,0.061314
3.6639e-08,0.049089,0.061333
4.3821e-08,0.049172,0.061351
5.0497e-08,0.049257,0.061368
5.6665e-08,0.049341,0.061383
6.2325e-08,0.049426,0.061397
6.7478e-08,0.049511,0.061409
7.213e-08,0.049596,0.061419
7.6286e-08,0.049679,0.061428
7.9952e-08,0.049763,0.061434
8.3139e-08,0.049845,0.061439
8.5855e-08,0.049926,0.061442
8.8113e-08,0.050005,0.061442
8.9925e-08,0.050083,0.061441
9.1306e-08,0.050159,0.061437
9.227e-08,0.050232,0.061431
9.2833e-08,0.050303,0.061422
9.3012e-08,0.050372,0.061411
9.2824e-08,0.050438,0.061398
9.2287e-08,0.050501,0.061382
9.142e-08,0.050562,0.061363
9.0241e-08,0.050618,0.061342
8.877e-08,0.050672,0.061318
8.7025e-08,0.050722,0.061292
8.5028e-08,0.050768,0.061263
8.2796e-08,0.05081,0.061231
8.035e-08,0.050849,0.061196
7.7709e-08,0.050883,0.061159
7.4892e-08,0.050914,0.061119
7.1919e-08,0.05094,0.061076
6.8809e-08,0.050962,0.06103
6.5579e-08,0.05098,0.060981
6.2248e-08,0.050993,0.06093
5.8834e-08,0.051003,0.060876
5.5353e-08,0.051008,0.060819
5.1822e-08,0.051008,0.06076
4.8257e-08,0.051005,0.060698
4.4674e-08,0.050997,0.060633
4.1087e-08,0.050985,0.060565
3.7509e-08,0.050969,0.060496
3.3955e-08,0.050948,0.060423
3.0437e-08,0.050924,0.060348
2.6967e-08,0.050896,0.060271
2.3555e-08,0.050864,0.060191
2.0213e-08,0.050828,0.06011
1.695e-08,0.050789,0.060026
1.3775e-08,0.050747,0.05994
1.0696e-08,0.050701,0.059853
7.72e-09,0.050652,0.059764
4.854e-09,0.050601,0.059673
2.1038e-09,0.050546,0.059581
-5.2537e-10,0.05049,0.059487
-3.0292e-09,0.050431,0.059392
-5.4037e-09,0.050369,0.059297
-7.6461e-09,0.050306,0.0592
-9.7536e-09,0.050241,0.059103
-1.1725e-08,0.050175,0.059006
-1.3558e-08,0.050108,0.058908
-1.5253e-08,0.050039,0.05881
-1.681e-08,0.04997,0.058713
-1.8229e-08,0.0499,0.058616
-1.9511e-08,0.04983,0.058519
-2.0657e-08,0.04976,0.058423
-2.1671e-08,0.04969,0.058328
-2.2553e-08,0.049621,0.058235
-2.3307e-08,0.049552,0.058143
-2.3935e-08,0.049484,0.058052
-2.4442e-08,0.049417,0.057964
-2.4831e-08,0.049351,0.057877
-2.5106e-08,0.049287,0.057793
-2.5271e-08,0.049225,0.057712
-2.5331e-08,0.049164,0.057633
-2.5291e-08,0.049105,0.057557
-2.5155e-08,0.049049,0.057484
-2.4928e-08,0.048995,0.057415
-2.4616e-08,0.048944,0.057349
-2.4224e-08,0.048895,0.057287
-2.3757e-08,0.048849,0.057229
-2.322e-08,0.048807,0.057175
-2.2619e-08,0.048767,0.057125
-2.1959e-08,0.04873,0.057079
-2.1245e-08,0.048696,0.057038
-2.0483e-08,0.048666,0.057002
-1.9678e-08,0.048639,0.056969
-1.8834e-08,0.048616,0.056942
-1.7958e-08,0.048595,0.056919
-1.7054e-08,0.048579,0.056902
-1.6126e-08,0.048565,0.056889
-1.518e-08,0.048556,0.05688
-1.4219e-08,0.048549,0.056877
-1.3249e-08,0.048546,0.056879
-1.2273e-08,0.048546,0.056885
-1.1296e-08,0.048549,0.056896
-1.0321e-08,0.048556,0.056912
-9.3524e-09,0.048566,0.056932
-8.3929e-09,0.048579,0.056957
-7.4461e-09,0.048594,0.056986
-6.515e-09,0.048613,0.05702
-5.6025e-09,0.048634,0.057057
-4.7113e-09,0.048658,0.057099
-3.8437e-09,0.048684,0.057144
-3.002e-09,0.048712,0.057194
-2.1883e-09,0.048743,0.057246
-1.4043e-09,0.048776,0.057302
-6.5167e-10,0.04881,0.057362
6.8137e-11,0.048846,0.057424
7.539e-10,0.048884,0.057488
1.4046e-09,0.048923,0.057556
2.0193e-09,0.048963,0.057625
2.5974e-09,0.049005,0.057697
3.1384e-09,0.049047,0.05777
3.6418e-09,0.04909,0.057845
4.1077e-09,0.049133,0.057921
4.5358e-09,0.049177,0.057998
4.9263e-09,0.049221,0.058077
5.2796e-09,0.049265,0.058155
5.5959e-09,0.049309,0.058235
5.8758e-09,0.049353,0.058314
6.1199e-09,0.049397,0.058394
6.329e-09,0.049439,0.058473
6.5039e-09,0.049482,0.058552
6.6455e-09,0.049523,0.05863
6.7548e-09,0.049564,0.058707
6.833e-09,0.049603,0.058783
6.8812e-09,0.049642,0.058858
6.9006e-09,0.049679,0.058931
6.8925e-09,0.049715,0.059003
6.8582e-09,0.049749,0.059073
6.7991e-09,0.049782,0.059142
6.7165e-09,0.049814,0.059208
6.612e-09,0.049844,0.059272
6.4869e-09,0.049872,0.059334
6.3426e-09,0.049898,0.059394
6.1807e-09,0.049923,0.059451
6.0025e-09,0.049946,0.059506
5.8096e-09,0.049968,0.059558
5.6034e-09,0.049987,0.059608
5.3852e-09,0.050005,0.059655
5.1565e-09,0.050021,0.0597
4.9187e-09,0.050035,0.059742
4.673e-09,0.050048,0.059781
4.4209e-09,0.050059,0.059818
4.1636e-09,0.050068,0.059852
3.9023e-09,0.050075,0.059884
3.6383e-09,0.050081,0.059913
3.3726e-09,0.050085,0.05994
3.1064e-09,0.050087,0.059964
2.8407e-09,0.050088,0.059986
2.5765e-09,0.050088,0.060006
2.3148e-09,0.050086,0.060024
2.0565e-09,0.050083,0.06004
1.8023e-09,0.050078,0.060054
1.5531e-09,0.050073,0.060066
1.3097e-09,0.050066,0.060076
1.0726e-09,0.050058,0.060084
8.4251e-10,0.050049,0.060091
6.1998e-10,0.05004,0.060096
4.055e-10,0.050029,0.0601
1.9952e-10,0.050018,0.060103
2.4335e-12,0.050006,0.060104
-1.8541e-10,0.049993,0.060105
-3.6372e-10,0.04998,0.060104
-5.3226e-10,0.049966,0.060102
-6.9084e-10,0.049952,0.060099
-8.3932e-10,0.049937,0.060095
-9.776e-10,0.049922,0.060091
-1.1056e-09,0.049908,0.060086
-1.2234e-09,0.049893,0.06008
-1.3309e-09,0.049877,0.060073
-1.4282e-09,0.049862,0.060066
-1.5155e-09,0.049847,0.060058
-1.5928e-09,0.049833,0.060049
-1.6603e-09,0.049818,0.06004
-1.7183e-09,0.049804,0.06003
-1.767e-09,0.04979,0.06002
-1.8065e-09,0.049776,0.060009
-1.8373e-09,0.049763,0.059997
-1.8595e-09,0.049751,0.059985
-1.8735e-09,0.049738,0.059972
-1.8796e-09,0.049727,0.059959
-1.8782e-09,0.049716,0.059944
-1.8696e-09,0.049706,0.05993
-1.8542e-09,0.049697,0.059914
-1.8324e-09,0.049688,0.059898
-1.8046e-09,0.049681,0.059881
-1.7711e-09,0.049674,0.059863
-1.7323e-09,0.049668,0.059844
-1.6887e-09,0.049663,0.059824
-1.6407e-09,0.049659,0.059804
-1.5885e-09,0.049656,0.059782
-1.5327e-09,0.049655,0.05976
-1.4736e-09,0.049654,0.059736
-1.4116e-09,0.049654,0.059712
-1.3471e-09,0.049656,0.059686
-1.2804e-09,0.049658,0.059659
-1.2119e-09,0.049662,0.059631
-1.1419e-09,0.049667,0.059602
-1.0709e-09,0.049673,0.059572
-9.99e-10,0.04968,0.059541
-9.2666e-10,0.049689,0.059509
-8.5414e-10,0.049698,0.059475
-7.8173e-10,0.049709,0.059441
-7.0971e-10,0.049721,0.059405
-6.3833e-10,0.049734,0.059368
-5.6784e-10,0.049749,0.05933
-4.9847e-10,0.049764,0.059291
-4.3044e-10,0.049781,0.059251
-3.6394e-10,0.049799,0.05921
-2.9916e-10,0.049817,0.059168
-2.3626e-10,0.049837,0.059125
-1.7541e-10,0.049858,0.059081
-1.1673e-10,0.049881,0.059037
-6.0364e-11,0.049904,0.058991
-6.4063e-12,0.049928,0.058946
4.5043e-11,0.049952,0.058899
9.3905e-11,0.049978,0.058852
1.4011e-10,0.050005,0.058805
1.8361e-10,0.050032,0.058757
2.2436e-10,0.05006,0.058709
2.6233e-10,0.050089,0.058661
2.9751e-10,0.050118,0.058613
3.2989e-10,0.050148,0.058565
3.5948e-10,0.050179,0.058518
3.863e-10,0.050209,0.05847
4.1037e-10,0.05024,0.058423
4.3173e-10,0.050272,0.058376
4.5042e-10,0.050303,0.05833
4.665e-10,0.050335,0.058285
4.8002e-10,0.050367,0.05824
4.9106e-10,0.050399,0.058196
4.997e-10,0.050431,0.058153
5.06e-10,0.050462,0.058112
5.1005e-10,0.050493,0.058071
5.1195e-10,0.050524,0.058032
5.1178e-10,0.050555,0.057994
5.0966e-10,0.050585,0.057957
5.0566e-10,0.050614,0.057922
4.9991e-10,0.050643,0.057888
4.925e-10,0.050671,0.057856
4.8354e-10,0.050698,0.057826
4.7313e-10,0.050724,0.057797
4.6139e-10,0.05075,0.05777
4.4843e-10,0.050774,0.057745
4.3434e-10,0.050797,0.057721
4.1924e-10,0.050819,0.057699
4.0324e-10,0.05084,0.057679
3.8643e-10,0.050859,0.057661
3.6892e-10,0.050877,0.057644
3.5081e-10,0.050893,0.057629
3.322e-10,0.050908,0.057616
3.1318e-10,0.050922,0.057604
2.9385e-10,0.050934,0.057594
2.7429e-10,0.050944,0.057586
2.5459e-10,0.050952,0.057579
2.3484e-10,0.050959,0.057573
2.151e-10,0.050964,0.057569
1.9547e-10,0.050967,0.057566
1.76e-10,0.050968,0.057565
1.5677e-10,0.050968,0.057564
1.3784e-10,0.050965,0.057565
1.1926e-10,0.050961,0.057566
1.011e-10,0.050955,0.057568
8.3397e-11,0.050947,0.057572
6.6205e-11,0.050937,0.057575
4.9565e-11,0.050925,0.05758
3.3515e-11,0.050911,0.057585
1.8089e-11,0.050896,0.05759
3.3172e-12,0.050879,0.057596
-1.0774e-11,0.050859,0.057602
-2.4163e-11,0.050838,0.057609
-3.683e-11,0.050816,0.057615
-4.876e-11,0.050791,0.057622
-5.9943e-11,0.050765,0.057629
-7.037e-11,0.050738,0.057635
-8.0037e-11,0.050708,0.057642
-8.8941e-11,0.050677,0.057648
-9.7085e-11,0.050645,0.057655
-1.0447e-10,0.050611,0.057661
-1.1111e-10,0.050575,0.057667
-1.1701e-10,0.050539,0.057672
-1.2218e-10,0.050501,0.057678
-1.2664e-10,0.050461,0.057683
-1.304e-10,0.050421,0.057688
-1.3348e-10,0.050379,0.057692
-1.359e-10,0.050336,0.057696
-1.3768e-10,0.050292,0.0577
-1.3885e-10,0.050247,0.057704
-1.3943e-10,0.050202,0.057707
-1.3945e-10,0.050155,0.05771
-1.3893e-10,0.050108,0.057713
-1.3789e-10,0.05006,0.057715
-1.3638e-10,0.050012,0.057717
-1.344e-10,0.049963,0.057719
-1.3201e-10,0.049913,0.057721
-1.2922e-10,0.049863,0.057722
-1.2606e-10,0.049813,0.057724
-1.2256e-10,0.049762,0.057725
-1.1875e-10,0.049712,0.057726
-1.1467e-10,0.049661,0.057727
-1.1033e-10,0.04961,0.057728
-1.0578e-10,0.049559,0.057729
-1.0103e-10,0.049508,0.05773
-9.6111e-11,0.049458,0.057731
-9.1054e-11,0.049407,0.057732
-8.5884e-11,0.049357,0.057733
-8.0626e-11,0.049307,0.057734
-7.5303e-11,0.049258,0.057735
-6.9941e-11,0.049209,0.057735
-6.456e-11,0.04916,0.057736
-5.9183e-11,0.049112,0.057737
-5.383e-11,0.049065,0.057738
-4.8522e-11,0.049018,0.057738
-4.3275e-11,0.048972,0.057739
-3.8107e-11,0.048927,0.05774
-3.3036e-11,0.048883,0.057741
-2.8075e-11,0.04884,0.057741
-2.3238e-11,0.048797,0.057742
-1.8539e-11,0.048756,0.057742
-1.3989e-11,0.048716,0.057742
-9.5992e-12,0.048677,0.057742
-5.378e-12,0.048639,0.057742
-1.3341e-12,0.048603,0.057742
2.5251e-12,0.048568,0.057742
6.1935e-12,0.048534,0.057741
9.6658e-12,0.048502,0.057741
1.2938e-11,0.048471,0.05774
1.6007e-11,0.048442,0.057738
1.887e-11,0.048415,0.057737
2.1526e-11,0.048389,0.057735
2.3974e-11,0.048365,0.057733
2.6215e-11,0.048343,0.057731
2.825e-11,0.048324,0.057728
3.008e-11,0.048306,0.057725
3.1709e-11,0.04829,0.057722
3.3139e-11,0.048276,0.057718
3.4374e-11,0.048265,0.057714
3.5419e-11,0.048256,0.05771
3.6278e-11,0.048249,0.057705
3.6957e-11,0.048245,0.0577
3.7462e-11,0.048243,0.057694
3.7799e-11,0.048244,0.057688
3.7974e-11,0.048247,0.057682
3.7994e-11,0.048253,0.057675
3.7868e-11,0.048261,0.057668
3.7601e-11,0.048273,0.05766
3.7202e-11,0.048287,0.057652
3.6678e-11,0.048303,0.057643
3.6037e-11,0.048323,0.057634
3.5288e-11,0.048345,0.057624
3.4438e-11,0.04837,0.057614
3.3495e-11,0.048398,0.057603
3.2467e-11,0.048429,0.057592
3.1362e-11,0.048463,0.05758
3.0189e-11,0.048499,0.057568
2.8953e-11,0.048539,0.057555
2.7665e-11,0.048581,0.057542
2.633e-11,0.048625,0.057527
2.4956e-11,0.048673,0.057513
2.3551e-11,0.048723,0.057498
2.2121e-11,0.048775,0.057482
2.0673e-11,0.04883,0.057465
1.9213e-11,0.048888,0.057448
1.7747e-11,0.048948,0.05743
1.6282e-11,0.04901,0.057412
1.4823e-11,0.049074,0.057393
1.3375e-11,0.049141,0.057373
1.1944e-11,0.049209,0.057353
1.0533e-11,0.04928,0.057333
9.1488e-12,0.049352,0.057311
7.7939e-12,0.049426,0.057289
6.4725e-12,0.049501,0.057267
5.1882e-12,0.049578,0.057244
3.9442e-12,0.049656,0.057221
2.7433e-12,0.049735,0.057197
1.5883e-12,0.049815,0.057173
4.813e-13,0.049896,0.057149
-5.7558e-13,0.049978,0.057124
-1.5806e-12,0.05006,0.057099
-2.5325e-12,0.050143,0.057074
-3.4298e-12,0.050226,0.057048
-4.2719e-12,0.050309,0.057023
-5.0579e-12,0.050392,0.056997
-5.7876e-12,0.050475,0.056972
-6.4608e-12,0.050557,0.056947
-7.0774e-12,0.050639,0.056921
-7.6378e-12,0.05072,0.056896
-8.1425e-12,0.0508,0.056871
-8.5921e-12,0.050879,0.056847
-8.9876e-12,0.050957,0.056822
-9.3298e-12,0.051034,0.056798
-9.62e-12,0.051109,0.056775
-9.8595e-12,0.051183,0.056752
-1.005e-11,0.051255,0.05673
-1.0192e-11,0.051325,0.056708
-1.0289e-11,0.051392,0.056687
-1.0341e-11,0.051458,0.056667
-1.0352e-11,0.051521,0.056647
-1.0321e-11,0.051582,0.056629
-1.0253e-11,0.05164,0.056611
-1.0148e-11,0.051696,0.056593
-1.0009e-11,0.051748,0.056577
-9.8376e-12,0.051798,0.056562
-9.6366e-12,0.051845,0.056547
-9.4079e-12,0.051889,0.056533
-9.1537e-12,0.051929,0.056521
-8.8761e-12,0.051967,0.056509
-8.5773e-12,0.052001,0.056498
-8.2595e-12,0.052031,0.056488
-7.9248e-12,0.052059,0.056479
-7.5753e-12,0.052083,0.05647
-7.2129e-12,0.052103,0.056463
-6.8398e-12,0.05212,0.056457
-6.4578e-12,0.052134,0.056451
-6.0689e-12,0.052144,0.056446
-5.6748e-12,0.05215,0.056442
-5.2773e-12,0.052154,0.056439
-4.8782e-12,0.052154,0.056437
-4.479e-12,0.05215,0.056436
-4.0812e-12,0.052144,0.056435
-3.6864e-12,0.052134,0.056435
-3.2959e-12,0.052121,0.056436
-2.9111e-12,0.052105,0.056438
-2.5331e-12,0.052087,0.05644
-2.163e-12,0.052065,0.056444
-1.802e-12,0.052041,0.056448
-1.451e-12,0.052014,0.056452
-1.1109e-12,0.051985,0.056458
-7.8245e-13,0.051953,0.056464
-4.664e-13,0.05192,0.056471
-1.6338e-13,0.051884,0.056478
1.2604e-13,0.051847,0.056487
4.0139e-13,0.051807,0.056496
6.6228e-13,0.051766,0.056505
9.0837e-13,0.051724,0.056516
1.1394e-12,0.051681,0.056527
1.3552e-12,0.051636,0.056539
1.5557e-12,0.051591,0.056552
1.7407e-12,0.051545,0.056566
1.9104e-12,0.051498,0.05658
2.0647e-12,0.051451,0.056595
2.2039e-12,0.051403,0.056611
2.328e-12,0.051355,0.056627
2.4373e-12,0.051308,0.056644
2.5321e-12,0.051261,0.056663
2.6127e-12,0.051213,0.056681
2.6794e-12,0.051167,0.056701
2.7327e-12,0.051121,0.056721
2.7729e-12,0.051076,0.056742
2.8006e-12,0.051031,0.056764
2.8162e-12,0.050988,0.056787
2.8201e-12,0.050945,0.05681
2.8131e-12,0.050904,0.056834
2.7955e-12,0.050864,0.056859
2.768e-12,0.050825,0.056884
2.7311e-12,0.050788,0.05691
2.6854e-12,0.050753,0.056936
2.6315e-12,0.050718,0.056963
2.57e-12,0.050686,0.056991
2.5015e-12,0.050655,0.057018
2.4265e-12,0.050626,0.057047
2.3457e-12,0.050599,0.057076
2.2597e-12,0.050573,0.057105
2.169e-12,0.050549,0.057134
2.0742e-12,0.050527,0.057164
1.9758e-12,0.050507,0.057194
1.8745e-12,0.050488,0.057224
1.7707e-12,0.050472,0.057255
1.6649e-12,0.050457,0.057285
1.5577e-12,0.050444,0.057316
1.4495e-12,0.050433,0.057347
1.3408e-12,0.050423,0.057377
1.232e-12,0.050415,0.057408
1.1236e-12,0.050409,0.057438
1.0159e-12,0.050405,0.057468
9.0941e-13,0.050402,0.057498
8.0438e-13,0.0504,0.057528
7.0119e-13,0.0504,0.057558
6.0013e-13,0.050402,0.057587
5.0151e-13,0.050404,0.057616
4.0558e-13,0.050408,0.057645
3.1259e-13,0.050414,0.057673
2.2276e-13,0.05042,0.0577
1.3628e-13,0.050428,0.057727
5.3343e-14,0.050437,0.057754
-2.591e-14,0.050447,0.05778
-1.0135e-13,0.050457,0.057805
-1.7285e-13,0.050469,0.057829
-2.4033e-13,0.050481,0.057853
-3.0372e-13,0.050494,0.057875
-3.6296e-13,0.050508,0.057897
-4.1803e-13,0.050523,0.057918
-4.689e-13,0.050538,0.057937
-5.1557e-13,0.050553,0.057956
-5.5807e-13,0.050569,0.057973
-5.9642e-13,0.050586,0.057989
-6.3067e-13,0.050602,0.058004
-6.6089e-13,0.050619,0.058017
-6.8714e-13,0.050636,0.058028
-7.0951e-13,0.050654,0.058038
-7.281e-13,0.050671,0.058046
-7.4301e-13,0.050689,0.058053
-7.5435e-13,0.050707,0.058057
-7.6226e-13,0.050724,0.05806
-7.6685e-13,0.050742,0.05806
-7.6828e-13,0.050759,0.058059
-7.6667e-13,0.050777,0.058055
-7.6219e-13,0.050794,0.058049
-7.5498e-13,0.050811,0.05804
-7.452e-13,0.050827,0.058029
-7.3301e-13,0.050844,0.058015
-7.1856e-13,0.05086,0.057999
-7.0203e-13,0.050875,0.05798
-6.8356e-13,0.05089,0.057959
-6.6332e-13,0.050905,0.057935
-6.4148e-13,0.050919,0.057908
-6.1819e-13,0.050932,0.057878
-5.9362e-13,0.050945,0.057846
-5.679e-13,0.050957,0.05781
-5.4121e-13,0.050968,0.057772
-5.1368e-13,0.050978,0.057731
-4.8547e-13,0.050988,0.057688
-4.567e-13,0.050997,0.057641
-4.2753e-13,0.051005,0.057592
-3.9808e-13,0.051012,0.05754
-3.6848e-13,0.051018,0.057486
-3.3884e-13,0.051023,0.057429
-3.0929e-13,0.051027,0.05737
-2.7994e-13,0.05103,0.057309
-2.5088e-13,0.051032,0.057245
-2.2223e-13,0.051032,0.057179
-1.9406e-13,0.051032,0.057111
-1.6646e-13,0.05103,0.057041
-1.3952e-13,0.051027,0.05697
-1.133e-13,0.051023,0.056897
-8.7879e-14,0.051018,0.056823
-6.3311e-14,0.051011,0.056747
-3.9652e-14,0.051004,0.05667
-1.695e-14,0.050994,0.056592
4.751e-15,0.050984,0.056514
2.5416e-14,0.050973,0.056435
4.5012e-14,0.05096,0.056356
6.3516e-14,0.050946,0.056276
8.0907e-14,0.05093,0.056197
9.7169e-14,0.050914,0.056117
1.1229e-13,0.050896,0.056038
1.2628e-13,0.050877,0.05596
1.3912e-13,0.050857,0.055882
1.5082e-13,0.050836,0.055806
1.6139e-13,0.050814,0.05573
1.7084e-13,0.05079,0.055656
1.7919e-13,0.050766,0.055583
1.8646e-13,0.05074,0.055512
1.9267e-13,0.050714,0.055442
1.9784e-13,0.050686,0.055375
2.0201e-13,0.050658,0.055309
2.052e-13,0.050629,0.055246
2.0746e-13,0.050599,0.055185
2.0881e-13,0.050568,0.055127
2.0929e-13,0.050537,0.055071
2.0894e-13,0.050505,0.055018
2.078e-13,0.050472,0.054968
2.0592e-13,0.050439,0.054921
2.0333e-13,0.050405,0.054877
2.0008e-13,0.05037,0.054835
1.9621e-13,0.050336,0.054797
1.9176e-13,0.050301,0.054762
1.8679e-13,0.050266,0.05473
1.8132e-13,0.05023,0.054701
1.7542e-13,0.050195,0.054676
1.6912e-13,0.050159,0.054653
1.6246e-13,0.050124,0.054634
1.5548e-13,0.050088,0.054618
1.4824e-13,0.050052,0.054605
1.4076e-13,0.050017,0.054595
1.331e-13,0.049982,0.054589
1.2527e-13,0.049947,0.054585
1.1734e-13,0.049912,0.054584
1.0932e-13,0.049878,0.054586
1.0126e-13,0.049844,0.054591
9.3187e-14,0.049811,0.054599
8.5134e-14,0.049778,0.054609
7.713e-14,0.049745,0.054622
6.9205e-14,0.049713,0.054638
6.1384e-14,0.049682,0.054656
5.3695e-14,0.049651,0.054676
4.6159e-14,0.049621,0.054699
3.8799e-14,0.049591,0.054723
3.1635e-14,0.049562,0.05475
2.4685e-14,0.049534,0.054779
1.7966e-14,0.049507,0.05481
1.1493e-14,0.04948,0.054842
5.2799e-15,0.049454,0.054876
-6.6214e-16,0.049429,0.054912
-6.3228e-15,0.049405,0.054949
-1.1693e-14,0.049382,0.054988
-1.6767e-14,0.049359,0.055027
-2.1538e-14,0.049338,0.055069
-2.6002e-14,0.049317,0.055111
-3.0156e-14,0.049297,0.055154
-3.3999e-14,0.049278,0.055198
-3.7531e-14,0.04926,0.055242
-4.0752e-14,0.049244,0.055288
-4.3665e-14,0.049228,0.055334
-4.6273e-14,0.049213,0.05538
-4.8581e-14,0.049199,0.055427
-5.0593e-14,0.049186,0.055474
-5.2315e-14,0.049174,0.055521
-5.3755e-14,0.049163,0.055569
-5.4921e-14,0.049153,0.055616
-5.582e-14,0.049145,0.055663
-5.6461e-14,0.049137,0.05571
-5.6855e-14,0.049131,0.055756
-5.7012e-14,0.049125,0.055802
-5.6941e-14,0.049121,0.055847
-5.6654e-14,0.049118,0.055892
-5.6163e-14,0.049116,0.055935
-5.5478e-14,0.049115,0.055978
-5.4611e-14,0.049116,0.056019
-5.3575e-14,0.049118,0.05606
-5.238e-14,0.04912,0.056099
-5.104e-14,0.049124,0.056136
-4.9566e-14,0.04913,0.056172
-4.7971e-14,0.049136,0.056207
-4.6265e-14,0.049144,0.056239
-4.4461e-14,0.049153,0.05627
-4.257e-14,0.049163,0.056298
-4.0604e-14,0.049174,0.056324
-3.8574e-14,0.049187,0.056349
-3.6491e-14,0.049201,0.05637
-3.4364e-14,0.049215,0.05639
-3.2205e-14,0.049232,0.056407
-3.0023e-14,0.049249,0.056421
-2.7828e-14,0.049267,0.056433
-2.5629e-14,0.049287,0.056442
-2.3434e-14,0.049307,0.056448
-2.1251e-14,0.049329,0.056451
-1.9089e-14,0.049352,0.056451
-1.6956e-14,0.049376,0.056448
-1.4856e-14,0.049401,0.056443
-1.2799e-14,0.049427,0.056434
-1.0788e-14,0.049454,0.056423
-8.83e-15,0.049482,0.056408
-6.93e-15,0.049511,0.056391
-5.0923e-15,0.049541,0.05637
-3.3213e-15,0.049572,0.056346
-1.6206e-15,0.049603,0.05632
6.622e-18,0.049636,0.056291
1.5575e-15,0.04967,0.056259
3.0295e-15,0.049704,0.056224
4.4209e-15,0.04974,0.056186
5.73e-15,0.049776,0.056146
6.9555e-15,0.049813,0.056103
8.0968e-15,0.049851,0.056058
9.1534e-15,0.049889,0.05601
1.0125e-14,0.049929,0.055961
1.1012e-14,0.049969,0.055909
1.1815e-14,0.05001,0.055855
1.2535e-14,0.050052,0.055799
1.3173e-14,0.050094,0.055742
1.373e-14,0.050137,0.055683
1.4209e-14,0.050181,0.055623
1.461e-14,0.050226,0.055561
1.4936e-14,0.050271,0.055498
1.5189e-14,0.050317,0.055435
1.5372e-14,0.050364,0.05537
1.5487e-14,0.050411,0.055305
1.5537e-14,0.050459,0.055239
1.5524e-14,0.050508,0.055173
1.5453e-14,0.050557,0.055107
1.5325e-14,0.050607,0.055042
1.5145e-14,0.050657,0.054976
1.4914e-14,0.050708,0.054911
1.4637e-14,0.05076,0.054846
1.4317e-14,0.050812,0.054782
1.3956e-14,0.050864,0.054719
1.3559e-14,0.050916,0.054658
1.3128e-14,0.050969,0.054597
1.2666e-14,0.051023,0.054538
1.2178e-14,0.051076,0.054481
1.1666e-14,0.05113,0.054426
1.1132e-14,0.051184,0.054372
1.0581e-14,0.051238,0.054321
1.0015e-14,0.051292,0.054272
9.4367e-15,0.051347,0.054226
8.8493e-15,0.051401,0.054182
8.2554e-15,0.051455,0.054141
7.6575e-15,0.051508,0.054102
7.0581e-15,0.051562,0.054067
6.4596e-15,0.051615,0.054035
5.8643e-15,0.051668,0.054006
5.2743e-15,0.051721,0.05398
4.6916e-15,0.051773,0.053957
4.1181e-15,0.051824,0.053938
3.5557e-15,0.051875,0.053922
3.0058e-15,0.051925,0.05391
2.4701e-15,0.051974,0.053902
1.9499e-15,0.052022,0.053896
1.4466e-15,0.05207,0.053895
9.612e-16,0.052116,0.053897
4.9479e-16,0.052161,0.053903
4.8259e-17,0.052205,0.053912
-3.7761e-16,0.052248,0.053924
-7.8215e-16,0.05229,0.05394
-1.1648e-15,0.052329,0.05396
-1.5251e-15,0.052368,0.053982
-1.8628e-15,0.052405,0.054008
-2.1776e-15,0.05244,0.054037
-2.4694e-15,0.052473,0.05407
-2.7381e-15,0.052505,0.054105
-2.9838e-15,0.052535,0.054142
-3.2066e-15,0.052562,0.054183
-3.4068e-15,0.052588,0.054226
-3.5846e-15,0.052612,0.054271
-3.7404e-15,0.052633,0.054319
-3.8746e-15,0.052652,0.054368
-3.9878e-15,0.052669,0.05442
-4.0804e-15,0.052683,0.054473
-4.1532e-15,0.052695,0.054528
-4.2067e-15,0.052705,0.054584
-4.2417e-15,0.052712,0.054641
-4.2588e-15,0.052716,0.0547
-4.2589e-15,0.052718,0.054759
-4.2427e-15,0.052718,0.054818
-4.2111e-15,0.052714,0.054878
-4.1648e-15,0.052708,0.054938
-4.1049e-15,0.052699,0.054998
-4.0321e-15,0.052688,0.055058
-3.9473e-15,0.052674,0.055118
-3.8513e-15,0.052657,0.055177
-3.7452e-15,0.052638,0.055235
-3.6297e-15,0.052616,0.055292
-3.5057e-15,0.052591,0.055348
-3.3741e-15,0.052563,0.055403
-3.2357e-15,0.052534,0.055456
-3.0914e-15,0.052501,0.055508
-2.942e-15,0.052466,0.055558
-2.7883e-15,0.052429,0.055606
-2.6311e-15,0.052389,0.055652
-2.4711e-15,0.052347,0.055695
-2.309e-15,0.052303,0.055736
-2.1456e-15,0.052256,0.055775
-1.9816e-15,0.052208,0.055812
-1.8174e-15,0.052158,0.055845
-1.6539e-15,0.052105,0.055876
-1.4916e-15,0.052052,0.055905
-1.3309e-15,0.051996,0.05593
-1.1725e-15,0.051939,0.055953
-1.0168e-15,0.051881,0.055972
-8.6426e-16,0.051821,0.055989
-7.153e-16,0.05176,0.056003
-5.7029e-16,0.051699,0.056013
-4.2959e-16,0.051636,0.056021
-2.9352e-16,0.051573,0.056026
-1.6236e-16,0.051509,0.056028
-3.6356e-17,0.051445,0.056027
8.4267e-17,0.05138,0.056023
1.9932e-16,0.051316,0.056016
3.0864e-16,0.051251,0.056007
4.121e-16,0.051186,0.055995
5.096e-16,0.051122,0.05598
6.0106e-16,0.051058,0.055963
6.8642e-16,0.050995,0.055943
7.6568e-16,0.050932,0.055922
8.3881e-16,0.05087,0.055898
9.0584e-16,0.050809,0.055872
9.6682e-16,0.050749,0.055844
1.0218e-15,0.050691,0.055815
1.0709e-15,0.050633,0.055784
1.1141e-15,0.050577,0.055751
1.1516e-15,0.050523,0.055717
1.1836e-15,0.05047,0.055682
1.2101e-15,0.050419,0.055646
1.2313e-15,0.050369,0.055609
1.2474e-15,0.050321,0.055571
1.2586e-15,0.050276,0.055533
1.2649e-15,0.050232,0.055494
1.2667e-15,0.05019,0.055455
1.2641e-15,0.050151,0.055416
1.2573e-15,0.050113,0.055377
1.2464e-15,0.050078,0.055338
1.2318e-15,0.050045,0.055299
1.2137e-15,0.050014,0.055261
1.1921e-15,0.049985,0.055224
1.1674e-15,0.049958,0.055187
1.1397e-15,0.049934,0.055152
1.1092e-15,0.049912,0.055117
1.0762e-15,0.049892,0.055083
1.0409e-15,0.049873,0.055051
1.0033e-15,0.049857,0.05502
9.6383e-16,0.049843,0.05499
9.2255e-16,0.049831,0.054962
8.7966e-16,0.049821,0.054936
8.3536e-16,0.049812,0.054911
7.8979e-16,0.049806,0.054888
7.4314e-16,0.049801,0.054866
6.9556e-16,0.049797,0.054846
6.472e-16,0.049795,0.054828
5.982e-16,0.049794,0.054812
5.4871e-16,0.049795,0.054798
4.9886e-16,0.049796,0.054786
4.4877e-16,0.049799,0.054775
3.9856e-16,0.049803,0.054766
3.4835e-16,0.049807,0.054759
2.9824e-16,0.049813,0.054754
2.4833e-16,0.049818,0.05475
1.9872e-16,0.049825,0.054748
1.495e-16,0.049832,0.054748
1.0076e-16,0.049839,0.054749
5.2565e-17,0.049846,0.054751
4.9974e-18,0.049854,0.054755
-4.1873e-17,0.049861,0.05476
-8.7979e-17,0.049869,0.054766
-1.3326e-16,0.049876,0.054773
-1.7765e-16,0.049883,0.054781
-2.2111e-16,0.04989,0.05479
-2.6356e-16,0.049896,0.0548
-3.0497e-16,0.049902,0.05481
-3.4528e-16,0.049907,0.05482
-3.8444e-16,0.049912,0.054831
-4.224e-16,0.049916,0.054841
-4.5912e-16,0.04992,0.054852
-4.9455e-16,0.049923,0.054863
-5.2864e-16,0.049925,0.054874
-5.6136e-16,0.049926,0.054884
-5.9264e-16,0.049927,0.054893
-6.2244e-16,0.049927,0.054902
-6.5071e-16,0.049927,0.054911
-6.774e-16,0.049925,0.054918
-7.0246e-16,0.049923,0.054925
-7.2584e-16,0.049921,0.05493
-7.4748e-16,0.049918,0.054935
-7.6732e-16,0.049914,0.054938
-7.8531e-16,0.04991,0.054939
-8.0139e-16,0.049905,0.054939
-8.1549e-16,0.0499,0.054938
-8.2756e-16,0.049894,0.054935
-8.3753e-16,0.049889,0.05493
-8.4533e-16,0.049883,0.054924
-8.5091e-16,0.049876,0.054916
-8.5418e-16,0.04987,0.054906
-8.5509e-16,0.049864,0.054894
-8.5357e-16,0.049858,0.05488
-8.4955e-16,0.049852,0.054864
-8.4296e-16,0.049846,0.054846
-8.3374e-16,0.049841,0.054826
-8.2183e-16,0.049836,0.054804
-8.0716e-16,0.049831,0.05478
-7.8968e-16,0.049827,0.054754
-7.6932e-16,0.049823,0.054725
-7.4605e-16,0.049821,0.054695
-7.198e-16,0.049818,0.054663
-6.9054e-16,0.049817,0.054629
-6.5823e-16,0.049817,0.054592
-6.2283e-16,0.049817,0.054554
-5.8433e-16,0.049818,0.054514
-5.4271e-16,0.049821,0.054471
-4.9796e-16,0.049824,0.054427
-4.5008e-16,0.049828,0.054381
-3.9908e-16,0.049834,0.054333
-3.4498e-16,0.04984,0.054283
-2.8782e-16,0.049848,0.054232
-2.2764e-16,0.049857,0.054178
-1.6449e-16,0.049867,0.054123
-9.8453e-17,0.049878,0.054066
-2.96e-17,0.04989,0.054008
4.1967e-17,0.049903,0.053948
1.1614e-16,0.049918,0.053887
1.9278e-16,0.049933,0.053824
2.7176e-16,0.04995,0.053759
3.5292e-16,0.049968,0.053693
4.3607e-16,0.049987,0.053626
5.2103e-16,0.050007,0.053558
6.0759e-16,0.050028,0.053488
6.9552e-16,0.05005,0.053418
7.8458e-16,0.050073,0.053346
8.7451e-16,0.050097,0.053273
9.6504e-16,0.050122,0.0532
1.0559e-15,0.050148,0.053125
1.1467e-15,0.050175,0.05305
1.2371e-15,0.050203,0.052974
1.3269e-15,0.050232,0.052898
1.4157e-15,0.050262,0.05282
1.503e-15,0.050292,0.052743
1.5885e-15,0.050324,0.052665
1.6719e-15,0.050356,0.052587
1.7526e-15,0.05039,0.052509
1.8302e-15,0.050424,0.05243
1.9044e-15,0.05046,0.052352
1.9747e-15,0.050496,0.052273
2.0406e-15,0.050533,0.052195
2.1017e-15,0.050571,0.052117
2.1574e-15,0.05061,0.052039
2.2075e-15,0.05065,0.051962
2.2512e-15,0.050691,0.051885
2.2883e-15,0.050733,0.051809
2.3182e-15,0.050776,0.051733
2.3405e-15,0.05082,0.051658
2.3548e-15,0.050864,0.051584
2.3605e-15,0.05091,0.051511
2.3572e-15,0.050957,0.051438
2.3446e-15,0.051005,0.051367
2.3222e-15,0.051053,0.051297
2.2896e-15,0.051103,0.051228
2.2465e-15,0.051153,0.05116
2.1924e-15,0.051205,0.051094
2.1272e-15,0.051257,0.051029
2.0505e-15,0.05131,0.050966
1.9621e-15,0.051363,0.050904
1.8617e-15,0.051418,0.050844
1.7491e-15,0.051473,0.050786
1.6242e-15,0.051528,0.050729
1.4868e-15,0.051584,0.050675
1.337e-15,0.051641,0.050622
1.1747e-15,0.051697,0.050571
9.9995e-16,0.051754,0.050523
8.1278e-16,0.051811,0.050476
6.1336e-16,0.051869,0.050432
4.0188e-16,0.051925,0.05039
1.786e-16,0.051982,0.050351
-5.6188e-17,0.052039,0.050314
-3.021e-16,0.052095,0.05028
-5.5871e-16,0.05215,0.050248
-8.2551e-16,0.052205,0.050219
-1.1019e-15,0.052259,0.050193
-1.3874e-15,0.052311,0.05017
-1.6811e-15,0.052363,0.05015
-1.9824e-15,0.052414,0.050133
-2.2903e-15,0.052463,0.050119
-2.6041e-15,0.052511,0.050108
-2.9227e-15,0.052557,0.050101
-3.2451e-15,0.052601,0.050096
-3.5701e-15,0.052643,0.050096
-3.8967e-15,0.052684,0.050098
-4.2235e-15,0.052722,0.050105
-4.5493e-15,0.052758,0.050115
-4.8728e-15,0.052792,0.050128
-5.1924e-15,0.052823,0.050145
-5.5068e-15,0.052852,0.050166
-5.8144e-15,0.052879,0.05019
-6.1136e-15,0.052902,0.050218
-6.4029e-15,0.052923,0.05025
-6.6805e-15,0.052941,0.050286
-6.9448e-15,0.052956,0.050325
-7.1941e-15,0.052969,0.050367
-7.4267e-15,0.052978,0.050414
-7.6407e-15,0.052984,0.050464
-7.8344e-15,0.052988,0.050517
-8.006e-15,0.052988,0.050574
-8.1538e-15,0.052985,0.050635
-8.276e-15,0.05298,0.050698
-8.3708e-15,0.052971,0.050765
-8.4364e-15,0.05296,0.050835
-8.4713e-15,0.052946,0.050908
-8.4737e-15,0.052928,0.050983
-8.4421e-15,0.052909,0.051062
-8.3749e-15,0.052886,0.051143
-8.2705e-15,0.052861,0.051226
-8.1277e-15,0.052833,0.051311
-7.9451e-15,0.052802,0.051399
-7.7214e-15,0.05277,0.051488
-7.4556e-15,0.052735,0.05158
-7.1466e-15,0.052697,0.051672
-6.7936e-15,0.052658,0.051766
-6.3959e-15,0.052617,0.051861
-5.9527e-15,0.052574,0.051957
-5.4638e-15,0.05253,0.052054
-4.9288e-15,0.052484,0.052151
-4.3475e-15,0.052436,0.052249
-3.7202e-15,0.052387,0.052346
-3.0469e-15,0.052338,0.052443
-2.3283e-15,0.052287,0.05254
-1.565e-15,0.052235,0.052636
-7.5776e-16,0.052183,0.05273
9.2204e-17,0.05213,0.052824
9.8359e-16,0.052077,0.052917
1.9148e-15,0.052024,0.053007
2.8841e-15,0.051971,0.053096
3.8895e-15,0.051918,0.053183
4.9285e-15,0.051865,0.053268
5.9988e-15,0.051812,0.05335
7.0975e-15,0.05176,0.053429
8.2215e-15,0.051709,0.053505
9.3676e-15,0.051658,0.053578
1.0532e-14,0.051608,0.053648
1.1712e-14,0.05156,0.053714
1.2902e-14,0.051512,0.053776
1.4098e-14,0.051466,0.053835
1.5297e-14,0.051421,0.053889
1.6492e-14,0.051377,0.053939
1.768e-14,0.051336,0.053985
1.8854e-14,0.051295,0.054027
2.0011e-14,0.051257,0.054064
2.1143e-14,0.05122,0.054096
2.2246e-14,0.051186,0.054123
2.3312e-14,0.051153,0.054146
2.4338e-14,0.051123,0.054163
2.5315e-14,0.051094,0.054176
2.6238e-14,0.051068,0.054183
2.71e-14,0.051044,0.054186
2.7895e-14,0.051022,0.054183
2.8617e-14,0.051002,0.054176
2.9259e-14,0.050985,0.054163
2.9813e-14,0.05097,0.054146
3.0275e-14,0.050958,0.054124
3.0637e-14,0.050948,0.054096
3.0893e-14,0.05094,0.054064
3.1036e-14,0.050934,0.054028
3.1061e-14,0.050931,0.053986
3.0962e-14,0.050931,0.053941
3.0733e-14,0.050933,0.053891
3.0368e-14,0.050937,0.053836
2.9862e-14,0.050943,0.053778
2.9211e-14,0.050952,0.053716
2.841e-14,0.050963,0.05365
2.7454e-14,0.050976,0.053581
2.634e-14,0.050991,0.053509
2.5065e-14,0.051008,0.053433
2.3626e-14,0.051028,0.053355
2.202e-14,0.051049,0.053274
2.0247e-14,0.051072,0.053191
1.8304e-14,0.051097,0.053105
1.6191e-14,0.051123,0.053018
1.3909e-14,0.051152,0.052929
1.1459e-14,0.051182,0.052838
8.8414e-15,0.051213,0.052747
6.0592e-15,0.051245,0.052655
3.1156e-15,0.051279,0.052562
1.4368e-17,0.051314,0.052469
-3.2396e-15,0.05135,0.052376
-6.6406e-15,0.051387,0.052283
-1.0182e-14,0.051425,0.052191
-1.3857e-14,0.051463,0.052099
-1.7657e-14,0.051502,0.052009
-2.1572e-14,0.051542,0.05192
-2.5593e-14,0.051581,0.051832
-2.9709e-14,0.051621,0.051747
-3.3907e-14,0.051661,0.051663
-3.8175e-14,0.051702,0.051582
-4.2498e-14,0.051741,0.051504
-4.6862e-14,0.051781,0.051428
-5.1252e-14,0.05182,0.051355
-5.5651e-14,0.051859,0.051285
-6.0041e-14,0.051897,0.051219
-6.4405e-14,0.051935,0.051157
-6.8723e-14,0.051971,0.051098
-7.2976e-14,0.052007,0.051043
-7.7143e-14,0.052041,0.050992
-8.1204e-14,0.052075,0.050946
-8.5136e-14,0.052107,0.050903
-8.8917e-14,0.052138,0.050866
-9.2525e-14,0.052167,0.050832
-9.5936e-14,0.052195,0.050804
-9.9128e-14,0.052222,0.05078
-1.0208e-13,0.052246,0.050761
-1.0476e-13,0.052269,0.050747
-1.0714e-13,0.052291,0.050737
-1.0922e-13,0.05231,0.050732
-1.1095e-13,0.052328,0.050733
-1.1232e-13,0.052343,0.050737
-1.1331e-13,0.052357,0.050747
-1.1388e-13,0.052369,0.050762
-1.1402e-13,0.052379,0.050781
-1.1371e-13,0.052386,0.050804
-1.1292e-13,0.052392,0.050832
-1.1164e-13,0.052396,0.050865
-1.0984e-13,0.052398,0.050901
-1.0751e-13,0.052397,0.050942
-1.0463e-13,0.052395,0.050987
-1.0118e-13,0.052391,0.051035
-9.716e-14,0.052385,0.051087
-9.2545e-14,0.052376,0.051143
-8.7329e-14,0.052366,0.051202
-8.1503e-14,0.052355,0.051264
-7.5061e-14,0.052341,0.051328
-6.7998e-14,0.052326,0.051396
-6.0312e-14,0.052309,0.051465
-5.2003e-14,0.05229,0.051537
-4.3075e-14,0.05227,0.051611
-3.3534e-14,0.052248,0.051687
-2.3387e-14,0.052225,0.051764
-1.2646e-14,0.052201,0.051842
-1.3246e-15,0.052175,0.051922
1.0559e-14,0.052149,0.052002
2.2986e-14,0.052121,0.052083
3.5931e-14,0.052092,0.052164
4.9369e-14,0.052063,0.052244
6.3269e-14,0.052033,0.052325
7.7597e-14,0.052002,0.052405
9.2317e-14,0.051971,0.052485
1.0739e-13,0.051939,0.052564
1.2277e-13,0.051907,0.052641
1.3841e-13,0.051874,0.052717
1.5426e-13,0.051842,0.052792
1.7027e-13,0.051809,0.052865
1.8637e-13,0.051776,0.052936
2.0252e-13,0.051744,0.053005
2.1864e-13,0.051712,0.053071
2.3468e-13,0.05168,0.053135
2.5055e-13,0.051648,0.053197
2.6619e-13,0.051617,0.053256
2.8153e-13,0.051586,0.053312
2.9648e-13,0.051557,0.053365
3.1097e-13,0.051527,0.053415
3.2491e-13,0.051499,0.053462
3.3823e-13,0.051471,0.053505
3.5084e-13,0.051444,0.053545
3.6265e-13,0.051418,0.053582
3.7357e-13,0.051394,0.053616
3.8352e-13,0.05137,0.053646
3.9241e-13,0.051347,0.053673
4.0015e-13,0.051325,0.053696
4.0665e-13,0.051304,0.053716
4.1183e-13,0.051284,0.053732
4.156e-13,0.051266,0.053745
4.1788e-13,0.051248,0.053755
4.1858e-13,0.051232,0.053761
4.1761e-13,0.051217,0.053764
4.1492e-13,0.051203,0.053765
4.1041e-13,0.05119,0.053762
4.0402e-13,0.051178,0.053756
3.9568e-13,0.051167,0.053747
3.8533e-13,0.051157,0.053735
3.7292e-13,0.051149,0.053721
3.5838e-13,0.051141,0.053704
3.4168e-13,0.051134,0.053685
3.2277e-13,0.051128,0.053663
3.0163e-13,0.051124,0.053639
2.7823e-13,0.05112,0.053614
2.5255e-13,0.051117,0.053586
2.2459e-13,0.051114,0.053556
1.9434e-13,0.051113,0.053525
1.6181e-13,0.051112,0.053493
1.2703e-13,0.051112,0.053459
9.0025e-14,0.051112,0.053424
5.0831e-14,0.051113,0.053388
9.502e-15,0.051115,0.05335
-3.3901e-14,0.051117,0.053312
-7.9303e-14,0.05112,0.053274
-1.2662e-13,0.051123,0.053235
-1.7576e-13,0.051127,0.053195
-2.266e-13,0.051131,0.053156
-2.7903e-13,0.051135,0.053116
-3.3292e-13,0.05114,0.053076
-3.8811e-13,0.051145,0.053036
-4.4445e-13,0.051151,0.052996
-5.0177e-13,0.051157,0.052957
-5.5988e-13,0.051163,0.052918
-6.1859e-13,0.05117,0.05288
-6.7769e-13,0.051177,0.052842
-7.3696e-13,0.051184,0.052805
-7.9616e-13,0.051191,0.052769
-8.5506e-13,0.051199,0.052733
-9.1341e-13,0.051208,0.052698
-9.7093e-13,0.051216,0.052664
-1.0274e-12,0.051225,0.052632
-1.0824e-12,0.051235,0.0526
-1.1358e-12,0.051245,0.052569
-1.1872e-12,0.051256,0.052539
-1.2364e-12,0.051267,0.052511
-1.283e-12,0.051278,0.052483
-1.3266e-12,0.05129,0.052457
-1.3671e-12,0.051303,0.052431
-1.4041e-12,0.051316,0.052407
-1.4371e-12,0.05133,0.052384
-1.466e-12,0.051345,0.052362
-1.4904e-12,0.051361,0.052341
-1.51e-12,0.051377,0.052321
-1.5244e-12,0.051394,0.052302
-1.5333e-12,0.051412,0.052285
-1.5366e-12,0.05143,0.052268
-1.5337e-12,0.05145,0.052252
-1.5245e-12,0.05147,0.052237
-1.5087e-12,0.051491,0.052223
-1.486e-12,0.051514,0.052209
-1.4562e-12,0.051537,0.052197
-1.419e-12,0.05156,0.052185
-1.3743e-12,0.051585,0.052173
-1.3218e-12,0.051611,0.052163
-1.2613e-12,0.051638,0.052153
-1.1928e-12,0.051665,0.052143
-1.1161e-12,0.051694,0.052134
-1.0311e-12,0.051723,0.052125
-9.3779e-13,0.051753,0.052117
-8.3606e-13,0.051784,0.052109
-7.2593e-13,0.051816,0.052101
-6.0744e-13,0.051848,0.052093
-4.8066e-13,0.051881,0.052086
-3.457e-13,0.051915,0.052079
-2.0269e-13,0.05195,0.052071
-5.1821e-14,0.051984,0.052064
1.0669e-13,0.05202,0.052057
2.7257e-13,0.052056,0.05205
4.4552e-13,0.052092,0.052043
6.2518e-13,0.052129,0.052036
8.1116e-13,0.052166,0.052029
1.003e-12,0.052203,0.052022
1.2003e-12,0.05224,0.052015
1.4024e-12,0.052277,0.052008
1.6088e-12,0.052314,0.052001
1.8188e-12,0.052351,0.051994
2.0318e-12,0.052388,0.051986
2.2472e-12,0.052425,0.051979
2.464e-12,0.052461,0.051972
2.6815e-12,0.052497,0.051964
2.8989e-12,0.052533,0.051957
3.1153e-12,0.052568,0.051949
3.3298e-12,0.052602,0.051942
3.5413e-12,0.052636,0.051934
3.7489e-12,0.052669,0.051927
3.9516e-12,0.052701,0.05192
4.1484e-12,0.052732,0.051912
4.338e-12,0.052762,0.051905
4.5194e-12,0.052792,0.051898
4.6915e-12,0.05282,0.051891
4.853e-12,0.052847,0.051885
5.0029e-12,0.052874,0.051878
5.14e-12,0.052899,0.051871
5.263e-12,0.052922,0.051865
5.3708e-12,0.052945,0.051859
5.4622e-12,0.052966,0.051853
5.536e-12,0.052986,0.051847
5.591e-12,0.053005,0.051841
5.6262e-12,0.053022,0.051835
5.6403e-12,0.053038,0.051829
5.6323e-12,0.053053,0.051823
5.6012e-12,0.053066,0.051818
5.5458e-12,0.053078,0.051812
5.4653e-12,0.053088,0.051806
5.3588e-12,0.053097,0.051799
5.2253e-12,0.053105,0.051793
5.0641e-12,0.053111,0.051786
4.8746e-12,0.053116,0.051779
4.6559e-12,0.053119,0.051771
4.4077e-12,0.053121,0.051763
4.1294e-12,0.053122,0.051755
3.8208e-12,0.053121,0.051745
3.4814e-12,0.053119,0.051735
3.1113e-12,0.053116,0.051723
2.7104e-12,0.053111,0.051711
2.2788e-12,0.053105,0.051698
1.8167e-12,0.053098,0.051683
1.3246e-12,0.053089,0.051667
8.0279e-13,0.05308,0.05165
2.5208e-13,0.053069,0.051631
-3.2677e-13,0.053057,0.05161
-9.328e-13,0.053043,0.051588
-1.5649e-12,0.053029,0.051563
-2.2218e-12,0.053014,0.051537
-2.902e-12,0.052997,0.051509
-3.6041e-12,0.052979,0.051479
-4.3261e-12,0.052961,0.051446
-5.0662e-12,0.052941,0.051411
-5.8222e-12,0.05292,0.051374
-6.5919e-12,0.052899,0.051334
-7.3729e-12,0.052876,0.051292
-8.1625e-12,0.052852,0.051247
-8.9579e-12,0.052828,0.051199
-9.7563e-12,0.052802,0.051149
-1.0555e-11,0.052776,0.051096
-1.135e-11,0.052748,0.051041
-1.2138e-11,0.05272,0.050983
-1.2916e-11,0.052691,0.050922
-1.368e-11,0.052661,0.050858
-1.4426e-11,0.05263,0.050792
-1.5151e-11,0.052598,0.050723
-1.585e-11,0.052566,0.050652
-1.6519e-11,0.052532,0.050578
-1.7155e-11,0.052498,0.050502
-1.7752e-11,0.052463,0.050423
-1.8307e-11,0.052427,0.050343
-1.8816e-11,0.05239,0.05026
-1.9273e-11,0.052352,0.050175
-1.9675e-11,0.052314,0.050088
-2.0018e-11,0.052274,0.049999
-2.0296e-11,0.052234,0.049909
-2.0505e-11,0.052193,0.049817
-2.0643e-11,0.052151,0.049724
-2.0703e-11,0.052108,0.04963
-2.0683e-11,0.052064,0.049534
-2.0578e-11,0.052019,0.049438
-2.0385e-11,0.051974,0.049342
-2.0099e-11,0.051928,0.049245
-1.9719e-11,0.05188,0.049147
-1.924e-11,0.051832,0.04905
-1.866e-11,0.051784,0.048953
-1.7975e-11,0.051734,0.048856
-1.7184e-11,0.051684,0.048759
-1.6285e-11,0.051633,0.048664
-1.5276e-11,0.051581,0.048569
-1.4155e-11,0.051529,0.048476
-1.2922e-11,0.051476,0.048384
-1.1575e-11,0.051422,0.048294
-1.0116e-11,0.051368,0.048206
-8.5438e-12,0.051314,0.048119
-6.8597e-12,0.051259,0.048035
-5.0649e-12,0.051204,0.047954
-3.1613e-12,0.051149,0.047875
-1.1512e-12,0.051093,0.047798
9.626e-13,0.051038,0.047725
3.1766e-12,0.050982,0.047655
5.4867e-12,0.050927,0.047589
7.8884e-12,0.050872,0.047525
1.0376e-11,0.050818,0.047466
1.2945e-11,0.050764,0.04741
1.5588e-11,0.05071,0.047358
1.8298e-11,0.050658,0.047311
2.1067e-11,0.050606,0.047267
2.3887e-11,0.050555,0.047228
2.675e-11,0.050506,0.047193
2.9646e-11,0.050457,0.047162
3.2564e-11,0.05041,0.047136
3.5494e-11,0.050365,0.047115
3.8425e-11,0.050322,0.047098
4.1345e-11,0.05028,0.047085
4.4242e-11,0.05024,0.047078
4.7102e-11,0.050203,0.047074
4.9913e-11,0.050167,0.047076
5.266e-11,0.050134,0.047082
5.533e-11,0.050104,0.047092
5.7907e-11,0.050077,0.047107
6.0377e-11,0.050052,0.047126
6.2725e-11,0.05003,0.04715
6.4934e-11,0.050011,0.047178
6.699e-11,0.049996,0.04721
6.8876e-11,0.049983,0.047246
7.0576e-11,0.049974,0.047286
7.2075e-11,0.049969,0.04733
7.3356e-11,0.049966,0.047377
7.4404e-11,0.049968,0.047428
7.5202e-11,0.049973,0.047482
7.5735e-11,0.049981,0.047539
7.5989e-11,0.049993,0.0476
7.5947e-11,0.050009,0.047663
7.5597e-11,0.050029,0.047729
7.4924e-11,0.050052,0.047797
7.3914e-11,0.050078,0.047867
7.2556e-11,0.050108,0.04794
7.0838e-11,0.050142,0.048014
6.8748e-11,0.050179,0.04809
6.6278e-11,0.050219,0.048168
6.3418e-11,0.050262,0.048247
6.0161e-11,0.050308,0.048327
5.65e-11,0.050358,0.048408
5.243e-11,0.05041,0.048489
4.7948e-11,0.050465,0.048571
4.3051e-11,0.050522,0.048654
3.7739e-11,0.050582,0.048736
3.2013e-11,0.050643,0.048818
2.5876e-11,0.050707,0.0489
1.9332e-11,0.050773,0.048981
1.2387e-11,0.05084,0.049062
5.0502e-12,0.050908,0.049142
-2.6682e-12,0.050978,0.049221
-1.0756e-11,0.051049,0.049299
-1.9198e-11,0.051121,0.049375
-2.7979e-11,0.051193,0.04945
-3.7079e-11,0.051266,0.049523
-4.6477e-11,0.051338,0.049594
-5.6149e-11,0.051411,0.049663
-6.6071e-11,0.051484,0.04973
-7.6215e-11,0.051557,0.049795
-8.6549e-11,0.051628,0.049858
-9.7043e-11,0.0517,0.049918
-1.0766e-10,0.05177,0.049975
-1.1837e-10,0.051839,0.05003
-1.2912e-10,0.051907,0.050081
-1.3988e-10,0.051974,0.05013
-1.5061e-10,0.052039,0.050176
-1.6125e-10,0.052103,0.050219
-1.7177e-10,0.052165,0.050259
-1.8211e-10,0.052225,0.050296
-1.9222e-10,0.052283,0.050329
-2.0205e-10,0.052339,0.050359
-2.1156e-10,0.052392,0.050386
-2.2067e-10,0.052444,0.050409
-2.2934e-10,0.052493,0.050429
-2.3751e-10,0.05254,0.050446
-2.4512e-10,0.052584,0.05046
-2.5211e-10,0.052626,0.05047
-2.5843e-10,0.052666,0.050476
-2.6402e-10,0.052703,0.05048
-2.6881e-10,0.052738,0.05048
-2.7275e-10,0.05277,0.050476
-2.7578e-10,0.052799,0.05047
-2.7785e-10,0.052826,0.05046
-2.789e-10,0.052851,0.050448
-2.7887e-10,0.052873,0.050432
-2.7771e-10,0.052893,0.050413
-2.7537e-10,0.05291,0.050391
-2.718e-10,0.052925,0.050367
-2.6695e-10,0.052938,0.05034
-2.6079e-10,0.052948,0.05031
-2.5327e-10,0.052956,0.050277
-2.4436e-10,0.052962,0.050242
-2.3402e-10,0.052967,0.050205
-2.2222e-10,0.052969,0.050165
-2.0894e-10,0.052969,0.050124
-1.9417e-10,0.052967,0.05008
-1.7788e-10,0.052963,0.050034
-1.6007e-10,0.052958,0.049986
-1.4074e-10,0.052951,0.049937
-1.1989e-10,0.052943,0.049886
-9.7521e-11,0.052933,0.049833
-7.3659e-11,0.052922,0.049779
-4.8325e-11,0.052909,0.049724
-2.1548e-11,0.052896,0.049667
6.6344e-12,0.052881,0.04961
3.6178e-11,0.052865,0.049551
6.703e-11,0.052848,0.049492
9.913e-11,0.05283,0.049432
1.3241e-10,0.052811,0.049372
1.6679e-10,0.052792,0.049311
2.022e-10,0.052771,0.049249
2.3852e-10,0.052751,0.049188
2.7567e-10,0.052729,0.049126
3.1354e-10,0.052707,0.049065
3.52e-10,0.052685,0.049004
3.9094e-10,0.052662,0.048943
4.3021e-10,0.052639,0.048882
4.6967e-10,0.052616,0.048822
5.0918e-10,0.052592,0.048763
5.4857e-10,0.052569,0.048704
5.8769e-10,0.052545,0.048646
6.2636e-10,0.052521,0.048589
6.6439e-10,0.052496,0.048534
7.0162e-10,0.052472,0.048479
7.3783e-10,0.052448,0.048426
7.7285e-10,0.052424,0.048375
8.0647e-10,0.052399,0.048325
8.3848e-10,0.052375,0.048276
8.6868e-10,0.052351,0.04823
8.9685e-10,0.052327,0.048185
9.2279e-10,0.052303,0.048142
9.4627e-10,0.052279,0.048101
9.6707e-10,0.052255,0.048062
9.85e-10,0.052231,0.048025
9.9982e-10,0.052207,0.047991
1.0113e-09,0.052184,0.047958
1.0193e-09,0.05216,0.047928
1.0236e-09,0.052137,0.047901
1.0239e-09,0.052114,0.047875
1.0201e-09,0.052091,0.047852
1.012e-09,0.052068,0.047832
9.9939e-10,0.052045,0.047814
9.8213e-10,0.052022,0.047799
9.6005e-10,0.051999,0.047786
9.3299e-10,0.051977,0.047775
9.0084e-10,0.051954,0.047767
8.6345e-10,0.051932,0.047761
8.2074e-10,0.05191,0.047758
7.726e-10,0.051888,0.047756
7.1896e-10,0.051866,0.047758
6.5978e-10,0.051845,0.047761
5.9502e-10,0.051823,0.047767
5.2466e-10,0.051802,0.047774
4.4872e-10,0.051781,0.047784
3.6722e-10,0.05176,0.047795
2.8022e-10,0.051739,0.047808
1.8781e-10,0.051718,0.047823
9.0087e-11,0.051698,0.04784
-1.2813e-11,0.051677,0.047857
-1.2073e-10,0.051657,0.047877
-2.3347e-10,0.051637,0.047897
-3.5082e-10,0.051618,0.047918
-4.7252e-10,0.051598,0.04794
-5.9831e-10,0.051579,0.047963
-7.2788e-10,0.05156,0.047987
-8.6088e-10,0.051541,0.04801
-9.9695e-10,0.051522,0.048034
-1.1357e-09,0.051504,0.048059
-1.2767e-09,0.051486,0.048083
-1.4194e-09,0.051468,0.048107
-1.5635e-09,0.05145,0.048131
-1.7083e-09,0.051433,0.048154
-1.8533e-09,0.051416,0.048176
-1.998e-09,0.0514,0.048198
-2.1417e-09,0.051384,0.048219
-2.2839e-09,0.051368,0.048239
-2.4238e-09,0.051353,0.048258
-2.5608e-09,0.051339,0.048275
-2.6942e-09,0.051325,0.048291
-2.8233e-09,0.051311,0.048306
-2.9473e-09,0.051298,0.048318
-3.0655e-09,0.051286,0.04833
-3.1771e-09,0.051274,0.048339
-3.2814e-09,0.051264,0.048347
-3.3775e-09,0.051254,0.048353
-3.4647e-09,0.051245,0.048357
-3.5422e-09,0.051236,0.048359
-3.6092e-09,0.051229,0.048359
-3.6649e-09,0.051223,0.048357
-3.7085e-09,0.051218,0.048354
-3.7392e-09,0.051214,0.048348
-3.7564e-09,0.051212,0.04834
-3.7592e-09,0.05121,0.048331
-3.747e-09,0.05121,0.048319
-3.719e-09,0.051211,0.048306
-3.6745e-09,0.051214,0.048291
-3.6131e-09,0.051218,0.048274
-3.534e-09,0.051224,0.048256
-3.4367e-09,0.051231,0.048236
-3.3207e-09,0.05124,0.048215
-3.1856e-09,0.051251,0.048193
-3.0309e-09,0.051263,0.048169
-2.8564e-09,0.051277,0.048145
-2.6617e-09,0.051293,0.048119
-2.4467e-09,0.051311,0.048093
-2.2112e-09,0.05133,0.048066
-1.9552e-09,0.051351,0.048038
-1.6786e-09,0.051374,0.04801
-1.3817e-09,0.051399,0.047982
-1.0645e-09,0.051425,0.047954
-7.2744e-10,0.051454,0.047926
-3.7082e-10,0.051484,0.047898
4.8669e-12,0.051515,0.04787
3.9903e-10,0.051549,0.047843
8.1099e-10,0.051584,0.047817
1.24e-09,0.05162,0.047791
1.685e-09,0.051659,0.047767
2.1452e-09,0.051698,0.047744
2.6194e-09,0.051739,0.047722
3.1063e-09,0.051781,0.047701
3.6046e-09,0.051824,0.047682
4.1129e-09,0.051869,0.047665
4.6296e-09,0.051914,0.047649
5.153e-09,0.05196,0.047636
5.6814e-09,0.052007,0.047624
6.2128e-09,0.052055,0.047615
6.7452e-09,0.052103,0.047607
7.2766e-09,0.052151,0.047602
7.8047e-09,0.052199,0.0476
8.3273e-09,0.052248,0.0476
8.8419e-09,0.052296,0.047602
9.3461e-09,0.052344,0.047607
9.8373e-09,0.052392,0.047615
1.0313e-08,0.052439,0.047625
1.077e-08,0.052485,0.047637
1.1207e-08,0.052531,0.047653
1.1619e-08,0.052575,0.04767
1.2005e-08,0.052618,0.047691
1.2361e-08,0.052659,0.047714
1.2685e-08,0.052699,0.047739
1.2974e-08,0.052738,0.047767
1.3224e-08,0.052774,0.047797
1.3433e-08,0.052809,0.047829
1.3598e-08,0.052841,0.047863
1.3716e-08,0.052871,0.0479
1.3785e-08,0.052898,0.047939
1.3801e-08,0.052923,0.047979
1.3762e-08,0.052945,0.048021
1.3666e-08,0.052965,0.048065
1.351e-08,0.052981,0.04811
1.3291e-08,0.052995,0.048156
1.3008e-08,0.053006,0.048204
1.2658e-08,0.053013,0.048252
1.224e-08,0.053017,0.048302
1.1752e-08,0.053019,0.048351
1.1192e-08,0.053016,0.048402
1.0559e-08,0.053011,0.048452
9.8527e-09,0.053002,0.048503
9.0716e-09,0.05299,0.048554
8.2153e-09,0.052975,0.048604
7.2837e-09,0.052956,0.048653
6.2767e-09,0.052935,0.048702
5.1948e-09,0.05291,0.048751
4.0386e-09,0.052882,0.048797
2.8092e-09,0.05285,0.048843
1.5078e-09,0.052816,0.048887
1.3627e-10,0.052779,0.04893
-1.3033e-09,0.05274,0.04897
-2.8086e-09,0.052697,0.049009
-4.3766e-09,0.052652,0.049045
-6.0041e-09,0.052605,0.049079
-7.6874e-09,0.052555,0.04911
-9.4226e-09,0.052503,0.049139
-1.1205e-08,0.052449,0.049164
-1.303e-08,0.052393,0.049187
-1.4892e-08,0.052336,0.049206
-1.6786e-08,0.052277,0.049222
-1.8705e-08,0.052216,0.049235
-2.0643e-08,0.052155,0.049244
-2.2592e-08,0.052092,0.049249
-2.4547e-08,0.052028,0.049251
-2.6498e-08,0.051964,0.049249
-2.8438e-08,0.051899,0.049243
-3.0359e-08,0.051834,0.049233
-3.2252e-08,0.051769,0.049219
-3.4107e-08,0.051703,0.049201
-3.5916e-08,0.051638,0.049179
-3.7669e-08,0.051573,0.049153
-3.9356e-08,0.051508,0.049122
-4.0966e-08,0.051444,0.049088
-4.249e-08,0.051381,0.049049
-4.3918e-08,0.051319,0.049007
-4.5238e-08,0.051258,0.04896
-4.644e-08,0.051198,0.048909
-4.7514e-08,0.05114,0.048855
-4.8448e-08,0.051083,0.048796
-4.9232e-08,0.051028,0.048734
-4.9856e-08,0.050974,0.048668
-5.0309e-08,0.050923,0.048599
-5.0581e-08,0.050873,0.048525
-5.0662e-08,0.050826,0.048449
-5.0542e-08,0.050781,0.048369
-5.0212e-08,0.050738,0.048286
-4.9662e-08,0.050697,0.048199
-4.8884e-08,0.050659,0.04811
-4.787e-08,0.050624,0.048018
-4.6613e-08,0.050591,0.047923
-4.5106e-08,0.050561,0.047826
-4.3341e-08,0.050533,0.047727
-4.1315e-08,0.050509,0.047625
-3.9022e-08,0.050487,0.047521
-3.6458e-08,0.050468,0.047415
-3.362e-08,0.050453,0.047308
-3.0506e-08,0.05044,0.0472
-2.7116e-08,0.05043,0.04709
-2.3449e-08,0.050423,0.046979
-1.9507e-08,0.050419,0.046867
-1.5292e-08,0.050419,0.046755
-1.0807e-08,0.050421,0.046642
-6.0583e-09,0.050426,0.046529
-1.0507e-09,0.050434,0.046416
4.2077e-09,0.050445,0.046303
9.7081e-09,0.050459,0.04619
1.544e-08,0.050476,0.046079
2.1392e-08,0.050495,0.045968
2.755e-08,0.050517,0.045858
3.3901e-08,0.050542,0.04575
4.0427e-08,0.050569,0.045643
4.7111e-08,0.050599,0.045538
5.3933e-08,0.050631,0.045435
6.0874e-08,0.050666,0.045335
6.791e-08,0.050702,0.045237
7.5018e-08,0.050741,0.045142
8.2173e-08,0.050781,0.045049
8.9348e-08,0.050823,0.04496
9.6515e-08,0.050867,0.044874
1.0364e-07,0.050913,0.044792
1.1071e-07,0.050959,0.044714
1.1767e-07,0.051007,0.044639
1.245e-07,0.051056,0.044569
1.3116e-07,0.051106,0.044503
1.3762e-07,0.051156,0.044442
1.4384e-07,0.051207,0.044386
1.4978e-07,0.051259,0.044334
1.5542e-07,0.051311,0.044288
1.607e-07,0.051362,0.044246
1.6559e-07,0.051414,0.044211
1.7006e-07,0.051466,0.04418
1.7405e-07,0.051517,0.044155
1.7754e-07,0.051568,0.044136
1.8048e-07,0.051618,0.044123
1.8284e-07,0.051667,0.044116
1.8457e-07,0.051715,0.044114
1.8565e-07,0.051762,0.044119
1.8602e-07,0.051807,0.044129
1.8567e-07,0.051852,0.044146
1.8454e-07,0.051895,0.044168
1.8261e-07,0.051936,0.044197
1.7985e-07,0.051975,0.044231
1.7623e-07,0.052012,0.044272
1.7171e-07,0.052048,0.044318
1.6628e-07,0.052081,0.04437
1.599e-07,0.052113,0.044428
1.5257e-07,0.052142,0.044491
1.4426e-07,0.052168,0.044559
1.3496e-07,0.052192,0.044633
1.2465e-07,0.052214,0.044712
1.1333e-07,0.052234,0.044796
1.0099e-07,0.052251,0.044884
8.7642e-08,0.052265,0.044977
7.3279e-08,0.052277,0.045074
5.7911e-08,0.052286,0.045176
4.1552e-08,0.052293,0.045281
2.422e-08,0.052297,0.045389
5.9351e-09,0.052298,0.045501
-1.3274e-08,0.052298,0.045616
-3.3376e-08,0.052294,0.045734
-5.4334e-08,0.052288,0.045854
-7.6105e-08,0.05228,0.045976
-9.864e-08,0.05227,0.0461
-1.2189e-07,0.052257,0.046226
-1.4579e-07,0.052242,0.046353
-1.7028e-07,0.052226,0.046481
-1.9528e-07,0.052207,0.04661
-2.2073e-07,0.052186,0.046739
-2.4654e-07,0.052164,0.046869
-2.7263e-07,0.05214,0.046998
-2.989e-07,0.052114,0.047126
-3.2526e-07,0.052087,0.047254
-3.516e-07,0.052059,0.047381
-3.7782e-07,0.05203,0.047506
-4.038e-07,0.052,0.04763
-4.2943e-07,0.051968,0.047751
-4.5459e-07,0.051937,0.047871
-4.7916e-07,0.051904,0.047988
-5.03e-07,0.051871,0.048102
-5.2598e-07,0.051838,0.048214
-5.4797e-07,0.051805,0.048322
-5.6883e-07,0.051771,0.048427
-5.8842e-07,0.051738,0.048528
-6.066e-07,0.051705,0.048625
-6.2323e-07,0.051672,0.048718
-6.3816e-07,0.05164,0.048807
-6.5125e-07,0.051609,0.048892
-6.6236e-07,0.051578,0.048972
-6.7134e-07,0.051548,0.049047
-6.7805e-07,0.051519,0.049117
-6.8237e-07,0.051492,0.049182
-6.8414e-07,0.051465,0.049242
-6.8324e-07,0.05144,0.049297
-6.7954e-07,0.051416,0.049347
-6.7292e-07,0.051393,0.049391
-6.6326e-07,0.051372,0.049429
-6.5046e-07,0.051352,0.049462
-6.344e-07,0.051334,0.04949
-6.15e-07,0.051318,0.049511
-5.9217e-07,0.051303,0.049527
-5.6583e-07,0.05129,0.049538
-5.3593e-07,0.051279,0.049542
-5.0239e-07,0.051269,0.049541
-4.6519e-07,0.051261,0.049534
-4.2429e-07,0.051255,0.049522
-3.7968e-07,0.051251,0.049503
-3.3136e-07,0.051248,0.04948
-2.7934e-07,0.051247,0.04945
-2.2364e-07,0.051247,0.049415
-1.6432e-07,0.051249,0.049375
-1.0144e-07,0.051253,0.04933
-3.5077e-08,0.051258,0.049279
3.4672e-08,0.051264,0.049223
1.0769e-07,0.051272,0.049163
1.8384e-07,0.051281,0.049097
2.6296e-07,0.051291,0.049027
3.4489e-07,0.051302,0.048952
4.2942e-07,0.051314,0.048873
5.1634e-07,0.051327,0.048789
6.0542e-07,0.051341,0.048701
6.964e-07,0.051355,0.04861
7.8901e-07,0.05137,0.048514
8.8294e-07,0.051386,0.048415
9.7788e-07,0.051402,0.048313
1.0735e-06,0.051418,0.048208
1.1694e-06,0.051434,0.0481
1.2653e-06,0.05145,0.047988
1.3607e-06,0.051466,0.047875
1.4553e-06,0.051481,0.047759
1.5486e-06,0.051497,0.047641
1.6401e-06,0.051512,0.047522
1.7295e-06,0.051526,0.0474
1.8162e-06,0.05154,0.047278
1.8998e-06,0.051552,0.047154
1.9797e-06,0.051564,0.04703
2.0555e-06,0.051575,0.046905
2.1266e-06,0.051585,0.046779
2.1926e-06,0.051594,0.046654
2.2529e-06,0.051601,0.046529
2.3069e-06,0.051607,0.046404
2.3542e-06,0.051612,0.04628
2.3942e-06,0.051615,0.046156
2.4263e-06,0.051616,0.046034
2.4502e-06,0.051616,0.045914
2.4652e-06,0.051615,0.045795
2.471e-06,0.051611,0.045678
2.4669e-06,0.051606,0.045563
2.4525e-06,0.0516,0.04545
2.4274e-06,0.051591,0.04534
2.3911e-06,0.051581,0.045233
2.3432e-06,0.051569,0.045128
2.2835e-06,0.051556,0.045027
2.2114e-06,0.051541,0.044929
2.1267e-06,0.051524,0.044835
2.0292e-06,0.051505,0.044744
1.9185e-06,0.051485,0.044657
1.7945e-06,0.051464,0.044574
1.6571e-06,0.051441,0.044496
1.506e-06,0.051417,0.044421
1.3414e-06,0.051392,0.044351
1.1631e-06,0.051366,0.044285
9.7118e-07,0.051338,0.044224
7.6584e-07,0.05131,0.044167
5.472e-07,0.051281,0.044115
3.1551e-07,0.051252,0.044067
7.1069e-08,0.051222,0.044024
-1.8576e-07,0.051191,0.043986
-4.5452e-07,0.051161,0.043953
-7.3472e-07,0.05113,0.043924
-1.0258e-06,0.0511,0.0439
-1.327e-06,0.05107,0.04388
-1.6377e-06,0.05104,0.043865
-1.957e-06,0.051011,0.043854
-2.284e-06,0.050983,0.043848
-2.6179e-06,0.050955,0.043846
-2.9574e-06,0.050929,0.043849
-3.3016e-06,0.050904,0.043855
-3.6492e-06,0.05088,0.043865
-3.9989e-06,0.050858,0.043879
-4.3494e-06,0.050837,0.043897
-4.6993e-06,0.050819,0.043918
-5.047e-06,0.050802,0.043942
-5.391e-06,0.050787,0.043969
-5.7297e-06,0.050774,0.044
-6.0613e-06,0.050764,0.044033
-6.3841e-06,0.050756,0.044068
-6.6962e-06,0.05075,0.044106
-6.9959e-06,0.050747,0.044146
-7.2811e-06,0.050746,0.044187
-7.5499e-06,0.050748,0.044231
-7.8004e-06,0.050752,0.044276
-8.0304e-06,0.050759,0.044321
-8.2379e-06,0.050768,0.044368
-8.4208e-06,0.050781,0.044416
-8.577e-06,0.050795,0.044464
-8.7044e-06,0.050813,0.044513
-8.801e-06,0.050832,0.044562
-8.8645e-06,0.050855,0.04461
-8.8929e-06,0.05088,0.044658
-8.8842e-06,0.050907,0.044706
-8.8363e-06,0.050936,0.044753
-8.7472e-06,0.050968,0.0448
-8.615e-06,0.051001,0.044845
-8.4379e-06,0.051037,0.044889
-8.214e-06,0.051075,0.044932
-7.9415e-06,0.051114,0.044973
-7.619e-06,0.051155,0.045013
-7.2447e-06,0.051198,0.045051
-6.8174e-06,0.051242,0.045087
-6.3356e-06,0.051287,0.045122
-5.7982e-06,0.051334,0.045154
-5.2041e-06,0.051382,0.045184
-4.5525e-06,0.05143,0.045212
-3.8426e-06,0.051479,0.045238
-3.0737e-06,0.051529,0.045261
-2.2456e-06,0.051579,0.045282
-1.3579e-06,0.05163,0.0453
-4.1057e-07,0.05168,0.045317
5.9615e-07,0.051731,0.04533
1.6619e-06,0.051781,0.045342
2.7862e-06,0.051831,0.04535
3.9683e-06,0.051881,0.045357
5.207e-06,0.05193,0.045361
6.5013e-06,0.051979,0.045362
7.8496e-06,0.052026,0.045362
9.2503e-06,0.052073,0.045359
1.0701e-05,0.052118,0.045353
1.2201e-05,0.052162,0.045346
1.3746e-05,0.052205,0.045336
1.5335e-05,0.052246,0.045324
1.6964e-05,0.052286,0.04531
1.863e-05,0.052324,0.045294
2.0331e-05,0.05236,0.045276
2.2062e-05,0.052394,0.045256
2.382e-05,0.052426,0.045235
2.56e-05,0.052455,0.045212
2.74e-05,0.052483,0.045187
2.9214e-05,0.052508,0.045161
3.1038e-05,0.052531,0.045134
3.2867e-05,0.052551,0.045105
3.4697e-05,0.052569,0.045076
3.6523e-05,0.052584,0.045045
3.8339e-05,0.052596,0.045013
4.0141e-05,0.052606,0.044981
4.1923e-05,0.052613,0.044948
4.368e-05,0.052617,0.044914
4.5406e-05,0.052618,0.04488
4.7098e-05,0.052616,0.044846
4.8748e-05,0.052612,0.044812
5.0352e-05,0.052604,0.044777
5.1904e-05,0.052594,0.044743
5.34e-05,0.05258,0.044708
5.4835e-05,0.052564,0.044675
5.6203e-05,0.052545,0.044641
5.75e-05,0.052523,0.044609
5.8721e-05,0.052498,0.044577
5.9861e-05,0.052471,0.044546
6.0918e-05,0.05244,0.044516
6.1886e-05,0.052407,0.044487
6.2763e-05,0.052372,0.04446
6.3544e-05,0.052334,0.044434
6.4228e-05,0.052294,0.04441
6.481e-05,0.052251,0.044387
6.5291e-05,0.052207,0.044367
6.5666e-05,0.05216,0.044348
6.5935e-05,0.052112,0.044331
6.6097e-05,0.052061,0.044317
6.6151e-05,0.052009,0.044305
6.6097e-05,0.051955,0.044295
6.5935e-05,0.0519,0.044288
6.5666e-05,0.051844,0.044284
6.5291e-05,0.051787,0.044282
6.481e-05,0.051729,0.044283
6.4228e-05,0.05167,0.044287
6.3544e-05,0.051611,0.044294
6.2763e-05,0.051551,0.044304
6.1886e-05,0.051491,0.044317
6.0918e-05,0.051431,0.044333
5.9861e-05,0.051371,0.044352
5.8721e-05,0.051311,0.044374
5.75e-05,0.051252,0.0444
5.6203e-05,0.051193,0.044428
5.4835e-05,0.051135,0.044459
5.34e-05,0.051078,0.044493
5.1904e-05,0.051022,0.04453
5.0352e-05,0.050967,0.04457
4.8748e-05,0.050914,0.044613
4.7098e-05,0.050862,0.044658
4.5406e-05,0.050812,0.044706
4.368e-05,0.050763,0.044757
4.1923e-05,0.050716,0.04481
4.0141e-05,0.050671,0.044865
3.8339e-05,0.050628,0.044922
3.6523e-05,0.050588,0.044981
3.4697e-05,0.050549,0.045042
3.2867e-05,0.050512,0.045104
3.1038e-05,0.050478,0.045168
2.9214e-05,0.050446,0.045233
2.74e-05,0.050416,0.045299
2.56e-05,0.050388,0.045366
2.382e-05,0.050362,0.045434
2.2062e-05,0.050339,0.045503
2.0331e-05,0.050318,0.045571
1.863e-05,0.050298,0.04564
1.6964e-05,0.050281,0.045709
1.5335e-05,0.050266,0.045777
1.3746e-05,0.050253,0.045845
1.2201e-05,0.050241,0.045913
1.0701e-05,0.050231,0.045979
9.2503e-06,0.050222,0.046045
7.8496e-06,0.050215,0.046109
6.5013e-06,0.05021,0.046171
5.207e-06,0.050205,0.046233
3.9683e-06,0.050201,0.046292
2.7862e-06,0.050198,0.046349
1.6619e-06,0.050196,0.046405
5.9615e-07,0.050194,0.046458
-4.1057e-07,0.050193,0.046508
-1.3579e-06,0.050192,0.046556
-2.2456e-06,0.050191,0.046602
-3.0737e-06,0.05019,0.046644
-3.8426e-06,0.050188,0.046684
-4.5525e-06,0.050187,0.04672
-5.2041e-06,0.050184,0.046754
-5.7982e-06,0.050181,0.046784
-6.3356e-06,0.050177,0.046811
-6.8174e-06,0.050173,0.046835
-7.2447e-06,0.050167,0.046855
-7.619e-06,0.05016,0.046872
-7.9415e-06,0.050152,0.046886
-8.214e-06,0.050143,0.046896
-8.4379e-06,0.050132,0.046902
-8.615e-06,0.05012,0.046905
-8.7472e-06,0.050107,0.046904
-8.8363e-06,0.050092,0.0469
-8.8842e-06,0.050076,0.046893
-8.8929e-06,0.050058,0.046882
-8.8645e-06,0.050039,0.046867
-8.801e-06,0.050019,0.04685
-8.7044e-06,0.049997,0.046829
-8.577e-06,0.049974,0.046805
-8.4208e-06,0.04995,0.046777
-8.2379e-06,0.049924,0.046747
-8.0304e-06,0.049898,0.046714
-7.8004e-06,0.04987,0.046678
-7.5499e-06,0.049842,0.046639
-7.2811e-06,0.049813,0.046598
-6.9959e-06,0.049784,0.046554
-6.6962e-06,0.049754,0.046508
-6.3841e-06,0.049724,0.046459
-6.0613e-06,0.049693,0.046409
-5.7297e-06,0.049663,0.046356
-5.391e-06,0.049633,0.046302
-5.047e-06,0.049603,0.046246
-4.6993e-06,0.049574,0.046189
-4.3494e-06,0.049546,0.04613
-3.9989e-06,0.049518,0.04607
-3.6492e-06,0.049491,0.046009
-3.3016e-06,0.049466,0.045948
-2.9574e-06,0.049442,0.045885
-2.6179e-06,0.049419,0.045822
-2.284e-06,0.049398,0.045759
-1.957e-06,0.049379,0.045696
-1.6377e-06,0.049362,0.045632
-1.327e-06,0.049347,0.045569
-1.0258e-06,0.049334,0.045506
-7.3472e-07,0.049324,0.045444
-4.5452e-07,0.049316,0.045382
-1.8576e-07,0.049311,0.045321
7.1069e-08,0.049308,0.045261
3.1551e-07,0.049309,0.045202
5.472e-07,0.049312,0.045144
7.6584e-07,0.049317,0.045088
9.7118e-07,0.049326,0.045033
1.1631e-06,0.049338,0.044979
1.3414e-06,0.049353,0.044928
1.506e-06,0.049371,0.044878
1.6571e-06,0.049392,0.044831
1.7945e-06,0.049415,0.044785
1.9185e-06,0.049442,0.044742
2.0292e-06,0.049472,0.0447
2.1267e-06,0.049505,0.044662
2.2114e-06,0.04954,0.044625
2.2835e-06,0.049578,0.044592
2.3432e-06,0.049619,0.04456
2.3911e-06,0.049662,0.044532
2.4274e-06,0.049708,0.044505
2.4525e-06,0.049756,0.044482
2.4669e-06,0.049807,0.044461
2.471e-06,0.049859,0.044444
2.4652e-06,0.049914,0.044428
2.4502e-06,0.04997,0.044416
2.4263e-06,0.050028,0.044406
2.3942e-06,0.050088,0.044399
2.3542e-06,0.050149,0.044395
2.3069e-06,0.050211,0.044393
2.2529e-06,0.050274,0.044394
2.1926e-06,0.050338,0.044398
2.1266e-06,0.050403,0.044404
2.0555e-06,0.050468,0.044413
1.9797e-06,0.050534,0.044424
1.8998e-06,0.0506,0.044438
1.8162e-06,0.050666,0.044453
1.7295e-06,0.050732,0.044471
1.6401e-06,0.050798,0.044492
1.5486e-06,0.050863,0.044514
1.4553e-06,0.050928,0.044538
1.3607e-06,0.050991,0.044564
1.2653e-06,0.051054,0.044592
1.1694e-06,0.051116,0.044621
1.0735e-06,0.051177,0.044652
9.7788e-07,0.051237,0.044685
8.8294e-07,0.051295,0.044718
7.8901e-07,0.051351,0.044753
6.964e-07,0.051406,0.044789
6.0542e-07,0.051459,0.044825
5.1634e-07,0.051511,0.044863
4.2942e-07,0.05156,0.044901
3.4489e-07,0.051607,0.04494
2.6296e-07,0.051652,0.044979
1.8384e-07,0.051695,0.045018
1.0769e-07,0.051736,0.045057
3.4672e-08,0.051775,0.045096
-3.5077e-08,0.051811,0.045136
-1.0144e-07,0.051844,0.045174
-1.6432e-07,0.051876,0.045213
-2.2364e-07,0.051905,0.045251
-2.7934e-07,0.051931,0.045288
-3.3136e-07,0.051956,0.045324
-3.7968e-07,0.051977,0.045359
-4.2429e-07,0.051997,0.045394
-4.6519e-07,0.052014,0.045427
-5.0239e-07,0.052028,0.045459
-5.3593e-07,0.052041,0.045489
-5.6583e-07,0.052051,0.045518
-5.9217e-07,0.052059,0.045545
-6.15e-07,0.052065,0.045571
-6.344e-07,0.052069,0.045595
-6.5046e-07,0.05207,0.045617
-6.6326e-07,0.05207,0.045637
-6.7292e-07,0.052069,0.045655
-6.7954e-07,0.052065,0.045671
-6.8324e-07,0.05206,0.045685
-6.8414e-07,0.052053,0.045697
-6.8237e-07,0.052045,0.045707
-6.7805e-07,0.052035,0.045714
-6.7134e-07,0.052025,0.045719
-6.6236e-07,0.052013,0.045721
-6.5125e-07,0.052,0.045722
-6.3816e-07,0.051987,0.04572
-6.2323e-07,0.051972,0.045715
-6.066e-07,0.051958,0.045708
-5.8842e-07,0.051942,0.045699
-5.6883e-07,0.051927,0.045687
-5.4797e-07,0.051911,0.045674
-5.2598e-07,0.051895,0.045657
-5.03e-07,0.051879,0.045639
-4.7916e-07,0.051864,0.045618
-4.5459e-07,0.051848,0.045595
-4.2943e-07,0.051833,0.04557
-4.038e-07,0.051819,0.045543
-3.7782e-07,0.051806,0.045514
-3.516e-07,0.051793,0.045483
-3.2526e-07,0.051781,0.04545
-2.989e-07,0.051771,0.045415
-2.7263e-07,0.051761,0.045379
-2.4654e-07,0.051753,0.045341
-2.2073e-07,0.051746,0.045301
-1.9528e-07,0.051741,0.04526
-1.7028e-07,0.051737,0.045218
-1.4579e-07,0.051735,0.045174
-1.2189e-07,0.051734,0.045129
-9.864e-08,0.051736,0.045083
-7.6105e-08,0.051739,0.045036
-5.4334e-08,0.051745,0.044989
-3.3376e-08,0.051752,0.04494
-1.3274e-08,0.051761,0.044891
5.9351e-09,0.051773,0.044842
2.422e-08,0.051786,0.044792
4.1552e-08,0.051801,0.044742
5.7911e-08,0.051819,0.044691
7.3279e-08,0.051839,0.044641
8.7642e-08,0.051861,0.044591
1.0099e-07,0.051885,0.04454
1.1333e-07,0.051911,0.044491
1.2465e-07,0.051939,0.044441
1.3496e-07,0.051969,0.044392
1.4426e-07,0.052001,0.044343
1.5257e-07,0.052034,0.044296
1.599e-07,0.05207,0.044249
1.6628e-07,0.052107,0.044202
1.7171e-07,0.052146,0.044157
1.7623e-07,0.052186,0.044113
1.7985e-07,0.052228,0.04407
1.8261e-07,0.052271,0.044028
1.8454e-07,0.052316,0.043987
1.8567e-07,0.052361,0.043948
1.8602e-07,0.052408,0.043909
1.8565e-07,0.052455,0.043873
1.8457e-07,0.052504,0.043837
1.8284e-07,0.052552,0.043803
1.8048e-07,0.052602,0.043771
1.7754e-07,0.052651,0.04374
1.7405e-07,0.052701,0.04371
1.7006e-07,0.052751,0.043682
1.6559e-07,0.0528,0.043655
1.607e-07,0.05285,0.04363
1.5542e-07,0.052899,0.043607
1.4978e-07,0.052948,0.043585
1.4384e-07,0.052995,0.043564
1.3762e-07,0.053043,0.043545
1.3116e-07,0.053089,0.043527
1.245e-07,0.053134,0.043511
1.1767e-07,0.053178,0.043496
1.1071e-07,0.05322,0.043482
1.0364e-07,0.053261,0.043469
9.6515e-08,0.053301,0.043458
8.9348e-08,0.053338,0.043448
8.2173e-08,0.053374,0.043439
7.5018e-08,0.053408,0.043431
6.791e-08,0.05344,0.043425
6.0874e-08,0.05347,0.043419
5.3934e-08,0.053498,0.043414
4.7111e-08,0.053524,0.043411
4.0427e-08,0.053547,0.043408
3.3901e-08,0.053567,0.043406
2.7551e-08,0.053586,0.043405
2.1392e-08,0.053601,0.043404
1.544e-08,0.053615,0.043404
9.7082e-09,0.053625,0.043405
4.2078e-09,0.053633,0.043407
-1.0507e-09,0.053638,0.043409
-6.0583e-09,0.053641,0.043411
-1.0807e-08,0.053641,0.043414
-1.5292e-08,0.053638,0.043418
-1.9507e-08,0.053633,0.043421
-2.3449e-08,0.053624,0.043425
-2.7116e-08,0.053614,0.04343
-3.0506e-08,0.0536,0.043434
-3.362e-08,0.053584,0.043439
-3.6458e-08,0.053566,0.043444
-3.9022e-08,0.053545,0.043449
-4.1315e-08,0.053521,0.043454
-4.3341e-08,0.053495,0.043459
-4.5106e-08,0.053467,0.043464
-4.6613e-08,0.053437,0.04347
-4.7871e-08,0.053404,0.043474
-4.8884e-08,0.053369,0.043479
-4.9662e-08,0.053332,0.043484
-5.0212e-08,0.053293,0.043488
-5.0542e-08,0.053252,0.043492
-5.0663e-08,0.05321,0.043496
-5.0582e-08,0.053165,0.0435
-5.031e-08,0.053119,0.043503
-4.9857e-08,0.053072,0.043505
-4.9233e-08,0.053023,0.043508
-4.8449e-08,0.052972,0.04351
-4.7514e-08,0.052921,0.043511
-4.6441e-08,0.052868,0.043512
-4.5239e-08,0.052814,0.043512
-4.3918e-08,0.05276,0.043512
-4.2491e-08,0.052704,0.043511
-4.0967e-08,0.052648,0.043509
-3.9356e-08,0.052591,0.043507
-3.767e-08,0.052533,0.043505
-3.5917e-08,0.052476,0.043501
-3.4108e-08,0.052417,0.043497
-3.2253e-08,0.052359,0.043493
-3.036e-08,0.052301,0.043487
-2.8439e-08,0.052242,0.043481
-2.6499e-08,0.052184,0.043474
-2.4547e-08,0.052126,0.043467
-2.2593e-08,0.052068,0.043459
-2.0643e-08,0.05201,0.04345
-1.8705e-08,0.051953,0.04344
-1.6786e-08,0.051896,0.04343
-1.4893e-08,0.051841,0.04342
-1.3031e-08,0.051785,0.043408
-1.1206e-08,0.051731,0.043396
-9.4231e-09,0.051677,0.043383
-7.6879e-09,0.051625,0.04337
-6.0045e-09,0.051573,0.043356
-4.377e-09,0.051523,0.043342
-2.8089e-09,0.051473,0.043327
-1.3036e-09,0.051425,0.043311
1.3603e-10,0.051378,0.043295
1.5076e-09,0.051332,0.043279
2.8091e-09,0.051288,0.043262
4.0386e-09,0.051244,0.043244
5.1949e-09,0.051202,0.043227
6.2769e-09,0.051162,0.043208
7.2839e-09,0.051123,0.04319
8.2156e-09,0.051085,0.043171
9.072e-09,0.051048,0.043152
9.8532e-09,0.051012,0.043133
1.056e-08,0.050978,0.043114
1.1192e-08,0.050946,0.043095
1.1752e-08,0.050914,0.043075
1.2241e-08,0.050883,0.043055
1.2659e-08,0.050854,0.043036
1.3009e-08,0.050826,0.043016
1.3292e-08,0.050798,0.042997
1.3511e-08,0.050772,0.042978
1.3667e-08,0.050747,0.042959
1.3764e-08,0.050722,0.04294
1.3803e-08,0.050698,0.042921
1.3787e-08,0.050675,0.042903
1.3718e-08,0.050652,0.042885
1.36e-08,0.05063,0.042868
1.3435e-08,0.050609,0.042851
1.3226e-08,0.050587,0.042835
1.2976e-08,0.050566,0.042819
1.2688e-08,0.050546,0.042804
1.2364e-08,0.050525,0.042789
1.2008e-08,0.050504,0.042775
1.1622e-08,0.050483,0.042762
1.1209e-08,0.050463,0.04275
1.0773e-08,0.050442,0.042738
1.0316e-08,0.05042,0.042727
9.8401e-09,0.050399,0.042717
9.3489e-09,0.050377,0.042708
8.8447e-09,0.050354,0.0427
8.3301e-09,0.050331,0.042693
7.8075e-09,0.050308,0.042687
7.2794e-09,0.050283,0.042681
6.748e-09,0.050259,0.042677
6.2155e-09,0.050233,0.042674
5.684e-09,0.050207,0.042671
5.1556e-09,0.05018,0.04267
4.6321e-09,0.050153,0.04267
4.1153e-09,0.050125,0.042671
3.6069e-09,0.050096,0.042673
3.1085e-09,0.050066,0.042676
2.6214e-09,0.050036,0.042681
2.1471e-09,0.050005,0.042686
1.6868e-09,0.049974,0.042692
1.2415e-09,0.049941,0.0427
8.1235e-10,0.049909,0.042708
4.0017e-10,0.049875,0.042718
5.7753e-12,0.049842,0.042729
-3.7016e-10,0.049808,0.042741
-7.2704e-10,0.049773,0.042753
-1.0644e-09,0.049739,0.042767
-1.3819e-09,0.049704,0.042782
-1.6791e-09,0.049669,0.042798
-1.956e-09,0.049634,0.042814
-2.2123e-09,0.049599,0.042832
-2.4482e-09,0.049564,0.04285
-2.6635e-09,0.04953,0.042869
-2.8586e-09,0.049496,0.042889
-3.0335e-09,0.049462,0.04291
-3.1885e-09,0.049429,0.042931
-3.324e-09,0.049396,0.042953
-3.4404e-09,0.049365,0.042975
-3.538e-09,0.049334,0.042998
-3.6175e-09,0.049304,0.043021
-3.6794e-09,0.049275,0.043045
-3.7242e-09,0.049248,0.043069
-3.7526e-09,0.049221,0.043093
-3.7653e-09,0.049196,0.043117
-3.7629e-09,0.049173,0.043141
-3.7461e-09,0.049151,0.043166
-3.7157e-09,0.04913,0.04319
-3.6724e-09,0.049112,0.043214
-3.6171e-09,0.049095,0.043237
-3.5504e-09,0.04908,0.043261
-3.4733e-09,0.049067,0.043284
-3.3864e-09,0.049056,0.043306
-3.2905e-09,0.049047,0.043328
-3.1865e-09,0.04904,0.043349
-3.0751e-09,0.049036,0.043369
-2.9571e-09,0.049034,0.043388
-2.8333e-09,0.049033,0.043406
-2.7043e-09,0.049036,0.043424
-2.5711e-09,0.04904,0.04344
-2.4341e-09,0.049047,0.043455
-2.2942e-09,0.049056,0.043468
-2.1521e-09,0.049067,0.043481
-2.0083e-09,0.049081,0.043492
-1.8635e-09,0.049098,0.043501
-1.7183e-09,0.049116,0.043509
-1.5733e-09,0.049137,0.043516
-1.429e-09,0.04916,0.04352
-1.286e-09,0.049185,0.043524
-1.1447e-09,0.049213,0.043525
-1.0055e-09,0.049242,0.043525
-8.6902e-10,0.049274,0.043523
-7.3551e-10,0.049308,0.04352
-6.0539e-10,0.049344,0.043514
-4.7898e-10,0.049381,0.043507
-3.566e-10,0.04942,0.043499
-2.3853e-10,0.049461,0.043488
-1.25e-10,0.049504,0.043476
-1.6243e-11,0.049548,0.043463
8.7554e-11,0.049594,0.043448
1.8623e-10,0.04964,0.043431
2.7965e-10,0.049688,0.043413
3.677e-10,0.049737,0.043394
4.5031e-10,0.049786,0.043373
5.2741e-10,0.049837,0.043351
5.9896e-10,0.049888,0.043327
6.6497e-10,0.049939,0.043303
7.2544e-10,0.049991,0.043277
7.8039e-10,0.050043,0.043251
8.2988e-10,0.050094,0.043224
8.7399e-10,0.050146,0.043196
9.1278e-10,0.050197,0.043167
9.4637e-10,0.050248,0.043138
9.7487e-10,0.050298,0.043109
9.9841e-10,0.050348,0.043079
1.0171e-09,0.050396,0.043049
1.0312e-09,0.050444,0.043019
1.0408e-09,0.05049,0.042989
1.046e-09,0.050535,0.042959
1.0471e-09,0.050579,0.042929
1.0443e-09,0.050621,0.0429
1.0377e-09,0.050661,0.042872
1.0275e-09,0.0507,0.042844
1.0139e-09,0.050736,0.042817
9.9726e-10,0.050771,0.04279
9.7763e-10,0.050804,0.042765
9.5525e-10,0.050834,0.042741
9.3035e-10,0.050863,0.042718
9.0312e-10,0.050889,0.042696
8.7377e-10,0.050913,0.042676
8.4251e-10,0.050935,0.042657
8.0953e-10,0.050954,0.04264
7.7504e-10,0.050971,0.042624
7.3922e-10,0.050986,0.04261
7.0226e-10,0.050999,0.042598
6.6435e-10,0.051009,0.042588
6.2566e-10,0.051017,0.04258
5.8637e-10,0.051022,0.042574
5.4664e-10,0.051026,0.042569
5.0663e-10,0.051027,0.042567
4.6649e-10,0.051027,0.042567
4.2636e-10,0.051024,0.042569
3.8638e-10,0.05102,0.042573
3.4668e-10,0.051013,0.042579
3.0738e-10,0.051005,0.042587
2.686e-10,0.050996,0.042597
2.3044e-10,0.050985,0.042609
1.9301e-10,0.050972,0.042623
1.5638e-10,0.050958,0.042639
1.2066e-10,0.050943,0.042657
8.59e-11,0.050926,0.042677
5.2185e-11,0.050909,0.042699
1.9572e-11,0.050891,0.042722
-1.1882e-11,0.050872,0.042747
-4.2132e-11,0.050852,0.042773
-7.1134e-11,0.050831,0.0428
-9.8855e-11,0.05081,0.042829
-1.2526e-10,0.050789,0.04286
-1.5034e-10,0.050767,0.042891
-1.7406e-10,0.050745,0.042923
-1.9642e-10,0.050722,0.042956
-2.1741e-10,0.0507,0.04299
-2.3702e-10,0.050677,0.043024
-2.5526e-10,0.050654,0.043058
-2.7212e-10,0.050631,0.043093
-2.8763e-10,0.050609,0.043128
-3.0179e-10,0.050586,0.043163
-3.1462e-10,0.050563,0.043198
-3.2614e-10,0.05054,0.043232
-3.3636e-10,0.050518,0.043266
-3.4531e-10,0.050495,0.0433
-3.5301e-10,0.050473,0.043332
-3.5949e-10,0.050451,0.043364
-3.6478e-10,0.050429,0.043394
-3.6891e-10,0.050407,0.043424
-3.7189e-10,0.050385,0.043452
-3.7378e-10,0.050363,0.043479
-3.7459e-10,0.050342,0.043504
-3.7435e-10,0.05032,0.043527
-3.731e-10,0.050299,0.043549
-3.7086e-10,0.050277,0.043568
-3.6768e-10,0.050256,0.043586
-3.6356e-10,0.050235,0.043601
-3.5855e-10,0.050214,0.043614
-3.5268e-10,0.050193,0.043625
-3.4596e-10,0.050172,0.043633
-3.3843e-10,0.050152,0.043639
-3.3011e-10,0.050131,0.043642
-3.2103e-10,0.05011,0.043643
-3.1122e-10,0.05009,0.043641
-3.0068e-10,0.050069,0.043636
-2.8946e-10,0.050049,0.043628
-2.7756e-10,0.050029,0.043618
-2.6502e-10,0.050009,0.043604
-2.5184e-10,0.04999,0.043588
-2.3806e-10,0.04997,0.04357
-2.2368e-10,0.049951,0.043548
-2.0873e-10,0.049932,0.043524
-1.9322e-10,0.049914,0.043496
-1.7718e-10,0.049896,0.043467
-1.6062e-10,0.049878,0.043434
-1.4356e-10,0.049861,0.043399
-1.2602e-10,0.049844,0.043361
-1.0802e-10,0.049828,0.043321
-8.9569e-11,0.049812,0.043279
-7.0699e-11,0.049798,0.043235
-5.1429e-11,0.049783,0.043188
-3.1779e-11,0.04977,0.043139
-1.1776e-11,0.049758,0.043089
8.5575e-12,0.049746,0.043037
2.9193e-11,0.049735,0.042983
5.0102e-11,0.049726,0.042928
7.1254e-11,0.049717,0.042871
9.2616e-11,0.049709,0.042814
1.1415e-10,0.049703,0.042755
1.3583e-10,0.049697,0.042696
1.576e-10,0.049693,0.042636
1.7942e-10,0.049691,0.042575
2.0126e-10,0.049689,0.042515
2.2305e-10,0.049689,0.042454
2.4475e-10,0.04969,0.042394
2.6631e-10,0.049693,0.042334
2.8766e-10,0.049697,0.042274
3.0875e-10,0.049702,0.042215
3.2951e-10,0.049709,0.042157
3.4988e-10,0.049717,0.0421
3.6979e-10,0.049727,0.042044
3.8917e-10,0.049738,0.041989
4.0793e-10,0.04975,0.041936
4.2601e-10,0.049764,0.041885
4.4332e-10,0.04978,0.041836
4.5978e-10,0.049796,0.041788
4.7531e-10,0.049814,0.041743
4.8982e-10,0.049834,0.0417
5.0322e-10,0.049854,0.041659
5.1542e-10,0.049876,0.041621
5.2633e-10,0.049899,0.041585
5.3586e-10,0.049923,0.041552
5.4391e-10,0.049948,0.041522
5.504e-10,0.049975,0.041494
5.5524e-10,0.050002,0.04147
5.5832e-10,0.050029,0.041448
5.5957e-10,0.050058,0.041429
5.5889e-10,0.050087,0.041413
5.5619e-10,0.050117,0.0414
5.5139e-10,0.050148,0.04139
5.4442e-10,0.050179,0.041383
5.3519e-10,0.05021,0.041379
5.2363e-10,0.050241,0.041378
5.0967e-10,0.050273,0.04138
4.9325e-10,0.050305,0.041385
4.7431e-10,0.050336,0.041392
4.5279e-10,0.050368,0.041403
4.2867e-10,0.0504,0.041416
4.0189e-10,0.050431,0.041432
3.7243e-10,0.050462,0.041451
3.4027e-10,0.050492,0.041472
3.054e-10,0.050522,0.041496
2.6782e-10,0.050551,0.041522
2.2754e-10,0.05058,0.04155
1.8457e-10,0.050608,0.041581
1.3896e-10,0.050635,0.041614
9.0744e-11,0.050661,0.041649
3.9979e-11,0.050686,0.041687
-1.3266e-11,0.05071,0.041726
-6.8907e-11,0.050733,0.041767
-1.2685e-10,0.050755,0.04181
-1.8698e-10,0.050775,0.041854
-2.4918e-10,0.050795,0.0419
-3.1331e-10,0.050813,0.041948
-3.7921e-10,0.05083,0.041997
-4.4672e-10,0.050845,0.042047
-5.1566e-10,0.050859,0.042098
-5.8582e-10,0.050871,0.042151
-6.5699e-10,0.050882,0.042205
-7.2895e-10,0.050892,0.042259
-8.0145e-10,0.0509,0.042315
-8.7424e-10,0.050907,0.042371
-9.4704e-10,0.050912,0.042428
-1.0196e-09,0.050915,0.042485
-1.0916e-09,0.050917,0.042543
-1.1626e-09,0.050917,0.042602
-1.2325e-09,0.050916,0.042661
-1.3009e-09,0.050913,0.04272
-1.3674e-09,0.050908,0.042779
-1.4316e-09,0.050902,0.042839
-1.4933e-09,0.050894,0.042899
-1.552e-09,0.050885,0.042958
-1.6074e-09,0.050874,0.043018
-1.659e-09,0.050862,0.043078
-1.7065e-09,0.050848,0.043137
-1.7495e-09,0.050832,0.043196
-1.7876e-09,0.050815,0.043255
-1.8204e-09,0.050797,0.043314
-1.8476e-09,0.050777,0.043372
-1.8687e-09,0.050755,0.04343
-1.8833e-09,0.050733,0.043488
-1.8911e-09,0.050708,0.043545
-1.8917e-09,0.050682,0.043601
-1.8848e-09,0.050655,0.043657
-1.87e-09,0.050626,0.043712
-1.847e-09,0.050597,0.043767
-1.8155e-09,0.050565,0.043821
-1.7751e-09,0.050533,0.043874
-1.7257e-09,0.050499,0.043927
-1.6669e-09,0.050464,0.043979
-1.5986e-09,0.050428,0.04403
-1.5205e-09,0.05039,0.04408
-1.4325e-09,0.050351,0.04413
-1.3345e-09,0.050312,0.044179
-1.2263e-09,0.050271,0.044227
-1.1078e-09,0.050229,0.044274
-9.7916e-10,0.050186,0.044321
-8.4025e-10,0.050143,0.044366
-6.9117e-10,0.050098,0.044411
-5.3201e-10,0.050053,0.044455
-3.6292e-10,0.050006,0.044499
-1.8408e-10,0.049959,0.044541
4.2502e-12,0.049912,0.044583
2.0179e-10,0.049863,0.044623
4.0821e-10,0.049814,0.044663
6.2309e-10,0.049765,0.044702
8.46e-10,0.049715,0.04474
1.0764e-09,0.049664,0.044778
1.3138e-09,0.049614,0.044814
1.5575e-09,0.049562,0.044849
1.807e-09,0.049511,0.044884
2.0613e-09,0.04946,0.044918
2.3199e-09,0.049408,0.04495
2.5817e-09,0.049356,0.044982
2.846e-09,0.049304,0.045013
3.1118e-09,0.049253,0.045043
3.3781e-09,0.049201,0.045071
3.6439e-09,0.04915,0.045099
3.908e-09,0.049099,0.045126
4.1693e-09,0.049049,0.045151
4.4266e-09,0.048999,0.045176
4.6786e-09,0.048949,0.045199
4.9242e-09,0.048901,0.045221
5.162e-09,0.048852,0.045242
5.3906e-09,0.048805,0.045261
5.6086e-09,0.048758,0.04528
5.8148e-09,0.048713,0.045296
6.0075e-09,0.048668,0.045312
6.1855e-09,0.048625,0.045326
6.3473e-09,0.048582,0.045339
6.4914e-09,0.048541,0.04535
6.6163e-09,0.048501,0.04536
6.7207e-09,0.048463,0.045368
6.803e-09,0.048426,0.045375
6.8619e-09,0.04839,0.04538
6.896e-09,0.048356,0.045383
6.9039e-09,0.048324,0.045385
6.8843e-09,0.048293,0.045385
6.8359e-09,0.048264,0.045384
6.7575e-09,0.048237,0.04538
6.6479e-09,0.048211,0.045375
6.5061e-09,0.048188,0.045369
6.331e-09,0.048166,0.04536
6.1217e-09,0.048146,0.04535
5.8774e-09,0.048128,0.045338
5.5973e-09,0.048111,0.045324
5.2808e-09,0.048097,0.045309
4.9273e-09,0.048085,0.045292
4.5366e-09,0.048075,0.045273
4.1083e-09,0.048066,0.045253
3.6423e-09,0.04806,0.045231
3.1386e-09,0.048055,0.045207
2.5975e-09,0.048052,0.045182
2.0193e-09,0.048051,0.045155
1.4044e-09,0.048053,0.045127
7.5356e-10,0.048055,0.045097
6.7656e-11,0.04806,0.045066
-6.5228e-10,0.048067,0.045034
-1.405e-09,0.048075,0.045001
-2.1891e-09,0.048085,0.044966
-3.003e-09,0.048096,0.044931
-3.8447e-09,0.048109,0.044894
-4.7124e-09,0.048124,0.044857
-5.6037e-09,0.04814,0.044818
-6.5163e-09,0.048158,0.044779
-7.4474e-09,0.048177,0.044739
-8.3943e-09,0.048197,0.044699
-9.3538e-09,0.048219,0.044659
-1.0323e-08,0.048241,0.044618
-1.1298e-08,0.048265,0.044577
-1.2275e-08,0.048291,0.044535
-1.3251e-08,0.048317,0.044494
-1.4221e-08,0.048344,0.044453
-1.5181e-08,0.048372,0.044412
-1.6127e-08,0.048402,0.044372
-1.7055e-08,0.048432,0.044332
-1.796e-08,0.048463,0.044292
-1.8836e-08,0.048494,0.044254
-1.9679e-08,0.048527,0.044216
-2.0485e-08,0.04856,0.044179
-2.1247e-08,0.048593,0.044143
-2.196e-08,0.048628,0.044108
-2.262e-08,0.048662,0.044075
-2.3221e-08,0.048698,0.044043
-2.3758e-08,0.048733,0.044013
-2.4225e-08,0.04877,0.043984
-2.4617e-08,0.048806,0.043957
-2.4929e-08,0.048843,0.043931
-2.5156e-08,0.04888,0.043908
-2.5292e-08,0.048918,0.043887
-2.5332e-08,0.048955,0.043867
-2.5272e-08,0.048993,0.04385
-2.5107e-08,0.049031,0.043835
-2.4832e-08,0.049069,0.043823
-2.4443e-08,0.049107,0.043812
-2.3936e-08,0.049145,0.043804
-2.3307e-08,0.049183,0.043799
-2.2553e-08,0.04922,0.043796
-2.1671e-08,0.049258,0.043795
-2.0658e-08,0.049295,0.043797
-1.9511e-08,0.049332,0.043801
-1.8229e-08,0.049368,0.043808
-1.681e-08,0.049405,0.043818
-1.5253e-08,0.04944,0.04383
-1.3558e-08,0.049475,0.043844
-1.1725e-08,0.04951,0.043861
-9.7537e-09,0.049544,0.04388
-7.646e-09,0.049577,0.043902
-5.4037e-09,0.04961,0.043925
-3.0291e-09,0.049642,0.043951
-5.2525e-10,0.049672,0.043979
2.104e-09,0.049702,0.044009
4.8542e-09,0.049732,0.044041
7.7203e-09,0.04976,0.044075
1.0696e-08,0.049787,0.04411
1.3775e-08,0.049813,0.044147
1.6951e-08,0.049838,0.044186
2.0214e-08,0.049862,0.044225
2.3556e-08,0.049885,0.044266
2.6967e-08,0.049906,0.044308
3.0437e-08,0.049927,0.04435
3.3955e-08,0.049946,0.044394
3.7509e-08,0.049964,0.044437
4.1087e-08,0.049981,0.044482
4.4674e-08,0.049997,0.044526
4.8258e-08,0.050011,0.04457
5.1823e-08,0.050025,0.044614
5.5353e-08,0.050037,0.044658
5.8834e-08,0.050048,0.044702
6.2249e-08,0.050058,0.044744
6.558e-08,0.050067,0.044786
6.8809e-08,0.050076,0.044827
7.192e-08,0.050083,0.044867
7.4893e-08,0.050089,0.044905
7.7709e-08,0.050094,0.044942
8.035e-08,0.050099,0.044977
8.2796e-08,0.050103,0.04501
8.5028e-08,0.050106,0.045041
8.7026e-08,0.050109,0.04507
8.877e-08,0.050111,0.045097
9.0241e-08,0.050113,0.045122
9.142e-08,0.050115,0.045144
9.2288e-08,0.050116,0.045163
9.2824e-08,0.050117,0.04518
9.3012e-08,0.050118,0.045194
9.2833e-08,0.050119,0.045205
9.227e-08,0.05012,0.045213
9.1306e-08,0.050121,0.045218
8.9925e-08,0.050122,0.04522
8.8113e-08,0.050123,0.045219
8.5855e-08,0.050125,0.045215
8.3139e-08,0.050128,0.045208
7.9953e-08,0.05013,0.045197
7.6286e-08,0.050133,0.045183
7.213e-08,0.050137,0.045166
6.7479e-08,0.050142,0.045146
6.2325e-08,0.050147,0.045123
5.6665e-08,0.050152,0.045097
5.0497e-08,0.050159,0.045068
4.3821e-08,0.050166,0.045036
3.6639e-08,0.050174,0.045002
2.8956e-08,0.050183,0.044964
2.0776e-08,0.050193,0.044924
1.211e-08,0.050203,0.044882
2.9675e-09,0.050214,0.044837
-6.6372e-09,0.050227,0.04479
-1.6688e-08,0.05024,0.044741
-2.7167e-08,0.050254,0.04469
-3.8052e-08,0.050269,0.044637
-4.932e-08,0.050284,0.044583
-6.0944e-08,0.050301,0.044527
-7.2894e-08,0.050318,0.044471
-8.5138e-08,0.050336,0.044413
-9.7641e-08,0.050355,0.044354
-1.1037e-07,0.050375,0.044294
-1.2327e-07,0.050395,0.044234
-1.3631e-07,0.050416,0.044174
-1.4945e-07,0.050438,0.044114
-1.6263e-07,0.050461,0.044053
-1.758e-07,0.050484,0.043994
-1.8891e-07,0.050508,0.043934
-2.019e-07,0.050533,0.043875
-2.1472e-07,0.050558,0.043817
-2.273e-07,0.050583,0.04376
-2.3958e-07,0.05061,0.043705
-2.515e-07,0.050636,0.04365
-2.6299e-07,0.050664,0.043597
-2.7398e-07,0.050692,0.043546
-2.8441e-07,0.05072,0.043497
-2.9421e-07,0.050749,0.04345
-3.033e-07,0.050778,0.043405
-3.1161e-07,0.050808,0.043362
-3.1908e-07,0.050838,0.043321
-3.2562e-07,0.050868,0.043283
-3.3118e-07,0.050899,0.043248
-3.3567e-07,0.050931,0.043215
-3.3903e-07,0.050963,0.043185
-3.4118e-07,0.050995,0.043158
-3.4207e-07,0.051028,0.043133
-3.4162e-07,0.051061,0.043112
-3.3977e-07,0.051095,0.043093
-3.3646e-07,0.051129,0.043078
-3.3163e-07,0.051164,0.043065
-3.2523e-07,0.051199,0.043055
-3.172e-07,0.051234,0.043048
-3.075e-07,0.051271,0.043044
-2.9608e-07,0.051307,0.043043
-2.8292e-07,0.051344,0.043045
-2.6796e-07,0.051382,0.043049
-2.512e-07,0.05142,0.043056
-2.326e-07,0.051459,0.043066
-2.1215e-07,0.051498,0.043078
-1.8984e-07,0.051538,0.043092
-1.6568e-07,0.051578,0.043108
-1.3967e-07,0.051619,0.043127
-1.1182e-07,0.051659,0.043148
-8.2162e-08,0.051701,0.04317
-5.0721e-08,0.051742,0.043194
-1.7539e-08,0.051784,0.04322
1.7336e-08,0.051826,0.043247
5.3844e-08,0.051868,0.043275
9.1918e-08,0.05191,0.043305
1.3148e-07,0.051952,0.043335
1.7244e-07,0.051994,0.043366
2.1471e-07,0.052035,0.043398
2.5817e-07,0.052077,0.04343
3.0271e-07,0.052118,0.043463
3.482e-07,0.052158,0.043495
3.945e-07,0.052198,0.043528
4.4147e-07,0.052237,0.04356
4.8894e-07,0.052275,0.043593
5.3675e-07,0.052312,0.043625
5.8471e-07,0.052348,0.043656
6.3265e-07,0.052383,0.043687
6.8037e-07,0.052417,0.043717
7.2765e-07,0.052449,0.043746
7.7429e-07,0.05248,0.043774
8.2007e-07,0.052509,0.043802
8.6476e-07,0.052537,0.043828
9.0811e-07,0.052562,0.043853
9.499e-07,0.052586,0.043877
9.8986e-07,0.052608,0.0439
1.0278e-06,0.052628,0.043922
1.0633e-06,0.052646,0.043942
1.0963e-06,0.052662,0.043962
1.1264e-06,0.052675,0.043979
1.1534e-06,0.052686,0.043996
1.1771e-06,0.052696,0.044011
1.1971e-06,0.052702,0.044026
1.2132e-06,0.052707,0.044039
1.2251e-06,0.052709,0.044051
1.2326e-06,0.052709,0.044061
1.2355e-06,0.052706,0.044071
1.2334e-06,0.052701,0.04408
1.2262e-06,0.052694,0.044088
1.2137e-06,0.052685,0.044095
1.1955e-06,0.052673,0.044102
1.1716e-06,0.052659,0.044107
1.1417e-06,0.052643,0.044113
1.1057e-06,0.052624,0.044118
1.0634e-06,0.052604,0.044122
1.0146e-06,0.052581,0.044126
9.5925e-07,0.052557,0.044131
8.9726e-07,0.052531,0.044135
8.2853e-07,0.052502,0.044139
7.5301e-07,0.052472,0.044143
6.7068e-07,0.05244,0.044148
5.8153e-07,0.052407,0.044153
4.8559e-07,0.052372,0.044159
3.8292e-07,0.052335,0.044165
2.736e-07,0.052297,0.044171
1.5776e-07,0.052257,0.044179
3.5535e-08,0.052216,0.044187
-9.2878e-08,0.052174,0.044196
-2.2726e-07,0.052131,0.044207
-3.6736e-07,0.052086,0.044218
-5.1288e-07,0.05204,0.04423
-6.6349e-07,0.051993,0.044243
-8.1883e-07,0.051946,0.044258
-9.7849e-07,0.051897,0.044273
-1.142e-06,0.051848,0.04429
-1.3089e-06,0.051798,0.044308
-1.4787e-06,0.051747,0.044327
-1.6508e-06,0.051696,0.044348
-1.8246e-06,0.051644,0.044369
-1.9995e-06,0.051592,0.044392
-2.1747e-06,0.051539,0.044416
-2.3496e-06,0.051486,0.044441
-2.5235e-06,0.051432,0.044467
-2.6955e-06,0.051378,0.044493
-2.8648e-06,0.051324,0.044521
-3.0306e-06,0.05127,0.04455
-3.192e-06,0.051216,0.044579
-3.3481e-06,0.051162,0.044609
-3.4979e-06,0.051108,0.044639
-3.6405e-06,0.051054,0.04467
-3.775e-06,0.051,0.044701
-3.9002e-06,0.050947,0.044733
-4.0152e-06,0.050893,0.044764
-4.1189e-06,0.05084,0.044795
-4.2104e-06,0.050788,0.044827
-4.2885e-06,0.050735,0.044858
-4.3522e-06,0.050683,0.044888
-4.4005e-06,0.050632,0.044919
-4.4322e-06,0.050581,0.044948
-4.4464e-06,0.05053,0.044977
-4.4421e-06,0.05048,0.045005
-4.4181e-06,0.050431,0.045031
-4.3736e-06,0.050383,0.045057
-4.3075e-06,0.050335,0.045081
-4.2189e-06,0.050287,0.045104
-4.107e-06,0.050241,0.045126
-3.9708e-06,0.050195,0.045146
-3.8095e-06,0.05015,0.045164
-3.6224e-06,0.050105,0.045181
-3.4087e-06,0.050062,0.045195
-3.1678e-06,0.050019,0.045208
-2.8991e-06,0.049978,0.045218
-2.6021e-06,0.049937,0.045227
-2.2763e-06,0.049897,0.045233
-1.9213e-06,0.049858,0.045237
-1.5369e-06,0.04982,0.045239
-1.1228e-06,0.049783,0.045238
-6.7893e-07,0.049747,0.045235
-2.0529e-07,0.049712,0.045229
2.9807e-07,0.049679,0.045221
8.3097e-07,0.049646,0.045211
1.3931e-06,0.049614,0.045198
1.9841e-06,0.049584,0.045183
2.6035e-06,0.049555,0.045165
3.2507e-06,0.049527,0.045145
3.9248e-06,0.0495,0.045122
4.6251e-06,0.049475,0.045097
5.3507e-06,0.04945,0.04507
6.1004e-06,0.049427,0.04504
6.8731e-06,0.049406,0.045008
7.6674e-06,0.049385,0.044974
8.4819e-06,0.049366,0.044938
9.3151e-06,0.049349,0.0449
1.0165e-05,0.049333,0.04486
1.1031e-05,0.049318,0.044818
1.191e-05,0.049305,0.044774
1.28e-05,0.049293,0.044729
1.37e-05,0.049283,0.044682
1.4607e-05,0.049274,0.044633
1.5519e-05,0.049268,0.044583
1.6434e-05,0.049262,0.044532
1.7349e-05,0.049259,0.04448
1.8261e-05,0.049257,0.044427
1.917e-05,0.049256,0.044373
2.007e-05,0.049258,0.044318
2.0961e-05,0.049261,0.044262
2.184e-05,0.049266,0.044206
2.2703e-05,0.049273,0.04415
2.3549e-05,0.049282,0.044093
2.4374e-05,0.049292,0.044036
2.5176e-05,0.049305,0.043979
2.5952e-05,0.049319,0.043923
2.67e-05,0.049335,0.043866
2.7417e-05,0.049353,0.04381
2.8101e-05,0.049373,0.043755
2.875e-05,0.049394,0.0437
2.936e-05,0.049418,0.043646
2.9931e-05,0.049443,0.043593
3.0459e-05,0.04947,0.043541
3.0943e-05,0.049498,0.043491
3.1381e-05,0.049529,0.043441
3.1772e-05,0.049561,0.043393
3.2114e-05,0.049595,0.043347
3.2405e-05,0.04963,0.043302
3.2645e-05,0.049666,0.043259
3.2833e-05,0.049705,0.043217
3.2967e-05,0.049744,0.043178
3.3048e-05,0.049785,0.043141
3.3075e-05,0.049827,0.043106
3.3048e-05,0.04987,0.043073
3.2967e-05,0.049914,0.043042
3.2833e-05,0.049959,0.043014
3.2645e-05,0.050005,0.042988
3.2405e-05,0.050052,0.042965
3.2114e-05,0.0501,0.042944
3.1772e-05,0.050148,0.042926
3.1381e-05,0.050197,0.04291
3.0943e-05,0.050246,0.042897
3.0459e-05,0.050295,0.042887
2.9931e-05,0.050345,0.042879
2.936e-05,0.050396,0.042875
2.875e-05,0.050446,0.042872
2.8101e-05,0.050496,0.042873
2.7417e-05,0.050546,0.042876
2.67e-05,0.050596,0.042882
2.5952e-05,0.050646,0.04289
2.5176e-05,0.050695,0.042901
2.4374e-05,0.050745,0.042914
2.3549e-05,0.050793,0.04293
2.2703e-05,0.050841,0.042949
2.184e-05,0.050888,0.042969
2.0961e-05,0.050935,0.042992
2.007e-05,0.050981,0.043017
1.917e-05,0.051026,0.043044
1.8261e-05,0.051069,0.043073
1.7349e-05,0.051112,0.043103
1.6434e-05,0.051154,0.043136
1.5519e-05,0.051194,0.04317
1.4607e-05,0.051233,0.043205
1.37e-05,0.05127,0.043242
1.28e-05,0.051307,0.04328
1.191e-05,0.051341,0.043319
1.1031e-05,0.051374,0.043359
1.0165e-05,0.051405,0.0434
9.3151e-06,0.051434,0.043441
8.4819e-06,0.051462,0.043483
7.6674e-06,0.051487,0.043526
6.8731e-06,0.051511,0.043568
6.1004e-06,0.051532,0.043611
5.3507e-06,0.051552,0.043654
4.6251e-06,0.051569,0.043696
3.9248e-06,0.051584,0.043738
3.2507e-06,0.051596,0.04378
2.6035e-06,0.051607,0.043821
1.9841e-06,0.051614,0.043862
1.3931e-06,0.05162,0.043902
8.3097e-07,0.051623,0.043941
2.9807e-07,0.051624,0.043979
-2.0529e-07,0.051622,0.044016
-6.7893e-07,0.051617,0.044051
-1.1228e-06,0.05161,0.044086
-1.5369e-06,0.051601,0.04412
-1.9213e-06,0.051589,0.044152
-2.2763e-06,0.051575,0.044183
-2.6021e-06,0.051558,0.044212
-2.8991e-06,0.051539,0.044241
-3.1678e-06,0.051517,0.044268
-3.4087e-06,0.051493,0.044293
-3.6224e-06,0.051467,0.044318
-3.8095e-06,0.051438,0.044341
-3.9708e-06,0.051408,0.044363
-4.107e-06,0.051375,0.044383
-4.2189e-06,0.05134,0.044403
-4.3075e-06,0.051304,0.044421
-4.3736e-06,0.051266,0.044439
-4.4181e-06,0.051226,0.044455
-4.4421e-06,0.051184,0.044471
-4.4464e-06,0.051141,0.044486
-4.4322e-06,0.051097,0.044501
-4.4005e-06,0.051051,0.044515
-4.3522e-06,0.051005,0.044529
-4.2885e-06,0.050958,0.044542
-4.2104e-06,0.05091,0.044556
-4.1189e-06,0.050861,0.044569
-4.0152e-06,0.050812,0.044583
-3.9002e-06,0.050763,0.044597
-3.775e-06,0.050714,0.044611
-3.6405e-06,0.050665,0.044625
-3.4979e-06,0.050617,0.044641
-3.3481e-06,0.050569,0.044657
-3.192e-06,0.050521,0.044674
-3.0306e-06,0.050475,0.044692
-2.8648e-06,0.050429,0.044711
-2.6955e-06,0.050385,0.044731
-2.5235e-06,0.050342,0.044753
-2.3496e-06,0.050301,0.044776
-2.1747e-06,0.050261,0.0448
-1.9995e-06,0.050223,0.044826
-1.8246e-06,0.050188,0.044854
-1.6508e-06,0.050154,0.044884
-1.4787e-06,0.050123,0.044915
-1.3089e-06,0.050095,0.044948
-1.142e-06,0.050069,0.044982
-9.7849e-07,0.050047,0.045019
-8.1883e-07,0.050027,0.045057
-6.6349e-07,0.05001,0.045098
-5.1288e-07,0.049996,0.04514
-3.6736e-07,0.049986,0.045184
-2.2726e-07,0.049979,0.045229
-9.2878e-08,0.049976,0.045277
3.5535e-08,0.049976,0.045326
1.5776e-07,0.04998,0.045377
2.736e-07,0.049987,0.045429
3.8292e-07,0.049998,0.045482
4.8559e-07,0.050013,0.045537
5.8153e-07,0.050032,0.045593
6.7068e-07,0.050055,0.04565
7.5301e-07,0.050081,0.045708
8.2853e-07,0.050112,0.045767
8.9726e-07,0.050146,0.045826
9.5925e-07,0.050184,0.045886
1.0146e-06,0.050225,0.045946
1.0634e-06,0.05027,0.046006
1.1057e-06,0.050319,0.046066
1.1417e-06,0.050371,0.046126
1.1716e-06,0.050426,0.046185
1.1955e-06,0.050485,0.046243
1.2137e-06,0.050547,0.046301
1.2262e-06,0.050612,0.046358
1.2334e-06,0.050679,0.046413
1.2355e-06,0.050749,0.046467
1.2326e-06,0.050822,0.046519
1.2251e-06,0.050897,0.046569
1.2132e-06,0.050974,0.046617
1.1971e-06,0.051052,0.046662
1.1771e-06,0.051133,0.046705
1.1534e-06,0.051215,0.046746
1.1264e-06,0.051298,0.046783
1.0963e-06,0.051381,0.046817
1.0633e-06,0.051466,0.046848
1.0278e-06,0.051551,0.046876
9.8986e-07,0.051636,0.0469
9.499e-07,0.051721,0.04692
9.0811e-07,0.051806,0.046936
8.6476e-07,0.05189,0.046947
8.2007e-07,0.051973,0.046955
7.7429e-07,0.052055,0.046958
7.2765e-07,0.052135,0.046957
6.8037e-07,0.052214,0.046951
6.3265e-07,0.052291,0.046941
5.8471e-07,0.052366,0.046926
5.3675e-07,0.052438,0.046906
4.8894e-07,0.052508,0.046882
4.4147e-07,0.052575,0.046852
3.945e-07,0.052639,0.046818
3.482e-07,0.052699,0.046779
3.0271e-07,0.052757,0.046735
2.5817e-07,0.05281,0.046687
2.1471e-07,0.05286,0.046634
1.7244e-07,0.052906,0.046577
1.3148e-07,0.052947,0.046515
9.1918e-08,0.052985,0.046449
5.3844e-08,0.053018,0.046379
1.7336e-08,0.053047,0.046304
-1.7539e-08,0.053072,0.046227
-5.0721e-08,0.053092,0.046145
-8.2162e-08,0.053108,0.04606
-1.1182e-07,0.05312,0.045973
-1.3967e-07,0.053127,0.045882
-1.6568e-07,0.05313,0.045789
-1.8984e-07,0.053128,0.045694
-2.1215e-07,0.053123,0.045597
-2.326e-07,0.053113,0.045498
-2.512e-07,0.053099,0.045398
-2.6796e-07,0.053082,0.045297
-2.8292e-07,0.05306,0.045195
-2.9608e-07,0.053035,0.045093
-3.075e-07,0.053007,0.044992
-3.172e-07,0.052976,0.04489
-3.2523e-07,0.052941,0.04479
-3.3163e-07,0.052904,0.044691
-3.3646e-07,0.052863,0.044593
-3.3977e-07,0.052821,0.044497
-3.4162e-07,0.052776,0.044403
-3.4207e-07,0.052728,0.044311
-3.4118e-07,0.052679,0.044222
-3.3903e-07,0.052628,0.044137
-3.3567e-07,0.052576,0.044054
-3.3118e-07,0.052522,0.043975
-3.2562e-07,0.052467,0.0439
-3.1908e-07,0.05241,0.043828
-3.1161e-07,0.052353,0.043761
-3.033e-07,0.052295,0.043698
-2.9421e-07,0.052237,0.043639
-2.8441e-07,0.052178,0.043585
-2.7398e-07,0.052118,0.043535
-2.6299e-07,0.052058,0.04349
-2.515e-07,0.051998,0.043449
-2.3958e-07,0.051938,0.043414
-2.273e-07,0.051878,0.043382
-2.1472e-07,0.051818,0.043356
-2.019e-07,0.051758,0.043334
-1.8891e-07,0.051699,0.043316
-1.758e-07,0.051639,0.043303
-1.6263e-07,0.05158,0.043293
-1.4945e-07,0.051522,0.043288
-1.3631e-07,0.051463,0.043287
-1.2327e-07,0.051405,0.04329
-1.1037e-07,0.051348,0.043296
-9.7641e-08,0.051291,0.043305
-8.5138e-08,0.051234,0.043318
-7.2894e-08,0.051178,0.043333
-6.0944e-08,0.051123,0.043351
-4.932e-08,0.051068,0.043371
-3.8052e-08,0.051013,0.043394
-2.7167e-08,0.05096,0.043418
-1.6688e-08,0.050906,0.043445
-6.6371e-09,0.050854,0.043472
2.9676e-09,0.050802,0.0435
1.211e-08,0.050751,0.04353
2.0776e-08,0.0507,0.04356
2.8956e-08,0.050651,0.04359
3.6639e-08,0.050602,0.043621
4.3821e-08,0.050554,0.043651
5.0497e-08,0.050507,0.04368
5.6665e-08,0.05046,0.04371
6.2325e-08,0.050415,0.043738
6.7478e-08,0.050371,0.043765
7.213e-08,0.050328,0.043791
7.6286e-08,0.050286,0.043815
7.9952e-08,0.050245,0.043838
8.3139e-08,0.050205,0.043859
8.5855e-08,0.050167,0.043878
8.8113e-08,0.05013,0.043894
8.9925e-08,0.050094,0.043909
9.1306e-08,0.05006,0.043921
9.227e-08,0.050028,0.04393
9.2833e-08,0.049997,0.043937
9.3012e-08,0.049967,0.043941
9.2824e-08,0.049939,0.043942
9.2287e-08,0.049913,0.04394
9.142e-08,0.049889,0.043936
9.0241e-08,0.049866,0.043928
8.877e-08,0.049846,0.043918
8.7025e-08,0.049827,0.043904
8.5028e-08,0.04981,0.043888
8.2796e-08,0.049795,0.043869
8.035e-08,0.049782,0.043847
7.7709e-08,0.049771,0.043823
7.4892e-08,0.049761,0.043795
7.1919e-08,0.049754,0.043765
6.8809e-08,0.049748,0.043733
6.5579e-08,0.049745,0.043698
6.2248e-08,0.049743,0.043661
5.8834e-08,0.049743,0.043622
5.5353e-08,0.049745,0.043581
5.1822e-08,0.049749,0.043538
4.8257e-08,0.049754,0.043494
4.4674e-08,0.049761,0.043448
4.1087e-08,0.04977,0.0434
3.7509e-08,0.04978,0.043352
3.3955e-08,0.049791,0.043303
3.0437e-08,0.049804,0.043253
2.6967e-08,0.049818,0.043203
2.3555e-08,0.049834,0.043153
2.0213e-08,0.04985,0.043103
1.695e-08,0.049868,0.043052
1.3775e-08,0.049886,0.043003
1.0696e-08,0.049906,0.042954
7.72e-09,0.049926,0.042905
4.854e-09,0.049946,0.042858
2.1038e-09,0.049967,0.042812
-5.2537e-10,0.049989,0.042768
-3.0292e-09,0.050011,0.042726
-5.4037e-09,0.050033,0.042685
-7.6461e-09,0.050055,0.042646
-9.7536e-09,0.050077,0.04261
-1.1725e-08,0.050099,0.042576
-1.3558e-08,0.05012,0.042544
-1.5253e-08,0.050142,0.042516
-1.681e-08,0.050162,0.04249
-1.8229e-08,0.050183,0.042467
-1.9511e-08,0.050202,0.042448
-2.0657e-08,0.050221,0.042431
-2.1671e-08,0.050239,0.042418
-2.2553e-08,0.050257,0.042409
-2.3307e-08,0.050273,0.042403
-2.3935e-08,0.050288,0.0424
-2.4442e-08,0.050303,0.042401
-2.4831e-08,0.050316,0.042406
-2.5106e-08,0.050328,0.042415
-2.5271e-08,0.050338,0.042427
-2.5331e-08,0.050348,0.042443
-2.5291e-08,0.050356,0.042462
-2.5155e-08,0.050363,0.042485
-2.4928e-08,0.050368,0.042512
-2.4616e-08,0.050373,0.042542
-2.4224e-08,0.050375,0.042575
-2.3757e-08,0.050377,0.042612
-2.322e-08,0.050377,0.042652
-2.2619e-08,0.050377,0.042695
-2.1959e-08,0.050374,0.042741
-2.1245e-08,0.050371,0.04279
-2.0483e-08,0.050367,0.042842
-1.9678e-08,0.050361,0.042896
-1.8834e-08,0.050355,0.042952
-1.7958e-08,0.050348,0.043011
-1.7054e-08,0.050339,0.043071
-1.6126e-08,0.050331,0.043133
-1.518e-08,0.050321,0.043197
-1.4219e-08,0.050311,0.043262
-1.3249e-08,0.0503,0.043328
-1.2273e-08,0.050289,0.043395
-1.1296e-08,0.050278,0.043463
-1.0321e-08,0.050266,0.043531
-9.3524e-09,0.050254,0.043599
-8.3929e-09,0.050243,0.043666
-7.4461e-09,0.050231,0.043734
-6.515e-09,0.05022,0.043801
-5.6025e-09,0.050208,0.043867
-4.7113e-09,0.050198,0.043931
-3.8437e-09,0.050187,0.043995
-3.002e-09,0.050178,0.044056
-2.1883e-09,0.050168,0.044116
-1.4043e-09,0.05016,0.044174
-6.5167e-10,0.050152,0.04423
6.8137e-11,0.050146,0.044283
7.539e-10,0.05014,0.044333
1.4046e-09,0.050135,0.044381
2.0193e-09,0.050132,0.044425
2.5974e-09,0.050129,0.044467
3.1384e-09,0.050128,0.044504
3.6418e-09,0.050128,0.044539
4.1077e-09,0.050129,0.04457
4.5358e-09,0.050131,0.044597
4.9263e-09,0.050135,0.044621
5.2796e-09,0.05014,0.044641
5.5959e-09,0.050146,0.044657
5.8758e-09,0.050154,0.044669
6.1199e-09,0.050164,0.044677
6.329e-09,0.050175,0.044682
6.5039e-09,0.050187,0.044683
6.6455e-09,0.050201,0.04468
6.7548e-09,0.050216,0.044674
6.833e-09,0.050233,0.044664
6.8812e-09,0.050251,0.044652
6.9006e-09,0.050271,0.044635
6.8925e-09,0.050292,0.044616
6.8582e-09,0.050315,0.044594
6.7991e-09,0.050339,0.04457
6.7165e-09,0.050365,0.044543
6.612e-09,0.050392,0.044513
6.4869e-09,0.050421,0.044482
6.3426e-09,0.050451,0.044449
6.1807e-09,0.050482,0.044414
6.0025e-09,0.050515,0.044379
5.8096e-09,0.05055,0.044342
5.6034e-09,0.050585,0.044304
5.3852e-09,0.050622,0.044267
5.1565e-09,0.050661,0.044228
4.9187e-09,0.0507,0.04419
4.673e-09,0.050741,0.044152
4.4209e-09,0.050783,0.044115
4.1636e-09,0.050826,0.044079
3.9023e-09,0.05087,0.044044
3.6383e-09,0.050916,0.04401
3.3726e-09,0.050962,0.043977
3.1064e-09,0.05101,0.043947
2.8407e-09,0.051058,0.043918
2.5765e-09,0.051107,0.043891
2.3148e-09,0.051157,0.043867
2.0565e-09,0.051208,0.043846
1.8023e-09,0.05126,0.043827
1.5531e-09,0.051313,0.043811
1.3097e-09,0.051366,0.043798
1.0726e-09,0.051419,0.043788
8.4251e-10,0.051473,0.043781
6.1998e-10,0.051527,0.043777
4.055e-10,0.051582,0.043777
1.9952e-10,0.051637,0.04378
2.4335e-12,0.051692,0.043786
-1.8541e-10,0.051746,0.043795
-3.6372e-10,0.051801,0.043808
-5.3226e-10,0.051856,0.043825
-6.9084e-10,0.05191,0.043844
-8.3932e-10,0.051964,0.043867
-9.776e-10,0.052017,0.043893
-1.1056e-09,0.052069,0.043922
-1.2234e-09,0.052121,0.043954
-1.3309e-09,0.052171,0.043989
-1.4282e-09,0.052221,0.044027
-1.5155e-09,0.052269,0.044067
-1.5928e-09,0.052315,0.04411
-1.6603e-09,0.052361,0.044156
-1.7183e-09,0.052404,0.044203
-1.767e-09,0.052446,0.044252
-1.8065e-09,0.052486,0.044304
-1.8373e-09,0.052524,0.044357
-1.8595e-09,0.052559,0.044411
-1.8735e-09,0.052593,0.044467
-1.8796e-09,0.052624,0.044524
-1.8782e-09,0.052652,0.044582
-1.8696e-09,0.052677,0.044641
-1.8542e-09,0.0527,0.0447
-1.8324e-09,0.05272,0.044759
-1.8046e-09,0.052737,0.044819
-1.7711e-09,0.05275,0.044879
-1.7323e-09,0.052761,0.044938
-1.6887e-09,0.052768,0.044997
-1.6407e-09,0.052772,0.045056
-1.5885e-09,0.052772,0.045114
-1.5327e-09,0.052769,0.04517
-1.4736e-09,0.052762,0.045226
-1.4116e-09,0.052752,0.045281
-1.3471e-09,0.052738,0.045334
-1.2804e-09,0.052721,0.045385
-1.2119e-09,0.0527,0.045435
-1.1419e-09,0.052676,0.045483
-1.0709e-09,0.052648,0.045529
-9.99e-10,0.052616,0.045573
-9.2666e-10,0.052581,0.045615
-8.5414e-10,0.052542,0.045655
-7.8173e-10,0.052501,0.045692
-7.0971e-10,0.052456,0.045727
-6.3833e-10,0.052407,0.04576
-5.6784e-10,0.052356,0.04579
-4.9847e-10,0.052301,0.045817
-4.3044e-10,0.052244,0.045842
-3.6394e-10,0.052184,0.045865
-2.9916e-10,0.052122,0.045884
-2.3626e-10,0.052057,0.045901
-1.7541e-10,0.051989,0.045916
-1.1673e-10,0.05192,0.045927
-6.0364e-11,0.051848,0.045937
-6.4063e-12,0.051775,0.045944
4.5043e-11,0.0517,0.045948
9.3905e-11,0.051624,0.04595
1.4011e-10,0.051546,0.045949
1.8361e-10,0.051467,0.045947
2.2436e-10,0.051388,0.045942
2.6233e-10,0.051307,0.045935
2.9751e-10,0.051227,0.045926
3.2989e-10,0.051146,0.045916
3.5948e-10,0.051065,0.045903
3.863e-10,0.050984,0.045889
4.1037e-10,0.050903,0.045874
4.3173e-10,0.050823,0.045858
4.5042e-10,0.050743,0.04584
4.665e-10,0.050664,0.045821
4.8002e-10,0.050587,0.045802
4.9106e-10,0.05051,0.045782
4.997e-10,0.050435,0.045761
5.06e-10,0.050362,0.045741
5.1005e-10,0.05029,0.04572
5.1195e-10,0.050221,0.045699
5.1178e-10,0.050153,0.045678
5.0966e-10,0.050087,0.045658
5.0566e-10,0.050024,0.045638
4.9991e-10,0.049963,0.045619
4.925e-10,0.049905,0.045601
4.8354e-10,0.049849,0.045583
4.7313e-10,0.049796,0.045567
4.6139e-10,0.049746,0.045553
4.4843e-10,0.049699,0.045539
4.3434e-10,0.049654,0.045528
4.1924e-10,0.049613,0.045517
4.0324e-10,0.049576,0.045509
3.8643e-10,0.049541,0.045503
3.6892e-10,0.04951,0.045498
3.5081e-10,0.049482,0.045496
3.322e-10,0.049457,0.045496
3.1318e-10,0.049436,0.045498
2.9385e-10,0.049418,0.045502
2.7429e-10,0.049404,0.045508
2.5459e-10,0.049393,0.045517
2.3484e-10,0.049386,0.045527
2.151e-10,0.049382,0.045541
1.9547e-10,0.049382,0.045556
1.76e-10,0.049385,0.045574
1.5677e-10,0.049392,0.045593
1.3784e-10,0.049402,0.045615
1.1926e-10,0.049416,0.045639
1.011e-10,0.049433,0.045665
8.3397e-11,0.049453,0.045693
6.6205e-11,0.049477,0.045723
4.9565e-11,0.049504,0.045755
3.3515e-11,0.049535,0.045788
1.8089e-11,0.049568,0.045823
3.3172e-12,0.049605,0.045859
-1.0774e-11,0.049645,0.045896
-2.4163e-11,0.049688,0.045934
-3.683e-11,0.049733,0.045974
-4.876e-11,0.049782,0.046014
-5.9943e-11,0.049833,0.046055
-7.037e-11,0.049887,0.046097
-8.0037e-11,0.049944,0.046139
-8.8941e-11,0.050003,0.046181
-9.7085e-11,0.050064,0.046223
-1.0447e-10,0.050127,0.046266
-1.1111e-10,0.050193,0.046308
-1.1701e-10,0.05026,0.04635
-1.2218e-10,0.050329,0.046391
-1.2664e-10,0.0504,0.046433
-1.304e-10,0.050472,0.046473
-1.3348e-10,0.050545,0.046513
-1.359e-10,0.05062,0.046552
-1.3768e-10,0.050695,0.04659
-1.3885e-10,0.050772,0.046626
-1.3943e-10,0.050848,0.046662
-1.3945e-10,0.050925,0.046697
-1.3893e-10,0.051003,0.04673
-1.3789e-10,0.05108,0.046762
-1.3638e-10,0.051157,0.046792
-1.344e-10,0.051234,0.046821
-1.3201e-10,0.05131,0.046849
-1.2922e-10,0.051386,0.046875
-1.2606e-10,0.05146,0.0469
-1.2256e-10,0.051534,0.046923
-1.1875e-10,0.051606,0.046944
-1.1467e-10,0.051676,0.046965
-1.1033e-10,0.051745,0.046983
-1.0578e-10,0.051811,0.047
-1.0103e-10,0.051876,0.047016
-9.6111e-11,0.051938,0.04703
-9.1054e-11,0.051998,0.047044
-8.5884e-11,0.052056,0.047055
-8.0626e-11,0.05211,0.047066
-7.5303e-11,0.052162,0.047076
-6.9941e-11,0.05221,0.047084
-6.456e-11,0.052255,0.047092
-5.9183e-11,0.052297,0.047098
-5.383e-11,0.052335,0.047104
-4.8522e-11,0.05237,0.04711
-4.3275e-11,0.052401,0.047115
-3.8107e-11,0.052428,0.047119
-3.3036e-11,0.052451,0.047123
-2.8075e-11,0.05247,0.047128
-2.3238e-11,0.052485,0.047132
-1.8539e-11,0.052496,0.047136
-1.3989e-11,0.052502,0.04714
-9.5992e-12,0.052505,0.047145
-5.378e-12,0.052503,0.04715
-1.3341e-12,0.052497,0.047155
2.5251e-12,0.052487,0.047161
6.1935e-12,0.052472,0.047169
9.6658e-12,0.052454,0.047177
1.2938e-11,0.052431,0.047185
1.6007e-11,0.052404,0.047196
1.887e-11,0.052374,0.047207
2.1526e-11,0.052339,0.047219
2.3974e-11,0.0523,0.047233
2.6215e-11,0.052258,0.047248
2.825e-11,0.052213,0.047265
3.008e-11,0.052164,0.047283
3.1709e-11,0.052111,0.047303
3.3139e-11,0.052056,0.047325
3.4374e-11,0.051997,0.047348
3.5419e-11,0.051936,0.047373
3.6278e-11,0.051873,0.047399
3.6957e-11,0.051807,0.047428
3.7462e-11,0.051738,0.047458
3.7799e-11,0.051668,0.04749
3.7974e-11,0.051596,0.047523
3.7994e-11,0.051523,0.047559
3.7868e-11,0.051448,0.047596
3.7601e-11,0.051372,0.047634
3.7202e-11,0.051296,0.047675
3.6678e-11,0.051219,0.047717
3.6037e-11,0.051141,0.04776
3.5288e-11,0.051064,0.047805
3.4438e-11,0.050987,0.047851
3.3495e-11,0.05091,0.047899
3.2467e-11,0.050834,0.047948
3.1362e-11,0.050758,0.047998
3.0189e-11,0.050684,0.04805
2.8953e-11,0.050611,0.048102
2.7665e-11,0.05054,0.048155
2.633e-11,0.050471,0.04821
2.4956e-11,0.050404,0.048265
2.3551e-11,0.050338,0.04832
2.2121e-11,0.050276,0.048376
2.0673e-11,0.050216,0.048433
1.9213e-11,0.050159,0.04849
1.7747e-11,0.050104,0.048548
1.6282e-11,0.050053,0.048605
1.4823e-11,0.050006,0.048663
1.3375e-11,0.049962,0.048721
1.1944e-11,0.049921,0.048778
1.0533e-11,0.049884,0.048836
9.1488e-12,0.049851,0.048893
7.7939e-12,0.049822,0.048949
6.4725e-12,0.049796,0.049006
5.1882e-12,0.049775,0.049061
3.9442e-12,0.049758,0.049117
2.7433e-12,0.049745,0.049171
1.5883e-12,0.049736,0.049225
4.813e-13,0.049732,0.049278
-5.7558e-13,0.049732,0.04933
-1.5806e-12,0.049736,0.049381
-2.5325e-12,0.049744,0.049431
-3.4298e-12,0.049756,0.04948
-4.2719e-12,0.049773,0.049529
-5.0579e-12,0.049793,0.049576
-5.7876e-12,0.049818,0.049622
-6.4608e-12,0.049847,0.049668
-7.0774e-12,0.049879,0.049712
-7.6378e-12,0.049916,0.049755
-8.1425e-12,0.049956,0.049797
-8.5921e-12,0.049999,0.049839
-8.9876e-12,0.050046,0.049879
-9.3298e-12,0.050097,0.049918
-9.62e-12,0.050151,0.049956
-9.8595e-12,0.050208,0.049994
-1.005e-11,0.050267,0.05003
-1.0192e-11,0.05033,0.050066
-1.0289e-11,0.050395,0.050101
-1.0341e-11,0.050463,0.050135
-1.0352e-11,0.050533,0.050168
-1.0321e-11,0.050605,0.050201
-1.0253e-11,0.050679,0.050233
-1.0148e-11,0.050755,0.050264
-1.0009e-11,0.050833,0.050294
-9.8376e-12,0.050912,0.050325
-9.6366e-12,0.050992,0.050354
-9.4079e-12,0.051073,0.050383
-9.1537e-12,0.051155,0.050411
-8.8761e-12,0.051238,0.050439
-8.5773e-12,0.051321,0.050467
-8.2595e-12,0.051404,0.050494
-7.9248e-12,0.051487,0.05052
-7.5753e-12,0.051571,0.050546
-7.2129e-12,0.051654,0.050572
-6.8398e-12,0.051736,0.050597
-6.4578e-12,0.051818,0.050622
-6.0689e-12,0.051899,0.050646
-5.6748e-12,0.051979,0.050669
-5.2773e-12,0.052058,0.050692
-4.8782e-12,0.052136,0.050714
-4.479e-12,0.052212,0.050736
-4.0812e-12,0.052287,0.050757
-3.6864e-12,0.05236,0.050778
-3.2959e-12,0.052431,0.050797
-2.9111e-12,0.0525,0.050816
-2.5331e-12,0.052567,0.050834
-2.163e-12,0.052632,0.050851
-1.802e-12,0.052695,0.050866
-1.451e-12,0.052756,0.050881
-1.1109e-12,0.052814,0.050895
-7.8245e-13,0.052869,0.050908
-4.664e-13,0.052923,0.050919
-1.6338e-13,0.052973,0.050929
1.2604e-13,0.053021,0.050937
4.0139e-13,0.053066,0.050944
6.6228e-13,0.053109,0.050949
9.0837e-13,0.053149,0.050953
1.1394e-12,0.053186,0.050955
1.3552e-12,0.05322,0.050956
1.5557e-12,0.053252,0.050954
1.7407e-12,0.053281,0.050951
1.9104e-12,0.053308,0.050946
2.0647e-12,0.053331,0.050939
2.2039e-12,0.053353,0.05093
2.328e-12,0.053371,0.050919
2.4373e-12,0.053387,0.050907
2.5321e-12,0.0534,0.050892
2.6127e-12,0.053411,0.050875
2.6794e-12,0.05342,0.050856
2.7327e-12,0.053426,0.050835
2.7729e-12,0.05343,0.050812
2.8006e-12,0.053432,0.050787
2.8162e-12,0.053432,0.05076
2.8201e-12,0.05343,0.050731
2.8131e-12,0.053425,0.0507
2.7955e-12,0.053419,0.050668
2.768e-12,0.053411,0.050633
2.7311e-12,0.053402,0.050597
2.6854e-12,0.05339,0.050559
2.6315e-12,0.053377,0.05052
2.57e-12,0.053363,0.050479
2.5015e-12,0.053348,0.050436
2.4265e-12,0.053331,0.050392
2.3457e-12,0.053313,0.050347
2.2597e-12,0.053294,0.0503
2.169e-12,0.053274,0.050252
2.0742e-12,0.053253,0.050203
1.9758e-12,0.053231,0.050152
1.8745e-12,0.053209,0.050101
1.7707e-12,0.053186,0.050049
1.6649e-12,0.053162,0.049996
1.5577e-12,0.053138,0.049942
1.4495e-12,0.053113,0.049887
1.3408e-12,0.053088,0.049831
1.232e-12,0.053062,0.049775
1.1236e-12,0.053036,0.049719
1.0159e-12,0.05301,0.049662
9.0941e-13,0.052983,0.049605
8.0438e-13,0.052956,0.049547
7.0119e-13,0.052929,0.049489
6.0013e-13,0.052902,0.049431
5.0151e-13,0.052874,0.049373
4.0558e-13,0.052846,0.049315
3.1259e-13,0.052818,0.049257
2.2276e-13,0.05279,0.049199
1.3628e-13,0.052762,0.049141
5.3343e-14,0.052733,0.049084
-2.591e-14,0.052705,0.049027
-1.0135e-13,0.052676,0.04897
-1.7285e-13,0.052647,0.048914
-2.4033e-13,0.052617,0.048859
-3.0372e-13,0.052588,0.048804
-3.6296e-13,0.052558,0.04875
-4.1803e-13,0.052528,0.048696
-4.689e-13,0.052497,0.048644
-5.1557e-13,0.052467,0.048593
-5.5807e-13,0.052436,0.048542
-5.9642e-13,0.052405,0.048493
-6.3067e-13,0.052373,0.048444
-6.6089e-13,0.052342,0.048397
-6.8714e-13,0.05231,0.048352
-7.0951e-13,0.052278,0.048307
-7.281e-13,0.052245,0.048264
-7.4301e-13,0.052213,0.048223
-7.5435e-13,0.05218,0.048182
-7.6226e-13,0.052147,0.048144
-7.6685e-13,0.052113,0.048107
-7.6828e-13,0.05208,0.048072
-7.6667e-13,0.052046,0.048038
-7.6219e-13,0.052013,0.048006
-7.5498e-13,0.051979,0.047976
-7.452e-13,0.051945,0.047948
-7.3301e-13,0.051912,0.047921
-7.1856e-13,0.051878,0.047897
-7.0203e-13,0.051845,0.047874
-6.8356e-13,0.051811,0.047853
-6.6332e-13,0.051778,0.047834
-6.4148e-13,0.051745,0.047817
-6.1819e-13,0.051712,0.047802
-5.9362e-13,0.05168,0.047788
-5.679e-13,0.051648,0.047777
-5.4121e-13,0.051616,0.047768
-5.1368e-13,0.051585,0.04776
-4.8547e-13,0.051554,0.047755
-4.567e-13,0.051523,0.047751
-4.2753e-13,0.051494,0.047749
-3.9808e-13,0.051464,0.047749
-3.6848e-13,0.051436,0.047751
-3.3884e-13,0.051408,0.047754
-3.0929e-13,0.051381,0.04776
-2.7994e-13,0.051354,0.047767
-2.5088e-13,0.051328,0.047775
-2.2223e-13,0.051303,0.047786
-1.9406e-13,0.051279,0.047798
-1.6646e-13,0.051256,0.047811
-1.3952e-13,0.051233,0.047827
-1.133e-13,0.051211,0.047843
-8.7878e-14,0.05119,0.047861
-6.3311e-14,0.05117,0.047881
-3.9652e-14,0.05115,0.047902
-1.695e-14,0.051132,0.047924
4.751e-15,0.051114,0.047948
2.5416e-14,0.051097,0.047973
4.5012e-14,0.051081,0.047999
6.3516e-14,0.051066,0.048026
8.0907e-14,0.051052,0.048054
9.7169e-14,0.051038,0.048083
1.1229e-13,0.051026,0.048114
1.2628e-13,0.051014,0.048145
1.3912e-13,0.051003,0.048178
1.5082e-13,0.050992,0.048211
1.6139e-13,0.050983,0.048245
1.7084e-13,0.050974,0.04828
1.7919e-13,0.050966,0.048316
1.8646e-13,0.050959,0.048352
1.9267e-13,0.050952,0.048389
1.9784e-13,0.050946,0.048427
2.0201e-13,0.050941,0.048466
2.052e-13,0.050937,0.048505
2.0746e-13,0.050933,0.048544
2.0881e-13,0.05093,0.048584
2.0929e-13,0.050928,0.048625
2.0894e-13,0.050927,0.048666
2.078e-13,0.050926,0.048707
2.0592e-13,0.050926,0.048749
2.0333e-13,0.050926,0.048791
2.0008e-13,0.050928,0.048833
1.962e-13,0.05093,0.048876
1.9176e-13,0.050933,0.048919
1.8678e-13,0.050937,0.048962
1.8132e-13,0.050941,0.049006
1.7542e-13,0.050947,0.049049
1.6912e-13,0.050953,0.049093
1.6246e-13,0.05096,0.049138
1.5548e-13,0.050967,0.049182
1.4824e-13,0.050976,0.049227
1.4076e-13,0.050986,0.049271
1.3309e-13,0.050996,0.049316
1.2527e-13,0.051007,0.049361
1.1734e-13,0.051019,0.049406
1.0932e-13,0.051032,0.049451
1.0126e-13,0.051046,0.049496
9.3186e-14,0.051061,0.049541
8.5133e-14,0.051076,0.049587
7.7129e-14,0.051092,0.049632
6.9204e-14,0.051109,0.049677
6.1384e-14,0.051127,0.049722
5.3694e-14,0.051146,0.049767
4.6158e-14,0.051165,0.049812
3.8798e-14,0.051185,0.049856
3.1634e-14,0.051205,0.049901
2.4684e-14,0.051227,0.049945
1.7966e-14,0.051248,0.049989
1.1493e-14,0.05127,0.050033
5.2797e-15,0.051293,0.050076
-6.6233e-16,0.051315,0.050119
-6.3229e-15,0.051338,0.050161
-1.1693e-14,0.051362,0.050203
-1.6767e-14,0.051385,0.050244
-2.1538e-14,0.051408,0.050285
-2.6002e-14,0.051432,0.050325
-3.0156e-14,0.051455,0.050365
-3.3999e-14,0.051478,0.050404
-3.753e-14,0.051501,0.050442
-4.0751e-14,0.051524,0.050479
-4.3664e-14,0.051546,0.050516
-4.6272e-14,0.051568,0.050552
-4.858e-14,0.05159,0.050587
-5.0592e-14,0.05161,0.050622
-5.2314e-14,0.051631,0.050655
-5.3754e-14,0.05165,0.050688
-5.4919e-14,0.051669,0.05072
-5.5818e-14,0.051687,0.050751
-5.6459e-14,0.051705,0.050781
-5.6853e-14,0.051721,0.050811
-5.701e-14,0.051737,0.050839
-5.6939e-14,0.051752,0.050867
-5.6652e-14,0.051766,0.050894
-5.616e-14,0.051779,0.05092
-5.5475e-14,0.051791,0.050946
-5.4608e-14,0.051802,0.05097
-5.3572e-14,0.051812,0.050994
-5.2377e-14,0.051821,0.051017
-5.1037e-14,0.051829,0.05104
-4.9563e-14,0.051837,0.051061
-4.7967e-14,0.051843,0.051083
-4.6262e-14,0.051848,0.051103
-4.4458e-14,0.051853,0.051123
-4.2567e-14,0.051856,0.051142
-4.0601e-14,0.051859,0.051161
-3.8571e-14,0.051861,0.05118
-3.6487e-14,0.051862,0.051197
-3.4361e-14,0.051863,0.051215
-3.2202e-14,0.051862,0.051232
-3.002e-14,0.051861,0.051248
-2.7825e-14,0.05186,0.051265
-2.5625e-14,0.051858,0.05128
-2.343e-14,0.051855,0.051296
-2.1248e-14,0.051852,0.051311
-1.9087e-14,0.051848,0.051326
-1.6953e-14,0.051844,0.05134
-1.4854e-14,0.05184,0.051355
-1.2796e-14,0.051835,0.051369
-1.0786e-14,0.051831,0.051383
-8.8279e-15,0.051826,0.051397
-6.9281e-15,0.051821,0.05141
-5.0907e-15,0.051816,0.051423
-3.32e-15,0.051811,0.051437
-1.6195e-15,0.051805,0.05145
7.3712e-18,0.0518,0.051463
1.5579e-15,0.051796,0.051476
3.0296e-15,0.051791,0.051488
4.4206e-15,0.051786,0.051501
5.7293e-15,0.051782,0.051514
6.9545e-15,0.051777,0.051527
8.0954e-15,0.051773,0.05154
9.1515e-15,0.051769,0.051553
1.0123e-14,0.051766,0.051566
1.101e-14,0.051763,0.051579
1.1812e-14,0.051759,0.051592
1.2532e-14,0.051757,0.051605
1.3169e-14,0.051754,0.051619
1.3726e-14,0.051752,0.051632
1.4204e-14,0.05175,0.051646
1.4604e-14,0.051748,0.051661
1.493e-14,0.051746,0.051675
1.5182e-14,0.051744,0.05169
1.5365e-14,0.051743,0.051705
1.5479e-14,0.051741,0.051721
1.5529e-14,0.051739,0.051736
1.5516e-14,0.051738,0.051753
1.5444e-14,0.051736,0.051769
1.5316e-14,0.051734,0.051786
1.5135e-14,0.051731,0.051804
1.4904e-14,0.051729,0.051822
1.4627e-14,0.051725,0.05184
1.4306e-14,0.051722,0.051859
1.3945e-14,0.051717,0.051879
1.3547e-14,0.051712,0.051899
1.3116e-14,0.051707,0.051919
1.2654e-14,0.0517,0.05194
1.2166e-14,0.051693,0.051961
1.1653e-14,0.051684,0.051982
1.112e-14,0.051674,0.052004
1.0568e-14,0.051663,0.052027
1.0002e-14,0.051651,0.052049
9.424e-15,0.051637,0.052073
8.8367e-15,0.051622,0.052096
8.2429e-15,0.051606,0.05212
7.6452e-15,0.051587,0.052143
7.0461e-15,0.051567,0.052167
6.4479e-15,0.051545,0.052192
5.853e-15,0.051522,0.052216
5.2634e-15,0.051496,0.05224
4.6812e-15,0.051468,0.052265
4.1083e-15,0.051439,0.052289
3.5464e-15,0.051407,0.052313
2.9973e-15,0.051373,0.052337
2.4623e-15,0.051337,0.052361
1.943e-15,0.051299,0.052384
1.4406e-15,0.051258,0.052407
9.5616e-16,0.051216,0.05243
4.908e-16,0.051171,0.052453
4.5383e-17,0.051124,0.052474
-3.793e-16,0.051075,0.052496
-7.826e-16,0.051024,0.052516
-1.1639e-15,0.05097,0.052537
-1.5229e-15,0.050915,0.052556
-1.8592e-15,0.050857,0.052574
-2.1725e-15,0.050797,0.052592
-2.4627e-15,0.050736,0.052609
-2.7298e-15,0.050673,0.052625
-2.9739e-15,0.050607,0.052641
-3.195e-15,0.050541,0.052655
-3.3935e-15,0.050472,0.052669
-3.5696e-15,0.050402,0.052681
-3.7236e-15,0.050331,0.052693
-3.8561e-15,0.050258,0.052703
-3.9675e-15,0.050185,0.052713
-4.0583e-15,0.05011,0.052721
-4.1293e-15,0.050034,0.052729
-4.181e-15,0.049958,0.052736
-4.2142e-15,0.049881,0.052742
-4.2296e-15,0.049804,0.052747
-4.2279e-15,0.049726,0.052751
-4.2101e-15,0.049648,0.052754
-4.1768e-15,0.049571,0.052757
-4.129e-15,0.049493,0.052759
-4.0676e-15,0.049416,0.052761
-3.9933e-15,0.04934,0.052762
-3.9072e-15,0.049264,0.052762
-3.81e-15,0.049189,0.052762
-3.7027e-15,0.049115,0.052762
-3.5862e-15,0.049042,0.052762
-3.4613e-15,0.048971,0.052761
-3.329e-15,0.048902,0.052761
-3.19e-15,0.048834,0.05276
-3.0453e-15,0.048768,0.05276
-2.8956e-15,0.048704,0.05276
-2.7417e-15,0.048642,0.052761
-2.5846e-15,0.048583,0.052762
-2.4248e-15,0.048527,0.052763
-2.2632e-15,0.048473,0.052765
-2.1005e-15,0.048422,0.052768
-1.9373e-15,0.048373,0.052772
-1.7743e-15,0.048329,0.052777
-1.6121e-15,0.048287,0.052782
-1.4513e-15,0.048249,0.052789
-1.2924e-15,0.048214,0.052797
-1.1361e-15,0.048183,0.052807
-9.8265e-16,0.048155,0.052818
-8.3265e-16,0.048132,0.05283
-6.8648e-16,0.048112,0.052843
-5.4453e-16,0.048096,0.052858
-4.0714e-16,0.048085,0.052875
-2.7463e-16,0.048078,0.052893
-1.4728e-16,0.048075,0.052913
-2.534e-17,0.048076,0.052935
9.0976e-17,0.048082,0.052958
2.0148e-16,0.048092,0.052983
3.0603e-16,0.048106,0.053009
4.0449e-16,0.048125,0.053037
4.9676e-16,0.048149,0.053067
5.828e-16,0.048177,0.053098
6.6255e-16,0.048209,0.053131
7.36e-16,0.048246,0.053166
8.0317e-16,0.048288,0.053202
8.641e-16,0.048334,0.053239
9.1883e-16,0.048384,0.053278
9.6745e-16,0.048439,0.053318
1.0101e-15,0.048498,0.053359
1.0468e-15,0.048561,0.053401
1.0777e-15,0.048628,0.053445
1.1031e-15,0.048699,0.053489
1.123e-15,0.048775,0.053534
1.1377e-15,0.048854,0.05358
1.1473e-15,0.048936,0.053627
1.152e-15,0.049023,0.053674
1.152e-15,0.049112,0.053721
1.1476e-15,0.049205,0.053769
1.139e-15,0.049301,0.053817
1.1264e-15,0.0494,0.053865
1.1101e-15,0.049501,0.053913
1.0902e-15,0.049605,0.053961
1.0671e-15,0.04971,0.054008
1.0409e-15,0.049818,0.054055
1.012e-15,0.049928,0.054102
9.8051e-16,0.050038,0.054148
9.4673e-16,0.05015,0.054194
9.1089e-16,0.050263,0.054238
8.7321e-16,0.050377,0.054282
8.3394e-16,0.050491,0.054325
7.933e-16,0.050604,0.054367
7.5151e-16,0.050718,0.054407
7.0878e-16,0.05083,0.054447
6.6533e-16,0.050942,0.054485
6.2135e-16,0.051053,0.054522
5.7704e-16,0.051162,0.054557
5.3259e-16,0.051269,0.054592
4.8817e-16,0.051374,0.054625
4.4396e-16,0.051477,0.054656
4.001e-16,0.051576,0.054686
3.5677e-16,0.051673,0.054714
3.1409e-16,0.051766,0.054742
2.7221e-16,0.051856,0.054767
2.3124e-16,0.051942,0.054791
1.913e-16,0.052023,0.054814
1.525e-16,0.052101,0.054836
1.1493e-16,0.052173,0.054856
7.8688e-17,0.052241,0.054874
4.3839e-17,0.052304,0.054892
1.0457e-17,0.052362,0.054908
-2.1399e-17,0.052414,0.054923
-5.1678e-17,0.052462,0.054937
-8.0336e-17,0.052503,0.054949
-1.0734e-16,0.052539,0.054961
-1.3266e-16,0.052569,0.054972
-1.5629e-16,0.052593,0.054981
-1.782e-16,0.052611,0.05499
-1.984e-16,0.052624,0.054998
-2.1688e-16,0.052631,0.055006
-2.3366e-16,0.052631,0.055012
-2.4875e-16,0.052626,0.055018
-2.6218e-16,0.052616,0.055024
-2.7397e-16,0.052599,0.055029
-2.8414e-16,0.052577,0.055033
-2.9275e-16,0.05255,0.055037
-2.9982e-16,0.052517,0.055041
-3.054e-16,0.052479,0.055045
-3.0955e-16,0.052435,0.055048
-3.1231e-16,0.052387,0.055052
-3.1373e-16,0.052334,0.055055
-3.1388e-16,0.052277,0.055059
-3.1281e-16,0.052215,0.055062
-3.1059e-16,0.052149,0.055066
-3.0728e-16,0.052079,0.05507
-3.0293e-16,0.052005,0.055075
-2.9762e-16,0.051928,0.055079
-2.9142e-16,0.051847,0.055084
-2.8438e-16,0.051764,0.05509
-2.7658e-16,0.051678,0.055096
-2.6807e-16,0.05159,0.055103
-2.5894e-16,0.051499,0.05511
-2.4923e-16,0.051407,0.055118
-2.3902e-16,0.051312,0.055127
-2.2836e-16,0.051217,0.055136
-2.1733e-16,0.05112,0.055147
-2.0598e-16,0.051023,0.055158
-1.9436e-16,0.050925,0.05517
-1.8255e-16,0.050827,0.055183
-1.7058e-16,0.050729,0.055196
-1.5852e-16,0.050631,0.055211
-1.4641e-16,0.050534,0.055227
-1.343e-16,0.050437,0.055243
-1.2225e-16,0.050342,0.055261
-1.1029e-16,0.050248,0.055279
-9.8469e-17,0.050156,0.055299
-8.6822e-17,0.050065,0.055319
-7.5387e-17,0.049977,0.05534
-6.4198e-17,0.04989,0.055362
-5.3286e-17,0.049807,0.055385
-4.2682e-17,0.049726,0.055409
-3.241e-17,0.049648,0.055434
-2.2496e-17,0.049573,0.055459
-1.296e-17,0.049501,0.055485
-3.8215e-18,0.049433,0.055512
4.9026e-18,0.049368,0.05554
1.3198e-17,0.049307,0.055568
2.1054e-17,0.04925,0.055596
2.846e-17,0.049197,0.055625
3.5408e-17,0.049149,0.055655
4.1894e-17,0.049104,0.055685
4.7915e-17,0.049064,0.055715
5.3468e-17,0.049028,0.055745
5.8554e-17,0.048997,0.055776
6.3176e-17,0.04897,0.055806
6.7337e-17,0.048948,0.055837
7.1044e-17,0.048931,0.055868
7.4303e-17,0.048918,0.055899
7.7123e-17,0.048911,0.055929
7.9513e-17,0.048907,0.055959
8.1484e-17,0.048909,0.05599
8.3049e-17,0.048915,0.056019
8.4221e-17,0.048926,0.056049
8.5013e-17,0.048941,0.056078
8.544e-17,0.048961,0.056107
8.5518e-17,0.048985,0.056135
8.5262e-17,0.049013,0.056163
8.469e-17,0.049046,0.05619
8.3819e-17,0.049083,0.056216
8.2665e-17,0.049124,0.056242
8.1247e-17,0.049169,0.056267
7.9582e-17,0.049217,0.056292
7.7689e-17,0.049269,0.056316
7.5585e-17,0.049325,0.056339
7.3288e-17,0.049384,0.056361
7.0817e-17,0.049445,0.056383
6.8189e-17,0.04951,0.056404
6.5422e-17,0.049578,0.056424
6.2532e-17,0.049648,0.056443
5.9537e-17,0.04972,0.056462
5.6453e-17,0.049794,0.05648
5.3296e-17,0.049871,0.056497
5.0082e-17,0.049949,0.056513
4.6825e-17,0.050028,0.056529
4.3541e-17,0.050108,0.056544
4.0244e-17,0.05019,0.056558
3.6946e-17,0.050272,0.056571
3.366e-17,0.050355,0.056584
3.0399e-17,0.050437,0.056596
2.7174e-17,0.05052,0.056607
2.3995e-17,0.050603,0.056618
2.0873e-17,0.050685,0.056629
1.7818e-17,0.050766,0.056639
1.4837e-17,0.050847,0.056648
1.1938e-17,0.050926,0.056657
9.1298e-18,0.051004,0.056665
6.4181e-18,0.05108,0.056673
3.8089e-18,0.051154,0.056681
1.3074e-18,0.051226,0.056688
-1.0817e-18,0.051296,0.056695
-3.3545e-18,0.051364,0.056702
-5.5077e-18,0.051429,0.056709
-7.5386e-18,0.051491,0.056715
-9.4452e-18,0.05155,0.056721
-1.1226e-17,0.051606,0.056727
-1.288e-17,0.051659,0.056733
-1.4406e-17,0.051708,0.056739
-1.5806e-17,0.051754,0.056744
-1.7079e-17,0.051796,0.05675
-1.8226e-17,0.051834,0.056755
-1.9249e-17,0.051869,0.05676
-2.015e-17,0.051899,0.056765
-2.0931e-17,0.051926,0.05677
-2.1595e-17,0.051948,0.056775
-2.2144e-17,0.051966,0.05678
-2.2583e-17,0.051981,0.056784
-2.2913e-17,0.051991,0.056789
-2.314e-17,0.051997,0.056793
-2.3267e-17,0.051998,0.056796
-2.3298e-17,0.051996,0.0568
-2.3238e-17,0.05199,0.056803
-2.3092e-17,0.051979,0.056805
-2.2863e-17,0.051964,0.056807
-2.2557e-17,0.051946,0.056809
-2.2178e-17,0.051924,0.05681
-2.1732e-17,0.051898,0.05681
-2.1223e-17,0.051868,0.056809
-2.0656e-17,0.051835,0.056808
-2.0035e-17,0.051798,0.056805
-1.9367e-17,0.051758,0.056802
-1.8656e-17,0.051715,0.056797
-1.7906e-17,0.051669,0.056792
-1.7122e-17,0.05162,0.056785
-1.6309e-17,0.051568,0.056776
-1.5471e-17,0.051514,0.056767
-1.4613e-17,0.051457,0.056755
-1.3739e-17,0.051399,0.056742
-1.2853e-17,0.051339,0.056728
-1.1959e-17,0.051276,0.056712
-1.1061e-17,0.051213,0.056693
-1.0163e-17,0.051148,0.056673
-9.267e-18,0.051082,0.056651
-8.3777e-18,0.051015,0.056627
-7.4979e-18,0.050948,0.0566
-6.6305e-18,0.05088,0.056572
-5.7782e-18,0.050812,0.056541
-4.9437e-18,0.050744,0.056508
-4.1293e-18,0.050676,0.056472
-3.3372e-18,0.050609,0.056434
-2.5694e-18,0.050543,0.056394
-1.8277e-18,0.050477,0.056351
-1.1138e-18,0.050413,0.056306
-4.2909e-19,0.05035,0.056258
2.2512e-19,0.050288,0.056208
8.4777e-19,0.050228,0.056155
1.4379e-18,0.05017,0.0561
1.9948e-18,0.050115,0.056042
2.5179e-18,0.050061,0.055982
3.0068e-18,0.05001,0.05592
3.4611e-18,0.049961,0.055855
3.8808e-18,0.049915,0.055788
4.2658e-18,0.049872,0.055719
4.6163e-18,0.049831,0.055648
4.9325e-18,0.049794,0.055574
5.2149e-18,0.04976,0.055499
5.464e-18,0.049728,0.055422
5.6803e-18,0.049701,0.055342
5.8645e-18,0.049676,0.055262
6.0176e-18,0.049654,0.055179
6.1402e-18,0.049636,0.055096
6.2334e-18,0.049622,0.055011
6.2982e-18,0.04961,0.054924
6.3358e-18,0.049602,0.054837
6.3471e-18,0.049597,0.054749
6.3334e-18,0.049596,0.05466
6.296e-18,0.049597,0.05457
6.2361e-18,0.049602,0.05448
6.1549e-18,0.04961,0.05439
6.0538e-18,0.04962,0.0543
5.9342e-18,0.049634,0.05421
5.7973e-18,0.04965,0.05412
5.6444e-18,0.049669,0.05403
5.477e-18,0.049691,0.053941
5.2964e-18,0.049715,0.053853
5.1038e-18,0.049741,0.053765
4.9005e-18,0.049769,0.053679
4.688e-18,0.049799,0.053594
4.4673e-18,0.049831,0.05351
4.2398e-18,0.049864,0.053428
4.0066e-18,0.049899,0.053348
3.7689e-18,0.049936,0.05327
3.5278e-18,0.049973,0.053194
3.2845e-18,0.050011,0.05312
3.0399e-18,0.05005,0.053048
2.7951e-18,0.05009,0.052979
2.551e-18,0.05013,0.052913
2.3085e-18,0.05017,0.052849
2.0685e-18,0.050211,0.052789
1.8318e-18,0.050251,0.052731
1.5992e-18,0.050291,0.052677
1.3713e-18,0.05033,0.052626
1.1488e-18,0.050369,0.052578
9.3234e-19,0.050407,0.052534
7.2243e-19,0.050444,0.052493
5.1959e-19,0.05048,0.052456
3.2427e-19,0.050515,0.052423
1.3686e-19,0.050549,0.052393
-4.2281e-20,0.050581,0.052368
-2.1285e-19,0.050611,0.052346
-3.7459e-19,0.05064,0.052328
-5.273e-19,0.050668,0.052314
-6.7081e-19,0.050693,0.052304
-8.0501e-19,0.050717,0.052298
-9.298e-19,0.050738,0.052296
-1.0451e-18,0.050758,0.052298
-1.1511e-18,0.050776,0.052304
-1.2476e-18,0.050791,0.052314
-1.3347e-18,0.050805,0.052328
-1.4127e-18,0.050816,0.052346
-1.4815e-18,0.050825,0.052368
-1.5414e-18,0.050833,0.052393
-1.5925e-18,0.050838,0.052422
-1.6351e-18,0.050841,0.052455
-1.6694e-18,0.050843,0.052491
-1.6957e-18,0.050842,0.052531
-1.7142e-18,0.050839,0.052574
-1.7252e-18,0.050835,0.05262
-1.729e-18,0.050829,0.05267
-1.726e-18,0.050821,0.052722
-1.7165e-18,0.050811,0.052778
-1.7009e-18,0.0508,0.052836
-1.6794e-18,0.050788,0.052897
-1.6524e-18,0.050774,0.05296
-1.6203e-18,0.050759,0.053026
-1.5835e-18,0.050742,0.053094
-1.5424e-18,0.050724,0.053165
-1.4972e-18,0.050706,0.053237
-1.4483e-18,0.050686,0.053311
-1.3962e-18,0.050665,0.053387
-1.3411e-18,0.050644,0.053464
-1.2835e-18,0.050622,0.053543
-1.2236e-18,0.050599,0.053623
-1.1618e-18,0.050575,0.053704
-1.0985e-18,0.050551,0.053786
-1.0338e-18,0.050527,0.053869
-9.6824e-19,0.050502,0.053953
-9.02e-19,0.050477,0.054038
-8.354e-19,0.050452,0.054123
-7.687e-19,0.050426,0.054208
-7.0217e-19,0.050401,0.054293
-6.3606e-19,0.050375,0.054379
-5.706e-19,0.050349,0.054465
-5.0601e-19,0.050323,0.05455
-4.425e-19,0.050297,0.054635
-3.8027e-19,0.050272,0.05472
-3.1949e-19,0.050246,0.054805
-2.6034e-19,0.050221,0.054888
-2.0295e-19,0.050195,0.054972
-1.4748e-19,0.05017,0.055054
-9.4041e-20,0.050146,0.055136
-4.2748e-20,0.050121,0.055217
6.3017e-21,0.050097,0.055297
5.3026e-20,0.050072,0.055376
9.7352e-20,0.050049,0.055454
1.3922e-19,0.050025,0.05553
1.7859e-19,0.050002,0.055606
2.1543e-19,0.049979,0.05568
2.497e-19,0.049957,0.055752
2.8141e-19,0.049935,0.055824
3.1054e-19,0.049914,0.055893
3.3711e-19,0.049893,0.055961
3.6113e-19,0.049872,0.056028
3.8263e-19,0.049852,0.056092
4.0165e-19,0.049832,0.056155
4.1823e-19,0.049813,0.056216
4.3242e-19,0.049795,0.056275
4.4427e-19,0.049777,0.056333
4.5386e-19,0.049759,0.056388
4.6125e-19,0.049742,0.056441
4.6651e-19,0.049726,0.056492
4.6973e-19,0.049711,0.056541
4.7099e-19,0.049696,0.056587
4.7037e-19,0.049681,0.056632
4.6797e-19,0.049668,0.056674
4.6388e-19,0.049655,0.056713
4.5819e-19,0.049643,0.05675
4.5101e-19,0.049631,0.056785
4.4242e-19,0.049621,0.056816
4.3253e-19,0.049611,0.056846
4.2144e-19,0.049601,0.056872
4.0925e-19,0.049593,0.056896
3.9605e-19,0.049585,0.056917
3.8194e-19,0.049577,0.056935
3.6702e-19,0.049571,0.056951
3.5139e-19,0.049565,0.056964
3.3514e-19,0.04956,0.056973
3.1836e-19,0.049556,0.05698
3.0114e-19,0.049552,0.056984
2.8356e-19,0.049549,0.056985
2.6572e-19,0.049546,0.056983
2.4769e-19,0.049545,0.056978
2.2956e-19,0.049543,0.05697
2.1139e-19,0.049543,0.056959
1.9326e-19,0.049542,0.056945
1.7523e-19,0.049543,0.056928
1.5738e-19,0.049543,0.056908
1.3975e-19,0.049545,0.056886
1.2242e-19,0.049546,0.056861
1.0542e-19,0.049549,0.056832
8.8821e-20,0.049551,0.056802
7.2656e-20,0.049554,0.056768
5.6969e-20,0.049557,0.056732
4.1799e-20,0.04956,0.056693
2.718e-20,0.049564,0.056652
1.3142e-20,0.049567,0.056609
-2.8816e-22,0.049571,0.056563
-1.3087e-20,0.049575,0.056515
-2.5234e-20,0.049579,0.056465
-3.6714e-20,0.049583,0.056413
-4.7514e-20,0.049586,0.056359
-5.7624e-20,0.04959,0.056303
-6.7037e-20,0.049594,0.056246
-7.575e-20,0.049597,0.056187
-8.3762e-20,0.049601,0.056126
-9.1076e-20,0.049604,0.056064
-9.7695e-20,0.049606,0.056001
-1.0363e-19,0.049609,0.055937
-1.0888e-19,0.049611,0.055872
-1.1347e-19,0.049612,0.055806
-1.1741e-19,0.049614,0.055739
-1.207e-19,0.049614,0.055672
-1.2338e-19,0.049615,0.055604
-1.2546e-19,0.049614,0.055537
-1.2696e-19,0.049613,0.055469
-1.2789e-19,0.049612,0.055401
-1.2829e-19,0.04961,0.055334
-1.2818e-19,0.049607,0.055267
-1.2758e-19,0.049604,0.0552
-1.2651e-19,0.049599,0.055134
-1.2501e-19,0.049595,0.055069
-1.2309e-19,0.049589,0.055005
-1.2079e-19,0.049583,0.054942
-1.1814e-19,0.049577,0.054881
-1.1515e-19,0.049569,0.054821
-1.1186e-19,0.049561,0.054762
-1.0829e-19,0.049552,0.054705
-1.0448e-19,0.049543,0.05465
-1.0044e-19,0.049533,0.054597
-9.6197e-20,0.049522,0.054547
-9.1787e-20,0.049511,0.054498
-8.723e-20,0.0495,0.054452
-8.2551e-20,0.049487,0.054409
-7.7773e-20,0.049474,0.054368
-7.292e-20,0.049461,0.05433
-6.8013e-20,0.049447,0.054295
-6.3075e-20,0.049433,0.054263
-5.8125e-20,0.049419,0.054234
-5.3184e-20,0.049404,0.054208
-4.8269e-20,0.049389,0.054186
-4.34e-20,0.049373,0.054168
-3.8591e-20,0.049357,0.054152
-3.3859e-20,0.049341,0.054141
-2.9219e-20,0.049325,0.054133
-2.4684e-20,0.049309,0.054129
-2.0267e-20,0.049293,0.054129
-1.5979e-20,0.049276,0.054133
-1.1831e-20,0.04926,0.054141
-7.8314e-21,0.049243,0.054153
-3.9896e-21,0.049227,0.054169
-3.127e-22,0.049211,0.054189
3.1928e-21,0.049195,0.054214
6.5215e-21,0.049179,0.054242
9.6689e-21,0.049163,0.054275
1.2631e-20,0.049148,0.054312
1.5406e-20,0.049133,0.054353
1.7991e-20,0.049118,0.054398
2.0385e-20,0.049104,0.054448
2.2589e-20,0.04909,0.054501
2.4602e-20,0.049077,0.054559
2.6426e-20,0.049064,0.054621
2.8062e-20,0.049051,0.054686
2.9513e-20,0.049039,0.054756
3.0783e-20,0.049028,0.054829
3.1874e-20,0.049017,0.054906
3.2791e-20,0.049007,0.054986
3.3539e-20,0.048997,0.055071
3.4123e-20,0.048989,0.055158
3.4547e-20,0.048981,0.055249
3.4819e-20,0.048973,0.055342
3.4943e-20,0.048967,0.055439
3.4927e-20,0.048961,0.055539
3.4778e-20,0.048956,0.055641
3.4501e-20,0.048952,0.055746
3.4104e-20,0.048949,0.055853
3.3595e-20,0.048946,0.055962
3.2979e-20,0.048945,0.056073
3.2266e-20,0.048945,0.056186
3.1462e-20,0.048945,0.0563
3.0574e-20,0.048947,0.056416
2.961e-20,0.04895,0.056532
2.8577e-20,0.048954,0.05665
2.7483e-20,0.048959,0.056768
2.6334e-20,0.048966,0.056887
2.5137e-20,0.048973,0.057006
2.39e-20,0.048982,0.057124
2.2629e-20,0.048993,0.057243
2.133e-20,0.049005,0.05736
2.001e-20,0.049018,0.057477
1.8674e-20,0.049033,0.057593
1.733e-20,0.049049,0.057708
1.5981e-20,0.049067,0.057821
1.4635e-20,0.049086,0.057933
1.3295e-20,0.049108,0.058042
1.1967e-20,0.049131,0.058149
1.0655e-20,0.049156,0.058254
9.3633e-21,0.049182,0.058355
8.0964e-21,0.049211,0.058454
6.8577e-21,0.049241,0.05855
5.6508e-21,0.049274,0.058642
4.4786e-21,0.049308,0.058731
3.3443e-21,0.049345,0.058816
2.2503e-21,0.049383,0.058897
1.1989e-21,0.049423,0.058974
1.9231e-22,0.049466,0.059046
-7.6782e-22,0.04951,0.059114
-1.6799e-21,0.049557,0.059178
-2.5428e-21,0.049605,0.059236
-3.3553e-21,0.049656,0.05929
-4.1168e-21,0.049708,0.059338
-4.8266e-21,0.049762,0.059381
-5.4846e-21,0.049819,0.059419
-6.0905e-21,0.049876,0.059452
-6.6445e-21,0.049936,0.059479
-7.147e-21,0.049997,0.059501
-7.5983e-21,0.05006,0.059517
-7.9991e-21,0.050124,0.059528
-8.3503e-21,0.05019,0.059533
-8.6528e-21,0.050257,0.059533
-8.9078e-21,0.050325,0.059527
-9.1165e-21,0.050394,0.059515
-9.2803e-21,0.050464,0.059498
-9.4006e-21,0.050535,0.059475
-9.479e-21,0.050606,0.059447
-9.5172e-21,0.050677,0.059413
-9.517e-21,0.050749,0.059375
-9.4801e-21,0.050822,0.059331
-9.4084e-21,0.050894,0.059282
-9.3038e-21,0.050966,0.059229
-9.1682e-21,0.051037,0.05917
-9.0037e-21,0.051108,0.059107
-8.8122e-21,0.051179,0.05904
-8.5957e-21,0.051248,0.058969
-8.3562e-21,0.051317,0.058893
-8.0958e-21,0.051384,0.058814
-7.8164e-21,0.051451,0.058731
-7.52e-21,0.051515,0.058646
-7.2085e-21,0.051578,0.058557
-6.8839e-21,0.051639,0.058465
-6.5479e-21,0.051699,0.058371
-6.2025e-21,0.051756,0.058275
-5.8494e-21,0.051811,0.058177
-5.4904e-21,0.051864,0.058077
-5.127e-21,0.051914,0.057976
-4.7609e-21,0.051962,0.057875
-4.3936e-21,0.052007,0.057772
-4.0267e-21,0.05205,0.05767
-3.6614e-21,0.052089,0.057567
-3.2992e-21,0.052126,0.057465
-2.9413e-21,0.052159,0.057363
-2.5888e-21,0.05219,0.057262
-2.2429e-21,0.052218,0.057163
-1.9046e-21,0.052242,0.057066
-1.5748e-21,0.052263,0.05697
-1.2544e-21,0.052281,0.056877
-9.4425e-22,0.052296,0.056786
-6.4499e-22,0.052307,0.056699
-3.5729e-22,0.052316,0.056614
-8.172e-23,0.052321,0.056534
1.8124e-22,0.052322,0.056456
4.3115e-22,0.052321,0.056383
6.6768e-22,0.052317,0.056315
8.9053e-22,0.052309,0.05625
1.0995e-21,0.052299,0.056191
1.2944e-21,0.052285,0.056137
1.4752e-21,0.052269,0.056087
1.6418e-21,0.05225,0.056043
1.7943e-21,0.052228,0.056004
1.9327e-21,0.052203,0.055971
2.0571e-21,0.052176,0.055944
2.1678e-21,0.052147,0.055923
2.2649e-21,0.052115,0.055907
2.3488e-21,0.052081,0.055897
2.4196e-21,0.052045,0.055894
2.4779e-21,0.052007,0.055896
2.5238e-21,0.051967,0.055904
2.5578e-21,0.051925,0.055919
2.5804e-21,0.051882,0.055939
2.592e-21,0.051837,0.055965
2.5931e-21,0.051792,0.055997
2.5841e-21,0.051745,0.056034
2.5655e-21,0.051696,0.056078
2.538e-21,0.051647,0.056127
2.502e-21,0.051598,0.056181
2.458e-21,0.051547,0.05624
2.4066e-21,0.051496,0.056305
2.3483e-21,0.051445,0.056374
2.2838e-21,0.051394,0.056448
2.2134e-21,0.051342,0.056527
2.1378e-21,0.05129,0.05661
2.0576e-21,0.051239,0.056697
1.9731e-21,0.051187,0.056787
1.8851e-21,0.051136,0.056882
1.7939e-21,0.051086,0.05698
1.7e-21,0.051036,0.057081
1.6041e-21,0.050986,0.057184
1.5064e-21,0.050938,0.057291
1.4075e-21,0.05089,0.0574
1.3078e-21,0.050843,0.05751
1.2078e-21,0.050798,0.057623
1.1078e-21,0.050753,0.057737
1.0083e-21,0.05071,0.057852
9.0947e-22,0.050668,0.057969
8.1182e-22,0.050628,0.058086
7.1563e-22,0.050589,0.058203
6.2119e-22,0.050551,0.05832
5.2879e-22,0.050515,0.058437
4.3868e-22,0.050481,0.058554
3.5112e-22,0.050449,0.05867
2.6631e-22,0.050418,0.058785
1.8446e-22,0.050389,0.058899
1.0573e-22,0.050362,0.059011
3.0293e-23,0.050337,0.059122
-4.172e-23,0.050314,0.05923
-1.1019e-22,0.050293,0.059336
-1.7503e-22,0.050274,0.05944
-2.3615e-22,0.050257,0.059541
-2.9349e-22,0.050242,0.05964
-3.47e-22,0.050229,0.059735
-3.9667e-22,0.050219,0.059826
-4.4248e-22,0.05021,0.059915
-4.8444e-22,0.050204,0.06
-5.2255e-22,0.050199,0.06008
-5.5687e-22,0.050197,0.060157
-5.8743e-22,0.050197,0.06023
-6.1429e-22,0.050199,0.060299
-6.3752e-22,0.050204,0.060363
-6.5721e-22,0.05021,0.060423
-6.7343e-22,0.050218,0.060478
-6.8631e-22,0.050229,0.060529
-6.9593e-22,0.050241,0.060575
-7.0242e-22,0.050255,0.060617
-7.059e-22,0.050272,0.060653
-7.0649e-22,0.05029,0.060685
-7.0433e-22,0.05031,0.060712
-6.9956e-22,0.050332,0.060734
-6.9232e-22,0.050356,0.060751
-6.8275e-22,0.050382,0.060764
-6.71e-22,0.050409,0.060772
-6.5721e-22,0.050438,0.060775
-6.4154e-22,0.050468,0.060774
-6.2413e-22,0.0505,0.060767
-6.0513e-22,0.050533,0.060757
-5.8469e-22,0.050568,0.060742
-5.6296e-22,0.050604,0.060722
-5.4007e-22,0.050641,0.060699
-5.1618e-22,0.050679,0.060671
-4.9143e-22,0.050719,0.06064
-4.6594e-22,0.050759,0.060604
-4.3985e-22,0.050801,0.060565
-4.1328e-22,0.050843,0.060523
-3.8638e-22,0.050886,0.060477
-3.5925e-22,0.05093,0.060428
-3.32e-22,0.050975,0.060377
-3.0476e-22,0.05102,0.060322
-2.7761e-22,0.051065,0.060265
-2.5068e-22,0.051111,0.060206
-2.2404e-22,0.051157,0.060145
-1.9779e-22,0.051204,0.060082
-1.72e-22,0.051251,0.060017
-1.4677e-22,0.051297,0.059951
-1.2215e-22,0.051344,0.059884
-9.8219e-23,0.051391,0.059817
-7.5031e-23,0.051437,0.059748
-5.2642e-23,0.051483,0.05968
-3.1101e-23,0.051529,0.059611
-1.0451e-23,0.051574,0.059542
9.2696e-24,0.051619,0.059474
2.8029e-23,0.051663,0.059407
4.5801e-23,0.051707,0.059341
6.2562e-23,0.051749,0.059276
7.8295e-23,0.051791,0.059212
9.2988e-23,0.051831,0.05915
1.0663e-22,0.05187,0.05909
1.1923e-22,0.051908,0.059033
1.3077e-22,0.051945,0.058978
1.4127e-22,0.05198,0.058925
1.5073e-22,0.052014,0.058876
1.5916e-22,0.052045,0.05883
1.6659e-22,0.052075,0.058787
1.7303e-22,0.052103,0.058747
1.7849e-22,0.052129,0.058712
1.8301e-22,0.052153,0.05868
1.8662e-22,0.052174,0.058652
1.8934e-22,0.052193,0.058628
1.912e-22,0.05221,0.058609
1.9223e-22,0.052223,0.058594
1.9248e-22,0.052234,0.058584
1.9197e-22,0.052242,0.058579
1.9075e-22,0.052247,0.058578
1.8884e-22,0.05225,0.058582
1.863e-22,0.052248,0.058591
1.8317e-22,0.052244,0.058605
1.7947e-22,0.052236,0.058623
1.7525e-22,0.052225,0.058647
1.7056e-22,0.052211,0.058675
1.6543e-22,0.052193,0.058709
1.599e-22,0.052171,0.058747
1.5402e-22,0.052146,0.05879
1.4782e-22,0.052117,0.058837
1.4134e-22,0.052084,0.05889
1.3462e-22,0.052048,0.058946
1.2769e-22,0.052007,0.059007
1.206e-22,0.051964,0.059072
1.1338e-22,0.051916,0.059141
1.0606e-22,0.051865,0.059214
9.8672e-23,0.05181,0.059291
9.1252e-23,0.051752,0.059371
8.3829e-23,0.05169,0.059454
7.6431e-23,0.051625,0.05954
6.9086e-23,0.051556,0.059629
6.1819e-23,0.051484,0.059721
5.4655e-23,0.051408,0.059815
4.7616e-23,0.05133,0.05991
4.0724e-23,0.051248,0.060008
3.3999e-23,0.051163,0.060107
2.7458e-23,0.051076,0.060207
2.1119e-23,0.050986,0.060307
1.4995e-23,0.050894,0.060409
9.1015e-24,0.050799,0.06051
3.4492e-24,0.050702,0.060611
-1.9512e-24,0.050602,0.060712
-7.0906e-24,0.050501,0.060813
-1.1961e-23,0.050398,0.060912
-1.6558e-23,0.050294,0.06101
-2.0874e-23,0.050188,0.061107
-2.4908e-23,0.050081,0.061201
-2.8656e-23,0.049972,0.061294
-3.2118e-23,0.049863,0.061384
-3.5294e-23,0.049753,0.061471
-3.8185e-23,0.049643,0.061556
-4.0793e-23,0.049532,0.061637
-4.3121e-23,0.049421,0.061715
-4.5174e-23,0.049311,0.06179
-4.6956e-23,0.0492,0.06186
-4.8474e-23,0.04909,0.061927
-4.9734e-23,0.04898,0.06199
-5.0742e-23,0.048871,0.062048
-5.1508e-23,0.048763,0.062102
-5.204e-23,0.048656,0.062151
-5.2346e-23,0.04855,0.062196
-5.2436e-23,0.048446,0.062235
-5.232e-23,0.048344,0.06227
-5.2007e-23,0.048243,0.0623
-5.1509e-23,0.048144,0.062326
-5.0835e-23,0.048047,0.062346
-4.9998e-23,0.047952,0.062361
-4.9007e-23,0.04786,0.062371
-4.7873e-23,0.04777,0.062376
-4.6608e-23,0.047683,0.062376
-4.5223e-23,0.047598,0.062371
-4.3729e-23,0.047517,0.062361
-4.2136e-23,0.047438,0.062346
-4.0456e-23,0.047362,0.062327
-3.8699e-23,0.04729,0.062303
-3.6874e-23,0.047221,0.062274
-3.4994e-23,0.047155,0.06224
-3.3067e-23,0.047093,0.062203
-3.1102e-23,0.047034,0.06216
-2.9111e-23,0.046979,0.062114
-2.71e-23,0.046928,0.062064
-2.5079e-23,0.04688,0.06201
-2.3057e-23,0.046836,0.061952
-2.104e-23,0.046796,0.06189
-1.9037e-23,0.04676,0.061825
-1.7055e-23,0.046728,0.061756
-1.51e-23,0.0467,0.061684
-1.3179e-23,0.046675,0.06161
-1.1297e-23,0.046655,0.061532
-9.4595e-24,0.046638,0.061451
-7.672e-24,0.046626,0.061368
-5.9388e-24,0.046617,0.061283
-4.2641e-24,0.046612,0.061195
-2.6515e-24,0.046611,0.061105
-1.1044e-24,0.046614,0.061013
3.7431e-25,0.046621,0.060919
1.7822e-24,0.046632,0.060823
3.1172e-24,0.046646,0.060726
4.3775e-24,0.046664,0.060627
5.5618e-24,0.046686,0.060527
6.6691e-24,0.046711,0.060426
7.6987e-24,0.04674,0.060323
8.6503e-24,0.046773,0.060219
9.5239e-24,0.046809,0.060115
1.032e-23,0.046848,0.060009
1.1039e-23,0.04689,0.059903
1.1681e-23,0.046936,0.059797
1.2248e-23,0.046985,0.05969
1.2742e-23,0.047036,0.059582
1.3163e-23,0.047091,0.059474
1.3514e-23,0.047149,0.059366
1.3796e-23,0.047209,0.059258
1.4012e-23,0.047273,0.05915
1.4164e-23,0.047338,0.059042
1.4254e-23,0.047407,0.058934
1.4284e-23,0.047477,0.058827
1.4259e-23,0.04755,0.058719
1.4179e-23,0.047626,0.058613
1.4049e-23,0.047703,0.058507
1.3871e-23,0.047782,0.058401
1.3647e-23,0.047863,0.058296
1.3381e-23,0.047946,0.058193
1.3077e-23,0.048031,0.05809
1.2736e-23,0.048117,0.057988
1.2362e-23,0.048205,0.057887
1.1958e-23,0.048294,0.057788
1.1527e-23,0.048384,0.05769
1.1072e-23,0.048475,0.057593
1.0595e-23,0.048567,0.057498
1.01e-23,0.04866,0.057405
9.5894e-24,0.048754,0.057313
9.0657e-24,0.048848,0.057223
8.5316e-24,0.048943,0.057136
7.9896e-24,0.049038,0.05705
7.4424e-24,0.049134,0.056967
6.8921e-24,0.049229,0.056886
6.3411e-24,0.049324,0.056808
5.7915e-24,0.04942,0.056732
5.2454e-24,0.049515,0.056659
4.7047e-24,0.049609,0.056588
4.1712e-24,0.049703,0.056521
3.6467e-24,0.049796,0.056457
3.1328e-24,0.049889,0.056395
2.6309e-24,0.049981,0.056338
2.1424e-24,0.050071,0.056283
1.6686e-24,0.050161,0.056232
1.2106e-24,0.050249,0.056185
7.6943e-25,0.050336,0.056142
3.4599e-25,0.050421,0.056102
-5.8911e-26,0.050505,0.056067
-4.4458e-25,0.050587,0.056036
-8.1044e-25,0.050667,0.056009
-1.156e-24,0.050745,0.055986
-1.4809e-24,0.050822,0.055967
-1.7848e-24,0.050896,0.055954
-2.0676e-24,0.050967,0.055944
-2.3292e-24,0.051037,0.05594
-2.5695e-24,0.051104,0.05594
-2.7886e-24,0.051168,0.055946
-2.9867e-24,0.051229,0.055956
-3.164e-24,0.051288,0.055971
-3.3208e-24,0.051344,0.055991
-3.4574e-24,0.051397,0.056016
-3.5743e-24,0.051447,0.056047
-3.6719e-24,0.051494,0.056082
-3.7508e-24,0.051537,0.056123
-3.8115e-24,0.051577,0.056169
-3.8547e-24,0.051614,0.05622
-3.881e-24,0.051647,0.056276
-3.8911e-24,0.051676,0.056337
-3.8858e-24,0.051702,0.056403
-3.8657e-24,0.051725,0.056475
-3.8316e-24,0.051743,0.056551
-3.7844e-24,0.051758,0.056632
-3.7249e-24,0.051768,0.056718
-3.6537e-24,0.051775,0.056809
-3.5719e-24,0.051778,0.056905
-3.4801e-24,0.051777,0.057005
-3.3792e-24,0.051772,0.057109
-3.27e-24,0.051763,0.057218
-3.1533e-24,0.05175,0.057331
-3.0299e-24,0.051732,0.057448
-2.9007e-24,0.051711,0.057569
-2.7664e-24,0.051686,0.057693
-2.6277e-24,0.051657,0.057821
-2.4853e-24,0.051624,0.057952
-2.3401e-24,0.051587,0.058087
-2.1927e-24,0.051546,0.058224
-2.0437e-24,0.051501,0.058364
-1.8939e-24,0.051453,0.058506
-1.7438e-24,0.0514,0.058651
-1.594e-24,0.051345,0.058798
-1.4451e-24,0.051286,0.058946
-1.2976e-24,0.051223,0.059096
-1.1521e-24,0.051158,0.059248
-1.0089e-24,0.051089,0.0594
-8.6855e-25,0.051018,0.059554
-7.3145e-25,0.050943,0.059708
-5.9796e-25,0.050866,0.059862
-4.6844e-25,0.050786,0.060016
-3.4319e-25,0.050704,0.06017
-2.2249e-25,0.05062,0.060324
-1.066e-25,0.050534,0.060476
4.2566e-27,0.050446,0.060628
1.099e-25,0.050357,0.060778
2.1016e-25,0.050266,0.060927
3.049e-25,0.050173,0.061074
3.9403e-25,0.05008,0.061219
4.7745e-25,0.049986,0.061361
5.5512e-25,0.049891,0.061501
6.27e-25,0.049795,0.061637
6.931e-25,0.0497,0.061771
7.5342e-25,0.049604,0.061901
8.08e-25,0.049508,0.062027
8.5691e-25,0.049413,0.06215
9.0023e-25,0.049318,0.062268
9.3804e-25,0.049224,0.062382
9.7046e-25,0.049131,0.062491
9.9762e-25,0.049039,0.062595
1.0197e-24,0.048947,0.062694
1.0367e-24,0.048858,0.062788
1.049e-24,0.048769,0.062877
1.0567e-24,0.048683,0.06296
1.0599e-24,0.048598,0.063037
1.0589e-24,0.048515,0.063108
1.0538e-24,0.048435,0.063173
1.045e-24,0.048356,0.063232
1.0325e-24,0.04828,0.063285
1.0166e-24,0.048206,0.063332
9.9759e-25,0.048135,0.063371
9.7559e-25,0.048067,0.063405
9.5087e-25,0.048001,0.063432
9.2364e-25,0.047938,0.063452
8.9413e-25,0.047878,0.063466
8.6256e-25,0.047821,0.063473
8.2915e-25,0.047767,0.063473
7.9411e-25,0.047716,0.063467
7.5765e-25,0.047668,0.063455
7.1999e-25,0.047623,0.063436
6.8131e-25,0.047582,0.06341
6.4183e-25,0.047543,0.063379
6.0173e-25,0.047508,0.063341
5.6119e-25,0.047477,0.063297
5.2038e-25,0.047448,0.063248
4.7949e-25,0.047423,0.063193
4.3867e-25,0.047402,0.063132
3.9808e-25,0.047383,0.063066
3.5785e-25,0.047368,0.062994
3.1814e-25,0.047356,0.062918
2.7906e-25,0.047348,0.062837
2.4074e-25,0.047342,0.062752
2.0329e-25,0.04734,0.062662
1.6681e-25,0.047341,0.062569
1.3141e-25,0.047345,0.062471
9.7156e-26,0.047353,0.062371
6.4138e-26,0.047363,0.062267
3.2422e-26,0.047377,0.06216
2.0696e-27,0.047393,0.062051
-2.6866e-26,0.047412,0.061939
-5.4341e-26,0.047435,0.061826
-8.0316e-26,0.04746,0.06171
-1.0476e-25,0.047487,0.061594
-1.2766e-25,0.047518,0.061476
-1.4899e-25,0.047551,0.061358
-1.6874e-25,0.047587,0.061239
-1.8692e-25,0.047625,0.06112
-2.0352e-25,0.047666,0.061001
-2.1856e-25,0.047709,0.060883
-2.3205e-25,0.047754,0.060765
-2.4402e-25,0.047802,0.060649
-2.5448e-25,0.047852,0.060533
-2.6347e-25,0.047904,0.06042
-2.7102e-25,0.047958,0.060308
-2.7718e-25,0.048014,0.060198
-2.8198e-25,0.048072,0.060091
-2.8546e-25,0.048132,0.059986
-2.8768e-25,0.048194,0.059884
-2.8869e-25,0.048257,0.059785
-2.8854e-25,0.048322,0.059689
-2.8728e-25,0.048388,0.059596
-2.8498e-25,0.048456,0.059507
-2.8169e-25,0.048525,0.059422
-2.7746e-25,0.048596,0.059341
-2.7236e-25,0.048668,0.059264
-2.6646e-25,0.048741,0.059191
-2.598e-25,0.048815,0.059122
-2.5245e-25,0.04889,0.059058
-2.4448e-25,0.048966,0.058998
-2.3594e-25,0.049043,0.058942
-2.2689e-25,0.04912,0.058891
-2.1739e-25,0.049198,0.058845
-2.075e-25,0.049277,0.058803
-1.9727e-25,0.049356,0.058766
-1.8676e-25,0.049435,0.058734
-1.7603e-25,0.049515,0.058706
-1.6512e-25,0.049594,0.058683
-1.5408e-25,0.049674,0.058664
-1.4298e-25,0.049753,0.05865
-1.3184e-25,0.049833,0.05864
-1.2071e-25,0.049912,0.058635
-1.0964e-25,0.049991,0.058634
-9.8674e-26,0.050069,0.058637
-8.7838e-26,0.050146,0.058644
-7.7172e-26,0.050223,0.058655
-6.6709e-26,0.050299,0.058671
-5.648e-26,0.050374,0.05869
-4.6513e-26,0.050448,0.058712
-3.6835e-26,0.05052,0.058738
-2.7469e-26,0.050591,0.058768
-1.8437e-26,0.050661,0.0588
-9.7577e-27,0.050729,0.058836
-1.4481e-27,0.050796,0.058875
6.4772e-27,0.05086,0.058916
1.4006e-26,0.050923,0.058961
2.1127e-26,0.050984,0.059007
2.7832e-26,0.051042,0.059056
3.4116e-26,0.051098,0.059107
3.9973e-26,0.051152,0.05916
4.5401e-26,0.051203,0.059215
5.04e-26,0.051252,0.059272
5.4969e-26,0.051298,0.05933
5.9113e-26,0.051341,0.05939
6.2834e-26,0.051381,0.05945
6.6138e-26,0.051418,0.059512
6.9032e-26,0.051452,0.059575
7.1525e-26,0.051483,0.059638
7.3625e-26,0.051511,0.059702
7.5342e-26,0.051535,0.059767
7.6689e-26,0.051556,0.059832
7.7677e-26,0.051573,0.059897
7.8319e-26,0.051587,0.059962
7.8629e-26,0.051598,0.060027
7.8622e-26,0.051604,0.060091
7.8312e-26,0.051607,0.060156
7.7714e-26,0.051607,0.06022
7.6845e-26,0.051602,0.060284
7.5721e-26,0.051594,0.060347
7.4358e-26,0.051582,0.060409
7.2772e-26,0.051567,0.060471
7.098e-26,0.051548,0.060532
6.8999e-26,0.051525,0.060592
6.6845e-26,0.051499,0.060651
6.4534e-26,0.051469,0.060709
6.2083e-26,0.051435,0.060766
5.9507e-26,0.051398,0.060823
5.6824e-26,0.051358,0.060878
5.4047e-26,0.051314,0.060932
5.1192e-26,0.051267,0.060985
4.8274e-26,0.051217,0.061037
4.5307e-26,0.051164,0.061088
4.2304e-26,0.051108,0.061138
3.9279e-26,0.051049,0.061187
3.6245e-26,0.050988,0.061235
3.3214e-26,0.050924,0.061282
3.0197e-26,0.050858,0.061328
2.7205e-26,0.05079,0.061373
2.4248e-26,0.05072,0.061418
2.1337e-26,0.050648,0.061461
1.8481e-26,0.050574,0.061504
1.5687e-26,0.050498,0.061546
1.2964e-26,0.050422,0.061587
1.0318e-26,0.050344,0.061628
7.7573e-27,0.050265,0.061668
5.2866e-27,0.050186,0.061708
2.9115e-27,0.050106,0.061747
6.3661e-28,0.050026,0.061786
-1.534e-27,0.049945,0.061824
-3.5967e-27,0.049865,0.061862
-5.5489e-27,0.049785,0.0619
-7.388e-27,0.049705,0.061937
-9.1123e-27,0.049626,0.061974
-1.0721e-26,0.049548,0.062011
-1.2212e-26,0.049471,0.062047
-1.3587e-26,0.049395,0.062083
-1.4844e-26,0.049321,0.062118
-1.5985e-26,0.049248,0.062154
-1.7012e-26,0.049177,0.062189
-1.7924e-26,0.049109,0.062223
-1.8725e-26,0.049042,0.062257
-1.9415e-26,0.048978,0.06229
-1.9999e-26,0.048916,0.062323
-2.0478e-26,0.048857,0.062356
-2.0856e-26,0.048801,0.062387
-2.1135e-26,0.048748,0.062418
-2.1321e-26,0.048698,0.062448
-2.1415e-26,0.048651,0.062477
-2.1422e-26,0.048608,0.062506
-2.1346e-26,0.048568,0.062533
-2.1192e-26,0.048532,0.062559
-2.0963e-26,0.048499,0.062584
-2.0664e-26,0.04847,0.062607
-2.03e-26,0.048445,0.06263
-1.9874e-26,0.048424,0.06265
-1.9392e-26,0.048407,0.06267
-1.8858e-26,0.048395,0.062687
-1.8276e-26,0.048386,0.062703
-1.7651e-26,0.048381,0.062718
-1.6987e-26,0.048381,0.06273
-1.6289e-26,0.048385,0.062741
-1.5561e-26,0.048393,0.062749
-1.4807e-26,0.048405,0.062756
-1.4031e-26,0.048421,0.062761
-1.3238e-26,0.048442,0.062763
-1.2431e-26,0.048467,0.062764
-1.1614e-26,0.048496,0.062763
-1.079e-26,0.048529,0.062759
-9.964e-27,0.048566,0.062754
-9.138e-27,0.048606,0.062746
-8.3155e-27,0.048651,0.062736
-7.4995e-27,0.0487,0.062725
-6.693e-27,0.048752,0.062711
-5.8985e-27,0.048808,0.062695
-5.1186e-27,0.048867,0.062678
-4.3555e-27,0.04893,0.062659
-3.6115e-27,0.048995,0.062638
-2.8884e-27,0.049064,0.062615
-2.1882e-27,0.049136,0.062591
-1.5124e-27,0.04921,0.062565
-8.6246e-28,0.049287,0.062538
-2.3972e-28,0.049366,0.062509
3.5472e-28,0.049448,0.06248
9.199e-28,0.049531,0.062449
1.455e-27,0.049617,0.062417
1.9594e-27,0.049704,0.062385
2.4326e-27,0.049792,0.062352
2.8741e-27,0.049882,0.062318
3.2839e-27,0.049972,0.062284
3.6618e-27,0.050064,0.06225
4.0079e-27,0.050156,0.062215
4.3222e-27,0.050248,0.062181
4.6052e-27,0.05034,0.062146
4.8571e-27,0.050432,0.062112
5.0785e-27,0.050524,0.062078
5.2699e-27,0.050615,0.062045
5.4321e-27,0.050706,0.062012
5.5656e-27,0.050795,0.06198
5.6715e-27,0.050883,0.061948
5.7505e-27,0.05097,0.061918
5.8037e-27,0.051055,0.061889
5.832e-27,0.051138,0.06186
5.8365e-27,0.051219,0.061833
5.8183e-27,0.051297,0.061808
5.7785e-27,0.051373,0.061784
5.7184e-27,0.051446,0.061761
5.639e-27,0.051517,0.06174
5.5416e-27,0.051584,0.061721
5.4274e-27,0.051648,0.061703
5.2977e-27,0.051709,0.061687
5.1536e-27,0.051767,0.061673
4.9964e-27,0.05182,0.06166
4.8274e-27,0.05187,0.06165
4.6477e-27,0.051916,0.061641
4.4585e-27,0.051959,0.061634
4.261e-27,0.051997,0.06163
4.0563e-27,0.052031,0.061627
3.8456e-27,0.05206,0.061626
3.63e-27,0.052086,0.061627
3.4105e-27,0.052107,0.061629
3.1882e-27,0.052124,0.061634
2.964e-27,0.052137,0.06164
2.7389e-27,0.052145,0.061649
2.5138e-27,0.052149,0.061659
2.2896e-27,0.052149,0.06167
2.0671e-27,0.052144,0.061683
1.8471e-27,0.052135,0.061698
1.6303e-27,0.052122,0.061714
1.4174e-27,0.052105,0.061732
1.209e-27,0.052084,0.061751
1.0057e-27,0.052059,0.061771
8.0806e-28,0.05203,0.061792
6.166e-28,0.051997,0.061815
4.3176e-28,0.051961,0.061838
2.5392e-28,0.051921,0.061862
8.3456e-29,0.051878,0.061887
-7.9333e-29,0.051832,0.061913
-2.3418e-28,0.051783,0.061939
-3.8085e-28,0.051731,0.061965
-5.1917e-28,0.051676,0.061992
-6.4901e-28,0.051619,0.062019
-7.7024e-28,0.051559,0.062047
-8.8282e-28,0.051497,0.062074
-9.8671e-28,0.051433,0.062101
-1.0819e-27,0.051367,0.062128
-1.1685e-27,0.0513,0.062155
-1.2465e-27,0.051231,0.062181
-1.3161e-27,0.051161,0.062207
-1.3773e-27,0.05109,0.062233
-1.4303e-27,0.051018,0.062258
-1.4753e-27,0.050945,0.062282
-1.5126e-27,0.050872,0.062305
-1.5422e-27,0.050798,0.062328
-1.5645e-27,0.050724,0.062349
-1.5798e-27,0.05065,0.06237
-1.5882e-27,0.050577,0.062389
-1.5901e-27,0.050504,0.062408
-1.5858e-27,0.050431,0.062425
-1.5756e-27,0.050359,0.062441
-1.5598e-27,0.050287,0.062455
-1.5387e-27,0.050217,0.062469
-1.5127e-27,0.050148,0.062481
-1.4821e-27,0.050079,0.062491
-1.4472e-27,0.050012,0.062501
-1.4084e-27,0.049947,0.062508
-1.3659e-27,0.049883,0.062515
-1.3202e-27,0.04982,0.062519
-1.2716e-27,0.04976,0.062523
-1.2203e-27,0.0497,0.062524
-1.1667e-27,0.049643,0.062524
-1.1112e-27,0.049588,0.062523
-1.0539e-27,0.049534,0.06252
-9.9533e-28,0.049482,0.062516
-9.3564e-28,0.049433,0.06251
-8.7515e-28,0.049385,0.062502
-8.1412e-28,0.049339,0.062493
-7.5282e-28,0.049295,0.062483
-6.9149e-28,0.049253,0.062471
-6.3038e-28,0.049214,0.062457
-5.697e-28,0.049176,0.062442
-5.0968e-28,0.04914,0.062426
-4.5051e-28,0.049105,0.062409
-3.9238e-28,0.049073,0.06239
-3.3547e-28,0.049042,0.06237
-2.7993e-28,0.049014,0.062348
-2.2592e-28,0.048986,0.062326
-1.7358e-28,0.048961,0.062303
-1.2302e-28,0.048937,0.062278
-7.4366e-29,0.048914,0.062253
-2.7705e-29,0.048893,0.062226
1.6873e-29,0.048874,0.062199
5.9294e-29,0.048855,0.062171
9.9496e-29,0.048838,0.062143
1.3743e-28,0.048822,0.062114
1.7305e-28,0.048807,0.062084
2.0633e-28,0.048792,0.062054
2.3726e-28,0.048779,0.062024
2.6582e-28,0.048767,0.061994
2.9201e-28,0.048755,0.061963
3.1586e-28,0.048744,0.061933
3.3736e-28,0.048733,0.061902
3.5655e-28,0.048723,0.061872
3.7348e-28,0.048713,0.061842
3.8816e-28,0.048704,0.061813
4.0066e-28,0.048695,0.061784
4.1103e-28,0.048686,0.061755
4.1933e-28,0.048677,0.061728
4.2563e-28,0.048668,0.061701
4.2999e-28,0.048659,0.061676
4.3248e-28,0.048651,0.061651
4.332e-28,0.048642,0.061628
4.3221e-28,0.048633,0.061606
4.296e-28,0.048623,0.061586
4.2546e-28,0.048614,0.061567
4.1987e-28,0.048604,0.06155
4.1292e-28,0.048594,0.061535
4.0471e-28,0.048583,0.061522
3.9533e-28,0.048572,0.061511
3.8486e-28,0.048561,0.061502
3.7341e-28,0.048549,0.061495
3.6105e-28,0.048537,0.061491
3.4787e-28,0.048524,0.06149
3.3398e-28,0.048511,0.061491
3.1945e-28,0.048498,0.061495
3.0437e-28,0.048484,0.061501
2.8883e-28,0.04847,0.061511
2.729e-28,0.048455,0.061523
2.5667e-28,0.04844,0.061539
2.4021e-28,0.048425,0.061558
2.236e-28,0.048409,0.06158
2.069e-28,0.048393,0.061605
1.9019e-28,0.048377,0.061634
1.7354e-28,0.048361,0.061666
1.5699e-28,0.048344,0.061702
1.4062e-28,0.048328,0.061741
1.2447e-28,0.048311,0.061783
1.086e-28,0.048295,0.061829
9.3061e-29,0.048279,0.061879
7.789e-29,0.048263,0.061932
6.313e-29,0.048247,0.061988
4.882e-29,0.048231,0.062048
3.4993e-29,0.048216,0.062112
2.168e-29,0.048201,0.062179
8.9078e-30,0.048187,0.062249
-3.2988e-30,0.048173,0.062323
-1.492e-29,0.04816,0.0624
-2.5938e-29,0.048147,0.062481
-3.6339e-29,0.048135,0.062564
-4.6112e-29,0.048124,0.062651
-5.5249e-29,0.048114,0.06274
-6.3744e-29,0.048105,0.062832
-7.1595e-29,0.048097,0.062927
-7.8801e-29,0.04809,0.063025
-8.5365e-29,0.048085,0.063125
-9.1292e-29,0.04808,0.063227
-9.659e-29,0.048077,0.063331
-1.0127e-28,0.048074,0.063437
-1.0533e-28,0.048074,0.063545
-1.088e-28,0.048074,0.063655
-1.1169e-28,0.048076,0.063765
-1.1401e-28,0.048079,0.063877
-1.1579e-28,0.048084,0.06399
-1.1703e-28,0.04809,0.064104
-1.1776e-28,0.048098,0.064218
-1.1801e-28,0.048107,0.064332
-1.1779e-28,0.048118,0.064446
-1.1713e-28,0.048131,0.06456
-1.1604e-28,0.048145,0.064673
-1.1456e-28,0.04816,0.064786
-1.1271e-28,0.048177,0.064897
-1.1051e-28,0.048195,0.065007
-1.0799e-28,0.048216,0.065116
-1.0517e-28,0.048237,0.065222
-1.0207e-28,0.04826,0.065327
-9.8732e-29,0.048284,0.065429
-9.5167e-29,0.04831,0.065528
-9.1403e-29,0.048338,0.065624
-8.7463e-29,0.048366,0.065717
-8.337e-29,0.048396,0.065807
-7.9149e-29,0.048428,0.065893
-7.482e-29,0.04846,0.065974
-7.0406e-29,0.048494,0.066052
-6.5928e-29,0.048529,0.066125
-6.1406e-29,0.048565,0.066193
-5.686e-29,0.048603,0.066257
-5.2308e-29,0.048641,0.066315
-4.7768e-29,0.048681,0.066367
-4.3257e-29,0.048721,0.066415
-3.8791e-29,0.048763,0.066456
-3.4385e-29,0.048805,0.066492
-3.0053e-29,0.048849,0.066521
-2.5809e-29,0.048893,0.066544
-2.1664e-29,0.048939,0.066561
-1.7631e-29,0.048985,0.066571
-1.3719e-29,0.049032,0.066575
-9.937e-30,0.04908,0.066572
-6.2947e-30,0.049129,0.066563
-2.7991e-30,0.049178,0.066546
5.4324e-31,0.049228,0.066523
3.7266e-30,0.049279,0.066493
6.7463e-30,0.04933,0.066456
9.5982e-30,0.049382,0.066412
1.2279e-29,0.049435,0.066361
1.4787e-29,0.049488,0.066304
1.7121e-29,0.049542,0.06624
1.9278e-29,0.049596,0.066169
2.1261e-29,0.049651,0.066092
2.3068e-29,0.049706,0.066009
2.4701e-29,0.049761,0.065919
2.6163e-29,0.049816,0.065823
2.7455e-29,0.049872,0.065721
2.8581e-29,0.049928,0.065614
2.9544e-29,0.049983,0.065501
3.0348e-29,0.050039,0.065383
3.0997e-29,0.050095,0.06526
3.1496e-29,0.05015,0.065132
3.185e-29,0.050205,0.065
3.2065e-29,0.05026,0.064864
3.2147e-29,0.050314,0.064723
3.21e-29,0.050367,0.064579
3.1932e-29,0.05042,0.064432
3.1649e-29,0.050472,0.064282
3.1257e-29,0.050523,0.064129
3.0764e-29,0.050574,0.063974
3.0174e-29,0.050623,0.063817
2.9496e-29,0.05067,0.063658
2.8737e-29,0.050717,0.063499
2.7902e-29,0.050762,0.063338
2.6999e-29,0.050805,0.063177
2.6034e-29,0.050847,0.063015
2.5014e-29,0.050887,0.062854
2.3945e-29,0.050925,0.062694
2.2835e-29,0.050962,0.062534
2.1688e-29,0.050996,0.062375
2.0512e-29,0.051028,0.062219
1.9312e-29,0.051058,0.062064
1.8094e-29,0.051085,0.061911
1.6863e-29,0.05111,0.061761
1.5625e-29,0.051133,0.061614
1.4385e-29,0.051153,0.061469
1.3147e-29,0.051171,0.061329
1.1917e-29,0.051186,0.061192
1.0699e-29,0.051198,0.061059
9.497e-30,0.051207,0.06093
8.3146e-30,0.051214,0.060806
7.1556e-30,0.051218,0.060686
6.0235e-30,0.051219,0.060572
4.9213e-30,0.051218,0.060462
3.8518e-30,0.051213,0.060358
2.8177e-30,0.051206,0.060258
1.8212e-30,0.051196,0.060165
8.6449e-31,0.051183,0.060077
-5.0651e-32,0.051168,0.059994
-9.2265e-31,0.05115,0.059918
-1.7502e-30,0.051129,0.059847
-2.5321e-30,0.051106,0.059782
-3.2676e-30,0.05108,0.059723
-3.956e-30,0.051052,0.05967
-4.5968e-30,0.051022,0.059623
-5.1898e-30,0.050989,0.059581
-5.735e-30,0.050955,0.059546
-6.2325e-30,0.050918,0.059517
-6.6827e-30,0.05088,0.059493
-7.086e-30,0.050839,0.059475
-7.443e-30,0.050797,0.059462
-7.7546e-30,0.050754,0.059455
-8.0217e-30,0.050709,0.059454
-8.2453e-30,0.050663,0.059458
-8.4266e-30,0.050616,0.059466
-8.567e-30,0.050568,0.05948
-8.6678e-30,0.050519,0.059499
-8.7304e-30,0.05047,0.059523
-8.7565e-30,0.05042,0.059551
-8.7476e-30,0.05037,0.059583
-8.7053e-30,0.05032,0.05962
-8.6316e-30,0.050269,0.05966
-8.528e-30,0.050219,0.059705
-8.3964e-30,0.05017,0.059753
-8.2386e-30,0.05012,0.059805
-8.0565e-30,0.050072,0.05986
-7.8519e-30,0.050024,0.059919
-7.6266e-30,0.049977,0.05998
-7.3825e-30,0.049932,0.060044
-7.1214e-30,0.049887,0.060111
-6.8451e-30,0.049844,0.060181
-6.5554e-30,0.049802,0.060252
-6.254e-30,0.049763,0.060326
-5.9427e-30,0.049724,0.060402
-5.6231e-30,0.049688,0.060479
-5.2968e-30,0.049654,0.060558
-4.9654e-30,0.049622,0.060639
-4.6304e-30,0.049592,0.060721
-4.2933e-30,0.049564,0.060804
-3.9555e-30,0.049539,0.060888
-3.6183e-30,0.049516,0.060974
-3.2829e-30,0.049495,0.061059
-2.9507e-30,0.049478,0.061146
-2.6226e-30,0.049462,0.061233
-2.2999e-30,0.04945,0.061321
-1.9834e-30,0.04944,0.061408
-1.6742e-30,0.049433,0.061496
-1.373e-30,0.049428,0.061584
-1.0806e-30,0.049426,0.061672
-7.9784e-31,0.049427,0.06176
-5.2524e-31,0.049431,0.061848
-2.6341e-31,0.049438,0.061935
-1.2857e-32,0.049447,0.062022
2.2599e-31,0.049459,0.062108
4.5276e-31,0.049473,0.062194
6.6714e-31,0.049491,0.06228
8.6888e-31,0.04951,0.062364
1.0578e-30,0.049533,0.062448
1.2338e-30,0.049557,0.062532
1.3968e-30,0.049585,0.062614
1.5467e-30,0.049614,0.062696
1.6837e-30,0.049646,0.062776
1.8077e-30,0.04968,0.062856
1.9189e-30,0.049715,0.062934
2.0176e-30,0.049753,0.063012
2.1038e-30,0.049793,0.063088
2.1778e-30,0.049834,0.063163
2.24e-30,0.049877,0.063237
2.2907e-30,0.049922,0.06331
2.3301e-30,0.049968,0.063381
2.3587e-30,0.050015,0.063451
2.3769e-30,0.050063,0.06352
2.3851e-30,0.050112,0.063588
2.3837e-30,0.050162,0.063654
2.3731e-30,0.050213,0.063718
2.354e-30,0.050264,0.063781
2.3266e-30,0.050315,0.063842
2.2916e-30,0.050367,0.063902
2.2493e-30,0.050419,0.06396
2.2004e-30,0.05047,0.064016
2.1453e-30,0.050522,0.06407
2.0845e-30,0.050573,0.064123
2.0186e-30,0.050623,0.064173
1.9479e-30,0.050673,0.064222
1.8731e-30,0.050722,0.064269
1.7946e-30,0.05077,0.064313
1.7128e-30,0.050817,0.064355
1.6282e-30,0.050862,0.064396
1.5414e-30,0.050907,0.064433
1.4527e-30,0.050949,0.064469
1.3625e-30,0.05099,0.064502
1.2714e-30,0.051029,0.064533
1.1796e-30,0.051067,0.064562
1.0876e-30,0.051102,0.064588
9.9567e-31,0.051136,0.064611
9.0425e-31,0.051167,0.064632
8.1363e-31,0.051196,0.06465
7.2413e-31,0.051222,0.064666
6.3604e-31,0.051247,0.064679
5.4963e-31,0.051268,0.06469
4.6516e-31,0.051288,0.064698
3.8286e-31,0.051305,0.064703
3.0295e-31,0.051319,0.064706
2.2562e-31,0.051331,0.064706
1.5105e-31,0.05134,0.064704
7.9397e-32,0.051347,0.064699
1.0801e-32,0.051351,0.064691
-5.4618e-32,0.051353,0.064681
-1.1676e-31,0.051352,0.064669
-1.7553e-31,0.051348,0.064655
-2.3087e-31,0.051342,0.064638
-2.8272e-31,0.051334,0.064619
-3.3104e-31,0.051323,0.064597
-3.7583e-31,0.05131,0.064574
-4.1706e-31,0.051295,0.064549
-4.5475e-31,0.051278,0.064522
-4.8892e-31,0.051258,0.064494
-5.196e-31,0.051236,0.064463
-5.4684e-31,0.051213,0.064431
-5.707e-31,0.051187,0.064398
-5.9123e-31,0.05116,0.064364
-6.0853e-31,0.051131,0.064328
-6.2266e-31,0.051101,0.064292
-6.3373e-31,0.051069,0.064255
-6.4185e-31,0.051035,0.064216
-6.471e-31,0.051001,0.064178
-6.4962e-31,0.050965,0.064139
-6.4951e-31,0.050928,0.064099
-6.4691e-31,0.05089,0.06406
-6.4193e-31,0.050851,0.06402
-6.3472e-31,0.050812,0.06398
-6.254e-31,0.050772,0.063941
-6.141e-31,0.050732,0.063902
-6.0097e-31,0.050691,0.063864
-5.8614e-31,0.050649,0.063826
-5.6974e-31,0.050608,0.063789
-5.5192e-31,0.050566,0.063752
-5.3281e-31,0.050525,0.063717
-5.1254e-31,0.050483,0.063683
-4.9125e-31,0.050442,0.06365
-4.6906e-31,0.0504,0.063619
-4.4611e-31,0.050359,0.063588
-4.2251e-31,0.050318,0.06356
-3.984e-31,0.050278,0.063533
-3.7388e-31,0.050238,0.063507
-3.4907e-31,0.050198,0.063483
-3.2408e-31,0.050159,0.063462
-2.9901e-31,0.05012,0.063441
-2.7397e-31,0.050082,0.063423
-2.4904e-31,0.050044,0.063407
-2.2433e-31,0.050007,0.063393
-1.9991e-31,0.049971,0.06338
-1.7587e-31,0.049935,0.06337
-1.5227e-31,0.049899,0.063362
-1.292e-31,0.049864,0.063355
-1.0671e-31,0.04983,0.063351
-8.487e-32,0.049796,0.063349
-6.3725e-32,0.049763,0.063348
-4.3326e-32,0.04973,0.063349
-2.3718e-32,0.049698,0.063353
-4.9382e-33,0.049666,0.063358
1.2979e-32,0.049635,0.063364
3.0006e-32,0.049604,0.063373
4.6118e-32,0.049574,0.063383
6.1296e-32,0.049544,0.063394
7.5526e-32,0.049514,0.063407
8.8796e-32,0.049485,0.063422
1.011e-31,0.049457,0.063437
1.1244e-31,0.049428,0.063454
1.2281e-31,0.049401,0.063472
1.3223e-31,0.049373,0.063491
1.4069e-31,0.049347,0.06351
1.4821e-31,0.04932,0.063531
1.5481e-31,0.049294,0.063552
1.605e-31,0.049269,0.063574
1.6531e-31,0.049244,0.063596
1.6925e-31,0.049219,0.063618
1.7236e-31,0.049195,0.063641
1.7466e-31,0.049172,0.063664
1.7617e-31,0.049149,0.063688
1.7694e-31,0.049127,0.063711
1.7699e-31,0.049106,0.063734
1.7635e-31,0.049085,0.063757
1.7506e-31,0.049065,0.06378
1.7316e-31,0.049046,0.063802
1.7068e-31,0.049027,0.063824
1.6766e-31,0.04901,0.063846
1.6414e-31,0.048993,0.063867
1.6015e-31,0.048978,0.063888
1.5573e-31,0.048963,0.063908
1.5091e-31,0.04895,0.063927
1.4574e-31,0.048937,0.063946
1.4025e-31,0.048926,0.063965
1.3448e-31,0.048916,0.063982
1.2846e-31,0.048907,0.063999
1.2223e-31,0.048899,0.064016
1.1582e-31,0.048893,0.064032
1.0926e-31,0.048887,0.064047
1.0259e-31,0.048883,0.064061
9.5842e-32,0.048881,0.064075
8.9037e-32,0.048879,0.064089
8.2208e-32,0.04888,0.064102
7.5383e-32,0.048881,0.064114
6.8588e-32,0.048883,0.064126
6.1847e-32,0.048887,0.064138
5.5184e-32,0.048893,0.06415
4.8621e-32,0.048899,0.064161
4.2178e-32,0.048907,0.064173
3.5875e-32,0.048916,0.064184
2.9729e-32,0.048926,0.064195
2.3757e-32,0.048937,0.064206
1.7974e-32,0.048949,0.064218
1.2392e-32,0.048962,0.06423
7.0247e-33,0.048976,0.064242
1.8819e-33,0.048991,0.064255
-3.027e-33,0.049007,0.064268
-7.6941e-33,0.049024,0.064281
-1.2113e-32,0.049041,0.064296
-1.6278e-32,0.049059,0.064311
-2.0184e-32,0.049077,0.064327
-2.383e-32,0.049096,0.064343
-2.7213e-32,0.049115,0.064361
-3.0333e-32,0.049135,0.064379
-3.319e-32,0.049154,0.064399
-3.5785e-32,0.049174,0.06442
-3.812e-32,0.049194,0.064441
-4.0199e-32,0.049214,0.064464
-4.2026e-32,0.049233,0.064488
-4.3605e-32,0.049253,0.064513
-4.4942e-32,0.049272,0.064539
-4.6044e-32,0.049291,0.064567
-4.6916e-32,0.049309,0.064595
-4.7567e-32,0.049327,0.064625
-4.8005e-32,0.049344,0.064656
-4.8237e-32,0.04936,0.064687
-4.8272e-32,0.049376,0.06472
-4.8119e-32,0.049391,0.064754
-4.7789e-32,0.049405,0.064789
-4.729e-32,0.049418,0.064824
-4.6632e-32,0.04943,0.064861
-4.5825e-32,0.049441,0.064898
-4.488e-32,0.049451,0.064936
-4.3806e-32,0.049459,0.064974
-4.2614e-32,0.049467,0.065013
-4.1313e-32,0.049473,0.065052
-3.9914e-32,0.049478,0.065092
-3.8427e-32,0.049481,0.065131
-3.6861e-32,0.049484,0.06517
-3.5227e-32,0.049485,0.06521
-3.3533e-32,0.049484,0.065249
-3.179e-32,0.049483,0.065288
-3.0006e-32,0.04948,0.065326
-2.8189e-32,0.049476,0.065363
-2.6349e-32,0.04947,0.0654
-2.4493e-32,0.049464,0.065436
-2.263e-32,0.049456,0.06547
-2.0767e-32,0.049447,0.065504
-1.891e-32,0.049436,0.065535
-1.7068e-32,0.049425,0.065566
-1.5245e-32,0.049413,0.065595
-1.3449e-32,0.049399,0.065621
-1.1685e-32,0.049385,0.065646
-9.9581e-33,0.04937,0.065669
-8.2732e-33,0.049354,0.06569
-6.635e-33,0.049337,0.065708
-5.0475e-33,0.049319,0.065724
-3.5144e-33,0.049301,0.065737
-2.039e-33,0.049283,0.065747
-6.2427e-34,0.049264,0.065755
7.2715e-34,0.049245,0.06576
2.0131e-33,0.049226,0.065762
3.2316e-33,0.049206,0.065761
4.3813e-33,0.049186,0.065757
5.4609e-33,0.049167,0.06575
6.4696e-33,0.049147,0.065739
7.4068e-33,0.049128,0.065725
8.2722e-33,0.049109,0.065708
9.0659e-33,0.049091,0.065688
9.7882e-33,0.049073,0.065665
1.044e-32,0.049055,0.065638
1.1021e-32,0.049038,0.065608
1.1534e-32,0.049022,0.065574
1.1978e-32,0.049007,0.065537
1.2357e-32,0.048993,0.065498
1.267e-32,0.04898,0.065454
1.2921e-32,0.048967,0.065408
1.3111e-32,0.048956,0.065359
1.3242e-32,0.048946,0.065307
1.3316e-32,0.048937,0.065251
1.3336e-32,0.04893,0.065193
1.3304e-32,0.048924,0.065133
1.3223e-32,0.048919,0.065069
1.3095e-32,0.048916,0.065003
1.2923e-32,0.048914,0.064935
1.2709e-32,0.048914,0.064864
1.2456e-32,0.048915,0.064791
1.2168e-32,0.048918,0.064716
1.1846e-32,0.048923,0.064639
1.1493e-32,0.048929,0.064561
1.1113e-32,0.048937,0.06448
1.0707e-32,0.048946,0.064399
1.0278e-32,0.048957,0.064316
9.8299e-33,0.04897,0.064232
9.3641e-33,0.048984,0.064147
8.8834e-33,0.049,0.064061
8.3902e-33,0.049018,0.063974
7.887e-33,0.049037,0.063887
7.376e-33,0.049057,0.0638
6.8594e-33,0.049079,0.063713
6.3395e-33,0.049102,0.063625
5.8182e-33,0.049127,0.063538
5.2975e-33,0.049153,0.063452
4.7792e-33,0.049179,0.063365
4.2653e-33,0.049207,0.06328
3.7572e-33,0.049236,0.063196
3.2566e-33,0.049266,0.063112
2.765e-33,0.049297,0.06303
2.2838e-33,0.049328,0.06295
1.8141e-33,0.04936,0.062871
1.3573e-33,0.049392,0.062793
9.1425e-34,0.049424,0.062718
4.8605e-34,0.049457,0.062645
7.3546e-35,0.04949,0.062573
-3.2248e-34,0.049522,0.062505
-7.0134e-34,0.049554,0.062438
-1.0624e-33,0.049586,0.062375
-1.4053e-33,0.049618,0.062314
-1.7294e-33,0.049648,0.062256
-2.0345e-33,0.049679,0.062201
-2.3203e-33,0.049708,0.062149
-2.5867e-33,0.049736,0.0621
-2.8334e-33,0.049763,0.062055
-3.0606e-33,0.049788,0.062013
-3.2681e-33,0.049813,0.061974
-3.4561e-33,0.049835,0.061939
-3.6247e-33,0.049857,0.061908
-3.7742e-33,0.049876,0.06188
-3.9047e-33,0.049894,0.061857
-4.0166e-33,0.04991,0.061837
-4.1101e-33,0.049924,0.061821
-4.1858e-33,0.049936,0.061809
-4.2439e-33,0.049946,0.0618
-4.285e-33,0.049953,0.061796
-4.3095e-33,0.049959,0.061796
-4.3179e-33,0.049963,0.061799
-4.3108e-33,0.049964,0.061807
-4.2886e-33,0.049963,0.061819
-4.252e-33,0.04996,0.061834
-4.2015e-33,0.049955,0.061854
-4.1378e-33,0.049948,0.061877
-4.0613e-33,0.049939,0.061904
-3.9727e-33,0.049927,0.061935
-3.8726e-33,0.049914,0.061969
-3.7617e-33,0.049898,0.062007
-3.6404e-33,0.049881,0.062049
-3.5095e-33,0.049862,0.062095
-3.3696e-33,0.049841,0.062143
-3.2211e-33,0.049818,0.062195
-3.0648e-33,0.049794,0.062251
-2.9012e-33,0.049768,0.062309
-2.7309e-33,0.049741,0.062371
-2.5545e-33,0.049713,0.062435
-2.3725e-33,0.049683,0.062502
-2.1856e-33,0.049652,0.062572
-1.9941e-33,0.04962,0.062645
-1.7988e-33,0.049587,0.06272
-1.6e-33,0.049554,0.062797
-1.3984e-33,0.049519,0.062877
-1.1945e-33,0.049484,0.062958
-9.8864e-34,0.049449,0.063042
-7.8146e-34,0.049413,0.063127
-5.7341e-34,0.049377,0.063214
-3.6496e-34,0.04934,0.063303
-1.566e-34,0.049304,0.063393
5.1219e-35,0.049267,0.063484
2.5803e-34,0.049231,0.063576
4.6338e-34,0.049195,0.063669
6.6681e-34,0.049159,0.063763
8.6788e-34,0.049123,0.063857
1.0661e-33,0.049088,0.063952
1.2611e-33,0.049053,0.064047
1.4524e-33,0.04902,0.064143
1.6396e-33,0.048986,0.064238
1.8222e-33,0.048954,0.064334
1.9998e-33,0.048922,0.06443
2.1719e-33,0.048892,0.064525
2.3381e-33,0.048862,0.064619
2.498e-33,0.048834,0.064714
2.6511e-33,0.048806,0.064807
2.797e-33,0.04878,0.0649
2.9351e-33,0.048755,0.064992
3.0652e-33,0.048732,0.065083
3.1867e-33,0.04871,0.065173
3.2992e-33,0.048689,0.065262
3.4022e-33,0.04867,0.065349
3.4953e-33,0.048652,0.065436
3.5781e-33,0.048636,0.06552
3.65e-33,0.048622,0.065604
3.7108e-33,0.048609,0.065686
3.7599e-33,0.048597,0.065767
3.797e-33,0.048588,0.065846
3.8215e-33,0.04858,0.065923
3.8332e-33,0.048574,0.065998
3.8316e-33,0.048569,0.066072
3.8164e-33,0.048566,0.066144
3.7871e-33,0.048565,0.066215
3.7435e-33,0.048566,0.066283
3.6853e-33,0.048569,0.06635
3.6121e-33,0.048573,0.066415
3.5237e-33,0.048579,0.066478
3.4198e-33,0.048586,0.066539
3.3002e-33,0.048595,0.066598
3.1648e-33,0.048606,0.066655
3.0133e-33,0.048619,0.06671
2.8459e-33,0.048633,0.066764
2.6622e-33,0.048649,0.066815
2.4624e-33,0.048666,0.066864
2.2466e-33,0.048685,0.066911
2.0147e-33,0.048705,0.066956
1.7669e-33,0.048727,0.067
1.5035e-33,0.04875,0.067041
1.2247e-33,0.048774,0.067079
9.3075e-34,0.0488,0.067116
6.2217e-34,0.048826,0.067151
2.9937e-34,0.048854,0.067183
-3.7128e-35,0.048883,0.067213
-3.8672e-34,0.048914,0.067241
-7.4873e-34,0.048945,0.067267
-1.1224e-33,0.048977,0.06729
-1.5069e-33,0.04901,0.067311
-1.9014e-33,0.049044,0.067329
-2.3048e-33,0.049078,0.067345
-2.7161e-33,0.049113,0.067358
-3.1342e-33,0.049149,0.067369
-3.5578e-33,0.049186,0.067377
-3.9856e-33,0.049222,0.067382
-4.4163e-33,0.049259,0.067385
-4.8483e-33,0.049297,0.067385
-5.2802e-33,0.049335,0.067382
-5.7103e-33,0.049372,0.067377
-6.1369e-33,0.04941,0.067368
-6.5584e-33,0.049448,0.067357
-6.9728e-33,0.049486,0.067343
-7.3783e-33,0.049524,0.067325
-7.773e-33,0.049561,0.067305
-8.1548e-33,0.049598,0.067282
-8.5218e-33,0.049634,0.067255
-8.8717e-33,0.04967,0.067226
-9.2026e-33,0.049705,0.067193
-9.5122e-33,0.04974,0.067158
-9.7983e-33,0.049774,0.067119
-1.0059e-32,0.049806,0.067078
-1.0291e-32,0.049838,0.067033
-1.0494e-32,0.049869,0.066986
-1.0664e-32,0.049898,0.066935
-1.08e-32,0.049926,0.066882
-1.0899e-32,0.049952,0.066825
-1.096e-32,0.049977,0.066766
-1.0979e-32,0.050001,0.066705
-1.0956e-32,0.050022,0.06664
-1.0888e-32,0.050042,0.066573
-1.0773e-32,0.05006,0.066504
-1.061e-32,0.050076,0.066432
-1.0397e-32,0.05009,0.066358
-1.0132e-32,0.050101,0.066282
-9.8139e-33,0.050111,0.066204
-9.4414e-33,0.050118,0.066124
-9.0133e-33,0.050123,0.066043
-8.5286e-33,0.050125,0.06596
-7.9866e-33,0.050125,0.065875
-7.3865e-33,0.050122,0.065789
-6.7281e-33,0.050117,0.065703
-6.011e-33,0.050109,0.065615
-5.2354e-33,0.050098,0.065527
-4.4014e-33,0.050085,0.065438
-3.5095e-33,0.050068,0.065349
-2.5605e-33,0.050049,0.06526
-1.5553e-33,0.050028,0.065171
-4.9537e-34,0.050003,0.065082
6.1786e-34,0.049976,0.064994
1.7825e-33,0.049946,0.064907
2.9964e-33,0.049914,0.06482
4.2571e-33,0.049879,0.064735
5.5618e-33,0.049841,0.064652
6.9075e-33,0.0498,0.06457
8.2908e-33,0.049757,0.06449
9.7079e-33,0.049712,0.064413
1.1155e-32,0.049664,0.064337
1.2627e-32,0.049614,0.064265
1.4121e-32,0.049561,0.064195
1.563e-32,0.049507,0.064128
1.7149e-32,0.04945,0.064065
1.8674e-32,0.049392,0.064005
2.0198e-32,0.049332,0.063949
2.1715e-32,0.04927,0.063897
2.3218e-32,0.049207,0.063849
2.4701e-32,0.049142,0.063805
2.6157e-32,0.049077,0.063766
2.7578e-32,0.04901,0.063731
2.8958e-32,0.048942,0.063701
3.0288e-32,0.048874,0.063677
3.1561e-32,0.048806,0.063657
3.277e-32,0.048737,0.063642
3.3905e-32,0.048668,0.063632
3.4958e-32,0.048599,0.063628
3.5923e-32,0.04853,0.063629
3.6789e-32,0.048462,0.063636
3.755e-32,0.048395,0.063648
3.8196e-32,0.048328,0.063666
3.8719e-32,0.048263,0.063689
3.9112e-32,0.048199,0.063717
3.9366e-32,0.048137,0.063751
3.9474e-32,0.048076,0.06379
3.9427e-32,0.048018,0.063834
3.9219e-32,0.047961,0.063884
3.8842e-32,0.047907,0.063939
3.829e-32,0.047856,0.063999
3.7556e-32,0.047807,0.064063
3.6634e-32,0.047761,0.064132
3.5519e-32,0.047719,0.064206
3.4205e-32,0.047679,0.064284
3.2689e-32,0.047643,0.064366
3.0967e-32,0.047611,0.064452
2.9034e-32,0.047582,0.064542
2.6889e-32,0.047557,0.064635
2.4531e-32,0.047536,0.064731
2.1957e-32,0.047519,0.06483
1.9168e-32,0.047506,0.064932
1.6164e-32,0.047498,0.065037
1.2947e-32,0.047494,0.065143
9.5199e-33,0.047494,0.065251
5.8857e-33,0.047499,0.065361
2.049e-33,0.047508,0.065472
-1.9846e-33,0.047522,0.065584
-6.2086e-33,0.047541,0.065697
-1.0615e-32,0.047563,0.06581
-1.5196e-32,0.047591,0.065922
-1.994e-32,0.047622,0.066035
-2.4837e-32,0.047659,0.066147
-2.9875e-32,0.047699,0.066258
-3.5039e-32,0.047744,0.066369
-4.0316e-32,0.047793,0.066477
-4.569e-32,0.047845,0.066584
-5.1144e-32,0.047902,0.066689
-5.6658e-32,0.047963,0.066792
-6.2216e-32,0.048027,0.066892
-6.7795e-32,0.048094,0.066989
-7.3375e-32,0.048165,0.067084
-7.8932e-32,0.048239,0.067175
-8.4444e-32,0.048315,0.067263
-8.9886e-32,0.048394,0.067347
-9.5232e-32,0.048476,0.067427
-1.0046e-31,0.048559,0.067504
-1.0553e-31,0.048644,0.067576
-1.1043e-31,0.048731,0.067644
-1.1512e-31,0.048819,0.067708
-1.1958e-31,0.048909,0.067767
-1.2378e-31,0.048999,0.067822
-1.2768e-31,0.049089,0.067872
-1.3125e-31,0.049179,0.067917
-1.3447e-31,0.04927,0.067958
-1.3731e-31,0.04936,0.067994
-1.3973e-31,0.049449,0.068025
-1.4171e-31,0.049537,0.068051
-1.4321e-31,0.049624,0.068072
-1.442e-31,0.049709,0.068089
-1.4466e-31,0.049792,0.068101
-1.4456e-31,0.049873,0.068108
-1.4387e-31,0.049952,0.068111
-1.4256e-31,0.050028,0.068109
-1.4061e-31,0.050101,0.068103
-1.38e-31,0.050171,0.068093
-1.347e-31,0.050238,0.068078
-1.3069e-31,0.050301,0.068059
-1.2596e-31,0.050361,0.068037
-1.2048e-31,0.050417,0.068011
-1.1425e-31,0.050468,0.067981
-1.0725e-31,0.050516,0.067947
-9.9475e-32,0.050559,0.067911
-9.0912e-32,0.050598,0.067871
-8.1559e-32,0.050632,0.067828
-7.1416e-32,0.050662,0.067783
-6.0485e-32,0.050687,0.067735
-4.8771e-32,0.050708,0.067684
-3.6283e-32,0.050724,0.067631
-2.3034e-32,0.050736,0.067577
-9.0387e-33,0.050743,0.06752
5.6818e-33,0.050746,0.067461
2.1104e-32,0.050744,0.067401
3.72e-32,0.050738,0.06734
5.3939e-32,0.050728,0.067278
7.1283e-32,0.050714,0.067214
8.9193e-32,0.050696,0.06715
1.0762e-31,0.050674,0.067085
1.2653e-31,0.050648,0.06702
1.4585e-31,0.05062,0.066954
1.6554e-31,0.050588,0.066888
1.8552e-31,0.050553,0.066822
2.0574e-31,0.050515,0.066756
2.2612e-31,0.050475,0.06669
2.4659e-31,0.050433,0.066625
2.6707e-31,0.050389,0.06656
2.8748e-31,0.050343,0.066497
3.0774e-31,0.050296,0.066433
3.2774e-31,0.050247,0.066371
3.4741e-31,0.050198,0.06631
3.6664e-31,0.050148,0.06625
3.8533e-31,0.050097,0.066191
4.0339e-31,0.050047,0.066134
4.207e-31,0.049996,0.066078
4.3716e-31,0.049946,0.066023
4.5267e-31,0.049896,0.065971
4.6711e-31,0.049848,0.06592
4.8037e-31,0.0498,0.065871
4.9235e-31,0.049754,0.065823
5.0292e-31,0.04971,0.065778
5.1198e-31,0.049667,0.065734
5.1942e-31,0.049626,0.065693
5.2512e-31,0.049587,0.065653
5.2897e-31,0.04955,0.065616
5.3088e-31,0.049516,0.065581
5.3074e-31,0.049485,0.065548
5.2844e-31,0.049456,0.065518
5.239e-31,0.04943,0.06549
5.1701e-31,0.049406,0.065464
5.0769e-31,0.049386,0.06544
4.9586e-31,0.049369,0.065418
4.8144e-31,0.049354,0.065399
4.6436e-31,0.049343,0.065383
4.4457e-31,0.049335,0.065368
4.22e-31,0.04933,0.065356
3.9662e-31,0.049328,0.065346
3.6838e-31,0.049329,0.065339
3.3727e-31,0.049334,0.065334
3.0325e-31,0.049341,0.065331
2.6634e-31,0.049351,0.06533
2.2653e-31,0.049363,0.065332
1.8384e-31,0.049379,0.065335
1.3831e-31,0.049397,0.065341
8.998e-32,0.049417,0.065349
3.8905e-32,0.04944,0.06536
-1.4844e-32,0.049465,0.065372
-7.1178e-32,0.049492,0.065386
-1.3e-31,0.049521,0.065402
-1.9119e-31,0.049552,0.06542
-2.5462e-31,0.049585,0.06544
-3.2015e-31,0.049619,0.065462
-3.876e-31,0.049655,0.065486
-4.5682e-31,0.049691,0.065511
-5.2759e-31,0.049729,0.065538
-5.9971e-31,0.049768,0.065566
-6.7296e-31,0.049808,0.065596
-7.471e-31,0.049848,0.065627
-8.2186e-31,0.049888,0.065659
-8.9699e-31,0.04993,0.065693
-9.7218e-31,0.049971,0.065728
-1.0471e-30,0.050013,0.065763
-1.1216e-30,0.050054,0.0658
-1.1951e-30,0.050096,0.065837
-1.2675e-30,0.050137,0.065875
-1.3382e-30,0.050178,0.065913
-1.4071e-30,0.050219,0.065952
-1.4737e-30,0.05026,0.065991
-1.5375e-30,0.0503,0.06603
-1.5983e-30,0.05034,0.066069
-1.6557e-30,0.050379,0.066107
-1.7091e-30,0.050418,0.066146
-1.7583e-30,0.050456,0.066184
-1.8028e-30,0.050494,0.066221
-1.8422e-30,0.050532,0.066257
-1.8761e-30,0.050569,0.066292
-1.904e-30,0.050606,0.066326
-1.9257e-30,0.050642,0.066359
-1.9406e-30,0.050678,0.06639
-1.9484e-30,0.050714,0.066419
-1.9487e-30,0.05075,0.066446
-1.9412e-30,0.050786,0.066471
-1.9254e-30,0.050822,0.066494
-1.9011e-30,0.050858,0.066514
-1.8678e-30,0.050894,0.066532
-1.8254e-30,0.050931,0.066546
-1.7735e-30,0.050968,0.066558
-1.7119e-30,0.051006,0.066567
-1.6404e-30,0.051045,0.066572
-1.5587e-30,0.051084,0.066573
-1.4666e-30,0.051125,0.066571
-1.3641e-30,0.051166,0.066565
-1.251e-30,0.051209,0.066555
-1.1273e-30,0.051253,0.06654
-9.93e-31,0.051298,0.066522
-8.4803e-31,0.051345,0.066498
-6.9248e-31,0.051394,0.066471
-5.2648e-31,0.051444,0.066438
-3.5017e-31,0.051496,0.066401
-1.6376e-31,0.05155,0.066359
3.2482e-32,0.051606,0.066312
2.3826e-31,0.051664,0.066259
4.5321e-31,0.051723,0.066202
6.7691e-31,0.051785,0.066139
9.0888e-31,0.051849,0.066071
1.1486e-30,0.051915,0.065998
1.3955e-30,0.051983,0.065919
1.6489e-30,0.052053,0.065834
1.9081e-30,0.052126,0.065745
2.1724e-30,0.0522,0.06565
2.4408e-30,0.052276,0.065549
2.7127e-30,0.052354,0.065443
2.9869e-30,0.052434,0.065331
3.2626e-30,0.052515,0.065214
3.5386e-30,0.052598,0.065091
3.814e-30,0.052683,0.064963
4.0875e-30,0.052769,0.06483
4.3579e-30,0.052856,0.064691
4.624e-30,0.052944,0.064548
4.8845e-30,0.053033,0.064398
5.1381e-30,0.053123,0.064244
5.3834e-30,0.053213,0.064085
5.619e-30,0.053304,0.063921
5.8435e-30,0.053394,0.063752
6.0554e-30,0.053485,0.063578
6.2533e-30,0.053575,0.0634
6.4356e-30,0.053664,0.063217
6.6009e-30,0.053753,0.06303
6.7476e-30,0.05384,0.062838
6.8742e-30,0.053926,0.062642
6.9793e-30,0.054011,0.062442
7.0614e-30,0.054094,0.062238
7.1189e-30,0.054174,0.062031
7.1505e-30,0.054252,0.06182
7.1547e-30,0.054328,0.061605
7.1302e-30,0.054401,0.061387
7.0757e-30,0.054471,0.061165
6.9899e-30,0.054537,0.060941
6.8715e-30,0.0546,0.060714
6.7196e-30,0.054659,0.060484
6.533e-30,0.054714,0.060251
6.3108e-30,0.054765,0.060016
6.0521e-30,0.054811,0.059779
5.7563e-30,0.054853,0.059539
5.4226e-30,0.05489,0.059298
5.0505e-30,0.054922,0.059055
4.6397e-30,0.054949,0.05881
4.1899e-30,0.054971,0.058564
3.7009e-30,0.054988,0.058316
3.173e-30,0.054998,0.058067
2.6062e-30,0.055004,0.057817
2.001e-30,0.055003,0.057566
1.3579e-30,0.054997,0.057315
6.7765e-31,0.054985,0.057063
-3.8856e-32,0.054967,0.056811
-7.9048e-31,0.054944,0.056559
-1.5759e-30,0.054914,0.056306
-2.3937e-30,0.054879,0.056054
-3.242e-30,0.054837,0.055802
-4.119e-30,0.05479,0.05555
-5.0225e-30,0.054737,0.0553
-5.9502e-30,0.054679,0.05505
-6.8996e-30,0.054614,0.054801
-7.8677e-30,0.054545,0.054553
-8.8518e-30,0.05447,0.054306
-9.8485e-30,0.054389,0.054061
-1.0854e-29,0.054304,0.053818
-1.1866e-29,0.054213,0.053576
-1.2879e-29,0.054118,0.053337
-1.3891e-29,0.054018,0.0531
-1.4895e-29,0.053914,0.052865
-1.589e-29,0.053805,0.052633
-1.6868e-29,0.053693,0.052403
-1.7827e-29,0.053576,0.052177
-1.8761e-29,0.053456,0.051953
-1.9665e-29,0.053333,0.051733
-2.0534e-29,0.053206,0.051517
-2.1363e-29,0.053077,0.051304
-2.2146e-29,0.052944,0.051095
-2.2878e-29,0.05281,0.05089
-2.3554e-29,0.052673,0.050689
-2.4168e-29,0.052534,0.050492
-2.4714e-29,0.052393,0.050301
-2.5188e-29,0.052251,0.050114
-2.5582e-29,0.052107,0.049932
-2.5893e-29,0.051962,0.049754
-2.6114e-29,0.051817,0.049583
-2.6241e-29,0.05167,0.049416
-2.6268e-29,0.051524,0.049255
-2.6189e-29,0.051377,0.0491
-2.6001e-29,0.05123,0.048951
-2.5699e-29,0.051083,0.048807
-2.5278e-29,0.050937,0.04867
-2.4734e-29,0.050791,0.048539
-2.4063e-29,0.050647,0.048414
-2.3262e-29,0.050503,0.048295
-2.2327e-29,0.05036,0.048182
-2.1256e-29,0.050219,0.048076
-2.0046e-29,0.050079,0.047976
-1.8696e-29,0.049941,0.047883
-1.7203e-29,0.049805,0.047796
-1.5568e-29,0.049671,0.047715
-1.3789e-29,0.049539,0.047641
-1.1866e-29,0.049409,0.047573
-9.8013e-30,0.049282,0.047511
-7.5949e-30,0.049157,0.047456
-5.2492e-30,0.049035,0.047406
-2.7668e-30,0.048915,0.047363
-1.509e-31,0.048799,0.047325
2.5944e-30,0.048686,0.047293
5.4644e-30,0.048576,0.047266
8.4536e-30,0.048469,0.047244
1.1556e-29,0.048366,0.047228
1.4764e-29,0.048266,0.047217
1.8071e-29,0.04817,0.04721
2.1467e-29,0.048077,0.047207
2.4943e-29,0.047988,0.047209
2.849e-29,0.047904,0.047215
3.2097e-29,0.047823,0.047225
3.5751e-29,0.047746,0.047238
3.9441e-29,0.047674,0.047254
4.3153e-29,0.047605,0.047273
4.6873e-29,0.047541,0.047295
5.0587e-29,0.047481,0.047319
5.4279e-29,0.047426,0.047345
5.7933e-29,0.047375,0.047373
6.1533e-29,0.047329,0.047403
6.5062e-29,0.047287,0.047434
6.8501e-29,0.04725,0.047465
7.1832e-29,0.047217,0.047498
7.5037e-29,0.047189,0.047531
7.8097e-29,0.047165,0.047564
8.0991e-29,0.047146,0.047597
8.37e-29,0.047131,0.04763
8.6205e-29,0.047121,0.047663
8.8484e-29,0.047116,0.047694
9.0517e-29,0.047115,0.047725
9.2285e-29,0.047118,0.047755
9.3766e-29,0.047125,0.047783
9.4941e-29,0.047137,0.04781
9.5791e-29,0.047153,0.047836
9.6294e-29,0.047173,0.047859
9.6433e-29,0.047196,0.047881
9.6189e-29,0.047224,0.047901
9.5544e-29,0.047255,0.047919
9.4481e-29,0.04729,0.047935
9.2983e-29,0.047328,0.047949
9.1036e-29,0.047369,0.04796
8.8625e-29,0.047414,0.04797
8.5736e-29,0.047461,0.047977
8.2359e-29,0.047511,0.047983
7.8482e-29,0.047564,0.047986
7.4097e-29,0.047619,0.047987
6.9197e-29,0.047677,0.047986
6.3775e-29,0.047736,0.047983
5.7829e-29,0.047798,0.047979
5.1356e-29,0.047861,0.047973
4.4356e-29,0.047925,0.047965
3.6832e-29,0.047991,0.047956
2.8789e-29,0.048059,0.047946
2.0234e-29,0.048127,0.047935
1.1176e-29,0.048196,0.047922
1.6258e-30,0.048266,0.047909
-8.4008e-30,0.048337,0.047895
-1.8887e-29,0.048408,0.047881
-2.9813e-29,0.048479,0.047867
-4.1157e-29,0.04855,0.047852
-5.2893e-29,0.048622,0.047838
-6.4993e-29,0.048693,0.047824
-7.7426e-29,0.048764,0.04781
-9.0158e-29,0.048835,0.047798
-1.0315e-28,0.048905,0.047786
-1.1637e-28,0.048975,0.047775
-1.2977e-28,0.049044,0.047765
-1.433e-28,0.049113,0.047757
-1.5692e-28,0.049181,0.04775
-1.7057e-28,0.049248,0.047745
-1.8421e-28,0.049315,0.047741
-1.9778e-28,0.04938,0.04774
-2.1121e-28,0.049445,0.047741
-2.2445e-28,0.049508,0.047744
-2.3743e-28,0.049571,0.047749
-2.501e-28,0.049633,0.047757
-2.6237e-28,0.049694,0.047767
-2.7419e-28,0.049754,0.04778
-2.8549e-28,0.049812,0.047795
-2.9618e-28,0.04987,0.047813
-3.062e-28,0.049927,0.047833
-3.1548e-28,0.049983,0.047857
-3.2394e-28,0.050038,0.047883
-3.3151e-28,0.050092,0.047912
-3.3811e-28,0.050144,0.047943
-3.4366e-28,0.050196,0.047977
-3.4811e-28,0.050247,0.048014
-3.5136e-28,0.050297,0.048054
-3.5335e-28,0.050345,0.048096
-3.5401e-28,0.050393,0.048141
-3.5327e-28,0.05044,0.048188
-3.5106e-28,0.050485,0.048238
-3.4733e-28,0.050529,0.048289
-3.4201e-28,0.050572,0.048344
-3.3505e-28,0.050614,0.0484
-3.2638e-28,0.050654,0.048458
-3.1597e-28,0.050693,0.048518
-3.0377e-28,0.05073,0.048581
-2.8974e-28,0.050766,0.048645
-2.7385e-28,0.050801,0.04871
-2.5607e-28,0.050833,0.048777
-2.3638e-28,0.050864,0.048846
-2.1476e-28,0.050893,0.048916
-1.9121e-28,0.050919,0.048988
-1.6573e-28,0.050944,0.04906
-1.3832e-28,0.050966,0.049134
-1.09e-28,0.050986,0.049209
-7.7797e-29,0.051004,0.049284
-4.4744e-29,0.051019,0.049361
-9.8819e-30,0.051031,0.049438
2.6736e-29,0.05104,0.049516
6.5049e-29,0.051046,0.049595
1.0499e-28,0.051049,0.049674
1.4646e-28,0.051049,0.049754
1.8939e-28,0.051046,0.049834
2.3367e-28,0.051039,0.049915
2.7918e-28,0.051028,0.049996
3.2581e-28,0.051014,0.050078
3.7341e-28,0.050997,0.05016
4.2185e-28,0.050975,0.050242
4.7096e-28,0.05095,0.050325
5.2059e-28,0.050921,0.050408
5.7056e-28,0.050888,0.050491
6.2068e-28,0.050851,0.050575
6.7076e-28,0.05081,0.050659
7.206e-28,0.050766,0.050743
7.6997e-28,0.050717,0.050827
8.1866e-28,0.050665,0.050912
8.6644e-28,0.050609,0.050997
9.1307e-28,0.05055,0.051082
9.583e-28,0.050487,0.051167
1.0019e-27,0.050421,0.051253
1.0436e-27,0.050351,0.051339
1.0831e-27,0.050279,0.051425
1.1202e-27,0.050203,0.051511
1.1545e-27,0.050125,0.051598
1.1859e-27,0.050045,0.051685
1.2141e-27,0.049962,0.051772
1.2387e-27,0.049877,0.05186
1.2595e-27,0.049791,0.051948
1.2763e-27,0.049703,0.052036
1.2887e-27,0.049614,0.052124
1.2965e-27,0.049525,0.052213
1.2995e-27,0.049435,0.052302
1.2974e-27,0.049344,0.052391
1.2899e-27,0.049254,0.052481
1.2768e-27,0.049164,0.052571
1.2579e-27,0.049075,0.052661
1.233e-27,0.048987,0.052752
1.2019e-27,0.048901,0.052842
1.1644e-27,0.048816,0.052933
1.1203e-27,0.048733,0.053025
1.0696e-27,0.048653,0.053116
1.012e-27,0.048575,0.053208
9.4747e-28,0.048501,0.0533
8.7595e-28,0.04843,0.053392
7.9737e-28,0.048362,0.053484
7.1169e-28,0.048299,0.053576
6.1892e-28,0.048239,0.053668
5.1907e-28,0.048184,0.053761
4.1221e-28,0.048134,0.053853
2.9842e-28,0.048088,0.053945
1.7782e-28,0.048048,0.054037
5.0566e-29,0.048013,0.054129
-8.3162e-29,0.047983,0.054221
-2.2314e-28,0.047959,0.054312
-3.691e-28,0.047941,0.054402
-5.2077e-28,0.047929,0.054493
-6.7779e-28,0.047922,0.054582
-8.398e-28,0.047922,0.054671
-1.0064e-27,0.047928,0.054759
-1.1771e-27,0.047941,0.054845
-1.3515e-27,0.047959,0.054931
-1.529e-27,0.047984,0.055016
-1.7091e-27,0.048015,0.055099
-1.8911e-27,0.048053,0.05518
-2.0744e-27,0.048097,0.05526
-2.2584e-27,0.048147,0.055339
-2.4423e-27,0.048203,0.055415
-2.6253e-27,0.048266,0.055489
-2.8068e-27,0.048335,0.055562
-2.9859e-27,0.048409,0.055631
-3.1617e-27,0.048489,0.055699
-3.3333e-27,0.048575,0.055763
-3.5e-27,0.048667,0.055825
-3.6607e-27,0.048764,0.055884
-3.8145e-27,0.048866,0.05594
-3.9604e-27,0.048973,0.055993
-4.0976e-27,0.049085,0.056042
-4.2249e-27,0.049202,0.056088
-4.3414e-27,0.049323,0.05613
-4.4461e-27,0.049448,0.056169
-4.5379e-27,0.049577,0.056204
-4.6159e-27,0.04971,0.056235
-4.6791e-27,0.049846,0.056262
-4.7265e-27,0.049985,0.056286
-4.7571e-27,0.050127,0.056305
-4.77e-27,0.050272,0.05632
-4.7643e-27,0.050419,0.056331
-4.7389e-27,0.050568,0.056337
-4.6932e-27,0.050719,0.05634
-4.6263e-27,0.050872,0.056338
-4.5373e-27,0.051025,0.056332
-4.4256e-27,0.05118,0.056322
-4.2905e-27,0.051335,0.056308
-4.1315e-27,0.05149,0.05629
-3.9478e-27,0.051645,0.056268
-3.7392e-27,0.0518,0.056242
-3.5052e-27,0.051954,0.056212
-3.2455e-27,0.052108,0.056179
-2.9598e-27,0.05226,0.056142
-2.6482e-27,0.052412,0.056102
-2.3104e-27,0.052561,0.056058
-1.9467e-27,0.052708,0.056011
-1.5573e-27,0.052854,0.055962
-1.1423e-27,0.052997,0.055909
-7.0231e-28,0.053137,0.055855
-2.378e-28,0.053275,0.055797
2.5055e-28,0.053409,0.055738
7.6192e-28,0.05354,0.055677
1.2954e-27,0.053668,0.055614
1.8499e-27,0.053792,0.05555
2.4242e-27,0.053912,0.055485
3.017e-27,0.054028,0.055418
3.6268e-27,0.05414,0.055351
4.252e-27,0.054248,0.055284
4.8908e-27,0.054351,0.055217
5.5412e-27,0.05445,0.055149
6.2012e-27,0.054544,0.055082
6.8687e-27,0.054634,0.055016
7.5413e-27,0.054718,0.05495
8.2165e-27,0.054798,0.054886
8.8917e-27,0.054873,0.054823
9.5642e-27,0.054943,0.054762
1.0231e-26,0.055008,0.054702
1.089e-26,0.055068,0.054645
1.1536e-26,0.055123,0.054589
1.2168e-26,0.055173,0.054537
1.2782e-26,0.055217,0.054487
1.3375e-26,0.055257,0.054439
1.3942e-26,0.055292,0.054395
1.4481e-26,0.055322,0.054354
1.4988e-26,0.055347,0.054317
1.546e-26,0.055367,0.054282
1.5892e-26,0.055383,0.054252
1.6281e-26,0.055393,0.054225
1.6624e-26,0.055399,0.054202
1.6916e-26,0.055401,0.054182
1.7154e-26,0.055398,0.054167
1.7335e-26,0.055391,0.054156
1.7454e-26,0.055379,0.054148
1.7508e-26,0.055363,0.054145
1.7495e-26,0.055343,0.054146
1.741e-26,0.05532,0.054151
1.725e-26,0.055292,0.05416
1.7013e-26,0.055261,0.054172
1.6696e-26,0.055225,0.054189
1.6295e-26,0.055187,0.05421
1.5808e-26,0.055145,0.054235
1.5234e-26,0.055099,0.054263
1.457e-26,0.055051,0.054295
1.3814e-26,0.054999,0.054331
1.2965e-26,0.054944,0.05437
1.2022e-26,0.054887,0.054412
1.0984e-26,0.054826,0.054458
9.8506e-27,0.054763,0.054507
8.6213e-27,0.054698,0.054559
7.2966e-27,0.05463,0.054614
5.8772e-27,0.05456,0.054672
4.3641e-27,0.054487,0.054733
2.7589e-27,0.054412,0.054796
1.0634e-27,0.054336,0.054861
-7.1983e-28,0.054257,0.054928
-2.588e-27,0.054177,0.054998
-4.5376e-27,0.054095,0.055069
-6.5649e-27,0.054011,0.055142
-8.6655e-27,0.053925,0.055217
-1.0835e-26,0.053839,0.055293
-1.3066e-26,0.05375,0.05537
-1.5356e-26,0.053661,0.055449
-1.7695e-26,0.05357,0.055528
-2.0079e-26,0.053478,0.055608
-2.2498e-26,0.053385,0.055689
-2.4946e-26,0.053292,0.05577
-2.7413e-26,0.053197,0.055852
-2.9891e-26,0.053101,0.055934
-3.237e-26,0.053005,0.056016
-3.484e-26,0.052908,0.056098
-3.7291e-26,0.05281,0.056179
-3.9712e-26,0.052712,0.05626
-4.2092e-26,0.052613,0.056341
-4.4418e-26,0.052515,0.056421
-4.668e-26,0.052415,0.0565
-4.8864e-26,0.052316,0.056578
-5.0958e-26,0.052216,0.056655
-5.2949e-26,0.052117,0.056731
-5.4824e-26,0.052017,0.056805
-5.6569e-26,0.051918,0.056878
-5.8172e-26,0.051819,0.05695
-5.9619e-26,0.05172,0.05702
-6.0895e-26,0.051622,0.057088
-6.1989e-26,0.051524,0.057154
-6.2885e-26,0.051427,0.057218
-6.3571e-26,0.051331,0.05728
-6.4034e-26,0.051235,0.057339
-6.4261e-26,0.051141,0.057397
-6.424e-26,0.051048,0.057452
-6.3957e-26,0.050956,0.057504
-6.3402e-26,0.050865,0.057554
-6.2563e-26,0.050776,0.057602
-6.143e-26,0.050689,0.057646
-5.9992e-26,0.050603,0.057688
-5.8242e-26,0.05052,0.057727
-5.6169e-26,0.050439,0.057763
-5.3768e-26,0.05036,0.057796
-5.103e-26,0.050283,0.057826
-4.7952e-26,0.050209,0.057852
-4.4528e-26,0.050137,0.057876
-4.0755e-26,0.050069,0.057896
-3.6632e-26,0.050004,0.057913
-3.2158e-26,0.049941,0.057927
-2.7333e-26,0.049883,0.057937
-2.216e-26,0.049827,0.057944
-1.6643e-26,0.049776,0.057947
-1.0787e-26,0.049728,0.057946
-4.5991e-27,0.049684,0.057943
1.9123e-27,0.049644,0.057935
8.7366e-27,0.049608,0.057924
1.5862e-26,0.049576,0.057909
2.3273e-26,0.049549,0.057891
3.0956e-26,0.049527,0.057869
3.8891e-26,0.049509,0.057843
4.706e-26,0.049496,0.057813
5.5441e-26,0.049487,0.05778
6.4011e-26,0.049484,0.057743
7.2744e-26,0.049485,0.057702
8.1612e-26,0.049492,0.057658
9.0588e-26,0.049504,0.05761
9.9638e-26,0.04952,0.057558
1.0873e-25,0.049542,0.057503
1.1783e-25,0.049569,0.057444
1.2691e-25,0.049601,0.057381
1.3591e-25,0.049638,0.057315
1.4482e-25,0.04968,0.057245
1.5357e-25,0.049727,0.057172
1.6213e-25,0.04978,0.057095
1.7046e-25,0.049837,0.057015
1.7851e-25,0.049898,0.056932
1.8624e-25,0.049965,0.056845
1.9359e-25,0.050036,0.056756
2.0052e-25,0.050112,0.056663
2.0698e-25,0.050192,0.056568
2.1293e-25,0.050276,0.056469
2.183e-25,0.050364,0.056368
2.2306e-25,0.050456,0.056265
2.2715e-25,0.050552,0.056159
2.3052e-25,0.050652,0.056051
2.3313e-25,0.050754,0.05594
2.3492e-25,0.05086,0.055828
2.3585e-25,0.050969,0.055713
2.3587e-25,0.05108,0.055597
2.3494e-25,0.051194,0.05548
2.3301e-25,0.051311,0.055361
2.3005e-25,0.051429,0.055241
2.2601e-25,0.051549,0.05512
2.2086e-25,0.051671,0.054998
2.1456e-25,0.051794,0.054876
2.0708e-25,0.051918,0.054753
1.984e-25,0.052043,0.05463
1.8848e-25,0.052168,0.054507
1.7732e-25,0.052294,0.054385
1.6489e-25,0.05242,0.054262
1.5118e-25,0.052546,0.054141
1.3619e-25,0.052672,0.05402
1.199e-25,0.052797,0.0539
1.0233e-25,0.052921,0.053782
8.3483e-26,0.053045,0.053665
6.3368e-26,0.053167,0.053549
4.2005e-26,0.053287,0.053436
1.9421e-26,0.053406,0.053325
-4.3534e-27,0.053523,0.053216
-2.9281e-26,0.053638,0.05311
-5.5318e-26,0.05375,0.053006
-8.2413e-26,0.05386,0.052905
-1.1051e-25,0.053968,0.052807
-1.3954e-25,0.054073,0.052713
-1.6944e-25,0.054174,0.052622
-2.0013e-25,0.054273,0.052535
-2.3151e-25,0.054368,0.052451
-2.6351e-25,0.05446,0.052371
-2.9601e-25,0.054548,0.052296
-3.2892e-25,0.054632,0.052224
-3.6212e-25,0.054713,0.052157
-3.9549e-25,0.05479,0.052094
-4.2891e-25,0.054863,0.052036
-4.6224e-25,0.054932,0.051982
-4.9533e-25,0.054996,0.051933
-5.2806e-25,0.055057,0.051889
-5.6026e-25,0.055113,0.05185
-5.9178e-25,0.055165,0.051815
-6.2246e-25,0.055213,0.051785
-6.5213e-25,0.055256,0.05176
-6.8063e-25,0.055295,0.05174
-7.0778e-25,0.055329,0.051725
-7.334e-25,0.055359,0.051715
-7.5732e-25,0.055385,0.051709
-7.7935e-25,0.055407,0.051709
-7.9932e-25,0.055424,0.051713
-8.1704e-25,0.055437,0.051721
-8.3233e-25,0.055446,0.051734
-8.45e-25,0.05545,0.051752
-8.5488e-25,0.055451,0.051774
-8.618e-25,0.055448,0.0518
-8.6556e-25,0.05544,0.051831
-8.6601e-25,0.055429,0.051865
-8.6299e-25,0.055414,0.051903
-8.5632e-25,0.055396,0.051945
-8.4586e-25,0.055374,0.05199
-8.3147e-25,0.055349,0.052039
-8.1301e-25,0.055321,0.05209
-7.9035e-25,0.05529,0.052145
-7.6338e-25,0.055255,0.052202
-7.3199e-25,0.055218,0.052262
-6.961e-25,0.055178,0.052323
-6.5563e-25,0.055136,0.052387
-6.1051e-25,0.055092,0.052453
-5.607e-25,0.055045,0.05252
-5.0617e-25,0.054996,0.052588
-4.4691e-25,0.054945,0.052657
-3.8292e-25,0.054893,0.052728
-3.1424e-25,0.054839,0.052798
-2.409e-25,0.054784,0.052869
-1.6298e-25,0.054727,0.05294
-8.056e-26,0.05467,0.05301
6.2431e-27,0.054611,0.05308
9.7295e-26,0.054551,0.053149
1.9244e-25,0.054491,0.053217
2.9149e-25,0.05443,0.053284
3.9423e-25,0.054369,0.05335
5.0045e-25,0.054307,0.053413
6.0987e-25,0.054245,0.053475
7.2221e-25,0.054183,0.053535
8.3716e-25,0.054121,0.053592
9.5439e-25,0.054059,0.053647
1.0735e-24,0.053997,0.053699
1.1942e-24,0.053935,0.053748
1.316e-24,0.053874,0.053794
1.4384e-24,0.053813,0.053837
1.5611e-24,0.053752,0.053877
1.6835e-24,0.053692,0.053914
1.8051e-24,0.053632,0.053947
1.9254e-24,0.053573,0.053977
2.0438e-24,0.053514,0.054003
2.1599e-24,0.053455,0.054025
2.2728e-24,0.053397,0.054044
2.3822e-24,0.05334,0.054059
2.4873e-24,0.053283,0.054071
2.5875e-24,0.053227,0.054079
2.6822e-24,0.053171,0.054084
2.7708e-24,0.053116,0.054086
2.8524e-24,0.053061,0.054083
2.9266e-24,0.053007,0.054078
2.9926e-24,0.052953,0.05407
3.0497e-24,0.052899,0.054058
3.0973e-24,0.052846,0.054044
3.1347e-24,0.052793,0.054027
3.1613e-24,0.052741,0.054007
3.1765e-24,0.052689,0.053985
3.1795e-24,0.052637,0.05396
3.1698e-24,0.052585,0.053934
3.1468e-24,0.052534,0.053905
3.11e-24,0.052483,0.053875
3.0587e-24,0.052433,0.053843
2.9926e-24,0.052382,0.05381
2.9111e-24,0.052332,0.053776
2.8139e-24,0.052282,0.053741
2.7004e-24,0.052232,0.053705
2.5705e-24,0.052183,0.053668
2.4238e-24,0.052133,0.053631
2.26e-24,0.052085,0.053594
2.0791e-24,0.052036,0.053557
1.8808e-24,0.051988,0.05352
1.6652e-24,0.051941,0.053484
1.4322e-24,0.051893,0.053448
1.1819e-24,0.051847,0.053412
9.1454e-25,0.051801,0.053378
6.3032e-25,0.051756,0.053345
3.2955e-25,0.051711,0.053313
1.2642e-26,0.051667,0.053282
-3.1992e-25,0.051624,0.053253
-6.6757e-25,0.051582,0.053225
-1.0296e-24,0.051542,0.053199
-1.4054e-24,0.051502,0.053175
-1.7939e-24,0.051464,0.053153
-2.1944e-24,0.051426,0.053133
-2.6056e-24,0.051391,0.053115
-3.0266e-24,0.051356,0.053099
-3.4561e-24,0.051324,0.053085
-3.8927e-24,0.051293,0.053073
-4.3352e-24,0.051264,0.053063
-4.7818e-24,0.051237,0.053056
-5.2312e-24,0.051211,0.053051
-5.6815e-24,0.051188,0.053048
-6.1309e-24,0.051167,0.053047
-6.5778e-24,0.051148,0.053049
-7.02e-24,0.051131,0.053053
-7.4557e-24,0.051117,0.053059
-7.8826e-24,0.051105,0.053067
-8.2987e-24,0.051095,0.053077
-8.7017e-24,0.051088,0.053089
-9.0894e-24,0.051083,0.053104
-9.4594e-24,0.051081,0.05312
-9.8093e-24,0.051081,0.053137
-1.0137e-23,0.051084,0.053157
-1.044e-23,0.051089,0.053178
-1.0715e-23,0.051096,0.0532
-1.0961e-23,0.051107,0.053224
-1.1174e-23,0.051119,0.05325
-1.1353e-23,0.051134,0.053276
-1.1494e-23,0.051152,0.053304
-1.1596e-23,0.051172,0.053332
-1.1656e-23,0.051194,0.053361
-1.1673e-23,0.051218,0.053391
-1.1642e-23,0.051244,0.053422
-1.1563e-23,0.051273,0.053453
-1.1434e-23,0.051304,0.053485
-1.1251e-23,0.051336,0.053516
-1.1015e-23,0.05137,0.053548
-1.0722e-23,0.051406,0.05358
-1.0371e-23,0.051444,0.053611
-9.9614e-24,0.051483,0.053643
-9.4911e-24,0.051524,0.053674
-8.9593e-24,0.051566,0.053704
-8.365e-24,0.05161,0.053734
-7.7077e-24,0.051654,0.053763
-6.9868e-24,0.0517,0.053791
-6.2021e-24,0.051746,0.053819
-5.3538e-24,0.051793,0.053845
-4.442e-24,0.051841,0.05387
-3.4674e-24,0.05189,0.053894
-2.4307e-24,0.051939,0.053917
-1.3332e-24,0.051988,0.053939
-1.7626e-25,0.052038,0.053959
1.0384e-24,0.052088,0.053978
2.3086e-24,0.052138,0.053996
3.6321e-24,0.052188,0.054012
5.006e-24,0.052238,0.054027
6.4274e-24,0.052288,0.05404
7.8927e-24,0.052337,0.054052
9.3983e-24,0.052386,0.054062
1.094e-23,0.052434,0.054071
1.2513e-23,0.052482,0.054078
1.4114e-23,0.052529,0.054084
1.5736e-23,0.052576,0.054089
1.7374e-23,0.052621,0.054092
1.9023e-23,0.052666,0.054094
2.0676e-23,0.052709,0.054095
2.2326e-23,0.052751,0.054095
2.3968e-23,0.052792,0.054093
2.5594e-23,0.052832,0.054091
2.7196e-23,0.05287,0.054088
2.8767e-23,0.052906,0.054084
3.0299e-23,0.052941,0.054079
3.1784e-23,0.052975,0.054073
3.3214e-23,0.053006,0.054067
3.4579e-23,0.053035,0.05406
3.5873e-23,0.053063,0.054053
3.7084e-23,0.053088,0.054045
3.8206e-23,0.053112,0.054037
3.9228e-23,0.053132,0.054029
4.0142e-23,0.053151,0.054021
4.0939e-23,0.053167,0.054014
4.1609e-23,0.053181,0.054006
4.2144e-23,0.053192,0.053998
4.2535e-23,0.0532,0.053991
4.2773e-23,0.053206,0.053984
4.285e-23,0.053209,0.053978
4.2758e-23,0.053209,0.053972
4.2488e-23,0.053206,0.053967
4.2033e-23,0.053201,0.053962
4.1385e-23,0.053192,0.053959
4.0539e-23,0.05318,0.053956
3.9486e-23,0.053166,0.053954
3.8223e-23,0.053148,0.053953
3.6742e-23,0.053128,0.053953
3.504e-23,0.053104,0.053953
3.3113e-23,0.053078,0.053955
3.0956e-23,0.053048,0.053958
2.8569e-23,0.053016,0.053962
2.5948e-23,0.052981,0.053967
2.3093e-23,0.052943,0.053973
2.0005e-23,0.052902,0.05398
1.6683e-23,0.052859,0.053988
1.313e-23,0.052814,0.053997
9.3494e-24,0.052765,0.054007
5.3447e-24,0.052715,0.054018
1.1212e-24,0.052663,0.05403
-3.3148e-24,0.052608,0.054043
-7.9559e-24,0.052552,0.054056
-1.2793e-23,0.052494,0.05407
-1.7817e-23,0.052435,0.054085
-2.3016e-23,0.052374,0.0541
-2.8379e-23,0.052312,0.054116
-3.389e-23,0.052249,0.054133
-3.9536e-23,0.052185,0.054149
-4.53e-23,0.052121,0.054166
-5.1164e-23,0.052056,0.054183
-5.7111e-23,0.051991,0.054201
-6.3119e-23,0.051926,0.054218
-6.9168e-23,0.051862,0.054235
-7.5235e-23,0.051797,0.054252
-8.1297e-23,0.051734,0.054269
-8.7328e-23,0.051671,0.054285
-9.3303e-23,0.051609,0.054301
-9.9195e-23,0.051548,0.054316
-1.0498e-22,0.051489,0.054331
-1.1062e-22,0.051431,0.054344
-1.1609e-22,0.051375,0.054357
-1.2136e-22,0.051321,0.054368
-1.264e-22,0.051269,0.054379
-1.3118e-22,0.051219,0.054388
-1.3566e-22,0.051171,0.054395
-1.3982e-22,0.051126,0.054401
-1.4361e-22,0.051084,0.054406
-1.4701e-22,0.051044,0.054408
-1.4998e-22,0.051007,0.054409
-1.525e-22,0.050972,0.054407
-1.5452e-22,0.050941,0.054404
-1.5601e-22,0.050912,0.054398
-1.5695e-22,0.050887,0.054389
-1.573e-22,0.050864,0.054378
-1.5703e-22,0.050844,0.054364
-1.5611e-22,0.050828,0.054347
-1.5451e-22,0.050814,0.054328
-1.5222e-22,0.050803,0.054305
-1.4919e-22,0.050795,0.054279
-1.4541e-22,0.05079,0.05425
-1.4086e-22,0.050787,0.054217
-1.3551e-22,0.050788,0.054181
-1.2935e-22,0.05079,0.054142
-1.2237e-22,0.050796,0.054098
-1.1454e-22,0.050803,0.054051
-1.0587e-22,0.050813,0.054
-9.6344e-23,0.050825,0.053945
-8.5959e-23,0.05084,0.053886
-7.4714e-23,0.050856,0.053823
-6.2614e-23,0.050874,0.053756
-4.9664e-23,0.050893,0.053685
-3.5876e-23,0.050914,0.05361
-2.1264e-23,0.050937,0.053531
-5.8469e-24,0.050961,0.053447
1.0353e-23,0.050986,0.05336
2.7309e-23,0.051012,0.053268
4.499e-23,0.051039,0.053172
6.3359e-23,0.051067,0.053073
8.2377e-23,0.051096,0.052969
1.02e-22,0.051125,0.052862
1.2217e-22,0.051155,0.052751
1.4285e-22,0.051185,0.052636
1.6396e-22,0.051216,0.052518
1.8545e-22,0.051247,0.052397
2.0725e-22,0.051278,0.052273
2.2929e-22,0.05131,0.052145
2.5148e-22,0.051342,0.052015
2.7375e-22,0.051373,0.051882
2.9601e-22,0.051405,0.051747
3.1816e-22,0.051437,0.05161
3.4012e-22,0.05147,0.051471
3.6179e-22,0.051502,0.05133
3.8306e-22,0.051534,0.051188
4.0383e-22,0.051566,0.051045
4.2399e-22,0.051598,0.050901
4.4343e-22,0.051631,0.050756
4.6203e-22,0.051663,0.050612
4.7968e-22,0.051696,0.050468
4.9626e-22,0.051729,0.050324
5.1165e-22,0.051762,0.050181
5.2573e-22,0.051795,0.05004
5.3837e-22,0.051829,0.0499
5.4946e-22,0.051863,0.049762
5.5888e-22,0.051897,0.049626
5.665e-22,0.051932,0.049493
5.722e-22,0.051967,0.049363
5.7587e-22,0.052002,0.049237
5.7739e-22,0.052038,0.049114
5.7665e-22,0.052075,0.048995
5.7355e-22,0.052112,0.048881
5.6797e-22,0.05215,0.048772
5.5982e-22,0.052189,0.048668
5.49e-22,0.052228,0.048569
5.3543e-22,0.052268,0.048476
5.1903e-22,0.052309,0.048389
4.9973e-22,0.052351,0.048309
4.7745e-22,0.052393,0.048236
4.5214e-22,0.052436,0.048169
4.2376e-22,0.052479,0.04811
3.9227e-22,0.052524,0.048058
3.5764e-22,0.052569,0.048014
3.1986e-22,0.052614,0.047978
2.7893e-22,0.052661,0.04795
2.3485e-22,0.052707,0.047931
1.8765e-22,0.052755,0.04792
1.3737e-22,0.052802,0.047917
8.4061e-23,0.052851,0.047923
2.7784e-23,0.052899,0.047938
-3.1376e-23,0.052948,0.047961
-9.3322e-23,0.052997,0.047994
-1.5794e-22,0.053046,0.048035
-2.251e-22,0.053094,0.048085
-2.9466e-22,0.053143,0.048144
-3.6646e-22,0.053192,0.048212
-4.403e-22,0.05324,0.048288
-5.16e-22,0.053288,0.048373
-5.9335e-22,0.053335,0.048466
-6.721e-22,0.053381,0.048568
-7.5201e-22,0.053427,0.048677
-8.3282e-22,0.053471,0.048795
-9.1424e-22,0.053515,0.048921
-9.9597e-22,0.053557,0.049054
-1.0777e-21,0.053598,0.049194
-1.1591e-21,0.053637,0.049342
-1.2398e-21,0.053675,0.049496
-1.3195e-21,0.053711,0.049657
-1.3977e-21,0.053745,0.049824
-1.4742e-21,0.053777,0.049997
-1.5485e-21,0.053806,0.050176
-1.6201e-21,0.053833,0.05036
-1.6888e-21,0.053858,0.050549
-1.754e-21,0.05388,0.050742
-1.8153e-21,0.053899,0.05094
-1.8723e-21,0.053916,0.051142
-1.9245e-21,0.053929,0.051348
-1.9715e-21,0.053939,0.051556
-2.0129e-21,0.053946,0.051768
-2.0481e-21,0.05395,0.051982
-2.0768e-21,0.05395,0.052198
-2.0985e-21,0.053947,0.052415
-2.1129e-21,0.05394,0.052634
-2.1193e-21,0.05393,0.052854
-2.1175e-21,0.053916,0.053075
-2.1071e-21,0.053898,0.053296
-2.0876e-21,0.053876,0.053517
-2.0588e-21,0.053851,0.053737
-2.0201e-21,0.053821,0.053957
-1.9715e-21,0.053788,0.054175
-1.9124e-21,0.053751,0.054392
-1.8427e-21,0.053709,0.054608
-1.7621e-21,0.053664,0.054821
-1.6705e-21,0.053616,0.055032
-1.5675e-21,0.053563,0.055241
-1.4532e-21,0.053507,0.055446
-1.3273e-21,0.053446,0.055649
-1.1899e-21,0.053383,0.055848
-1.0409e-21,0.053315,0.056044
-8.8033e-22,0.053244,0.056237
-7.0832e-22,0.05317,0.056425
-5.2498e-22,0.053092,0.05661
-3.3048e-22,0.053011,0.05679
-1.2507e-22,0.052927,0.056966
9.096e-23,0.052839,0.057138
3.1726e-22,0.052749,0.057306
5.5342e-22,0.052656,0.057469
7.9897e-22,0.052561,0.057628
1.0534e-21,0.052463,0.057783
1.3161e-21,0.052362,0.057932
1.5864e-21,0.052259,0.058078
1.8635e-21,0.052154,0.058219
2.1468e-21,0.052047,0.058355
2.4354e-21,0.051939,0.058488
2.7283e-21,0.051828,0.058616
3.0247e-21,0.051717,0.05874
3.3234e-21,0.051603,0.058859
3.6233e-21,0.051489,0.058975
3.9234e-21,0.051374,0.059087
4.2224e-21,0.051258,0.059196
4.519e-21,0.051142,0.0593
4.8119e-21,0.051025,0.059402
5.0999e-21,0.050908,0.0595
5.3814e-21,0.050791,0.059595
5.6549e-21,0.050674,0.059687
5.9191e-21,0.050558,0.059776
6.1724e-21,0.050443,0.059862
6.4132e-21,0.050328,0.059946
6.6399e-21,0.050214,0.060028
6.8509e-21,0.050102,0.060108
7.0446e-21,0.049992,0.060185
7.2193e-21,0.049883,0.060261
7.3735e-21,0.049776,0.060335
7.5054e-21,0.049672,0.060408
7.6135e-21,0.04957,0.060479
7.6961e-21,0.04947,0.060549
7.7517e-21,0.049374,0.060618
7.7786e-21,0.049281,0.060686
7.7755e-21,0.049192,0.060753
7.7407e-21,0.049106,0.06082
7.6729e-21,0.049025,0.060885
7.5708e-21,0.048948,0.060951
7.433e-21,0.048875,0.061016
7.2584e-21,0.048806,0.061081
7.0458e-21,0.048743,0.061145
6.7942e-21,0.048685,0.06121
6.5028e-21,0.048632,0.061274
6.1708e-21,0.048585,0.061338
5.7974e-21,0.048544,0.061403
5.3823e-21,0.048508,0.061467
4.9249e-21,0.048479,0.061532
4.4251e-21,0.048455,0.061596
3.8827e-21,0.048439,0.061661
3.298e-21,0.048428,0.061726
2.6712e-21,0.048424,0.061791
2.0026e-21,0.048427,0.061856
1.2931e-21,0.048437,0.061921
5.4337e-22,0.048453,0.061985
-2.4546e-22,0.048476,0.06205
-1.0721e-21,0.048506,0.062115
-1.9352e-21,0.048543,0.062179
-2.8329e-21,0.048586,0.062244
-3.7634e-21,0.048637,0.062307
-4.7244e-21,0.048694,0.06237
-5.7137e-21,0.048757,0.062433
-6.7286e-21,0.048827,0.062495
-7.7663e-21,0.048903,0.062556
-8.8236e-21,0.048985,0.062616
-9.8974e-21,0.049074,0.062674
-1.0984e-20,0.049168,0.062732
-1.208e-20,0.049267,0.062788
-1.318e-20,0.049372,0.062842
-1.4282e-20,0.049483,0.062895
-1.538e-20,0.049598,0.062945
-1.647e-20,0.049717,0.062993
-1.7547e-20,0.049841,0.063039
-1.8607e-20,0.049969,0.063083
-1.9643e-20,0.050101,0.063123
-2.0651e-20,0.050236,0.063161
-2.1624e-20,0.050374,0.063195
-2.2559e-20,0.050515,0.063227
-2.3448e-20,0.050658,0.063254
-2.4286e-20,0.050804,0.063278
-2.5067e-20,0.050951,0.063298
-2.5785e-20,0.0511,0.063314
-2.6435e-20,0.051249,0.063325
-2.7009e-20,0.0514,0.063332
-2.7503e-20,0.051551,0.063334
-2.7909e-20,0.051702,0.063332
-2.8223e-20,0.051853,0.063324
-2.8438e-20,0.052003,0.063311
-2.8549e-20,0.052152,0.063293
-2.855e-20,0.0523,0.06327
-2.8435e-20,0.052447,0.063241
-2.82e-20,0.052592,0.063206
-2.7839e-20,0.052735,0.063166
-2.7347e-20,0.052875,0.06312
-2.6721e-20,0.053013,0.063068
-2.5956e-20,0.053148,0.063009
-2.5049e-20,0.053281,0.062945
-2.3995e-20,0.05341,0.062876
-2.2793e-20,0.053535,0.0628
-2.1439e-20,0.053657,0.062718
-1.9932e-20,0.053775,0.06263
-1.827e-20,0.053889,0.062537
-1.6452e-20,0.054,0.062437
-1.4478e-20,0.054106,0.062332
-1.2349e-20,0.054207,0.062222
-1.0064e-20,0.054304,0.062106
-7.6267e-21,0.054397,0.061985
-5.0384e-21,0.054485,0.061859
-2.3022e-21,0.054569,0.061728
5.7803e-22,0.054648,0.061592
3.5977e-21,0.054723,0.061452
6.7516e-21,0.054792,0.061307
1.0033e-20,0.054857,0.061159
1.3436e-20,0.054918,0.061007
1.6952e-20,0.054974,0.060851
2.0573e-20,0.055025,0.060692
2.4289e-20,0.055072,0.06053
2.809e-20,0.055115,0.060365
3.1964e-20,0.055153,0.060198
3.5899e-20,0.055187,0.060029
3.9884e-20,0.055216,0.059858
4.3903e-20,0.055242,0.059686
4.7942e-20,0.055264,0.059513
5.1987e-20,0.055282,0.059339
5.602e-20,0.055296,0.059165
6.0026e-20,0.055307,0.05899
6.3986e-20,0.055314,0.058816
6.7882e-20,0.055319,0.058642
7.1696e-20,0.05532,0.058469
7.5408e-20,0.055318,0.058297
7.8997e-20,0.055313,0.058127
8.2444e-20,0.055306,0.057959
8.5727e-20,0.055296,0.057792
8.8825e-20,0.055284,0.057628
9.1717e-20,0.05527,0.057467
9.438e-20,0.055253,0.057309
9.6792e-20,0.055235,0.057155
9.8932e-20,0.055216,0.057003
1.0078e-19,0.055195,0.056856
1.0231e-19,0.055172,0.056713
1.035e-19,0.055148,0.056574
1.0433e-19,0.055123,0.05644
1.0478e-19,0.055097,0.056311
1.0482e-19,0.055071,0.056187
1.0445e-19,0.055044,0.056069
1.0363e-19,0.055016,0.055956
1.0236e-19,0.054987,0.055849
1.0061e-19,0.054959,0.055747
9.8367e-20,0.05493,0.055653
9.5615e-20,0.054901,0.055564
9.2341e-20,0.054872,0.055482
8.8532e-20,0.054843,0.055407
8.4178e-20,0.054814,0.055339
7.927e-20,0.054785,0.055278
7.3799e-20,0.054756,0.055224
6.776e-20,0.054727,0.055178
6.1149e-20,0.054699,0.055139
5.3966e-20,0.05467,0.055108
4.6211e-20,0.054642,0.055084
3.7888e-20,0.054614,0.055069
2.9001e-20,0.054586,0.055061
1.9559e-20,0.054559,0.055062
9.5738e-21,0.054531,0.05507
-9.4223e-22,0.054503,0.055087
-1.1972e-20,0.054475,0.055113
-2.3497e-20,0.054447,0.055146
-3.5494e-20,0.054419,0.055188
-4.7939e-20,0.05439,0.055239
-6.0802e-20,0.054361,0.055298
-7.4053e-20,0.054332,0.055366
-8.7657e-20,0.054301,0.055442
-1.0158e-19,0.05427,0.055527
-1.1577e-19,0.054238,0.055621
-1.302e-19,0.054205,0.055723
-1.448e-19,0.054171,0.055834
-1.5955e-19,0.054136,0.055953
-1.7437e-19,0.054099,0.056081
-1.8922e-19,0.05406,0.056218
-2.0403e-19,0.05402,0.056362
-2.1875e-19,0.053978,0.056515
-2.3331e-19,0.053934,0.056677
-2.4764e-19,0.053888,0.056846
-2.6168e-19,0.05384,0.057024
-2.7535e-19,0.05379,0.057209
-2.8858e-19,0.053737,0.057402
-3.0129e-19,0.053682,0.057602
-3.1341e-19,0.053624,0.05781
-3.2486e-19,0.053563,0.058025
-3.3556e-19,0.0535,0.058246
-3.4543e-19,0.053435,0.058475
-3.5439e-19,0.053366,0.058709
-3.6236e-19,0.053295,0.05895
-3.6926e-19,0.053221,0.059196
-3.75e-19,0.053144,0.059448
-3.7951e-19,0.053064,0.059705
-3.827e-19,0.052982,0.059966
-3.8451e-19,0.052897,0.060232
-3.8485e-19,0.05281,0.060502
-3.8365e-19,0.05272,0.060775
-3.8084e-19,0.052628,0.061051
-3.7635e-19,0.052534,0.061329
-3.7012e-19,0.052437,0.061609
-3.6208e-19,0.052339,0.061891
-3.5219e-19,0.052239,0.062174
-3.4038e-19,0.052138,0.062458
-3.2662e-19,0.052035,0.062741
-3.1085e-19,0.051931,0.063023
-2.9306e-19,0.051826,0.063304
-2.732e-19,0.051721,0.063584
-2.5126e-19,0.051615,0.063861
-2.2722e-19,0.051509,0.064135
-2.0109e-19,0.051404,0.064405
-1.7285e-19,0.051299,0.064672
-1.4252e-19,0.051194,0.064933
-1.1012e-19,0.051091,0.065189
-7.5683e-20,0.050989,0.065439
-3.9242e-20,0.050889,0.065683
-8.4908e-22,0.050791,0.06592
3.9438e-20,0.050696,0.066149
8.155e-20,0.050603,0.06637
1.2541e-19,0.050513,0.066582
1.7091e-19,0.050427,0.066785
2.1797e-19,0.050344,0.066979
2.6646e-19,0.050265,0.067162
3.1627e-19,0.050191,0.067335
3.6724e-19,0.050121,0.067496
4.1925e-19,0.050055,0.067647
4.7211e-19,0.049995,0.067786
5.2568e-19,0.04994,0.067912
5.7975e-19,0.049891,0.068027
6.3414e-19,0.049848,0.068129
6.8865e-19,0.04981,0.068218
7.4305e-19,0.049779,0.068294
7.9713e-19,0.049754,0.068356
8.5065e-19,0.049736,0.068406
9.0337e-19,0.049724,0.068441
9.5502e-19,0.049719,0.068464
1.0054e-18,0.04972,0.068473
1.0541e-18,0.049729,0.068468
1.101e-18,0.049745,0.06845
1.1458e-18,0.049767,0.068418
1.1881e-18,0.049796,0.068373
1.2277e-18,0.049832,0.068315
1.2642e-18,0.049875,0.068244
1.2975e-18,0.049925,0.06816
1.3272e-18,0.049981,0.068064
1.3529e-18,0.050044,0.067956
1.3745e-18,0.050113,0.067835
1.3916e-18,0.050189,0.067703
1.4038e-18,0.05027,0.06756
1.411e-18,0.050357,0.067407
1.4129e-18,0.05045,0.067242
1.4091e-18,0.050548,0.067068
1.3994e-18,0.05065,0.066885
1.3836e-18,0.050758,0.066692
1.3615e-18,0.05087,0.066492
1.3327e-18,0.050987,0.066283
1.2971e-18,0.051107,0.066067
1.2546e-18,0.05123,0.065844
1.2048e-18,0.051357,0.065614
1.1478e-18,0.051486,0.065379
1.0833e-18,0.051618,0.065139
1.0112e-18,0.051752,0.064895
9.3152e-19,0.051888,0.064647
8.4413e-19,0.052025,0.064395
7.4902e-19,0.052163,0.064141
6.462e-19,0.052301,0.063884
5.357e-19,0.05244,0.063626
4.1759e-19,0.052578,0.063367
2.9199e-19,0.052716,0.063108
1.5901e-19,0.052853,0.062849
1.8848e-20,0.052988,0.062591
-1.283e-19,0.053122,0.062334
-2.8216e-19,0.053254,0.062079
-4.4247e-19,0.053383,0.061827
-6.0888e-19,0.05351,0.061578
-7.8102e-19,0.053633,0.061332
-9.5848e-19,0.053754,0.06109
-1.1408e-18,0.05387,0.060853
-1.3275e-18,0.053983,0.060621
-1.518e-18,0.054091,0.060394
-1.7118e-18,0.054195,0.060174
-1.9081e-18,0.054295,0.059959
-2.1065e-18,0.054389,0.059751
-2.306e-18,0.054478,0.05955
-2.5061e-18,0.054562,0.059357
-2.7059e-18,0.05464,0.059171
-2.9046e-18,0.054712,0.058993
-3.1013e-18,0.054779,0.058824
-3.2952e-18,0.05484,0.058663
-3.4853e-18,0.054894,0.058511
-3.6707e-18,0.054943,0.058369
-3.8503e-18,0.054985,0.058235
-4.0232e-18,0.05502,0.058111
-4.1884e-18,0.05505,0.057997
-4.3448e-18,0.055073,0.057892
-4.4913e-18,0.055089,0.057797
-4.6268e-18,0.0551,0.057713
-4.7503e-18,0.055103,0.057638
-4.8607e-18,0.055101,0.057574
-4.9569e-18,0.055092,0.05752
-5.0378e-18,0.055077,0.057476
-5.1022e-18,0.055056,0.057442
-5.1493e-18,0.055029,0.057418
-5.1778e-18,0.054996,0.057405
-5.1867e-18,0.054958,0.057401
-5.1752e-18,0.054913,0.057408
-5.1421e-18,0.054863,0.057425
-5.0866e-18,0.054808,0.057451
-5.0079e-18,0.054748,0.057487
-4.905e-18,0.054682,0.057533
-4.7772e-18,0.054612,0.057588
-4.6237e-18,0.054537,0.057652
-4.4441e-18,0.054457,0.057725
-4.2376e-18,0.054374,0.057808
-4.0038e-18,0.054286,0.057898
-3.7423e-18,0.054194,0.057997
-3.4528e-18,0.054099,0.058105
-3.1351e-18,0.054,0.05822
-2.7891e-18,0.053898,0.058342
-2.4147e-18,0.053793,0.058472
-2.0121e-18,0.053685,0.058609
-1.5816e-18,0.053574,0.058753
-1.1235e-18,0.053461,0.058904
-6.3831e-19,0.053346,0.05906
-1.2663e-19,0.053228,0.059222
4.1076e-19,0.053109,0.05939
9.7295e-19,0.052989,0.059563
1.5589e-18,0.052867,0.059741
2.1674e-18,0.052744,0.059924
2.7971e-18,0.05262,0.06011
3.4464e-18,0.052495,0.060301
4.1139e-18,0.05237,0.060495
4.7975e-18,0.052244,0.060693
5.4954e-18,0.052118,0.060893
6.2055e-18,0.051992,0.061096
6.9254e-18,0.051867,0.061301
7.6528e-18,0.051741,0.061508
8.385e-18,0.051617,0.061716
9.1194e-18,0.051493,0.061926
9.8531e-18,0.05137,0.062136
1.0583e-17,0.051248,0.062347
1.1306e-17,0.051127,0.062558
1.2019e-17,0.051008,0.062769
1.2719e-17,0.05089,0.062979
1.3401e-17,0.050773,0.063189
1.4063e-17,0.050659,0.063398
1.4701e-17,0.050546,0.063605
1.531e-17,0.050435,0.06381
1.5888e-17,0.050326,0.064013
1.643e-17,0.05022,0.064214
1.6932e-17,0.050115,0.064413
1.7391e-17,0.050013,0.064608
1.7801e-17,0.049913,0.0648
1.816e-17,0.049816,0.064989
1.8464e-17,0.049721,0.065173
1.8707e-17,0.049628,0.065354
1.8887e-17,0.049538,0.065531
1.8999e-17,0.049451,0.065702
1.904e-17,0.049367,0.06587
1.9006e-17,0.049285,0.066032
1.8893e-17,0.049206,0.066188
1.8699e-17,0.049129,0.06634
1.8419e-17,0.049056,0.066485
1.8051e-17,0.048985,0.066625
1.7592e-17,0.048917,0.066759
1.7039e-17,0.048852,0.066886
1.639e-17,0.048789,0.067007
1.5643e-17,0.04873,0.067122
1.4796e-17,0.048673,0.06723
1.3847e-17,0.048619,0.067331
1.2796e-17,0.048568,0.067426
1.1641e-17,0.04852,0.067513
1.0382e-17,0.048474,0.067593
9.0192e-18,0.048432,0.067667
7.5527e-18,0.048392,0.067733
5.9835e-18,0.048355,0.067792
4.3128e-18,0.048321,0.067843
2.5424e-18,0.04829,0.067888
6.7457e-19,0.048261,0.067925
-1.288e-18,0.048236,0.067956
-3.342e-18,0.048213,0.067979
-5.4836e-18,0.048193,0.067995
-7.7084e-18,0.048177,0.068004
-1.0012e-17,0.048163,0.068006
-1.2388e-17,0.048151,0.068001
-1.4831e-17,0.048143,0.06799
-1.7334e-17,0.048138,0.067972
-1.9891e-17,0.048135,0.067947
-2.2493e-17,0.048136,0.067917
-2.5132e-17,0.048139,0.06788
-2.78e-17,0.048145,0.067837
-3.0487e-17,0.048154,0.067788
-3.3182e-17,0.048166,0.067733
-3.5876e-17,0.048181,0.067673
-3.8558e-17,0.048198,0.067608
-4.1216e-17,0.048219,0.067537
-4.3838e-17,0.048242,0.067462
-4.6411e-17,0.048268,0.067382
-4.8924e-17,0.048297,0.067297
-5.1363e-17,0.048329,0.067208
-5.3714e-17,0.048364,0.067116
-5.5964e-17,0.048401,0.067019
-5.8098e-17,0.048441,0.066919
-6.0103e-17,0.048483,0.066815
-6.1963e-17,0.048529,0.066708
-6.3664e-17,0.048576,0.066598
-6.5192e-17,0.048627,0.066486
-6.6531e-17,0.048679,0.066371
-6.7666e-17,0.048735,0.066253
-6.8585e-17,0.048792,0.066134
-6.9271e-17,0.048852,0.066012
-6.9711e-17,0.048914,0.065889
-6.989e-17,0.048978,0.065765
-6.9796e-17,0.049044,0.065639
-6.9415e-17,0.049112,0.065512
-6.8734e-17,0.049181,0.065384
-6.7742e-17,0.049253,0.065255
-6.6428e-17,0.049325,0.065126
-6.478e-17,0.0494,0.064996
-6.2788e-17,0.049475,0.064866
-6.0445e-17,0.049552,0.064736
-5.7742e-17,0.04963,0.064606
-5.4673e-17,0.049709,0.064477
-5.1231e-17,0.049789,0.064347
-4.7412e-17,0.049869,0.064218
-4.3214e-17,0.04995,0.06409
-3.8635e-17,0.050031,0.063962
-3.3673e-17,0.050113,0.063836
-2.8331e-17,0.050194,0.06371
-2.2612e-17,0.050275,0.063585
-1.6519e-17,0.050357,0.063462
-1.006e-17,0.050437,0.06334
-3.2421e-18,0.050518,0.063219
3.9248e-18,0.050597,0.063099
1.1429e-17,0.050676,0.062981
1.9256e-17,0.050754,0.062865
2.7391e-17,0.050831,0.062751
3.5815e-17,0.050907,0.062638
4.451e-17,0.050981,0.062527
5.3453e-17,0.051054,0.062418
6.262e-17,0.051126,0.06231
7.1985e-17,0.051196,0.062205
8.152e-17,0.051264,0.062102
9.1195e-17,0.05133,0.062001
1.0098e-16,0.051395,0.061902
1.1083e-16,0.051458,0.061805
1.2073e-16,0.051518,0.061711
1.3062e-16,0.051577,0.061619
1.4047e-16,0.051633,0.061529
1.5024e-16,0.051687,0.061441
1.5988e-16,0.051739,0.061356
1.6935e-16,0.051788,0.061273
1.786e-16,0.051836,0.061192
1.8759e-16,0.051881,0.061114
1.9625e-16,0.051923,0.061038
2.0456e-16,0.051964,0.060965
2.1244e-16,0.052002,0.060894
2.1985e-16,0.052038,0.060825
2.2674e-16,0.052071,0.060759
2.3305e-16,0.052103,0.060696
2.3873e-16,0.052132,0.060634
2.4372e-16,0.052159,0.060575
2.4798e-16,0.052184,0.060519
2.5144e-16,0.052207,0.060465
2.5405e-16,0.052228,0.060413
2.5577e-16,0.052247,0.060364
2.5654e-16,0.052264,0.060317
2.563e-16,0.052279,0.060272
2.5502e-16,0.052293,0.060229
2.5264e-16,0.052305,0.060189
2.4913e-16,0.052315,0.06015
2.4443e-16,0.052324,0.060114
2.3852e-16,0.052332,0.06008
2.3135e-16,0.052339,0.060048
2.2289e-16,0.052344,0.060018
2.1311e-16,0.052348,0.05999
2.0199e-16,0.052351,0.059964
1.8951e-16,0.052354,0.059939
1.7564e-16,0.052355,0.059917
1.6039e-16,0.052356,0.059896
1.4373e-16,0.052356,0.059877
1.2567e-16,0.052356,0.059859
1.0621e-16,0.052355,0.059843
8.5365e-17,0.052354,0.059828
6.3149e-17,0.052352,0.059815
3.9583e-17,0.052351,0.059804
1.4697e-17,0.052349,0.059793
-1.1474e-17,0.052346,0.059784
-3.8887e-17,0.052344,0.059777
-6.7493e-17,0.052342,0.05977
-9.7235e-17,0.05234,0.059765
-1.2805e-16,0.052338,0.059761
-1.5986e-16,0.052336,0.059758
-1.9259e-16,0.052334,0.059756
-2.2616e-16,0.052333,0.059756
-2.6046e-16,0.052331,0.059756
-2.954e-16,0.05233,0.059758
-3.3087e-16,0.05233,0.059761
-3.6674e-16,0.052329,0.059764
-4.029e-16,0.052329,0.059769
-4.3921e-16,0.052329,0.059775
-4.7553e-16,0.052329,0.059782
-5.1171e-16,0.05233,0.05979
-5.4761e-16,0.052331,0.059799
-5.8306e-16,0.052333,0.05981
-6.179e-16,0.052334,0.059821
-6.5196e-16,0.052336,0.059834
-6.8506e-16,0.052338,0.059849
-7.1702e-16,0.052341,0.059864
-7.4765e-16,0.052344,0.059881
-7.7676e-16,0.052346,0.0599
-8.0417e-16,0.052349,0.05992
-8.2968e-16,0.052353,0.059941
-8.5309e-16,0.052356,0.059965
-8.742e-16,0.052359,0.05999
-8.9281e-16,0.052363,0.060017
-9.0874e-16,0.052366,0.060046
-9.2177e-16,0.052369,0.060077
-9.3171e-16,0.052372,0.06011
-9.3838e-16,0.052375,0.060145
-9.4158e-16,0.052377,0.060183
-9.4113e-16,0.05238,0.060224
-9.3686e-16,0.052382,0.060267
-9.2858e-16,0.052383,0.060312
-9.1614e-16,0.052384,0.060361
-8.9939e-16,0.052385,0.060412
-8.7817e-16,0.052385,0.060467
-8.5236e-16,0.052384,0.060524
-8.2183e-16,0.052382,0.060585
-7.8647e-16,0.05238,0.060649
-7.462e-16,0.052377,0.060717
-7.0092e-16,0.052373,0.060788
-6.5057e-16,0.052368,0.060862
-5.9512e-16,0.052361,0.06094
-5.3453e-16,0.052354,0.061022
-4.688e-16,0.052346,0.061108
-3.9793e-16,0.052337,0.061197
-3.2197e-16,0.052326,0.06129
-2.4096e-16,0.052315,0.061387
-1.5499e-16,0.052302,0.061488
-6.4158e-17,0.052287,0.061592
3.1406e-17,0.052272,0.0617
1.3155e-16,0.052255,0.061812
2.3609e-16,0.052237,0.061928
3.4482e-16,0.052217,0.062047
4.5752e-16,0.052197,0.062169
5.7391e-16,0.052174,0.062295
6.9371e-16,0.052151,0.062424
8.1661e-16,0.052126,0.062557
9.4226e-16,0.0521,0.062692
1.0703e-15,0.052073,0.06283
1.2003e-15,0.052044,0.062971
1.3318e-15,0.052015,0.063114
1.4645e-15,0.051984,0.063259
1.5977e-15,0.051951,0.063406
1.7311e-15,0.051918,0.063556
1.864e-15,0.051884,0.063706
1.9959e-15,0.051849,0.063858
2.1263e-15,0.051812,0.064012
2.2544e-15,0.051775,0.064166
2.3798e-15,0.051737,0.06432
2.5017e-15,0.051698,0.064475
2.6195e-15,0.051658,0.06463
2.7325e-15,0.051617,0.064784
2.84e-15,0.051576,0.064938
2.9414e-15,0.051534,0.065092
3.0358e-15,0.051491,0.065244
3.1226e-15,0.051448,0.065394
3.2011e-15,0.051405,0.065543
3.2704e-15,0.05136,0.06569
3.33e-15,0.051316,0.065835
3.379e-15,0.051271,0.065978
3.4168e-15,0.051226,0.066117
3.4426e-15,0.051181,0.066254
3.4558e-15,0.051136,0.066387
3.4556e-15,0.051091,0.066516
3.4415e-15,0.051045,0.066642
3.4128e-15,0.051,0.066764
3.3688e-15,0.050954,0.066881
3.3091e-15,0.050909,0.066994
3.233e-15,0.050864,0.067102
3.1401e-15,0.05082,0.067205
3.0299e-15,0.050775,0.067303
2.9021e-15,0.050732,0.067396
2.7562e-15,0.050688,0.067483
2.592e-15,0.050645,0.067565
2.4093e-15,0.050603,0.067641
2.2078e-15,0.050561,0.067711
1.9874e-15,0.050521,0.067775
1.7482e-15,0.050481,0.067833
1.4901e-15,0.050441,0.067884
1.2133e-15,0.050403,0.067929
9.179e-16,0.050366,0.067968
6.0428e-16,0.05033,0.068
2.7278e-16,0.050295,0.068026
-7.6155e-17,0.050261,0.068045
-4.4196e-16,0.050229,0.068058
-8.2399e-16,0.050197,0.068064
-1.2215e-15,0.050168,0.068063
-1.6336e-15,0.050139,0.068056
-2.0595e-15,0.050113,0.068043
-2.4979e-15,0.050088,0.068023
-2.9479e-15,0.050064,0.067996
-3.4081e-15,0.050042,0.067964
-3.8772e-15,0.050022,0.067925
-4.3537e-15,0.050004,0.06788
-4.836e-15,0.049987,0.067829
-5.3226e-15,0.049973,0.067772
-5.8116e-15,0.04996,0.067709
-6.3011e-15,0.049949,0.067641
-6.7893e-15,0.049941,0.067567
-7.2741e-15,0.049934,0.067487
-7.7533e-15,0.049929,0.067403
-8.2248e-15,0.049926,0.067313
-8.6863e-15,0.049926,0.067219
-9.1353e-15,0.049927,0.06712
-9.5695e-15,0.049931,0.067016
-9.9864e-15,0.049936,0.066908
-1.0383e-14,0.049944,0.066796
-1.0758e-14,0.049953,0.066681
-1.1108e-14,0.049965,0.066561
-1.1429e-14,0.049979,0.066438
-1.1721e-14,0.049994,0.066312
-1.1979e-14,0.050012,0.066183
-1.2202e-14,0.050031,0.066051
-1.2386e-14,0.050053,0.065916
-1.253e-14,0.050076,0.06578
-1.2629e-14,0.050101,0.065641
-1.2683e-14,0.050127,0.0655
-1.2688e-14,0.050156,0.065357
-1.2642e-14,0.050186,0.065213
-1.2542e-14,0.050217,0.065068
-1.2387e-14,0.05025,0.064922
-1.2174e-14,0.050284,0.064776
-1.1901e-14,0.050319,0.064629
-1.1567e-14,0.050356,0.064481
-1.117e-14,0.050393,0.064334
-1.0708e-14,0.050432,0.064187
-1.018e-14,0.050471,0.06404
-9.5842e-15,0.050511,0.063894
-8.9208e-15,0.050552,0.063749
-8.1886e-15,0.050593,0.063605
-7.3873e-15,0.050635,0.063462
-6.5166e-15,0.050676,0.063321
-5.5767e-15,0.050718,0.063182
-4.568e-15,0.05076,0.063044
-3.4912e-15,0.050802,0.062909
-2.3472e-15,0.050844,0.062776
-1.1373e-15,0.050885,0.062646
1.3665e-16,0.050925,0.062519
1.4728e-15,0.050965,0.062394
2.8688e-15,0.051004,0.062273
4.322e-15,0.051042,0.062155
5.8292e-15,0.05108,0.06204
7.3871e-15,0.051115,0.061929
8.9918e-15,0.05115,0.061823
1.0639e-14,0.051183,0.06172
1.2325e-14,0.051215,0.061621
1.4043e-14,0.051245,0.061526
1.579e-14,0.051274,0.061436
1.7558e-14,0.0513,0.061351
1.9343e-14,0.051325,0.06127
2.1137e-14,0.051348,0.061193
2.2935e-14,0.051368,0.061122
2.4728e-14,0.051387,0.061056
2.6509e-14,0.051403,0.060995
2.8271e-14,0.051417,0.060939
3.0005e-14,0.051429,0.060888
3.1703e-14,0.051439,0.060842
3.3357e-14,0.051446,0.060802
3.4957e-14,0.051451,0.060767
3.6495e-14,0.051454,0.060738
3.7961e-14,0.051454,0.060714
3.9346e-14,0.051452,0.060695
4.0639e-14,0.051447,0.060682
4.1832e-14,0.051441,0.060674
4.2915e-14,0.051432,0.060672
4.3877e-14,0.05142,0.060675
4.471e-14,0.051407,0.060683
4.5402e-14,0.051392,0.060697
4.5945e-14,0.051374,0.060716
4.6329e-14,0.051355,0.06074
4.6545e-14,0.051334,0.060769
4.6583e-14,0.051311,0.060803
4.6434e-14,0.051286,0.060842
4.609e-14,0.05126,0.060885
4.5543e-14,0.051232,0.060934
4.4785e-14,0.051203,0.060987
4.3809e-14,0.051173,0.061044
4.2607e-14,0.051142,0.061106
4.1174e-14,0.05111,0.061172
3.9504e-14,0.051077,0.061242
3.7592e-14,0.051044,0.061316
3.5433e-14,0.05101,0.061394
3.3025e-14,0.050975,0.061475
3.0365e-14,0.05094,0.06156
2.7451e-14,0.050906,0.061648
2.4283e-14,0.050871,0.06174
2.0861e-14,0.050836,0.061834
1.7185e-14,0.050802,0.061931
1.3259e-14,0.050768,0.062031
9.0866e-15,0.050734,0.062133
4.6716e-15,0.050702,0.062237
2.0254e-17,0.05067,0.062344
-4.8602e-15,0.050639,0.062453
-9.9613e-15,0.050609,0.062563
-1.5273e-14,0.05058,0.062675
-2.0785e-14,0.050552,0.062788
-2.6484e-14,0.050526,0.062903
-3.2357e-14,0.0505,0.063018
-3.8388e-14,0.050477,0.063135
-4.4561e-14,0.050454,0.063252
-5.0857e-14,0.050434,0.063369
-5.7258e-14,0.050414,0.063487
-6.3743e-14,0.050397,0.063605
-7.0289e-14,0.05038,0.063724
-7.6873e-14,0.050366,0.063841
-8.3471e-14,0.050353,0.063959
-9.0056e-14,0.050342,0.064076
-9.6601e-14,0.050332,0.064192
-1.0308e-13,0.050324,0.064307
-1.0946e-13,0.050317,0.064422
-1.1571e-13,0.050311,0.064535
-1.218e-13,0.050307,0.064646
-1.2769e-13,0.050305,0.064756
-1.3337e-13,0.050303,0.064865
-1.3878e-13,0.050303,0.064971
-1.4389e-13,0.050304,0.065076
-1.4868e-13,0.050306,0.065178
-1.531e-13,0.050309,0.065279
-1.5712e-13,0.050312,0.065376
-1.6071e-13,0.050316,0.065472
-1.6381e-13,0.050321,0.065564
-1.6641e-13,0.050326,0.065654
-1.6847e-13,0.050331,0.065741
-1.6994e-13,0.050337,0.065825
-1.708e-13,0.050342,0.065906
-1.7102e-13,0.050348,0.065983
-1.7055e-13,0.050353,0.066058
-1.6937e-13,0.050358,0.066129
-1.6744e-13,0.050362,0.066196
-1.6474e-13,0.050365,0.06626
-1.6125e-13,0.050368,0.06632
-1.5693e-13,0.050369,0.066377
-1.5176e-13,0.05037,0.06643
-1.4573e-13,0.050369,0.066479
-1.388e-13,0.050367,0.066524
-1.3098e-13,0.050363,0.066565
-1.2224e-13,0.050358,0.066603
-1.1258e-13,0.050351,0.066637
-1.0198e-13,0.050343,0.066666
-9.0456e-14,0.050332,0.066692
-7.7994e-14,0.05032,0.066714
-6.4603e-14,0.050305,0.066732
-5.0292e-14,0.050289,0.066745
-3.5072e-14,0.05027,0.066755
-1.8961e-14,0.050249,0.066761
-1.9801e-15,0.050226,0.066764
1.5845e-14,0.0502,0.066762
3.4484e-14,0.050172,0.066757
5.3901e-14,0.050142,0.066747
7.4056e-14,0.05011,0.066734
9.4904e-14,0.050076,0.066718
1.164e-13,0.050039,0.066698
1.3847e-13,0.050001,0.066674
1.6108e-13,0.04996,0.066647
1.8415e-13,0.049917,0.066617
2.0761e-13,0.049873,0.066583
2.3138e-13,0.049826,0.066546
2.5539e-13,0.049778,0.066506
2.7955e-13,0.049729,0.066463
3.0377e-13,0.049678,0.066417
3.2795e-13,0.049625,0.066368
3.52e-13,0.049572,0.066317
3.7581e-13,0.049518,0.066263
3.9927e-13,0.049463,0.066207
4.2227e-13,0.049407,0.066148
4.4469e-13,0.049351,0.066087
4.6643e-13,0.049294,0.066024
4.8734e-13,0.049238,0.065959
5.0732e-13,0.049181,0.065893
5.2623e-13,0.049125,0.065824
5.4394e-13,0.049069,0.065755
5.6032e-13,0.049014,0.065684
5.7524e-13,0.04896,0.065611
5.8858e-13,0.048907,0.065538
6.0019e-13,0.048856,0.065464
6.0994e-13,0.048805,0.065389
6.1771e-13,0.048757,0.065314
6.2336e-13,0.04871,0.065238
6.2677e-13,0.048665,0.065162
6.2782e-13,0.048622,0.065086
6.2638e-13,0.048582,0.06501
6.2233e-13,0.048544,0.064934
6.1557e-13,0.048508,0.064858
6.0598e-13,0.048475,0.064784
5.9347e-13,0.048445,0.06471
5.7795e-13,0.048418,0.064637
5.5933e-13,0.048394,0.064564
5.3752e-13,0.048372,0.064494
5.1247e-13,0.048354,0.064424
4.8412e-13,0.048339,0.064356
4.5241e-13,0.048328,0.06429
4.173e-13,0.048319,0.064226
3.7879e-13,0.048314,0.064163
3.3684e-13,0.048311,0.064103
2.9147e-13,0.048312,0.064045
2.4268e-13,0.048317,0.063989
1.9051e-13,0.048324,0.063936
1.3501e-13,0.048334,0.063886
7.6218e-14,0.048347,0.063838
1.4227e-14,0.048363,0.063793
-5.0873e-14,0.048382,0.063751
-1.1897e-13,0.048404,0.063711
-1.8995e-13,0.048428,0.063675
-2.6365e-13,0.048454,0.063642
-3.3991e-13,0.048483,0.063612
-4.1855e-13,0.048514,0.063585
-4.9938e-13,0.048547,0.063562
-5.8216e-13,0.048582,0.063542
-6.6666e-13,0.048619,0.063525
-7.5264e-13,0.048657,0.063511
-8.398e-13,0.048696,0.063501
-9.2785e-13,0.048737,0.063494
-1.0165e-12,0.048779,0.06349
-1.1054e-12,0.048821,0.06349
-1.1942e-12,0.048864,0.063493
-1.2825e-12,0.048908,0.063499
-1.3701e-12,0.048952,0.063507
-1.4563e-12,0.048996,0.063519
-1.541e-12,0.04904,0.063534
-1.6235e-12,0.049084,0.063552
-1.7036e-12,0.049127,0.063573
-1.7808e-12,0.04917,0.063596
-1.8545e-12,0.049213,0.063622
-1.9243e-12,0.049254,0.06365
-1.9899e-12,0.049295,0.063681
-2.0506e-12,0.049335,0.063713
-2.106e-12,0.049374,0.063748
-2.1556e-12,0.049411,0.063785
-2.1989e-12,0.049448,0.063824
-2.2355e-12,0.049483,0.063864
-2.2648e-12,0.049516,0.063906
-2.2864e-12,0.049549,0.063949
-2.2999e-12,0.049579,0.063993
-2.3047e-12,0.049609,0.064039
-2.3004e-12,0.049637,0.064085
-2.2866e-12,0.049663,0.064132
-2.2629e-12,0.049688,0.06418
-2.2288e-12,0.049712,0.064228
-2.1841e-12,0.049734,0.064277
-2.1284e-12,0.049755,0.064325
-2.0613e-12,0.049775,0.064374
-1.9825e-12,0.049794,0.064423
-1.8919e-12,0.049811,0.064471
-1.7891e-12,0.049828,0.064519
-1.674e-12,0.049844,0.064567
-1.5466e-12,0.049859,0.064614
-1.4065e-12,0.049873,0.06466
-1.2539e-12,0.049887,0.064705
-1.0887e-12,0.0499,0.06475
-9.1102e-13,0.049914,0.064793
-7.2087e-13,0.049927,0.064835
-5.1843e-13,0.04994,0.064876
-3.0393e-13,0.049953,0.064915
-7.7636e-14,0.049967,0.064953
1.6011e-13,0.049981,0.06499
4.0892e-13,0.049995,0.065025
6.6833e-13,0.050011,0.065058
9.3781e-13,0.050027,0.065089
1.2168e-12,0.050044,0.065119
1.5045e-12,0.050062,0.065147
1.8004e-12,0.050081,0.065173
2.1035e-12,0.050102,0.065196
2.4131e-12,0.050123,0.065218
2.7282e-12,0.050147,0.065238
3.0477e-12,0.050172,0.065256
3.3706e-12,0.050198,0.065272
3.6958e-12,0.050226,0.065286
4.0221e-12,0.050256,0.065297
4.3482e-12,0.050287,0.065307
4.6728e-12,0.050321,0.065315
4.9944e-12,0.050356,0.06532
5.3117e-12,0.050392,0.065324
5.6232e-12,0.050431,0.065325
5.9272e-12,0.050471,0.065325
6.2222e-12,0.050513,0.065322
6.5066e-12,0.050556,0.065318
6.7787e-12,0.050601,0.065312
7.0368e-12,0.050648,0.065304
7.2791e-12,0.050695,0.065294
7.504e-12,0.050744,0.065283
7.7095e-12,0.050794,0.06527
7.894e-12,0.050845,0.065256
8.0557e-12,0.050897,0.06524
8.1928e-12,0.05095,0.065223
8.3034e-12,0.051003,0.065205
8.386e-12,0.051056,0.065186
8.4387e-12,0.05111,0.065166
8.4599e-12,0.051164,0.065145
8.4479e-12,0.051217,0.065123
8.4011e-12,0.05127,0.065101
8.3181e-12,0.051323,0.065078
8.1974e-12,0.051375,0.065055
8.0375e-12,0.051426,0.065032
7.8373e-12,0.051475,0.065009
7.5956e-12,0.051524,0.064986
7.3112e-12,0.05157,0.064964
6.9833e-12,0.051615,0.064942
6.6109e-12,0.051658,0.06492
6.1936e-12,0.051699,0.064899
5.7306e-12,0.051738,0.064879
5.2216e-12,0.051774,0.064861
4.6665e-12,0.051807,0.064843
4.0651e-12,0.051838,0.064827
3.4177e-12,0.051865,0.064812
2.7246e-12,0.051889,0.064799
1.9864e-12,0.05191,0.064787
1.2038e-12,0.051928,0.064778
3.7776e-13,0.051942,0.06477
-4.9046e-13,0.051953,0.064765
-1.3995e-12,0.051959,0.064761
-2.3476e-12,0.051962,0.064761
-3.3328e-12,0.051962,0.064762
-4.3532e-12,0.051957,0.064766
-5.4061e-12,0.051949,0.064773
-6.4891e-12,0.051936,0.064782
-7.5991e-12,0.05192,0.064794
-8.7331e-12,0.0519,0.064809
-9.8876e-12,0.051876,0.064826
-1.1059e-11,0.051848,0.064847
-1.2243e-11,0.051816,0.06487
-1.3436e-11,0.051781,0.064896
-1.4634e-11,0.051743,0.064925
-1.5831e-11,0.051701,0.064957
-1.7024e-11,0.051655,0.064991
-1.8206e-11,0.051607,0.065028
-1.9372e-11,0.051555,0.065068
-2.0518e-11,0.051501,0.065111
-2.1638e-11,0.051444,0.065156
-2.2725e-11,0.051385,0.065203
-2.3773e-11,0.051323,0.065253
-2.4777e-11,0.051259,0.065305
-2.5731e-11,0.051193,0.065359
-2.6627e-11,0.051125,0.065415
-2.7459e-11,0.051056,0.065473
-2.8222e-11,0.050986,0.065533
-2.8908e-11,0.050914,0.065594
-2.9511e-11,0.050842,0.065657
-3.0024e-11,0.050769,0.065721
-3.0442e-11,0.050696,0.065786
-3.0756e-11,0.050622,0.065853
-3.0962e-11,0.050548,0.065919
-3.1053e-11,0.050475,0.065987
-3.1022e-11,0.050402,0.066055
-3.0865e-11,0.050329,0.066123
-3.0575e-11,0.050257,0.066191
-3.0147e-11,0.050186,0.066259
-2.9576e-11,0.050117,0.066327
-2.8858e-11,0.050048,0.066394
-2.7987e-11,0.049981,0.066461
-2.696e-11,0.049916,0.066527
-2.5774e-11,0.049852,0.066592
-2.4425e-11,0.04979,0.066655
-2.2911e-11,0.049731,0.066718
-2.123e-11,0.049673,0.066779
-1.938e-11,0.049618,0.066838
-1.7361e-11,0.049565,0.066896
-1.5172e-11,0.049514,0.066952
-1.2814e-11,0.049466,0.067006
-1.0288e-11,0.04942,0.067058
-7.5958e-12,0.049377,0.067107
-4.7405e-12,0.049337,0.067154
-1.7254e-12,0.0493,0.067199
1.4451e-12,0.049265,0.067241
4.7658e-12,0.049233,0.067281
8.2308e-12,0.049204,0.067318
1.1833e-11,0.049177,0.067352
1.5565e-11,0.049154,0.067384
1.9418e-11,0.049133,0.067413
2.3382e-11,0.049115,0.067438
2.7446e-11,0.0491,0.067461
3.16e-11,0.049087,0.067481
3.583e-11,0.049077,0.067497
4.0124e-11,0.04907,0.067511
4.4467e-11,0.049066,0.067522
4.8844e-11,0.049064,0.06753
5.3239e-11,0.049064,0.067534
5.7636e-11,0.049067,0.067536
6.2015e-11,0.049073,0.067535
6.636e-11,0.04908,0.067531
7.065e-11,0.04909,0.067524
7.4866e-11,0.049103,0.067514
7.8986e-11,0.049117,0.067502
8.299e-11,0.049133,0.067486
8.6856e-11,0.049152,0.067468
9.0561e-11,0.049172,0.067448
9.4082e-11,0.049195,0.067425
9.7396e-11,0.049219,0.067399
1.0048e-10,0.049244,0.067372
1.0331e-10,0.049272,0.067342
1.0586e-10,0.049301,0.06731
1.0811e-10,0.049331,0.067276
1.1003e-10,0.049363,0.06724
1.116e-10,0.049397,0.067202
1.128e-10,0.049431,0.067163
1.136e-10,0.049467,0.067122
1.1398e-10,0.049504,0.06708
1.1391e-10,0.049542,0.067036
1.1339e-10,0.049581,0.066992
1.1238e-10,0.049621,0.066946
1.1086e-10,0.049662,0.066899
1.0883e-10,0.049704,0.066852
1.0625e-10,0.049747,0.066804
1.0311e-10,0.04979,0.066756
9.9408e-11,0.049834,0.066707
9.5118e-11,0.049878,0.066658
9.0233e-11,0.049924,0.066608
8.4741e-11,0.049969,0.066559
7.8637e-11,0.050015,0.06651
7.1914e-11,0.050062,0.066461
6.4569e-11,0.050108,0.066413
5.6602e-11,0.050155,0.066365
4.8013e-11,0.050203,0.066317
3.8808e-11,0.05025,0.06627
2.8992e-11,0.050297,0.066224
1.8575e-11,0.050345,0.066179
7.5704e-12,0.050393,0.066134
-4.0067e-12,0.05044,0.066091
-1.6138e-11,0.050487,0.066048
-2.8801e-11,0.050534,0.066007
-4.1971e-11,0.050581,0.065967
-5.562e-11,0.050628,0.065928
-6.9716e-11,0.050674,0.06589
-8.4224e-11,0.05072,0.065854
-9.9106e-11,0.050766,0.065819
-1.1432e-10,0.05081,0.065785
-1.2982e-10,0.050855,0.065753
-1.4556e-10,0.050898,0.065722
-1.6149e-10,0.050941,0.065692
-1.7754e-10,0.050983,0.065664
-1.9367e-10,0.051025,0.065637
-2.0981e-10,0.051065,0.065612
-2.259e-10,0.051105,0.065587
-2.4187e-10,0.051143,0.065564
-2.5764e-10,0.051181,0.065542
-2.7315e-10,0.051217,0.065521
-2.8832e-10,0.051253,0.065501
-3.0307e-10,0.051287,0.065482
-3.1732e-10,0.05132,0.065464
-3.3098e-10,0.051352,0.065447
-3.4399e-10,0.051382,0.06543
-3.5624e-10,0.051412,0.065414
-3.6765e-10,0.05144,0.065399
-3.7815e-10,0.051466,0.065383
-3.8762e-10,0.051492,0.065369
-3.96e-10,0.051515,0.065354
-4.0319e-10,0.051538,0.065339
-4.091e-10,0.051559,0.065324
-4.1365e-10,0.051579,0.065309
-4.1675e-10,0.051597,0.065294
-4.1832e-10,0.051614,0.065278
-4.1827e-10,0.05163,0.065262
-4.1653e-10,0.051644,0.065245
-4.1302e-10,0.051656,0.065228
-4.0766e-10,0.051668,0.06521
-4.004e-10,0.051678,0.06519
-3.9116e-10,0.051687,0.06517
-3.7988e-10,0.051694,0.065149
-3.6651e-10,0.0517,0.065127
-3.5099e-10,0.051705,0.065103
-3.333e-10,0.051709,0.065078
-3.1339e-10,0.051712,0.065052
-2.9122e-10,0.051713,0.065024
-2.6679e-10,0.051713,0.064995
-2.4008e-10,0.051713,0.064965
-2.1108e-10,0.051711,0.064933
-1.798e-10,0.051709,0.064899
-1.4626e-10,0.051706,0.064865
-1.1047e-10,0.051701,0.064828
-7.2468e-11,0.051697,0.064791
-3.2304e-11,0.051691,0.064751
9.9677e-12,0.051685,0.064711
5.4281e-11,0.051678,0.064669
1.0056e-10,0.051671,0.064626
1.487e-10,0.051664,0.064581
1.9862e-10,0.051656,0.064536
2.5019e-10,0.051648,0.064489
3.0329e-10,0.05164,0.064441
3.5778e-10,0.051632,0.064392
4.135e-10,0.051624,0.064343
4.703e-10,0.051616,0.064293
5.2799e-10,0.051608,0.064242
5.8639e-10,0.0516,0.06419
6.4529e-10,0.051592,0.064138
7.0448e-10,0.051585,0.064086
7.6374e-10,0.051579,0.064034
8.2283e-10,0.051572,0.063982
8.815e-10,0.051567,0.063929
9.3949e-10,0.051562,0.063877
9.9654e-10,0.051557,0.063826
1.0524e-09,0.051554,0.063775
1.1067e-09,0.051551,0.063724
1.1592e-09,0.051549,0.063674
1.2096e-09,0.051548,0.063625
1.2577e-09,0.051547,0.063578
1.3029e-09,0.051547,0.063531
1.3452e-09,0.051549,0.063486
1.3841e-09,0.051551,0.063442
1.4193e-09,0.051554,0.0634
1.4505e-09,0.051557,0.063359
1.4774e-09,0.051562,0.06332
1.4996e-09,0.051567,0.063284
1.5169e-09,0.051573,0.063249
1.5289e-09,0.05158,0.063216
1.5352e-09,0.051587,0.063185
1.5357e-09,0.051595,0.063157
1.53e-09,0.051603,0.063131
1.5179e-09,0.051612,0.063108
1.499e-09,0.051621,0.063087
1.4731e-09,0.05163,0.063069
1.44e-09,0.051639,0.063053
1.3994e-09,0.051648,0.06304
1.3511e-09,0.051657,0.06303
1.2951e-09,0.051666,0.063023
1.231e-09,0.051674,0.063018
1.1588e-09,0.051682,0.063017
1.0783e-09,0.051689,0.063018
9.8957e-10,0.051696,0.063022
8.9243e-10,0.051701,0.063029
7.869e-10,0.051706,0.063039
6.7298e-10,0.051709,0.063052
5.5074e-10,0.051711,0.063067
4.2025e-10,0.051711,0.063086
2.8164e-10,0.05171,0.063107
1.3506e-10,0.051706,0.063131
-1.9279e-11,0.051701,0.063158
-1.8114e-10,0.051694,0.063188
-3.5024e-10,0.051685,0.063221
-5.2626e-10,0.051674,0.063256
-7.0881e-10,0.05166,0.063294
-8.9748e-10,0.051644,0.063334
-1.0918e-09,0.051626,0.063377
-1.2913e-09,0.051604,0.063422
-1.4954e-09,0.05158,0.06347
-1.7035e-09,0.051554,0.063519
-1.9149e-09,0.051525,0.063571
-2.1291e-09,0.051493,0.063626
-2.3451e-09,0.051458,0.063682
-2.5623e-09,0.05142,0.06374
-2.7799e-09,0.05138,0.0638
-2.9969e-09,0.051337,0.063862
-3.2125e-09,0.051292,0.063925
-3.4257e-09,0.051243,0.06399
-3.6355e-09,0.051193,0.064057
-3.841e-09,0.051139,0.064124
-4.0411e-09,0.051084,0.064193
-4.2347e-09,0.051026,0.064263
-4.4207e-09,0.050966,0.064334
-4.5979e-09,0.050904,0.064406
-4.7654e-09,0.050841,0.064479
-4.9217e-09,0.050775,0.064552
-5.0659e-09,0.050709,0.064626
-5.1967e-09,0.050641,0.0647
-5.313e-09,0.050571,0.064774
-5.4134e-09,0.050501,0.064849
-5.4969e-09,0.05043,0.064924
-5.5623e-09,0.050359,0.064998
-5.6085e-09,0.050287,0.065073
-5.6342e-09,0.050215,0.065147
-5.6384e-09,0.050144,0.065221
-5.62e-09,0.050073,0.065295
-5.578e-09,0.050002,0.065367
-5.5114e-09,0.049932,0.065439
-5.4192e-09,0.049864,0.065511
-5.3005e-09,0.049796,0.065581
-5.1546e-09,0.049731,0.06565
-4.9806e-09,0.049667,0.065718
-4.7779e-09,0.049604,0.065785
-4.546e-09,0.049545,0.065851
-4.2842e-09,0.049487,0.065915
-3.9922e-09,0.049432,0.065978
-3.6697e-09,0.04938,0.066039
-3.3165e-09,0.049331,0.066098
-2.9324e-09,0.049285,0.066155
-2.5176e-09,0.049242,0.06621
-2.0722e-09,0.049203,0.066264
-1.5965e-09,0.049168,0.066315
-1.0909e-09,0.049136,0.066364
-5.5597e-10,0.049108,0.066411
7.525e-12,0.049084,0.066455
5.9874e-10,0.049064,0.066497
1.2166e-09,0.049048,0.066537
1.8601e-09,0.049036,0.066574
2.5276e-09,0.049029,0.066608
3.2179e-09,0.049025,0.066639
3.9291e-09,0.049027,0.066668
4.6594e-09,0.049032,0.066693
5.4068e-09,0.049042,0.066716
6.1692e-09,0.049056,0.066736
6.9442e-09,0.049074,0.066753
7.7293e-09,0.049096,0.066767
8.5218e-09,0.049123,0.066777
9.3188e-09,0.049153,0.066785
1.0117e-08,0.049188,0.066789
1.0914e-08,0.049226,0.06679
1.1707e-08,0.049268,0.066789
1.249e-08,0.049313,0.066783
1.3262e-08,0.049362,0.066775
1.4018e-08,0.049415,0.066764
1.4755e-08,0.04947,0.066749
1.5469e-08,0.049528,0.066732
1.6155e-08,0.049589,0.066711
1.6809e-08,0.049652,0.066687
1.7428e-08,0.049718,0.066661
1.8007e-08,0.049786,0.066631
1.8541e-08,0.049856,0.066599
1.9027e-08,0.049927,0.066564
1.9459e-08,0.05,0.066526
1.9835e-08,0.050074,0.066485
2.0148e-08,0.050149,0.066442
2.0396e-08,0.050225,0.066397
2.0573e-08,0.050301,0.066349
2.0676e-08,0.050378,0.066299
2.07e-08,0.050454,0.066248
2.0642e-08,0.050531,0.066194
2.0497e-08,0.050607,0.066138
2.0263e-08,0.050682,0.066081
1.9935e-08,0.050757,0.066022
1.951e-08,0.05083,0.065962
1.8985e-08,0.050903,0.065901
1.8358e-08,0.050974,0.065838
1.7626e-08,0.051043,0.065775
1.6786e-08,0.05111,0.06571
1.5837e-08,0.051176,0.065645
1.4778e-08,0.051239,0.06558
1.3606e-08,0.0513,0.065515
1.2322e-08,0.051358,0.065449
1.0924e-08,0.051414,0.065383
9.4138e-09,0.051467,0.065317
7.791e-09,0.051518,0.065252
6.0568e-09,0.051566,0.065187
4.2127e-09,0.05161,0.065122
2.2608e-09,0.051652,0.065059
2.0357e-10,0.051691,0.064996
-1.9557e-09,0.051726,0.064934
-4.2135e-09,0.051759,0.064873
-6.5653e-09,0.051788,0.064814
-9.0064e-09,0.051814,0.064755
-1.1531e-08,0.051837,0.064699
-1.4134e-08,0.051857,0.064643
-1.6808e-08,0.051874,0.064589
-1.9545e-08,0.051887,0.064537
-2.2338e-08,0.051898,0.064487
-2.5178e-08,0.051905,0.064438
-2.8056e-08,0.05191,0.064391
-3.0963e-08,0.051912,0.064347
-3.3887e-08,0.051911,0.064303
-3.6819e-08,0.051907,0.064262
-3.9745e-08,0.051901,0.064223
-4.2656e-08,0.051892,0.064186
-4.5537e-08,0.051881,0.06415
-4.8376e-08,0.051868,0.064117
-5.1159e-08,0.051852,0.064085
-5.3872e-08,0.051834,0.064055
-5.65e-08,0.051814,0.064027
-5.903e-08,0.051793,0.064001
-6.1446e-08,0.051769,0.063976
-6.3732e-08,0.051744,0.063953
-6.5873e-08,0.051717,0.063932
-6.7853e-08,0.051689,0.063912
-6.9656e-08,0.051659,0.063894
-7.1266e-08,0.051629,0.063876
-7.2668e-08,0.051597,0.06386
-7.3844e-08,0.051564,0.063846
-7.478e-08,0.05153,0.063832
-7.5459e-08,0.051495,0.063819
-7.5867e-08,0.051459,0.063807
-7.5988e-08,0.051423,0.063796
-7.5808e-08,0.051386,0.063786
-7.5312e-08,0.051349,0.063776
-7.4487e-08,0.051311,0.063766
-7.332e-08,0.051273,0.063757
-7.18e-08,0.051235,0.063749
-6.9914e-08,0.051196,0.06374
-6.7653e-08,0.051157,0.063732
-6.5006e-08,0.051119,0.063724
-6.1967e-08,0.05108,0.063715
-5.8527e-08,0.051041,0.063707
-5.4681e-08,0.051002,0.063699
-5.0424e-08,0.050963,0.06369
-4.5754e-08,0.050925,0.063681
-4.0669e-08,0.050886,0.063671
-3.517e-08,0.050848,0.063662
-2.9257e-08,0.05081,0.063651
-2.2934e-08,0.050773,0.063641
-1.6207e-08,0.050735,0.06363
-9.084e-09,0.050698,0.063618
-1.573e-09,0.050662,0.063606
6.3142e-09,0.050626,0.063594
1.4564e-08,0.05059,0.063581
2.3162e-08,0.050555,0.063567
3.2089e-08,0.050521,0.063553
4.1326e-08,0.050487,0.063539
5.0851e-08,0.050453,0.063524
6.064e-08,0.050421,0.063509
7.0665e-08,0.050389,0.063494
8.0899e-08,0.050357,0.063479
9.1309e-08,0.050327,0.063463
1.0186e-07,0.050297,0.063448
1.1252e-07,0.050268,0.063433
1.2326e-07,0.05024,0.063417
1.3402e-07,0.050213,0.063402
1.4477e-07,0.050187,0.063387
1.5546e-07,0.050162,0.063373
1.6605e-07,0.050138,0.063359
1.7649e-07,0.050116,0.063346
1.8674e-07,0.050094,0.063334
1.9673e-07,0.050073,0.063322
2.0642e-07,0.050054,0.063312
2.1575e-07,0.050036,0.063302
2.2466e-07,0.050019,0.063294
2.3311e-07,0.050004,0.063287
2.4104e-07,0.04999,0.063281
2.4837e-07,0.049977,0.063277
2.5507e-07,0.049966,0.063274
2.6106e-07,0.049956,0.063273
2.6629e-07,0.049948,0.063273
2.7071e-07,0.049941,0.063275
2.7424e-07,0.049936,0.063279
2.7684e-07,0.049932,0.063285
2.7845e-07,0.04993,0.063293
2.7902e-07,0.04993,0.063303
2.7848e-07,0.049931,0.063315
2.7679e-07,0.049933,0.063328
2.739e-07,0.049937,0.063344
2.6975e-07,0.049943,0.063361
2.6432e-07,0.04995,0.063381
2.5754e-07,0.049959,0.063402
2.494e-07,0.049969,0.063426
2.3984e-07,0.04998,0.063451
2.2884e-07,0.049993,0.063478
2.1637e-07,0.050008,0.063507
2.0242e-07,0.050023,0.063537
1.8695e-07,0.05004,0.063569
1.6998e-07,0.050059,0.063603
1.5147e-07,0.050078,0.063638
1.3145e-07,0.050099,0.063674
1.099e-07,0.05012,0.063712
8.6852e-08,0.050143,0.063751
6.2314e-08,0.050166,0.063791
3.6317e-08,0.050191,0.063832
8.8911e-09,0.050216,0.063874
-1.9921e-08,0.050242,0.063916
-5.0073e-08,0.050269,0.063959
-8.1508e-08,0.050296,0.064003
-1.1416e-07,0.050323,0.064047
-1.4796e-07,0.050351,0.064092
-1.8283e-07,0.05038,0.064136
-2.1868e-07,0.050408,0.064181
-2.5541e-07,0.050437,0.064225
-2.9292e-07,0.050466,0.06427
-3.3109e-07,0.050495,0.064314
-3.698e-07,0.050524,0.064358
-4.0893e-07,0.050553,0.064401
-4.4833e-07,0.050581,0.064444
-4.8787e-07,0.05061,0.064486
-5.2737e-07,0.050638,0.064527
-5.667e-07,0.050666,0.064568
-6.0567e-07,0.050693,0.064607
-6.4412e-07,0.05072,0.064646
-6.8186e-07,0.050746,0.064683
-7.187e-07,0.050772,0.064719
-7.5445e-07,0.050797,0.064754
-7.8892e-07,0.050821,0.064787
-8.2191e-07,0.050845,0.064819
-8.5319e-07,0.050867,0.06485
-8.8258e-07,0.05089,0.064879
-9.0985e-07,0.050911,0.064907
-9.3479e-07,0.050931,0.064933
-9.5718e-07,0.050951,0.064958
-9.7681e-07,0.050969,0.064981
-9.9347e-07,0.050987,0.065002
-1.0069e-06,0.051003,0.065021
-1.017e-06,0.051019,0.065039
-1.0235e-06,0.051034,0.065056
-1.0261e-06,0.051047,0.06507
-1.0248e-06,0.05106,0.065083
-1.0192e-06,0.051071,0.065095
-1.0093e-06,0.051081,0.065104
-9.9482e-07,0.05109,0.065113
-9.7561e-07,0.051098,0.065119
-9.5152e-07,0.051105,0.065124
-9.2242e-07,0.051111,0.065128
-8.8818e-07,0.051115,0.06513
-8.4867e-07,0.051118,0.065131
-8.0381e-07,0.05112,0.06513
-7.5352e-07,0.051121,0.065128
-6.9772e-07,0.051121,0.065124
-6.3637e-07,0.051119,0.065119
-5.6946e-07,0.051116,0.065114
-4.9698e-07,0.051112,0.065106
-4.1895e-07,0.051107,0.065098
-3.3541e-07,0.0511,0.065089
-2.4643e-07,0.051092,0.065078
-1.5211e-07,0.051083,0.065067
-5.2573e-08,0.051073,0.065054
5.2045e-08,0.051062,0.065041
1.6156e-07,0.051049,0.065026
2.7578e-07,0.051035,0.065011
3.9446e-07,0.05102,0.064995
5.1734e-07,0.051004,0.064977
6.4413e-07,0.050987,0.064959
7.7451e-07,0.050968,0.064941
9.0812e-07,0.050949,0.064921
1.0446e-06,0.050929,0.0649
1.1835e-06,0.050908,0.064879
1.3244e-06,0.050885,0.064857
1.4668e-06,0.050862,0.064834
1.6102e-06,0.050838,0.06481
1.7541e-06,0.050813,0.064785
1.8979e-06,0.050788,0.06476
2.041e-06,0.050762,0.064733
2.1829e-06,0.050735,0.064706
2.3228e-06,0.050707,0.064678
2.4601e-06,0.05068,0.064648
2.5941e-06,0.050651,0.064618
2.7242e-06,0.050623,0.064587
2.8495e-06,0.050594,0.064555
2.9694e-06,0.050564,0.064522
3.0831e-06,0.050535,0.064487
3.1898e-06,0.050506,0.064452
3.2887e-06,0.050477,0.064416
3.3791e-06,0.050448,0.064378
3.4601e-06,0.050419,0.064339
3.531e-06,0.05039,0.0643
3.591e-06,0.050362,0.064259
3.6393e-06,0.050334,0.064216
3.6751e-06,0.050307,0.064173
3.6976e-06,0.050281,0.064129
3.7062e-06,0.050256,0.064083
3.7e-06,0.050231,0.064036
3.6784e-06,0.050208,0.063988
3.6408e-06,0.050185,0.063939
3.5863e-06,0.050164,0.063889
3.5146e-06,0.050145,0.063838
3.4249e-06,0.050126,0.063786
3.3168e-06,0.05011,0.063733
3.1898e-06,0.050094,0.063679
3.0435e-06,0.050081,0.063624
2.8775e-06,0.05007,0.063568
2.6915e-06,0.05006,0.063512
2.4853e-06,0.050053,0.063455
2.2588e-06,0.050047,0.063397
2.0118e-06,0.050044,0.063339
1.7444e-06,0.050043,0.063281
1.4566e-06,0.050044,0.063222
1.1486e-06,0.050048,0.063164
8.2061e-07,0.050054,0.063105
4.7309e-07,0.050063,0.063046
1.0644e-07,0.050074,0.062988
-2.7878e-07,0.050088,0.06293
-6.8191e-07,0.050105,0.062872
-1.1022e-06,0.050124,0.062815
-1.5387e-06,0.050145,0.062759
-1.9905e-06,0.05017,0.062704
-2.4565e-06,0.050197,0.06265
-2.9355e-06,0.050227,0.062597
-3.426e-06,0.050259,0.062546
-3.9267e-06,0.050294,0.062496
-4.4361e-06,0.050331,0.062448
-4.9523e-06,0.050371,0.062402
-5.4736e-06,0.050413,0.062358
-5.9982e-06,0.050458,0.062316
-6.5239e-06,0.050505,0.062277
-7.0487e-06,0.050554,0.06224
-7.5702e-06,0.050605,0.062206
-8.0862e-06,0.050658,0.062175
-8.5941e-06,0.050713,0.062147
-9.0915e-06,0.05077,0.062122
-9.5756e-06,0.050828,0.062101
-1.0044e-05,0.050887,0.062083
-1.0493e-05,0.050948,0.062068
-1.0921e-05,0.051009,0.062058
-1.1324e-05,0.051072,0.062051
-1.17e-05,0.051135,0.062048
-1.2045e-05,0.051199,0.062049
-1.2356e-05,0.051263,0.062054
-1.263e-05,0.051327,0.062064
-1.2865e-05,0.051391,0.062078
-1.3056e-05,0.051454,0.062096
-1.3201e-05,0.051517,0.062119
-1.3296e-05,0.05158,0.062146
-1.3338e-05,0.051641,0.062177
-1.3325e-05,0.051701,0.062213
-1.3253e-05,0.05176,0.062254
-1.312e-05,0.051818,0.062299
-1.2922e-05,0.051873,0.062349
-1.2656e-05,0.051927,0.062403
-1.232e-05,0.051978,0.062461
-1.1911e-05,0.052028,0.062524
-1.1427e-05,0.052074,0.062591
-1.0866e-05,0.052118,0.062662
-1.0225e-05,0.052159,0.062737
-9.5024e-06,0.052197,0.062816
-8.6963e-06,0.052232,0.062899
-7.8052e-06,0.052263,0.062986
-6.8278e-06,0.052291,0.063076
-5.7629e-06,0.052316,0.063169
-4.6097e-06,0.052336,0.063266
-3.3675e-06,0.052353,0.063366
-2.036e-06,0.052367,0.063469
-6.1514e-07,0.052376,0.063574
8.9488e-07,0.052381,0.063682
2.4935e-06,0.052382,0.063792
4.1799e-06,0.05238,0.063904
5.9529e-06,0.052373,0.064018
7.8109e-06,0.052362,0.064134
9.7522e-06,0.052347,0.064251
1.1775e-05,0.052328,0.064369
1.3876e-05,0.052306,0.064488
1.6052e-05,0.052279,0.064607
1.8301e-05,0.052249,0.064727
2.0619e-05,0.052215,0.064847
2.3002e-05,0.052177,0.064967
2.5445e-05,0.052136,0.065087
2.7945e-05,0.052091,0.065206
3.0495e-05,0.052043,0.065325
3.3092e-05,0.051992,0.065442
3.5729e-05,0.051938,0.065558
3.84e-05,0.051881,0.065672
4.1099e-05,0.051822,0.065784
4.382e-05,0.05176,0.065895
4.6556e-05,0.051696,0.066003
4.93e-05,0.05163,0.066108
5.2044e-05,0.051562,0.066211
5.4782e-05,0.051492,0.066311
5.7507e-05,0.051421,0.066407
6.0209e-05,0.051348,0.0665
6.2882e-05,0.051275,0.06659
6.5517e-05,0.0512,0.066675
6.8107e-05,0.051125,0.066757
7.0644e-05,0.051049,0.066835
7.3119e-05,0.050973,0.066908
7.5525e-05,0.050897,0.066976
7.7853e-05,0.050822,0.067041
8.0097e-05,0.050746,0.0671
8.2249e-05,0.050671,0.067154
8.4301e-05,0.050597,0.067204
8.6246e-05,0.050524,0.067248
8.8077e-05,0.050451,0.067287
8.9788e-05,0.05038,0.067321
9.1373e-05,0.05031,0.067349
9.2825e-05,0.050242,0.067372
9.414e-05,0.050175,0.06739
9.5312e-05,0.050111,0.067402
9.6338e-05,0.050048,0.067409
9.7212e-05,0.049987,0.06741
9.7932e-05,0.049928,0.067406
9.8495e-05,0.049871,0.067396
9.8899e-05,0.049817,0.067381
9.9142e-05,0.049765,0.067361
9.9223e-05,0.049716,0.067335
9.9142e-05,0.049669,0.067304
9.8899e-05,0.049624,0.067268
9.8496e-05,0.049583,0.067227
9.7933e-05,0.049544,0.067181
9.7213e-05,0.049508,0.067131
9.6339e-05,0.049474,0.067076
9.5314e-05,0.049443,0.067016
9.4142e-05,0.049415,0.066952
9.2828e-05,0.04939,0.066883
9.1376e-05,0.049368,0.066811
8.9791e-05,0.049348,0.066735
8.8081e-05,0.049331,0.066655
8.625e-05,0.049317,0.066572
8.4305e-05,0.049306,0.066485
8.2253e-05,0.049297,0.066396
8.0102e-05,0.049291,0.066304
7.7858e-05,0.049288,0.066208
7.553e-05,0.049287,0.066111
7.3124e-05,0.049288,0.066011
7.065e-05,0.049293,0.06591
6.8113e-05,0.049299,0.065806
6.5524e-05,0.049308,0.065701
6.2889e-05,0.049319,0.065595
6.0216e-05,0.049332,0.065488
5.7514e-05,0.049347,0.06538
5.4791e-05,0.049365,0.065271
5.2053e-05,0.049384,0.065162
4.9309e-05,0.049405,0.065052
4.6565e-05,0.049428,0.064943
4.3829e-05,0.049453,0.064833
4.1109e-05,0.049479,0.064724
3.841e-05,0.049506,0.064616
3.5739e-05,0.049535,0.064509
3.3103e-05,0.049565,0.064402
3.0507e-05,0.049597,0.064297
2.7957e-05,0.049629,0.064193
2.5457e-05,0.049663,0.06409
2.3014e-05,0.049697,0.06399
2.0632e-05,0.049732,0.063891
1.8314e-05,0.049768,0.063794
1.6065e-05,0.049804,0.063699
1.3889e-05,0.04984,0.063607
1.1788e-05,0.049877,0.063517
9.7656e-06,0.049914,0.06343
7.8243e-06,0.049951,0.063346
5.9662e-06,0.049988,0.063264
4.1932e-06,0.050025,0.063185
2.5067e-06,0.050062,0.06311
9.0789e-07,0.050098,0.063037
-6.0235e-07,0.050134,0.062968
-2.0235e-06,0.050169,0.062902
-3.3553e-06,0.050204,0.062839
-4.5979e-06,0.050238,0.06278
-5.7516e-06,0.050271,0.062725
-6.817e-06,0.050303,0.062673
-7.795e-06,0.050335,0.062624
-8.6867e-06,0.050365,0.06258
-9.4935e-06,0.050394,0.062539
-1.0217e-05,0.050423,0.062501
-1.0859e-05,0.05045,0.062468
-1.1421e-05,0.050475,0.062438
-1.1906e-05,0.0505,0.062412
-1.2316e-05,0.050523,0.06239
-1.2653e-05,0.050545,0.062371
-1.292e-05,0.050566,0.062356
-1.3119e-05,0.050586,0.062345
-1.3254e-05,0.050604,0.062337
-1.3328e-05,0.050621,0.062333
-1.3342e-05,0.050637,0.062333
-1.3301e-05,0.050651,0.062336
-1.3207e-05,0.050664,0.062342
-1.3064e-05,0.050677,0.062352
-1.2875e-05,0.050688,0.062366
-1.2642e-05,0.050698,0.062382
-1.237e-05,0.050706,0.062402
-1.206e-05,0.050714,0.062425
-1.1717e-05,0.050721,0.06245
-1.1344e-05,0.050728,0.062479
-1.0942e-05,0.050733,0.06251
-1.0516e-05,0.050738,0.062545
-1.0069e-05,0.050742,0.062581
-9.6026e-06,0.050746,0.062621
-9.1203e-06,0.050749,0.062662
-8.6248e-06,0.050752,0.062706
-8.1188e-06,0.050755,0.062752
-7.6046e-06,0.050758,0.0628
-7.0849e-06,0.050761,0.06285
-6.5618e-06,0.050763,0.062901
-6.0378e-06,0.050766,0.062954
-5.5148e-06,0.050769,0.063008
-4.9949e-06,0.050773,0.063064
-4.4801e-06,0.050777,0.063121
-3.972e-06,0.050782,0.063178
-3.4725e-06,0.050787,0.063237
-2.983e-06,0.050793,0.063296
-2.5049e-06,0.0508,0.063355
-2.0397e-06,0.050808,0.063415
-1.5885e-06,0.050817,0.063475
-1.1524e-06,0.050827,0.063536
-7.3237e-07,0.050838,0.063596
-3.293e-07,0.050851,0.063655
5.6062e-08,0.050864,0.063715
4.2306e-07,0.050879,0.063773
7.7115e-07,0.050896,0.063831
1.0999e-06,0.050914,0.063889
1.4089e-06,0.050933,0.063945
1.698e-06,0.050954,0.064
1.9669e-06,0.050976,0.064054
2.2157e-06,0.051,0.064106
2.4443e-06,0.051025,0.064157
2.6528e-06,0.051051,0.064206
2.8413e-06,0.051079,0.064254
3.0101e-06,0.051108,0.064299
3.1596e-06,0.051138,0.064343
3.29e-06,0.05117,0.064385
3.4017e-06,0.051203,0.064424
3.4954e-06,0.051237,0.064461
3.5713e-06,0.051271,0.064496
3.6302e-06,0.051307,0.064529
3.6726e-06,0.051344,0.064559
3.6992e-06,0.051381,0.064587
3.7106e-06,0.051419,0.064612
3.7076e-06,0.051457,0.064634
3.6907e-06,0.051496,0.064654
3.6609e-06,0.051535,0.064672
3.6188e-06,0.051574,0.064687
3.5651e-06,0.051613,0.064699
3.5008e-06,0.051652,0.064708
3.4264e-06,0.051691,0.064715
3.3428e-06,0.05173,0.064719
3.2508e-06,0.051768,0.064721
3.1512e-06,0.051806,0.06472
3.0446e-06,0.051843,0.064717
2.9319e-06,0.051879,0.064712
2.8137e-06,0.051914,0.064704
2.6908e-06,0.051949,0.064694
2.5639e-06,0.051982,0.064682
2.4336e-06,0.052014,0.064668
2.3006e-06,0.052045,0.064652
2.1656e-06,0.052075,0.064634
2.0291e-06,0.052103,0.064614
1.8918e-06,0.05213,0.064594
1.7541e-06,0.052155,0.064571
1.6166e-06,0.052179,0.064548
1.4798e-06,0.052202,0.064523
1.3442e-06,0.052222,0.064497
1.2102e-06,0.052241,0.064471
1.0782e-06,0.052259,0.064444
9.4857e-07,0.052274,0.064416
8.2167e-07,0.052288,0.064389
6.9781e-07,0.0523,0.064361
5.7728e-07,0.052311,0.064333
4.6033e-07,0.05232,0.064305
3.4718e-07,0.052327,0.064278
2.3803e-07,0.052332,0.064251
1.3305e-07,0.052336,0.064224
3.2377e-08,0.052338,0.064199
-6.3874e-08,0.052338,0.064174
-1.5562e-07,0.052337,0.06415
-2.4278e-07,0.052334,0.064128
-3.2533e-07,0.05233,0.064107
-4.0325e-07,0.052325,0.064087
-4.7654e-07,0.052318,0.064068
-5.4522e-07,0.05231,0.064051
-6.0933e-07,0.0523,0.064036
-6.6893e-07,0.052289,0.064022
-7.241e-07,0.052277,0.064011
-7.7492e-07,0.052264,0.064001
-8.2151e-07,0.05225,0.063992
-8.6396e-07,0.052235,0.063986
-9.024e-07,0.052219,0.063982
-9.3698e-07,0.052202,0.063979
-9.6783e-07,0.052185,0.063979
-9.9509e-07,0.052166,0.06398
-1.0189e-06,0.052147,0.063983
-1.0395e-06,0.052127,0.063988
-1.0569e-06,0.052107,0.063995
-1.0714e-06,0.052086,0.064004
-1.0831e-06,0.052064,0.064015
-1.0922e-06,0.052042,0.064027
-1.0988e-06,0.05202,0.064041
-1.103e-06,0.051997,0.064057
-1.1051e-06,0.051973,0.064074
-1.1052e-06,0.05195,0.064093
-1.1034e-06,0.051926,0.064113
-1.0998e-06,0.051902,0.064134
-1.0946e-06,0.051878,0.064157
-1.0879e-06,0.051853,0.06418
-1.0797e-06,0.051828,0.064205
-1.0703e-06,0.051804,0.06423
-1.0597e-06,0.051779,0.064256
-1.0479e-06,0.051753,0.064283
-1.0351e-06,0.051728,0.06431
-1.0213e-06,0.051703,0.064338
-1.0066e-06,0.051677,0.064366
-9.9088e-07,0.051652,0.064394
-9.7433e-07,0.051627,0.064421
-9.5691e-07,0.051601,0.064449
-9.3864e-07,0.051575,0.064476
-9.1952e-07,0.05155,0.064503
-8.9952e-07,0.051524,0.064529
-8.7864e-07,0.051499,0.064555
-8.5684e-07,0.051473,0.064579
-8.3408e-07,0.051448,0.064603
-8.1032e-07,0.051423,0.064625
-7.855e-07,0.051397,0.064646
-7.5956e-07,0.051372,0.064666
-7.3243e-07,0.051347,0.064684
-7.0405e-07,0.051322,0.0647
-6.7433e-07,0.051297,0.064715
-6.4321e-07,0.051272,0.064727
-6.1059e-07,0.051248,0.064738
-5.7639e-07,0.051223,0.064746
-5.4054e-07,0.051199,0.064753
-5.0294e-07,0.051175,0.064756
-4.6351e-07,0.051151,0.064758
-4.2218e-07,0.051128,0.064757
-3.7886e-07,0.051105,0.064753
-3.3349e-07,0.051082,0.064747
-2.86e-07,0.051059,0.064738
-2.3633e-07,0.051037,0.064727
-1.8444e-07,0.051015,0.064713
-1.3027e-07,0.050994,0.064696
-7.3797e-08,0.050973,0.064676
-1.4999e-08,0.050953,0.064654
4.6132e-08,0.050933,0.064629
1.0959e-07,0.050914,0.064602
1.7537e-07,0.050895,0.064572
2.4342e-07,0.050877,0.064539
3.1371e-07,0.05086,0.064504
3.8616e-07,0.050843,0.064466
4.607e-07,0.050827,0.064427
5.3722e-07,0.050812,0.064385
6.1561e-07,0.050798,0.06434
6.9573e-07,0.050784,0.064294
7.7742e-07,0.050771,0.064246
8.6051e-07,0.050759,0.064196
9.4479e-07,0.050748,0.064145
1.0301e-06,0.050738,0.064092
1.1161e-06,0.050729,0.064038
1.2026e-06,0.050721,0.063983
1.2892e-06,0.050714,0.063926
1.3759e-06,0.050707,0.063869
1.462e-06,0.050702,0.063811
1.5475e-06,0.050698,0.063753
1.6318e-06,0.050695,0.063695
1.7146e-06,0.050693,0.063636
1.7956e-06,0.050692,0.063577
1.8743e-06,0.050692,0.063519
1.9502e-06,0.050693,0.063461
2.0231e-06,0.050695,0.063404
2.0923e-06,0.050699,0.063348
2.1574e-06,0.050703,0.063292
2.218e-06,0.050709,0.063238
2.2735e-06,0.050715,0.063185
2.3235e-06,0.050723,0.063134
2.3675e-06,0.050732,0.063084
2.405e-06,0.050742,0.063036
2.4355e-06,0.050752,0.062989
2.4584e-06,0.050764,0.062945
2.4734e-06,0.050777,0.062903
2.4798e-06,0.050791,0.062864
2.4773e-06,0.050806,0.062826
2.4653e-06,0.050822,0.062791
2.4434e-06,0.050838,0.062759
2.4111e-06,0.050856,0.062729
2.3681e-06,0.050875,0.062703
2.314e-06,0.050894,0.062678
2.2483e-06,0.050914,0.062657
2.1707e-06,0.050935,0.062638
2.081e-06,0.050957,0.062623
1.9787e-06,0.05098,0.06261
1.8638e-06,0.051003,0.0626
1.736e-06,0.051027,0.062593
1.5951e-06,0.051052,0.062589
1.441e-06,0.051077,0.062587
1.2737e-06,0.051103,0.062589
1.0931e-06,0.051129,0.062593
8.9938e-07,0.051156,0.0626
6.9251e-07,0.051183,0.062609
4.7271e-07,0.051211,0.062621
2.402e-07,0.051239,0.062635
-4.7436e-09,0.051267,0.062652
-2.6175e-07,0.051296,0.062671
-5.304e-07,0.051325,0.062693
-8.1019e-07,0.051354,0.062716
-1.1005e-06,0.051383,0.062741
-1.4008e-06,0.051412,0.062768
-1.7103e-06,0.051442,0.062797
-2.0282e-06,0.051471,0.062828
-2.3537e-06,0.051501,0.06286
-2.6857e-06,0.05153,0.062894
-3.0233e-06,0.051559,0.062929
-3.3654e-06,0.051589,0.062965
-3.7107e-06,0.051617,0.063002
-4.058e-06,0.051646,0.06304
-4.4059e-06,0.051675,0.06308
-4.7532e-06,0.051703,0.063119
-5.0982e-06,0.05173,0.06316
-5.4394e-06,0.051757,0.063201
-5.7752e-06,0.051784,0.063243
-6.1039e-06,0.05181,0.063285
-6.4238e-06,0.051835,0.063327
-6.733e-06,0.05186,0.063369
-7.0298e-06,0.051884,0.063412
-7.3121e-06,0.051907,0.063455
-7.578e-06,0.05193,0.063498
-7.8255e-06,0.051951,0.06354
-8.0527e-06,0.051972,0.063583
-8.2574e-06,0.051991,0.063626
-8.4376e-06,0.05201,0.063668
-8.5911e-06,0.052027,0.063711
-8.716e-06,0.052044,0.063753
-8.81e-06,0.052059,0.063795
-8.871e-06,0.052073,0.063836
-8.8971e-06,0.052086,0.063877
-8.8861e-06,0.052097,0.063918
-8.8361e-06,0.052108,0.063959
-8.7449e-06,0.052116,0.063999
-8.6108e-06,0.052124,0.064039
-8.4318e-06,0.05213,0.064079
-8.2062e-06,0.052135,0.064118
-7.9321e-06,0.052139,0.064157
-7.608e-06,0.052141,0.064196
-7.2324e-06,0.052141,0.064234
-6.8038e-06,0.052141,0.064271
-6.3208e-06,0.052139,0.064309
-5.7824e-06,0.052135,0.064345
-5.1873e-06,0.052131,0.064382
-4.5349e-06,0.052125,0.064418
-3.8242e-06,0.052117,0.064453
-3.0547e-06,0.052109,0.064488
-2.226e-06,0.052099,0.064522
-1.3379e-06,0.052088,0.064556
-3.9031e-07,0.052075,0.064589
6.1665e-07,0.052062,0.064622
1.6826e-06,0.052048,0.064653
2.8069e-06,0.052032,0.064684
3.989e-06,0.052016,0.064715
5.2276e-06,0.051999,0.064744
6.5217e-06,0.051981,0.064773
7.8698e-06,0.051962,0.0648
9.2701e-06,0.051943,0.064827
1.0721e-05,0.051923,0.064852
1.222e-05,0.051902,0.064876
1.3765e-05,0.051881,0.064899
1.5353e-05,0.05186,0.064921
1.6981e-05,0.051838,0.064941
1.8647e-05,0.051817,0.06496
2.0347e-05,0.051795,0.064977
2.2077e-05,0.051773,0.064993
2.3834e-05,0.051752,0.065007
2.5615e-05,0.051731,0.06502
2.7413e-05,0.05171,0.06503
2.9227e-05,0.051689,0.065039
3.105e-05,0.051669,0.065045
3.2878e-05,0.05165,0.06505
3.4708e-05,0.051631,0.065052
3.6532e-05,0.051613,0.065053
3.8348e-05,0.051597,0.065051
4.0149e-05,0.051581,0.065047
4.193e-05,0.051566,0.06504
4.3686e-05,0.051552,0.065031
4.5412e-05,0.05154,0.06502
4.7102e-05,0.051529,0.065006
4.8752e-05,0.051519,0.06499
5.0355e-05,0.051511,0.064971
5.1907e-05,0.051504,0.06495
5.3402e-05,0.051499,0.064926
5.4836e-05,0.051496,0.064899
5.6204e-05,0.051494,0.06487
5.75e-05,0.051495,0.064838
5.872e-05,0.051497,0.064804
5.986e-05,0.051501,0.064766
6.0916e-05,0.051507,0.064726
6.1884e-05,0.051514,0.064684
6.276e-05,0.051524,0.064638
6.3541e-05,0.051536,0.06459
6.4224e-05,0.05155,0.064539
6.4807e-05,0.051566,0.064485
6.5287e-05,0.051584,0.064429
6.5662e-05,0.051604,0.06437
6.593e-05,0.051626,0.064308
6.6092e-05,0.05165,0.064244
6.6146e-05,0.051676,0.064177
6.6092e-05,0.051703,0.064107
6.593e-05,0.051733,0.064035
6.566e-05,0.051765,0.063961
6.5285e-05,0.051798,0.063884
6.4805e-05,0.051833,0.063804
6.4222e-05,0.05187,0.063723
6.3539e-05,0.051909,0.063639
6.2757e-05,0.051949,0.063554
6.1881e-05,0.05199,0.063466
6.0912e-05,0.052033,0.063376
5.9856e-05,0.052077,0.063285
5.8715e-05,0.052122,0.063191
5.7494e-05,0.052169,0.063097
5.6198e-05,0.052216,0.063
5.483e-05,0.052264,0.062903
5.3396e-05,0.052314,0.062804
5.19e-05,0.052363,0.062704
5.0347e-05,0.052414,0.062604
4.8743e-05,0.052465,0.062502
4.7093e-05,0.052516,0.0624
4.5402e-05,0.052567,0.062298
4.3676e-05,0.052618,0.062195
4.1919e-05,0.05267,0.062092
4.0137e-05,0.052721,0.061989
3.8336e-05,0.052772,0.061886
3.652e-05,0.052823,0.061784
3.4695e-05,0.052873,0.061682
3.2865e-05,0.052922,0.061581
3.1036e-05,0.052971,0.06148
2.9212e-05,0.053019,0.061381
2.7398e-05,0.053066,0.061283
2.5599e-05,0.053112,0.061186
2.3818e-05,0.053157,0.061091
2.2061e-05,0.053201,0.060997
2.033e-05,0.053243,0.060905
1.8629e-05,0.053284,0.060816
1.6963e-05,0.053324,0.060728
1.5334e-05,0.053362,0.060643
1.3746e-05,0.053399,0.06056
1.2201e-05,0.053434,0.060479
1.0701e-05,0.053468,0.060402
9.2504e-06,0.053499,0.060327
7.8499e-06,0.053529,0.060256
6.5017e-06,0.053558,0.060187
5.2076e-06,0.053585,0.060122
3.969e-06,0.053609,0.06006
2.787e-06,0.053633,0.060001
1.6628e-06,0.053654,0.059946
5.9714e-07,0.053674,0.059895
-4.0949e-07,0.053692,0.059848
-1.3567e-06,0.053708,0.059804
-2.2443e-06,0.053723,0.059764
-3.0724e-06,0.053736,0.059729
-3.8412e-06,0.053747,0.059697
-4.5511e-06,0.053757,0.059669
-5.2027e-06,0.053765,0.059646
-5.7967e-06,0.053772,0.059626
-6.3341e-06,0.053777,0.059611
-6.8159e-06,0.053781,0.0596
-7.2432e-06,0.053784,0.059593
-7.6174e-06,0.053785,0.05959
-7.94e-06,0.053785,0.059591
-8.2124e-06,0.053784,0.059596
-8.4364e-06,0.053781,0.059605
-8.6135e-06,0.053778,0.059619
-8.7457e-06,0.053773,0.059636
-8.8348e-06,0.053768,0.059657
-8.8827e-06,0.053761,0.059681
-8.8915e-06,0.053754,0.05971
-8.8631e-06,0.053745,0.059741
-8.7997e-06,0.053736,0.059777
-8.7032e-06,0.053726,0.059815
-8.5758e-06,0.053715,0.059857
-8.4196e-06,0.053703,0.059902
-8.2368e-06,0.053691,0.059949
-8.0293e-06,0.053678,0.06
-7.7994e-06,0.053664,0.060053
-7.549e-06,0.05365,0.060108
-7.2802e-06,0.053635,0.060165
-6.995e-06,0.053619,0.060225
-6.6954e-06,0.053602,0.060286
-6.3833e-06,0.053585,0.060349
-6.0606e-06,0.053568,0.060414
-5.7291e-06,0.053549,0.060479
-5.3905e-06,0.05353,0.060546
-5.0465e-06,0.053511,0.060614
-4.6989e-06,0.053491,0.060682
-4.3491e-06,0.05347,0.060751
-3.9986e-06,0.053448,0.06082
-3.649e-06,0.053426,0.060889
-3.3014e-06,0.053403,0.060958
-2.9573e-06,0.053379,0.061026
-2.6178e-06,0.053355,0.061094
-2.284e-06,0.05333,0.061161
-1.957e-06,0.053304,0.061228
-1.6377e-06,0.053277,0.061293
-1.3271e-06,0.053249,0.061357
-1.0259e-06,0.053221,0.06142
-7.3487e-07,0.053192,0.061481
-4.547e-07,0.053161,0.06154
-1.8597e-07,0.053131,0.061597
7.0829e-08,0.053099,0.061652
3.1525e-07,0.053066,0.061705
5.4691e-07,0.053032,0.061755
7.6553e-07,0.052998,0.061803
9.7085e-07,0.052963,0.061849
1.1627e-06,0.052926,0.061891
1.341e-06,0.052889,0.061931
1.5056e-06,0.052851,0.061968
1.6567e-06,0.052812,0.062001
1.7941e-06,0.052772,0.062032
1.9181e-06,0.052732,0.062059
2.0288e-06,0.05269,0.062083
2.1263e-06,0.052648,0.062104
2.211e-06,0.052605,0.062122
2.283e-06,0.052561,0.062136
2.3428e-06,0.052516,0.062147
2.3907e-06,0.05247,0.062154
2.4269e-06,0.052424,0.062158
2.4521e-06,0.052376,0.062158
2.4665e-06,0.052329,0.062155
2.4706e-06,0.05228,0.062149
2.4649e-06,0.052231,0.062139
2.4498e-06,0.052181,0.062126
2.426e-06,0.052131,0.06211
2.3938e-06,0.05208,0.062091
2.3538e-06,0.052028,0.062068
2.3066e-06,0.051976,0.062043
2.2526e-06,0.051924,0.062014
2.1923e-06,0.051871,0.061983
2.1264e-06,0.051818,0.061949
2.0553e-06,0.051765,0.061913
1.9795e-06,0.051712,0.061874
1.8996e-06,0.051658,0.061832
1.816e-06,0.051604,0.061789
1.7293e-06,0.051551,0.061743
1.64e-06,0.051497,0.061696
1.5484e-06,0.051443,0.061646
1.4552e-06,0.05139,0.061596
1.3606e-06,0.051337,0.061543
1.2652e-06,0.051284,0.06149
1.1693e-06,0.051232,0.061435
1.0734e-06,0.05118,0.06138
9.7781e-07,0.051129,0.061324
8.8288e-07,0.051079,0.061267
7.8896e-07,0.051029,0.06121
6.9637e-07,0.05098,0.061153
6.0541e-07,0.050933,0.061095
5.1634e-07,0.050886,0.061038
4.2943e-07,0.05084,0.060982
3.4491e-07,0.050796,0.060926
2.6299e-07,0.050753,0.06087
1.8388e-07,0.050712,0.060816
1.0774e-07,0.050672,0.060762
3.4728e-08,0.050633,0.06071
-3.5013e-08,0.050596,0.060659
-1.0137e-07,0.050561,0.06061
-1.6425e-07,0.050528,0.060562
-2.2356e-07,0.050497,0.060516
-2.7925e-07,0.050468,0.060473
-3.3127e-07,0.05044,0.060431
-3.7959e-07,0.050415,0.060391
-4.2419e-07,0.050392,0.060354
-4.6509e-07,0.050371,0.060319
-5.0228e-07,0.050352,0.060287
-5.3581e-07,0.050336,0.060257
-5.6572e-07,0.050321,0.06023
-5.9206e-07,0.050309,0.060205
-6.1489e-07,0.0503,0.060183
-6.3429e-07,0.050292,0.060164
-6.5034e-07,0.050287,0.060148
-6.6315e-07,0.050284,0.060134
-6.7281e-07,0.050284,0.060123
-6.7943e-07,0.050285,0.060115
-6.8313e-07,0.050289,0.06011
-6.8403e-07,0.050295,0.060108
-6.8226e-07,0.050303,0.060108
-6.7795e-07,0.050313,0.060111
-6.7124e-07,0.050325,0.060116
-6.6226e-07,0.050338,0.060124
-6.5116e-07,0.050354,0.060135
-6.3807e-07,0.050372,0.060148
-6.2314e-07,0.050391,0.060163
-6.0652e-07,0.050412,0.060181
-5.8834e-07,0.050434,0.060201
-5.6876e-07,0.050458,0.060223
-5.479e-07,0.050483,0.060247
-5.2591e-07,0.050509,0.060273
-5.0294e-07,0.050537,0.060301
-4.791e-07,0.050566,0.060331
-4.5454e-07,0.050595,0.060363
-4.2939e-07,0.050626,0.060396
-4.0376e-07,0.050657,0.06043
-3.7778e-07,0.05069,0.060466
-3.5157e-07,0.050722,0.060503
-3.2523e-07,0.050756,0.060542
-2.9888e-07,0.05079,0.060582
-2.7261e-07,0.050824,0.060622
-2.4653e-07,0.050858,0.060664
-2.2072e-07,0.050893,0.060707
-1.9527e-07,0.050928,0.06075
-1.7027e-07,0.050962,0.060795
-1.4579e-07,0.050997,0.06084
-1.2189e-07,0.051032,0.060885
-9.8645e-08,0.051066,0.060931
-7.6112e-08,0.0511,0.060978
-5.4344e-08,0.051134,0.061025
-3.3389e-08,0.051168,0.061073
-1.3289e-08,0.051201,0.06112
5.9178e-09,0.051233,0.061169
2.42e-08,0.051265,0.061217
4.1531e-08,0.051296,0.061266
5.7888e-08,0.051327,0.061314
7.3254e-08,0.051357,0.061363
8.7617e-08,0.051386,0.061412
1.0097e-07,0.051414,0.061461
1.133e-07,0.051441,0.06151
1.2462e-07,0.051468,0.061559
1.3493e-07,0.051493,0.061608
1.4423e-07,0.051518,0.061657
1.5254e-07,0.051542,0.061706
1.5987e-07,0.051564,0.061754
1.6625e-07,0.051586,0.061803
1.7168e-07,0.051607,0.061851
1.7619e-07,0.051626,0.061899
1.7982e-07,0.051645,0.061946
1.8258e-07,0.051662,0.061993
1.8451e-07,0.051679,0.06204
1.8564e-07,0.051694,0.062086
1.86e-07,0.051708,0.062132
1.8562e-07,0.051722,0.062177
1.8455e-07,0.051734,0.062222
1.8281e-07,0.051745,0.062266
1.8046e-07,0.051756,0.062309
1.7751e-07,0.051765,0.062352
1.7403e-07,0.051773,0.062393
1.7003e-07,0.051781,0.062434
1.6557e-07,0.051787,0.062474
1.6068e-07,0.051793,0.062513
1.554e-07,0.051797,0.062551
1.4977e-07,0.051801,0.062587
1.4382e-07,0.051804,0.062623
1.376e-07,0.051806,0.062657
1.3114e-07,0.051807,0.062689
1.2448e-07,0.051808,0.062721
1.1766e-07,0.051807,0.062751
1.107e-07,0.051806,0.062779
1.0363e-07,0.051804,0.062806
9.6506e-08,0.051801,0.062831
8.934e-08,0.051798,0.062855
8.2167e-08,0.051793,0.062877
7.5013e-08,0.051788,0.062897
6.7906e-08,0.051782,0.062915
6.0871e-08,0.051776,0.062932
5.3931e-08,0.051768,0.062946
4.7109e-08,0.05176,0.062959
4.0426e-08,0.051751,0.062969
3.3901e-08,0.051742,0.062978
2.7552e-08,0.051732,0.062985
2.1394e-08,0.051721,0.06299
1.5443e-08,0.051709,0.062992
9.7115e-09,0.051696,0.062993
4.2118e-09,0.051683,0.062992
-1.0461e-09,0.051669,0.062989
-6.0531e-09,0.051655,0.062983
-1.0802e-08,0.05164,0.062976
-1.5286e-08,0.051624,0.062967
-1.9501e-08,0.051607,0.062956
-2.3442e-08,0.05159,0.062942
-2.7109e-08,0.051572,0.062927
-3.0499e-08,0.051553,0.062911
-3.3612e-08,0.051534,0.062892
-3.6449e-08,0.051514,0.062871
-3.9013e-08,0.051494,0.062849
-4.1307e-08,0.051472,0.062825
-4.3333e-08,0.051451,0.0628
-4.5097e-08,0.051429,0.062773
-4.6605e-08,0.051406,0.062744
-4.7862e-08,0.051382,0.062715
-4.8876e-08,0.051359,0.062683
-4.9653e-08,0.051334,0.062651
-5.0203e-08,0.051309,0.062617
-5.0534e-08,0.051284,0.062582
-5.0654e-08,0.051258,0.062546
-5.0574e-08,0.051232,0.062509
-5.0302e-08,0.051206,0.062471
-4.9849e-08,0.051179,0.062433
-4.9225e-08,0.051151,0.062393
-4.8441e-08,0.051124,0.062353
-4.7507e-08,0.051096,0.062313
-4.6434e-08,0.051068,0.062272
-4.5232e-08,0.051039,0.062231
-4.3912e-08,0.051011,0.062189
-4.2485e-08,0.050982,0.062147
-4.0961e-08,0.050953,0.062105
-3.9351e-08,0.050924,0.062063
-3.7665e-08,0.050895,0.062021
-3.5912e-08,0.050865,0.06198
-3.4104e-08,0.050836,0.061938
-3.2249e-08,0.050806,0.061897
-3.0356e-08,0.050777,0.061856
-2.8436e-08,0.050748,0.061815
-2.6496e-08,0.050719,0.061775
-2.4545e-08,0.050689,0.061736
-2.259e-08,0.05066,0.061697
-2.0641e-08,0.050632,0.061659
-1.8704e-08,0.050603,0.061622
-1.6785e-08,0.050575,0.061585
-1.4892e-08,0.050547,0.061549
-1.303e-08,0.05052,0.061515
-1.1205e-08,0.050492,0.061481
-9.4227e-09,0.050466,0.061448
-7.6877e-09,0.05044,0.061416
-6.0046e-09,0.050414,0.061385
-4.3773e-09,0.05039,0.061355
-2.8095e-09,0.050366,0.061326
-1.3044e-09,0.050342,0.061298
1.3502e-10,0.05032,0.061271
1.5064e-09,0.050298,0.061246
2.8076e-09,0.050278,0.061221
4.0369e-09,0.050258,0.061198
5.193e-09,0.050239,0.061175
6.2748e-09,0.050222,0.061154
7.2817e-09,0.050206,0.061134
8.2132e-09,0.050191,0.061114
9.0694e-09,0.050177,0.061096
9.8505e-09,0.050165,0.061079
1.0557e-08,0.050155,0.061062
1.1189e-08,0.050145,0.061047
1.1749e-08,0.050138,0.061033
1.2238e-08,0.050132,0.061019
1.2656e-08,0.050127,0.061006
1.3005e-08,0.050125,0.060994
1.3289e-08,0.050124,0.060983
1.3507e-08,0.050124,0.060972
1.3664e-08,0.050127,0.060962
1.376e-08,0.050131,0.060953
1.3799e-08,0.050137,0.060944
1.3783e-08,0.050145,0.060936
1.3714e-08,0.050155,0.060929
1.3596e-08,0.050167,0.060922
1.3431e-08,0.05018,0.060915
1.3222e-08,0.050195,0.060908
1.2972e-08,0.050213,0.060902
1.2684e-08,0.050231,0.060897
1.236e-08,0.050252,0.060891
1.2004e-08,0.050274,0.060886
1.1618e-08,0.050298,0.060881
1.1205e-08,0.050324,0.060876
1.0769e-08,0.050351,0.060871
1.0312e-08,0.05038,0.060866
9.8362e-09,0.050411,0.060861
9.3451e-09,0.050442,0.060857
8.841e-09,0.050476,0.060852
8.3264e-09,0.05051,0.060847
7.8039e-09,0.050546,0.060842
7.2759e-09,0.050584,0.060836
6.7446e-09,0.050622,0.060831
6.2123e-09,0.050662,0.060825
5.6809e-09,0.050702,0.060819
5.1527e-09,0.050744,0.060813
4.6293e-09,0.050787,0.060806
4.1127e-09,0.05083,0.060799
3.6045e-09,0.050875,0.060792
3.1062e-09,0.05092,0.060784
2.6194e-09,0.050966,0.060776
2.1453e-09,0.051012,0.060767
1.6852e-09,0.051059,0.060757
1.2401e-09,0.051107,0.060747
8.1123e-10,0.051155,0.060737
3.9932e-10,0.051203,0.060726
5.2038e-12,0.051252,0.060714
-3.7044e-10,0.051301,0.060702
-7.2702e-10,0.05135,0.060689
-1.0641e-09,0.051399,0.060676
-1.3812e-09,0.051448,0.060662
-1.6781e-09,0.051497,0.060647
-1.9547e-09,0.051546,0.060632
-2.2107e-09,0.051595,0.060616
-2.4461e-09,0.051644,0.0606
-2.6611e-09,0.051692,0.060583
-2.8558e-09,0.051739,0.060565
-3.0303e-09,0.051787,0.060547
-3.185e-09,0.051833,0.060529
-3.3201e-09,0.051879,0.06051
-3.436e-09,0.051924,0.060491
-3.5333e-09,0.051969,0.060472
-3.6124e-09,0.052012,0.060453
-3.6739e-09,0.052054,0.060433
-3.7183e-09,0.052095,0.060414
-3.7464e-09,0.052135,0.060394
-3.7586e-09,0.052174,0.060375
-3.7558e-09,0.052211,0.060356
-3.7387e-09,0.052246,0.060337
-3.7079e-09,0.05228,0.060319
-3.6643e-09,0.052312,0.060302
-3.6087e-09,0.052343,0.060285
-3.5417e-09,0.052371,0.060269
-3.4642e-09,0.052397,0.060254
-3.377e-09,0.052422,0.060239
-3.2809e-09,0.052444,0.060226
-3.1767e-09,0.052464,0.060215
-3.0651e-09,0.052481,0.060205
-2.9469e-09,0.052496,0.060196
-2.8229e-09,0.052508,0.060189
-2.6939e-09,0.052517,0.060184
-2.5605e-09,0.052524,0.06018
-2.4235e-09,0.052528,0.060179
-2.2837e-09,0.052529,0.06018
-2.1415e-09,0.052527,0.060183
-1.9978e-09,0.052522,0.060189
-1.8532e-09,0.052514,0.060197
-1.7081e-09,0.052502,0.060207
-1.5633e-09,0.052488,0.06022
-1.4193e-09,0.05247,0.060236
-1.2766e-09,0.052448,0.060254
-1.1356e-09,0.052424,0.060275
-9.9691e-10,0.052396,0.0603
-8.6086e-10,0.052365,0.060327
-7.2788e-10,0.05233,0.060356
-5.9833e-10,0.052292,0.060389
-4.7256e-10,0.052251,0.060425
-3.5087e-10,0.052206,0.060464
-2.3353e-10,0.052158,0.060505
-1.2081e-10,0.052107,0.060549
-1.2903e-11,0.052052,0.060597
8.9985e-11,0.051995,0.060647
1.877e-10,0.051934,0.060699
2.801e-10,0.051871,0.060754
3.6709e-10,0.051804,0.060812
4.4858e-10,0.051735,0.060872
5.2452e-10,0.051663,0.060935
5.9487e-10,0.051589,0.061
6.5963e-10,0.051512,0.061066
7.188e-10,0.051432,0.061135
7.7243e-10,0.051351,0.061205
8.2057e-10,0.051268,0.061277
8.6328e-10,0.051182,0.06135
9.0066e-10,0.051096,0.061425
9.3282e-10,0.051007,0.061501
9.5987e-10,0.050918,0.061577
9.8196e-10,0.050827,0.061654
9.9922e-10,0.050735,0.061732
1.0118e-09,0.050643,0.061809
1.0199e-09,0.05055,0.061887
1.0237e-09,0.050457,0.061965
1.0234e-09,0.050363,0.062042
1.0192e-09,0.05027,0.062119
1.0112e-09,0.050178,0.062194
9.9967e-10,0.050086,0.062269
9.8486e-10,0.049994,0.062343
9.6694e-10,0.049904,0.062415
9.4614e-10,0.049815,0.062485
9.2267e-10,0.049728,0.062554
8.9674e-10,0.049642,0.062621
8.6857e-10,0.049559,0.062685
8.3838e-10,0.049477,0.062747
8.0638e-10,0.049398,0.062807
7.7276e-10,0.049322,0.062864
7.3775e-10,0.049248,0.062918
7.0154e-10,0.049178,0.062969
6.6432e-10,0.049111,0.063017
6.2629e-10,0.049047,0.063062
5.8763e-10,0.048987,0.063104
5.4852e-10,0.04893,0.063142
5.0913e-10,0.048878,0.063177
4.6963e-10,0.04883,0.063208
4.3018e-10,0.048786,0.063235
3.9091e-10,0.048746,0.063259
3.5198e-10,0.048711,0.063279
3.1353e-10,0.048681,0.063296
2.7566e-10,0.048656,0.063308
2.3852e-10,0.048635,0.063317
2.022e-10,0.048619,0.063322
1.668e-10,0.048609,0.063324
1.3242e-10,0.048604,0.063321
9.9143e-11,0.048603,0.063315
6.7047e-11,0.048609,0.063305
3.6199e-11,0.048619,0.063292
6.6586e-12,0.048634,0.063275
-2.1521e-11,0.048655,0.063255
-4.8295e-11,0.048681,0.063231
-7.3626e-11,0.048712,0.063204
-9.7485e-11,0.048749,0.063173
-1.1985e-10,0.04879,0.06314
-1.407e-10,0.048837,0.063103
-1.6003e-10,0.048888,0.063064
-1.7784e-10,0.048945,0.063022
-1.9413e-10,0.049006,0.062977
-2.089e-10,0.049072,0.062929
-2.2217e-10,0.049142,0.06288
-2.3397e-10,0.049217,0.062828
-2.4431e-10,0.049296,0.062774
-2.5323e-10,0.04938,0.062718
-2.6074e-10,0.049467,0.06266
-2.6691e-10,0.049558,0.0626
-2.7175e-10,0.049653,0.062539
-2.7532e-10,0.049751,0.062477
-2.7766e-10,0.049852,0.062414
-2.7882e-10,0.049956,0.062349
-2.7885e-10,0.050063,0.062284
-2.7781e-10,0.050173,0.062218
-2.7574e-10,0.050285,0.062152
-2.7271e-10,0.050399,0.062085
-2.6877e-10,0.050515,0.062018
-2.6398e-10,0.050633,0.061951
-2.584e-10,0.050752,0.061884
-2.5208e-10,0.050872,0.061818
-2.4509e-10,0.050993,0.061752
-2.3748e-10,0.051115,0.061686
-2.2931e-10,0.051237,0.061622
-2.2064e-10,0.05136,0.061558
-2.1153e-10,0.051482,0.061495
-2.0203e-10,0.051604,0.061433
-1.922e-10,0.051725,0.061373
-1.8209e-10,0.051845,0.061314
-1.7175e-10,0.051965,0.061256
-1.6124e-10,0.052083,0.0612
-1.5059e-10,0.052199,0.061146
-1.3987e-10,0.052314,0.061094
-1.2911e-10,0.052427,0.061043
-1.1836e-10,0.052537,0.060995
-1.0765e-10,0.052645,0.060949
-9.7037e-11,0.052751,0.060905
-8.6545e-11,0.052854,0.060863
-7.6212e-11,0.052953,0.060824
-6.607e-11,0.05305,0.060787
-5.6149e-11,0.053143,0.060752
-4.6478e-11,0.053232,0.06072
-3.7081e-11,0.053318,0.06069
-2.7982e-11,0.053401,0.060663
-1.9203e-11,0.053479,0.060638
-1.0762e-11,0.053553,0.060616
-2.6748e-12,0.053623,0.060596
5.0428e-12,0.053689,0.060578
1.2379e-11,0.053751,0.060563
1.9323e-11,0.053809,0.060551
2.5866e-11,0.053862,0.060541
3.2003e-11,0.05391,0.060533
3.7729e-11,0.053954,0.060527
4.304e-11,0.053994,0.060524
4.7936e-11,0.054029,0.060523
5.2418e-11,0.05406,0.060523
5.6487e-11,0.054086,0.060526
6.0148e-11,0.054108,0.060531
6.3405e-11,0.054125,0.060537
6.6265e-11,0.054138,0.060544
6.8735e-11,0.054147,0.060554
7.0825e-11,0.054152,0.060564
7.2543e-11,0.054152,0.060576
7.3902e-11,0.054148,0.060589
7.4911e-11,0.054141,0.060603
7.5585e-11,0.05413,0.060618
7.5936e-11,0.054114,0.060633
7.5977e-11,0.054096,0.060649
7.5724e-11,0.054074,0.060666
7.5191e-11,0.054048,0.060683
7.4393e-11,0.05402,0.060699
7.3346e-11,0.053988,0.060716
7.2065e-11,0.053953,0.060733
7.0567e-11,0.053916,0.06075
6.8867e-11,0.053876,0.060766
6.6981e-11,0.053834,0.060781
6.4926e-11,0.05379,0.060796
6.2717e-11,0.053743,0.06081
6.037e-11,0.053695,0.060823
5.79e-11,0.053645,0.060835
5.5323e-11,0.053593,0.060846
5.2654e-11,0.05354,0.060856
4.9908e-11,0.053485,0.060865
4.7097e-11,0.05343,0.060872
4.4238e-11,0.053374,0.060878
4.1341e-11,0.053317,0.060882
3.8422e-11,0.05326,0.060884
3.5491e-11,0.053202,0.060885
3.2561e-11,0.053144,0.060884
2.9644e-11,0.053086,0.060881
2.6749e-11,0.053028,0.060877
2.3886e-11,0.05297,0.060871
2.1066e-11,0.052913,0.060863
1.8297e-11,0.052856,0.060853
1.5588e-11,0.0528,0.060842
1.2945e-11,0.052745,0.060828
1.0377e-11,0.05269,0.060813
7.8893e-12,0.052636,0.060796
5.4879e-12,0.052584,0.060778
3.178e-12,0.052532,0.060758
9.6435e-13,0.052482,0.060736
-1.1492e-12,0.052433,0.060713
-3.1591e-12,0.052386,0.060688
-5.0625e-12,0.05234,0.060662
-6.8571e-12,0.052296,0.060635
-8.541e-12,0.052252,0.060606
-1.0113e-11,0.052211,0.060577
-1.1572e-11,0.052171,0.060546
-1.2918e-11,0.052133,0.060514
-1.4152e-11,0.052096,0.060482
-1.5272e-11,0.052061,0.060449
-1.6282e-11,0.052027,0.060415
-1.7181e-11,0.051995,0.060381
-1.7972e-11,0.051964,0.060346
-1.8656e-11,0.051935,0.060311
-1.9236e-11,0.051907,0.060276
-1.9716e-11,0.05188,0.060241
-2.0096e-11,0.051855,0.060205
-2.0381e-11,0.051831,0.06017
-2.0575e-11,0.051808,0.060136
-2.068e-11,0.051786,0.060101
-2.07e-11,0.051765,0.060067
-2.064e-11,0.051744,0.060034
-2.0502e-11,0.051725,0.060001
-2.0293e-11,0.051706,0.059969
-2.0015e-11,0.051687,0.059938
-1.9673e-11,0.051669,0.059908
-1.9271e-11,0.051652,0.059879
-1.8813e-11,0.051634,0.059851
-1.8305e-11,0.051616,0.059824
-1.775e-11,0.051599,0.059798
-1.7153e-11,0.051581,0.059774
-1.6517e-11,0.051563,0.059751
-1.5848e-11,0.051544,0.05973
-1.5149e-11,0.051525,0.05971
-1.4424e-11,0.051505,0.059692
-1.3678e-11,0.051485,0.059675
-1.2914e-11,0.051464,0.05966
-1.2137e-11,0.051441,0.059647
-1.1348e-11,0.051418,0.059635
-1.0554e-11,0.051394,0.059625
-9.7555e-12,0.051369,0.059617
-8.9572e-12,0.051342,0.059611
-8.1619e-12,0.051315,0.059607
-7.3724e-12,0.051286,0.059604
-6.5915e-12,0.051255,0.059603
-5.8219e-12,0.051224,0.059604
-5.066e-12,0.051191,0.059607
-4.326e-12,0.051157,0.059612
-3.6041e-12,0.051121,0.059618
-2.9022e-12,0.051085,0.059626
-2.222e-12,0.051047,0.059636
-1.5652e-12,0.051008,0.059648
-9.3319e-13,0.050968,0.059661
-3.2724e-13,0.050927,0.059676
2.5154e-13,0.050885,0.059692
8.0219e-13,0.050842,0.05971
1.3239e-12,0.050798,0.059729
1.816e-12,0.050754,0.05975
2.2781e-12,0.050709,0.059772
2.7096e-12,0.050664,0.059796
3.1105e-12,0.050619,0.05982
3.4806e-12,0.050574,0.059846
3.8199e-12,0.050528,0.059873
4.1285e-12,0.050483,0.059901
4.4068e-12,0.050438,0.05993
4.655e-12,0.050394,0.059961
4.8736e-12,0.05035,0.059992
5.0632e-12,0.050307,0.060023
5.2244e-12,0.050265,0.060056
5.3578e-12,0.050225,0.06009
5.4644e-12,0.050185,0.060124
5.5449e-12,0.050147,0.060159
5.6002e-12,0.050111,0.060194
5.6314e-12,0.050076,0.06023
5.6394e-12,0.050043,0.060267
5.6253e-12,0.050012,0.060304
5.5902e-12,0.049984,0.060341
5.5352e-12,0.049957,0.060379
5.4614e-12,0.049933,0.060417
5.3701e-12,0.049912,0.060456
5.2623e-12,0.049893,0.060494
5.1393e-12,0.049876,0.060533
5.0023e-12,0.049863,0.060573
4.8524e-12,0.049852,0.060612
4.6909e-12,0.049844,0.060652
4.5188e-12,0.049839,0.060691
4.3375e-12,0.049837,0.060731
4.1479e-12,0.049838,0.060771
3.9512e-12,0.049842,0.06081
3.7485e-12,0.049849,0.06085
3.5409e-12,0.049859,0.060889
3.3294e-12,0.049872,0.060928
3.115e-12,0.049888,0.060967
2.8987e-12,0.049907,0.061006
2.6813e-12,0.049929,0.061044
2.4638e-12,0.049954,0.061082
2.247e-12,0.049981,0.061119
2.0317e-12,0.050012,0.061155
1.8187e-12,0.050045,0.061191
1.6087e-12,0.050081,0.061226
1.4023e-12,0.050119,0.06126
1.2003e-12,0.05016,0.061293
1.003e-12,0.050203,0.061324
8.112e-13,0.050249,0.061355
6.2524e-13,0.050296,0.061384
4.456e-13,0.050346,0.061412
2.7267e-13,0.050397,0.061438
1.0681e-13,0.050451,0.061462
-5.1677e-14,0.050506,0.061484
-2.0253e-13,0.050562,0.061505
-3.4552e-13,0.05062,0.061523
-4.8047e-13,0.050679,0.061539
-6.0724e-13,0.050739,0.061553
-7.2571e-13,0.0508,0.061564
-8.3583e-13,0.050861,0.061573
-9.3756e-13,0.050924,0.061579
-1.0309e-12,0.050987,0.061582
-1.1159e-12,0.05105,0.061583
-1.1926e-12,0.051113,0.06158
-1.2611e-12,0.051177,0.061574
-1.3215e-12,0.051241,0.061566
-1.374e-12,0.051304,0.061554
-1.4188e-12,0.051367,0.061539
-1.4559e-12,0.05143,0.06152
-1.4858e-12,0.051492,0.061498
-1.5084e-12,0.051553,0.061473
-1.5243e-12,0.051613,0.061445
-1.5335e-12,0.051673,0.061413
-1.5363e-12,0.051732,0.061378
-1.5331e-12,0.051789,0.06134
-1.5242e-12,0.051845,0.061298
-1.5097e-12,0.0519,0.061253
-1.4902e-12,0.051953,0.061205
-1.4658e-12,0.052005,0.061154
-1.4369e-12,0.052055,0.0611
-1.4039e-12,0.052103,0.061043
-1.3669e-12,0.05215,0.060983
-1.3265e-12,0.052194,0.06092
-1.2828e-12,0.052237,0.060855
-1.2362e-12,0.052278,0.060787
-1.1871e-12,0.052317,0.060717
-1.1357e-12,0.052354,0.060645
-1.0823e-12,0.052388,0.060571
-1.0273e-12,0.052421,0.060495
-9.7083e-13,0.052451,0.060418
-9.1332e-13,0.052479,0.060339
-8.5498e-13,0.052505,0.060259
-7.9609e-13,0.052529,0.060177
-7.3689e-13,0.05255,0.060095
-6.7763e-13,0.052569,0.060013
-6.1854e-13,0.052586,0.059929
-5.5984e-13,0.052601,0.059846
-5.0174e-13,0.052613,0.059763
-4.4443e-13,0.052623,0.059679
-3.881e-13,0.052631,0.059596
-3.3291e-13,0.052637,0.059514
-2.7904e-13,0.052641,0.059433
-2.2661e-13,0.052642,0.059352
-1.7577e-13,0.052641,0.059273
-1.2664e-13,0.052638,0.059195
-7.9332e-14,0.052634,0.059119
-3.3934e-14,0.052627,0.059044
9.4634e-15,0.052618,0.058972
5.0788e-14,0.052607,0.058901
8.9977e-14,0.052594,0.058833
1.2698e-13,0.05258,0.058767
1.6176e-13,0.052563,0.058704
1.9428e-13,0.052545,0.058644
2.2453e-13,0.052526,0.058587
2.5249e-13,0.052504,0.058532
2.7817e-13,0.052482,0.058481
3.0157e-13,0.052457,0.058433
3.2271e-13,0.052431,0.058388
3.4161e-13,0.052404,0.058347
3.5831e-13,0.052375,0.05831
3.7285e-13,0.052346,0.058276
3.8526e-13,0.052314,0.058245
3.9561e-13,0.052282,0.058218
4.0395e-13,0.052249,0.058195
4.1034e-13,0.052214,0.058176
4.1485e-13,0.052179,0.058161
4.1755e-13,0.052142,0.058149
4.1851e-13,0.052105,0.058141
4.1781e-13,0.052067,0.058137
4.1554e-13,0.052028,0.058136
4.1177e-13,0.051988,0.05814
4.066e-13,0.051947,0.058147
4.0009e-13,0.051906,0.058157
3.9236e-13,0.051864,0.058172
3.8347e-13,0.051821,0.058189
3.7352e-13,0.051778,0.058211
3.626e-13,0.051734,0.058235
3.5079e-13,0.05169,0.058263
3.3819e-13,0.051645,0.058294
3.2487e-13,0.0516,0.058328
3.1093e-13,0.051554,0.058365
2.9644e-13,0.051508,0.058404
2.8149e-13,0.051462,0.058447
2.6616e-13,0.051415,0.058492
2.5052e-13,0.051368,0.058539
2.3465e-13,0.051321,0.058589
2.1862e-13,0.051274,0.05864
2.025e-13,0.051227,0.058694
1.8636e-13,0.051179,0.05875
1.7025e-13,0.051132,0.058807
1.5425e-13,0.051084,0.058866
1.384e-13,0.051037,0.058926
1.2276e-13,0.05099,0.058987
1.0738e-13,0.050943,0.05905
9.2315e-14,0.050896,0.059113
7.7597e-14,0.05085,0.059177
6.3271e-14,0.050804,0.059242
4.9373e-14,0.050758,0.059306
3.5937e-14,0.050713,0.059371
2.2993e-14,0.050669,0.059436
1.0568e-14,0.050625,0.059501
-1.3143e-15,0.050582,0.059566
-1.2634e-14,0.050539,0.05963
-2.3374e-14,0.050497,0.059694
-3.352e-14,0.050457,0.059757
-4.3061e-14,0.050417,0.059818
-5.1987e-14,0.050378,0.059879
-6.0295e-14,0.05034,0.059939
-6.798e-14,0.050304,0.059997
-7.5043e-14,0.050269,0.060054
-8.1485e-14,0.050235,0.06011
-8.7311e-14,0.050202,0.060163
-9.2526e-14,0.050171,0.060215
-9.7141e-14,0.050141,0.060265
-1.0116e-13,0.050113,0.060313
-1.0461e-13,0.050086,0.060359
-1.0749e-13,0.050061,0.060403
-1.0982e-13,0.050038,0.060445
-1.1162e-13,0.050016,0.060484
-1.129e-13,0.049996,0.060521
-1.1369e-13,0.049978,0.060555
-1.14e-13,0.049962,0.060587
-1.1386e-13,0.049948,0.060616
-1.1329e-13,0.049936,0.060643
-1.123e-13,0.049926,0.060668
-1.1093e-13,0.049918,0.060689
-1.092e-13,0.049911,0.060708
-1.0713e-13,0.049907,0.060725
-1.0474e-13,0.049905,0.060739
-1.0206e-13,0.049905,0.06075
-9.9114e-14,0.049907,0.060759
-9.5923e-14,0.049911,0.060765
-9.2512e-14,0.049917,0.060768
-8.8905e-14,0.049925,0.060769
-8.5124e-14,0.049935,0.060768
-8.1193e-14,0.049947,0.060764
-7.7133e-14,0.049962,0.060757
-7.2967e-14,0.049978,0.060749
-6.8714e-14,0.049996,0.060738
-6.4397e-14,0.050016,0.060725
-6.0034e-14,0.050038,0.060709
-5.5644e-14,0.050061,0.060692
-5.1246e-14,0.050087,0.060673
-4.6857e-14,0.050114,0.060652
-4.2494e-14,0.050143,0.060628
-3.8171e-14,0.050173,0.060604
-3.3904e-14,0.050206,0.060577
-2.9707e-14,0.050239,0.060549
-2.5592e-14,0.050274,0.060519
-2.1571e-14,0.050311,0.060488
-1.7656e-14,0.050349,0.060455
-1.3857e-14,0.050388,0.060422
-1.0183e-14,0.050428,0.060387
-6.642e-15,0.05047,0.060351
-3.2415e-15,0.050512,0.060314
1.1953e-17,0.050555,0.060276
3.1126e-15,0.0506,0.060237
6.0558e-15,0.050645,0.060197
8.8375e-15,0.050691,0.060157
1.1455e-14,0.050738,0.060116
1.3905e-14,0.050785,0.060074
1.6186e-14,0.050833,0.060032
1.8298e-14,0.050881,0.05999
2.0241e-14,0.050929,0.059947
2.2014e-14,0.050978,0.059904
2.3619e-14,0.051027,0.059861
2.5058e-14,0.051076,0.059817
2.6333e-14,0.051125,0.059774
2.7447e-14,0.051174,0.05973
2.8402e-14,0.051223,0.059686
2.9203e-14,0.051272,0.059643
2.9854e-14,0.05132,0.059599
3.0359e-14,0.051368,0.059556
3.0724e-14,0.051416,0.059513
3.0953e-14,0.051462,0.05947
3.1052e-14,0.051509,0.059427
3.1027e-14,0.051554,0.059385
3.0883e-14,0.051599,0.059343
3.0628e-14,0.051643,0.059301
3.0266e-14,0.051686,0.05926
2.9804e-14,0.051727,0.059219
2.9249e-14,0.051768,0.059179
2.8608e-14,0.051808,0.059139
2.7886e-14,0.051846,0.0591
2.7091e-14,0.051883,0.059061
2.6229e-14,0.051918,0.059023
2.5306e-14,0.051952,0.058986
2.4329e-14,0.051984,0.058949
2.3303e-14,0.052015,0.058913
2.2237e-14,0.052044,0.058878
2.1134e-14,0.052071,0.058844
2.0002e-14,0.052096,0.058811
1.8846e-14,0.05212,0.058778
1.7672e-14,0.052141,0.058747
1.6484e-14,0.05216,0.058716
1.5289e-14,0.052178,0.058687
1.4091e-14,0.052193,0.058659
1.2895e-14,0.052206,0.058632
1.1705e-14,0.052217,0.058606
1.0526e-14,0.052226,0.058581
9.362e-15,0.052232,0.058558
8.2163e-15,0.052237,0.058537
7.0927e-15,0.052239,0.058517
5.9946e-15,0.052239,0.058498
4.9248e-15,0.052236,0.058481
3.8863e-15,0.052232,0.058465
2.8816e-15,0.052225,0.058452
1.9129e-15,0.052216,0.05844
9.8224e-16,0.052206,0.05843
9.1515e-17,0.052193,0.058421
-7.5776e-16,0.052178,0.058415
-1.5643e-15,0.052161,0.05841
-2.3269e-15,0.052142,0.058408
-3.0447e-15,0.052122,0.058407
-3.7172e-15,0.0521,0.058409
-4.3437e-15,0.052076,0.058412
-4.9242e-15,0.052051,0.058418
-5.4584e-15,0.052024,0.058425
-5.9464e-15,0.051997,0.058435
-6.3887e-15,0.051968,0.058446
-6.7856e-15,0.051938,0.05846
-7.1377e-15,0.051908,0.058475
-7.4458e-15,0.051876,0.058493
-7.7107e-15,0.051845,0.058512
-7.9335e-15,0.051812,0.058533
-8.1152e-15,0.05178,0.058557
-8.2572e-15,0.051747,0.058581
-8.3606e-15,0.051714,0.058608
-8.427e-15,0.051682,0.058636
-8.4578e-15,0.05165,0.058666
-8.4546e-15,0.051618,0.058697
-8.4189e-15,0.051587,0.058729
-8.3524e-15,0.051557,0.058763
-8.2569e-15,0.051528,0.058797
-8.134e-15,0.051499,0.058833
-7.9856e-15,0.051472,0.05887
-7.8133e-15,0.051446,0.058907
-7.619e-15,0.051422,0.058945
-7.4045e-15,0.051399,0.058984
-7.1715e-15,0.051378,0.059023
-6.9218e-15,0.051358,0.059062
-6.6571e-15,0.051341,0.059102
-6.3793e-15,0.051325,0.059141
-6.0898e-15,0.051311,0.05918
-5.7905e-15,0.0513,0.059219
-5.4829e-15,0.05129,0.059258
-5.1686e-15,0.051283,0.059296
-4.8491e-15,0.051278,0.059334
-4.526e-15,0.051275,0.05937
-4.2006e-15,0.051275,0.059406
-3.8742e-15,0.051276,0.059441
-3.5482e-15,0.051281,0.059475
-3.2239e-15,0.051287,0.059508
-2.9024e-15,0.051296,0.05954
-2.5847e-15,0.051307,0.05957
-2.272e-15,0.05132,0.059599
-1.9653e-15,0.051336,0.059626
-1.6653e-15,0.051353,0.059652
-1.373e-15,0.051373,0.059676
-1.0891e-15,0.051395,0.059699
-8.1439e-16,0.051419,0.05972
-5.4941e-16,0.051445,0.059739
-2.9474e-16,0.051472,0.059757
-5.0882e-17,0.051502,0.059772
1.8172e-16,0.051533,0.059786
4.0271e-16,0.051565,0.059798
6.1178e-16,0.051599,0.059809
8.0868e-16,0.051634,0.059817
9.9322e-16,0.05167,0.059824
1.1653e-15,0.051708,0.059829
1.3248e-15,0.051746,0.059833
1.4717e-15,0.051785,0.059834
1.606e-15,0.051825,0.059835
1.7278e-15,0.051865,0.059833
1.8373e-15,0.051905,0.05983
1.9345e-15,0.051946,0.059826
2.0197e-15,0.051987,0.05982
2.0932e-15,0.052028,0.059812
2.1551e-15,0.052069,0.059804
2.2058e-15,0.052109,0.059794
2.2457e-15,0.052149,0.059783
2.275e-15,0.052189,0.059771
2.2941e-15,0.052228,0.059758
2.3036e-15,0.052266,0.059745
2.3037e-15,0.052303,0.05973
2.2949e-15,0.052339,0.059715
2.2777e-15,0.052374,0.059699
2.2525e-15,0.052408,0.059682
2.2198e-15,0.05244,0.059666
2.1801e-15,0.052471,0.059648
2.1339e-15,0.0525,0.059631
2.0816e-15,0.052528,0.059613
2.0237e-15,0.052554,0.059595
1.9608e-15,0.052578,0.059577
1.8932e-15,0.052601,0.059559
1.8216e-15,0.052621,0.059542
1.7462e-15,0.05264,0.059524
1.6677e-15,0.052656,0.059507
1.5864e-15,0.052671,0.05949
1.5029e-15,0.052683,0.059473
1.4174e-15,0.052693,0.059457
1.3305e-15,0.052701,0.059441
1.2426e-15,0.052707,0.059426
1.154e-15,0.05271,0.059411
1.0651e-15,0.052711,0.059397
9.7627e-16,0.05271,0.059384
8.8785e-16,0.052707,0.059371
8.0016e-16,0.052702,0.059359
7.135e-16,0.052694,0.059347
6.2816e-16,0.052684,0.059337
5.444e-16,0.052672,0.059327
4.6247e-16,0.052658,0.059318
3.8261e-16,0.052641,0.059309
3.0502e-16,0.052623,0.059302
2.299e-16,0.052603,0.059295
1.5741e-16,0.05258,0.059289
8.7724e-17,0.052556,0.059283
2.0967e-17,0.05253,0.059278
-4.2738e-17,0.052501,0.059274
-1.0329e-16,0.052472,0.059271
-1.606e-16,0.05244,0.059268
-2.146e-16,0.052407,0.059266
-2.6524e-16,0.052373,0.059264
-3.1248e-16,0.052337,0.059263
-3.563e-16,0.0523,0.059263
-3.967e-16,0.052261,0.059263
-4.3366e-16,0.052222,0.059263
-4.6722e-16,0.052181,0.059264
-4.9741e-16,0.05214,0.059264
-5.2426e-16,0.052098,0.059266
-5.4783e-16,0.052055,0.059267
-5.6818e-16,0.052012,0.059268
-5.8539e-16,0.051968,0.05927
-5.9953e-16,0.051924,0.059271
-6.1071e-16,0.05188,0.059272
-6.19e-16,0.051836,0.059273
-6.2452e-16,0.051792,0.059274
-6.2737e-16,0.051749,0.059274
-6.2767e-16,0.051705,0.059274
-6.2553e-16,0.051663,0.059273
-6.2109e-16,0.05162,0.059271
-6.1446e-16,0.051579,0.059269
-6.0578e-16,0.051539,0.059266
-5.9516e-16,0.051499,0.059261
-5.8276e-16,0.051461,0.059256
-5.6868e-16,0.051424,0.05925
-5.5308e-16,0.051388,0.059242
-5.3608e-16,0.051354,0.059233
-5.1781e-16,0.051322,0.059222
-4.984e-16,0.051291,0.05921
-4.7798e-16,0.051262,0.059196
-4.5668e-16,0.051235,0.05918
-4.3461e-16,0.05121,0.059162
-4.1191e-16,0.051188,0.059143
-3.8869e-16,0.051167,0.059121
-3.6506e-16,0.051148,0.059097
-3.4112e-16,0.051132,0.059071
-3.17e-16,0.051118,0.059043
-2.9279e-16,0.051106,0.059012
-2.6859e-16,0.051097,0.058979
-2.4448e-16,0.05109,0.058944
-2.2057e-16,0.051085,0.058906
-1.9693e-16,0.051083,0.058865
-1.7364e-16,0.051083,0.058822
-1.5077e-16,0.051085,0.058777
-1.2839e-16,0.051089,0.058728
-1.0657e-16,0.051096,0.058678
-8.5368e-17,0.051105,0.058625
-6.4828e-17,0.051116,0.058569
-4.5001e-17,0.051129,0.058511
-2.5932e-17,0.051144,0.05845
-7.6574e-18,0.051161,0.058387
9.7888e-18,0.05118,0.058321
2.6379e-17,0.051201,0.058254
4.2088e-17,0.051223,0.058184
5.6898e-17,0.051246,0.058112
7.0794e-17,0.051271,0.058039
8.3765e-17,0.051297,0.057963
9.5804e-17,0.051325,0.057886
1.0691e-16,0.051353,0.057807
1.1708e-16,0.051382,0.057727
1.2632e-16,0.051412,0.057645
1.3465e-16,0.051443,0.057562
1.4206e-16,0.051474,0.057479
1.4858e-16,0.051506,0.057394
1.5422e-16,0.051538,0.057309
1.59e-16,0.05157,0.057224
1.6294e-16,0.051602,0.057138
1.6607e-16,0.051633,0.057052
1.6841e-16,0.051665,0.056966
1.7e-16,0.051697,0.056881
1.7085e-16,0.051728,0.056796
1.7101e-16,0.051759,0.056712
1.705e-16,0.051789,0.056629
1.6936e-16,0.051818,0.056547
1.6761e-16,0.051847,0.056467
1.6531e-16,0.051875,0.056387
1.6247e-16,0.051902,0.05631
1.5914e-16,0.051929,0.056235
1.5536e-16,0.051954,0.056161
1.5115e-16,0.051979,0.05609
1.4656e-16,0.052003,0.056022
1.4162e-16,0.052026,0.055956
1.3636e-16,0.052047,0.055893
1.3083e-16,0.052068,0.055833
1.2505e-16,0.052089,0.055776
1.1906e-16,0.052108,0.055722
1.1289e-16,0.052126,0.055671
1.0658e-16,0.052144,0.055624
1.0015e-16,0.052161,0.055581
9.3642e-17,0.052177,0.055541
8.7075e-17,0.052193,0.055506
8.0481e-17,0.052208,0.055474
7.3886e-17,0.052223,0.055445
6.7316e-17,0.052237,0.055421
6.0794e-17,0.052251,0.055401
5.4345e-17,0.052265,0.055385
4.7989e-17,0.052279,0.055373
4.1746e-17,0.052292,0.055366
3.5635e-17,0.052306,0.055362
2.9674e-17,0.05232,0.055362
2.3878e-17,0.052334,0.055366
1.8262e-17,0.052348,0.055375
1.2839e-17,0.052363,0.055387
7.621e-18,0.052378,0.055403
2.6187e-18,0.052394,0.055423
-2.1589e-18,0.052411,0.055446
-6.704e-18,0.052428,0.055474
-1.101e-17,0.052446,0.055504
-1.5071e-17,0.052465,0.055538
-1.8884e-17,0.052485,0.055576
-2.2445e-17,0.052505,0.055617
-2.5753e-17,0.052527,0.05566
-2.8806e-17,0.05255,0.055707
-3.1604e-17,0.052574,0.055756
-3.415e-17,0.052599,0.055809
-3.6444e-17,0.052626,0.055863
-3.8491e-17,0.052653,0.05592
-4.0292e-17,0.052682,0.055979
-4.1855e-17,0.052712,0.056041
-4.3182e-17,0.052743,0.056104
-4.4281e-17,0.052775,0.056168
-4.5157e-17,0.052808,0.056235
-4.5819e-17,0.052843,0.056303
-4.6272e-17,0.052878,0.056372
-4.6527e-17,0.052915,0.056442
-4.6589e-17,0.052953,0.056513
-4.647e-17,0.052992,0.056584
-4.6177e-17,0.053031,0.056656
-4.5719e-17,0.053072,0.056729
-4.5107e-17,0.053113,0.056802
-4.435e-17,0.053156,0.056875
-4.3458e-17,0.053199,0.056948
-4.244e-17,0.053242,0.05702
-4.1306e-17,0.053286,0.057093
-4.0066e-17,0.053331,0.057164
-3.873e-17,0.053376,0.057235
-3.7307e-17,0.053422,0.057305
-3.5807e-17,0.053468,0.057374
-3.424e-17,0.053514,0.057442
-3.2614e-17,0.05356,0.057509
-3.0939e-17,0.053606,0.057574
-2.9223e-17,0.053651,0.057638
-2.7476e-17,0.053697,0.0577
-2.5704e-17,0.053743,0.05776
-2.3916e-17,0.053788,0.057819
-2.212e-17,0.053832,0.057875
-2.0323e-17,0.053877,0.05793
-1.8533e-17,0.05392,0.057982
-1.6754e-17,0.053963,0.058032
-1.4995e-17,0.054005,0.05808
-1.326e-17,0.054046,0.058125
-1.1556e-17,0.054086,0.058168
-9.8873e-18,0.054124,0.058208
-8.2587e-18,0.054162,0.058246
-6.6747e-18,0.054198,0.058281
-5.1393e-18,0.054233,0.058314
-3.6561e-18,0.054267,0.058343
-2.2285e-18,0.054299,0.05837
-8.5923e-19,0.05433,0.058394
4.4906e-19,0.054359,0.058416
1.6942e-18,0.054386,0.058434
2.8744e-18,0.054411,0.05845
3.9881e-18,0.054434,0.058463
5.0342e-18,0.054456,0.058474
6.0118e-18,0.054475,0.058481
6.9204e-18,0.054493,0.058486
7.7596e-18,0.054508,0.058488
8.5295e-18,0.054522,0.058488
9.2305e-18,0.054533,0.058485
9.863e-18,0.054542,0.058479
1.0428e-17,0.054549,0.058471
1.0926e-17,0.054554,0.058461
1.1358e-17,0.054556,0.058448
1.1727e-17,0.054557,0.058433
1.2033e-17,0.054555,0.058415
1.2278e-17,0.054551,0.058396
1.2465e-17,0.054544,0.058374
1.2594e-17,0.054536,0.058351
1.2669e-17,0.054525,0.058326
1.2692e-17,0.054513,0.058299
1.2665e-17,0.054498,0.05827
1.259e-17,0.054481,0.05824
1.247e-17,0.054463,0.058209
1.2308e-17,0.054442,0.058176
1.2106e-17,0.05442,0.058142
1.1867e-17,0.054396,0.058108
1.1593e-17,0.05437,0.058072
1.1287e-17,0.054343,0.058036
1.0953e-17,0.054314,0.057999
1.0591e-17,0.054284,0.057961
1.0206e-17,0.054253,0.057924
9.7999e-18,0.054221,0.057886
9.3749e-18,0.054187,0.057848
8.9336e-18,0.054153,0.05781
8.4786e-18,0.054118,0.057772
8.0123e-18,0.054082,0.057735
7.5371e-18,0.054045,0.057698
7.055e-18,0.054008,0.057662
6.5684e-18,0.053971,0.057626
6.0793e-18,0.053933,0.057591
5.5898e-18,0.053895,0.057557
5.1017e-18,0.053858,0.057524
4.6168e-18,0.05382,0.057492
4.1369e-18,0.053783,0.057462
3.6635e-18,0.053746,0.057433
3.1983e-18,0.053709,0.057405
2.7426e-18,0.053673,0.057378
2.2976e-18,0.053638,0.057353
1.8648e-18,0.053604,0.05733
1.445e-18,0.05357,0.057308
1.0394e-18,0.053537,0.057288
6.4876e-19,0.053505,0.057269
2.7399e-19,0.053474,0.057252
-8.4247e-20,0.053444,0.057237
-4.2535e-19,0.053415,0.057224
-7.488e-19,0.053387,0.057213
-1.0542e-18,0.053361,0.057203
-1.3412e-18,0.053336,0.057195
-1.6095e-18,0.053312,0.057189
-1.8591e-18,0.053289,0.057185
-2.0898e-18,0.053267,0.057182
-2.3016e-18,0.053246,0.057181
-2.4946e-18,0.053227,0.057182
-2.6689e-18,0.053209,0.057184
-2.8248e-18,0.053192,0.057188
-2.9624e-18,0.053175,0.057193
-3.0822e-18,0.05316,0.0572
-3.1845e-18,0.053146,0.057208
-3.2697e-18,0.053133,0.057217
-3.3383e-18,0.05312,0.057228
-3.3908e-18,0.053108,0.05724
-3.4278e-18,0.053097,0.057253
-3.4498e-18,0.053086,0.057267
-3.4575e-18,0.053076,0.057282
-3.4516e-18,0.053066,0.057298
-3.4326e-18,0.053056,0.057315
-3.4012e-18,0.053047,0.057332
-3.3583e-18,0.053038,0.05735
-3.3044e-18,0.053028,0.057368
-3.2402e-18,0.053019,0.057387
-3.1667e-18,0.05301,0.057406
-3.0843e-18,0.053,0.057425
-2.994e-18,0.05299,0.057445
-2.8963e-18,0.05298,0.057464
-2.7921e-18,0.052969,0.057484
-2.682e-18,0.052958,0.057503
-2.5667e-18,0.052947,0.057522
-2.447e-18,0.052935,0.057541
-2.3234e-18,0.052922,0.057559
-2.1967e-18,0.052909,0.057577
-2.0674e-18,0.052895,0.057594
-1.9363e-18,0.05288,0.057611
-1.8038e-18,0.052865,0.057626
-1.6707e-18,0.05285,0.057641
-1.5373e-18,0.052833,0.057655
-1.4042e-18,0.052816,0.057668
-1.272e-18,0.052799,0.057679
-1.1411e-18,0.052781,0.05769
-1.012e-18,0.052763,0.057699
-8.8497e-19,0.052745,0.057706
-7.6052e-19,0.052726,0.057713
-6.3898e-19,0.052707,0.057717
-5.2068e-19,0.052688,0.05772
-4.0592e-19,0.052668,0.057721
-2.9499e-19,0.052649,0.057721
-1.8813e-19,0.052631,0.057718
-8.5552e-20,0.052612,0.057714
1.2538e-20,0.052594,0.057707
1.0598e-19,0.052577,0.057698
1.9462e-19,0.05256,0.057687
2.7836e-19,0.052544,0.057674
3.5709e-19,0.052529,0.057658
4.3075e-19,0.052516,0.05764
4.9929e-19,0.052503,0.05762
5.627e-19,0.052492,0.057597
6.2096e-19,0.052483,0.057571
6.7409e-19,0.052475,0.057543
7.2213e-19,0.05247,0.057512
7.6513e-19,0.052466,0.057479
8.0317e-19,0.052464,0.057442
8.3633e-19,0.052465,0.057403
8.647e-19,0.052468,0.057361
8.8842e-19,0.052474,0.057316
9.0759e-19,0.052482,0.057268
9.2237e-19,0.052493,0.057217
9.329e-19,0.052507,0.057163
9.3934e-19,0.052524,0.057106
9.4186e-19,0.052544,0.057047
9.4063e-19,0.052567,0.056984
9.3583e-19,0.052593,0.056919
9.2765e-19,0.052622,0.056851
9.1628e-19,0.052655,0.05678
9.0191e-19,0.052691,0.056707
8.8474e-19,0.05273,0.056631
8.6497e-19,0.052772,0.056552
8.4279e-19,0.052818,0.056471
8.184e-19,0.052866,0.056388
7.92e-19,0.052918,0.056302
7.6379e-19,0.052973,0.056215
7.3396e-19,0.053031,0.056125
7.027e-19,0.053092,0.056033
6.702e-19,0.053156,0.05594
6.3664e-19,0.053222,0.055846
6.022e-19,0.053291,0.055749
5.6706e-19,0.053362,0.055652
5.3138e-19,0.053435,0.055554
4.9533e-19,0.053511,0.055455
4.5906e-19,0.053588,0.055356
4.2272e-19,0.053667,0.055256
3.8646e-19,0.053748,0.055156
3.5041e-19,0.05383,0.055056
3.147e-19,0.053913,0.054956
2.7945e-19,0.053996,0.054857
2.4478e-19,0.054081,0.054758
2.108e-19,0.054165,0.054661
1.7759e-19,0.05425,0.054564
1.4526e-19,0.054334,0.05447
1.1389e-19,0.054419,0.054377
8.3549e-20,0.054502,0.054286
5.431e-20,0.054585,0.054197
2.6233e-20,0.054666,0.05411
-6.2697e-22,0.054746,0.054027
-2.6225e-20,0.054825,0.053946
-5.052e-20,0.054901,0.053868
-7.3481e-20,0.054976,0.053794
-9.5082e-20,0.055048,0.053723
-1.153e-19,0.055117,0.053656
-1.3413e-19,0.055184,0.053593
-1.5156e-19,0.055248,0.053534
-1.6758e-19,0.055309,0.053479
-1.8221e-19,0.055366,0.053429
-1.9545e-19,0.05542,0.053384
-2.0732e-19,0.05547,0.053343
-2.1782e-19,0.055517,0.053307
-2.27e-19,0.055559,0.053276
-2.3487e-19,0.055597,0.053251
-2.4147e-19,0.055632,0.05323
-2.4683e-19,0.055662,0.053215
-2.5098e-19,0.055687,0.053205
-2.5397e-19,0.055709,0.0532
-2.5584e-19,0.055726,0.053201
-2.5664e-19,0.055738,0.053207
-2.5641e-19,0.055746,0.053218
-2.552e-19,0.05575,0.053235
-2.5307e-19,0.055749,0.053257
-2.5006e-19,0.055744,0.053284
-2.4623e-19,0.055735,0.053316
-2.4163e-19,0.055721,0.053353
-2.3631e-19,0.055704,0.053394
-2.3033e-19,0.055682,0.053441
-2.2374e-19,0.055656,0.053492
-2.166e-19,0.055627,0.053547
-2.0896e-19,0.055594,0.053606
-2.0087e-19,0.055557,0.053669
-1.9239e-19,0.055517,0.053736
-1.8356e-19,0.055474,0.053806
-1.7443e-19,0.055428,0.05388
-1.6507e-19,0.055379,0.053956
-1.555e-19,0.055328,0.054035
-1.4578e-19,0.055274,0.054117
-1.3596e-19,0.055218,0.0542
-1.2607e-19,0.05516,0.054285
-1.1616e-19,0.055101,0.054372
-1.0626e-19,0.05504,0.05446
-9.6423e-20,0.054978,0.054549
-8.667e-20,0.054914,0.054638
-7.704e-20,0.05485,0.054727
-6.7563e-20,0.054786,0.054816
-5.827e-20,0.054721,0.054905
-4.9186e-20,0.054656,0.054993
-4.0338e-20,0.054592,0.05508
-3.1748e-20,0.054528,0.055165
-2.3438e-20,0.054464,0.055248
-1.5426e-20,0.054402,0.05533
-7.7291e-21,0.05434,0.055409
-3.6236e-22,0.05428,0.055485
6.6613e-21,0.054221,0.055558
1.3331e-20,0.054164,0.055628
1.9637e-20,0.05411,0.055694
2.5573e-20,0.054057,0.055756
3.1133e-20,0.054006,0.055815
3.6313e-20,0.053958,0.055869
4.1111e-20,0.053913,0.055918
4.5526e-20,0.05387,0.055963
4.9559e-20,0.053831,0.056003
5.3213e-20,0.053794,0.056038
5.649e-20,0.053761,0.056067
5.9397e-20,0.053731,0.056091
6.1938e-20,0.053705,0.05611
6.4122e-20,0.053682,0.056123
6.5956e-20,0.053663,0.056131
6.7449e-20,0.053647,0.056132
6.8613e-20,0.053636,0.056128
6.9457e-20,0.053628,0.056118
6.9993e-20,0.053624,0.056103
7.0233e-20,0.053624,0.056081
7.019e-20,0.053628,0.056054
6.9878e-20,0.053636,0.056021
6.931e-20,0.053648,0.055983
6.85e-20,0.053664,0.055939
6.7462e-20,0.053684,0.05589
6.6211e-20,0.053707,0.055835
6.4762e-20,0.053735,0.055775
6.3128e-20,0.053766,0.055711
6.1326e-20,0.053802,0.055641
5.9369e-20,0.05384,0.055567
5.7273e-20,0.053883,0.055489
5.5051e-20,0.053929,0.055406
5.2717e-20,0.053978,0.05532
5.0287e-20,0.054031,0.055229
4.7774e-20,0.054087,0.055135
4.519e-20,0.054146,0.055038
4.255e-20,0.054208,0.054938
3.9865e-20,0.054273,0.054835
3.7149e-20,0.05434,0.05473
3.4412e-20,0.05441,0.054622
3.1666e-20,0.054482,0.054513
2.8923e-20,0.054557,0.054402
2.6192e-20,0.054633,0.054289
2.3484e-20,0.054711,0.054175
2.0807e-20,0.054791,0.054061
1.8171e-20,0.054872,0.053945
1.5583e-20,0.054955,0.05383
1.3051e-20,0.055038,0.053714
1.0583e-20,0.055123,0.053598
8.1852e-21,0.055208,0.053483
5.8629e-21,0.055293,0.053368
3.622e-21,0.055379,0.053255
1.4674e-21,0.055465,0.053142
-5.9657e-22,0.05555,0.05303
-2.5661e-21,0.055635,0.05292
-4.4379e-21,0.05572,0.052812
-6.2092e-21,0.055804,0.052705
-7.8775e-21,0.055887,0.0526
-9.4412e-21,0.055969,0.052498
-1.0899e-20,0.056049,0.052397
-1.2249e-20,0.056128,0.052299
-1.3493e-20,0.056205,0.052203
-1.4628e-20,0.056281,0.05211
-1.5656e-20,0.056354,0.05202
-1.6578e-20,0.056425,0.051932
-1.7394e-20,0.056494,0.051847
-1.8106e-20,0.05656,0.051764
-1.8715e-20,0.056624,0.051685
-1.9224e-20,0.056685,0.051608
-1.9635e-20,0.056743,0.051534
-1.9949e-20,0.056798,0.051463
-2.0171e-20,0.05685,0.051395
-2.0302e-20,0.056899,0.051329
-2.0346e-20,0.056944,0.051266
-2.0306e-20,0.056986,0.051206
-2.0186e-20,0.057024,0.051148
-1.9989e-20,0.057059,0.051093
-1.9719e-20,0.057091,0.05104
-1.9379e-20,0.057119,0.050989
-1.8974e-20,0.057143,0.05094
-1.8507e-20,0.057163,0.050894
-1.7982e-20,0.05718,0.050849
-1.7404e-20,0.057193,0.050806
-1.6777e-20,0.057203,0.050765
-1.6103e-20,0.057209,0.050725
-1.5388e-20,0.057211,0.050687
-1.4636e-20,0.05721,0.05065
-1.385e-20,0.057205,0.050614
-1.3034e-20,0.057197,0.050579
-1.2192e-20,0.057186,0.050545
-1.1329e-20,0.057171,0.050512
-1.0447e-20,0.057153,0.050479
-9.5508e-21,0.057131,0.050446
-8.6436e-21,0.057107,0.050414
-7.729e-21,0.05708,0.050382
-6.8104e-21,0.05705,0.05035
-5.8911e-21,0.057018,0.050318
-4.9744e-21,0.056982,0.050285
-4.0633e-21,0.056945,0.050252
-3.1609e-21,0.056905,0.050219
-2.2701e-21,0.056863,0.050185
-1.3935e-21,0.05682,0.05015
-5.3399e-22,0.056774,0.050115
3.0601e-22,0.056727,0.050079
1.124e-21,0.056678,0.050041
1.9178e-21,0.056628,0.050003
2.6851e-21,0.056577,0.049964
3.4239e-21,0.056525,0.049923
4.1321e-21,0.056473,0.049881
4.808e-21,0.05642,0.049838
5.4499e-21,0.056366,0.049794
6.0561e-21,0.056312,0.049748
6.6251e-21,0.056258,0.049701
7.1556e-21,0.056205,0.049653
7.6463e-21,0.056151,0.049603
8.096e-21,0.056099,0.049552
8.5037e-21,0.056047,0.0495
8.8684e-21,0.055995,0.049446
9.1894e-21,0.055945,0.049391
9.4658e-21,0.055896,0.049335
9.6972e-21,0.055848,0.049278
9.8828e-21,0.055802,0.049219
1.0022e-20,0.055758,0.04916
1.0116e-20,0.055715,0.049099
1.0162e-20,0.055674,0.049037
1.0162e-20,0.055635,0.048975
1.0116e-20,0.055599,0.048911
1.0022e-20,0.055565,0.048847
9.8829e-21,0.055533,0.048782
9.6972e-21,0.055503,0.048717
9.4659e-21,0.055476,0.048651
9.1895e-21,0.055452,0.048586
8.8686e-21,0.05543,0.04852
8.5038e-21,0.055411,0.048453
8.0961e-21,0.055395,0.048387
7.6464e-21,0.055382,0.048322
7.1557e-21,0.055371,0.048256
6.6253e-21,0.055364,0.048191
6.0562e-21,0.055359,0.048127
5.45e-21,0.055356,0.048063
4.8081e-21,0.055357,0.048
4.1322e-21,0.05536,0.047938
3.4239e-21,0.055366,0.047878
2.6851e-21,0.055375,0.047818
1.9178e-21,0.055386,0.047761
1.124e-21,0.055399,0.047704
3.0593e-22,0.055415,0.04765
-5.3412e-22,0.055433,0.047597
-1.3937e-21,0.055453,0.047546
-2.2703e-21,0.055475,0.047497
-3.1612e-21,0.055498,0.047451
-4.0637e-21,0.055524,0.047406
-4.9748e-21,0.055551,0.047365
-5.8916e-21,0.055579,0.047325
-6.811e-21,0.055608,0.047288
-7.7297e-21,0.055638,0.047254
-8.6444e-21,0.055669,0.047223
-9.5517e-21,0.055701,0.047194
-1.0448e-20,0.055733,0.047168
-1.133e-20,0.055765,0.047146
-1.2193e-20,0.055797,0.047126
-1.3035e-20,0.055829,0.047109
-1.3851e-20,0.055861,0.047095
-1.4637e-20,0.055892,0.047084
-1.539e-20,0.055922,0.047076
-1.6105e-20,0.055951,0.047071
-1.6778e-20,0.05598,0.047069
-1.7406e-20,0.056006,0.04707
-1.7984e-20,0.056032,0.047074
-1.8509e-20,0.056056,0.04708
-1.8976e-20,0.056078,0.04709
-1.9381e-20,0.056098,0.047102
-1.9721e-20,0.056116,0.047116
-1.9991e-20,0.056132,0.047134
-2.0188e-20,0.056145,0.047153
-2.0309e-20,0.056156,0.047175
-2.0349e-20,0.056165,0.047199
-2.0305e-20,0.056171,0.047226
-2.0174e-20,0.056174,0.047254
-1.9952e-20,0.056175,0.047284
-1.9638e-20,0.056172,0.047316
-1.9227e-20,0.056167,0.047349
-1.8718e-20,0.05616,0.047384
-1.8109e-20,0.056149,0.047419
-1.7397e-20,0.056136,0.047456
-1.6581e-20,0.05612,0.047494
-1.5659e-20,0.056101,0.047532
-1.4631e-20,0.05608,0.047571
-1.3495e-20,0.056056,0.04761
-1.2252e-20,0.05603,0.04765
-1.0901e-20,0.056001,0.047689
-9.4436e-21,0.05597,0.047728
-7.8798e-21,0.055937,0.047767
-6.2113e-21,0.055902,0.047805
-4.4399e-21,0.055865,0.047843
-2.5679e-21,0.055827,0.047879
-5.9817e-22,0.055787,0.047914
1.466e-21,0.055746,0.047948
3.6209e-21,0.055703,0.047981
5.862e-21,0.05566,0.048012
8.1846e-21,0.055616,0.048041
1.0583e-20,0.055571,0.048068
1.3051e-20,0.055526,0.048093
1.5583e-20,0.055481,0.048116
1.8171e-20,0.055436,0.048137
2.0808e-20,0.055391,0.048155
2.3485e-20,0.055346,0.04817
2.6194e-20,0.055303,0.048182
2.8925e-20,0.05526,0.048192
3.1669e-20,0.055217,0.048198
3.4415e-20,0.055177,0.048202
3.7152e-20,0.055137,0.048202
3.9869e-20,0.055099,0.048199
4.2554e-20,0.055063,0.048193
4.5195e-20,0.055029,0.048183
4.7779e-20,0.054996,0.04817
5.0293e-20,0.054966,0.048153
5.2724e-20,0.054938,0.048133
5.5057e-20,0.054912,0.04811
5.728e-20,0.054889,0.048083
5.9377e-20,0.054869,0.048052
6.1334e-20,0.054851,0.048018
6.3137e-20,0.054836,0.04798
6.477e-20,0.054824,0.047939
6.622e-20,0.054814,0.047895
6.7471e-20,0.054808,0.047847
6.851e-20,0.054804,0.047796
6.932e-20,0.054803,0.047741
6.9888e-20,0.054805,0.047684
7.0201e-20,0.05481,0.047623
7.0244e-20,0.054818,0.047559
7.0004e-20,0.054828,0.047493
6.9468e-20,0.054842,0.047423
6.8624e-20,0.054858,0.047351
6.7461e-20,0.054876,0.047276
6.5967e-20,0.054897,0.047198
6.4133e-20,0.054921,0.047119
6.195e-20,0.054946,0.047036
5.9408e-20,0.054974,0.046952
5.6502e-20,0.055004,0.046865
5.3224e-20,0.055036,0.046777
4.957e-20,0.055069,0.046687
4.5537e-20,0.055104,0.046595
4.1121e-20,0.055141,0.046502
3.6323e-20,0.055179,0.046407
3.1143e-20,0.055218,0.046311
2.5582e-20,0.055258,0.046214
1.9646e-20,0.055299,0.046116
1.3339e-20,0.05534,0.046017
6.6684e-21,0.055382,0.045917
-3.5605e-22,0.055424,0.045818
-7.7236e-21,0.055467,0.045717
-1.5421e-20,0.055509,0.045617
-2.3434e-20,0.055551,0.045516
-3.1746e-20,0.055593,0.045416
-4.0337e-20,0.055634,0.045315
-4.9186e-20,0.055674,0.045216
-5.8271e-20,0.055714,0.045116
-6.7566e-20,0.055752,0.045018
-7.7044e-20,0.055789,0.04492
-8.6675e-20,0.055825,0.044823
-9.6429e-20,0.055859,0.044728
-1.0627e-19,0.055892,0.044633
-1.1617e-19,0.055922,0.04454
-1.2608e-19,0.055951,0.044449
-1.3597e-19,0.055978,0.044359
-1.458e-19,0.056003,0.04427
-1.5552e-19,0.056025,0.044184
-1.6508e-19,0.056045,0.044099
-1.7445e-19,0.056062,0.044017
-1.8358e-19,0.056077,0.043936
-1.9241e-19,0.056089,0.043858
-2.0089e-19,0.056099,0.043782
-2.0898e-19,0.056106,0.043708
-2.1663e-19,0.05611,0.043637
-2.2377e-19,0.056111,0.043567
-2.3036e-19,0.056109,0.043501
-2.3634e-19,0.056104,0.043436
-2.4166e-19,0.056096,0.043374
-2.4626e-19,0.056086,0.043314
-2.501e-19,0.056072,0.043257
-2.5311e-19,0.056055,0.043202
-2.5524e-19,0.056036,0.04315
-2.5645e-19,0.056013,0.0431
-2.5668e-19,0.055988,0.043052
-2.5588e-19,0.05596,0.043006
-2.5401e-19,0.055929,0.042962
-2.5102e-19,0.055895,0.042921
-2.4687e-19,0.055859,0.042882
-2.4151e-19,0.055819,0.042844
-2.3492e-19,0.055778,0.042809
-2.2704e-19,0.055734,0.042775
-2.1787e-19,0.055687,0.042743
-2.0736e-19,0.055639,0.042713
-1.9549e-19,0.055588,0.042684
-1.8225e-19,0.055535,0.042657
-1.6762e-19,0.05548,0.042631
-1.516e-19,0.055423,0.042606
-1.3417e-19,0.055365,0.042583
-1.1534e-19,0.055305,0.042561
-9.5115e-20,0.055243,0.04254
-7.3513e-20,0.05518,0.04252
-5.0549e-20,0.055116,0.042501
-2.6251e-20,0.055051,0.042484
-6.5059e-22,0.054984,0.042466
2.6213e-20,0.054917,0.04245
5.4292e-20,0.054849,0.042435
8.3535e-20,0.05478,0.04242
1.1388e-19,0.054711,0.042406
1.4526e-19,0.054641,0.042393
1.7759e-19,0.054571,0.04238
2.108e-19,0.054501,0.042368
2.4479e-19,0.054431,0.042357
2.7946e-19,0.054361,0.042346
3.1472e-19,0.05429,0.042336
3.5043e-19,0.054221,0.042326
3.8649e-19,0.054151,0.042317
4.2275e-19,0.054082,0.042309
4.591e-19,0.054013,0.042302
4.9537e-19,0.053945,0.042295
5.3143e-19,0.053877,0.042289
5.6712e-19,0.05381,0.042284
6.0227e-19,0.053744,0.042279
6.3671e-19,0.053678,0.042276
6.7027e-19,0.053614,0.042273
7.0278e-19,0.05355,0.042271
7.3405e-19,0.053488,0.04227
7.6388e-19,0.053426,0.04227
7.921e-19,0.053366,0.042272
8.185e-19,0.053307,0.042274
8.429e-19,0.053249,0.042277
8.6508e-19,0.053192,0.042281
8.8486e-19,0.053137,0.042287
9.0204e-19,0.053083,0.042293
9.1641e-19,0.05303,0.042301
9.2779e-19,0.052979,0.04231
9.3597e-19,0.052929,0.04232
9.4077e-19,0.052881,0.042331
9.42e-19,0.052834,0.042344
9.3949e-19,0.052789,0.042357
9.3305e-19,0.052745,0.042372
9.2252e-19,0.052703,0.042387
9.0775e-19,0.052663,0.042403
8.8857e-19,0.052625,0.042421
8.6486e-19,0.052588,0.042439
8.3648e-19,0.052553,0.042458
8.0333e-19,0.05252,0.042478
7.6529e-19,0.052489,0.042498
7.2228e-19,0.05246,0.042519
6.7424e-19,0.052433,0.04254
6.211e-19,0.052409,0.042561
5.6284e-19,0.052386,0.042583
4.9943e-19,0.052365,0.042605
4.3088e-19,0.052347,0.042626
3.5721e-19,0.052331,0.042648
2.7847e-19,0.052317,0.042669
1.9473e-19,0.052305,0.042689
1.0607e-19,0.052297,0.042709
1.2626e-20,0.05229,0.042728
-8.5476e-20,0.052286,0.042746
-1.8806e-19,0.052285,0.042763
-2.9494e-19,0.052286,0.042779
-4.0589e-19,0.05229,0.042793
-5.2065e-19,0.052296,0.042806
-6.3897e-19,0.052306,0.042818
-7.6052e-19,0.052318,0.042827
-8.8499e-19,0.052333,0.042834
-1.012e-18,0.052351,0.04284
-1.1412e-18,0.052371,0.042843
-1.2721e-18,0.052395,0.042844
-1.4043e-18,0.052421,0.042843
-1.5374e-18,0.052451,0.042839
-1.6708e-18,0.052483,0.042832
-1.804e-18,0.052518,0.042823
-1.9365e-18,0.052556,0.042811
-2.0676e-18,0.052597,0.042796
-2.1969e-18,0.05264,0.042779
-2.3236e-18,0.052686,0.042758
-2.4472e-18,0.052735,0.042735
-2.567e-18,0.052787,0.042708
-2.6823e-18,0.052841,0.042679
-2.7924e-18,0.052898,0.042647
-2.8967e-18,0.052957,0.042612
-2.9944e-18,0.053019,0.042574
-3.0847e-18,0.053082,0.042534
-3.1671e-18,0.053148,0.04249
-3.2407e-18,0.053216,0.042444
-3.3048e-18,0.053285,0.042395
-3.3587e-18,0.053356,0.042344
-3.4017e-18,0.053429,0.042291
-3.4331e-18,0.053503,0.042235
-3.4521e-18,0.053578,0.042176
-3.4581e-18,0.053654,0.042116
-3.4504e-18,0.053731,0.042054
-3.4283e-18,0.053809,0.04199
-3.3914e-18,0.053886,0.041924
-3.3388e-18,0.053964,0.041857
-3.2702e-18,0.054043,0.041789
-3.185e-18,0.05412,0.041719
-3.0828e-18,0.054198,0.041648
-2.963e-18,0.054275,0.041577
-2.8253e-18,0.054351,0.041504
-2.6695e-18,0.054426,0.041432
-2.4951e-18,0.054499,0.041358
-2.3021e-18,0.054571,0.041285
-2.0903e-18,0.054642,0.041212
-1.8596e-18,0.054711,0.041139
-1.61e-18,0.054777,0.041066
-1.3416e-18,0.054842,0.040994
-1.0546e-18,0.054903,0.040922
-7.492e-19,0.054963,0.040852
-4.2571e-19,0.055019,0.040782
-8.4574e-20,0.055073,0.040714
2.737e-19,0.055124,0.040647
6.4852e-19,0.055171,0.040581
1.0392e-18,0.055215,0.040517
1.4448e-18,0.055256,0.040455
1.8647e-18,0.055293,0.040395
2.2976e-18,0.055327,0.040337
2.7426e-18,0.055357,0.040281
3.1984e-18,0.055383,0.040228
3.6637e-18,0.055405,0.040177
4.1371e-18,0.055424,0.040128
4.6171e-18,0.055438,0.040083
5.102e-18,0.055449,0.04004
5.5902e-18,0.055456,0.04
6.0798e-18,0.05546,0.039963
6.569e-18,0.055459,0.039928
7.0557e-18,0.055455,0.039898
7.5378e-18,0.055447,0.03987
8.0132e-18,0.055435,0.039845
8.4795e-18,0.05542,0.039824
8.9346e-18,0.055402,0.039807
9.3759e-18,0.05538,0.039792
9.8011e-18,0.055355,0.039781
1.0208e-17,0.055327,0.039774
1.0593e-17,0.055295,0.03977
1.0954e-17,0.055261,0.03977
1.1289e-17,0.055225,0.039774
1.1595e-17,0.055186,0.039781
1.1868e-17,0.055144,0.039791
1.2108e-17,0.0551,0.039806
1.231e-17,0.055054,0.039823
1.2472e-17,0.055007,0.039845
1.2592e-17,0.054957,0.03987
1.2667e-17,0.054906,0.039899
1.2694e-17,0.054854,0.039931
1.2672e-17,0.0548,0.039967
1.2596e-17,0.054746,0.040006
1.2467e-17,0.054691,0.040048
1.228e-17,0.054635,0.040094
1.2035e-17,0.054579,0.040144
1.1729e-17,0.054522,0.040197
1.1361e-17,0.054466,0.040252
1.0928e-17,0.054409,0.040312
1.043e-17,0.054353,0.040374
9.865e-18,0.054297,0.040439
9.2325e-18,0.054242,0.040507
8.5315e-18,0.054188,0.040578
7.7615e-18,0.054134,0.040652
6.9222e-18,0.054082,0.040728
6.0136e-18,0.054031,0.040807
5.0359e-18,0.053981,0.040888
3.9897e-18,0.053933,0.040971
2.8759e-18,0.053887,0.041057
1.6956e-18,0.053842,0.041145
4.5027e-19,0.0538,0.041235
-8.5816e-19,0.053759,0.041326
-2.2275e-18,0.053721,0.041419
-3.6554e-18,0.053685,0.041514
-5.1387e-18,0.053652,0.04161
-6.6743e-18,0.053621,0.041707
-8.2585e-18,0.053592,0.041805
-9.8874e-18,0.053567,0.041904
-1.1556e-17,0.053544,0.042004
-1.3261e-17,0.053524,0.042104
-1.4996e-17,0.053507,0.042204
-1.6755e-17,0.053493,0.042305
-1.8534e-17,0.053482,0.042405
-2.0325e-17,0.053474,0.042505
-2.2122e-17,0.05347,0.042605
-2.3918e-17,0.053469,0.042704
-2.5706e-17,0.053471,0.042803
-2.7478e-17,0.053476,0.0429
-2.9226e-17,0.053484,0.042996
-3.0942e-17,0.053496,0.043091
-3.2618e-17,0.053512,0.043184
-3.4244e-17,0.05353,0.043276
-3.5811e-17,0.053553,0.043365
-3.7311e-17,0.053578,0.043453
-3.8734e-17,0.053607,0.043538
-4.0071e-17,0.053639,0.04362
-4.1311e-17,0.053675,0.0437
-4.2445e-17,0.053714,0.043777
-4.3464e-17,0.053756,0.043851
-4.4356e-17,0.053801,0.043922
-4.5114e-17,0.05385,0.043989
-4.5726e-17,0.053901,0.044053
-4.6184e-17,0.053956,0.044114
-4.6477e-17,0.054014,0.044171
-4.6597e-17,0.054075,0.044223
-4.6534e-17,0.054138,0.044272
-4.628e-17,0.054205,0.044317
-4.5826e-17,0.054273,0.044357
-4.5165e-17,0.054345,0.044394
-4.4289e-17,0.054419,0.044425
-4.319e-17,0.054495,0.044453
-4.1862e-17,0.054573,0.044476
-4.03e-17,0.054654,0.044494
-3.8498e-17,0.054736,0.044507
-3.6452e-17,0.05482,0.044516
-3.4157e-17,0.054906,0.04452
-3.1612e-17,0.054993,0.044519
-2.8813e-17,0.055082,0.044514
-2.5759e-17,0.055171,0.044504
-2.2452e-17,0.055262,0.044489
-1.889e-17,0.055353,0.044469
-1.5077e-17,0.055445,0.044444
-1.1015e-17,0.055537,0.044415
-6.709e-18,0.05563,0.044381
-2.1634e-18,0.055722,0.044343
2.6147e-18,0.055814,0.0443
7.6176e-18,0.055906,0.044252
1.2836e-17,0.055997,0.0442
1.8259e-17,0.056087,0.044144
2.3876e-17,0.056177,0.044084
2.9673e-17,0.056265,0.04402
3.5635e-17,0.056352,0.043952
4.1747e-17,0.056437,0.04388
4.799e-17,0.05652,0.043804
5.4348e-17,0.056601,0.043725
6.0798e-17,0.05668,0.043643
6.732e-17,0.056756,0.043557
7.3891e-17,0.05683,0.043468
8.0487e-17,0.056901,0.043377
8.7083e-17,0.056969,0.043283
9.3651e-17,0.057034,0.043186
1.0016e-16,0.057096,0.043088
1.0659e-16,0.057154,0.042987
1.1291e-16,0.057208,0.042884
1.1907e-16,0.057259,0.04278
1.2506e-16,0.057306,0.042674
1.3084e-16,0.057349,0.042567
1.3638e-16,0.057388,0.042459
1.4163e-16,0.057423,0.04235
1.4658e-16,0.057453,0.04224
1.5117e-16,0.057479,0.04213
1.5538e-16,0.057501,0.04202
1.5916e-16,0.057519,0.04191
1.6249e-16,0.057532,0.0418
1.6533e-16,0.057541,0.04169
1.6764e-16,0.057546,0.041581
1.6938e-16,0.057546,0.041473
1.7052e-16,0.057542,0.041366
1.7104e-16,0.057534,0.041259
1.7088e-16,0.057522,0.041155
1.7003e-16,0.057506,0.041051
1.6844e-16,0.057485,0.040949
1.661e-16,0.057462,0.040849
1.6297e-16,0.057434,0.040751
1.5903e-16,0.057404,0.040655
1.5425e-16,0.05737,0.040562
1.4861e-16,0.057332,0.04047
1.4209e-16,0.057292,0.040382
1.3467e-16,0.057249,0.040295
1.2635e-16,0.057204,0.040212
1.1711e-16,0.057156,0.040131
1.0694e-16,0.057107,0.040053
9.5829e-17,0.057055,0.039978
8.3789e-17,0.057001,0.039906
7.0817e-17,0.056947,0.039838
5.692e-17,0.05689,0.039772
4.2108e-17,0.056833,0.03971
2.6397e-17,0.056775,0.039651
9.8056e-18,0.056717,0.039596
-7.6426e-18,0.056657,0.039543
-2.5919e-17,0.056598,0.039495
-4.4991e-17,0.056539,0.039449
-6.4819e-17,0.056479,0.039408
-8.5363e-17,0.05642,0.039369
-1.0657e-16,0.056362,0.039334
-1.2839e-16,0.056304,0.039303
-1.5077e-16,0.056247,0.039275
-1.7364e-16,0.05619,0.039251
-1.9694e-16,0.056135,0.03923
-2.2058e-16,0.056081,0.039212
-2.445e-16,0.056028,0.039198
-2.6861e-16,0.055976,0.039187
-2.9282e-16,0.055925,0.03918
-3.1703e-16,0.055876,0.039176
-3.4116e-16,0.055829,0.039175
-3.6509e-16,0.055783,0.039177
-3.8873e-16,0.055738,0.039182
-4.1196e-16,0.055696,0.039191
-4.3466e-16,0.055654,0.039202
-4.5673e-16,0.055614,0.039216
-4.7804e-16,0.055576,0.039233
-4.9846e-16,0.055539,0.039253
-5.1787e-16,0.055504,0.039276
-5.3615e-16,0.05547,0.039301
-5.5315e-16,0.055437,0.039329
-5.6876e-16,0.055406,0.039359
-5.8283e-16,0.055376,0.039391
-5.9525e-16,0.055347,0.039425
-6.0586e-16,0.055319,0.039462
-6.1455e-16,0.055292,0.039501
-6.2118e-16,0.055266,0.039541
-6.2563e-16,0.05524,0.039583
-6.2776e-16,0.055216,0.039627
-6.2747e-16,0.055191,0.039672
-6.2462e-16,0.055167,0.039719
-6.191e-16,0.055144,0.039767
-6.1081e-16,0.05512,0.039816
-5.9964e-16,0.055097,0.039866
-5.855e-16,0.055074,0.039917
-5.6829e-16,0.05505,0.039969
-5.4793e-16,0.055026,0.040021
-5.2436e-16,0.055002,0.040074
-4.9751e-16,0.054977,0.040127
-4.6732e-16,0.054952,0.04018
-4.3376e-16,0.054926,0.040233
-3.9679e-16,0.054899,0.040287
-3.564e-16,0.054871,0.04034
-3.1257e-16,0.054843,0.040393
-2.6533e-16,0.054813,0.040445
-2.1468e-16,0.054782,0.040497
-1.6067e-16,0.05475,0.040549
-1.0336e-16,0.054717,0.040599
-4.28e-17,0.054683,0.040649
2.0912e-17,0.054648,0.040698
8.7676e-17,0.054611,0.040746
1.5737e-16,0.054573,0.040793
2.2987e-16,0.054534,0.040838
3.05e-16,0.054494,0.040883
3.826e-16,0.054452,0.040926
4.6247e-16,0.05441,0.040967
5.4441e-16,0.054366,0.041007
6.2818e-16,0.054321,0.041046
7.1353e-16,0.054275,0.041083
8.0021e-16,0.054229,0.041119
8.8791e-16,0.054181,0.041152
9.7634e-16,0.054133,0.041185
1.0652e-15,0.054085,0.041215
1.1541e-15,0.054035,0.041244
1.2427e-15,0.053986,0.041271
1.3307e-15,0.053936,0.041296
1.4176e-15,0.053886,0.04132
1.503e-15,0.053835,0.041342
1.5866e-15,0.053785,0.041362
1.6679e-15,0.053736,0.041381
1.7464e-15,0.053686,0.041397
1.8218e-15,0.053637,0.041413
1.8935e-15,0.053589,0.041426
1.961e-15,0.053541,0.041438
2.024e-15,0.053494,0.041449
2.0819e-15,0.053448,0.041458
2.1342e-15,0.053403,0.041465
2.1804e-15,0.053359,0.041471
2.2201e-15,0.053317,0.041476
2.2528e-15,0.053276,0.04148
2.278e-15,0.053236,0.041482
2.2952e-15,0.053198,0.041483
2.304e-15,0.053162,0.041483
2.3039e-15,0.053127,0.041482
2.2945e-15,0.053095,0.041479
2.2753e-15,0.053063,0.041476
2.246e-15,0.053034,0.041472
2.2062e-15,0.053007,0.041467
2.1555e-15,0.052981,0.041462
2.0936e-15,0.052958,0.041455
2.0201e-15,0.052936,0.041448
1.9349e-15,0.052917,0.041441
1.8377e-15,0.052899,0.041433
1.7282e-15,0.052883,0.041424
1.6063e-15,0.052869,0.041415
1.472e-15,0.052857,0.041406
1.3251e-15,0.052846,0.041397
1.1656e-15,0.052838,0.041387
9.9353e-16,0.052831,0.041377
8.0897e-16,0.052825,0.041368
6.1206e-16,0.052822,0.041358
4.0297e-16,0.052819,0.041349
1.8196e-16,0.052818,0.04134
-5.0676e-17,0.052818,0.041331
-2.9456e-16,0.05282,0.041322
-5.4926e-16,0.052822,0.041314
-8.1428e-16,0.052826,0.041307
-1.0891e-15,0.052831,0.0413
-1.373e-15,0.052836,0.041293
-1.6653e-15,0.052842,0.041288
-1.9653e-15,0.052848,0.041284
-2.2721e-15,0.052856,0.04128
-2.5848e-15,0.052863,0.041277
-2.9025e-15,0.052871,0.041276
-3.2241e-15,0.052879,0.041276
-3.5485e-15,0.052887,0.041277
-3.8745e-15,0.052895,0.04128
-4.2009e-15,0.052903,0.041284
-4.5264e-15,0.052911,0.041289
-4.8496e-15,0.052919,0.041297
-5.1691e-15,0.052926,0.041305
-5.4835e-15,0.052933,0.041316
-5.7911e-15,0.052939,0.041329
-6.0905e-15,0.052944,0.041343
-6.38e-15,0.052949,0.04136
-6.6579e-15,0.052953,0.041378
-6.9227e-15,0.052957,0.041398
-7.1724e-15,0.052959,0.041421
-7.4055e-15,0.052961,0.041446
-7.62e-15,0.052962,0.041473
-7.8144e-15,0.052961,0.041502
-7.9867e-15,0.05296,0.041533
-8.1352e-15,0.052957,0.041567
-8.2581e-15,0.052954,0.041602
-8.3536e-15,0.052949,0.04164
-8.4201e-15,0.052943,0.041681
-8.4558e-15,0.052936,0.041723
-8.4591e-15,0.052928,0.041767
-8.4284e-15,0.052918,0.041814
-8.362e-15,0.052908,0.041863
-8.2586e-15,0.052896,0.041914
-8.1166e-15,0.052883,0.041966
-7.9349e-15,0.052869,0.042021
-7.7121e-15,0.052854,0.042077
-7.4472e-15,0.052838,0.042135
-7.1391e-15,0.052821,0.042195
-6.787e-15,0.052803,0.042256
-6.3901e-15,0.052784,0.042319
-5.9478e-15,0.052764,0.042383
-5.4597e-15,0.052743,0.042449
-4.9254e-15,0.052722,0.042515
-4.345e-15,0.052699,0.042583
-3.7183e-15,0.052676,0.042651
-3.0458e-15,0.052652,0.04272
-2.3279e-15,0.052628,0.04279
-1.5652e-15,0.052603,0.04286
-7.5862e-16,0.052577,0.042931
9.0749e-17,0.052551,0.043002
9.8158e-16,0.052525,0.043073
1.9123e-15,0.052498,0.043145
2.8811e-15,0.052472,0.043216
3.886e-15,0.052445,0.043286
4.9246e-15,0.052417,0.043357
5.9945e-15,0.05239,0.043427
7.0928e-15,0.052363,0.043496
8.2165e-15,0.052336,0.043565
9.3624e-15,0.052309,0.043633
1.0527e-14,0.052282,0.0437
1.1706e-14,0.052256,0.043765
1.2896e-14,0.052229,0.04383
1.4092e-14,0.052204,0.043894
1.529e-14,0.052179,0.043956
1.6486e-14,0.052154,0.044017
1.7673e-14,0.05213,0.044076
1.8848e-14,0.052106,0.044134
2.0004e-14,0.052083,0.04419
2.1137e-14,0.052061,0.044245
2.2239e-14,0.05204,0.044298
2.3306e-14,0.05202,0.044349
2.4331e-14,0.052001,0.044398
2.5309e-14,0.051982,0.044446
2.6232e-14,0.051965,0.044492
2.7094e-14,0.051949,0.044536
2.789e-14,0.051934,0.044579
2.8612e-14,0.05192,0.04462
2.9253e-14,0.051907,0.044659
2.9808e-14,0.051895,0.044696
3.027e-14,0.051885,0.044731
3.0632e-14,0.051876,0.044765
3.0888e-14,0.051868,0.044798
3.1032e-14,0.051862,0.044828
3.1057e-14,0.051857,0.044858
3.0958e-14,0.051853,0.044885
3.0729e-14,0.05185,0.044912
3.0365e-14,0.051849,0.044937
2.9859e-14,0.05185,0.04496
2.9208e-14,0.051851,0.044983
2.8407e-14,0.051854,0.045004
2.7452e-14,0.051859,0.045024
2.6338e-14,0.051864,0.045043
2.5063e-14,0.051871,0.045062
2.3624e-14,0.05188,0.045079
2.2019e-14,0.051889,0.045095
2.0246e-14,0.051901,0.045111
1.8303e-14,0.051913,0.045125
1.6191e-14,0.051926,0.04514
1.3909e-14,0.051941,0.045153
1.1459e-14,0.051957,0.045166
8.8413e-15,0.051974,0.045178
6.0593e-15,0.051992,0.04519
3.1158e-15,0.052011,0.045201
1.4806e-17,0.052032,0.045212
-3.239e-15,0.052053,0.045222
-6.6399e-15,0.052075,0.045232
-1.0181e-14,0.052099,0.045242
-1.3856e-14,0.052123,0.045251
-1.7656e-14,0.052148,0.04526
-2.1571e-14,0.052174,0.045269
-2.5592e-14,0.0522,0.045277
-2.9707e-14,0.052227,0.045285
-3.3905e-14,0.052255,0.045292
-3.8173e-14,0.052284,0.045299
-4.2496e-14,0.052313,0.045305
-4.6861e-14,0.052342,0.045311
-5.125e-14,0.052373,0.045316
-5.5649e-14,0.052403,0.045321
-6.0039e-14,0.052434,0.045325
-6.4403e-14,0.052465,0.045329
-6.8721e-14,0.052497,0.045331
-7.2974e-14,0.052529,0.045333
-7.7141e-14,0.052561,0.045334
-8.1202e-14,0.052594,0.045334
-8.5134e-14,0.052626,0.045333
-8.8915e-14,0.052659,0.04533
-9.2523e-14,0.052692,0.045327
-9.5935e-14,0.052725,0.045322
-9.9126e-14,0.052758,0.045316
-1.0207e-13,0.05279,0.045308
-1.0475e-13,0.052823,0.045299
-1.0714e-13,0.052856,0.045288
-1.0922e-13,0.052888,0.045275
-1.1095e-13,0.052921,0.045261
-1.1232e-13,0.052953,0.045244
-1.133e-13,0.052985,0.045226
-1.1388e-13,0.053016,0.045206
-1.1402e-13,0.053047,0.045184
-1.1371e-13,0.053078,0.045159
-1.1292e-13,0.053109,0.045133
-1.1164e-13,0.053138,0.045104
-1.0984e-13,0.053168,0.045073
-1.0751e-13,0.053197,0.04504
-1.0463e-13,0.053225,0.045004
-1.0118e-13,0.053252,0.044967
-9.716e-14,0.053279,0.044927
-9.2545e-14,0.053305,0.044885
-8.7329e-14,0.05333,0.04484
-8.1503e-14,0.053354,0.044794
-7.5061e-14,0.053378,0.044745
-6.7997e-14,0.053401,0.044694
-6.0312e-14,0.053422,0.044641
-5.2003e-14,0.053443,0.044586
-4.3076e-14,0.053463,0.044529
-3.3534e-14,0.053482,0.044471
-2.3387e-14,0.053499,0.04441
-1.2646e-14,0.053516,0.044349
-1.3249e-15,0.053532,0.044285
1.0559e-14,0.053547,0.04422
2.2986e-14,0.05356,0.044154
3.5931e-14,0.053573,0.044086
4.9369e-14,0.053585,0.044018
6.3268e-14,0.053595,0.043948
7.7596e-14,0.053605,0.043878
9.2316e-14,0.053614,0.043806
1.0739e-13,0.053621,0.043735
1.2277e-13,0.053628,0.043662
1.3841e-13,0.053634,0.04359
1.5426e-13,0.05364,0.043517
1.7027e-13,0.053644,0.043444
1.8637e-13,0.053648,0.043372
2.0252e-13,0.05365,0.043299
2.1864e-13,0.053653,0.043227
2.3467e-13,0.053654,0.043155
2.5055e-13,0.053655,0.043084
2.6619e-13,0.053656,0.043013
2.8152e-13,0.053656,0.042943
2.9648e-13,0.053656,0.042874
3.1097e-13,0.053655,0.042807
3.2491e-13,0.053654,0.04274
3.3823e-13,0.053652,0.042674
3.5084e-13,0.053651,0.04261
3.6264e-13,0.053649,0.042548
3.7357e-13,0.053647,0.042487
3.8352e-13,0.053644,0.042427
3.9241e-13,0.053642,0.042369
4.0015e-13,0.053639,0.042313
4.0665e-13,0.053637,0.042259
4.1183e-13,0.053634,0.042207
4.156e-13,0.053631,0.042157
4.1788e-13,0.053628,0.042109
4.1857e-13,0.053625,0.042064
4.1761e-13,0.053622,0.04202
4.1492e-13,0.053619,0.041979
4.1041e-13,0.053615,0.04194
4.0402e-13,0.053612,0.041904
3.9568e-13,0.053608,0.04187
3.8533e-13,0.053604,0.041838
3.7292e-13,0.0536,0.041809
3.5838e-13,0.053595,0.041783
3.4168e-13,0.053591,0.041759
3.2277e-13,0.053586,0.041738
3.0163e-13,0.05358,0.041719
2.7823e-13,0.053575,0.041703
2.5255e-13,0.053568,0.04169
2.2459e-13,0.053561,0.041679
1.9434e-13,0.053554,0.041671
1.6181e-13,0.053546,0.041665
1.2703e-13,0.053537,0.041662
9.0026e-14,0.053528,0.041662
5.0832e-14,0.053518,0.041664
9.5029e-15,0.053507,0.041669
-3.39e-14,0.053495,0.041676
-7.9302e-14,0.053482,0.041686
-1.2662e-13,0.053468,0.041699
-1.7576e-13,0.053453,0.041713
-2.266e-13,0.053437,0.04173
-2.7903e-13,0.053419,0.04175
-3.3292e-13,0.053401,0.041772
-3.8811e-13,0.053381,0.041795
-4.4445e-13,0.05336,0.041821
-5.0177e-13,0.053337,0.041849
-5.5988e-13,0.053313,0.041879
-6.1859e-13,0.053287,0.041911
-6.7769e-13,0.05326,0.041945
-7.3695e-13,0.053231,0.04198
-7.9616e-13,0.053201,0.042017
-8.5506e-13,0.053169,0.042056
-9.1341e-13,0.053135,0.042096
-9.7093e-13,0.053099,0.042137
-1.0274e-12,0.053062,0.042179
-1.0824e-12,0.053023,0.042223
-1.1358e-12,0.052982,0.042267
-1.1872e-12,0.052939,0.042312
-1.2364e-12,0.052894,0.042358
-1.283e-12,0.052848,0.042404
-1.3266e-12,0.052799,0.042451
-1.3671e-12,0.052749,0.042498
-1.4041e-12,0.052697,0.042546
-1.4371e-12,0.052643,0.042593
-1.466e-12,0.052587,0.042641
-1.4904e-12,0.052529,0.042688
-1.51e-12,0.052469,0.042735
-1.5244e-12,0.052408,0.042782
-1.5333e-12,0.052345,0.042827
-1.5366e-12,0.05228,0.042873
-1.5337e-12,0.052213,0.042917
-1.5245e-12,0.052145,0.042961
-1.5087e-12,0.052075,0.043003
-1.486e-12,0.052004,0.043045
-1.4562e-12,0.051932,0.043085
-1.419e-12,0.051858,0.043124
-1.3743e-12,0.051783,0.043161
-1.3218e-12,0.051707,0.043197
-1.2614e-12,0.05163,0.043231
-1.1928e-12,0.051552,0.043264
-1.1161e-12,0.051473,0.043295
-1.0311e-12,0.051393,0.043324
-9.378e-13,0.051313,0.043352
-8.3606e-13,0.051232,0.043377
-7.2593e-13,0.051151,0.043401
-6.0744e-13,0.05107,0.043423
-4.8066e-13,0.050989,0.043443
-3.457e-13,0.050908,0.04346
-2.0269e-13,0.050827,0.043476
-5.1824e-14,0.050746,0.04349
1.0668e-13,0.050667,0.043503
2.7256e-13,0.050587,0.043513
4.4551e-13,0.050509,0.043521
6.2517e-13,0.050432,0.043528
8.1115e-13,0.050355,0.043533
1.003e-12,0.050281,0.043537
1.2003e-12,0.050207,0.043538
1.4024e-12,0.050135,0.043539
1.6088e-12,0.050065,0.043538
1.8188e-12,0.049997,0.043535
2.0318e-12,0.049931,0.043532
2.2472e-12,0.049868,0.043527
2.464e-12,0.049806,0.043521
2.6815e-12,0.049747,0.043515
2.8989e-12,0.049691,0.043508
3.1153e-12,0.049637,0.0435
3.3298e-12,0.049587,0.043491
3.5413e-12,0.049539,0.043482
3.7489e-12,0.049494,0.043473
3.9516e-12,0.049452,0.043464
4.1484e-12,0.049414,0.043455
4.338e-12,0.049378,0.043446
4.5194e-12,0.049347,0.043437
4.6914e-12,0.049318,0.043429
4.853e-12,0.049293,0.043421
5.0029e-12,0.049271,0.043414
5.14e-12,0.049253,0.043408
5.263e-12,0.049238,0.043402
5.3708e-12,0.049227,0.043398
5.4622e-12,0.049219,0.043395
5.536e-12,0.049215,0.043392
5.591e-12,0.049214,0.043392
5.6262e-12,0.049217,0.043392
5.6403e-12,0.049223,0.043394
5.6323e-12,0.049232,0.043398
5.6012e-12,0.049245,0.043403
5.5458e-12,0.049261,0.04341
5.4653e-12,0.04928,0.043419
5.3588e-12,0.049302,0.043429
5.2253e-12,0.049328,0.043441
5.0641e-12,0.049356,0.043456
4.8746e-12,0.049387,0.043472
4.6559e-12,0.049421,0.04349
4.4077e-12,0.049458,0.04351
4.1294e-12,0.049498,0.043531
3.8208e-12,0.04954,0.043555
3.4815e-12,0.049584,0.043581
3.1114e-12,0.049631,0.043608
2.7104e-12,0.04968,0.043637
2.2788e-12,0.049732,0.043668
1.8167e-12,0.049785,0.043701
1.3246e-12,0.04984,0.043735
8.028e-13,0.049898,0.043771
2.5209e-13,0.049957,0.043809
-3.2676e-13,0.050017,0.043847
-9.3278e-13,0.05008,0.043888
-1.5649e-12,0.050143,0.043929
-2.2218e-12,0.050209,0.043972
-2.902e-12,0.050275,0.044015
-3.6041e-12,0.050342,0.04406
-4.3261e-12,0.050411,0.044106
-5.0661e-12,0.050481,0.044152
-5.8222e-12,0.050551,0.044199
-6.5919e-12,0.050622,0.044246
-7.3728e-12,0.050694,0.044294
-8.1624e-12,0.050766,0.044343
-8.9579e-12,0.050839,0.044391
-9.7563e-12,0.050912,0.04444
-1.0555e-11,0.050985,0.044489
-1.135e-11,0.051059,0.044537
-1.2138e-11,0.051132,0.044586
-1.2916e-11,0.051206,0.044634
-1.368e-11,0.051279,0.044682
-1.4426e-11,0.051353,0.04473
-1.515e-11,0.051426,0.044777
-1.585e-11,0.051499,0.044824
-1.6519e-11,0.051571,0.04487
-1.7155e-11,0.051643,0.044915
-1.7752e-11,0.051715,0.04496
-1.8307e-11,0.051786,0.045004
-1.8816e-11,0.051856,0.045047
-1.9273e-11,0.051926,0.045089
-1.9675e-11,0.051995,0.045131
-2.0017e-11,0.052063,0.045172
-2.0296e-11,0.052131,0.045212
-2.0505e-11,0.052197,0.045251
-2.0643e-11,0.052263,0.045289
-2.0703e-11,0.052328,0.045326
-2.0683e-11,0.052392,0.045363
-2.0578e-11,0.052455,0.045398
-2.0385e-11,0.052517,0.045433
-2.0099e-11,0.052577,0.045467
-1.9719e-11,0.052637,0.0455
-1.924e-11,0.052696,0.045533
-1.866e-11,0.052754,0.045565
-1.7975e-11,0.05281,0.045596
-1.7184e-11,0.052866,0.045626
-1.6285e-11,0.05292,0.045656
-1.5276e-11,0.052973,0.045686
-1.4155e-11,0.053025,0.045714
-1.2922e-11,0.053076,0.045742
-1.1575e-11,0.053126,0.04577
-1.0116e-11,0.053175,0.045797
-8.5438e-12,0.053222,0.045824
-6.8597e-12,0.053268,0.04585
-5.0649e-12,0.053313,0.045876
-3.1613e-12,0.053357,0.045901
-1.1512e-12,0.0534,0.045926
9.6256e-13,0.053441,0.04595
3.1765e-12,0.053481,0.045974
5.4866e-12,0.05352,0.045998
7.8883e-12,0.053558,0.046021
1.0376e-11,0.053595,0.046044
1.2945e-11,0.05363,0.046066
1.5588e-11,0.053664,0.046088
1.8298e-11,0.053697,0.046109
2.1067e-11,0.053729,0.046129
2.3887e-11,0.05376,0.046149
2.675e-11,0.053789,0.046168
2.9646e-11,0.053817,0.046187
3.2564e-11,0.053844,0.046204
3.5494e-11,0.05387,0.046221
3.8425e-11,0.053895,0.046237
4.1345e-11,0.053919,0.046252
4.4242e-11,0.053941,0.046265
4.7102e-11,0.053962,0.046277
4.9913e-11,0.053982,0.046288
5.266e-11,0.054001,0.046298
5.533e-11,0.054019,0.046306
5.7907e-11,0.054036,0.046313
6.0377e-11,0.054051,0.046318
6.2724e-11,0.054066,0.046321
6.4934e-11,0.054079,0.046322
6.699e-11,0.054092,0.046321
6.8876e-11,0.054103,0.046319
7.0576e-11,0.054113,0.046314
7.2075e-11,0.054122,0.046307
7.3356e-11,0.054131,0.046297
7.4404e-11,0.054138,0.046286
7.5202e-11,0.054144,0.046272
7.5735e-11,0.05415,0.046255
7.5989e-11,0.054154,0.046236
7.5947e-11,0.054158,0.046214
7.5597e-11,0.05416,0.04619
7.4924e-11,0.054162,0.046164
7.3914e-11,0.054164,0.046134
7.2556e-11,0.054164,0.046102
7.0838e-11,0.054164,0.046067
6.8748e-11,0.054163,0.04603
6.6278e-11,0.054161,0.04599
6.3418e-11,0.054159,0.045948
6.0161e-11,0.054156,0.045903
5.65e-11,0.054153,0.045856
5.243e-11,0.05415,0.045806
4.7948e-11,0.054146,0.045754
4.3051e-11,0.054141,0.0457
3.7739e-11,0.054137,0.045644
3.2013e-11,0.054132,0.045585
2.5876e-11,0.054127,0.045525
1.9332e-11,0.054122,0.045463
1.2387e-11,0.054117,0.045399
5.0504e-12,0.054111,0.045334
-2.6681e-12,0.054106,0.045268
-1.0756e-11,0.054101,0.0452
-1.9198e-11,0.054096,0.045132
-2.7979e-11,0.054092,0.045062
-3.7079e-11,0.054087,0.044992
-4.6476e-11,0.054083,0.044922
-5.6149e-11,0.05408,0.044851
-6.6071e-11,0.054076,0.04478
-7.6215e-11,0.054074,0.044709
-8.6549e-11,0.054071,0.044639
-9.7043e-11,0.054069,0.044569
-1.0766e-10,0.054068,0.0445
-1.1837e-10,0.054067,0.044431
-1.2912e-10,0.054067,0.044364
-1.3988e-10,0.054067,0.044298
-1.5061e-10,0.054068,0.044233
-1.6125e-10,0.05407,0.04417
-1.7177e-10,0.054072,0.044108
-1.8211e-10,0.054075,0.044049
-1.9222e-10,0.054079,0.043991
-2.0205e-10,0.054083,0.043936
-2.1156e-10,0.054087,0.043884
-2.2067e-10,0.054092,0.043834
-2.2934e-10,0.054098,0.043786
-2.3751e-10,0.054104,0.043742
-2.4512e-10,0.054111,0.0437
-2.5211e-10,0.054118,0.043662
-2.5843e-10,0.054125,0.043626
-2.6402e-10,0.054133,0.043594
-2.6881e-10,0.054141,0.043566
-2.7275e-10,0.054149,0.04354
-2.7578e-10,0.054157,0.043518
-2.7785e-10,0.054166,0.0435
-2.789e-10,0.054174,0.043485
-2.7887e-10,0.054182,0.043474
-2.7771e-10,0.054191,0.043467
-2.7537e-10,0.054198,0.043463
-2.718e-10,0.054206,0.043463
-2.6695e-10,0.054213,0.043466
-2.6079e-10,0.05422,0.043473
-2.5327e-10,0.054227,0.043484
-2.4436e-10,0.054232,0.043498
-2.3402e-10,0.054238,0.043515
-2.2222e-10,0.054242,0.043536
-2.0894e-10,0.054245,0.043561
-1.9417e-10,0.054248,0.043589
-1.7788e-10,0.054249,0.04362
-1.6007e-10,0.05425,0.043654
-1.4074e-10,0.054249,0.043691
-1.1989e-10,0.054247,0.043731
-9.7521e-11,0.054244,0.043774
-7.366e-11,0.054239,0.043819
-4.8326e-11,0.054233,0.043867
-2.1549e-11,0.054226,0.043918
6.6338e-12,0.054217,0.04397
3.6177e-11,0.054206,0.044025
6.7029e-11,0.054194,0.044082
9.9129e-11,0.054181,0.044141
1.3241e-10,0.054165,0.044201
1.6679e-10,0.054148,0.044263
2.0219e-10,0.054129,0.044326
2.3852e-10,0.054108,0.04439
2.7567e-10,0.054086,0.044455
3.1354e-10,0.054062,0.044521
3.52e-10,0.054036,0.044588
3.9094e-10,0.054008,0.044655
4.3021e-10,0.053979,0.044723
4.6967e-10,0.053948,0.044791
5.0918e-10,0.053915,0.044858
5.4857e-10,0.053881,0.044926
5.8769e-10,0.053845,0.044993
6.2635e-10,0.053807,0.04506
6.6439e-10,0.053768,0.045126
7.0161e-10,0.053728,0.045191
7.3783e-10,0.053687,0.045255
7.7285e-10,0.053644,0.045319
8.0647e-10,0.0536,0.045381
8.3848e-10,0.053555,0.045441
8.6868e-10,0.05351,0.0455
8.9685e-10,0.053463,0.045558
9.2279e-10,0.053416,0.045614
9.4626e-10,0.053367,0.045667
9.6707e-10,0.053319,0.045719
9.8499e-10,0.05327,0.045769
9.9982e-10,0.05322,0.045816
1.0113e-09,0.053171,0.045862
1.0193e-09,0.053121,0.045904
1.0236e-09,0.053071,0.045944
1.0239e-09,0.053021,0.045982
1.0201e-09,0.052972,0.046017
1.012e-09,0.052923,0.046049
9.9939e-10,0.052874,0.046079
9.8213e-10,0.052825,0.046105
9.6005e-10,0.052777,0.046129
9.3299e-10,0.05273,0.046149
9.0084e-10,0.052683,0.046167
8.6345e-10,0.052638,0.046181
8.2074e-10,0.052593,0.046192
7.726e-10,0.052549,0.0462
7.1897e-10,0.052506,0.046205
6.5978e-10,0.052464,0.046207
5.9502e-10,0.052423,0.046205
5.2466e-10,0.052383,0.046201
4.4872e-10,0.052345,0.046192
3.6722e-10,0.052307,0.046181
2.8023e-10,0.052271,0.046166
1.8781e-10,0.052236,0.046149
9.0089e-11,0.052203,0.046127
-1.2811e-11,0.05217,0.046103
-1.2073e-10,0.052139,0.046075
-2.3347e-10,0.052109,0.046044
-3.5081e-10,0.05208,0.04601
-4.7252e-10,0.052053,0.045973
-5.9831e-10,0.052026,0.045933
-7.2787e-10,0.052001,0.045889
-8.6087e-10,0.051977,0.045843
-9.9694e-10,0.051955,0.045793
-1.1357e-09,0.051933,0.045741
-1.2767e-09,0.051913,0.045686
-1.4194e-09,0.051893,0.045628
-1.5635e-09,0.051875,0.045568
-1.7083e-09,0.051857,0.045505
-1.8533e-09,0.051841,0.04544
-1.998e-09,0.051825,0.045372
-2.1417e-09,0.051811,0.045302
-2.2839e-09,0.051797,0.04523
-2.4238e-09,0.051784,0.045156
-2.5608e-09,0.051773,0.04508
-2.6942e-09,0.051762,0.045002
-2.8233e-09,0.051751,0.044923
-2.9473e-09,0.051742,0.044843
-3.0655e-09,0.051733,0.044761
-3.1771e-09,0.051726,0.044679
-3.2813e-09,0.051719,0.044596
-3.3775e-09,0.051713,0.044512
-3.4647e-09,0.051708,0.044428
-3.5422e-09,0.051703,0.044343
-3.6092e-09,0.0517,0.044259
-3.6649e-09,0.051697,0.044175
-3.7085e-09,0.051696,0.044092
-3.7392e-09,0.051695,0.04401
-3.7564e-09,0.051695,0.043928
-3.7592e-09,0.051697,0.043848
-3.747e-09,0.051699,0.04377
-3.719e-09,0.051703,0.043693
-3.6745e-09,0.051708,0.043619
-3.6131e-09,0.051714,0.043547
-3.534e-09,0.051722,0.043478
-3.4367e-09,0.051731,0.043412
-3.3207e-09,0.051742,0.043349
-3.1856e-09,0.051754,0.043289
-3.0309e-09,0.051767,0.043234
-2.8564e-09,0.051783,0.043182
-2.6617e-09,0.0518,0.043135
-2.4467e-09,0.051819,0.043093
-2.2112e-09,0.051841,0.043055
-1.9552e-09,0.051864,0.043023
-1.6786e-09,0.051889,0.042996
-1.3817e-09,0.051916,0.042975
-1.0645e-09,0.051946,0.042959
-7.2745e-10,0.051978,0.04295
-3.7082e-10,0.052012,0.042947
4.8592e-12,0.052049,0.04295
3.9902e-10,0.052088,0.042959
8.1098e-10,0.052129,0.042976
1.2399e-09,0.052173,0.042999
1.685e-09,0.052219,0.043029
2.1452e-09,0.052268,0.043066
2.6194e-09,0.052319,0.04311
3.1063e-09,0.052373,0.043161
3.6046e-09,0.052429,0.043219
4.1129e-09,0.052487,0.043285
4.6296e-09,0.052547,0.043357
5.153e-09,0.05261,0.043436
5.6814e-09,0.052675,0.043523
6.2127e-09,0.052742,0.043616
6.7452e-09,0.05281,0.043715
7.2766e-09,0.052881,0.043822
7.8047e-09,0.052953,0.043934
8.3272e-09,0.053026,0.044053
8.8419e-09,0.0531,0.044178
9.3461e-09,0.053176,0.044309
9.8373e-09,0.053252,0.044445
1.0313e-08,0.053329,0.044586
1.077e-08,0.053407,0.044732
1.1207e-08,0.053484,0.044882
1.1619e-08,0.053562,0.045037
1.2005e-08,0.053639,0.045195
1.2361e-08,0.053715,0.045357
1.2685e-08,0.053791,0.045522
1.2974e-08,0.053866,0.045689
1.3224e-08,0.053939,0.045859
1.3433e-08,0.05401,0.04603
1.3598e-08,0.054079,0.046202
1.3716e-08,0.054146,0.046375
1.3785e-08,0.05421,0.046549
1.3801e-08,0.054271,0.046722
1.3762e-08,0.05433,0.046895
1.3666e-08,0.054384,0.047066
1.351e-08,0.054435,0.047236
1.3291e-08,0.054481,0.047403
1.3008e-08,0.054523,0.047568
1.2658e-08,0.054561,0.047729
1.224e-08,0.054593,0.047887
1.1752e-08,0.05462,0.04804
1.1192e-08,0.054642,0.048188
1.0559e-08,0.054658,0.048332
9.8527e-09,0.054668,0.048469
9.0716e-09,0.054672,0.048601
8.2153e-09,0.054669,0.048726
7.2837e-09,0.054661,0.048844
6.2767e-09,0.054645,0.048954
5.1948e-09,0.054623,0.049056
4.0386e-09,0.054594,0.04915
2.8092e-09,0.054558,0.049236
1.5078e-09,0.054515,0.049313
1.363e-10,0.054465,0.04938
-1.3033e-09,0.054407,0.049438
-2.8085e-09,0.054343,0.049487
-4.3765e-09,0.054272,0.049525
-6.004e-09,0.054194,0.049554
-7.6874e-09,0.054109,0.049572
-9.4226e-09,0.054018,0.04958
-1.1205e-08,0.05392,0.049578
-1.303e-08,0.053816,0.049565
-1.4892e-08,0.053705,0.049542
-1.6786e-08,0.053589,0.049509
-1.8705e-08,0.053467,0.049465
-2.0642e-08,0.053339,0.049412
-2.2592e-08,0.053207,0.049348
-2.4547e-08,0.05307,0.049275
-2.6498e-08,0.052928,0.049192
-2.8438e-08,0.052783,0.049101
-3.0359e-08,0.052634,0.049
-3.2252e-08,0.052481,0.048891
-3.4107e-08,0.052326,0.048774
-3.5916e-08,0.052169,0.048649
-3.7669e-08,0.052009,0.048517
-3.9356e-08,0.051848,0.048378
-4.0966e-08,0.051686,0.048233
-4.249e-08,0.051523,0.048082
-4.3918e-08,0.05136,0.047926
-4.5238e-08,0.051197,0.047766
-4.644e-08,0.051035,0.047601
-4.7514e-08,0.050875,0.047433
-4.8448e-08,0.050715,0.047262
-4.9232e-08,0.050558,0.047089
-4.9856e-08,0.050403,0.046915
-5.0309e-08,0.050251,0.04674
-5.0581e-08,0.050102,0.046564
-5.0662e-08,0.049957,0.046389
-5.0542e-08,0.049816,0.046215
-5.0212e-08,0.049679,0.046043
-4.9662e-08,0.049547,0.045873
-4.8884e-08,0.04942,0.045707
-4.787e-08,0.049298,0.045544
-4.6613e-08,0.049181,0.045386
-4.5106e-08,0.049071,0.045232
-4.3341e-08,0.048966,0.045084
-4.1315e-08,0.048867,0.044942
-3.9022e-08,0.048775,0.044807
-3.6458e-08,0.04869,0.044679
-3.362e-08,0.048611,0.044559
-3.0506e-08,0.048538,0.044446
-2.7116e-08,0.048473,0.044343
-2.345e-08,0.048414,0.044248
-1.9507e-08,0.048363,0.044162
-1.5292e-08,0.048318,0.044086
-1.0808e-08,0.04828,0.044019
-6.0584e-09,0.048249,0.043963
-1.0508e-09,0.048224,0.043916
4.2076e-09,0.048206,0.04388
9.708e-09,0.048195,0.043854
1.544e-08,0.04819,0.043839
2.1392e-08,0.048191,0.043834
2.755e-08,0.048198,0.043839
3.3901e-08,0.04821,0.043854
4.0427e-08,0.048229,0.04388
4.7111e-08,0.048252,0.043915
5.3933e-08,0.048281,0.04396
6.0874e-08,0.048315,0.044015
6.791e-08,0.048353,0.044078
7.5018e-08,0.048396,0.04415
8.2173e-08,0.048443,0.044231
8.9348e-08,0.048493,0.04432
9.6515e-08,0.048547,0.044416
1.0364e-07,0.048604,0.044519
1.1071e-07,0.048665,0.04463
1.1767e-07,0.048728,0.044746
1.245e-07,0.048793,0.044868
1.3116e-07,0.048861,0.044996
1.3762e-07,0.04893,0.045128
1.4384e-07,0.049001,0.045264
1.4978e-07,0.049074,0.045403
1.5542e-07,0.049148,0.045546
1.607e-07,0.049223,0.045691
1.6559e-07,0.049298,0.045839
1.7006e-07,0.049374,0.045987
1.7405e-07,0.04945,0.046136
1.7754e-07,0.049527,0.046286
1.8048e-07,0.049603,0.046435
1.8284e-07,0.04968,0.046584
1.8457e-07,0.049755,0.046731
1.8565e-07,0.049831,0.046876
1.8602e-07,0.049906,0.047019
1.8567e-07,0.04998,0.04716
1.8454e-07,0.050053,0.047297
1.8261e-07,0.050125,0.047431
1.7985e-07,0.050196,0.047561
1.7623e-07,0.050266,0.047686
1.7171e-07,0.050335,0.047807
1.6628e-07,0.050403,0.047923
1.599e-07,0.050469,0.048034
1.5257e-07,0.050534,0.048139
1.4426e-07,0.050597,0.048238
1.3496e-07,0.050659,0.048331
1.2465e-07,0.05072,0.048419
1.1333e-07,0.050779,0.0485
1.0099e-07,0.050837,0.048574
8.7643e-08,0.050893,0.048642
7.3279e-08,0.050947,0.048704
5.7912e-08,0.051001,0.048759
4.1553e-08,0.051052,0.048808
2.422e-08,0.051102,0.04885
5.9355e-09,0.051151,0.048885
-1.3274e-08,0.051198,0.048914
-3.3376e-08,0.051243,0.048937
-5.4334e-08,0.051287,0.048954
-7.6104e-08,0.05133,0.048964
-9.864e-08,0.051371,0.048968
-1.2189e-07,0.05141,0.048967
-1.4579e-07,0.051448,0.04896
-1.7027e-07,0.051484,0.048948
-1.9528e-07,0.051519,0.04893
-2.2073e-07,0.051553,0.048907
-2.4654e-07,0.051585,0.04888
-2.7263e-07,0.051615,0.048848
-2.989e-07,0.051644,0.048811
-3.2526e-07,0.051671,0.048771
-3.516e-07,0.051697,0.048727
-3.7781e-07,0.051721,0.048679
-4.038e-07,0.051744,0.048628
-4.2943e-07,0.051765,0.048574
-4.5459e-07,0.051784,0.048517
-4.7916e-07,0.051802,0.048457
-5.0299e-07,0.051818,0.048395
-5.2598e-07,0.051832,0.048331
-5.4797e-07,0.051844,0.048265
-5.6883e-07,0.051855,0.048198
-5.8842e-07,0.051864,0.048129
-6.066e-07,0.051871,0.048059
-6.2323e-07,0.051877,0.047988
-6.3816e-07,0.05188,0.047916
-6.5125e-07,0.051882,0.047844
-6.6236e-07,0.051882,0.047771
-6.7134e-07,0.05188,0.047698
-6.7805e-07,0.051877,0.047625
-6.8237e-07,0.051872,0.047552
-6.8414e-07,0.051865,0.04748
-6.8324e-07,0.051856,0.047408
-6.7954e-07,0.051845,0.047337
-6.7292e-07,0.051833,0.047266
-6.6326e-07,0.05182,0.047196
-6.5046e-07,0.051804,0.047127
-6.344e-07,0.051787,0.047059
-6.15e-07,0.051769,0.046993
-5.9217e-07,0.051749,0.046927
-5.6583e-07,0.051728,0.046863
-5.3593e-07,0.051705,0.046801
-5.0239e-07,0.051682,0.046739
-4.6519e-07,0.051657,0.04668
-4.243e-07,0.051631,0.046622
-3.7969e-07,0.051604,0.046565
-3.3136e-07,0.051576,0.04651
-2.7934e-07,0.051547,0.046457
-2.2364e-07,0.051518,0.046406
-1.6433e-07,0.051488,0.046357
-1.0144e-07,0.051458,0.046309
-3.5079e-08,0.051427,0.046264
3.467e-08,0.051396,0.04622
1.0769e-07,0.051365,0.046178
1.8383e-07,0.051334,0.046138
2.6296e-07,0.051303,0.0461
3.4489e-07,0.051272,0.046064
4.2942e-07,0.051242,0.04603
5.1634e-07,0.051212,0.045998
6.0542e-07,0.051183,0.045968
6.964e-07,0.051154,0.04594
7.89e-07,0.051127,0.045915
8.8293e-07,0.0511,0.045891
9.7787e-07,0.051075,0.04587
1.0735e-06,0.05105,0.04585
1.1694e-06,0.051027,0.045833
1.2653e-06,0.051006,0.045818
1.3607e-06,0.050985,0.045805
1.4553e-06,0.050967,0.045794
1.5486e-06,0.05095,0.045785
1.6401e-06,0.050935,0.045779
1.7295e-06,0.050922,0.045775
1.8162e-06,0.050911,0.045773
1.8998e-06,0.050902,0.045773
1.9797e-06,0.050895,0.045776
2.0555e-06,0.05089,0.04578
2.1266e-06,0.050887,0.045788
2.1926e-06,0.050887,0.045797
2.2529e-06,0.050888,0.045809
2.3069e-06,0.050892,0.045823
2.3542e-06,0.050898,0.04584
2.3941e-06,0.050907,0.045858
2.4263e-06,0.050917,0.04588
2.4502e-06,0.05093,0.045903
2.4652e-06,0.050945,0.045929
2.471e-06,0.050962,0.045957
2.4669e-06,0.050981,0.045988
2.4525e-06,0.051003,0.046021
2.4274e-06,0.051026,0.046056
2.3911e-06,0.051051,0.046094
2.3432e-06,0.051078,0.046134
2.2835e-06,0.051107,0.046176
2.2114e-06,0.051138,0.04622
2.1267e-06,0.05117,0.046266
2.0292e-06,0.051204,0.046315
1.9185e-06,0.051239,0.046365
1.7945e-06,0.051276,0.046417
1.6571e-06,0.051314,0.046471
1.506e-06,0.051353,0.046528
1.3414e-06,0.051392,0.046585
1.1631e-06,0.051433,0.046645
9.7119e-07,0.051475,0.046706
7.6584e-07,0.051517,0.046768
5.4721e-07,0.05156,0.046832
3.1552e-07,0.051603,0.046896
7.1074e-08,0.051647,0.046963
-1.8575e-07,0.051691,0.04703
-4.5452e-07,0.051735,0.047098
-7.3472e-07,0.051778,0.047166
-1.0258e-06,0.051822,0.047236
-1.327e-06,0.051866,0.047305
-1.6377e-06,0.051909,0.047376
-1.957e-06,0.051951,0.047446
-2.284e-06,0.051994,0.047517
-2.6179e-06,0.052035,0.047588
-2.9574e-06,0.052075,0.047658
-3.3016e-06,0.052115,0.047728
-3.6492e-06,0.052154,0.047798
-3.9989e-06,0.052191,0.047868
-4.3494e-06,0.052227,0.047937
-4.6993e-06,0.052262,0.048005
-5.047e-06,0.052296,0.048073
-5.391e-06,0.052328,0.048139
-5.7297e-06,0.052359,0.048205
-6.0613e-06,0.052388,0.048269
-6.384e-06,0.052415,0.048333
-6.6962e-06,0.05244,0.048395
-6.9959e-06,0.052464,0.048456
-7.2811e-06,0.052486,0.048515
-7.5499e-06,0.052505,0.048573
-7.8004e-06,0.052523,0.04863
-8.0304e-06,0.052539,0.048685
-8.2379e-06,0.052552,0.048739
-8.4208e-06,0.052563,0.048792
-8.577e-06,0.052572,0.048842
-8.7044e-06,0.052579,0.048892
-8.801e-06,0.052584,0.04894
-8.8645e-06,0.052586,0.048986
-8.8929e-06,0.052586,0.049031
-8.8842e-06,0.052583,0.049074
-8.8363e-06,0.052579,0.049117
-8.7472e-06,0.052572,0.049158
-8.615e-06,0.052562,0.049197
-8.4379e-06,0.052551,0.049236
-8.214e-06,0.052537,0.049273
-7.9415e-06,0.052521,0.04931
-7.619e-06,0.052503,0.049346
-7.2447e-06,0.052482,0.04938
-6.8174e-06,0.05246,0.049414
-6.3356e-06,0.052435,0.049448
-5.7982e-06,0.052408,0.049481
-5.2041e-06,0.052379,0.049514
-4.5525e-06,0.052349,0.049546
-3.8426e-06,0.052316,0.049578
-3.0737e-06,0.052282,0.049611
-2.2456e-06,0.052246,0.049643
-1.3579e-06,0.052208,0.049676
-4.1059e-07,0.052169,0.049708
5.9613e-07,0.052128,0.049742
1.6619e-06,0.052085,0.049776
2.7862e-06,0.052042,0.049811
3.9683e-06,0.051997,0.049846
5.207e-06,0.05195,0.049883
6.5013e-06,0.051903,0.04992
7.8496e-06,0.051855,0.049959
9.2503e-06,0.051806,0.049999
1.0701e-05,0.051756,0.05004
1.2201e-05,0.051705,0.050082
1.3746e-05,0.051654,0.050126
1.5335e-05,0.051603,0.050171
1.6964e-05,0.05155,0.050218
1.863e-05,0.051498,0.050266
2.0331e-05,0.051446,0.050316
2.2062e-05,0.051393,0.050367
2.382e-05,0.05134,0.050421
2.56e-05,0.051288,0.050475
2.74e-05,0.051236,0.050531
2.9214e-05,0.051184,0.050589
3.1038e-05,0.051132,0.050648
3.2867e-05,0.051081,0.050709
3.4697e-05,0.051031,0.050771
3.6523e-05,0.050982,0.050835
3.8339e-05,0.050933,0.0509
4.0141e-05,0.050885,0.050965
4.1923e-05,0.050838,0.051033
4.368e-05,0.050793,0.051101
4.5406e-05,0.050749,0.051169
4.7098e-05,0.050706,0.051239
4.8748e-05,0.050664,0.05131
5.0352e-05,0.050624,0.05138
5.1904e-05,0.050586,0.051452
5.34e-05,0.050549,0.051523
5.4835e-05,0.050514,0.051595
5.6203e-05,0.050481,0.051667
5.75e-05,0.05045,0.051739
5.8721e-05,0.050421,0.05181
5.9861e-05,0.050394,0.051881
6.0918e-05,0.050369,0.051952
6.1886e-05,0.050346,0.052021
6.2763e-05,0.050325,0.05209
6.3544e-05,0.050307,0.052159
6.4228e-05,0.05029,0.052226
6.4811e-05,0.050277,0.052292
6.5291e-05,0.050265,0.052356
6.5666e-05,0.050256,0.05242
6.5935e-05,0.05025,0.052481
6.6097e-05,0.050245,0.052542
6.6151e-05,0.050244,0.0526
6.6097e-05,0.050244,0.052657
6.5935e-05,0.050247,0.052712
6.5666e-05,0.050253,0.052765
6.5291e-05,0.05026,0.052816
6.4811e-05,0.050271,0.052865
6.4228e-05,0.050283,0.052912
6.3544e-05,0.050298,0.052957
6.2763e-05,0.050315,0.053
6.1886e-05,0.050335,0.053041
6.0918e-05,0.050356,0.053079
5.9861e-05,0.05038,0.053115
5.8721e-05,0.050405,0.053149
5.75e-05,0.050433,0.053181
5.6203e-05,0.050463,0.05321
5.4835e-05,0.050494,0.053237
5.3401e-05,0.050528,0.053262
5.1905e-05,0.050563,0.053285
5.0352e-05,0.050599,0.053306
4.8748e-05,0.050638,0.053324
4.7098e-05,0.050677,0.05334
4.5407e-05,0.050718,0.053355
4.368e-05,0.050761,0.053367
4.1923e-05,0.050804,0.053377
4.0141e-05,0.050848,0.053385
3.8339e-05,0.050894,0.053391
3.6523e-05,0.05094,0.053396
3.4698e-05,0.050987,0.053398
3.2868e-05,0.051034,0.053399
3.1038e-05,0.051082,0.053398
2.9214e-05,0.05113,0.053395
2.74e-05,0.051179,0.05339
2.5601e-05,0.051228,0.053384
2.382e-05,0.051276,0.053377
2.2062e-05,0.051325,0.053367
2.0331e-05,0.051373,0.053357
1.863e-05,0.051421,0.053345
1.6964e-05,0.051468,0.053332
1.5335e-05,0.051515,0.053317
1.3746e-05,0.051561,0.053301
1.2201e-05,0.051607,0.053284
1.0701e-05,0.051651,0.053266
9.2503e-06,0.051694,0.053247
7.8496e-06,0.051737,0.053227
6.5013e-06,0.051778,0.053205
5.207e-06,0.051817,0.053183
3.9683e-06,0.051856,0.05316
2.7862e-06,0.051892,0.053136
1.6619e-06,0.051927,0.053111
5.9608e-07,0.051961,0.053086
-4.1066e-07,0.051993,0.053059
-1.358e-06,0.052022,0.053032
-2.2457e-06,0.052051,0.053005
-3.0738e-06,0.052077,0.052976
-3.8427e-06,0.052101,0.052947
-4.5527e-06,0.052123,0.052918
-5.2043e-06,0.052143,0.052888
-5.7984e-06,0.052161,0.052857
-6.3358e-06,0.052176,0.052826
-6.8176e-06,0.05219,0.052795
-7.245e-06,0.052201,0.052763
-7.6192e-06,0.05221,0.052731
-7.9418e-06,0.052217,0.052698
-8.2142e-06,0.052222,0.052665
-8.4382e-06,0.052224,0.052632
-8.6153e-06,0.052224,0.052598
-8.7475e-06,0.052222,0.052565
-8.8366e-06,0.052218,0.052531
-8.8845e-06,0.052211,0.052497
-8.8933e-06,0.052202,0.052462
-8.8648e-06,0.052191,0.052428
-8.8013e-06,0.052178,0.052394
-8.7048e-06,0.052163,0.05236
-8.5774e-06,0.052145,0.052325
-8.4212e-06,0.052126,0.052291
-8.2383e-06,0.052104,0.052257
-8.0308e-06,0.052081,0.052223
-7.8008e-06,0.052055,0.05219
-7.5503e-06,0.052028,0.052156
-7.2815e-06,0.051999,0.052124
-6.9963e-06,0.051968,0.052091
-6.6966e-06,0.051935,0.052059
-6.3845e-06,0.0519,0.052028
-6.0617e-06,0.051864,0.051997
-5.73e-06,0.051827,0.051967
-5.3914e-06,0.051787,0.051937
-5.0474e-06,0.051747,0.051909
-4.6996e-06,0.051705,0.051881
-4.3498e-06,0.051661,0.051855
-3.9992e-06,0.051617,0.051829
-3.6495e-06,0.051571,0.051805
-3.3019e-06,0.051524,0.051782
-2.9576e-06,0.051477,0.05176
-2.618e-06,0.051428,0.05174
-2.2842e-06,0.051378,0.051721
-1.9571e-06,0.051328,0.051704
-1.6377e-06,0.051277,0.051688
-1.327e-06,0.051225,0.051674
-1.0258e-06,0.051173,0.051662
-7.3467e-07,0.05112,0.051652
-4.5442e-07,0.051067,0.051643
-1.8561e-07,0.051014,0.051637
7.1268e-08,0.05096,0.051633
3.1576e-07,0.050907,0.05163
5.4751e-07,0.050853,0.05163
7.662e-07,0.050799,0.051632
9.716e-07,0.050746,0.051636
1.1635e-06,0.050693,0.051642
1.3419e-06,0.05064,0.051651
1.5066e-06,0.050587,0.051661
1.6577e-06,0.050535,0.051674
1.7952e-06,0.050483,0.05169
1.9193e-06,0.050432,0.051707
2.03e-06,0.050382,0.051727
2.1276e-06,0.050332,0.051749
2.2123e-06,0.050283,0.051773
2.2845e-06,0.050235,0.051799
2.3443e-06,0.050188,0.051827
2.3922e-06,0.050142,0.051857
2.4285e-06,0.050097,0.051889
2.4537e-06,0.050052,0.051923
2.4681e-06,0.050009,0.051959
2.4723e-06,0.049967,0.051996
2.4666e-06,0.049927,0.052035
2.4516e-06,0.049887,0.052076
2.4278e-06,0.049849,0.052117
2.3956e-06,0.049813,0.05216
2.3556e-06,0.049777,0.052204
2.3084e-06,0.049743,0.05225
2.2544e-06,0.049711,0.052295
2.1941e-06,0.04968,0.052342
2.1282e-06,0.04965,0.052389
2.057e-06,0.049622,0.052437
1.9813e-06,0.049596,0.052485
1.9013e-06,0.049571,0.052532
1.8177e-06,0.049548,0.05258
1.731e-06,0.049527,0.052628
1.6416e-06,0.049507,0.052675
1.55e-06,0.049489,0.052722
1.4567e-06,0.049473,0.052768
1.362e-06,0.049459,0.052814
1.2665e-06,0.049446,0.052858
1.1706e-06,0.049436,0.052902
1.0746e-06,0.049427,0.052944
9.7887e-07,0.04942,0.052985
8.8383e-07,0.049415,0.053024
7.8979e-07,0.049412,0.053062
6.9708e-07,0.049411,0.053098
6.0597e-07,0.049412,0.053133
5.1676e-07,0.049415,0.053165
4.297e-07,0.04942,0.053196
3.4502e-07,0.049427,0.053225
2.6294e-07,0.049436,0.053251
1.8366e-07,0.049447,0.053276
1.0734e-07,0.04946,0.053298
3.4146e-08,0.049475,0.053318
-3.5786e-08,0.049491,0.053336
-1.0234e-07,0.04951,0.053352
-1.6542e-07,0.049531,0.053365
-2.2493e-07,0.049553,0.053376
-2.8083e-07,0.049577,0.053385
-3.3306e-07,0.049604,0.053392
-3.816e-07,0.049631,0.053396
-4.2642e-07,0.049661,0.053398
-4.6754e-07,0.049692,0.053398
-5.0495e-07,0.049725,0.053396
-5.3871e-07,0.04976,0.053392
-5.6883e-07,0.049796,0.053386
-5.9538e-07,0.049834,0.053378
-6.1843e-07,0.049873,0.053368
-6.3804e-07,0.049914,0.053357
-6.543e-07,0.049955,0.053344
-6.673e-07,0.049998,0.053329
-6.7715e-07,0.050043,0.053313
-6.8396e-07,0.050088,0.053296
-6.8784e-07,0.050135,0.053277
-6.889e-07,0.050182,0.053258
-6.8729e-07,0.05023,0.053237
-6.8312e-07,0.05028,0.053216
-6.7654e-07,0.05033,0.053194
-6.6767e-07,0.05038,0.053172
-6.5666e-07,0.050431,0.053149
-6.4366e-07,0.050483,0.053126
-6.2879e-07,0.050535,0.053103
-6.1221e-07,0.050587,0.05308
-5.9405e-07,0.05064,0.053057
-5.7447e-07,0.050693,0.053034
-5.5359e-07,0.050746,0.053012
-5.3156e-07,0.050798,0.052991
-5.0851e-07,0.050851,0.05297
-4.8458e-07,0.050903,0.05295
-4.5989e-07,0.050955,0.052931
-4.3459e-07,0.051006,0.052913
-4.0878e-07,0.051057,0.052897
-3.8259e-07,0.051107,0.052881
-3.5614e-07,0.051157,0.052868
-3.2954e-07,0.051205,0.052856
-3.0289e-07,0.051252,0.052846
-2.763e-07,0.051299,0.052837
-2.4986e-07,0.051344,0.052831
-2.2366e-07,0.051388,0.052827
-1.978e-07,0.051431,0.052825
-1.7235e-07,0.051472,0.052825
-1.4738e-07,0.051511,0.052827
-1.2298e-07,0.051549,0.052832
-9.9196e-08,0.051585,0.052839
-7.6097e-08,0.05162,0.052849
-5.3735e-08,0.051652,0.052861
-3.216e-08,0.051683,0.052876
-1.1414e-08,0.051712,0.052894
8.4627e-09,0.051738,0.052914
2.7438e-08,0.051763,0.052937
4.5481e-08,0.051785,0.052962
6.2571e-08,0.051805,0.05299
7.8686e-08,0.051823,0.053021
9.3812e-08,0.051838,0.053054
1.0794e-07,0.051851,0.05309
1.2106e-07,0.051862,0.053128
1.3317e-07,0.051871,0.053169
1.4428e-07,0.051877,0.053212
1.5438e-07,0.051881,0.053257
1.6349e-07,0.051882,0.053304
1.7161e-07,0.051881,0.053353
1.7877e-07,0.051878,0.053404
1.8497e-07,0.051872,0.053457
1.9024e-07,0.051864,0.053512
1.9461e-07,0.051854,0.053568
1.9808e-07,0.051842,0.053625
2.007e-07,0.051827,0.053684
2.0248e-07,0.05181,0.053743
2.0345e-07,0.051792,0.053804
2.0366e-07,0.051771,0.053864
2.0312e-07,0.051748,0.053926
2.0187e-07,0.051724,0.053987
1.9994e-07,0.051697,0.054049
1.9738e-07,0.05167,0.05411
1.942e-07,0.05164,0.054171
1.9045e-07,0.051609,0.054231
1.8617e-07,0.051577,0.054291
1.8138e-07,0.051543,0.054349
1.7612e-07,0.051509,0.054407
1.7043e-07,0.051473,0.054463
1.6434e-07,0.051436,0.054517
1.5788e-07,0.051399,0.05457
1.5109e-07,0.051361,0.054621
1.4401e-07,0.051322,0.054669
1.3665e-07,0.051283,0.054716
1.2907e-07,0.051244,0.05476
1.2127e-07,0.051205,0.054802
1.133e-07,0.051166,0.054841
1.0519e-07,0.051127,0.054877
9.6952e-08,0.051088,0.054911
8.8626e-08,0.05105,0.054942
8.0233e-08,0.051012,0.054971
7.1799e-08,0.050975,0.054996
6.3348e-08,0.050939,0.055019
5.4903e-08,0.050904,0.055039
4.6485e-08,0.05087,0.055056
3.8115e-08,0.050838,0.05507
2.9812e-08,0.050806,0.055082
2.1596e-08,0.050777,0.055091
1.3485e-08,0.050748,0.055097
5.4952e-09,0.050722,0.055101
-2.3572e-09,0.050698,0.055103
-1.0057e-08,0.050675,0.055103
-1.7589e-08,0.050654,0.055101
-2.4941e-08,0.050636,0.055098
-3.21e-08,0.05062,0.055092
-3.9052e-08,0.050606,0.055086
-4.5788e-08,0.050594,0.055078
-5.2295e-08,0.050585,0.055069
-5.8563e-08,0.050578,0.05506
-6.4584e-08,0.050574,0.05505
-7.0346e-08,0.050572,0.05504
-7.5842e-08,0.050573,0.05503
-8.1062e-08,0.050576,0.05502
-8.5999e-08,0.050582,0.055011
-9.0644e-08,0.05059,0.055002
-9.4991e-08,0.050601,0.054995
-9.9031e-08,0.050615,0.054989
-1.0276e-07,0.050631,0.054984
-1.0617e-07,0.050649,0.054982
-1.0924e-07,0.05067,0.054981
-1.1199e-07,0.050693,0.054982
-1.144e-07,0.050719,0.054986
-1.1646e-07,0.050747,0.054993
-1.1817e-07,0.050777,0.055002
-1.1952e-07,0.05081,0.055015
-1.205e-07,0.050844,0.05503
-1.2112e-07,0.05088,0.055049
-1.2136e-07,0.050919,0.055071
-1.2122e-07,0.050959,0.055097
-1.207e-07,0.051001,0.055126
-1.1979e-07,0.051045,0.055159
-1.1848e-07,0.05109,0.055196
-1.1678e-07,0.051137,0.055237
-1.1467e-07,0.051185,0.055281
-1.1216e-07,0.051234,0.055329
-1.0924e-07,0.051285,0.055381
-1.0591e-07,0.051337,0.055437
-1.0217e-07,0.051389,0.055496
-9.8017e-08,0.051443,0.055559
-9.345e-08,0.051497,0.055625
-8.847e-08,0.051552,0.055695
-8.3079e-08,0.051607,0.055768
-7.7279e-08,0.051663,0.055844
-7.1072e-08,0.051719,0.055924
-6.4464e-08,0.051775,0.056006
-5.746e-08,0.051831,0.05609
-5.0066e-08,0.051887,0.056177
-4.2291e-08,0.051943,0.056267
-3.4143e-08,0.051999,0.056358
-2.5634e-08,0.052054,0.056451
-1.6775e-08,0.052109,0.056546
-7.5802e-09,0.052163,0.056642
1.935e-09,0.052216,0.05674
1.1754e-08,0.052269,0.056838
2.1857e-08,0.05232,0.056937
3.2224e-08,0.05237,0.057036
4.2833e-08,0.052419,0.057135
5.366e-08,0.052466,0.057234
6.4679e-08,0.052512,0.057333
7.5861e-08,0.052557,0.057431
8.7177e-08,0.052599,0.057529
9.8595e-08,0.05264,0.057625
1.1008e-07,0.052679,0.05772
1.216e-07,0.052716,0.057813
1.3311e-07,0.05275,0.057905
1.4458e-07,0.052783,0.057994
1.5596e-07,0.052813,0.058081
1.6722e-07,0.05284,0.058166
1.783e-07,0.052865,0.058249
1.8916e-07,0.052888,0.058328
1.9975e-07,0.052907,0.058405
2.1003e-07,0.052924,0.058478
2.1994e-07,0.052938,0.058548
2.2942e-07,0.05295,0.058615
2.3844e-07,0.052958,0.058679
2.4693e-07,0.052963,0.058739
2.5483e-07,0.052965,0.058795
2.621e-07,0.052964,0.058848
2.6868e-07,0.05296,0.058896
2.7451e-07,0.052953,0.058941
2.7953e-07,0.052943,0.058982
2.837e-07,0.052929,0.059019
2.8695e-07,0.052913,0.059053
2.8922e-07,0.052893,0.059082
2.9048e-07,0.052871,0.059107
2.9066e-07,0.052845,0.059129
2.8971e-07,0.052816,0.059147
2.8758e-07,0.052784,0.05916
2.8423e-07,0.052749,0.059171
2.7961e-07,0.052711,0.059177
2.7368e-07,0.052671,0.05918
2.6641e-07,0.052628,0.05918
2.5774e-07,0.052582,0.059176
2.4766e-07,0.052533,0.059169
2.3613e-07,0.052482,0.059158
2.2314e-07,0.052428,0.059145
2.0865e-07,0.052372,0.059128
1.9265e-07,0.052314,0.059109
1.7515e-07,0.052253,0.059087
1.5612e-07,0.05219,0.059062
1.3558e-07,0.052126,0.059035
1.1352e-07,0.052059,0.059006
8.9973e-08,0.051991,0.058974
6.4948e-08,0.051921,0.058941
3.8475e-08,0.05185,0.058905
1.0588e-08,0.051777,0.058868
-1.8671e-08,0.051703,0.058829
-4.9254e-08,0.051627,0.058788
-8.1102e-08,0.05155,0.058746
-1.1415e-07,0.051473,0.058703
-1.4833e-07,0.051394,0.058658
-1.8356e-07,0.051314,0.058613
-2.1975e-07,0.051234,0.058567
-2.5679e-07,0.051153,0.058519
-2.946e-07,0.051071,0.058472
-3.3305e-07,0.050989,0.058423
-3.7202e-07,0.050907,0.058375
-4.1139e-07,0.050824,0.058325
-4.5101e-07,0.050741,0.058276
-4.9074e-07,0.050658,0.058226
-5.3043e-07,0.050575,0.058177
-5.6991e-07,0.050492,0.058127
-6.0902e-07,0.050409,0.058078
-6.4758e-07,0.050326,0.058029
-6.8542e-07,0.050243,0.05798
-7.2235e-07,0.05016,0.057932
-7.5817e-07,0.050078,0.057885
-7.9268e-07,0.049996,0.057837
-8.257e-07,0.049915,0.057791
-8.57e-07,0.049834,0.057745
-8.8638e-07,0.049754,0.057701
-9.1364e-07,0.049675,0.057657
-9.3855e-07,0.049596,0.057614
-9.609e-07,0.049518,0.057572
-9.8048e-07,0.049441,0.057531
-9.9708e-07,0.049365,0.057492
-1.0105e-06,0.04929,0.057454
-1.0205e-06,0.049217,0.057416
-1.0268e-06,0.049144,0.057381
-1.0294e-06,0.049073,0.057346
-1.0279e-06,0.049003,0.057313
-1.0223e-06,0.048935,0.057282
-1.0122e-06,0.048869,0.057252
-9.9759e-07,0.048804,0.057223
-9.7824e-07,0.048741,0.057196
-9.5402e-07,0.04868,0.057171
-9.2478e-07,0.048621,0.057147
-8.904e-07,0.048564,0.057125
-8.5075e-07,0.04851,0.057104
-8.0574e-07,0.048458,0.057085
-7.553e-07,0.048409,0.057067
-6.9935e-07,0.048362,0.057051
-6.3786e-07,0.048318,0.057037
-5.708e-07,0.048278,0.057024
-4.9818e-07,0.04824,0.057012
-4.2e-07,0.048205,0.057002
-3.3633e-07,0.048174,0.056994
-2.4721e-07,0.048147,0.056987
-1.5276e-07,0.048122,0.056982
-5.3088e-08,0.048102,0.056977
5.1657e-08,0.048085,0.056975
1.613e-07,0.048072,0.056973
2.7563e-07,0.048063,0.056973
3.9443e-07,0.048058,0.056974
5.1742e-07,0.048057,0.056976
6.4432e-07,0.04806,0.056979
7.7479e-07,0.048067,0.056983
9.085e-07,0.048079,0.056988
1.0451e-06,0.048094,0.056993
1.184e-06,0.048114,0.057
1.325e-06,0.048138,0.057007
1.4675e-06,0.048166,0.057015
1.611e-06,0.048199,0.057023
1.7549e-06,0.048235,0.057031
1.8988e-06,0.048276,0.05704
2.042e-06,0.048321,0.057049
2.1839e-06,0.048369,0.057058
2.3238e-06,0.048421,0.057066
2.4612e-06,0.048477,0.057075
2.5953e-06,0.048537,0.057084
2.7253e-06,0.0486,0.057092
2.8507e-06,0.048666,0.057099
2.9706e-06,0.048736,0.057106
3.0843e-06,0.048808,0.057113
3.191e-06,0.048883,0.057118
3.2899e-06,0.048961,0.057123
3.3803e-06,0.049041,0.057127
3.4613e-06,0.049123,0.05713
3.5322e-06,0.049208,0.057132
3.5922e-06,0.049294,0.057133
3.6405e-06,0.049381,0.057132
3.6762e-06,0.04947,0.057131
3.6988e-06,0.049559,0.057128
3.7073e-06,0.04965,0.057124
3.7011e-06,0.049741,0.057118
3.6795e-06,0.049832,0.057111
3.6418e-06,0.049923,0.057103
3.5874e-06,0.050014,0.057093
3.5156e-06,0.050104,0.057082
3.4259e-06,0.050193,0.05707
3.3177e-06,0.050282,0.057056
3.1907e-06,0.050369,0.057041
3.0443e-06,0.050454,0.057026
2.8783e-06,0.050537,0.057009
2.6922e-06,0.050619,0.056991
2.486e-06,0.050698,0.056972
2.2594e-06,0.050774,0.056953
2.0124e-06,0.050848,0.056933
1.7449e-06,0.050918,0.056912
1.4571e-06,0.050985,0.056892
1.149e-06,0.051049,0.056871
8.2101e-07,0.051109,0.05685
4.7344e-07,0.051165,0.056829
1.0674e-07,0.051216,0.056809
-2.7854e-07,0.051264,0.056789
-6.8172e-07,0.051307,0.05677
-1.102e-06,0.051345,0.056752
-1.5386e-06,0.051378,0.056735
-1.9905e-06,0.051407,0.05672
-2.4565e-06,0.05143,0.056706
-2.9355e-06,0.051448,0.056695
-3.4261e-06,0.05146,0.056685
-3.9269e-06,0.051468,0.056678
-4.4363e-06,0.051469,0.056674
-4.9526e-06,0.051465,0.056672
-5.474e-06,0.051455,0.056674
-5.9986e-06,0.051439,0.056679
-6.5244e-06,0.051418,0.056687
-7.0492e-06,0.05139,0.0567
-7.5707e-06,0.051357,0.056716
-8.0868e-06,0.051318,0.056737
-8.5947e-06,0.051272,0.056762
-9.0922e-06,0.051221,0.056792
-9.5763e-06,0.051164,0.056827
-1.0045e-05,0.051101,0.056867
-1.0494e-05,0.051032,0.056912
-1.0922e-05,0.050957,0.056963
-1.1325e-05,0.050877,0.057019
-1.1701e-05,0.050791,0.057081
-1.2046e-05,0.050699,0.057149
-1.2357e-05,0.050602,0.057223
-1.2631e-05,0.0505,0.057303
-1.2866e-05,0.050393,0.057389
-1.3057e-05,0.050281,0.057481
-1.3202e-05,0.050163,0.05758
-1.3297e-05,0.050041,0.057685
-1.334e-05,0.049915,0.057796
-1.3326e-05,0.049784,0.057913
-1.3255e-05,0.04965,0.058036
-1.3121e-05,0.049511,0.058166
-1.2923e-05,0.049369,0.058301
-1.2657e-05,0.049223,0.058443
-1.2321e-05,0.049074,0.05859
-1.1912e-05,0.048923,0.058743
-1.1429e-05,0.048769,0.058901
-1.0867e-05,0.048612,0.059065
-1.0226e-05,0.048454,0.059233
-9.5035e-06,0.048294,0.059407
-8.6974e-06,0.048132,0.059585
-7.8063e-06,0.04797,0.059767
-6.8289e-06,0.047807,0.059953
-5.7639e-06,0.047643,0.060143
-4.6107e-06,0.047479,0.060337
-3.3684e-06,0.047316,0.060533
-2.0369e-06,0.047153,0.060732
-6.1591e-07,0.046992,0.060933
8.9417e-07,0.046832,0.061137
2.4929e-06,0.046673,0.061341
4.1793e-06,0.046517,0.061547
5.9524e-06,0.046363,0.061753
7.8106e-06,0.046213,0.06196
9.752e-06,0.046065,0.062166
1.1774e-05,0.045921,0.062371
1.3875e-05,0.045781,0.062576
1.6052e-05,0.045645,0.062779
1.8301e-05,0.045514,0.06298
2.0619e-05,0.045388,0.063178
2.3002e-05,0.045268,0.063374
2.5446e-05,0.045153,0.063566
2.7945e-05,0.045044,0.063754
3.0496e-05,0.044941,0.063939
3.3093e-05,0.044845,0.064118
3.573e-05,0.044755,0.064293
3.8401e-05,0.044672,0.064462
4.11e-05,0.044597,0.064626
4.3821e-05,0.044529,0.064783
4.6557e-05,0.044469,0.064934
4.9301e-05,0.044416,0.065078
5.2046e-05,0.044372,0.065215
5.4785e-05,0.044335,0.065344
5.7509e-05,0.044306,0.065465
6.0211e-05,0.044286,0.065579
6.2884e-05,0.044274,0.065684
6.552e-05,0.04427,0.065781
6.811e-05,0.044274,0.065869
7.0646e-05,0.044286,0.065949
7.3122e-05,0.044307,0.066019
7.5528e-05,0.044335,0.066081
7.7857e-05,0.044372,0.066133
8.0101e-05,0.044416,0.066176
8.2253e-05,0.044468,0.066209
8.4305e-05,0.044528,0.066233
8.625e-05,0.044595,0.066248
8.8081e-05,0.044669,0.066253
8.9792e-05,0.04475,0.06625
9.1377e-05,0.044838,0.066236
9.2829e-05,0.044932,0.066214
9.4144e-05,0.045033,0.066183
9.5316e-05,0.04514,0.066143
9.6341e-05,0.045253,0.066094
9.7216e-05,0.045371,0.066036
9.7936e-05,0.045495,0.06597
9.8499e-05,0.045623,0.065896
9.8902e-05,0.045756,0.065814
9.9145e-05,0.045893,0.065725
9.9226e-05,0.046035,0.065627
9.9145e-05,0.04618,0.065523
9.8902e-05,0.046328,0.065412
9.8499e-05,0.04648,0.065294
9.7936e-05,0.046635,0.06517
9.7216e-05,0.046791,0.06504
9.6341e-05,0.04695,0.064905
9.5316e-05,0.047111,0.064764
9.4144e-05,0.047274,0.064618
9.2829e-05,0.047437,0.064468
9.1377e-05,0.047602,0.064314
8.9792e-05,0.047767,0.064156
8.8081e-05,0.047933,0.063995
8.625e-05,0.048099,0.06383
8.4304e-05,0.048264,0.063663
8.2252e-05,0.048429,0.063494
8.0101e-05,0.048594,0.063323
7.7857e-05,0.048757,0.06315
7.5528e-05,0.048919,0.062977
7.3122e-05,0.04908,0.062802
7.0646e-05,0.049239,0.062628
6.811e-05,0.049397,0.062453
6.552e-05,0.049552,0.062279
6.2884e-05,0.049705,0.062106
6.0211e-05,0.049856,0.061933
5.7509e-05,0.050004,0.061762
5.4784e-05,0.05015,0.061593
5.2046e-05,0.050292,0.061427
4.9301e-05,0.050432,0.061262
4.6557e-05,0.050568,0.061101
4.3821e-05,0.050701,0.060942
4.11e-05,0.05083,0.060787
3.8401e-05,0.050957,0.060636
3.573e-05,0.051079,0.060488
3.3093e-05,0.051198,0.060345
3.0496e-05,0.051313,0.060206
2.7945e-05,0.051424,0.060071
2.5446e-05,0.051531,0.059942
2.3002e-05,0.051635,0.059817
2.0619e-05,0.051734,0.059698
1.8301e-05,0.051829,0.059584
1.6052e-05,0.05192,0.059476
1.3875e-05,0.052007,0.059373
1.1774e-05,0.05209,0.059275
9.7519e-06,0.052169,0.059184
7.8106e-06,0.052244,0.059099
5.9524e-06,0.052314,0.059019
4.1794e-06,0.052381,0.058946
2.4929e-06,0.052444,0.058879
8.9422e-07,0.052502,0.058817
-6.1586e-07,0.052557,0.058762
-2.0368e-06,0.052608,0.058713
-3.3683e-06,0.052655,0.05867
-4.6106e-06,0.052698,0.058633
-5.7638e-06,0.052737,0.058603
-6.8288e-06,0.052773,0.058578
-7.8062e-06,0.052806,0.058559
-8.6973e-06,0.052835,0.058545
-9.5034e-06,0.052861,0.058538
-1.0226e-05,0.052883,0.058536
-1.0867e-05,0.052903,0.05854
-1.1428e-05,0.052919,0.058549
-1.1912e-05,0.052933,0.058564
-1.2321e-05,0.052944,0.058583
-1.2657e-05,0.052952,0.058608
-1.2923e-05,0.052958,0.058638
-1.3121e-05,0.052962,0.058672
-1.3254e-05,0.052964,0.058711
-1.3326e-05,0.052963,0.058755
-1.3339e-05,0.052961,0.058803
-1.3297e-05,0.052957,0.058855
-1.3201e-05,0.052951,0.058911
-1.3057e-05,0.052944,0.058972
-1.2866e-05,0.052935,0.059035
-1.2631e-05,0.052926,0.059103
-1.2357e-05,0.052915,0.059173
-1.2046e-05,0.052904,0.059247
-1.1701e-05,0.052891,0.059324
-1.1325e-05,0.052879,0.059403
-1.0922e-05,0.052865,0.059486
-1.0494e-05,0.052852,0.05957
-1.0044e-05,0.052838,0.059657
-9.5761e-06,0.052824,0.059746
-9.0919e-06,0.05281,0.059838
-8.5945e-06,0.052797,0.05993
-8.0865e-06,0.052783,0.060025
-7.5705e-06,0.05277,0.060121
-7.0489e-06,0.052757,0.060218
-6.5242e-06,0.052745,0.060316
-5.9984e-06,0.052733,0.060414
-5.4738e-06,0.052722,0.060514
-4.9524e-06,0.052711,0.060614
-4.4362e-06,0.052702,0.060715
-3.9268e-06,0.052693,0.060815
-3.4261e-06,0.052684,0.060916
-2.9355e-06,0.052677,0.061016
-2.4565e-06,0.05267,0.061116
-1.9905e-06,0.052665,0.061215
-1.5387e-06,0.05266,0.061314
-1.1021e-06,0.052655,0.061412
-6.818e-07,0.052652,0.061508
-2.7865e-07,0.052649,0.061604
1.0659e-07,0.052648,0.061698
4.7325e-07,0.052646,0.061791
8.2079e-07,0.052646,0.061882
1.1487e-06,0.052646,0.061971
1.4568e-06,0.052646,0.062058
1.7446e-06,0.052648,0.062143
2.012e-06,0.052649,0.062225
2.259e-06,0.052651,0.062306
2.4856e-06,0.052653,0.062383
2.6918e-06,0.052655,0.062458
2.8777e-06,0.052658,0.06253
3.0437e-06,0.05266,0.0626
3.1901e-06,0.052663,0.062666
3.3171e-06,0.052665,0.062729
3.4252e-06,0.052668,0.062789
3.5148e-06,0.05267,0.062845
3.5866e-06,0.052671,0.062898
3.641e-06,0.052672,0.062947
3.6787e-06,0.052673,0.062993
3.7003e-06,0.052673,0.063035
3.7064e-06,0.052673,0.063073
3.6979e-06,0.052672,0.063108
3.6753e-06,0.05267,0.063139
3.6395e-06,0.052667,0.063165
3.5912e-06,0.052664,0.063188
3.5312e-06,0.052659,0.063207
3.4603e-06,0.052654,0.063222
3.3793e-06,0.052647,0.063233
3.2889e-06,0.05264,0.06324
3.19e-06,0.052632,0.063243
3.0833e-06,0.052622,0.063242
2.9696e-06,0.052612,0.063237
2.8497e-06,0.0526,0.063228
2.7244e-06,0.052588,0.063215
2.5943e-06,0.052574,0.063199
2.4602e-06,0.052559,0.063178
2.3229e-06,0.052544,0.063154
2.183e-06,0.052527,0.063127
2.0411e-06,0.052509,0.063096
1.898e-06,0.052491,0.063062
1.7542e-06,0.052472,0.063024
1.6103e-06,0.052452,0.062984
1.4669e-06,0.052431,0.06294
1.3245e-06,0.052409,0.062894
1.1836e-06,0.052387,0.062845
1.0447e-06,0.052364,0.062794
9.0819e-07,0.052341,0.06274
7.7457e-07,0.052318,0.062684
6.4419e-07,0.052294,0.062626
5.1739e-07,0.05227,0.062567
3.9451e-07,0.052246,0.062505
2.7582e-07,0.052222,0.062443
1.616e-07,0.052198,0.06238
5.2078e-08,0.052174,0.062315
-5.2544e-08,0.05215,0.062251
-1.5209e-07,0.052127,0.062185
-2.4641e-07,0.052104,0.06212
-3.3539e-07,0.052081,0.062055
-4.1893e-07,0.052059,0.06199
-4.9697e-07,0.052038,0.061926
-5.6945e-07,0.052017,0.061863
-6.3637e-07,0.051997,0.0618
-6.9771e-07,0.051978,0.06174
-7.5352e-07,0.05196,0.061681
-8.0382e-07,0.051943,0.061624
-8.4868e-07,0.051927,0.061569
-8.8819e-07,0.051911,0.061516
-9.2244e-07,0.051897,0.061466
-9.5154e-07,0.051885,0.061419
-9.7563e-07,0.051873,0.061375
-9.9484e-07,0.051862,0.061335
-1.0093e-06,0.051853,0.061298
-1.0193e-06,0.051845,0.061264
-1.0248e-06,0.051838,0.061235
-1.0262e-06,0.051832,0.06121
-1.0235e-06,0.051827,0.061189
-1.0171e-06,0.051824,0.061173
-1.007e-06,0.051821,0.061161
-9.9353e-07,0.05182,0.061154
-9.7687e-07,0.05182,0.061152
-9.5725e-07,0.051821,0.061154
-9.3486e-07,0.051823,0.061162
-9.0992e-07,0.051826,0.061175
-8.8266e-07,0.05183,0.061194
-8.5328e-07,0.051835,0.061217
-8.22e-07,0.05184,0.061246
-7.8903e-07,0.051847,0.06128
-7.5457e-07,0.051854,0.061319
-7.1882e-07,0.051861,0.061364
-6.8198e-07,0.051869,0.061413
-6.4425e-07,0.051878,0.061468
-6.0581e-07,0.051887,0.061529
-5.6685e-07,0.051897,0.061594
-5.2753e-07,0.051906,0.061664
-4.8803e-07,0.051916,0.061739
-4.4851e-07,0.051926,0.061818
-4.0911e-07,0.051936,0.061903
-3.6999e-07,0.051946,0.061991
-3.3129e-07,0.051955,0.062084
-2.9312e-07,0.051965,0.062181
-2.5562e-07,0.051974,0.062282
-2.189e-07,0.051982,0.062387
-1.8306e-07,0.051991,0.062495
-1.482e-07,0.051998,0.062607
-1.144e-07,0.052006,0.062722
-8.1751e-08,0.052012,0.062839
-5.0321e-08,0.052018,0.062959
-2.0173e-08,0.052023,0.063082
8.6357e-09,0.052027,0.063207
3.6058e-08,0.05203,0.063334
6.2054e-08,0.052032,0.063462
8.659e-08,0.052033,0.063592
1.0964e-07,0.052033,0.063724
1.3119e-07,0.052032,0.063856
1.5121e-07,0.05203,0.063989
1.6972e-07,0.052027,0.064123
1.867e-07,0.052023,0.064256
2.0217e-07,0.052017,0.06439
2.1613e-07,0.05201,0.064524
2.286e-07,0.052002,0.064657
2.3961e-07,0.051992,0.06479
2.4918e-07,0.051981,0.064921
2.5734e-07,0.051969,0.065052
2.6413e-07,0.051956,0.065181
2.6958e-07,0.051941,0.065308
2.7374e-07,0.051926,0.065434
2.7665e-07,0.051908,0.065558
2.7835e-07,0.05189,0.06568
2.7891e-07,0.051871,0.065799
2.7837e-07,0.05185,0.065916
2.7678e-07,0.051828,0.06603
2.7421e-07,0.051805,0.066142
2.707e-07,0.051781,0.06625
2.6631e-07,0.051756,0.066355
2.6111e-07,0.05173,0.066457
2.5514e-07,0.051703,0.066555
2.4848e-07,0.051675,0.06665
2.4117e-07,0.051647,0.066741
2.3328e-07,0.051617,0.066828
2.2487e-07,0.051587,0.066912
2.1599e-07,0.051557,0.066991
2.0669e-07,0.051526,0.067066
1.9704e-07,0.051494,0.067137
1.8709e-07,0.051462,0.067204
1.7688e-07,0.05143,0.067267
1.6648e-07,0.051397,0.067325
1.5593e-07,0.051364,0.067379
1.4527e-07,0.051332,0.067428
1.3456e-07,0.051299,0.067473
1.2384e-07,0.051266,0.067514
1.1314e-07,0.051233,0.06755
1.0252e-07,0.0512,0.067581
9.2002e-08,0.051167,0.067609
8.1628e-08,0.051135,0.067631
7.1429e-08,0.051103,0.067649
6.1437e-08,0.051072,0.067663
5.1681e-08,0.05104,0.067672
4.2186e-08,0.05101,0.067677
3.2977e-08,0.050979,0.067678
2.4075e-08,0.05095,0.067674
1.5501e-08,0.050921,0.067666
7.2721e-09,0.050892,0.067654
-5.9698e-10,0.050865,0.067638
-8.0928e-09,0.050838,0.067618
-1.5204e-08,0.050812,0.067594
-2.1922e-08,0.050787,0.067566
-2.824e-08,0.050762,0.067535
-3.4152e-08,0.050739,0.0675
-3.9655e-08,0.050716,0.067461
-4.4747e-08,0.050695,0.067419
-4.9429e-08,0.050674,0.067374
-5.3701e-08,0.050654,0.067326
-5.7568e-08,0.050636,0.067274
-6.1034e-08,0.050618,0.06722
-6.4105e-08,0.050602,0.067164
-6.6787e-08,0.050586,0.067105
-6.909e-08,0.050572,0.067043
-7.1022e-08,0.050559,0.06698
-7.2595e-08,0.050546,0.066914
-7.3819e-08,0.050535,0.066846
-7.4707e-08,0.050526,0.066777
-7.5272e-08,0.050517,0.066707
-7.5527e-08,0.050509,0.066635
-7.5486e-08,0.050503,0.066562
-7.5163e-08,0.050497,0.066488
-7.4575e-08,0.050493,0.066414
-7.3735e-08,0.05049,0.066339
-7.266e-08,0.050489,0.066264
-7.1365e-08,0.050488,0.066189
-6.9866e-08,0.050488,0.066114
-6.8179e-08,0.05049,0.066039
-6.6319e-08,0.050492,0.065965
-6.4302e-08,0.050496,0.065891
-6.2145e-08,0.050501,0.065818
-5.9861e-08,0.050507,0.065747
-5.7466e-08,0.050514,0.065677
-5.4975e-08,0.050523,0.065608
-5.2402e-08,0.050532,0.065541
-4.9761e-08,0.050542,0.065476
-4.7065e-08,0.050554,0.065413
-4.4328e-08,0.050566,0.065352
-4.1563e-08,0.05058,0.065294
-3.878e-08,0.050594,0.065238
-3.5992e-08,0.05061,0.065185
-3.321e-08,0.050626,0.065135
-3.0443e-08,0.050644,0.065088
-2.7702e-08,0.050663,0.065044
-2.4996e-08,0.050682,0.065003
-2.2333e-08,0.050703,0.064966
-1.972e-08,0.050725,0.064932
-1.7166e-08,0.050748,0.064902
-1.4676e-08,0.050771,0.064876
-1.2257e-08,0.050796,0.064853
-9.9141e-09,0.050822,0.064835
-7.6513e-09,0.050848,0.064821
-5.4732e-09,0.050876,0.06481
-3.3832e-09,0.050905,0.064804
-1.3843e-09,0.050934,0.064802
5.2129e-10,0.050964,0.064804
2.3316e-09,0.050996,0.064811
4.0455e-09,0.051028,0.064821
5.6621e-09,0.051061,0.064836
7.1811e-09,0.051095,0.064855
8.6027e-09,0.05113,0.064879
9.9274e-09,0.051166,0.064906
1.1156e-08,0.051203,0.064938
1.2291e-08,0.05124,0.064974
1.3332e-08,0.051278,0.065014
1.4283e-08,0.051317,0.065058
1.5146e-08,0.051356,0.065106
1.5923e-08,0.051396,0.065158
1.6617e-08,0.051436,0.065214
1.7231e-08,0.051477,0.065273
1.7769e-08,0.051518,0.065336
1.8234e-08,0.05156,0.065402
1.8629e-08,0.051602,0.065471
1.8959e-08,0.051644,0.065543
1.9226e-08,0.051686,0.065619
1.9435e-08,0.051728,0.065697
1.9589e-08,0.051771,0.065778
1.9693e-08,0.051813,0.065861
1.975e-08,0.051855,0.065947
1.9763e-08,0.051897,0.066035
1.9738e-08,0.051939,0.066124
1.9676e-08,0.05198,0.066215
1.9582e-08,0.052021,0.066308
1.9459e-08,0.052061,0.066402
1.9311e-08,0.052101,0.066497
1.9139e-08,0.05214,0.066592
1.8948e-08,0.052178,0.066689
1.874e-08,0.052215,0.066785
1.8517e-08,0.052252,0.066882
1.8281e-08,0.052288,0.066979
1.8036e-08,0.052323,0.067075
1.7782e-08,0.052356,0.06717
1.7521e-08,0.052389,0.067265
1.7255e-08,0.052421,0.067359
1.6984e-08,0.052451,0.067451
1.671e-08,0.05248,0.067542
1.6434e-08,0.052508,0.06763
1.6155e-08,0.052535,0.067717
1.5873e-08,0.05256,0.067802
1.559e-08,0.052584,0.067884
1.5303e-08,0.052607,0.067963
1.5014e-08,0.052628,0.068039
1.472e-08,0.052648,0.068112
1.4421e-08,0.052667,0.068182
1.4117e-08,0.052684,0.068249
1.3805e-08,0.0527,0.068312
1.3483e-08,0.052714,0.068371
1.3151e-08,0.052727,0.068426
1.2806e-08,0.052738,0.068476
1.2447e-08,0.052748,0.068523
1.2071e-08,0.052757,0.068565
1.1676e-08,0.052764,0.068603
1.1259e-08,0.05277,0.068637
1.0819e-08,0.052774,0.068665
1.0352e-08,0.052777,0.068689
9.8576e-09,0.052778,0.068709
9.3318e-09,0.052778,0.068723
8.7727e-09,0.052777,0.068733
8.1778e-09,0.052774,0.068738
7.5448e-09,0.05277,0.068738
6.8716e-09,0.052764,0.068734
6.156e-09,0.052757,0.068725
5.396e-09,0.052749,0.068711
4.5898e-09,0.05274,0.068693
3.7358e-09,0.05273,0.06867
2.8323e-09,0.052718,0.068644
1.8784e-09,0.052705,0.068612
8.7276e-10,0.052691,0.068577
-1.8519e-10,0.052676,0.068538
-1.2959e-09,0.05266,0.068495
-2.4597e-09,0.052643,0.068448
-3.6763e-09,0.052625,0.068398
-4.9453e-09,0.052606,0.068345
-6.2658e-09,0.052586,0.068289
-7.6367e-09,0.052565,0.068229
-9.0564e-09,0.052544,0.068167
-1.0523e-08,0.052521,0.068103
-1.2034e-08,0.052498,0.068036
-1.3586e-08,0.052475,0.067967
-1.5178e-08,0.052451,0.067897
-1.6804e-08,0.052426,0.067824
-1.846e-08,0.052401,0.067751
-2.0143e-08,0.052375,0.067677
-2.1848e-08,0.052349,0.067601
-2.3568e-08,0.052322,0.067525
-2.5299e-08,0.052295,0.067449
-2.7034e-08,0.052268,0.067372
-2.8766e-08,0.05224,0.067295
-3.0489e-08,0.052213,0.067219
-3.2194e-08,0.052185,0.067143
-3.3875e-08,0.052156,0.067068
-3.5523e-08,0.052128,0.066994
-3.7129e-08,0.0521,0.066921
-3.8684e-08,0.052071,0.066849
-4.018e-08,0.052042,0.066779
-4.1608e-08,0.052014,0.06671
-4.2956e-08,0.051985,0.066643
-4.4216e-08,0.051956,0.066577
-4.5378e-08,0.051927,0.066514
-4.6431e-08,0.051898,0.066453
-4.7365e-08,0.051869,0.066394
-4.817e-08,0.05184,0.066337
-4.8835e-08,0.05181,0.066283
-4.935e-08,0.051781,0.066231
-4.9706e-08,0.051752,0.066182
-4.989e-08,0.051722,0.066135
-4.9895e-08,0.051692,0.06609
-4.971e-08,0.051663,0.066048
-4.9325e-08,0.051633,0.066009
-4.8732e-08,0.051603,0.065973
-4.7922e-08,0.051572,0.065938
-4.6887e-08,0.051542,0.065907
-4.5618e-08,0.051511,0.065878
-4.4109e-08,0.051481,0.065851
-4.2354e-08,0.05145,0.065826
-4.0346e-08,0.051419,0.065804
-3.808e-08,0.051387,0.065784
-3.5552e-08,0.051356,0.065766
-3.2759e-08,0.051324,0.06575
-2.9698e-08,0.051292,0.065736
-2.6368e-08,0.05126,0.065724
-2.2768e-08,0.051227,0.065713
-1.8899e-08,0.051194,0.065704
-1.4762e-08,0.051161,0.065697
-1.0361e-08,0.051128,0.065691
-5.7005e-09,0.051095,0.065686
-7.8515e-10,0.051062,0.065682
4.3779e-09,0.051028,0.065679
9.7804e-09,0.050995,0.065678
1.5413e-08,0.050961,0.065677
2.1264e-08,0.050927,0.065676
2.7321e-08,0.050894,0.065677
3.357e-08,0.05086,0.065678
3.9996e-08,0.050827,0.065679
4.6581e-08,0.050793,0.06568
5.3308e-08,0.05076,0.065682
6.0155e-08,0.050727,0.065683
6.7102e-08,0.050694,0.065685
7.4125e-08,0.050662,0.065687
8.12e-08,0.05063,0.065688
8.8301e-08,0.050598,0.065689
9.54e-08,0.050567,0.06569
1.0247e-07,0.050537,0.065691
1.0948e-07,0.050507,0.065691
1.1639e-07,0.050478,0.065691
1.2319e-07,0.050449,0.065691
1.2982e-07,0.050422,0.06569
1.3626e-07,0.050395,0.065688
1.4248e-07,0.05037,0.065686
1.4843e-07,0.050345,0.065684
1.5407e-07,0.050322,0.065681
1.5938e-07,0.0503,0.065678
1.6431e-07,0.050279,0.065674
1.6882e-07,0.050259,0.06567
1.7288e-07,0.050241,0.065666
1.7644e-07,0.050224,0.065661
1.7947e-07,0.050209,0.065657
1.8193e-07,0.050196,0.065652
1.8377e-07,0.050184,0.065647
1.8497e-07,0.050173,0.065642
1.8548e-07,0.050165,0.065638
1.8527e-07,0.050158,0.065633
1.843e-07,0.050153,0.065629
1.8254e-07,0.05015,0.065625
1.7996e-07,0.050149,0.065622
1.7653e-07,0.05015,0.06562
1.7222e-07,0.050153,0.065618
1.67e-07,0.050158,0.065617
1.6085e-07,0.050165,0.065617
1.5375e-07,0.050174,0.065619
1.4567e-07,0.050184,0.065621
1.3661e-07,0.050197,0.065625
1.2656e-07,0.050212,0.06563
1.1549e-07,0.050228,0.065636
1.0342e-07,0.050247,0.065645
9.033e-08,0.050267,0.065655
7.6233e-08,0.050289,0.065666
6.1133e-08,0.050313,0.06568
4.5041e-08,0.050339,0.065695
2.7974e-08,0.050366,0.065713
9.9529e-09,0.050394,0.065732
-8.9972e-09,0.050424,0.065754
-2.8845e-08,0.050456,0.065778
-4.9556e-08,0.050488,0.065804
-7.1087e-08,0.050522,0.065832
-9.3393e-08,0.050557,0.065863
-1.1642e-07,0.050592,0.065896
-1.4012e-07,0.050628,0.065931
-1.6441e-07,0.050665,0.065968
-1.8924e-07,0.050703,0.066008
-2.1453e-07,0.050741,0.066049
-2.402e-07,0.050779,0.066093
-2.6617e-07,0.050817,0.066139
-2.9234e-07,0.050855,0.066188
-3.1862e-07,0.050893,0.066238
-3.4491e-07,0.050931,0.06629
-3.7111e-07,0.050968,0.066345
-3.971e-07,0.051005,0.066401
-4.2276e-07,0.051042,0.066459
-4.4798e-07,0.051077,0.066518
-4.7264e-07,0.051112,0.066579
-4.9661e-07,0.051145,0.066642
-5.1975e-07,0.051178,0.066706
-5.4193e-07,0.051209,0.066771
-5.6302e-07,0.051239,0.066838
-5.8288e-07,0.051267,0.066906
-6.0136e-07,0.051294,0.066974
-6.1833e-07,0.051319,0.067044
-6.3364e-07,0.051343,0.067114
-6.4715e-07,0.051364,0.067184
-6.5871e-07,0.051384,0.067255
-6.6818e-07,0.051402,0.067327
-6.7543e-07,0.051418,0.067398
-6.8031e-07,0.051431,0.06747
-6.8268e-07,0.051443,0.067542
-6.8243e-07,0.051452,0.067613
-6.7941e-07,0.05146,0.067684
-6.735e-07,0.051465,0.067755
-6.6459e-07,0.051468,0.067825
-6.5256e-07,0.051468,0.067894
-6.3731e-07,0.051466,0.067963
-6.1875e-07,0.051462,0.06803
-5.9678e-07,0.051456,0.068097
-5.7133e-07,0.051448,0.068162
-5.4233e-07,0.051437,0.068226
-5.0973e-07,0.051425,0.068289
-4.7347e-07,0.05141,0.06835
-4.3353e-07,0.051393,0.06841
-3.8989e-07,0.051375,0.068468
-3.4254e-07,0.051354,0.068525
-2.915e-07,0.051332,0.06858
-2.3678e-07,0.051308,0.068632
-1.7843e-07,0.051282,0.068683
-1.1651e-07,0.051255,0.068732
-5.1093e-08,0.051226,0.068779
1.7726e-08,0.051196,0.068824
8.9836e-08,0.051165,0.068866
1.6511e-07,0.051133,0.068907
2.4338e-07,0.0511,0.068945
3.245e-07,0.051066,0.068981
4.0827e-07,0.051031,0.069014
4.9447e-07,0.050996,0.069045
5.8289e-07,0.050961,0.069074
6.7326e-07,0.050925,0.069101
7.6533e-07,0.050889,0.069125
8.5879e-07,0.050853,0.069147
9.5333e-07,0.050817,0.069166
1.0486e-06,0.050781,0.069183
1.1443e-06,0.050746,0.069198
1.2401e-06,0.050711,0.06921
1.3355e-06,0.050677,0.06922
1.4301e-06,0.050644,0.069227
1.5235e-06,0.050611,0.069233
1.6154e-06,0.05058,0.069236
1.7051e-06,0.05055,0.069236
1.7923e-06,0.05052,0.069235
1.8765e-06,0.050492,0.069231
1.9572e-06,0.050466,0.069225
2.0339e-06,0.050441,0.069217
2.106e-06,0.050417,0.069206
2.1731e-06,0.050396,0.069194
2.2346e-06,0.050375,0.06918
2.2901e-06,0.050357,0.069163
2.3389e-06,0.05034,0.069144
2.3806e-06,0.050325,0.069124
2.4146e-06,0.050312,0.069101
2.4404e-06,0.0503,0.069076
2.4576e-06,0.050291,0.06905
2.4655e-06,0.050283,0.069021
2.4638e-06,0.050277,0.068991
2.4519e-06,0.050273,0.068958
2.4294e-06,0.05027,0.068924
2.3959e-06,0.05027,0.068888
2.3509e-06,0.050271,0.06885
2.2941e-06,0.050273,0.06881
2.2251e-06,0.050278,0.068768
2.1437e-06,0.050284,0.068725
2.0494e-06,0.050291,0.068679
1.942e-06,0.0503,0.068632
1.8215e-06,0.05031,0.068583
1.6875e-06,0.050321,0.068532
1.54e-06,0.050333,0.068479
1.3788e-06,0.050347,0.068425
1.2041e-06,0.050361,0.068369
1.0158e-06,0.050377,0.068311
8.1407e-07,0.050393,0.068251
5.99e-07,0.05041,0.068189
3.7084e-07,0.050428,0.068126
1.2987e-07,0.050446,0.06806
-1.2354e-07,0.050465,0.067993
-3.8897e-07,0.050484,0.067925
-6.6594e-07,0.050504,0.067855
-9.5387e-07,0.050523,0.067783
-1.2521e-06,0.050543,0.067709
-1.56e-06,0.050563,0.067634
-1.8766e-06,0.050584,0.067558
-2.2013e-06,0.050604,0.06748
-2.5329e-06,0.050624,0.0674
-2.8704e-06,0.050644,0.067319
-3.2129e-06,0.050663,0.067237
-3.559e-06,0.050683,0.067154
-3.9075e-06,0.050702,0.06707
-4.2572e-06,0.050721,0.066984
-4.6065e-06,0.05074,0.066898
-4.954e-06,0.050759,0.066811
-5.2982e-06,0.050777,0.066724
-5.6374e-06,0.050795,0.066635
-5.97e-06,0.050813,0.066547
-6.2941e-06,0.05083,0.066458
-6.6081e-06,0.050847,0.066369
-6.91e-06,0.050864,0.066279
-7.198e-06,0.050881,0.06619
-7.47e-06,0.050897,0.066102
-7.7241e-06,0.050913,0.066014
-7.9582e-06,0.050929,0.065926
-8.1704e-06,0.050945,0.065839
-8.3585e-06,0.050961,0.065754
-8.5203e-06,0.050976,0.065669
-8.6539e-06,0.050992,0.065586
-8.7571e-06,0.051007,0.065505
-8.8278e-06,0.051023,0.065425
-8.8639e-06,0.051038,0.065347
-8.8634e-06,0.051054,0.065271
-8.8241e-06,0.051069,0.065198
-8.7442e-06,0.051085,0.065127
-8.6216e-06,0.051101,0.065059
-8.4546e-06,0.051117,0.064993
-8.2411e-06,0.051132,0.064931
-7.9796e-06,0.051148,0.064872
-7.6683e-06,0.051164,0.064816
-7.3057e-06,0.05118,0.064764
-6.8903e-06,0.051196,0.064715
-6.4207e-06,0.051212,0.06467
-5.8958e-06,0.051228,0.064629
-5.3145e-06,0.051244,0.064593
-4.6758e-06,0.05126,0.06456
-3.9789e-06,0.051275,0.064531
-3.2232e-06,0.051291,0.064507
-2.4082e-06,0.051306,0.064487
-1.5336e-06,0.05132,0.064472
-5.9947e-07,0.051334,0.06446
3.9426e-07,0.051348,0.064454
1.4472e-06,0.051361,0.064452
2.559e-06,0.051374,0.064454
3.7287e-06,0.051385,0.06446
4.9556e-06,0.051396,0.064471
6.2383e-06,0.051407,0.064487
7.5756e-06,0.051416,0.064506
8.9659e-06,0.051424,0.06453
1.0407e-05,0.051432,0.064557
1.1898e-05,0.051438,0.064589
1.3435e-05,0.051443,0.064624
1.5016e-05,0.051447,0.064663
1.6638e-05,0.051449,0.064705
1.8299e-05,0.051451,0.064751
1.9995e-05,0.05145,0.0648
2.1723e-05,0.051449,0.064851
2.3479e-05,0.051446,0.064906
2.5258e-05,0.051442,0.064963
2.7058e-05,0.051436,0.065022
2.8874e-05,0.051428,0.065083
3.0702e-05,0.051419,0.065147
3.2536e-05,0.051408,0.065212
3.4372e-05,0.051396,0.065278
3.6206e-05,0.051382,0.065346
3.8032e-05,0.051367,0.065415
3.9845e-05,0.05135,0.065484
4.164e-05,0.051332,0.065554
4.3412e-05,0.051312,0.065624
4.5155e-05,0.05129,0.065694
4.6865e-05,0.051267,0.065764
4.8536e-05,0.051243,0.065834
5.0162e-05,0.051217,0.065903
5.1739e-05,0.05119,0.065972
5.3261e-05,0.051162,0.066039
5.4723e-05,0.051132,0.066106
5.6121e-05,0.051101,0.066171
5.7449e-05,0.05107,0.066234
5.8703e-05,0.051037,0.066296
5.9879e-05,0.051003,0.066356
6.0972e-05,0.050969,0.066414
6.1978e-05,0.050934,0.06647
6.2894e-05,0.050898,0.066524
6.3717e-05,0.050861,0.066575
6.4442e-05,0.050825,0.066624
6.5069e-05,0.050787,0.066671
6.5593e-05,0.05075,0.066715
6.6014e-05,0.050712,0.066756
6.6329e-05,0.050674,0.066795
6.6538e-05,0.050636,0.06683
6.664e-05,0.050598,0.066864
6.6634e-05,0.05056,0.066894
6.652e-05,0.050522,0.066921
6.6298e-05,0.050485,0.066946
6.5971e-05,0.050448,0.066967
6.5538e-05,0.050411,0.066986
6.5002e-05,0.050375,0.067003
6.4364e-05,0.050339,0.067016
6.3627e-05,0.050304,0.067027
6.2794e-05,0.05027,0.067035
6.1868e-05,0.050236,0.067041
6.0851e-05,0.050203,0.067044
5.9748e-05,0.05017,0.067045
5.8563e-05,0.050138,0.067044
5.7299e-05,0.050107,0.06704
5.5961e-05,0.050077,0.067034
5.4554e-05,0.050048,0.067026
5.3082e-05,0.050019,0.067017
5.1549e-05,0.049991,0.067006
4.9961e-05,0.049963,0.066993
4.8323e-05,0.049936,0.066978
4.6639e-05,0.04991,0.066962
4.4915e-05,0.049885,0.066945
4.3156e-05,0.04986,0.066927
4.1367e-05,0.049835,0.066908
3.9553e-05,0.049811,0.066888
3.7719e-05,0.049788,0.066867
3.5869e-05,0.049764,0.066846
3.4009e-05,0.049741,0.066825
3.2144e-05,0.049719,0.066803
3.0277e-05,0.049696,0.066781
2.8415e-05,0.049673,0.066759
2.656e-05,0.049651,0.066737
2.4717e-05,0.049628,0.066716
2.289e-05,0.049605,0.066695
2.1084e-05,0.049582,0.066674
1.9301e-05,0.049558,0.066655
1.7545e-05,0.049535,0.066636
1.582e-05,0.04951,0.066618
1.4129e-05,0.049485,0.066601
1.2474e-05,0.04946,0.066585
1.0859e-05,0.049433,0.06657
9.2858e-06,0.049406,0.066557
7.7567e-06,0.049379,0.066545
6.274e-06,0.04935,0.066535
4.8397e-06,0.04932,0.066526
3.4554e-06,0.04929,0.066519
2.1228e-06,0.049258,0.066514
8.4311e-07,0.049225,0.06651
-3.8234e-07,0.049192,0.066508
-1.5526e-06,0.049157,0.066509
-2.6668e-06,0.049121,0.066511
-3.7243e-06,0.049084,0.066515
-4.7245e-06,0.049045,0.06652
-5.6672e-06,0.049006,0.066528
-6.552e-06,0.048966,0.066538
-7.3788e-06,0.048924,0.06655
-8.1478e-06,0.048882,0.066564
-8.8591e-06,0.048838,0.066579
-9.5129e-06,0.048794,0.066597
-1.011e-05,0.048749,0.066616
-1.065e-05,0.048702,0.066637
-1.1134e-05,0.048656,0.06666
-1.1562e-05,0.048608,0.066685
-1.1936e-05,0.04856,0.066711
-1.2256e-05,0.048512,0.066739
-1.2522e-05,0.048463,0.066768
-1.2736e-05,0.048414,0.066799
-1.2899e-05,0.048364,0.066831
-1.3012e-05,0.048315,0.066864
-1.3075e-05,0.048266,0.066898
-1.3089e-05,0.048217,0.066933
-1.3057e-05,0.048168,0.06697
-1.2977e-05,0.04812,0.067006
-1.2853e-05,0.048072,0.067044
-1.2684e-05,0.048026,0.067082
-1.2472e-05,0.04798,0.06712
-1.2218e-05,0.047935,0.067159
-1.1924e-05,0.047891,0.067198
-1.1589e-05,0.047849,0.067237
-1.1215e-05,0.047807,0.067275
-1.0803e-05,0.047768,0.067314
-1.0355e-05,0.04773,0.067352
-9.8707e-06,0.047694,0.06739
-9.352e-06,0.04766,0.067427
-8.7997e-06,0.047628,0.067464
-8.2148e-06,0.047598,0.067499
-7.5984e-06,0.047571,0.067534
-6.9515e-06,0.047545,0.067568
-6.2752e-06,0.047523,0.067601
-5.5705e-06,0.047502,0.067633
-4.8385e-06,0.047485,0.067663
-4.0802e-06,0.04747,0.067692
-3.2968e-06,0.047458,0.06772
-2.4893e-06,0.047449,0.067746
-1.6589e-06,0.047442,0.067771
-8.0669e-07,0.047439,0.067794
6.6135e-08,0.047438,0.067816
9.5838e-07,0.047441,0.067836
1.8688e-06,0.047446,0.067855
2.7961e-06,0.047454,0.067872
3.739e-06,0.047466,0.067887
4.6962e-06,0.04748,0.0679
5.6662e-06,0.047498,0.067912
6.6476e-06,0.047518,0.067923
7.6389e-06,0.047541,0.067931
8.6386e-06,0.047567,0.067939
9.645e-06,0.047596,0.067944
1.0656e-05,0.047627,0.067948
1.1671e-05,0.047662,0.067951
1.2688e-05,0.047699,0.067952
1.3704e-05,0.047738,0.067951
1.4719e-05,0.04778,0.06795
1.5729e-05,0.047824,0.067947
1.6734e-05,0.04787,0.067942
1.773e-05,0.047919,0.067937
1.8717e-05,0.047969,0.067931
1.9692e-05,0.048022,0.067923
2.0653e-05,0.048076,0.067914
2.1597e-05,0.048132,0.067905
2.2523e-05,0.048189,0.067894
2.3428e-05,0.048248,0.067883
2.4311e-05,0.048308,0.067871
2.5168e-05,0.048369,0.067858
2.5999e-05,0.048431,0.067845
2.68e-05,0.048494,0.067831
2.757e-05,0.048558,0.067816
2.8306e-05,0.048622,0.067801
2.9007e-05,0.048686,0.067786
2.967e-05,0.048751,0.06777
3.0294e-05,0.048816,0.067753
3.0877e-05,0.04888,0.067737
3.1416e-05,0.048945,0.06772
3.191e-05,0.049009,0.067703
3.2359e-05,0.049073,0.067685
3.2759e-05,0.049136,0.067667
3.3111e-05,0.049198,0.067649
3.3412e-05,0.049259,0.067631
3.3662e-05,0.049319,0.067613
3.3861e-05,0.049378,0.067595
3.4006e-05,0.049436,0.067576
3.4098e-05,0.049492,0.067557
3.4137e-05,0.049546,0.067539
3.4122e-05,0.049599,0.06752
3.4053e-05,0.049651,0.067501
3.3931e-05,0.0497,0.067482
3.3756e-05,0.049747,0.067462
3.3529e-05,0.049792,0.067443
3.3251e-05,0.049835,0.067423
3.2922e-05,0.049876,0.067404
3.2543e-05,0.049915,0.067384
3.2117e-05,0.049951,0.067364
3.1644e-05,0.049984,0.067344
3.1127e-05,0.050015,0.067324
3.0567e-05,0.050044,0.067304
2.9965e-05,0.05007,0.067284
2.9325e-05,0.050093,0.067263
2.8648e-05,0.050114,0.067243
2.7937e-05,0.050132,0.067222
2.7194e-05,0.050147,0.067201
2.6421e-05,0.050159,0.067181
2.5621e-05,0.050169,0.06716
2.4796e-05,0.050176,0.067139
2.395e-05,0.05018,0.067118
2.3084e-05,0.050182,0.067097
2.2201e-05,0.050181,0.067076
2.1304e-05,0.050177,0.067056
2.0396e-05,0.050171,0.067035
1.9478e-05,0.050162,0.067014
1.8555e-05,0.050151,0.066994
1.7627e-05,0.050137,0.066974
1.6698e-05,0.050121,0.066954
1.577e-05,0.050102,0.066934
1.4846e-05,0.050081,0.066914
1.3928e-05,0.050059,0.066895
1.3017e-05,0.050034,0.066876
1.2116e-05,0.050007,0.066857
1.1227e-05,0.049978,0.066839
1.0353e-05,0.049948,0.066821
9.494e-06,0.049916,0.066804
8.6528e-06,0.049882,0.066787
7.8307e-06,0.049847,0.06677
7.0292e-06,0.049811,0.066754
6.2498e-06,0.049773,0.066739
5.4938e-06,0.049735,0.066724
4.7623e-06,0.049695,0.066709
4.0563e-06,0.049655,0.066695
3.3768e-06,0.049614,0.066682
2.7247e-06,0.049573,0.06667
2.1005e-06,0.049531,0.066658
1.505e-06,0.049489,0.066646
9.3853e-07,0.049447,0.066635
4.0154e-07,0.049404,0.066625
-1.0573e-07,0.049362,0.066616
-5.831e-07,0.04932,0.066607
-1.0305e-06,0.049279,0.066599
-1.448e-06,0.049237,0.066591
-1.8358e-06,0.049197,0.066585
-2.1939e-06,0.049157,0.066578
-2.5228e-06,0.049117,0.066573
-2.8228e-06,0.049079,0.066568
-3.0944e-06,0.049041,0.066564
-3.3381e-06,0.049004,0.066561
-3.5545e-06,0.048968,0.066558
-3.7443e-06,0.048934,0.066556
-3.9081e-06,0.0489,0.066554
-4.0469e-06,0.048868,0.066554
-4.1613e-06,0.048837,0.066554
-4.2523e-06,0.048807,0.066554
-4.3208e-06,0.048778,0.066556
-4.3677e-06,0.048751,0.066558
-4.3939e-06,0.048725,0.06656
-4.4005e-06,0.048701,0.066564
-4.3885e-06,0.048677,0.066568
-4.359e-06,0.048656,0.066573
-4.3128e-06,0.048635,0.066578
-4.2512e-06,0.048616,0.066584
-4.1752e-06,0.048599,0.066591
-4.0857e-06,0.048583,0.066599
-3.984e-06,0.048568,0.066607
-3.8709e-06,0.048555,0.066616
-3.7476e-06,0.048543,0.066626
-3.6151e-06,0.048532,0.066636
-3.4743e-06,0.048523,0.066647
-3.3262e-06,0.048516,0.066659
-3.1719e-06,0.048509,0.066672
-3.0122e-06,0.048505,0.066685
-2.848e-06,0.048501,0.066698
-2.6803e-06,0.048499,0.066713
-2.5098e-06,0.048499,0.066727
-2.3375e-06,0.048499,0.066743
-2.164e-06,0.048502,0.066759
-1.9901e-06,0.048505,0.066775
-1.8166e-06,0.048511,0.066792
-1.6441e-06,0.048517,0.066809
-1.4733e-06,0.048525,0.066827
-1.3047e-06,0.048534,0.066845
-1.1389e-06,0.048545,0.066863
-9.7642e-07,0.048558,0.066882
-8.1779e-07,0.048572,0.0669
-6.6341e-07,0.048587,0.066919
-5.1371e-07,0.048604,0.066938
-3.6904e-07,0.048622,0.066957
-2.2974e-07,0.048642,0.066975
-9.6104e-08,0.048664,0.066994
3.1618e-08,0.048687,0.067012
1.532e-07,0.048712,0.06703
2.6846e-07,0.048738,0.067047
3.7725e-07,0.048766,0.067064
4.7943e-07,0.048795,0.06708
5.7494e-07,0.048826,0.067096
6.637e-07,0.048859,0.067111
7.457e-07,0.048893,0.067125
8.2092e-07,0.048928,0.067138
8.894e-07,0.048965,0.06715
9.5119e-07,0.049004,0.067162
1.0064e-06,0.049044,0.067172
1.055e-06,0.049085,0.06718
1.0973e-06,0.049128,0.067188
1.1332e-06,0.049172,0.067194
1.1631e-06,0.049218,0.067198
1.1871e-06,0.049265,0.067202
1.2052e-06,0.049313,0.067203
1.2179e-06,0.049362,0.067203
1.2252e-06,0.049412,0.067201
1.2274e-06,0.049463,0.067198
1.2247e-06,0.049516,0.067193
1.2173e-06,0.049569,0.067186
1.2056e-06,0.049623,0.067177
1.1897e-06,0.049677,0.067166
1.17e-06,0.049732,0.067154
1.1466e-06,0.049788,0.067139
1.1198e-06,0.049845,0.067123
1.09e-06,0.049901,0.067105
1.0573e-06,0.049958,0.067085
1.022e-06,0.050015,0.067063
9.8441e-07,0.050073,0.06704
9.4475e-07,0.05013,0.067014
9.0328e-07,0.050187,0.066988
8.6024e-07,0.050244,0.066959
8.1587e-07,0.050301,0.066929
7.7041e-07,0.050357,0.066897
7.2408e-07,0.050413,0.066864
6.7711e-07,0.050468,0.06683
6.297e-07,0.050523,0.066794
5.8207e-07,0.050577,0.066757
5.344e-07,0.05063,0.06672
4.8689e-07,0.050682,0.066681
4.397e-07,0.050733,0.066641
3.9302e-07,0.050783,0.066601
3.4699e-07,0.050831,0.066561
3.0176e-07,0.050879,0.066519
2.5747e-07,0.050925,0.066478
2.1425e-07,0.05097,0.066437
1.7222e-07,0.051013,0.066395
1.3148e-07,0.051054,0.066354
9.2125e-08,0.051094,0.066313
5.425e-08,0.051132,0.066272
1.7928e-08,0.051169,0.066232
-1.6771e-08,0.051204,0.066193
-4.979e-08,0.051237,0.066155
-8.1079e-08,0.051268,0.066118
-1.106e-07,0.051297,0.066082
-1.3832e-07,0.051324,0.066047
-1.6421e-07,0.051349,0.066014
-1.8827e-07,0.051372,0.065983
-2.1048e-07,0.051394,0.065953
-2.3085e-07,0.051413,0.065925
-2.4938e-07,0.051431,0.065899
-2.6609e-07,0.051446,0.065875
-2.8099e-07,0.051459,0.065854
-2.9412e-07,0.051471,0.065834
-3.055e-07,0.051481,0.065818
-3.1518e-07,0.051488,0.065803
-3.232e-07,0.051494,0.065791
-3.296e-07,0.051498,0.065782
-3.3443e-07,0.0515,0.065776
-3.3776e-07,0.051501,0.065772
-3.3963e-07,0.051499,0.065771
-3.4011e-07,0.051497,0.065773
-3.3925e-07,0.051492,0.065778
-3.3714e-07,0.051486,0.065786
-3.3383e-07,0.051478,0.065796
-3.2939e-07,0.05147,0.065809
-3.2389e-07,0.051459,0.065825
-3.174e-07,0.051448,0.065844
-3.1e-07,0.051435,0.065866
-3.0176e-07,0.051421,0.06589
-2.9274e-07,0.051406,0.065917
-2.8301e-07,0.05139,0.065946
-2.7266e-07,0.051373,0.065978
-2.6174e-07,0.051355,0.066013
-2.5032e-07,0.051337,0.066049
-2.3848e-07,0.051317,0.066088
-2.2628e-07,0.051298,0.066129
-2.1378e-07,0.051277,0.066171
-2.0104e-07,0.051256,0.066216
-1.8813e-07,0.051234,0.066262
-1.751e-07,0.051213,0.06631
-1.6201e-07,0.05119,0.06636
-1.4891e-07,0.051168,0.06641
-1.3585e-07,0.051145,0.066462
-1.2288e-07,0.051123,0.066515
-1.1004e-07,0.0511,0.066569
-9.7389e-08,0.051077,0.066623
-8.4953e-08,0.051054,0.066678
-7.2774e-08,0.051031,0.066733
-6.0887e-08,0.051009,0.066789
-4.9324e-08,0.050986,0.066845
-3.8113e-08,0.050964,0.066901
-2.7282e-08,0.050942,0.066956
-1.6855e-08,0.050921,0.067011
-6.8524e-09,0.0509,0.067066
2.7067e-09,0.050879,0.06712
1.1807e-08,0.050859,0.067174
2.0434e-08,0.050839,0.067226
2.8577e-08,0.05082,0.067278
3.6227e-08,0.050801,0.067328
4.3379e-08,0.050783,0.067377
5.0027e-08,0.050765,0.067425
5.6171e-08,0.050749,0.067472
6.181e-08,0.050732,0.067517
6.6945e-08,0.050717,0.06756
7.1582e-08,0.050702,0.067602
7.5724e-08,0.050688,0.067641
7.9381e-08,0.050675,0.067679
8.256e-08,0.050662,0.067715
8.5271e-08,0.05065,0.06775
8.7526e-08,0.050639,0.067782
8.9338e-08,0.050629,0.067812
9.0721e-08,0.050619,0.06784
9.1689e-08,0.050611,0.067865
9.2258e-08,0.050602,0.067889
9.2445e-08,0.050595,0.067911
9.2267e-08,0.050588,0.06793
9.1741e-08,0.050582,0.067947
9.0887e-08,0.050577,0.067962
8.9722e-08,0.050573,0.067974
8.8266e-08,0.050569,0.067985
8.6539e-08,0.050565,0.067993
8.4558e-08,0.050562,0.067999
8.2345e-08,0.05056,0.068003
7.9919e-08,0.050558,0.068005
7.7298e-08,0.050557,0.068005
7.4502e-08,0.050556,0.068003
7.1551e-08,0.050556,0.067998
6.8462e-08,0.050556,0.067992
6.5255e-08,0.050556,0.067984
6.1946e-08,0.050557,0.067973
5.8555e-08,0.050557,0.067961
5.5096e-08,0.050558,0.067947
5.1588e-08,0.05056,0.067932
4.8046e-08,0.050561,0.067914
4.4485e-08,0.050563,0.067895
4.0919e-08,0.050565,0.067874
3.7364e-08,0.050567,0.067852
3.3831e-08,0.050568,0.067828
3.0334e-08,0.05057,0.067803
2.6885e-08,0.050572,0.067776
2.3493e-08,0.050574,0.067748
2.0171e-08,0.050576,0.067719
1.6927e-08,0.050578,0.067689
1.377e-08,0.05058,0.067657
1.0709e-08,0.050582,0.067624
7.7497e-09,0.050583,0.06759
4.8999e-09,0.050585,0.067555
2.1653e-09,0.050587,0.067519
-4.4908e-10,0.050588,0.067482
-2.9388e-09,0.05059,0.067444
-5.3001e-09,0.050591,0.067405
-7.5299e-09,0.050593,0.067366
-9.6258e-09,0.050594,0.067326
-1.1586e-08,0.050596,0.067285
-1.3409e-08,0.050597,0.067243
-1.5095e-08,0.050599,0.067201
-1.6643e-08,0.050601,0.067158
-1.8054e-08,0.050603,0.067114
-1.9329e-08,0.050605,0.067071
-2.0469e-08,0.050607,0.067026
-2.1477e-08,0.050609,0.066981
-2.2354e-08,0.050612,0.066936
-2.3104e-08,0.050615,0.06689
-2.3729e-08,0.050618,0.066844
-2.4233e-08,0.050622,0.066798
-2.462e-08,0.050626,0.066751
-2.4894e-08,0.050631,0.066704
-2.5058e-08,0.050636,0.066657
-2.5118e-08,0.050641,0.066609
-2.5078e-08,0.050648,0.066561
-2.4943e-08,0.050655,0.066514
-2.4719e-08,0.050663,0.066466
-2.4409e-08,0.050671,0.066418
-2.402e-08,0.05068,0.06637
-2.3556e-08,0.05069,0.066322
-2.3023e-08,0.050701,0.066274
-2.2426e-08,0.050713,0.066226
-2.1771e-08,0.050726,0.066179
-2.1062e-08,0.05074,0.066131
-2.0306e-08,0.050754,0.066084
-1.9507e-08,0.05077,0.066037
-1.867e-08,0.050787,0.065991
-1.78e-08,0.050804,0.065945
-1.6903e-08,0.050823,0.065899
-1.5983e-08,0.050842,0.065855
-1.5045e-08,0.050863,0.06581
-1.4093e-08,0.050885,0.065767
-1.3132e-08,0.050907,0.065724
-1.2165e-08,0.050931,0.065683
-1.1198e-08,0.050955,0.065642
-1.0232e-08,0.05098,0.065602
-9.2735e-09,0.051006,0.065564
-8.3243e-09,0.051033,0.065527
-7.3881e-09,0.051061,0.065491
-6.4678e-09,0.051089,0.065457
-5.5663e-09,0.051118,0.065424
-4.6863e-09,0.051148,0.065393
-3.8302e-09,0.051178,0.065363
-3.0002e-09,0.051208,0.065335
-2.1982e-09,0.051239,0.065309
-1.4262e-09,0.05127,0.065285
-6.8562e-10,0.051302,0.065263
2.1998e-11,0.051333,0.065244
6.9548e-10,0.051365,0.065226
1.3338e-09,0.051396,0.06521
1.9362e-09,0.051428,0.065196
2.5018e-09,0.051459,0.065185
3.0304e-09,0.05149,0.065176
3.5215e-09,0.05152,0.065169
3.975e-09,0.05155,0.065164
4.391e-09,0.05158,0.065162
4.7695e-09,0.051609,0.065162
5.1108e-09,0.051637,0.065164
5.4154e-09,0.051665,0.065168
5.6838e-09,0.051691,0.065174
5.9168e-09,0.051717,0.065183
6.115e-09,0.051742,0.065193
6.2793e-09,0.051765,0.065206
6.4108e-09,0.051788,0.06522
6.5105e-09,0.051809,0.065236
6.5795e-09,0.051829,0.065254
6.619e-09,0.051848,0.065273
6.6303e-09,0.051865,0.065294
6.6148e-09,0.051881,0.065317
6.5737e-09,0.051896,0.06534
6.5086e-09,0.051909,0.065365
6.4208e-09,0.051921,0.06539
6.3118e-09,0.051931,0.065417
6.1831e-09,0.05194,0.065444
6.0363e-09,0.051947,0.065472
5.8727e-09,0.051952,0.0655
5.6939e-09,0.051956,0.065529
5.5014e-09,0.051958,0.065557
5.2967e-09,0.051959,0.065586
5.0813e-09,0.051959,0.065614
4.8566e-09,0.051956,0.065642
4.6239e-09,0.051953,0.065669
4.3848e-09,0.051947,0.065695
4.1405e-09,0.051941,0.065721
3.8923e-09,0.051933,0.065746
3.6415e-09,0.051924,0.065769
3.3894e-09,0.051913,0.065791
3.1371e-09,0.051902,0.065812
2.8858e-09,0.051889,0.065831
2.6364e-09,0.051875,0.065849
2.39e-09,0.051861,0.065864
2.1476e-09,0.051845,0.065878
1.91e-09,0.051828,0.065889
1.6781e-09,0.051811,0.065898
1.4526e-09,0.051794,0.065905
1.2343e-09,0.051775,0.06591
1.0238e-09,0.051757,0.065912
8.2163e-10,0.051738,0.065911
6.2838e-10,0.051719,0.065908
4.445e-10,0.051699,0.065903
2.7036e-10,0.05168,0.065894
1.0631e-10,0.051661,0.065883
-4.7387e-11,0.051642,0.065869
-1.9051e-10,0.051623,0.065853
-3.2291e-10,0.051605,0.065834
-4.4449e-10,0.051587,0.065812
-5.552e-10,0.051569,0.065787
-6.5505e-10,0.051552,0.06576
-7.4411e-10,0.051536,0.06573
-8.2249e-10,0.05152,0.065697
-8.9036e-10,0.051505,0.065662
-9.4791e-10,0.051491,0.065625
-9.954e-10,0.051478,0.065586
-1.0331e-09,0.051466,0.065544
-1.0614e-09,0.051454,0.0655
-1.0806e-09,0.051444,0.065454
-1.0912e-09,0.051434,0.065406
-1.0935e-09,0.051425,0.065357
-1.0881e-09,0.051418,0.065306
-1.0753e-09,0.051411,0.065254
-1.0558e-09,0.051405,0.0652
-1.0301e-09,0.0514,0.065146
-9.9869e-10,0.051395,0.06509
-9.6216e-10,0.051392,0.065034
-9.211e-10,0.051389,0.064977
-8.761e-10,0.051387,0.06492
-8.2775e-10,0.051385,0.064863
-7.7666e-10,0.051383,0.064805
-7.2344e-10,0.051382,0.064748
-6.6869e-10,0.051382,0.064691
-6.1302e-10,0.051381,0.064635
-5.5702e-10,0.051381,0.06458
-5.0129e-10,0.05138,0.064525
-4.4641e-10,0.051379,0.064472
-3.9293e-10,0.051378,0.06442
-3.4142e-10,0.051376,0.064369
-2.9242e-10,0.051374,0.06432
-2.4643e-10,0.051372,0.064273
-2.0395e-10,0.051368,0.064228
-1.6546e-10,0.051364,0.064185
-1.314e-10,0.051358,0.064144
-1.0218e-10,0.051352,0.064106
-7.821e-11,0.051344,0.064071
-5.9834e-11,0.051335,0.064038
-4.7383e-11,0.051324,0.064009
-4.1147e-11,0.051312,0.063982
-4.1385e-11,0.051298,0.063959
-4.8316e-11,0.051283,0.063938
-6.2122e-11,0.051265,0.063921
-8.2946e-11,0.051246,0.063908
-1.1089e-10,0.051226,0.063898
-1.4602e-10,0.051203,0.063891
-1.8834e-10,0.051178,0.063888
-2.3785e-10,0.051151,0.063889
-2.9447e-10,0.051123,0.063894
-3.581e-10,0.051092,0.063902
-4.2857e-10,0.05106,0.063913
-5.057e-10,0.051026,0.063929
-5.8924e-10,0.050989,0.063948
-6.7891e-10,0.050951,0.06397
-7.7438e-10,0.050912,0.063996
-8.7529e-10,0.05087,0.064026
-9.812e-10,0.050828,0.064059
-1.0917e-09,0.050783,0.064095
-1.2062e-09,0.050738,0.064134
-1.3243e-09,0.050691,0.064177
-1.4453e-09,0.050643,0.064222
-1.5687e-09,0.050594,0.06427
-1.6938e-09,0.050544,0.064321
-1.8199e-09,0.050494,0.064374
-1.9463e-09,0.050443,0.064429
-2.0723e-09,0.050392,0.064487
-2.197e-09,0.050341,0.064546
-2.3198e-09,0.05029,0.064607
-2.4397e-09,0.050238,0.06467
-2.556e-09,0.050188,0.064733
-2.6677e-09,0.050137,0.064798
-2.7741e-09,0.050088,0.064864
-2.8742e-09,0.050039,0.06493
-2.9671e-09,0.049992,0.064996
-3.0519e-09,0.049946,0.065063
-3.1278e-09,0.049901,0.065129
-3.1938e-09,0.049858,0.065195
-3.2491e-09,0.049816,0.065261
-3.2928e-09,0.049776,0.065325
-3.324e-09,0.049739,0.065389
-3.3418e-09,0.049703,0.065451
-3.3455e-09,0.04967,0.065512
-3.3342e-09,0.049639,0.065571
-3.3073e-09,0.049611,0.065628
-3.2639e-09,0.049586,0.065682
-3.2033e-09,0.049563,0.065735
-3.125e-09,0.049543,0.065785
-3.0283e-09,0.049526,0.065832
-2.9127e-09,0.049512,0.065876
-2.7777e-09,0.049501,0.065917
-2.6229e-09,0.049493,0.065955
-2.4479e-09,0.049488,0.06599
-2.2525e-09,0.049486,0.066021
-2.0364e-09,0.049488,0.066048
-1.7996e-09,0.049493,0.066072
-1.542e-09,0.0495,0.066091
-1.2636e-09,0.049511,0.066107
-9.6459e-10,0.049526,0.066119
-6.452e-10,0.049543,0.066127
-3.0577e-10,0.049563,0.066131
5.327e-11,0.049586,0.06613
4.3138e-10,0.049612,0.066126
8.279e-10,0.049641,0.066117
1.2421e-09,0.049673,0.066105
1.673e-09,0.049708,0.066088
2.1198e-09,0.049745,0.066067
2.5813e-09,0.049784,0.066043
3.0562e-09,0.049826,0.066014
3.5434e-09,0.04987,0.065981
4.0412e-09,0.049917,0.065945
4.5482e-09,0.049965,0.065905
5.0627e-09,0.050015,0.065862
5.5829e-09,0.050067,0.065816
6.1069e-09,0.05012,0.065766
6.6327e-09,0.050175,0.065713
7.1581e-09,0.050231,0.065657
7.6811e-09,0.050288,0.065599
8.1992e-09,0.050346,0.065538
8.71e-09,0.050405,0.065474
9.2112e-09,0.050464,0.065409
9.7e-09,0.050524,0.065341
1.0174e-08,0.050584,0.065272
1.063e-08,0.050643,0.065201
1.1066e-08,0.050703,0.065129
1.1478e-08,0.050762,0.065056
1.1865e-08,0.050821,0.064982
1.2222e-08,0.050879,0.064908
1.2548e-08,0.050936,0.064833
1.2838e-08,0.050992,0.064758
1.3091e-08,0.051047,0.064683
1.3303e-08,0.0511,0.064608
1.3471e-08,0.051152,0.064534
1.3593e-08,0.051202,0.064461
1.3666e-08,0.05125,0.064388
1.3686e-08,0.051296,0.064317
1.3652e-08,0.051339,0.064248
1.356e-08,0.05138,0.06418
1.3409e-08,0.051419,0.064113
1.3195e-08,0.051455,0.064049
1.2917e-08,0.051488,0.063987
1.2573e-08,0.051519,0.063928
1.216e-08,0.051546,0.063871
1.1678e-08,0.05157,0.063817
1.1123e-08,0.051592,0.063765
1.0496e-08,0.05161,0.063717
9.7955e-09,0.051624,0.063672
9.02e-09,0.051636,0.063631
8.1694e-09,0.051644,0.063592
7.2433e-09,0.051649,0.063558
6.2418e-09,0.05165,0.063527
5.1652e-09,0.051648,0.0635
4.0143e-09,0.051643,0.063477
2.79e-09,0.051634,0.063457
1.4936e-09,0.051622,0.063442
1.2693e-10,0.051607,0.06343
-1.308e-09,0.051588,0.063423
-2.8087e-09,0.051566,0.06342
-4.3724e-09,0.051542,0.06342
-5.9957e-09,0.051514,0.063425
-7.6751e-09,0.051484,0.063434
-9.4066e-09,0.05145,0.063447
-1.1186e-08,0.051415,0.063464
-1.3007e-08,0.051376,0.063485
-1.4866e-08,0.051336,0.06351
-1.6757e-08,0.051293,0.06354
-1.8673e-08,0.051248,0.063572
-2.0609e-08,0.051201,0.063609
-2.2556e-08,0.051152,0.06365
-2.4509e-08,0.051102,0.063694
-2.6458e-08,0.051051,0.063742
-2.8397e-08,0.050998,0.063793
-3.0317e-08,0.050945,0.063848
-3.2208e-08,0.05089,0.063907
-3.4063e-08,0.050835,0.063968
-3.5871e-08,0.05078,0.064033
-3.7623e-08,0.050725,0.0641
-3.931e-08,0.050669,0.064171
-4.092e-08,0.050614,0.064244
-4.2445e-08,0.050559,0.064321
-4.3873e-08,0.050505,0.064399
-4.5193e-08,0.050451,0.06448
-4.6396e-08,0.050399,0.064564
-4.7471e-08,0.050348,0.06465
-4.8406e-08,0.050298,0.064737
-4.9192e-08,0.05025,0.064827
-4.9817e-08,0.050204,0.064919
-5.0271e-08,0.050159,0.065012
-5.0545e-08,0.050117,0.065107
-5.0628e-08,0.050077,0.065203
-5.0509e-08,0.050039,0.065301
-5.0181e-08,0.050004,0.0654
-4.9633e-08,0.049971,0.0655
-4.8857e-08,0.049942,0.0656
-4.7846e-08,0.049915,0.065702
-4.6591e-08,0.049892,0.065804
-4.5086e-08,0.049871,0.065907
-4.3324e-08,0.049854,0.06601
-4.13e-08,0.04984,0.066113
-3.9009e-08,0.04983,0.066217
-3.6448e-08,0.049823,0.066321
-3.3613e-08,0.04982,0.066424
-3.0502e-08,0.04982,0.066527
-2.7114e-08,0.049824,0.06663
-2.345e-08,0.049831,0.066733
-1.951e-08,0.049842,0.066835
-1.5298e-08,0.049857,0.066936
-1.0816e-08,0.049876,0.067036
-6.069e-09,0.049898,0.067136
-1.0638e-09,0.049923,0.067234
4.1922e-09,0.049953,0.067331
9.6903e-09,0.049986,0.067427
1.542e-08,0.050022,0.067522
2.137e-08,0.050062,0.067615
2.7526e-08,0.050105,0.067707
3.3875e-08,0.050151,0.067796
4.0399e-08,0.050201,0.067885
4.7081e-08,0.050254,0.067971
5.3902e-08,0.05031,0.068055
6.0841e-08,0.050368,0.068137
6.7875e-08,0.05043,0.068217
7.4982e-08,0.050494,0.068295
8.2136e-08,0.050561,0.06837
8.931e-08,0.05063,0.068443
9.6476e-08,0.050701,0.068514
1.036e-07,0.050775,0.068582
1.1067e-07,0.05085,0.068647
1.1763e-07,0.050928,0.06871
1.2446e-07,0.051007,0.068769
1.3112e-07,0.051087,0.068826
1.3758e-07,0.051168,0.06888
1.438e-07,0.051251,0.068931
1.4974e-07,0.051335,0.068979
1.5538e-07,0.051419,0.069023
1.6066e-07,0.051504,0.069065
1.6555e-07,0.051589,0.069103
1.7002e-07,0.051674,0.069138
1.7402e-07,0.051759,0.06917
1.7751e-07,0.051843,0.069198
1.8045e-07,0.051927,0.069223
1.8281e-07,0.052011,0.069245
1.8455e-07,0.052093,0.069263
1.8562e-07,0.052174,0.069278
1.86e-07,0.052254,0.06929
1.8565e-07,0.052332,0.069298
1.8452e-07,0.052408,0.069303
1.826e-07,0.052483,0.069304
1.7984e-07,0.052555,0.069302
1.7622e-07,0.052624,0.069297
1.7171e-07,0.052691,0.069288
1.6628e-07,0.052754,0.069277
1.5991e-07,0.052815,0.069262
1.5258e-07,0.052873,0.069244
1.4428e-07,0.052926,0.069222
1.3498e-07,0.052976,0.069198
1.2467e-07,0.053023,0.069171
1.1336e-07,0.053065,0.069141
1.0103e-07,0.053103,0.069108
8.768e-08,0.053136,0.069073
7.3321e-08,0.053165,0.069034
5.7958e-08,0.053189,0.068994
4.1604e-08,0.053208,0.06895
2.4276e-08,0.053222,0.068905
5.996e-09,0.053231,0.068857
-1.3209e-08,0.053235,0.068807
-3.3306e-08,0.053233,0.068755
-5.4259e-08,0.053226,0.068701
-7.6025e-08,0.053214,0.068645
-9.8557e-08,0.053196,0.068587
-1.218e-07,0.053172,0.068528
-1.457e-07,0.053143,0.068467
-1.7018e-07,0.053108,0.068405
-1.9518e-07,0.053067,0.068341
-2.2063e-07,0.05302,0.068277
-2.4644e-07,0.052968,0.068211
-2.7252e-07,0.052911,0.068144
-2.9879e-07,0.052848,0.068076
-3.2514e-07,0.052779,0.068008
-3.5148e-07,0.052705,0.067939
-3.777e-07,0.052625,0.067869
-4.0368e-07,0.052541,0.067799
-4.2931e-07,0.052451,0.067729
-4.5448e-07,0.052357,0.067658
-4.7904e-07,0.052258,0.067587
-5.0288e-07,0.052155,0.067516
-5.2586e-07,0.052047,0.067446
-5.4786e-07,0.051935,0.067375
-5.6872e-07,0.051819,0.067304
-5.8831e-07,0.0517,0.067234
-6.065e-07,0.051577,0.067164
-6.2313e-07,0.051451,0.067094
-6.3807e-07,0.051322,0.067025
-6.5116e-07,0.051191,0.066956
-6.6228e-07,0.051058,0.066888
-6.7126e-07,0.050923,0.066821
-6.7799e-07,0.050786,0.066754
-6.8231e-07,0.050648,0.066688
-6.8409e-07,0.050509,0.066623
-6.832e-07,0.050369,0.066558
-6.7951e-07,0.050229,0.066495
-6.729e-07,0.05009,0.066432
-6.6325e-07,0.049951,0.06637
-6.5046e-07,0.049813,0.066309
-6.3441e-07,0.049676,0.06625
-6.1503e-07,0.049541,0.06619
-5.9221e-07,0.049407,0.066132
-5.6589e-07,0.049276,0.066075
-5.3599e-07,0.049148,0.066019
-5.0248e-07,0.049023,0.065963
-4.6529e-07,0.048901,0.065909
-4.2441e-07,0.048782,0.065855
-3.7981e-07,0.048668,0.065802
-3.3151e-07,0.048558,0.06575
-2.795e-07,0.048453,0.065699
-2.2382e-07,0.048352,0.065649
-1.6452e-07,0.048257,0.065599
-1.0165e-07,0.048167,0.06555
-3.5303e-08,0.048083,0.065501
3.443e-08,0.048005,0.065454
1.0743e-07,0.047933,0.065406
1.8356e-07,0.047867,0.06536
2.6267e-07,0.047808,0.065314
3.4458e-07,0.047756,0.065268
4.291e-07,0.04771,0.065223
5.1601e-07,0.047671,0.065178
6.0508e-07,0.047639,0.065133
6.9605e-07,0.047615,0.065089
7.8864e-07,0.047597,0.065045
8.8256e-07,0.047587,0.065001
9.7749e-07,0.047584,0.064958
1.0731e-06,0.047588,0.064914
1.169e-06,0.0476,0.064871
1.2649e-06,0.047618,0.064828
1.3603e-06,0.047644,0.064784
1.4549e-06,0.047676,0.064741
1.5482e-06,0.047715,0.064698
1.6397e-06,0.047761,0.064655
1.7291e-06,0.047814,0.064611
1.8158e-06,0.047873,0.064568
1.8994e-06,0.047938,0.064524
1.9793e-06,0.048009,0.064481
2.0551e-06,0.048086,0.064437
2.1263e-06,0.048169,0.064393
2.1922e-06,0.048256,0.064349
2.2525e-06,0.048349,0.064304
2.3065e-06,0.048447,0.064259
2.3538e-06,0.048548,0.064215
2.3939e-06,0.048654,0.06417
2.4261e-06,0.048764,0.064124
2.45e-06,0.048877,0.064079
2.465e-06,0.048994,0.064033
2.4708e-06,0.049113,0.063987
2.4667e-06,0.049235,0.063942
2.4524e-06,0.049358,0.063895
2.4273e-06,0.049484,0.063849
2.391e-06,0.049611,0.063803
2.3433e-06,0.049739,0.063757
2.2835e-06,0.049867,0.06371
2.2115e-06,0.049996,0.063664
2.1269e-06,0.050125,0.063618
2.0294e-06,0.050254,0.063572
1.9188e-06,0.050382,0.063526
1.7948e-06,0.050509,0.06348
1.6574e-06,0.050635,0.063435
1.5064e-06,0.050759,0.06339
1.3418e-06,0.050881,0.063345
1.1636e-06,0.051001,0.063301
9.7177e-07,0.051118,0.063258
7.6649e-07,0.051233,0.063215
5.4791e-07,0.051344,0.063172
3.1628e-07,0.051453,0.063131
7.1892e-08,0.051558,0.06309
-1.8488e-07,0.051659,0.063051
-4.5358e-07,0.051756,0.063012
-7.3372e-07,0.051849,0.062975
-1.0247e-06,0.051938,0.062939
-1.3259e-06,0.052023,0.062904
-1.6365e-06,0.052103,0.062871
-1.9558e-06,0.052178,0.062839
-2.2828e-06,0.052249,0.062809
-2.6166e-06,0.052315,0.06278
-2.9561e-06,0.052376,0.062754
-3.3002e-06,0.052433,0.062729
-3.6478e-06,0.052484,0.062707
-3.9975e-06,0.05253,0.062686
-4.348e-06,0.052572,0.062668
-4.6978e-06,0.052609,0.062652
-5.0455e-06,0.052641,0.062638
-5.3895e-06,0.052668,0.062627
-5.7281e-06,0.05269,0.062618
-6.0597e-06,0.052708,0.062612
-6.3825e-06,0.052721,0.062608
-6.6947e-06,0.05273,0.062608
-6.9944e-06,0.052735,0.06261
-7.2796e-06,0.052736,0.062614
-7.5485e-06,0.052733,0.062622
-7.799e-06,0.052726,0.062633
-8.029e-06,0.052715,0.062646
-8.2366e-06,0.052701,0.062663
-8.4196e-06,0.052684,0.062682
-8.5759e-06,0.052663,0.062705
-8.7034e-06,0.05264,0.06273
-8.8e-06,0.052615,0.062759
-8.8636e-06,0.052587,0.06279
-8.8921e-06,0.052556,0.062824
-8.8835e-06,0.052524,0.062861
-8.8357e-06,0.05249,0.062901
-8.7468e-06,0.052454,0.062944
-8.6147e-06,0.052417,0.06299
-8.4377e-06,0.052379,0.063038
-8.214e-06,0.05234,0.063089
-7.9417e-06,0.0523,0.063142
-7.6193e-06,0.052259,0.063198
-7.2453e-06,0.052218,0.063256
-6.8181e-06,0.052177,0.063317
-6.3365e-06,0.052136,0.063379
-5.7993e-06,0.052095,0.063444
-5.2054e-06,0.052054,0.06351
-4.554e-06,0.052014,0.063578
-3.8443e-06,0.051974,0.063647
-3.0756e-06,0.051935,0.063718
-2.2477e-06,0.051896,0.06379
-1.3602e-06,0.051859,0.063863
-4.1313e-07,0.051822,0.063936
5.9337e-07,0.051787,0.064011
1.6589e-06,0.051753,0.064086
2.783e-06,0.05172,0.064161
3.9649e-06,0.051688,0.064237
5.2034e-06,0.051658,0.064312
6.4975e-06,0.051629,0.064387
7.8456e-06,0.051601,0.064461
9.2461e-06,0.051575,0.064535
1.0697e-05,0.05155,0.064607
1.2196e-05,0.051526,0.064679
1.3741e-05,0.051504,0.064749
1.533e-05,0.051483,0.064818
1.6959e-05,0.051464,0.064884
1.8625e-05,0.051445,0.064949
2.0325e-05,0.051428,0.065012
2.2056e-05,0.051412,0.065072
2.3814e-05,0.051397,0.06513
2.5595e-05,0.051383,0.065185
2.7394e-05,0.05137,0.065237
2.9208e-05,0.051358,0.065286
3.1032e-05,0.051346,0.065332
3.2862e-05,0.051335,0.065374
3.4692e-05,0.051324,0.065413
3.6517e-05,0.051314,0.065449
3.8334e-05,0.051304,0.06548
4.0136e-05,0.051294,0.065508
4.1918e-05,0.051284,0.065532
4.3675e-05,0.051274,0.065552
4.5402e-05,0.051263,0.065568
4.7093e-05,0.051253,0.06558
4.8744e-05,0.051241,0.065587
5.0348e-05,0.05123,0.065591
5.1901e-05,0.051217,0.06559
5.3397e-05,0.051203,0.065585
5.4832e-05,0.051189,0.065576
5.62e-05,0.051174,0.065563
5.7498e-05,0.051157,0.065546
5.8719e-05,0.051139,0.065525
5.986e-05,0.05112,0.0655
6.0917e-05,0.051099,0.065471
6.1886e-05,0.051077,0.065438
6.2763e-05,0.051054,0.065402
6.3545e-05,0.051028,0.065363
6.4229e-05,0.051002,0.06532
6.4813e-05,0.050973,0.065274
6.5294e-05,0.050943,0.065226
6.567e-05,0.050911,0.065174
6.594e-05,0.050877,0.06512
6.6102e-05,0.050841,0.065064
6.6157e-05,0.050804,0.065005
6.6104e-05,0.050765,0.064945
6.5943e-05,0.050725,0.064882
6.5674e-05,0.050682,0.064819
6.53e-05,0.050638,0.064754
6.4821e-05,0.050593,0.064688
6.4239e-05,0.050546,0.064622
6.3556e-05,0.050498,0.064555
6.2775e-05,0.050448,0.064488
6.1899e-05,0.050397,0.064421
6.0932e-05,0.050345,0.064354
5.9876e-05,0.050292,0.064288
5.8736e-05,0.050238,0.064223
5.7516e-05,0.050184,0.064159
5.622e-05,0.050128,0.064096
5.4852e-05,0.050072,0.064035
5.3419e-05,0.050016,0.063975
5.1923e-05,0.049959,0.063918
5.0371e-05,0.049903,0.063863
4.8767e-05,0.049846,0.06381
4.7117e-05,0.049789,0.06376
4.5427e-05,0.049733,0.063713
4.37e-05,0.049677,0.063669
4.1943e-05,0.049622,0.063628
4.0162e-05,0.049568,0.063591
3.836e-05,0.049514,0.063557
3.6544e-05,0.049461,0.063527
3.4718e-05,0.049409,0.063501
3.2888e-05,0.049359,0.063479
3.1058e-05,0.04931,0.06346
2.9234e-05,0.049263,0.063446
2.7419e-05,0.049217,0.063436
2.5619e-05,0.049172,0.06343
2.3837e-05,0.04913,0.063428
2.2079e-05,0.04909,0.06343
2.0347e-05,0.049051,0.063436
1.8645e-05,0.049015,0.063447
1.6977e-05,0.048981,0.063461
1.5347e-05,0.048949,0.06348
1.3757e-05,0.04892,0.063502
1.221e-05,0.048892,0.063529
1.0709e-05,0.048868,0.063558
9.2563e-06,0.048846,0.063592
7.8538e-06,0.048827,0.063629
6.5036e-06,0.04881,0.063669
5.2072e-06,0.048796,0.063712
3.9663e-06,0.048784,0.063758
2.782e-06,0.048775,0.063807
1.6554e-06,0.048769,0.063858
5.8714e-07,0.048766,0.063911
-4.221e-07,0.048766,0.063967
-1.372e-06,0.048768,0.064024
-2.2624e-06,0.048773,0.064083
-3.0933e-06,0.048781,0.064143
-3.8649e-06,0.048791,0.064204
-4.5777e-06,0.048804,0.064266
-5.2322e-06,0.04882,0.064328
-5.8292e-06,0.048838,0.064391
-6.3695e-06,0.048859,0.064454
-6.8542e-06,0.048883,0.064516
-7.2845e-06,0.048909,0.064578
-7.6616e-06,0.048938,0.064639
-7.9871e-06,0.048969,0.064699
-8.2623e-06,0.049003,0.064757
-8.489e-06,0.049039,0.064814
-8.6689e-06,0.049078,0.064869
-8.8037e-06,0.049119,0.064922
-8.8953e-06,0.049162,0.064973
-8.9456e-06,0.049208,0.065021
-8.9566e-06,0.049256,0.065066
-8.9303e-06,0.049306,0.065109
-8.8688e-06,0.049358,0.065148
-8.7741e-06,0.049413,0.065185
-8.6483e-06,0.049469,0.065217
-8.4935e-06,0.049528,0.065247
-8.3117e-06,0.049589,0.065272
-8.1052e-06,0.049652,0.065294
-7.8758e-06,0.049717,0.065312
-7.6258e-06,0.049783,0.065326
-7.3571e-06,0.049852,0.065336
-7.0717e-06,0.049923,0.065341
-6.7715e-06,0.049995,0.065343
-6.4585e-06,0.05007,0.065341
-6.1346e-06,0.050146,0.065334
-5.8015e-06,0.050224,0.065324
-5.4609e-06,0.050303,0.065309
-5.1147e-06,0.050384,0.065291
-4.7643e-06,0.050467,0.065268
-4.4114e-06,0.050551,0.065242
-4.0575e-06,0.050637,0.065212
-3.7039e-06,0.050724,0.065178
-3.352e-06,0.050813,0.065141
-3.0032e-06,0.050902,0.065101
-2.6585e-06,0.050993,0.065057
-2.3192e-06,0.051085,0.06501
-1.9862e-06,0.051178,0.06496
-1.6606e-06,0.051271,0.064908
-1.3432e-06,0.051365,0.064852
-1.0349e-06,0.05146,0.064795
-7.363e-07,0.051556,0.064735
-4.4821e-07,0.051652,0.064674
-1.7119e-07,0.051748,0.064611
9.423e-08,0.051844,0.064546
3.476e-07,0.05194,0.06448
5.8853e-07,0.052036,0.064413
8.1669e-07,0.052132,0.064345
1.0318e-06,0.052227,0.064276
1.2337e-06,0.052321,0.064207
1.4223e-06,0.052415,0.064138
1.5973e-06,0.052508,0.064068
1.7589e-06,0.0526,0.064
1.907e-06,0.052691,0.063931
2.0418e-06,0.052781,0.063863
2.1632e-06,0.052869,0.063796
2.2715e-06,0.052955,0.06373
2.3669e-06,0.05304,0.063666
2.4495e-06,0.053122,0.063603
2.5197e-06,0.053203,0.063541
2.5778e-06,0.053281,0.063481
2.6241e-06,0.053357,0.063424
2.6589e-06,0.05343,0.063368
2.6826e-06,0.053501,0.063315
2.6956e-06,0.053569,0.063264
2.6984e-06,0.053634,0.063215
2.6913e-06,0.053697,0.063169
2.6747e-06,0.053755,0.063126
2.6492e-06,0.053811,0.063086
2.6152e-06,0.053863,0.063048
2.5732e-06,0.053912,0.063013
2.5236e-06,0.053957,0.062982
2.4669e-06,0.053998,0.062953
2.4035e-06,0.054036,0.062927
2.334e-06,0.054069,0.062905
2.2588e-06,0.054098,0.062885
2.1783e-06,0.054123,0.062869
2.093e-06,0.054144,0.062856
2.0034e-06,0.054161,0.062845
1.9099e-06,0.054173,0.062838
1.8129e-06,0.054181,0.062834
1.7129e-06,0.054184,0.062832
1.6101e-06,0.054182,0.062834
1.5052e-06,0.054176,0.062838
1.3983e-06,0.054165,0.062845
1.2899e-06,0.054149,0.062854
1.1803e-06,0.054128,0.062866
1.0699e-06,0.054103,0.062881
9.59e-07,0.054073,0.062898
8.4789e-07,0.054037,0.062917
7.3689e-07,0.053997,0.062938
6.2626e-07,0.053952,0.062962
5.1629e-07,0.053902,0.062987
4.0722e-07,0.053847,0.063014
2.9929e-07,0.053788,0.063042
1.9274e-07,0.053723,0.063073
8.7777e-08,0.053654,0.063104
-1.5393e-08,0.053581,0.063137
-1.1658e-07,0.053502,0.063171
-2.156e-07,0.05342,0.063206
-3.1228e-07,0.053332,0.063242
-4.0647e-07,0.053241,0.063279
-4.9802e-07,0.053145,0.063316
-5.8677e-07,0.053045,0.063354
-6.7261e-07,0.052942,0.063392
-7.5539e-07,0.052835,0.06343
-8.35e-07,0.052724,0.063469
-9.1134e-07,0.05261,0.063508
-9.8427e-07,0.052492,0.063546
-1.0537e-06,0.052372,0.063585
-1.1196e-06,0.052249,0.063623
-1.1817e-06,0.052123,0.063661
-1.2401e-06,0.051996,0.063699
-1.2946e-06,0.051866,0.063736
-1.3451e-06,0.051734,0.063772
-1.3917e-06,0.051601,0.063808
-1.434e-06,0.051467,0.063844
-1.4722e-06,0.051331,0.063878
-1.5061e-06,0.051195,0.063912
-1.5356e-06,0.051059,0.063945
-1.5607e-06,0.050923,0.063978
-1.5812e-06,0.050786,0.064009
-1.5972e-06,0.050651,0.06404
-1.6085e-06,0.050516,0.06407
-1.615e-06,0.050382,0.064099
-1.6168e-06,0.05025,0.064127
-1.6136e-06,0.050119,0.064154
-1.6055e-06,0.049991,0.064181
-1.5924e-06,0.049865,0.064207
-1.5742e-06,0.049741,0.064232
-1.5508e-06,0.049621,0.064256
-1.5223e-06,0.049504,0.06428
-1.4885e-06,0.04939,0.064302
-1.4495e-06,0.04928,0.064324
-1.4051e-06,0.049174,0.064346
-1.3554e-06,0.049073,0.064367
-1.3003e-06,0.048976,0.064387
-1.2399e-06,0.048884,0.064407
-1.174e-06,0.048798,0.064426
-1.1028e-06,0.048716,0.064444
-1.0262e-06,0.04864,0.064462
-9.4433e-07,0.04857,0.064479
-8.5717e-07,0.048506,0.064496
-7.6481e-07,0.048448,0.064513
-6.6732e-07,0.048396,0.064528
-5.6479e-07,0.04835,0.064544
-4.5735e-07,0.048311,0.064558
-3.4513e-07,0.048279,0.064572
-2.2827e-07,0.048253,0.064586
-1.0695e-07,0.048234,0.064599
1.8631e-08,0.048222,0.064611
1.4826e-07,0.048217,0.064623
2.8169e-07,0.048219,0.064633
4.1866e-07,0.048228,0.064643
5.5888e-07,0.048244,0.064653
7.0204e-07,0.048266,0.064661
8.4779e-07,0.048296,0.064668
9.9578e-07,0.048332,0.064675
1.1456e-06,0.048375,0.06468
1.2968e-06,0.048425,0.064684
1.4491e-06,0.048482,0.064687
1.6018e-06,0.048545,0.064689
1.7545e-06,0.048614,0.064689
1.9067e-06,0.04869,0.064688
2.0579e-06,0.048771,0.064685
2.2074e-06,0.048859,0.064681
2.3547e-06,0.048952,0.064675
2.4991e-06,0.049051,0.064668
2.6401e-06,0.049155,0.064658
2.7769e-06,0.049264,0.064646
2.9089e-06,0.049378,0.064633
3.0354e-06,0.049497,0.064617
3.1556e-06,0.04962,0.0646
3.2689e-06,0.049748,0.06458
3.3745e-06,0.049879,0.064558
3.4717e-06,0.050014,0.064533
3.5598e-06,0.050153,0.064506
3.6379e-06,0.050294,0.064477
3.7053e-06,0.050438,0.064445
3.7613e-06,0.050585,0.06441
3.8051e-06,0.050735,0.064373
3.836e-06,0.050886,0.064333
3.8533e-06,0.051039,0.064291
3.8562e-06,0.051193,0.064246
3.8441e-06,0.051348,0.064198
3.8163e-06,0.051504,0.064148
3.7722e-06,0.05166,0.064095
3.7111e-06,0.051817,0.064039
3.6325e-06,0.051973,0.063981
3.5359e-06,0.052129,0.06392
3.4207e-06,0.052284,0.063857
3.2866e-06,0.052438,0.063791
3.1331e-06,0.05259,0.063723
2.9599e-06,0.05274,0.063652
2.7668e-06,0.052889,0.063579
2.5535e-06,0.053035,0.063505
2.3199e-06,0.053178,0.063428
2.066e-06,0.053318,0.063349
1.7917e-06,0.053456,0.063269
1.4972e-06,0.053589,0.063187
1.1827e-06,0.053719,0.063104
8.4836e-07,0.053844,0.063019
4.9466e-07,0.053965,0.062934
1.2204e-07,0.054082,0.062848
-2.6893e-07,0.054193,0.062761
-6.7758e-07,0.054299,0.062674
-1.1031e-06,0.0544,0.062586
-1.5447e-06,0.054496,0.062499
-2.0013e-06,0.054585,0.062412
-2.4718e-06,0.054669,0.062326
-2.955e-06,0.054746,0.062241
-3.4495e-06,0.054817,0.062156
-3.9539e-06,0.054881,0.062074
-4.4667e-06,0.054939,0.061993
-4.986e-06,0.054989,0.061914
-5.5103e-06,0.055033,0.061837
-6.0374e-06,0.05507,0.061763
-6.5655e-06,0.0551,0.061692
-7.0923e-06,0.055122,0.061624
-7.6156e-06,0.055138,0.06156
-8.1331e-06,0.055146,0.061499
-8.6424e-06,0.055147,0.061443
-9.1408e-06,0.055141,0.061391
-9.6257e-06,0.055127,0.061344
-1.0095e-05,0.055106,0.061301
-1.0544e-05,0.055078,0.061264
-1.0972e-05,0.055043,0.061232
-1.1375e-05,0.055001,0.061206
-1.1751e-05,0.054953,0.061186
-1.2095e-05,0.054897,0.061173
-1.2406e-05,0.054835,0.061165
-1.268e-05,0.054767,0.061164
-1.2913e-05,0.054692,0.06117
-1.3103e-05,0.054611,0.061183
-1.3247e-05,0.054524,0.061203
-1.3341e-05,0.054432,0.06123
-1.3382e-05,0.054334,0.061264
-1.3367e-05,0.054232,0.061306
-1.3294e-05,0.054124,0.061355
-1.3158e-05,0.054011,0.061411
-1.2958e-05,0.053895,0.061475
-1.2691e-05,0.053774,0.061547
-1.2353e-05,0.053649,0.061626
-1.1943e-05,0.053521,0.061712
-1.1457e-05,0.05339,0.061806
-1.0894e-05,0.053255,0.061907
-1.0251e-05,0.053118,0.062015
-9.526e-06,0.052979,0.06213
-8.7179e-06,0.052838,0.062252
-7.8249e-06,0.052696,0.062381
-6.8455e-06,0.052552,0.062516
-5.7787e-06,0.052407,0.062658
-4.6236e-06,0.052262,0.062806
-3.3795e-06,0.052116,0.062959
-2.0462e-06,0.05197,0.063118
-6.2355e-07,0.051825,0.063283
8.8822e-07,0.05168,0.063452
2.4885e-06,0.051536,0.063626
4.1766e-06,0.051394,0.063805
5.9511e-06,0.051253,0.063987
7.8107e-06,0.051114,0.064173
9.7535e-06,0.050977,0.064362
1.1777e-05,0.050843,0.064554
1.3879e-05,0.050711,0.064748
1.6057e-05,0.050582,0.064945
1.8308e-05,0.050456,0.065143
2.0626e-05,0.050334,0.065342
2.301e-05,0.050216,0.065542
2.5455e-05,0.050101,0.065743
2.7955e-05,0.04999,0.065943
3.0507e-05,0.049884,0.066142
3.3104e-05,0.049781,0.06634
3.5741e-05,0.049684,0.066537
3.8413e-05,0.049591,0.066732
4.1113e-05,0.049503,0.066924
4.3834e-05,0.049419,0.067114
4.657e-05,0.049341,0.0673
4.9315e-05,0.049268,0.067482
5.206e-05,0.049199,0.067659
5.4798e-05,0.049136,0.067832
5.7523e-05,0.049079,0.068
6.0225e-05,0.049026,0.068162
6.2898e-05,0.048978,0.068318
6.5533e-05,0.048936,0.068468
6.8123e-05,0.048899,0.06861
7.066e-05,0.048867,0.068746
7.3135e-05,0.04884,0.068873
7.554e-05,0.048818,0.068993
7.7869e-05,0.048801,0.069104
8.0113e-05,0.048788,0.069207
8.2264e-05,0.04878,0.069301
8.4316e-05,0.048777,0.069386
8.626e-05,0.048778,0.069461
8.8091e-05,0.048783,0.069526
8.9802e-05,0.048793,0.069582
9.1386e-05,0.048806,0.069628
9.2838e-05,0.048823,0.069663
9.4152e-05,0.048843,0.069688
9.5324e-05,0.048867,0.069702
9.6349e-05,0.048893,0.069706
9.7222e-05,0.048923,0.069699
9.7942e-05,0.048955,0.069681
9.8504e-05,0.04899,0.069653
9.8908e-05,0.049027,0.069614
9.915e-05,0.049066,0.069564
9.923e-05,0.049106,0.069503
9.9149e-05,0.049148,0.069432
9.8906e-05,0.049191,0.069351
9.8501e-05,0.049235,0.069259
9.7938e-05,0.049279,0.069157
9.7217e-05,0.049324,0.069045
9.6343e-05,0.049369,0.068923
9.5317e-05,0.049414,0.068792
9.4144e-05,0.049459,0.068651
9.2829e-05,0.049503,0.068501
9.1376e-05,0.049546,0.068342
8.9791e-05,0.049589,0.068175
8.808e-05,0.04963,0.067999
8.6248e-05,0.049669,0.067815
8.4303e-05,0.049707,0.067623
8.2251e-05,0.049742,0.067424
8.0099e-05,0.049776,0.067218
7.7854e-05,0.049807,0.067005
7.5525e-05,0.049836,0.066787
7.3119e-05,0.049862,0.066562
7.0643e-05,0.049886,0.066331
6.8107e-05,0.049906,0.066095
6.5516e-05,0.049924,0.065855
6.2881e-05,0.049938,0.06561
6.0208e-05,0.049949,0.065362
5.7505e-05,0.049957,0.065109
5.4781e-05,0.049962,0.064854
5.2042e-05,0.049962,0.064596
4.9297e-05,0.04996,0.064335
4.6553e-05,0.049954,0.064073
4.3817e-05,0.049945,0.063809
4.1096e-05,0.049932,0.063545
3.8397e-05,0.049915,0.063279
3.5726e-05,0.049895,0.063014
3.3089e-05,0.049872,0.062749
3.0493e-05,0.049846,0.062484
2.7942e-05,0.049816,0.062221
2.5442e-05,0.049784,0.061959
2.2999e-05,0.049748,0.061699
2.0616e-05,0.04971,0.061442
1.8298e-05,0.049669,0.061187
1.6049e-05,0.049625,0.060935
1.3873e-05,0.04958,0.060687
1.1772e-05,0.049532,0.060442
9.7494e-06,0.049482,0.060202
7.8081e-06,0.049431,0.059966
5.9501e-06,0.049378,0.059736
4.1772e-06,0.049324,0.05951
2.4909e-06,0.049269,0.059291
8.9237e-07,0.049213,0.059077
-6.1757e-07,0.049157,0.058869
-2.0384e-06,0.0491,0.058668
-3.3698e-06,0.049044,0.058474
-4.6118e-06,0.048988,0.058286
-5.765e-06,0.048932,0.058106
-6.8298e-06,0.048877,0.057934
-7.8071e-06,0.048823,0.057769
-8.698e-06,0.048771,0.057612
-9.504e-06,0.04872,0.057463
-1.0227e-05,0.048671,0.057322
-1.0867e-05,0.048625,0.057189
-1.1429e-05,0.04858,0.057065
-1.1912e-05,0.048538,0.05695
-1.2321e-05,0.048499,0.056843
-1.2657e-05,0.048463,0.056745
-1.2922e-05,0.04843,0.056655
-1.312e-05,0.0484,0.056575
-1.3254e-05,0.048374,0.056503
-1.3326e-05,0.048351,0.05644
-1.3339e-05,0.048332,0.056385
-1.3296e-05,0.048317,0.056339
-1.3201e-05,0.048306,0.056302
-1.3056e-05,0.0483,0.056274
-1.2865e-05,0.048297,0.056253
-1.263e-05,0.048298,0.056241
-1.2356e-05,0.048304,0.056237
-1.2045e-05,0.048314,0.056241
-1.17e-05,0.048328,0.056253
-1.1324e-05,0.048346,0.056272
-1.0921e-05,0.048369,0.056299
-1.0493e-05,0.048395,0.056333
-1.0043e-05,0.048425,0.056373
-9.5751e-06,0.048459,0.05642
-9.0909e-06,0.048497,0.056474
-8.5935e-06,0.048538,0.056533
-8.0855e-06,0.048582,0.056598
-7.5695e-06,0.048629,0.056669
-7.0479e-06,0.048679,0.056744
-6.5232e-06,0.048732,0.056825
-5.9974e-06,0.048787,0.05691
-5.4729e-06,0.048845,0.056999
-4.9515e-06,0.048904,0.057091
-4.4353e-06,0.048964,0.057187
-3.9259e-06,0.049026,0.057287
-3.4252e-06,0.049089,0.057389
-2.9347e-06,0.049152,0.057493
-2.4557e-06,0.049215,0.0576
-1.9897e-06,0.049279,0.057708
-1.5379e-06,0.049342,0.057818
-1.1014e-06,0.049404,0.057929
-6.8116e-07,0.049465,0.058041
-2.7805e-07,0.049524,0.058154
1.0715e-07,0.049582,0.058266
4.7378e-07,0.049637,0.058379
8.2128e-07,0.04969,0.058491
1.1492e-06,0.04974,0.058603
1.4572e-06,0.049787,0.058714
1.7449e-06,0.04983,0.058824
2.0124e-06,0.049869,0.058933
2.2593e-06,0.049904,0.05904
2.4858e-06,0.049935,0.059146
2.692e-06,0.049961,0.05925
2.8779e-06,0.049982,0.059352
3.0439e-06,0.049998,0.059452
3.1902e-06,0.050008,0.05955
3.3172e-06,0.050013,0.059646
3.4252e-06,0.050012,0.059739
3.5149e-06,0.050005,0.059829
3.5866e-06,0.049992,0.059917
3.641e-06,0.049972,0.060003
3.6786e-06,0.049946,0.060086
3.7002e-06,0.049914,0.060166
3.7063e-06,0.049875,0.060243
3.6977e-06,0.04983,0.060318
3.6751e-06,0.049778,0.06039
3.6393e-06,0.049719,0.06046
3.591e-06,0.049654,0.060527
3.531e-06,0.049583,0.060591
3.4601e-06,0.049505,0.060654
3.379e-06,0.049421,0.060714
3.2887e-06,0.049332,0.060771
3.1897e-06,0.049236,0.060827
3.083e-06,0.049134,0.060881
2.9693e-06,0.049027,0.060933
2.8494e-06,0.048915,0.060983
2.7241e-06,0.048798,0.061031
2.594e-06,0.048676,0.061079
2.4599e-06,0.048549,0.061125
2.3226e-06,0.048419,0.06117
2.1827e-06,0.048284,0.061214
2.0408e-06,0.048146,0.061257
1.8977e-06,0.048005,0.0613
1.7539e-06,0.047862,0.061343
1.61e-06,0.047716,0.061385
1.4666e-06,0.047567,0.061427
1.3242e-06,0.047418,0.06147
1.1833e-06,0.047267,0.061513
1.0444e-06,0.047115,0.061556
9.079e-07,0.046962,0.0616
7.7429e-07,0.04681,0.061645
6.4392e-07,0.046658,0.061691
5.1713e-07,0.046507,0.061737
3.9425e-07,0.046358,0.061786
2.7557e-07,0.046209,0.061835
1.6136e-07,0.046063,0.061886
5.1846e-08,0.045919,0.061939
-5.2766e-08,0.045778,0.061993
-1.523e-07,0.04564,0.062049
-2.4662e-07,0.045505,0.062106
-3.3558e-07,0.045374,0.062166
-4.1911e-07,0.045247,0.062227
-4.9714e-07,0.045124,0.06229
-5.6961e-07,0.045006,0.062355
-6.3652e-07,0.044893,0.062422
-6.9785e-07,0.044784,0.06249
-7.5364e-07,0.044681,0.062561
-8.0393e-07,0.044584,0.062632
-8.4879e-07,0.044492,0.062706
-8.8828e-07,0.044407,0.062781
-9.2252e-07,0.044327,0.062857
-9.5161e-07,0.044253,0.062934
-9.7569e-07,0.044186,0.063013
-9.9489e-07,0.044124,0.063092
-1.0094e-06,0.044069,0.063172
-1.0193e-06,0.044021,0.063252
-1.0248e-06,0.043979,0.063333
-1.0262e-06,0.043943,0.063414
-1.0235e-06,0.043914,0.063495
-1.017e-06,0.043891,0.063575
-1.007e-06,0.043874,0.063655
-9.9348e-07,0.043864,0.063734
-9.7682e-07,0.043859,0.063812
-9.5718e-07,0.043861,0.063889
-9.3478e-07,0.043869,0.063964
-9.0983e-07,0.043882,0.064038
-8.8256e-07,0.043901,0.064109
-8.5317e-07,0.043926,0.064178
-8.2188e-07,0.043956,0.064244
-7.8889e-07,0.043991,0.064308
-7.5442e-07,0.044031,0.064368
-7.1866e-07,0.044076,0.064426
-6.8181e-07,0.044126,0.06448
-6.4407e-07,0.04418,0.06453
-6.0562e-07,0.044239,0.064576
-5.6665e-07,0.044301,0.064619
-5.2732e-07,0.044368,0.064657
-4.8781e-07,0.044438,0.064691
-4.4828e-07,0.044511,0.064721
-4.0887e-07,0.044588,0.064746
-3.6974e-07,0.044668,0.064766
-3.3103e-07,0.044751,0.064782
-2.9286e-07,0.044837,0.064794
-2.5535e-07,0.044925,0.0648
-2.1862e-07,0.045016,0.064802
-1.8277e-07,0.045108,0.064799
-1.479e-07,0.045202,0.064792
-1.141e-07,0.045299,0.06478
-8.1451e-08,0.045396,0.064764
-5.0017e-08,0.045495,0.064744
-1.9867e-08,0.045595,0.06472
8.9441e-09,0.045696,0.064691
3.6368e-08,0.045798,0.06466
6.2364e-08,0.045901,0.064624
8.6899e-08,0.046004,0.064586
1.0995e-07,0.046107,0.064544
1.3149e-07,0.04621,0.064501
1.5151e-07,0.046313,0.064455
1.7002e-07,0.046416,0.064407
1.8699e-07,0.046519,0.064357
2.0245e-07,0.046621,0.064307
2.164e-07,0.046723,0.064256
2.2887e-07,0.046824,0.064204
2.3987e-07,0.046924,0.064153
2.4942e-07,0.047023,0.064103
2.5757e-07,0.047121,0.064053
2.6434e-07,0.047217,0.064006
2.6977e-07,0.047313,0.06396
2.7391e-07,0.047407,0.063917
2.768e-07,0.047499,0.063878
2.7849e-07,0.04759,0.063842
2.7903e-07,0.047679,0.06381
2.7846e-07,0.047766,0.063783
2.7685e-07,0.047852,0.063761
2.7425e-07,0.047935,0.063744
2.7071e-07,0.048017,0.063734
2.6629e-07,0.048096,0.063731
2.6106e-07,0.048174,0.063735
2.5507e-07,0.048249,0.063746
2.4837e-07,0.048323,0.063766
2.4103e-07,0.048394,0.063794
2.3311e-07,0.048463,0.063832
2.2466e-07,0.048529,0.063878
2.1574e-07,0.048594,0.063934
2.0641e-07,0.048656,0.064001
1.9672e-07,0.048716,0.064078
1.8672e-07,0.048773,0.064165
1.7648e-07,0.048828,0.064264
1.6604e-07,0.048881,0.064373
1.5545e-07,0.048932,0.064494
1.4475e-07,0.04898,0.064627
1.34e-07,0.049026,0.064771
1.2324e-07,0.049069,0.064927
1.1251e-07,0.049111,0.065094
1.0185e-07,0.049149,0.065274
9.1293e-08,0.049186,0.065465
8.0882e-08,0.04922,0.065667
7.0649e-08,0.049252,0.065881
6.0624e-08,0.049281,0.066107
5.0835e-08,0.049309,0.066343
4.131e-08,0.049333,0.06659
3.2073e-08,0.049356,0.066848
2.3146e-08,0.049376,0.067116
1.4549e-08,0.049394,0.067393
6.2994e-09,0.049409,0.06768
-1.5875e-09,0.049422,0.067976
-9.098e-09,0.049433,0.068279
-1.6221e-08,0.049441,0.068591
-2.2947e-08,0.049447,0.068909
-2.9269e-08,0.049451,0.069234
-3.5182e-08,0.049452,0.069565
-4.0681e-08,0.049451,0.0699
-4.5765e-08,0.049447,0.07024
-5.0435e-08,0.049441,0.070583
-5.4691e-08,0.049433,0.070928
-5.8536e-08,0.049423,0.071275
-6.1975e-08,0.04941,0.071623
-6.5014e-08,0.049395,0.071971
-6.766e-08,0.049378,0.072318
-6.9921e-08,0.049358,0.072662
-7.1806e-08,0.049337,0.073004
-7.3326e-08,0.049313,0.073342
-7.4492e-08,0.049287,0.073674
-7.5316e-08,0.04926,0.074
-7.5811e-08,0.04923,0.07432
-7.5991e-08,0.049199,0.074631
-7.5869e-08,0.049166,0.074933
-7.5461e-08,0.049131,0.075224
-7.4781e-08,0.049095,0.075505
-7.3845e-08,0.049057,0.075773
-7.2668e-08,0.049019,0.076028
-7.1266e-08,0.048979,0.076269
-6.9656e-08,0.048939,0.076494
-6.7852e-08,0.048897,0.076704
-6.5872e-08,0.048855,0.076897
-6.373e-08,0.048813,0.077071
-6.1444e-08,0.048771,0.077227
-5.9028e-08,0.048729,0.077364
-5.6498e-08,0.048687,0.07748
-5.3869e-08,0.048645,0.077575
-5.1155e-08,0.048605,0.077649
-4.8372e-08,0.048565,0.0777
-4.5533e-08,0.048527,0.077728
-4.2652e-08,0.04849,0.077734
-3.9742e-08,0.048455,0.077715
-3.6815e-08,0.048422,0.077672
-3.3883e-08,0.048392,0.077604
-3.0959e-08,0.048364,0.077512
-2.8052e-08,0.048339,0.077395
-2.5174e-08,0.048318,0.077252
-2.2333e-08,0.0483,0.077084
-1.954e-08,0.048285,0.076891
-1.6803e-08,0.048275,0.076673
-1.413e-08,0.048269,0.076429
-1.1527e-08,0.048268,0.07616
-9.0021e-09,0.048272,0.075867
-6.5611e-09,0.048282,0.075549
-4.2093e-09,0.048296,0.075206
-1.9517e-09,0.048317,0.07484
2.0753e-10,0.048343,0.074451
2.2646e-09,0.048376,0.074039
4.2164e-09,0.048415,0.073604
6.0604e-09,0.048462,0.073148
7.7945e-09,0.048515,0.072671
9.4171e-09,0.048575,0.072174
1.0927e-08,0.048642,0.071657
1.2325e-08,0.048717,0.071122
1.3609e-08,0.0488,0.070569
1.478e-08,0.04889,0.069999
1.584e-08,0.048988,0.069413
1.6788e-08,0.049095,0.068812
1.7628e-08,0.049209,0.068196
1.836e-08,0.049331,0.067568
1.8987e-08,0.049461,0.066927
1.9512e-08,0.0496,0.066276
1.9936e-08,0.049746,0.065614
2.0264e-08,0.0499,0.064944
2.0499e-08,0.050063,0.064265
2.0643e-08,0.050233,0.06358
2.0701e-08,0.050411,0.062889
2.0677e-08,0.050596,0.062193
2.0574e-08,0.050789,0.061493
2.0396e-08,0.050989,0.060791
2.0149e-08,0.051196,0.060087
1.9835e-08,0.05141,0.059383
1.9459e-08,0.05163,0.058679
1.9027e-08,0.051856,0.057976
1.8541e-08,0.052088,0.057276
1.8006e-08,0.052325,0.05658
1.7427e-08,0.052568,0.055887
1.6809e-08,0.052815,0.0552
1.6154e-08,0.053066,0.054519
1.5468e-08,0.053322,0.053845
1.4754e-08,0.05358,0.053179
1.4018e-08,0.053841,0.052521
1.3261e-08,0.054105,0.051872
1.2489e-08,0.054371,0.051233
1.1706e-08,0.054637,0.050605
1.0913e-08,0.054905,0.049989
1.0116e-08,0.055173,0.049384
9.3177e-09,0.05544,0.048792
8.5206e-09,0.055706,0.048213
7.7281e-09,0.055971,0.047647
6.943e-09,0.056233,0.047096
6.168e-09,0.056493,0.046559
5.4056e-09,0.056749,0.046037
4.6582e-09,0.057001,0.045531
3.9279e-09,0.057248,0.04504
3.2167e-09,0.05749,0.044565
2.5265e-09,0.057726,0.044107
1.8589e-09,0.057955,0.043665
1.2155e-09,0.058178,0.04324
5.9763e-10,0.058392,0.042831
6.4458e-12,0.058598,0.04244
-5.5702e-10,0.058795,0.042066
-1.0919e-09,0.058983,0.04171
-1.5975e-09,0.059161,0.041371
-2.0732e-09,0.059327,0.041049
-2.5185e-09,0.059483,0.040745
-2.9333e-09,0.059627,0.040458
-3.3173e-09,0.059759,0.040189
-3.6705e-09,0.059878,0.039938
-3.9929e-09,0.059984,0.039703
-4.2849e-09,0.060076,0.039486
-4.5466e-09,0.060155,0.039286
-4.7785e-09,0.060219,0.039103
-4.9812e-09,0.060269,0.038937
-5.1551e-09,0.060303,0.038788
-5.301e-09,0.060323,0.038655
-5.4196e-09,0.060327,0.038539
-5.5117e-09,0.060316,0.038438
-5.5783e-09,0.060288,0.038354
-5.6203e-09,0.060245,0.038285
-5.6387e-09,0.060185,0.038231
-5.6344e-09,0.06011,0.038192
-5.6086e-09,0.060018,0.038168
-5.5625e-09,0.05991,0.038159
-5.497e-09,0.059786,0.038164
-5.4135e-09,0.059645,0.038182
-5.313e-09,0.059489,0.038214
-5.1967e-09,0.059316,0.038259
-5.0659e-09,0.059128,0.038317
-4.9217e-09,0.058925,0.038386
-4.7652e-09,0.058706,0.038468
-4.5978e-09,0.058473,0.038562
-4.4205e-09,0.058224,0.038666
-4.2345e-09,0.057962,0.038781
-4.0409e-09,0.057685,0.038907
-3.8408e-09,0.057395,0.039042
-3.6353e-09,0.057092,0.039186
-3.4254e-09,0.056777,0.03934
-3.2122e-09,0.056449,0.039502
-2.9966e-09,0.05611,0.039672
-2.7796e-09,0.055759,0.03985
-2.562e-09,0.055399,0.040034
-2.3448e-09,0.055028,0.040226
-2.1287e-09,0.054649,0.040423
-1.9146e-09,0.05426,0.040626
-1.7032e-09,0.053864,0.040835
-1.4951e-09,0.053461,0.041048
-1.291e-09,0.053051,0.041266
-1.0915e-09,0.052636,0.041487
-8.9716e-10,0.052215,0.041712
-7.0849e-10,0.05179,0.041939
-5.2594e-10,0.051362,0.042169
-3.4994e-10,0.05093,0.042401
-1.8084e-10,0.050497,0.042635
-1.8986e-11,0.050062,0.04287
1.3535e-10,0.049626,0.043105
2.8192e-10,0.049191,0.043341
4.2052e-10,0.048756,0.043576
5.51e-10,0.048323,0.043812
6.7323e-10,0.047892,0.044046
7.8713e-10,0.047464,0.044279
8.9265e-10,0.04704,0.04451
9.8978e-10,0.04662,0.04474
1.0785e-09,0.046205,0.044967
1.159e-09,0.045796,0.045192
1.2312e-09,0.045392,0.045414
1.2952e-09,0.044996,0.045632
1.3513e-09,0.044607,0.045847
1.3995e-09,0.044227,0.046059
1.4401e-09,0.043854,0.046267
1.4732e-09,0.043491,0.04647
1.4991e-09,0.043137,0.04667
1.518e-09,0.042793,0.046865
1.5301e-09,0.042459,0.047055
1.5358e-09,0.042136,0.047241
1.5353e-09,0.041825,0.047422
1.5289e-09,0.041524,0.047598
1.5169e-09,0.041235,0.04777
1.4997e-09,0.040958,0.047936
1.4774e-09,0.040693,0.048098
1.4505e-09,0.040441,0.048255
1.4193e-09,0.040201,0.048406
1.3841e-09,0.039973,0.048554
1.3452e-09,0.039759,0.048696
1.3029e-09,0.039557,0.048834
1.2576e-09,0.039368,0.048967
1.2096e-09,0.039192,0.049097
1.1592e-09,0.039028,0.049221
1.1067e-09,0.038877,0.049342
1.0523e-09,0.038739,0.049459
9.9649e-10,0.038614,0.049573
9.3944e-10,0.0385,0.049683
8.8144e-10,0.0384,0.04979
8.2276e-10,0.038311,0.049894
7.6367e-10,0.038234,0.049995
7.0441e-10,0.038169,0.050093
6.4522e-10,0.038116,0.05019
5.8632e-10,0.038073,0.050284
5.2792e-10,0.038042,0.050376
4.7023e-10,0.038021,0.050467
4.1343e-10,0.038011,0.050556
3.577e-10,0.038011,0.050644
3.0322e-10,0.03802,0.050732
2.5012e-10,0.03804,0.050818
1.9854e-10,0.038068,0.050905
1.4863e-10,0.038105,0.05099
1.0048e-10,0.038151,0.051076
5.4206e-11,0.038205,0.051162
9.8941e-12,0.038267,0.051248
-3.2377e-11,0.038336,0.051334
-7.2539e-11,0.038413,0.051421
-1.1054e-10,0.038497,0.051508
-1.4633e-10,0.038587,0.051596
-1.7987e-10,0.038683,0.051685
-2.1115e-10,0.038786,0.051774
-2.4015e-10,0.038894,0.051865
-2.6686e-10,0.039007,0.051956
-2.9129e-10,0.039126,0.052049
-3.1345e-10,0.039249,0.052142
-3.3336e-10,0.039377,0.052237
-3.5105e-10,0.03951,0.052332
-3.6656e-10,0.039646,0.052428
-3.7993e-10,0.039786,0.052525
-3.9121e-10,0.03993,0.052623
-4.0045e-10,0.040077,0.052722
-4.0772e-10,0.040227,0.052821
-4.1307e-10,0.04038,0.052921
-4.1658e-10,0.040536,0.053021
-4.1832e-10,0.040695,0.053122
-4.1836e-10,0.040856,0.053223
-4.1679e-10,0.041019,0.053324
-4.1369e-10,0.041184,0.053425
-4.0914e-10,0.041352,0.053526
-4.0323e-10,0.041521,0.053627
-3.9604e-10,0.041692,0.053727
-3.8767e-10,0.041864,0.053827
-3.7819e-10,0.042038,0.053927
-3.677e-10,0.042214,0.054025
-3.5628e-10,0.042391,0.054123
-3.4403e-10,0.042569,0.05422
-3.3102e-10,0.042748,0.054315
-3.1736e-10,0.042928,0.05441
-3.0311e-10,0.043109,0.054503
-2.8836e-10,0.043291,0.054594
-2.7319e-10,0.043474,0.054684
-2.5768e-10,0.043657,0.054773
-2.419e-10,0.043841,0.054859
-2.2594e-10,0.044026,0.054944
-2.0985e-10,0.044211,0.055027
-1.9371e-10,0.044397,0.055108
-1.7758e-10,0.044583,0.055187
-1.6152e-10,0.044769,0.055264
-1.4559e-10,0.044956,0.055338
-1.2985e-10,0.045142,0.055411
-1.1435e-10,0.045329,0.055481
-9.913e-11,0.045515,0.055549
-8.4246e-11,0.045701,0.055614
-6.9735e-11,0.045887,0.055677
-5.5637e-11,0.046073,0.055738
-4.1985e-11,0.046258,0.055797
-2.8812e-11,0.046442,0.055853
-1.6145e-11,0.046626,0.055907
-4.0107e-12,0.046809,0.055958
7.5703e-12,0.04699,0.056008
1.8579e-11,0.047171,0.056055
2.9e-11,0.04735,0.056099
3.882e-11,0.047528,0.056142
4.8031e-11,0.047705,0.056182
5.6625e-11,0.04788,0.05622
6.4598e-11,0.048053,0.056255
7.1948e-11,0.048224,0.056289
7.8677e-11,0.048394,0.05632
8.4787e-11,0.048561,0.05635
9.0285e-11,0.048725,0.056377
9.5177e-11,0.048888,0.056402
9.9473e-11,0.049048,0.056425
1.0319e-10,0.049205,0.056446
1.0633e-10,0.049359,0.056465
1.0891e-10,0.049511,0.056482
1.1096e-10,0.049659,0.056497
1.1248e-10,0.049805,0.05651
1.1349e-10,0.049947,0.056521
1.1403e-10,0.050086,0.05653
1.141e-10,0.050222,0.056537
1.1372e-10,0.050354,0.056542
1.1293e-10,0.050482,0.056545
1.1174e-10,0.050608,0.056546
1.1018e-10,0.050729,0.056546
1.0826e-10,0.050847,0.056543
1.0602e-10,0.050961,0.056538
1.0348e-10,0.051072,0.056531
1.0065e-10,0.051179,0.056522
9.7575e-11,0.051282,0.056511
9.4266e-11,0.051381,0.056498
9.0749e-11,0.051476,0.056483
8.7048e-11,0.051568,0.056466
8.3186e-11,0.051656,0.056446
7.9185e-11,0.051741,0.056424
7.5067e-11,0.051821,0.0564
7.0853e-11,0.051899,0.056374
6.6563e-11,0.051972,0.056345
6.2219e-11,0.052042,0.056314
5.7839e-11,0.052108,0.05628
5.3441e-11,0.052171,0.056244
4.9043e-11,0.052231,0.056205
4.4663e-11,0.052287,0.056164
4.0316e-11,0.05234,0.05612
3.6016e-11,0.052389,0.056074
3.178e-11,0.052435,0.056024
2.7619e-11,0.052478,0.055973
2.3546e-11,0.052518,0.055918
1.9573e-11,0.052555,0.05586
1.5709e-11,0.052589,0.0558
1.1966e-11,0.05262,0.055737
8.3508e-12,0.052648,0.05567
4.872e-12,0.052673,0.055601
1.5362e-12,0.052695,0.055529
-1.6504e-12,0.052715,0.055454
-4.6826e-12,0.052731,0.055377
-7.5562e-12,0.052745,0.055296
-1.0268e-11,0.052757,0.055212
-1.2814e-11,0.052766,0.055125
-1.5194e-11,0.052772,0.055035
-1.7405e-11,0.052776,0.054943
-1.9448e-11,0.052777,0.054847
-2.1322e-11,0.052776,0.054749
-2.3028e-11,0.052772,0.054648
-2.4568e-11,0.052767,0.054544
-2.5944e-11,0.052759,0.054437
-2.7158e-11,0.052748,0.054328
-2.8212e-11,0.052736,0.054216
-2.9111e-11,0.052721,0.054101
-2.9858e-11,0.052704,0.053984
-3.0458e-11,0.052685,0.053865
-3.0915e-11,0.052665,0.053743
-3.1235e-11,0.052642,0.05362
-3.1422e-11,0.052617,0.053494
-3.1481e-11,0.052591,0.053366
-3.142e-11,0.052562,0.053237
-3.1242e-11,0.052532,0.053106
-3.0956e-11,0.052501,0.052974
-3.0566e-11,0.052468,0.05284
-3.0079e-11,0.052433,0.052705
-2.9502e-11,0.052397,0.052569
-2.884e-11,0.05236,0.052433
-2.81e-11,0.052321,0.052296
-2.7289e-11,0.052281,0.052158
-2.6413e-11,0.052241,0.052021
-2.5478e-11,0.052199,0.051883
-2.4491e-11,0.052156,0.051746
-2.3456e-11,0.052112,0.05161
-2.2382e-11,0.052067,0.051474
-2.1272e-11,0.052022,0.051339
-2.0133e-11,0.051976,0.051206
-1.8971e-11,0.05193,0.051074
-1.779e-11,0.051883,0.050944
-1.6597e-11,0.051836,0.050816
-1.5395e-11,0.051788,0.05069
-1.4189e-11,0.05174,0.050567
-1.2985e-11,0.051692,0.050447
-1.1785e-11,0.051644,0.050329
-1.0595e-11,0.051595,0.050215
-9.4185e-12,0.051547,0.050105
-8.2582e-12,0.051498,0.049999
-7.118e-12,0.05145,0.049896
-6.0008e-12,0.051401,0.049798
-4.9095e-12,0.051353,0.049705
-3.8467e-12,0.051305,0.049616
-2.8147e-12,0.051257,0.049532
-1.8158e-12,0.051209,0.049453
-8.5178e-13,0.051161,0.049379
7.5641e-14,0.051113,0.049311
9.6501e-13,0.051066,0.049249
1.8151e-12,0.051019,0.049192
2.6247e-12,0.050971,0.049141
3.3932e-12,0.050924,0.049097
4.1198e-12,0.050878,0.049058
4.804e-12,0.050831,0.049025
5.4456e-12,0.050784,0.048999
6.0443e-12,0.050738,0.048978
6.6002e-12,0.050691,0.048964
7.1135e-12,0.050645,0.048956
7.5843e-12,0.050598,0.048954
8.0133e-12,0.050552,0.048959
8.4008e-12,0.050506,0.048969
8.7475e-12,0.050459,0.048986
9.0541e-12,0.050413,0.049008
9.3215e-12,0.050366,0.049036
9.5506e-12,0.050319,0.049069
9.7423e-12,0.050273,0.049108
9.8977e-12,0.050226,0.049153
1.0018e-11,0.050179,0.049202
1.0104e-11,0.050132,0.049257
1.0157e-11,0.050085,0.049316
1.0178e-11,0.050038,0.049379
1.0169e-11,0.049991,0.049447
1.013e-11,0.049943,0.049519
1.0063e-11,0.049896,0.049594
9.9691e-12,0.049849,0.049673
9.8496e-12,0.049802,0.049755
9.7055e-12,0.049755,0.04984
9.5381e-12,0.049709,0.049928
9.3485e-12,0.049662,0.050018
9.1378e-12,0.049616,0.05011
8.9073e-12,0.049571,0.050203
8.6579e-12,0.049525,0.050298
8.3908e-12,0.049481,0.050394
8.1068e-12,0.049437,0.050491
7.8071e-12,0.049394,0.050588
7.4925e-12,0.049351,0.050685
7.1639e-12,0.04931,0.050782
6.8223e-12,0.049269,0.050879
6.4683e-12,0.04923,0.050974
6.1028e-12,0.049192,0.051069
5.7266e-12,0.049155,0.051162
5.3403e-12,0.049119,0.051254
4.9447e-12,0.049085,0.051344
4.5403e-12,0.049053,0.051431
4.1279e-12,0.049022,0.051516
3.7079e-12,0.048992,0.051599
3.281e-12,0.048965,0.051678
2.8477e-12,0.048939,0.051755
2.4086e-12,0.048915,0.051828
1.9641e-12,0.048893,0.051897
1.5149e-12,0.048874,0.051964
1.0613e-12,0.048856,0.052026
6.0402e-13,0.04884,0.052084
1.4344e-13,0.048826,0.052139
-3.1987e-13,0.048815,0.052189
-7.8536e-13,0.048805,0.052235
-1.2525e-12,0.048798,0.052277
-1.7207e-12,0.048793,0.052315
-2.1893e-12,0.048789,0.052348
-2.6578e-12,0.048788,0.052378
-3.1254e-12,0.048789,0.052403
-3.5914e-12,0.048792,0.052423
-4.0551e-12,0.048796,0.05244
-4.5158e-12,0.048803,0.052452
-4.9726e-12,0.048811,0.052461
-5.4245e-12,0.048821,0.052465
-5.8707e-12,0.048832,0.052466
-6.3102e-12,0.048845,0.052463
-6.742e-12,0.048859,0.052457
-7.1649e-12,0.048875,0.052447
-7.5778e-12,0.048891,0.052434
-7.9795e-12,0.048909,0.052418
-8.3688e-12,0.048928,0.052399
-8.7443e-12,0.048948,0.052378
-9.1046e-12,0.048968,0.052354
-9.4484e-12,0.048989,0.052328
-9.7742e-12,0.04901,0.0523
-1.008e-11,0.049032,0.052271
-1.0365e-11,0.049054,0.05224
-1.0628e-11,0.049076,0.052207
-1.0866e-11,0.049098,0.052174
-1.1078e-11,0.04912,0.05214
-1.1262e-11,0.049141,0.052105
-1.1417e-11,0.049162,0.05207
-1.1541e-11,0.049183,0.052034
-1.1632e-11,0.049203,0.051999
-1.1689e-11,0.049223,0.051964
-1.1709e-11,0.049241,0.051929
-1.1691e-11,0.049259,0.051895
-1.1634e-11,0.049276,0.051862
-1.1536e-11,0.049292,0.051829
-1.1394e-11,0.049307,0.051798
-1.1209e-11,0.04932,0.051769
-1.0977e-11,0.049333,0.051741
-1.0699e-11,0.049344,0.051714
-1.0372e-11,0.049354,0.051689
-9.9963e-12,0.049363,0.051666
-9.5696e-12,0.04937,0.051645
-9.0914e-12,0.049376,0.051626
-8.5609e-12,0.049381,0.051609
-7.9776e-12,0.049385,0.051595
-7.3409e-12,0.049387,0.051582
-6.6506e-12,0.049388,0.051572
-5.9065e-12,0.049388,0.051564
-5.1087e-12,0.049387,0.051559
-4.2575e-12,0.049384,0.051555
-3.3535e-12,0.049381,0.051554
-2.3973e-12,0.049377,0.051555
-1.39e-12,0.049371,0.051559
-3.328e-13,0.049365,0.051564
7.7287e-13,0.049359,0.051572
1.9252e-12,0.049351,0.051582
3.1222e-12,0.049343,0.051593
4.3616e-12,0.049335,0.051607
5.6407e-12,0.049326,0.051622
6.9567e-12,0.049317,0.051638
8.3064e-12,0.049308,0.051657
9.6864e-12,0.0493,0.051676
1.1093e-11,0.049291,0.051697
1.2522e-11,0.049282,0.05172
1.3969e-11,0.049274,0.051743
1.5429e-11,0.049267,0.051767
1.6898e-11,0.04926,0.051792
1.8369e-11,0.049254,0.051817
1.9839e-11,0.049248,0.051843
2.13e-11,0.049244,0.05187
2.2748e-11,0.049241,0.051897
2.4174e-11,0.049239,0.051924
2.5574e-11,0.049239,0.05195
2.694e-11,0.04924,0.051977
2.8265e-11,0.049243,0.052004
2.9542e-11,0.049247,0.05203
3.0764e-11,0.049253,0.052056
3.1923e-11,0.049261,0.052082
3.3011e-11,0.049271,0.052107
3.4021e-11,0.049283,0.052131
3.4945e-11,0.049298,0.052154
3.5775e-11,0.049314,0.052177
3.6504e-11,0.049333,0.052199
3.7123e-11,0.049354,0.05222
3.7624e-11,0.049378,0.05224
3.8e-11,0.049404,0.05226
3.8243e-11,0.049432,0.052278
3.8346e-11,0.049463,0.052295
3.8302e-11,0.049497,0.052312
3.8102e-11,0.049533,0.052327
3.7741e-11,0.049571,0.052342
3.7212e-11,0.049612,0.052356
3.6509e-11,0.049656,0.052369
3.5626e-11,0.049702,0.052381
3.4558e-11,0.04975,0.052392
3.33e-11,0.049801,0.052403
3.1847e-11,0.049854,0.052413
3.0197e-11,0.049909,0.052422
2.8345e-11,0.049967,0.052431
2.6289e-11,0.050027,0.05244
2.4028e-11,0.050088,0.052448
2.156e-11,0.050152,0.052456
1.8886e-11,0.050217,0.052464
1.6005e-11,0.050284,0.052472
1.2919e-11,0.050353,0.052481
9.6307e-12,0.050423,0.052489
6.1432e-12,0.050495,0.052497
2.4605e-12,0.050567,0.052507
-1.4121e-12,0.050641,0.052516
-5.4685e-12,0.050715,0.052526
-9.7012e-12,0.050791,0.052537
-1.4102e-11,0.050866,0.052549
-1.8662e-11,0.050943,0.052562
-2.3369e-11,0.051019,0.052576
-2.8214e-11,0.051095,0.052591
-3.3181e-11,0.051172,0.052607
-3.8259e-11,0.051247,0.052625
-4.3432e-11,0.051323,0.052643
-4.8683e-11,0.051398,0.052664
-5.3995e-11,0.051472,0.052686
-5.9351e-11,0.051544,0.052709
-6.4729e-11,0.051616,0.052734
-7.0111e-11,0.051686,0.052761
-7.5475e-11,0.051755,0.052789
-8.0797e-11,0.051821,0.052819
-8.6054e-11,0.051886,0.052851
-9.1223e-11,0.051949,0.052885
-9.6277e-11,0.052009,0.05292
-1.0119e-10,0.052067,0.052957
-1.0594e-10,0.052122,0.052996
-1.1049e-10,0.052174,0.053037
-1.1482e-10,0.052223,0.053079
-1.189e-10,0.052269,0.053123
-1.227e-10,0.052311,0.053168
-1.2619e-10,0.05235,0.053215
-1.2935e-10,0.052386,0.053263
-1.3214e-10,0.052417,0.053313
-1.3453e-10,0.052445,0.053364
-1.3649e-10,0.052469,0.053416
-1.38e-10,0.052489,0.05347
-1.3903e-10,0.052504,0.053525
-1.3954e-10,0.052515,0.05358
-1.3952e-10,0.052522,0.053637
-1.3894e-10,0.052524,0.053694
-1.3776e-10,0.052522,0.053752
-1.3597e-10,0.052515,0.053811
-1.3354e-10,0.052504,0.05387
-1.3045e-10,0.052488,0.05393
-1.2669e-10,0.052467,0.05399
-1.2222e-10,0.052441,0.05405
-1.1705e-10,0.052411,0.054111
-1.1114e-10,0.052376,0.054171
-1.045e-10,0.052336,0.054232
-9.7105e-11,0.052292,0.054292
-8.8956e-11,0.052243,0.054352
-8.0047e-11,0.052189,0.054412
-7.0375e-11,0.052131,0.054472
-5.9943e-11,0.052068,0.054531
-4.8756e-11,0.052001,0.05459
-3.6821e-11,0.05193,0.054648
-2.4149e-11,0.051854,0.054705
-1.0757e-11,0.051775,0.054762
3.338e-12,0.051691,0.054818
1.8113e-11,0.051604,0.054873
3.3542e-11,0.051512,0.054928
4.9595e-11,0.051418,0.054982
6.6238e-11,0.05132,0.055034
8.3432e-11,0.051219,0.055086
1.0114e-10,0.051115,0.055137
1.193e-10,0.051008,0.055187
1.3788e-10,0.050898,0.055236
1.5681e-10,0.050786,0.055284
1.7605e-10,0.050672,0.055331
1.9551e-10,0.050556,0.055377
2.1515e-10,0.050438,0.055422
2.3488e-10,0.050318,0.055466
2.5464e-10,0.050198,0.055509
2.7433e-10,0.050076,0.055551
2.9389e-10,0.049953,0.055592
3.1322e-10,0.04983,0.055632
3.3224e-10,0.049707,0.055671
3.5085e-10,0.049584,0.055709
3.6896e-10,0.04946,0.055746
3.8647e-10,0.049338,0.055782
4.0328e-10,0.049216,0.055817
4.1928e-10,0.049095,0.055852
4.3438e-10,0.048975,0.055885
4.4847e-10,0.048857,0.055917
4.6143e-10,0.04874,0.055948
4.7317e-10,0.048625,0.055978
4.8357e-10,0.048513,0.056008
4.9253e-10,0.048403,0.056036
4.9994e-10,0.048295,0.056063
5.0569e-10,0.04819,0.056089
5.0968e-10,0.048089,0.056115
5.1181e-10,0.04799,0.056139
5.1197e-10,0.047896,0.056162
5.1007e-10,0.047804,0.056184
5.0602e-10,0.047717,0.056204
4.9971e-10,0.047633,0.056224
4.9108e-10,0.047554,0.056242
4.8004e-10,0.047479,0.056259
4.6651e-10,0.047408,0.056274
4.5043e-10,0.047342,0.056288
4.3174e-10,0.04728,0.0563
4.1038e-10,0.047223,0.056311
3.8631e-10,0.047171,0.05632
3.5949e-10,0.047124,0.056327
3.299e-10,0.047081,0.056333
2.9751e-10,0.047044,0.056336
2.6233e-10,0.047011,0.056338
2.2436e-10,0.046983,0.056337
1.8361e-10,0.046961,0.056335
1.4011e-10,0.046943,0.05633
9.3902e-11,0.046929,0.056323
4.5039e-11,0.046921,0.056314
-6.4119e-12,0.046917,0.056302
-6.037e-11,0.046918,0.056288
-1.1674e-10,0.046924,0.056271
-1.7542e-10,0.046933,0.056252
-2.3627e-10,0.046947,0.056231
-2.9917e-10,0.046966,0.056206
-3.6395e-10,0.046988,0.05618
-4.3045e-10,0.047014,0.05615
-4.9848e-10,0.047043,0.056118
-5.6785e-10,0.047076,0.056083
-6.3834e-10,0.047112,0.056046
-7.0972e-10,0.047152,0.056006
-7.8174e-10,0.047194,0.055964
-8.5415e-10,0.047239,0.055919
-9.2667e-10,0.047286,0.055872
-9.9902e-10,0.047336,0.055822
-1.0709e-09,0.047388,0.05577
-1.142e-09,0.047441,0.055716
-1.2119e-09,0.047497,0.05566
-1.2804e-09,0.047553,0.055601
-1.3471e-09,0.047611,0.055541
-1.4116e-09,0.04767,0.05548
-1.4736e-09,0.04773,0.055416
-1.5327e-09,0.04779,0.055351
-1.5886e-09,0.047851,0.055285
-1.6407e-09,0.047912,0.055218
-1.6888e-09,0.047973,0.05515
-1.7324e-09,0.048033,0.055081
-1.7711e-09,0.048094,0.055011
-1.8046e-09,0.048154,0.054942
-1.8324e-09,0.048213,0.054872
-1.8542e-09,0.048271,0.054802
-1.8696e-09,0.048329,0.054732
-1.8782e-09,0.048385,0.054663
-1.8796e-09,0.04844,0.054594
-1.8735e-09,0.048493,0.054526
-1.8595e-09,0.048545,0.05446
-1.8373e-09,0.048596,0.054395
-1.8065e-09,0.048644,0.054331
-1.767e-09,0.048691,0.054269
-1.7183e-09,0.048735,0.05421
-1.6603e-09,0.048777,0.054152
-1.5928e-09,0.048818,0.054097
-1.5155e-09,0.048856,0.054044
-1.4282e-09,0.048891,0.053994
-1.3309e-09,0.048924,0.053948
-1.2234e-09,0.048955,0.053904
-1.1056e-09,0.048983,0.053864
-9.776e-10,0.049009,0.053828
-8.3932e-10,0.049032,0.053795
-6.9084e-10,0.049052,0.053766
-5.3226e-10,0.04907,0.053741
-3.6372e-10,0.049084,0.05372
-1.8541e-10,0.049097,0.053703
2.435e-12,0.049106,0.053691
1.9952e-10,0.049113,0.053683
4.055e-10,0.049117,0.053679
6.1998e-10,0.049118,0.05368
8.4252e-10,0.049117,0.053686
1.0726e-09,0.049113,0.053696
1.3097e-09,0.049106,0.053711
1.5531e-09,0.049097,0.053731
1.8023e-09,0.049085,0.053755
2.0565e-09,0.049071,0.053783
2.3148e-09,0.049054,0.053817
2.5765e-09,0.049035,0.053854
2.8407e-09,0.049014,0.053896
3.1064e-09,0.048991,0.053943
3.3726e-09,0.048965,0.053993
3.6383e-09,0.048938,0.054048
3.9023e-09,0.048908,0.054106
4.1636e-09,0.048877,0.054169
4.4209e-09,0.048845,0.054234
4.673e-09,0.04881,0.054304
4.9187e-09,0.048775,0.054376
5.1565e-09,0.048738,0.054452
5.3852e-09,0.0487,0.05453
5.6034e-09,0.048661,0.054611
5.8096e-09,0.048621,0.054694
6.0025e-09,0.04858,0.054779
6.1807e-09,0.048539,0.054866
6.3426e-09,0.048498,0.054955
6.4869e-09,0.048456,0.055045
6.612e-09,0.048414,0.055136
6.7165e-09,0.048373,0.055227
6.7991e-09,0.048331,0.05532
6.8582e-09,0.04829,0.055412
6.8925e-09,0.04825,0.055504
6.9006e-09,0.04821,0.055596
6.8812e-09,0.048171,0.055688
6.833e-09,0.048133,0.055778
6.7548e-09,0.048096,0.055867
6.6455e-09,0.04806,0.055955
6.5039e-09,0.048026,0.056041
6.329e-09,0.047993,0.056125
6.1199e-09,0.047962,0.056206
5.8758e-09,0.047933,0.056286
5.5959e-09,0.047906,0.056362
5.2796e-09,0.047881,0.056436
4.9263e-09,0.047857,0.056506
4.5358e-09,0.047836,0.056573
4.1077e-09,0.047817,0.056637
3.6418e-09,0.047801,0.056697
3.1384e-09,0.047786,0.056753
2.5974e-09,0.047774,0.056805
2.0193e-09,0.047765,0.056853
1.4046e-09,0.047758,0.056897
7.539e-10,0.047753,0.056937
6.8137e-11,0.047751,0.056972
-6.5167e-10,0.047751,0.057002
-1.4043e-09,0.047754,0.057029
-2.1883e-09,0.047759,0.05705
-3.002e-09,0.047766,0.057067
-3.8437e-09,0.047775,0.05708
-4.7113e-09,0.047787,0.057088
-5.6025e-09,0.047801,0.057091
-6.515e-09,0.047817,0.05709
-7.4461e-09,0.047834,0.057085
-8.3929e-09,0.047854,0.057075
-9.3524e-09,0.047875,0.057061
-1.0321e-08,0.047898,0.057043
-1.1296e-08,0.047922,0.057021
-1.2273e-08,0.047947,0.056995
-1.3249e-08,0.047973,0.056965
-1.4219e-08,0.048001,0.056932
-1.518e-08,0.048029,0.056895
-1.6126e-08,0.048058,0.056855
-1.7054e-08,0.048088,0.056812
-1.7958e-08,0.048118,0.056766
-1.8834e-08,0.048148,0.056718
-1.9678e-08,0.048178,0.056666
-2.0483e-08,0.048208,0.056613
-2.1245e-08,0.048237,0.056557
-2.1959e-08,0.048266,0.0565
-2.2619e-08,0.048295,0.05644
-2.322e-08,0.048323,0.05638
-2.3757e-08,0.048349,0.056318
-2.4224e-08,0.048375,0.056254
-2.4616e-08,0.0484,0.05619
-2.4928e-08,0.048423,0.056126
-2.5155e-08,0.048444,0.05606
-2.5291e-08,0.048465,0.055995
-2.5331e-08,0.048483,0.055929
-2.5271e-08,0.0485,0.055864
-2.5106e-08,0.048515,0.055798
-2.4831e-08,0.048528,0.055733
-2.4442e-08,0.048538,0.055669
-2.3935e-08,0.048547,0.055605
-2.3307e-08,0.048554,0.055542
-2.2553e-08,0.048559,0.05548
-2.1671e-08,0.048561,0.055419
-2.0657e-08,0.048561,0.055359
-1.9511e-08,0.04856,0.055301
-1.8229e-08,0.048556,0.055244
-1.681e-08,0.048549,0.055188
-1.5253e-08,0.048541,0.055133
-1.3558e-08,0.048531,0.05508
-1.1725e-08,0.048519,0.055029
-9.7536e-09,0.048504,0.054979
-7.6461e-09,0.048488,0.054931
-5.4037e-09,0.04847,0.054885
-3.0292e-09,0.048451,0.05484
-5.2537e-10,0.04843,0.054796
2.1038e-09,0.048407,0.054755
4.854e-09,0.048383,0.054715
7.72e-09,0.048358,0.054676
1.0696e-08,0.048331,0.054639
1.3775e-08,0.048304,0.054604
1.695e-08,0.048276,0.054569
2.0213e-08,0.048247,0.054537
2.3555e-08,0.048217,0.054505
2.6967e-08,0.048188,0.054475
3.0437e-08,0.048158,0.054446
3.3955e-08,0.048127,0.054418
3.7509e-08,0.048097,0.054392
4.1087e-08,0.048068,0.054366
4.4674e-08,0.048038,0.054341
4.8257e-08,0.048009,0.054317
5.1822e-08,0.047981,0.054294
5.5353e-08,0.047954,0.054271
5.8834e-08,0.047927,0.054249
6.2248e-08,0.047902,0.054228
6.5579e-08,0.047879,0.054207
6.8809e-08,0.047856,0.054187
7.1919e-08,0.047836,0.054167
7.4892e-08,0.047817,0.054147
7.7709e-08,0.0478,0.054127
8.035e-08,0.047784,0.054108
8.2796e-08,0.047772,0.054089
8.5028e-08,0.047761,0.05407
8.7025e-08,0.047753,0.054051
8.877e-08,0.047747,0.054032
9.0241e-08,0.047743,0.054013
9.142e-08,0.047743,0.053994
9.2287e-08,0.047745,0.053975
9.2824e-08,0.04775,0.053956
9.3012e-08,0.047757,0.053937
9.2833e-08,0.047768,0.053918
9.227e-08,0.047781,0.0539
9.1306e-08,0.047798,0.053881
8.9925e-08,0.047817,0.053863
8.8113e-08,0.04784,0.053845
8.5855e-08,0.047866,0.053827
8.3139e-08,0.047894,0.05381
7.9952e-08,0.047926,0.053793
7.6286e-08,0.047961,0.053777
7.213e-08,0.047998,0.053762
6.7478e-08,0.048039,0.053747
6.2325e-08,0.048082,0.053734
5.6665e-08,0.048128,0.053721
5.0497e-08,0.048177,0.05371
4.3821e-08,0.048229,0.053699
3.6639e-08,0.048283,0.053691
2.8956e-08,0.04834,0.053684
2.0776e-08,0.048399,0.053678
1.211e-08,0.04846,0.053675
2.9676e-09,0.048524,0.053673
-6.6371e-09,0.048589,0.053673
-1.6688e-08,0.048656,0.053676
-2.7167e-08,0.048725,0.053681
-3.8052e-08,0.048796,0.053688
-4.932e-08,0.048868,0.053698
-6.0944e-08,0.048941,0.05371
-7.2894e-08,0.049015,0.053725
-8.5138e-08,0.04909,0.053743
-9.7641e-08,0.049165,0.053764
-1.1037e-07,0.049242,0.053788
-1.2327e-07,0.049318,0.053815
-1.3631e-07,0.049395,0.053844
-1.4945e-07,0.049471,0.053877
-1.6263e-07,0.049547,0.053913
-1.758e-07,0.049623,0.053952
-1.8891e-07,0.049698,0.053994
-2.019e-07,0.049772,0.054039
-2.1472e-07,0.049845,0.054087
-2.273e-07,0.049917,0.054138
-2.3958e-07,0.049987,0.054192
-2.515e-07,0.050056,0.054249
-2.6299e-07,0.050123,0.054308
-2.7398e-07,0.050188,0.05437
-2.8441e-07,0.050251,0.054435
-2.9421e-07,0.050311,0.054503
-3.033e-07,0.05037,0.054572
-3.1161e-07,0.050425,0.054644
-3.1908e-07,0.050478,0.054718
-3.2562e-07,0.050528,0.054794
-3.3118e-07,0.050576,0.054872
-3.3567e-07,0.05062,0.054952
-3.3903e-07,0.050661,0.055032
-3.4118e-07,0.0507,0.055114
-3.4207e-07,0.050735,0.055198
-3.4162e-07,0.050766,0.055282
-3.3977e-07,0.050795,0.055366
-3.3646e-07,0.05082,0.055452
-3.3163e-07,0.050842,0.055537
-3.2523e-07,0.050861,0.055623
-3.172e-07,0.050877,0.055708
-3.075e-07,0.050889,0.055794
-2.9608e-07,0.050898,0.055878
-2.8292e-07,0.050904,0.055962
-2.6796e-07,0.050907,0.056045
-2.512e-07,0.050907,0.056127
-2.326e-07,0.050904,0.056208
-2.1215e-07,0.050898,0.056287
-1.8984e-07,0.050889,0.056365
-1.6568e-07,0.050878,0.056441
-1.3967e-07,0.050864,0.056515
-1.1182e-07,0.050847,0.056587
-8.2162e-08,0.050828,0.056656
-5.0721e-08,0.050807,0.056723
-1.7539e-08,0.050784,0.056787
1.7336e-08,0.050758,0.056849
5.3844e-08,0.050731,0.056908
9.1918e-08,0.050702,0.056964
1.3148e-07,0.050671,0.057017
1.7244e-07,0.050638,0.057067
2.1471e-07,0.050604,0.057114
2.5817e-07,0.050569,0.057158
3.0271e-07,0.050532,0.057198
3.482e-07,0.050495,0.057235
3.945e-07,0.050456,0.057268
4.4147e-07,0.050416,0.057298
4.8894e-07,0.050376,0.057325
5.3675e-07,0.050334,0.057348
5.8471e-07,0.050292,0.057368
6.3265e-07,0.05025,0.057384
6.8037e-07,0.050207,0.057397
7.2765e-07,0.050163,0.057407
7.7429e-07,0.050119,0.057413
8.2007e-07,0.050075,0.057416
8.6476e-07,0.050031,0.057415
9.0811e-07,0.049986,0.057412
9.499e-07,0.049941,0.057405
9.8986e-07,0.049896,0.057395
1.0278e-06,0.049851,0.057383
1.0633e-06,0.049806,0.057367
1.0963e-06,0.049761,0.057349
1.1264e-06,0.049715,0.057328
1.1534e-06,0.04967,0.057305
1.1771e-06,0.049624,0.057279
1.1971e-06,0.049578,0.05725
1.2132e-06,0.049532,0.05722
1.2251e-06,0.049486,0.057187
1.2326e-06,0.04944,0.057153
1.2355e-06,0.049394,0.057116
1.2334e-06,0.049347,0.057078
1.2262e-06,0.0493,0.057039
1.2137e-06,0.049253,0.056998
1.1955e-06,0.049205,0.056955
1.1716e-06,0.049158,0.056912
1.1417e-06,0.049109,0.056867
1.1057e-06,0.04906,0.056821
1.0634e-06,0.049011,0.056775
1.0146e-06,0.048961,0.056728
9.5925e-07,0.048911,0.05668
8.9726e-07,0.04886,0.056632
8.2853e-07,0.048808,0.056584
7.5301e-07,0.048756,0.056535
6.7068e-07,0.048703,0.056486
5.8153e-07,0.048649,0.056438
4.8559e-07,0.048595,0.056389
3.8292e-07,0.048541,0.05634
2.736e-07,0.048485,0.056291
1.5776e-07,0.048429,0.056243
3.5535e-08,0.048373,0.056195
-9.2878e-08,0.048316,0.056147
-2.2726e-07,0.048259,0.056099
-3.6736e-07,0.048201,0.056052
-5.1288e-07,0.048143,0.056005
-6.6349e-07,0.048084,0.055959
-8.1883e-07,0.048026,0.055913
-9.7849e-07,0.047968,0.055868
-1.142e-06,0.04791,0.055823
-1.3089e-06,0.047852,0.055778
-1.4787e-06,0.047794,0.055734
-1.6508e-06,0.047737,0.05569
-1.8246e-06,0.047681,0.055646
-1.9995e-06,0.047625,0.055603
-2.1747e-06,0.047571,0.05556
-2.3496e-06,0.047517,0.055517
-2.5235e-06,0.047466,0.055474
-2.6955e-06,0.047415,0.055431
-2.8648e-06,0.047367,0.055389
-3.0306e-06,0.04732,0.055346
-3.192e-06,0.047276,0.055303
-3.3481e-06,0.047234,0.05526
-3.4979e-06,0.047195,0.055216
-3.6405e-06,0.047158,0.055173
-3.775e-06,0.047124,0.055129
-3.9002e-06,0.047094,0.055084
-4.0152e-06,0.047067,0.055039
-4.1189e-06,0.047044,0.054994
-4.2104e-06,0.047024,0.054948
-4.2885e-06,0.047009,0.054901
-4.3522e-06,0.046998,0.054853
-4.4005e-06,0.046991,0.054805
-4.4322e-06,0.046988,0.054756
-4.4464e-06,0.04699,0.054707
-4.4421e-06,0.046997,0.054656
-4.4181e-06,0.047009,0.054605
-4.3736e-06,0.047026,0.054553
-4.3075e-06,0.047048,0.0545
-4.2189e-06,0.047075,0.054447
-4.107e-06,0.047107,0.054393
-3.9708e-06,0.047145,0.054338
-3.8095e-06,0.047188,0.054283
-3.6224e-06,0.047236,0.054227
-3.4087e-06,0.047289,0.054171
-3.1678e-06,0.047347,0.054115
-2.8991e-06,0.047411,0.054058
-2.6021e-06,0.04748,0.054001
-2.2763e-06,0.047553,0.053944
-1.9213e-06,0.047632,0.053887
-1.5369e-06,0.047715,0.053831
-1.1228e-06,0.047802,0.053775
-6.7893e-07,0.047894,0.05372
-2.0529e-07,0.04799,0.053666
2.9807e-07,0.04809,0.053612
8.3097e-07,0.048194,0.05356
1.3931e-06,0.048301,0.053509
1.9841e-06,0.048411,0.05346
2.6035e-06,0.048524,0.053413
3.2507e-06,0.048639,0.053367
3.9248e-06,0.048756,0.053324
4.6251e-06,0.048876,0.053284
5.3507e-06,0.048996,0.053246
6.1004e-06,0.049118,0.053212
6.8731e-06,0.049241,0.05318
7.6674e-06,0.049364,0.053153
8.4819e-06,0.049487,0.053129
9.3151e-06,0.04961,0.053109
1.0165e-05,0.049732,0.053093
1.1031e-05,0.049853,0.053081
1.191e-05,0.049973,0.053075
1.28e-05,0.05009,0.053073
1.37e-05,0.050206,0.053076
1.4607e-05,0.050319,0.053085
1.5519e-05,0.050429,0.053099
1.6434e-05,0.050535,0.053119
1.7349e-05,0.050638,0.053145
1.8261e-05,0.050737,0.053177
1.917e-05,0.050832,0.053215
2.007e-05,0.050922,0.053259
2.0961e-05,0.051007,0.053309
2.184e-05,0.051087,0.053367
2.2703e-05,0.051162,0.05343
2.3549e-05,0.051231,0.0535
2.4374e-05,0.051294,0.053577
2.5176e-05,0.05135,0.053661
2.5952e-05,0.051401,0.053751
2.67e-05,0.051445,0.053848
2.7417e-05,0.051482,0.053952
2.8101e-05,0.051512,0.054062
2.875e-05,0.051536,0.054178
2.936e-05,0.051552,0.054302
2.9931e-05,0.051562,0.054431
3.0459e-05,0.051564,0.054566
3.0943e-05,0.051559,0.054708
3.1381e-05,0.051547,0.054855
3.1772e-05,0.051528,0.055008
3.2114e-05,0.051502,0.055167
3.2405e-05,0.051469,0.055331
3.2645e-05,0.051428,0.0555
3.2833e-05,0.051381,0.055674
3.2967e-05,0.051327,0.055852
3.3048e-05,0.051267,0.056035
3.3075e-05,0.0512,0.056222
3.3048e-05,0.051127,0.056412
3.2967e-05,0.051047,0.056607
3.2833e-05,0.050962,0.056804
3.2645e-05,0.050871,0.057004
3.2405e-05,0.050775,0.057207
3.2114e-05,0.050673,0.057413
3.1772e-05,0.050567,0.05762
3.1381e-05,0.050456,0.057829
3.0943e-05,0.050341,0.05804
3.0459e-05,0.050221,0.058251
2.9931e-05,0.050098,0.058464
2.936e-05,0.049971,0.058677
2.875e-05,0.049842,0.058891
2.8101e-05,0.049709,0.059104
2.7417e-05,0.049574,0.059317
2.67e-05,0.049437,0.059529
2.5952e-05,0.049298,0.059741
2.5176e-05,0.049157,0.059951
2.4374e-05,0.049016,0.06016
2.3549e-05,0.048873,0.060367
2.2703e-05,0.04873,0.060572
2.184e-05,0.048587,0.060775
2.0961e-05,0.048443,0.060976
2.007e-05,0.048301,0.061174
1.917e-05,0.048159,0.061369
1.8261e-05,0.048018,0.061561
1.7349e-05,0.047878,0.061749
1.6434e-05,0.04774,0.061934
1.5519e-05,0.047604,0.062116
1.4607e-05,0.04747,0.062293
1.37e-05,0.047338,0.062466
1.28e-05,0.047209,0.062635
1.191e-05,0.047083,0.062799
1.1031e-05,0.04696,0.062959
1.0165e-05,0.04684,0.063114
9.3151e-06,0.046724,0.063263
8.4819e-06,0.046611,0.063408
7.6674e-06,0.046503,0.063547
6.8731e-06,0.046398,0.063681
6.1004e-06,0.046298,0.063809
5.3507e-06,0.046202,0.063932
4.6251e-06,0.046111,0.064048
3.9248e-06,0.046024,0.064159
3.2507e-06,0.045942,0.064263
2.6035e-06,0.045864,0.064361
1.9841e-06,0.045792,0.064453
1.3931e-06,0.045724,0.064539
8.3097e-07,0.045662,0.064618
2.9807e-07,0.045604,0.06469
-2.0529e-07,0.045552,0.064756
-6.7893e-07,0.045504,0.064814
-1.1228e-06,0.045462,0.064866
-1.5369e-06,0.045425,0.064911
-1.9213e-06,0.045393,0.064949
-2.2763e-06,0.045366,0.06498
-2.6021e-06,0.045344,0.065004
-2.8991e-06,0.045327,0.065021
-3.1678e-06,0.045315,0.065031
-3.4087e-06,0.045308,0.065033
-3.6224e-06,0.045306,0.065029
-3.8095e-06,0.045308,0.065017
-3.9708e-06,0.045315,0.064998
-4.107e-06,0.045327,0.064972
-4.2189e-06,0.045343,0.064938
-4.3075e-06,0.045363,0.064898
-4.3736e-06,0.045388,0.06485
-4.4181e-06,0.045417,0.064796
-4.4421e-06,0.04545,0.064734
-4.4464e-06,0.045487,0.064666
-4.4322e-06,0.045527,0.06459
-4.4005e-06,0.045571,0.064508
-4.3522e-06,0.045619,0.064419
-4.2885e-06,0.04567,0.064323
-4.2104e-06,0.045725,0.064221
-4.1189e-06,0.045782,0.064113
-4.0152e-06,0.045842,0.063998
-3.9002e-06,0.045905,0.063877
-3.775e-06,0.045971,0.06375
-3.6405e-06,0.046039,0.063617
-3.4979e-06,0.046109,0.063479
-3.3481e-06,0.046182,0.063335
-3.192e-06,0.046256,0.063185
-3.0306e-06,0.046333,0.06303
-2.8648e-06,0.046411,0.06287
-2.6955e-06,0.04649,0.062705
-2.5235e-06,0.046571,0.062536
-2.3496e-06,0.046653,0.062362
-2.1747e-06,0.046736,0.062184
-1.9995e-06,0.04682,0.062001
-1.8246e-06,0.046905,0.061815
-1.6508e-06,0.04699,0.061625
-1.4787e-06,0.047075,0.061432
-1.3089e-06,0.047161,0.061235
-1.142e-06,0.047247,0.061036
-9.7849e-07,0.047333,0.060834
-8.1883e-07,0.047419,0.060629
-6.6349e-07,0.047505,0.060422
-5.1288e-07,0.04759,0.060213
-3.6736e-07,0.047675,0.060002
-2.2726e-07,0.047759,0.05979
-9.2878e-08,0.047842,0.059577
3.5535e-08,0.047924,0.059362
1.5776e-07,0.048005,0.059147
2.736e-07,0.048085,0.058931
3.8292e-07,0.048163,0.058715
4.8559e-07,0.04824,0.0585
5.8153e-07,0.048316,0.058284
6.7068e-07,0.04839,0.058069
7.5301e-07,0.048462,0.057855
8.2853e-07,0.048532,0.057642
8.9726e-07,0.048601,0.05743
9.5925e-07,0.048668,0.05722
1.0146e-06,0.048732,0.057012
1.0634e-06,0.048794,0.056806
1.1057e-06,0.048855,0.056602
1.1417e-06,0.048912,0.056401
1.1716e-06,0.048968,0.056203
1.1955e-06,0.049021,0.056008
1.2137e-06,0.049072,0.055816
1.2262e-06,0.04912,0.055627
1.2334e-06,0.049165,0.055443
1.2355e-06,0.049208,0.055262
1.2326e-06,0.049249,0.055086
1.2251e-06,0.049287,0.054914
1.2132e-06,0.049322,0.054747
1.1971e-06,0.049354,0.054584
1.1771e-06,0.049384,0.054426
1.1534e-06,0.049411,0.054274
1.1264e-06,0.049436,0.054127
1.0963e-06,0.049457,0.053985
1.0633e-06,0.049476,0.053849
1.0278e-06,0.049493,0.053719
9.8986e-07,0.049506,0.053594
9.499e-07,0.049517,0.053476
9.0811e-07,0.049526,0.053363
8.6476e-07,0.049532,0.053257
8.2007e-07,0.049535,0.053157
7.7429e-07,0.049535,0.053064
7.2765e-07,0.049533,0.052977
6.8037e-07,0.049529,0.052896
6.3265e-07,0.049522,0.052822
5.8471e-07,0.049513,0.052755
5.3675e-07,0.049501,0.052694
4.8894e-07,0.049488,0.05264
4.4147e-07,0.049471,0.052593
3.945e-07,0.049453,0.052552
3.482e-07,0.049433,0.052519
3.0271e-07,0.04941,0.052491
2.5817e-07,0.049385,0.052471
2.1471e-07,0.049359,0.052457
1.7244e-07,0.04933,0.052449
1.3148e-07,0.0493,0.052448
9.1918e-08,0.049268,0.052454
5.3844e-08,0.049235,0.052466
1.7336e-08,0.049199,0.052484
-1.7538e-08,0.049163,0.052508
-5.0721e-08,0.049124,0.052539
-8.2162e-08,0.049085,0.052575
-1.1182e-07,0.049044,0.052618
-1.3967e-07,0.049002,0.052666
-1.6568e-07,0.048959,0.05272
-1.8984e-07,0.048915,0.052779
-2.1215e-07,0.04887,0.052844
-2.326e-07,0.048824,0.052914
-2.512e-07,0.048778,0.052989
-2.6796e-07,0.048731,0.053069
-2.8292e-07,0.048684,0.053154
-2.9608e-07,0.048636,0.053244
-3.075e-07,0.048588,0.053338
-3.172e-07,0.048539,0.053437
-3.2523e-07,0.048491,0.053539
-3.3163e-07,0.048442,0.053646
-3.3646e-07,0.048394,0.053757
-3.3977e-07,0.048346,0.053871
-3.4162e-07,0.048298,0.053989
-3.4207e-07,0.04825,0.05411
-3.4118e-07,0.048203,0.054234
-3.3903e-07,0.048157,0.054361
-3.3567e-07,0.048111,0.054491
-3.3118e-07,0.048066,0.054623
-3.2562e-07,0.048021,0.054758
-3.1908e-07,0.047978,0.054895
-3.1161e-07,0.047935,0.055034
-3.033e-07,0.047894,0.055175
-2.9421e-07,0.047854,0.055317
-2.8441e-07,0.047815,0.055461
-2.7398e-07,0.047777,0.055606
-2.6299e-07,0.04774,0.055752
-2.515e-07,0.047705,0.055899
-2.3958e-07,0.047671,0.056047
-2.273e-07,0.047639,0.056195
-2.1472e-07,0.047608,0.056343
-2.019e-07,0.047579,0.056491
-1.8891e-07,0.047551,0.056639
-1.758e-07,0.047525,0.056787
-1.6263e-07,0.047501,0.056934
-1.4945e-07,0.047478,0.05708
-1.3632e-07,0.047457,0.057225
-1.2327e-07,0.047438,0.057369
-1.1037e-07,0.047421,0.057512
-9.7642e-08,0.047405,0.057653
-8.5138e-08,0.047391,0.057792
-7.2894e-08,0.047379,0.05793
-6.0944e-08,0.047369,0.058065
-4.9321e-08,0.04736,0.058198
-3.8053e-08,0.047354,0.058328
-2.7168e-08,0.047349,0.058456
-1.6689e-08,0.047346,0.058581
-6.6378e-09,0.047345,0.058703
2.9669e-09,0.047345,0.058821
1.2109e-08,0.047348,0.058937
2.0776e-08,0.047352,0.059049
2.8955e-08,0.047358,0.059157
3.6639e-08,0.047366,0.059262
4.3821e-08,0.047375,0.059363
5.0497e-08,0.047386,0.05946
5.6664e-08,0.047399,0.059553
6.2324e-08,0.047414,0.059641
6.7478e-08,0.04743,0.059726
7.213e-08,0.047448,0.059807
7.6286e-08,0.047468,0.059883
7.9952e-08,0.047489,0.059955
8.3139e-08,0.047512,0.060023
8.5855e-08,0.047536,0.060086
8.8113e-08,0.047562,0.060145
8.9925e-08,0.04759,0.0602
9.1306e-08,0.047618,0.06025
9.227e-08,0.047649,0.060296
9.2834e-08,0.04768,0.060337
9.3013e-08,0.047713,0.060375
9.2825e-08,0.047747,0.060408
9.2288e-08,0.047783,0.060437
9.1421e-08,0.047819,0.060462
9.0242e-08,0.047857,0.060483
8.8771e-08,0.047895,0.0605
8.7027e-08,0.047935,0.060513
8.5029e-08,0.047975,0.060522
8.2797e-08,0.048017,0.060528
8.0351e-08,0.048059,0.060531
7.7711e-08,0.048101,0.06053
7.4894e-08,0.048145,0.060526
7.1921e-08,0.048189,0.060518
6.8811e-08,0.048233,0.060508
6.5581e-08,0.048277,0.060495
6.2251e-08,0.048322,0.060479
5.8836e-08,0.048367,0.06046
5.5355e-08,0.048413,0.06044
5.1825e-08,0.048458,0.060416
4.826e-08,0.048503,0.060391
4.4677e-08,0.048548,0.060364
4.1089e-08,0.048593,0.060335
3.7512e-08,0.048637,0.060304
3.3958e-08,0.048681,0.060271
3.044e-08,0.048725,0.060237
2.697e-08,0.048768,0.060202
2.3558e-08,0.048811,0.060166
2.0216e-08,0.048852,0.060128
1.6953e-08,0.048894,0.06009
1.3778e-08,0.048934,0.06005
1.0699e-08,0.048974,0.06001
7.7227e-09,0.049012,0.059969
4.8566e-09,0.04905,0.059928
2.1064e-09,0.049087,0.059887
-5.2294e-10,0.049123,0.059845
-3.0268e-09,0.049158,0.059802
-5.4015e-09,0.049192,0.05976
-7.644e-09,0.049224,0.059717
-9.7517e-09,0.049256,0.059675
-1.1723e-08,0.049287,0.059632
-1.3557e-08,0.049316,0.05959
-1.5252e-08,0.049345,0.059547
-1.6809e-08,0.049373,0.059505
-1.8228e-08,0.049399,0.059463
-1.951e-08,0.049425,0.059421
-2.0657e-08,0.04945,0.05938
-2.1671e-08,0.049473,0.059339
-2.2553e-08,0.049496,0.059298
-2.3307e-08,0.049518,0.059258
-2.3936e-08,0.04954,0.059217
-2.4443e-08,0.04956,0.059178
-2.4832e-08,0.04958,0.059138
-2.5108e-08,0.0496,0.059099
-2.5273e-08,0.049618,0.059061
-2.5334e-08,0.049637,0.059023
-2.5294e-08,0.049655,0.058985
-2.5158e-08,0.049672,0.058948
-2.4932e-08,0.049689,0.058911
-2.462e-08,0.049706,0.058875
-2.4229e-08,0.049723,0.058839
-2.3762e-08,0.04974,0.058804
-2.3225e-08,0.049757,0.058769
-2.2625e-08,0.049774,0.058735
-2.1965e-08,0.04979,0.058701
-2.1252e-08,0.049807,0.058667
-2.049e-08,0.049825,0.058634
-1.9685e-08,0.049842,0.058601
-1.8842e-08,0.04986,0.058569
-1.7966e-08,0.049877,0.058537
-1.7062e-08,0.049896,0.058506
-1.6135e-08,0.049914,0.058476
-1.5188e-08,0.049933,0.058445
-1.4228e-08,0.049952,0.058416
-1.3258e-08,0.049972,0.058387
-1.2283e-08,0.049991,0.058358
-1.1306e-08,0.050011,0.05833
-1.0331e-08,0.050032,0.058302
-9.3625e-09,0.050052,0.058275
-8.4031e-09,0.050073,0.058249
-7.4564e-09,0.050094,0.058223
-6.5254e-09,0.050114,0.058198
-5.6129e-09,0.050135,0.058174
-4.7216e-09,0.050156,0.05815
-3.8539e-09,0.050176,0.058127
-3.0121e-09,0.050197,0.058105
-2.1981e-09,0.050217,0.058083
-1.4139e-09,0.050236,0.058062
-6.61e-10,0.050255,0.058042
5.9149e-11,0.050274,0.058023
7.4531e-10,0.050291,0.058005
1.3964e-09,0.050308,0.057988
2.0117e-09,0.050324,0.057971
2.5903e-09,0.050338,0.057956
3.1319e-09,0.050352,0.057942
3.6361e-09,0.050364,0.057928
4.1026e-09,0.050375,0.057916
4.5315e-09,0.050384,0.057905
4.9229e-09,0.050392,0.057895
5.277e-09,0.050398,0.057886
5.5943e-09,0.050402,0.057878
5.8752e-09,0.050404,0.057872
6.1204e-09,0.050405,0.057867
6.3306e-09,0.050403,0.057863
6.5066e-09,0.050398,0.057861
6.6494e-09,0.050392,0.05786
6.76e-09,0.050383,0.05786
6.8395e-09,0.050372,0.057862
6.889e-09,0.050358,0.057865
6.9097e-09,0.050341,0.057869
6.903e-09,0.050322,0.057875
6.8701e-09,0.0503,0.057882
6.8124e-09,0.050276,0.057891
6.7314e-09,0.050248,0.057902
6.6283e-09,0.050218,0.057913
6.5046e-09,0.050185,0.057927
6.3618e-09,0.050149,0.057941
6.2014e-09,0.050111,0.057958
6.0247e-09,0.05007,0.057975
5.8332e-09,0.050025,0.057994
5.6283e-09,0.049978,0.058014
5.4115e-09,0.049929,0.058036
5.1842e-09,0.049876,0.058059
4.9476e-09,0.049821,0.058084
4.7032e-09,0.049764,0.058109
4.4523e-09,0.049704,0.058136
4.1961e-09,0.049641,0.058164
3.9358e-09,0.049576,0.058193
3.6727e-09,0.049509,0.058224
3.4079e-09,0.04944,0.058255
3.1424e-09,0.049369,0.058287
2.8774e-09,0.049296,0.05832
2.6137e-09,0.049221,0.058354
2.3524e-09,0.049144,0.058389
2.0943e-09,0.049066,0.058425
1.8403e-09,0.048986,0.058461
1.5911e-09,0.048905,0.058499
1.3475e-09,0.048823,0.058536
1.1101e-09,0.04874,0.058574
8.7947e-10,0.048656,0.058613
6.5626e-10,0.048571,0.058652
4.4091e-10,0.048486,0.058692
2.3389e-10,0.048401,0.058732
3.5572e-11,0.048316,0.058772
-1.537e-10,0.04823,0.058812
-3.3364e-10,0.048145,0.058852
-5.0401e-10,0.04806,0.058893
-6.6463e-10,0.047976,0.058933
-8.1535e-10,0.047893,0.058974
-9.5607e-10,0.04781,0.059014
-1.0867e-09,0.047729,0.059054
-1.2074e-09,0.047649,0.059094
-1.3179e-09,0.04757,0.059134
-1.4185e-09,0.047493,0.059173
-1.5093e-09,0.047418,0.059212
-1.5903e-09,0.047345,0.059251
-1.6617e-09,0.047274,0.059289
-1.7237e-09,0.047205,0.059327
-1.7766e-09,0.047139,0.059363
-1.8205e-09,0.047075,0.0594
-1.8558e-09,0.047014,0.059435
-1.8827e-09,0.046956,0.05947
-1.9016e-09,0.046901,0.059504
-1.9126e-09,0.046849,0.059537
-1.9163e-09,0.046801,0.059569
-1.9129e-09,0.046755,0.0596
-1.9028e-09,0.046713,0.059629
-1.8863e-09,0.046675,0.059658
-1.8638e-09,0.04664,0.059686
-1.8357e-09,0.046609,0.059712
-1.8023e-09,0.046581,0.059737
-1.764e-09,0.046558,0.059761
-1.7213e-09,0.046537,0.059783
-1.6744e-09,0.046521,0.059804
-1.6238e-09,0.046509,0.059823
-1.5697e-09,0.0465,0.059841
-1.5127e-09,0.046495,0.059857
-1.4529e-09,0.046494,0.059871
-1.3907e-09,0.046496,0.059883
-1.3266e-09,0.046503,0.059894
-1.2607e-09,0.046513,0.059903
-1.1934e-09,0.046526,0.05991
-1.1251e-09,0.046543,0.059914
-1.0559e-09,0.046563,0.059917
-9.8615e-10,0.046587,0.059918
-9.1614e-10,0.046614,0.059916
-8.4608e-10,0.046645,0.059913
-7.7622e-10,0.046678,0.059907
-7.0677e-10,0.046715,0.059898
-6.3792e-10,0.046754,0.059888
-5.6987e-10,0.046797,0.059874
-5.0279e-10,0.046842,0.059859
-4.3684e-10,0.046889,0.059841
-3.7216e-10,0.04694,0.05982
-3.0888e-10,0.046992,0.059797
-2.4713e-10,0.047047,0.059771
-1.87e-10,0.047104,0.059743
-1.2859e-10,0.047163,0.059712
-7.1965e-11,0.047224,0.059678
-1.7205e-11,0.047287,0.059642
3.564e-11,0.047351,0.059603
8.6525e-11,0.047417,0.059561
1.3542e-10,0.047485,0.059517
1.8229e-10,0.047554,0.05947
2.2714e-10,0.047624,0.05942
2.6995e-10,0.047694,0.059368
3.1072e-10,0.047766,0.059313
3.4947e-10,0.047839,0.059256
3.8621e-10,0.047912,0.059196
4.2095e-10,0.047986,0.059133
4.5373e-10,0.04806,0.059068
4.8459e-10,0.048134,0.059
5.1354e-10,0.048209,0.05893
5.4063e-10,0.048284,0.058858
5.659e-10,0.048358,0.058784
5.8939e-10,0.048432,0.058707
6.1115e-10,0.048506,0.058628
6.3121e-10,0.04858,0.058547
6.4962e-10,0.048653,0.058464
6.6643e-10,0.048725,0.058379
6.8166e-10,0.048797,0.058293
6.9538e-10,0.048868,0.058204
7.076e-10,0.048938,0.058114
7.1837e-10,0.049007,0.058023
7.2772e-10,0.049075,0.05793
7.3568e-10,0.049141,0.057836
7.4227e-10,0.049207,0.05774
7.4752e-10,0.049272,0.057643
7.5144e-10,0.049335,0.057546
7.5404e-10,0.049397,0.057447
7.5534e-10,0.049457,0.057348
7.5534e-10,0.049516,0.057247
7.5404e-10,0.049574,0.057147
7.5144e-10,0.049631,0.057046
7.4752e-10,0.049686,0.056944
7.4227e-10,0.049739,0.056842
7.3568e-10,0.049791,0.056741
7.2772e-10,0.049842,0.056639
7.1837e-10,0.049891,0.056537
7.076e-10,0.049939,0.056436
6.9538e-10,0.049985,0.056335
6.8166e-10,0.050031,0.056235
6.6643e-10,0.050074,0.056135
6.4962e-10,0.050117,0.056036
6.3121e-10,0.050158,0.055938
6.1115e-10,0.050198,0.055841
5.8939e-10,0.050236,0.055745
5.659e-10,0.050274,0.05565
5.4063e-10,0.05031,0.055557
5.1354e-10,0.050345,0.055465
4.8459e-10,0.050379,0.055374
4.5373e-10,0.050412,0.055286
4.2095e-10,0.050444,0.055199
3.8621e-10,0.050475,0.055114
3.4947e-10,0.050505,0.055031
3.1072e-10,0.050534,0.05495
2.6995e-10,0.050562,0.054871
2.2714e-10,0.050589,0.054795
1.8229e-10,0.050615,0.05472
1.3542e-10,0.050641,0.054649
8.6525e-11,0.050665,0.05458
3.564e-11,0.050689,0.054513
-1.7205e-11,0.050711,0.054449
-7.1965e-11,0.050733,0.054389
-1.2859e-10,0.050754,0.054331
-1.87e-10,0.050775,0.054276
-2.4713e-10,0.050794,0.054224
-3.0888e-10,0.050812,0.054175
-3.7216e-10,0.05083,0.054129
-4.3684e-10,0.050846,0.054087
-5.0279e-10,0.050862,0.054048
-5.6987e-10,0.050876,0.054013
-6.3792e-10,0.05089,0.053981
-7.0677e-10,0.050902,0.053953
-7.7622e-10,0.050914,0.053929
-8.4608e-10,0.050924,0.053909
-9.1614e-10,0.050933,0.053892
-9.8615e-10,0.050941,0.053879
-1.0559e-09,0.050947,0.053871
-1.1251e-09,0.050953,0.053866
-1.1934e-09,0.050957,0.053866
-1.2607e-09,0.050959,0.05387
-1.3266e-09,0.05096,0.053878
-1.3907e-09,0.05096,0.053891
-1.4529e-09,0.050958,0.053908
-1.5127e-09,0.050954,0.05393
-1.5697e-09,0.050949,0.053957
-1.6238e-09,0.050943,0.053988
-1.6744e-09,0.050935,0.054024
-1.7213e-09,0.050925,0.054065
-1.764e-09,0.050913,0.05411
-1.8023e-09,0.0509,0.054161
-1.8357e-09,0.050885,0.054216
-1.8638e-09,0.050868,0.054277
-1.8863e-09,0.05085,0.054343
-1.9028e-09,0.05083,0.054413
-1.9129e-09,0.050809,0.054489
-1.9163e-09,0.050785,0.05457
-1.9126e-09,0.05076,0.054656
-1.9016e-09,0.050734,0.054747
-1.8827e-09,0.050706,0.054843
-1.8558e-09,0.050676,0.054945
-1.8205e-09,0.050645,0.055051
-1.7766e-09,0.050613,0.055163
-1.7237e-09,0.050579,0.055279
-1.6617e-09,0.050543,0.055401
-1.5903e-09,0.050507,0.055527
-1.5093e-09,0.050469,0.055658
-1.4185e-09,0.05043,0.055793
-1.3179e-09,0.05039,0.055934
-1.2074e-09,0.050349,0.056079
-1.0867e-09,0.050307,0.056228
-9.5607e-10,0.050264,0.056381
-8.1535e-10,0.05022,0.056539
-6.6463e-10,0.050176,0.0567
-5.0401e-10,0.050131,0.056865
-3.3364e-10,0.050085,0.057034
-1.537e-10,0.050039,0.057207
3.5572e-11,0.049992,0.057382
2.3389e-10,0.049945,0.057561
4.4091e-10,0.049898,0.057742
6.5626e-10,0.049851,0.057926
8.7947e-10,0.049804,0.058112
1.1101e-09,0.049757,0.058301
1.3475e-09,0.049709,0.058491
1.5911e-09,0.049662,0.058683
1.8403e-09,0.049616,0.058876
2.0943e-09,0.049569,0.05907
2.3524e-09,0.049523,0.059265
2.6137e-09,0.049478,0.059461
2.8774e-09,0.049433,0.059657
3.1424e-09,0.049388,0.059853
3.4079e-09,0.049344,0.060049
3.6727e-09,0.049301,0.060244
3.9358e-09,0.049259,0.060438
4.1961e-09,0.049217,0.060631
4.4523e-09,0.049177,0.060823
4.7032e-09,0.049137,0.061013
4.9476e-09,0.049098,0.061201
5.1842e-09,0.049061,0.061387
5.4115e-09,0.049024,0.06157
5.6283e-09,0.048988,0.061751
5.8332e-09,0.048953,0.061928
6.0247e-09,0.04892,0.062103
6.2014e-09,0.048887,0.062274
6.3618e-09,0.048856,0.062441
6.5046e-09,0.048826,0.062604
6.6283e-09,0.048796,0.062763
6.7314e-09,0.048768,0.062918
6.8124e-09,0.048742,0.063068
6.8701e-09,0.048716,0.063214
6.903e-09,0.048691,0.063354
6.9097e-09,0.048667,0.06349
6.889e-09,0.048645,0.06362
6.8395e-09,0.048623,0.063745
6.76e-09,0.048602,0.063864
6.6494e-09,0.048583,0.063978
6.5066e-09,0.048564,0.064086
6.3306e-09,0.048546,0.064189
6.1204e-09,0.048529,0.064285
5.8752e-09,0.048513,0.064376
5.5943e-09,0.048497,0.06446
5.277e-09,0.048483,0.064539
4.9229e-09,0.048469,0.064611
4.5315e-09,0.048455,0.064678
4.1026e-09,0.048442,0.064738
3.6361e-09,0.04843,0.064793
3.1319e-09,0.048418,0.064841
2.5903e-09,0.048406,0.064884
2.0117e-09,0.048395,0.06492
1.3964e-09,0.048384,0.064951
7.4531e-10,0.048373,0.064976
5.9149e-11,0.048362,0.064995
-6.61e-10,0.048352,0.065008
-1.4139e-09,0.048341,0.065016
-2.1981e-09,0.04833,0.065019
-3.0121e-09,0.04832,0.065016
-3.8539e-09,0.048309,0.065008
-4.7216e-09,0.048298,0.064994
-5.6129e-09,0.048286,0.064976
-6.5254e-09,0.048275,0.064953
-7.4564e-09,0.048262,0.064925
-8.4031e-09,0.04825,0.064893
-9.3625e-09,0.048237,0.064856
-1.0331e-08,0.048223,0.064815
-1.1306e-08,0.048209,0.06477
-1.2283e-08,0.048195,0.06472
-1.3258e-08,0.04818,0.064667
-1.4228e-08,0.048164,0.064611
-1.5188e-08,0.048147,0.06455
-1.6135e-08,0.04813,0.064487
-1.7062e-08,0.048113,0.06442
-1.7966e-08,0.048094,0.06435
-1.8842e-08,0.048075,0.064277
-1.9685e-08,0.048055,0.064201
-2.049e-08,0.048035,0.064122
-2.1252e-08,0.048014,0.064041
-2.1965e-08,0.047992,0.063958
-2.2625e-08,0.04797,0.063872
-2.3225e-08,0.047947,0.063785
-2.3762e-08,0.047923,0.063695
-2.4229e-08,0.047899,0.063603
-2.462e-08,0.047875,0.063509
-2.4932e-08,0.04785,0.063414
-2.5158e-08,0.047824,0.063317
-2.5294e-08,0.047799,0.063219
-2.5334e-08,0.047773,0.063119
-2.5273e-08,0.047747,0.063017
-2.5108e-08,0.047721,0.062915
-2.4832e-08,0.047694,0.062811
-2.4443e-08,0.047668,0.062706
-2.3936e-08,0.047642,0.0626
-2.3307e-08,0.047616,0.062493
-2.2553e-08,0.04759,0.062385
-2.1671e-08,0.047565,0.062276
-2.0657e-08,0.04754,0.062166
-1.951e-08,0.047515,0.062055
-1.8228e-08,0.047491,0.061944
-1.6809e-08,0.047468,0.061832
-1.5252e-08,0.047445,0.061719
-1.3557e-08,0.047424,0.061605
-1.1723e-08,0.047403,0.061491
-9.7517e-09,0.047383,0.061376
-7.644e-09,0.047364,0.061261
-5.4015e-09,0.047346,0.061146
-3.0268e-09,0.047329,0.06103
-5.2294e-10,0.047314,0.060913
2.1064e-09,0.0473,0.060796
4.8566e-09,0.047287,0.060679
7.7227e-09,0.047276,0.060561
1.0699e-08,0.047266,0.060444
1.3778e-08,0.047258,0.060326
1.6953e-08,0.047251,0.060208
2.0216e-08,0.047246,0.060089
2.3558e-08,0.047242,0.059971
2.697e-08,0.04724,0.059853
3.044e-08,0.04724,0.059734
3.3958e-08,0.047241,0.059616
3.7512e-08,0.047244,0.059498
4.1089e-08,0.047249,0.05938
4.4677e-08,0.047255,0.059263
4.826e-08,0.047263,0.059145
5.1825e-08,0.047273,0.059029
5.5355e-08,0.047284,0.058912
5.8836e-08,0.047296,0.058796
6.2251e-08,0.04731,0.058681
6.5581e-08,0.047326,0.058566
6.8811e-08,0.047343,0.058452
7.1921e-08,0.047362,0.058339
7.4894e-08,0.047382,0.058227
7.7711e-08,0.047403,0.058116
8.0351e-08,0.047425,0.058006
8.2797e-08,0.047449,0.057898
8.5029e-08,0.047473,0.05779
8.7027e-08,0.047499,0.057684
8.8771e-08,0.047526,0.05758
9.0242e-08,0.047553,0.057477
9.1421e-08,0.047582,0.057376
9.2288e-08,0.047611,0.057276
9.2825e-08,0.047641,0.057178
9.3013e-08,0.047672,0.057083
9.2834e-08,0.047704,0.056989
9.227e-08,0.047736,0.056898
9.1306e-08,0.047768,0.056809
8.9925e-08,0.047801,0.056722
8.8113e-08,0.047834,0.056638
8.5855e-08,0.047868,0.056557
8.3139e-08,0.047902,0.056478
7.9952e-08,0.047936,0.056402
7.6286e-08,0.047971,0.056329
7.213e-08,0.048005,0.056258
6.7478e-08,0.04804,0.056191
6.2324e-08,0.048075,0.056127
5.6664e-08,0.04811,0.056067
5.0497e-08,0.048145,0.056009
4.3821e-08,0.04818,0.055956
3.6639e-08,0.048216,0.055905
2.8955e-08,0.048251,0.055858
2.0776e-08,0.048286,0.055815
1.2109e-08,0.048321,0.055776
2.9669e-09,0.048357,0.055741
-6.6378e-09,0.048392,0.055709
-1.6689e-08,0.048427,0.055682
-2.7168e-08,0.048463,0.055658
-3.8053e-08,0.048498,0.055639
-4.9321e-08,0.048534,0.055624
-6.0944e-08,0.048569,0.055613
-7.2894e-08,0.048605,0.055607
-8.5138e-08,0.048641,0.055605
-9.7642e-08,0.048676,0.055607
-1.1037e-07,0.048712,0.055614
-1.2327e-07,0.048749,0.055625
-1.3632e-07,0.048785,0.055641
-1.4945e-07,0.048821,0.055661
-1.6263e-07,0.048858,0.055686
-1.758e-07,0.048895,0.055716
-1.8891e-07,0.048932,0.055751
-2.019e-07,0.048969,0.05579
-2.1472e-07,0.049007,0.055834
-2.273e-07,0.049045,0.055883
-2.3958e-07,0.049083,0.055936
-2.515e-07,0.049122,0.055995
-2.6299e-07,0.04916,0.056058
-2.7398e-07,0.0492,0.056126
-2.8441e-07,0.049239,0.056199
-2.9421e-07,0.049279,0.056276
-3.033e-07,0.049319,0.056359
-3.1161e-07,0.049359,0.056446
-3.1908e-07,0.0494,0.056538
-3.2562e-07,0.04944,0.056635
-3.3118e-07,0.049481,0.056736
-3.3567e-07,0.049523,0.056842
-3.3903e-07,0.049564,0.056953
-3.4118e-07,0.049606,0.057068
-3.4207e-07,0.049647,0.057188
-3.4162e-07,0.049689,0.057312
-3.3977e-07,0.049731,0.05744
-3.3646e-07,0.049773,0.057573
-3.3163e-07,0.049815,0.05771
-3.2523e-07,0.049857,0.057851
-3.172e-07,0.049898,0.057996
-3.075e-07,0.04994,0.058145
-2.9608e-07,0.049981,0.058297
-2.8292e-07,0.050022,0.058453
-2.6796e-07,0.050063,0.058613
-2.512e-07,0.050103,0.058776
-2.326e-07,0.050143,0.058942
-2.1215e-07,0.050182,0.059111
-1.8984e-07,0.050221,0.059283
-1.6568e-07,0.050259,0.059458
-1.3967e-07,0.050296,0.059635
-1.1182e-07,0.050333,0.059815
-8.2162e-08,0.050368,0.059997
-5.0721e-08,0.050403,0.060181
-1.7538e-08,0.050437,0.060366
1.7336e-08,0.05047,0.060553
5.3844e-08,0.050501,0.060742
9.1918e-08,0.050532,0.060932
1.3148e-07,0.050561,0.061122
1.7244e-07,0.050589,0.061313
2.1471e-07,0.050616,0.061505
2.5817e-07,0.050641,0.061697
3.0271e-07,0.050665,0.061889
3.482e-07,0.050687,0.062081
3.945e-07,0.050707,0.062273
4.4147e-07,0.050726,0.062464
4.8894e-07,0.050743,0.062653
5.3675e-07,0.050759,0.062842
5.8471e-07,0.050772,0.06303
6.3265e-07,0.050784,0.063216
6.8037e-07,0.050794,0.0634
7.2765e-07,0.050801,0.063582
7.7429e-07,0.050807,0.063762
8.2007e-07,0.05081,0.063939
8.6476e-07,0.050812,0.064114
9.0811e-07,0.050811,0.064286
9.499e-07,0.050808,0.064455
9.8986e-07,0.050802,0.06462
1.0278e-06,0.050795,0.064782
1.0633e-06,0.050785,0.06494
1.0963e-06,0.050772,0.065095
1.1264e-06,0.050757,0.065245
1.1534e-06,0.050739,0.065391
1.1771e-06,0.050719,0.065533
1.1971e-06,0.050696,0.065671
1.2132e-06,0.050671,0.065803
1.2251e-06,0.050643,0.065931
1.2326e-06,0.050612,0.066053
1.2355e-06,0.050579,0.066171
1.2334e-06,0.050542,0.066283
1.2262e-06,0.050503,0.06639
1.2137e-06,0.050461,0.066492
1.1955e-06,0.050417,0.066587
1.1716e-06,0.050369,0.066677
1.1417e-06,0.050319,0.066761
1.1057e-06,0.050265,0.06684
1.0634e-06,0.050209,0.066912
1.0146e-06,0.05015,0.066978
9.5925e-07,0.050089,0.067038
8.9726e-07,0.050024,0.067091
8.2853e-07,0.049957,0.067138
7.5301e-07,0.049887,0.067179
6.7068e-07,0.049814,0.067214
5.8153e-07,0.049739,0.067242
4.8559e-07,0.049661,0.067264
3.8292e-07,0.04958,0.067279
2.736e-07,0.049497,0.067287
1.5776e-07,0.049412,0.06729
3.5535e-08,0.049324,0.067285
-9.2878e-08,0.049234,0.067274
-2.2726e-07,0.049143,0.067257
-3.6736e-07,0.049049,0.067233
-5.1288e-07,0.048953,0.067203
-6.6349e-07,0.048855,0.067167
-8.1883e-07,0.048756,0.067125
-9.7849e-07,0.048655,0.067076
-1.142e-06,0.048553,0.067021
-1.3089e-06,0.04845,0.06696
-1.4787e-06,0.048345,0.066894
-1.6508e-06,0.04824,0.066821
-1.8246e-06,0.048134,0.066743
-1.9995e-06,0.048027,0.06666
-2.1747e-06,0.04792,0.066571
-2.3496e-06,0.047813,0.066477
-2.5235e-06,0.047706,0.066378
-2.6955e-06,0.047599,0.066274
-2.8648e-06,0.047492,0.066166
-3.0306e-06,0.047386,0.066052
-3.192e-06,0.04728,0.065935
-3.3481e-06,0.047176,0.065813
-3.4979e-06,0.047072,0.065688
-3.6405e-06,0.04697,0.065559
-3.775e-06,0.04687,0.065426
-3.9002e-06,0.046771,0.06529
-4.0152e-06,0.046674,0.065151
-4.1189e-06,0.04658,0.065009
-4.2104e-06,0.046487,0.064864
-4.2885e-06,0.046397,0.064717
-4.3522e-06,0.04631,0.064567
-4.4005e-06,0.046226,0.064416
-4.4322e-06,0.046145,0.064263
-4.4464e-06,0.046068,0.064108
-4.4421e-06,0.045993,0.063952
-4.4181e-06,0.045923,0.063795
-4.3736e-06,0.045856,0.063637
-4.3075e-06,0.045793,0.063479
-4.2189e-06,0.045735,0.06332
-4.107e-06,0.04568,0.063161
-3.9708e-06,0.04563,0.063002
-3.8095e-06,0.045585,0.062844
-3.6224e-06,0.045545,0.062686
-3.4087e-06,0.045509,0.062528
-3.1678e-06,0.045478,0.062372
-2.8991e-06,0.045453,0.062217
-2.6021e-06,0.045432,0.062063
-2.2763e-06,0.045417,0.061911
-1.9213e-06,0.045407,0.06176
-1.5369e-06,0.045402,0.061612
-1.1228e-06,0.045403,0.061465
-6.7893e-07,0.045409,0.061321
-2.0529e-07,0.045421,0.06118
2.9807e-07,0.045438,0.061041
8.3097e-07,0.045461,0.060905
1.3931e-06,0.045489,0.060772
1.9841e-06,0.045522,0.060642
2.6035e-06,0.045561,0.060516
3.2507e-06,0.045606,0.060393
3.9248e-06,0.045655,0.060273
4.6251e-06,0.04571,0.060158
5.3507e-06,0.04577,0.060046
6.1004e-06,0.045835,0.059938
6.8731e-06,0.045905,0.059834
7.6674e-06,0.04598,0.059735
8.4819e-06,0.04606,0.059639
9.3151e-06,0.046144,0.059548
1.0165e-05,0.046232,0.059461
1.1031e-05,0.046325,0.059379
1.191e-05,0.046422,0.059301
1.28e-05,0.046523,0.059228
1.37e-05,0.046628,0.059159
1.4607e-05,0.046736,0.059094
1.5519e-05,0.046848,0.059034
1.6434e-05,0.046963,0.058979
1.7349e-05,0.047082,0.058928
1.8261e-05,0.047203,0.058881
1.917e-05,0.047327,0.058838
2.007e-05,0.047453,0.0588
2.0961e-05,0.047581,0.058766
2.184e-05,0.047712,0.058736
2.2703e-05,0.047845,0.05871
2.3549e-05,0.047979,0.058687
2.4374e-05,0.048114,0.058669
2.5176e-05,0.048251,0.058654
2.5952e-05,0.048389,0.058642
2.67e-05,0.048528,0.058634
2.7417e-05,0.048667,0.058629
2.8101e-05,0.048807,0.058627
2.875e-05,0.048947,0.058628
2.936e-05,0.049087,0.058631
2.9931e-05,0.049227,0.058637
3.0459e-05,0.049367,0.058645
3.0943e-05,0.049506,0.058655
3.1381e-05,0.049644,0.058666
3.1772e-05,0.049781,0.05868
3.2114e-05,0.049917,0.058695
3.2405e-05,0.050051,0.058711
3.2645e-05,0.050184,0.058728
3.2833e-05,0.050315,0.058746
3.2967e-05,0.050445,0.058765
3.3048e-05,0.050572,0.058784
3.3075e-05,0.050697,0.058804
3.3048e-05,0.050819,0.058823
3.2967e-05,0.050939,0.058843
3.2833e-05,0.051055,0.058862
3.2645e-05,0.051169,0.058881
3.2405e-05,0.05128,0.0589
3.2114e-05,0.051387,0.058918
3.1772e-05,0.051491,0.058935
3.1381e-05,0.051591,0.058951
3.0943e-05,0.051687,0.058966
3.0459e-05,0.051779,0.05898
2.9931e-05,0.051867,0.058993
2.936e-05,0.051951,0.059004
2.875e-05,0.05203,0.059015
2.8101e-05,0.052105,0.059024
2.7417e-05,0.052176,0.059031
2.67e-05,0.052241,0.059038
2.5952e-05,0.052302,0.059043
2.5176e-05,0.052358,0.059046
2.4374e-05,0.052408,0.059049
2.3549e-05,0.052454,0.05905
2.2703e-05,0.052495,0.05905
2.184e-05,0.05253,0.059049
2.0961e-05,0.05256,0.059047
2.007e-05,0.052584,0.059045
1.917e-05,0.052604,0.059041
1.8261e-05,0.052617,0.059037
1.7349e-05,0.052626,0.059033
1.6434e-05,0.052629,0.059028
1.5519e-05,0.052626,0.059024
1.4607e-05,0.052618,0.059019
1.37e-05,0.052605,0.059015
1.28e-05,0.052586,0.059011
1.191e-05,0.052562,0.059009
1.1031e-05,0.052533,0.059007
1.0165e-05,0.052498,0.059007
9.3151e-06,0.052459,0.059008
8.4819e-06,0.052414,0.059011
7.6674e-06,0.052364,0.059016
6.8731e-06,0.052309,0.059024
6.1004e-06,0.05225,0.059034
5.3507e-06,0.052186,0.059047
4.6251e-06,0.052117,0.059063
3.9248e-06,0.052043,0.059083
3.2507e-06,0.051966,0.059106
2.6035e-06,0.051884,0.059134
1.9841e-06,0.051798,0.059165
1.3931e-06,0.051708,0.059201
8.3097e-07,0.051615,0.059242
2.9807e-07,0.051517,0.059288
-2.0529e-07,0.051417,0.059339
-6.7893e-07,0.051313,0.059395
-1.1228e-06,0.051206,0.059457
-1.5369e-06,0.051096,0.059525
-1.9213e-06,0.050983,0.059599
-2.2763e-06,0.050868,0.059679
-2.6021e-06,0.05075,0.059765
-2.8991e-06,0.05063,0.059858
-3.1678e-06,0.050508,0.059957
-3.4087e-06,0.050384,0.060063
-3.6224e-06,0.050259,0.060175
-3.8095e-06,0.050132,0.060294
-3.9708e-06,0.050004,0.060419
-4.107e-06,0.049874,0.060552
-4.2189e-06,0.049744,0.060691
-4.3075e-06,0.049613,0.060836
-4.3736e-06,0.049481,0.060988
-4.4181e-06,0.049349,0.061146
-4.4421e-06,0.049217,0.061311
-4.4464e-06,0.049085,0.061481
-4.4322e-06,0.048953,0.061658
-4.4005e-06,0.048822,0.06184
-4.3522e-06,0.048691,0.062027
-4.2885e-06,0.04856,0.062219
-4.2104e-06,0.048431,0.062417
-4.1189e-06,0.048302,0.062619
-4.0152e-06,0.048175,0.062824
-3.9002e-06,0.048049,0.063034
-3.775e-06,0.047925,0.063247
-3.6405e-06,0.047803,0.063463
-3.4979e-06,0.047682,0.063682
-3.3481e-06,0.047563,0.063903
-3.192e-06,0.047447,0.064125
-3.0306e-06,0.047333,0.064349
-2.8648e-06,0.047221,0.064573
-2.6955e-06,0.047112,0.064798
-2.5235e-06,0.047005,0.065022
-2.3496e-06,0.046901,0.065245
-2.1747e-06,0.046801,0.065467
-1.9995e-06,0.046703,0.065687
-1.8246e-06,0.046609,0.065905
-1.6508e-06,0.046517,0.066119
-1.4787e-06,0.046429,0.066331
-1.3089e-06,0.046345,0.066538
-1.142e-06,0.046264,0.06674
-9.7849e-07,0.046187,0.066937
-8.1883e-07,0.046113,0.067129
-6.6349e-07,0.046044,0.067315
-5.1288e-07,0.045978,0.067494
-3.6736e-07,0.045915,0.067665
-2.2726e-07,0.045857,0.06783
-9.2878e-08,0.045803,0.067986
3.5535e-08,0.045752,0.068133
1.5776e-07,0.045706,0.068272
2.736e-07,0.045663,0.068401
3.8292e-07,0.045625,0.068521
4.8559e-07,0.04559,0.06863
5.8153e-07,0.04556,0.06873
6.7068e-07,0.045534,0.068818
7.5301e-07,0.045511,0.068895
8.2853e-07,0.045493,0.068961
8.9726e-07,0.045479,0.069015
9.5925e-07,0.045468,0.069057
1.0146e-06,0.045462,0.069088
1.0634e-06,0.045459,0.069106
1.1057e-06,0.04546,0.069112
1.1417e-06,0.045465,0.069105
1.1716e-06,0.045474,0.069086
1.1955e-06,0.045487,0.069054
1.2137e-06,0.045503,0.069009
1.2262e-06,0.045523,0.068952
1.2334e-06,0.045547,0.068882
1.2355e-06,0.045574,0.0688
1.2326e-06,0.045604,0.068705
1.2251e-06,0.045639,0.068598
1.2132e-06,0.045676,0.068478
1.1971e-06,0.045717,0.068346
1.1771e-06,0.045762,0.068202
1.1534e-06,0.045809,0.068046
1.1264e-06,0.04586,0.067879
1.0963e-06,0.045914,0.067701
1.0633e-06,0.045971,0.067511
1.0278e-06,0.046031,0.067311
9.8986e-07,0.046094,0.0671
9.499e-07,0.046159,0.06688
9.0811e-07,0.046228,0.06665
8.6476e-07,0.0463,0.06641
8.2007e-07,0.046374,0.066162
7.7429e-07,0.046451,0.065905
7.2765e-07,0.04653,0.065641
6.8037e-07,0.046612,0.065369
6.3265e-07,0.046697,0.06509
5.8471e-07,0.046783,0.064805
5.3675e-07,0.046872,0.064514
4.8894e-07,0.046964,0.064217
4.4147e-07,0.047057,0.063916
3.945e-07,0.047152,0.06361
3.482e-07,0.04725,0.063301
3.0271e-07,0.047349,0.062989
2.5817e-07,0.04745,0.062674
2.1471e-07,0.047553,0.062358
1.7244e-07,0.047657,0.06204
1.3148e-07,0.047762,0.061722
9.1918e-08,0.047869,0.061403
5.3844e-08,0.047977,0.061086
1.7336e-08,0.048086,0.060769
-1.7539e-08,0.048196,0.060455
-5.0721e-08,0.048307,0.060142
-8.2162e-08,0.048418,0.059833
-1.1182e-07,0.048529,0.059528
-1.3967e-07,0.048641,0.059226
-1.6568e-07,0.048753,0.05893
-1.8984e-07,0.048865,0.058638
-2.1215e-07,0.048977,0.058353
-2.326e-07,0.049088,0.058074
-2.512e-07,0.049198,0.057802
-2.6796e-07,0.049308,0.057538
-2.8292e-07,0.049416,0.057281
-2.9608e-07,0.049524,0.057033
-3.075e-07,0.04963,0.056793
-3.172e-07,0.049734,0.056563
-3.2523e-07,0.049836,0.056342
-3.3163e-07,0.049936,0.056131
-3.3646e-07,0.050034,0.055931
-3.3977e-07,0.05013,0.05574
-3.4162e-07,0.050223,0.055561
-3.4207e-07,0.050313,0.055393
-3.4118e-07,0.050399,0.055235
-3.3903e-07,0.050483,0.05509
-3.3567e-07,0.050563,0.054955
-3.3118e-07,0.050639,0.054833
-3.2562e-07,0.050712,0.054722
-3.1908e-07,0.05078,0.054622
-3.1161e-07,0.050845,0.054535
-3.033e-07,0.050905,0.054459
-2.9421e-07,0.05096,0.054395
-2.8441e-07,0.051011,0.054343
-2.7398e-07,0.051058,0.054302
-2.6299e-07,0.051099,0.054272
-2.515e-07,0.051136,0.054254
-2.3958e-07,0.051168,0.054247
-2.273e-07,0.051195,0.05425
-2.1472e-07,0.051217,0.054265
-2.019e-07,0.051234,0.054289
-1.8891e-07,0.051246,0.054324
-1.758e-07,0.051252,0.054368
-1.6263e-07,0.051254,0.054422
-1.4945e-07,0.051251,0.054485
-1.3631e-07,0.051242,0.054556
-1.2327e-07,0.051229,0.054636
-1.1037e-07,0.051211,0.054724
-9.7641e-08,0.051188,0.054819
-8.5138e-08,0.051161,0.054922
-7.2894e-08,0.051129,0.055031
-6.0944e-08,0.051093,0.055147
-4.932e-08,0.051052,0.055269
-3.8053e-08,0.051007,0.055396
-2.7167e-08,0.050959,0.055528
-1.6689e-08,0.050906,0.055664
-6.6375e-09,0.05085,0.055805
2.9672e-09,0.050791,0.05595
1.2109e-08,0.050729,0.056098
2.0776e-08,0.050663,0.056248
2.8955e-08,0.050595,0.056402
3.6639e-08,0.050524,0.056557
4.3821e-08,0.050451,0.056714
5.0496e-08,0.050376,0.056872
5.6664e-08,0.0503,0.057032
6.2324e-08,0.050221,0.057192
6.7478e-08,0.050141,0.057352
7.213e-08,0.05006,0.057512
7.6285e-08,0.049978,0.057671
7.9952e-08,0.049896,0.05783
8.3138e-08,0.049813,0.057988
8.5854e-08,0.04973,0.058145
8.8112e-08,0.049646,0.0583
8.9924e-08,0.049563,0.058454
9.1305e-08,0.04948,0.058605
9.2269e-08,0.049398,0.058755
9.2832e-08,0.049317,0.058902
9.3011e-08,0.049236,0.059047
9.2823e-08,0.049157,0.05919
9.2287e-08,0.049079,0.05933
9.1419e-08,0.049002,0.059467
9.024e-08,0.048927,0.059601
8.8769e-08,0.048853,0.059733
8.7025e-08,0.048782,0.059861
8.5027e-08,0.048712,0.059987
8.2795e-08,0.048643,0.06011
8.0349e-08,0.048577,0.06023
7.7708e-08,0.048513,0.060347
7.4892e-08,0.048451,0.060462
7.1919e-08,0.048392,0.060573
6.8808e-08,0.048334,0.060682
6.5579e-08,0.048279,0.060789
6.2248e-08,0.048225,0.060892
5.8834e-08,0.048174,0.060993
5.5353e-08,0.048125,0.061092
5.1822e-08,0.048078,0.061189
4.8257e-08,0.048034,0.061283
4.4674e-08,0.047991,0.061375
4.1087e-08,0.047951,0.061465
3.7509e-08,0.047912,0.061553
3.3955e-08,0.047875,0.061639
3.0437e-08,0.047841,0.061723
2.6967e-08,0.047808,0.061806
2.3556e-08,0.047776,0.061887
2.0214e-08,0.047747,0.061967
1.6951e-08,0.047719,0.062045
1.3776e-08,0.047692,0.062122
1.0697e-08,0.047667,0.062197
7.7211e-09,0.047643,0.062271
4.8552e-09,0.047621,0.062344
2.1051e-09,0.0476,0.062416
-5.2403e-10,0.047579,0.062487
-3.0277e-09,0.047561,0.062556
-5.4022e-09,0.047543,0.062624
-7.6444e-09,0.047526,0.062692
-9.7519e-09,0.047509,0.062758
-1.1723e-08,0.047494,0.062823
-1.3556e-08,0.04748,0.062887
-1.5251e-08,0.047466,0.062949
-1.6808e-08,0.047454,0.063011
-1.8226e-08,0.047442,0.063071
-1.9508e-08,0.04743,0.063129
-2.0655e-08,0.04742,0.063186
-2.1668e-08,0.04741,0.063242
-2.255e-08,0.0474,0.063296
-2.3304e-08,0.047392,0.063349
-2.3932e-08,0.047384,0.0634
-2.4439e-08,0.047377,0.063448
-2.4828e-08,0.047371,0.063495
-2.5103e-08,0.047365,0.06354
-2.5268e-08,0.04736,0.063583
-2.5328e-08,0.047357,0.063623
-2.5288e-08,0.047354,0.063661
-2.5152e-08,0.047351,0.063697
-2.4925e-08,0.04735,0.06373
-2.4614e-08,0.04735,0.06376
-2.4221e-08,0.047351,0.063788
-2.3754e-08,0.047353,0.063812
-2.3218e-08,0.047357,0.063834
-2.2617e-08,0.047361,0.063852
-2.1957e-08,0.047367,0.063868
-2.1243e-08,0.047374,0.06388
-2.0481e-08,0.047382,0.063889
-1.9676e-08,0.047392,0.063894
-1.8833e-08,0.047403,0.063897
-1.7957e-08,0.047416,0.063895
-1.7052e-08,0.047431,0.063891
-1.6125e-08,0.047447,0.063883
-1.5179e-08,0.047464,0.063871
-1.4219e-08,0.047484,0.063856
-1.3249e-08,0.047505,0.063837
-1.2273e-08,0.047528,0.063814
-1.1296e-08,0.047552,0.063789
-1.0322e-08,0.047579,0.063759
-9.3531e-09,0.047607,0.063727
-8.394e-09,0.047637,0.063691
-7.4475e-09,0.04767,0.063651
-6.5168e-09,0.047704,0.063609
-5.6047e-09,0.047739,0.063563
-4.7138e-09,0.047777,0.063514
-3.8466e-09,0.047817,0.063462
-3.0053e-09,0.047859,0.063407
-2.192e-09,0.047902,0.063349
-1.4084e-09,0.047948,0.063289
-6.5615e-10,0.047995,0.063226
6.3259e-11,0.048045,0.06316
7.4863e-10,0.048096,0.063093
1.3989e-09,0.048149,0.063022
2.0132e-09,0.048204,0.06295
2.5909e-09,0.04826,0.062876
3.1315e-09,0.048319,0.0628
3.6346e-09,0.048378,0.062722
4.1001e-09,0.04844,0.062643
4.5279e-09,0.048503,0.062562
4.9181e-09,0.048567,0.062479
5.271e-09,0.048633,0.062396
5.587e-09,0.048701,0.062311
5.8666e-09,0.048769,0.062226
6.1105e-09,0.048838,0.062139
6.3193e-09,0.048909,0.062052
6.494e-09,0.04898,0.061965
6.6355e-09,0.049053,0.061876
6.7447e-09,0.049126,0.061788
6.8227e-09,0.049199,0.061699
6.8709e-09,0.049273,0.06161
6.8902e-09,0.049347,0.061521
6.8821e-09,0.049421,0.061431
6.8479e-09,0.049496,0.061342
6.7889e-09,0.04957,0.061253
6.7065e-09,0.049643,0.061165
6.6021e-09,0.049717,0.061076
6.4772e-09,0.049789,0.060988
6.3333e-09,0.049861,0.0609
6.1717e-09,0.049932,0.060813
5.9939e-09,0.050002,0.060726
5.8015e-09,0.05007,0.06064
5.5957e-09,0.050137,0.060554
5.3781e-09,0.050202,0.060469
5.15e-09,0.050265,0.060385
4.9129e-09,0.050327,0.060301
4.668e-09,0.050386,0.060218
4.4167e-09,0.050443,0.060136
4.1602e-09,0.050497,0.060055
3.8998e-09,0.050548,0.059974
3.6367e-09,0.050597,0.059894
3.372e-09,0.050643,0.059815
3.1069e-09,0.050686,0.059736
2.8423e-09,0.050726,0.059659
2.5793e-09,0.050762,0.059582
2.3187e-09,0.050795,0.059507
2.0616e-09,0.050824,0.059432
1.8088e-09,0.05085,0.059358
1.5609e-09,0.050872,0.059285
1.3188e-09,0.05089,0.059212
1.0831e-09,0.050904,0.059141
8.5446e-10,0.050914,0.059071
6.3335e-10,0.050921,0.059001
4.2032e-10,0.050923,0.058933
2.158e-10,0.050921,0.058866
2.0181e-11,0.050916,0.058799
-1.662e-10,0.050906,0.058734
-3.4305e-10,0.050892,0.05867
-5.1014e-10,0.050875,0.058607
-6.6729e-10,0.050853,0.058545
-8.1436e-10,0.050828,0.058485
-9.5127e-10,0.050799,0.058425
-1.0779e-09,0.050766,0.058367
-1.1944e-09,0.05073,0.05831
-1.3007e-09,0.05069,0.058255
-1.3968e-09,0.050646,0.058201
-1.483e-09,0.0506,0.058149
-1.5593e-09,0.05055,0.058097
-1.6259e-09,0.050498,0.058048
-1.683e-09,0.050443,0.058
-1.7309e-09,0.050385,0.057954
-1.7699e-09,0.050325,0.057909
-1.8001e-09,0.050262,0.057866
-1.8219e-09,0.050198,0.057825
-1.8356e-09,0.050132,0.057786
-1.8416e-09,0.050064,0.057748
-1.8402e-09,0.049994,0.057712
-1.8318e-09,0.049924,0.057679
-1.8168e-09,0.049852,0.057647
-1.7955e-09,0.04978,0.057617
-1.7683e-09,0.049707,0.057588
-1.7357e-09,0.049634,0.057562
-1.698e-09,0.04956,0.057538
-1.6556e-09,0.049487,0.057516
-1.609e-09,0.049414,0.057496
-1.5585e-09,0.049341,0.057478
-1.5045e-09,0.049269,0.057462
-1.4474e-09,0.049197,0.057448
-1.3877e-09,0.049127,0.057436
-1.3256e-09,0.049058,0.057426
-1.2615e-09,0.04899,0.057418
-1.1959e-09,0.048924,0.057412
-1.129e-09,0.048859,0.057407
-1.0612e-09,0.048796,0.057405
-9.9281e-10,0.048735,0.057405
-9.2413e-10,0.048676,0.057406
-8.5547e-10,0.04862,0.05741
-7.8711e-10,0.048565,0.057415
-7.1931e-10,0.048513,0.057422
-6.5232e-10,0.048463,0.057431
-5.8638e-10,0.048416,0.057442
-5.2171e-10,0.048372,0.057454
-4.5851e-10,0.04833,0.057468
-3.9697e-10,0.048291,0.057483
-3.3726e-10,0.048255,0.0575
-2.7954e-10,0.048222,0.057518
-2.2393e-10,0.048191,0.057538
-1.7056e-10,0.048164,0.05756
-1.1955e-10,0.048139,0.057583
-7.0966e-11,0.048117,0.057607
-2.4897e-11,0.048099,0.057632
1.8602e-11,0.048083,0.057659
5.9486e-11,0.04807,0.057686
9.7726e-11,0.048061,0.057715
1.333e-10,0.048054,0.057746
1.6622e-10,0.04805,0.057777
1.9648e-10,0.048049,0.057809
2.2411e-10,0.048051,0.057842
2.4915e-10,0.048056,0.057876
2.7163e-10,0.048064,0.057911
2.9161e-10,0.048074,0.057947
3.0917e-10,0.048088,0.057983
3.2436e-10,0.048104,0.058021
3.3728e-10,0.048122,0.058059
3.4801e-10,0.048144,0.058097
3.5666e-10,0.048168,0.058137
3.6332e-10,0.048194,0.058176
3.681e-10,0.048223,0.058217
3.7112e-10,0.048254,0.058258
3.725e-10,0.048288,0.058299
3.7235e-10,0.048324,0.058341
3.708e-10,0.048363,0.058383
3.6798e-10,0.048403,0.058426
3.6401e-10,0.048446,0.058468
3.5902e-10,0.048491,0.058511
3.5314e-10,0.048537,0.058555
3.465e-10,0.048586,0.058598
3.3921e-10,0.048637,0.058641
3.3142e-10,0.048689,0.058685
3.2323e-10,0.048743,0.058728
3.1477e-10,0.048799,0.058771
3.0615e-10,0.048857,0.058815
2.9749e-10,0.048916,0.058858
2.8888e-10,0.048976,0.058901
2.8044e-10,0.049038,0.058944
2.7225e-10,0.049101,0.058986
2.6442e-10,0.049165,0.059028
2.5702e-10,0.04923,0.05907
2.5012e-10,0.049296,0.059112
2.4382e-10,0.049363,0.059153
2.3815e-10,0.049431,0.059193
2.3319e-10,0.0495,0.059233
2.2898e-10,0.049569,0.059273
2.2557e-10,0.049638,0.059312
2.2298e-10,0.049708,0.059351
2.2123e-10,0.049778,0.059388
2.2036e-10,0.049849,0.059426
2.2036e-10,0.049919,0.059462
2.2123e-10,0.049989,0.059498
2.2298e-10,0.050059,0.059534
2.2557e-10,0.050129,0.059568
2.2898e-10,0.050198,0.059602
2.3319e-10,0.050267,0.059636
2.3815e-10,0.050335,0.059669
2.4382e-10,0.050401,0.059701
2.5012e-10,0.050467,0.059733
2.5702e-10,0.050532,0.059764
2.6442e-10,0.050596,0.059794
2.7225e-10,0.050658,0.059824
2.8044e-10,0.050719,0.059853
2.8888e-10,0.050778,0.059882
2.9749e-10,0.050835,0.05991
3.0615e-10,0.05089,0.059938
3.1477e-10,0.050944,0.059966
3.2323e-10,0.050995,0.059993
3.3142e-10,0.051044,0.06002
3.3921e-10,0.051091,0.060046
3.465e-10,0.051135,0.060072
3.5314e-10,0.051177,0.060098
3.5902e-10,0.051217,0.060124
3.6401e-10,0.051253,0.06015
3.6798e-10,0.051287,0.060175
3.708e-10,0.051318,0.060201
3.7235e-10,0.051346,0.060226
3.725e-10,0.051371,0.060252
3.7112e-10,0.051393,0.060277
3.681e-10,0.051412,0.060303
3.6332e-10,0.051428,0.060328
3.5666e-10,0.051441,0.060354
3.4801e-10,0.051451,0.06038
3.3728e-10,0.051458,0.060406
3.2436e-10,0.051461,0.060433
3.0917e-10,0.051462,0.060459
2.9161e-10,0.051459,0.060486
2.7163e-10,0.051453,0.060513
2.4915e-10,0.051445,0.06054
2.2411e-10,0.051433,0.060567
1.9648e-10,0.051418,0.060595
1.6622e-10,0.0514,0.060623
1.333e-10,0.05138,0.060651
9.7726e-11,0.051356,0.060679
5.9486e-11,0.05133,0.060707
1.8602e-11,0.051302,0.060735
-2.4897e-11,0.05127,0.060764
-7.0966e-11,0.051237,0.060792
-1.1955e-10,0.051201,0.06082
-1.7056e-10,0.051162,0.060849
-2.2393e-10,0.051122,0.060877
-2.7954e-10,0.05108,0.060905
-3.3726e-10,0.051035,0.060933
-3.9697e-10,0.050989,0.06096
-4.5851e-10,0.050941,0.060988
-5.2171e-10,0.050892,0.061014
-5.8638e-10,0.050841,0.061041
-6.5232e-10,0.050789,0.061066
-7.1931e-10,0.050736,0.061092
-7.8711e-10,0.050681,0.061116
-8.5547e-10,0.050626,0.06114
-9.2413e-10,0.05057,0.061163
-9.9281e-10,0.050514,0.061185
-1.0612e-09,0.050457,0.061206
-1.129e-09,0.0504,0.061225
-1.1959e-09,0.050343,0.061244
-1.2615e-09,0.050285,0.061262
-1.3256e-09,0.050228,0.061278
-1.3877e-09,0.050171,0.061293
-1.4474e-09,0.050114,0.061307
-1.5045e-09,0.050058,0.061319
-1.5585e-09,0.050002,0.061329
-1.609e-09,0.049947,0.061338
-1.6556e-09,0.049893,0.061345
-1.698e-09,0.04984,0.061351
-1.7357e-09,0.049789,0.061355
-1.7683e-09,0.049738,0.061357
-1.7955e-09,0.049689,0.061357
-1.8168e-09,0.049641,0.061355
-1.8318e-09,0.049595,0.061351
-1.8402e-09,0.04955,0.061345
-1.8416e-09,0.049507,0.061337
-1.8356e-09,0.049466,0.061328
-1.8219e-09,0.049427,0.061316
-1.8001e-09,0.049389,0.061302
-1.7699e-09,0.049354,0.061286
-1.7309e-09,0.049321,0.061268
-1.683e-09,0.04929,0.061248
-1.6259e-09,0.049261,0.061226
-1.5593e-09,0.049234,0.061202
-1.483e-09,0.04921,0.061176
-1.3968e-09,0.049188,0.061148
-1.3007e-09,0.049168,0.061118
-1.1944e-09,0.04915,0.061087
-1.0779e-09,0.049135,0.061053
-9.5127e-10,0.049122,0.061018
-8.1436e-10,0.049111,0.060981
-6.6729e-10,0.049103,0.060942
-5.1014e-10,0.049097,0.060902
-3.4305e-10,0.049093,0.06086
-1.662e-10,0.049092,0.060817
2.0181e-11,0.049093,0.060773
2.158e-10,0.049096,0.060727
4.2032e-10,0.049101,0.06068
6.3335e-10,0.049108,0.060632
8.5446e-10,0.049117,0.060584
1.0831e-09,0.049128,0.060534
1.3188e-09,0.049141,0.060484
1.5609e-09,0.049156,0.060433
1.8088e-09,0.049173,0.060381
2.0616e-09,0.049191,0.060329
2.3187e-09,0.049211,0.060277
2.5793e-09,0.049232,0.060225
2.8423e-09,0.049255,0.060172
3.1069e-09,0.04928,0.06012
3.372e-09,0.049305,0.060068
3.6367e-09,0.049332,0.060016
3.8998e-09,0.049359,0.059964
4.1602e-09,0.049388,0.059913
4.4167e-09,0.049418,0.059862
4.668e-09,0.049448,0.059812
4.9129e-09,0.049479,0.059763
5.15e-09,0.049511,0.059714
5.3781e-09,0.049543,0.059667
5.5957e-09,0.049575,0.05962
5.8015e-09,0.049608,0.059574
5.9939e-09,0.049641,0.05953
6.1717e-09,0.049674,0.059486
6.3333e-09,0.049707,0.059444
6.4772e-09,0.04974,0.059403
6.6021e-09,0.049773,0.059363
6.7065e-09,0.049806,0.059324
6.7889e-09,0.049838,0.059286
6.8479e-09,0.04987,0.05925
6.8821e-09,0.049902,0.059215
6.8902e-09,0.049933,0.059182
6.8709e-09,0.049964,0.059149
6.8227e-09,0.049994,0.059118
6.7447e-09,0.050023,0.059088
6.6355e-09,0.050052,0.059059
6.494e-09,0.05008,0.059032
6.3193e-09,0.050107,0.059005
6.1105e-09,0.050134,0.058979
5.8666e-09,0.050159,0.058955
5.587e-09,0.050184,0.058931
5.271e-09,0.050208,0.058908
4.9181e-09,0.050232,0.058886
4.5279e-09,0.050254,0.058865
4.1001e-09,0.050275,0.058844
3.6346e-09,0.050296,0.058824
3.1315e-09,0.050315,0.058805
2.5909e-09,0.050334,0.058786
2.0132e-09,0.050352,0.058767
1.3989e-09,0.050369,0.058749
7.4863e-10,0.050385,0.058732
6.3259e-11,0.050401,0.058714
-6.5615e-10,0.050415,0.058697
-1.4084e-09,0.050429,0.05868
-2.192e-09,0.050442,0.058663
-3.0053e-09,0.050455,0.058647
-3.8466e-09,0.050466,0.05863
-4.7138e-09,0.050477,0.058614
-5.6047e-09,0.050487,0.058598
-6.5168e-09,0.050497,0.058581
-7.4475e-09,0.050506,0.058565
-8.394e-09,0.050514,0.058549
-9.3531e-09,0.050522,0.058533
-1.0322e-08,0.05053,0.058517
-1.1296e-08,0.050537,0.058501
-1.2273e-08,0.050543,0.058485
-1.3249e-08,0.050549,0.058469
-1.4219e-08,0.050554,0.058454
-1.5179e-08,0.050559,0.058439
-1.6125e-08,0.050564,0.058423
-1.7052e-08,0.050568,0.058409
-1.7957e-08,0.050571,0.058394
-1.8833e-08,0.050575,0.05838
-1.9676e-08,0.050578,0.058367
-2.0481e-08,0.05058,0.058354
-2.1243e-08,0.050582,0.058341
-2.1957e-08,0.050584,0.05833
-2.2617e-08,0.050585,0.058319
-2.3218e-08,0.050586,0.058309
-2.3754e-08,0.050586,0.058299
-2.4221e-08,0.050586,0.058291
-2.4614e-08,0.050586,0.058283
-2.4925e-08,0.050585,0.058277
-2.5152e-08,0.050583,0.058272
-2.5288e-08,0.050581,0.058268
-2.5328e-08,0.050579,0.058265
-2.5268e-08,0.050576,0.058263
-2.5103e-08,0.050573,0.058263
-2.4828e-08,0.050568,0.058264
-2.4439e-08,0.050564,0.058266
-2.3932e-08,0.050559,0.05827
-2.3304e-08,0.050553,0.058275
-2.255e-08,0.050546,0.058281
-2.1668e-08,0.050539,0.058289
-2.0655e-08,0.050532,0.058298
-1.9508e-08,0.050523,0.058308
-1.8226e-08,0.050514,0.05832
-1.6808e-08,0.050505,0.058333
-1.5251e-08,0.050495,0.058348
-1.3556e-08,0.050484,0.058363
-1.1723e-08,0.050472,0.05838
-9.7519e-09,0.05046,0.058398
-7.6444e-09,0.050447,0.058416
-5.4022e-09,0.050434,0.058436
-3.0277e-09,0.05042,0.058457
-5.2403e-10,0.050405,0.058478
2.1051e-09,0.05039,0.0585
4.8552e-09,0.050374,0.058523
7.7211e-09,0.050358,0.058546
1.0697e-08,0.050341,0.058569
1.3776e-08,0.050324,0.058592
1.6951e-08,0.050306,0.058616
2.0214e-08,0.050288,0.058639
2.3556e-08,0.05027,0.058663
2.6967e-08,0.050251,0.058685
3.0437e-08,0.050232,0.058708
3.3955e-08,0.050213,0.05873
3.7509e-08,0.050194,0.058751
4.1087e-08,0.050174,0.058771
4.4674e-08,0.050154,0.05879
4.8257e-08,0.050134,0.058807
5.1822e-08,0.050114,0.058824
5.5353e-08,0.050094,0.058839
5.8834e-08,0.050074,0.058852
6.2248e-08,0.050054,0.058864
6.5579e-08,0.050034,0.058874
6.8808e-08,0.050014,0.058882
7.1919e-08,0.049994,0.058888
7.4892e-08,0.049975,0.058892
7.7708e-08,0.049956,0.058894
8.0349e-08,0.049936,0.058893
8.2795e-08,0.049918,0.05889
8.5027e-08,0.049899,0.058885
8.7025e-08,0.049881,0.058877
8.8769e-08,0.049863,0.058866
9.024e-08,0.049845,0.058853
9.1419e-08,0.049828,0.058838
9.2287e-08,0.049811,0.05882
9.2823e-08,0.049795,0.058799
9.3011e-08,0.049779,0.058776
9.2832e-08,0.049763,0.05875
9.2269e-08,0.049748,0.058721
9.1305e-08,0.049733,0.05869
8.9924e-08,0.049718,0.058656
8.8112e-08,0.049704,0.05862
8.5854e-08,0.049691,0.058582
8.3138e-08,0.049678,0.058541
7.9952e-08,0.049665,0.058498
7.6285e-08,0.049653,0.058453
7.213e-08,0.049641,0.058405
6.7478e-08,0.049629,0.058356
6.2324e-08,0.049618,0.058304
5.6664e-08,0.049608,0.058251
5.0496e-08,0.049598,0.058197
4.3821e-08,0.049588,0.05814
3.6639e-08,0.049578,0.058082
2.8955e-08,0.049569,0.058023
2.0776e-08,0.049561,0.057963
1.2109e-08,0.049552,0.057901
2.9672e-09,0.049545,0.057839
-6.6375e-09,0.049537,0.057775
-1.6689e-08,0.04953,0.057711
-2.7167e-08,0.049524,0.057647
-3.8053e-08,0.049517,0.057582
-4.932e-08,0.049511,0.057517
-6.0944e-08,0.049506,0.057451
-7.2894e-08,0.049501,0.057386
-8.5138e-08,0.049496,0.057321
-9.7641e-08,0.049492,0.057256
-1.1037e-07,0.049488,0.057191
-1.2327e-07,0.049485,0.057127
-1.3631e-07,0.049482,0.057064
-1.4945e-07,0.049479,0.057001
-1.6263e-07,0.049477,0.056939
-1.758e-07,0.049475,0.056878
-1.8891e-07,0.049474,0.056819
-2.019e-07,0.049473,0.05676
-2.1472e-07,0.049472,0.056703
-2.273e-07,0.049472,0.056648
-2.3958e-07,0.049472,0.056594
-2.515e-07,0.049473,0.056541
-2.6299e-07,0.049474,0.056491
-2.7398e-07,0.049475,0.056442
-2.8441e-07,0.049477,0.056395
-2.9421e-07,0.049479,0.05635
-3.033e-07,0.049481,0.056307
-3.1161e-07,0.049484,0.056266
-3.1908e-07,0.049487,0.056227
-3.2562e-07,0.04949,0.05619
-3.3118e-07,0.049493,0.056156
-3.3567e-07,0.049497,0.056123
-3.3903e-07,0.049501,0.056093
-3.4118e-07,0.049505,0.056066
-3.4207e-07,0.049509,0.05604
-3.4162e-07,0.049513,0.056017
-3.3977e-07,0.049517,0.055997
-3.3646e-07,0.049522,0.055978
-3.3163e-07,0.049526,0.055962
-3.2523e-07,0.04953,0.055948
-3.172e-07,0.049534,0.055937
-3.075e-07,0.049538,0.055928
-2.9608e-07,0.049542,0.055921
-2.8292e-07,0.049546,0.055916
-2.6796e-07,0.04955,0.055914
-2.512e-07,0.049553,0.055914
-2.326e-07,0.049556,0.055916
-2.1215e-07,0.049559,0.05592
-1.8984e-07,0.049562,0.055926
-1.6568e-07,0.049564,0.055934
-1.3967e-07,0.049566,0.055945
-1.1182e-07,0.049568,0.055957
-8.2162e-08,0.049569,0.055971
-5.0721e-08,0.049571,0.055988
-1.7539e-08,0.049571,0.056006
1.7336e-08,0.049572,0.056026
5.3844e-08,0.049572,0.056047
9.1918e-08,0.049572,0.056071
1.3148e-07,0.049571,0.056096
1.7244e-07,0.04957,0.056123
2.1471e-07,0.049569,0.056152
2.5817e-07,0.049567,0.056182
3.0271e-07,0.049566,0.056214
3.482e-07,0.049563,0.056248
3.945e-07,0.049561,0.056283
4.4147e-07,0.049558,0.056319
4.8894e-07,0.049556,0.056357
5.3675e-07,0.049553,0.056397
5.8471e-07,0.049549,0.056438
6.3265e-07,0.049546,0.056481
6.8037e-07,0.049542,0.056524
7.2765e-07,0.049539,0.05657
7.7429e-07,0.049535,0.056616
8.2007e-07,0.049531,0.056664
8.6476e-07,0.049527,0.056713
9.0811e-07,0.049523,0.056764
9.499e-07,0.049519,0.056815
9.8986e-07,0.049516,0.056868
1.0278e-06,0.049512,0.056922
1.0633e-06,0.049508,0.056977
1.0963e-06,0.049505,0.057034
1.1264e-06,0.049502,0.057091
1.1534e-06,0.049498,0.057149
1.1771e-06,0.049496,0.057209
1.1971e-06,0.049493,0.057269
1.2132e-06,0.04949,0.057331
1.2251e-06,0.049488,0.057393
1.2326e-06,0.049487,0.057456
1.2355e-06,0.049485,0.05752
1.2334e-06,0.049484,0.057585
1.2262e-06,0.049483,0.05765
1.2137e-06,0.049483,0.057716
1.1955e-06,0.049483,0.057783
1.1716e-06,0.049483,0.057851
1.1417e-06,0.049484,0.057919
1.1057e-06,0.049485,0.057987
1.0634e-06,0.049487,0.058056
1.0146e-06,0.049489,0.058126
9.5925e-07,0.049491,0.058196
8.9726e-07,0.049494,0.058266
8.2853e-07,0.049497,0.058336
7.5301e-07,0.0495,0.058407
6.7068e-07,0.049504,0.058478
5.8153e-07,0.049508,0.058548
4.8559e-07,0.049513,0.058619
3.8292e-07,0.049517,0.05869
2.736e-07,0.049522,0.058761
1.5776e-07,0.049527,0.058832
3.5535e-08,0.049532,0.058902
-9.2878e-08,0.049538,0.058972
-2.2726e-07,0.049543,0.059042
-3.6736e-07,0.049549,0.059112
-5.1288e-07,0.049554,0.059181
-6.6349e-07,0.04956,0.05925
-8.1883e-07,0.049565,0.059318
-9.7849e-07,0.049571,0.059386
-1.142e-06,0.049576,0.059453
-1.3089e-06,0.049581,0.059519
-1.4787e-06,0.049586,0.059584
-1.6508e-06,0.04959,0.059649
-1.8246e-06,0.049595,0.059713
-1.9995e-06,0.049598,0.059776
-2.1747e-06,0.049602,0.059838
-2.3496e-06,0.049605,0.059899
-2.5235e-06,0.049608,0.059959
-2.6955e-06,0.04961,0.060017
-2.8648e-06,0.049612,0.060075
-3.0306e-06,0.049614,0.060131
-3.192e-06,0.049614,0.060186
-3.3481e-06,0.049615,0.06024
-3.4979e-06,0.049615,0.060293
-3.6405e-06,0.049614,0.060344
-3.775e-06,0.049612,0.060393
-3.9002e-06,0.049611,0.060441
-4.0152e-06,0.049608,0.060487
-4.1189e-06,0.049605,0.060532
-4.2104e-06,0.049601,0.060575
-4.2885e-06,0.049597,0.060616
-4.3522e-06,0.049592,0.060655
-4.4005e-06,0.049587,0.060693
-4.4322e-06,0.049581,0.060729
-4.4464e-06,0.049575,0.060763
-4.4421e-06,0.049568,0.060794
-4.4181e-06,0.049561,0.060824
-4.3736e-06,0.049553,0.060852
-4.3075e-06,0.049545,0.060878
-4.2189e-06,0.049537,0.060901
-4.107e-06,0.049528,0.060923
-3.9708e-06,0.04952,0.060942
-3.8095e-06,0.049511,0.060959
-3.6224e-06,0.049502,0.060974
-3.4087e-06,0.049492,0.060987
-3.1678e-06,0.049483,0.060997
-2.8991e-06,0.049474,0.061005
-2.6021e-06,0.049465,0.06101
-2.2763e-06,0.049457,0.061013
-1.9213e-06,0.049448,0.061014
-1.5369e-06,0.04944,0.061013
-1.1228e-06,0.049432,0.061009
-6.7893e-07,0.049425,0.061002
-2.0529e-07,0.049419,0.060994
2.9807e-07,0.049413,0.060982
8.3097e-07,0.049408,0.060969
1.3931e-06,0.049404,0.060953
1.9841e-06,0.049401,0.060934
2.6035e-06,0.049399,0.060913
3.2507e-06,0.049397,0.060889
3.9248e-06,0.049398,0.060863
4.6251e-06,0.049399,0.060834
5.3507e-06,0.049402,0.060803
6.1004e-06,0.049406,0.06077
6.8731e-06,0.049411,0.060734
7.6674e-06,0.049418,0.060695
8.4819e-06,0.049427,0.060654
9.3151e-06,0.049437,0.06061
1.0165e-05,0.049449,0.060564
1.1031e-05,0.049463,0.060516
1.191e-05,0.049478,0.060464
1.28e-05,0.049496,0.060411
1.37e-05,0.049515,0.060355
1.4607e-05,0.049536,0.060296
1.5519e-05,0.049559,0.060235
1.6434e-05,0.049583,0.060171
1.7349e-05,0.04961,0.060105
1.8261e-05,0.049638,0.060037
1.917e-05,0.049669,0.059966
2.007e-05,0.049701,0.059893
2.0961e-05,0.049735,0.059817
2.184e-05,0.04977,0.059739
2.2703e-05,0.049808,0.059658
2.3549e-05,0.049847,0.059575
2.4374e-05,0.049887,0.05949
2.5176e-05,0.049929,0.059403
2.5952e-05,0.049973,0.059313
2.67e-05,0.050018,0.059222
2.7417e-05,0.050064,0.059128
2.8101e-05,0.050112,0.059032
2.875e-05,0.050161,0.058934
2.936e-05,0.05021,0.058835
2.9931e-05,0.050261,0.058733
3.0459e-05,0.050312,0.05863
3.0943e-05,0.050364,0.058525
3.1381e-05,0.050417,0.058418
3.1772e-05,0.05047,0.05831
3.2114e-05,0.050523,0.0582
3.2405e-05,0.050576,0.05809
3.2645e-05,0.05063,0.057978
3.2833e-05,0.050683,0.057865
3.2967e-05,0.050736,0.057751
3.3048e-05,0.050789,0.057636
3.3075e-05,0.050841,0.057521
3.3048e-05,0.050892,0.057405
3.2967e-05,0.050943,0.057289
3.2833e-05,0.050992,0.057172
3.2645e-05,0.051041,0.057056
3.2405e-05,0.051088,0.05694
3.2114e-05,0.051134,0.056823
3.1772e-05,0.051178,0.056708
3.1381e-05,0.051221,0.056592
3.0943e-05,0.051262,0.056478
3.0459e-05,0.051301,0.056365
2.9931e-05,0.051338,0.056252
2.936e-05,0.051373,0.056141
2.875e-05,0.051406,0.056031
2.8101e-05,0.051437,0.055923
2.7417e-05,0.051465,0.055817
2.67e-05,0.05149,0.055712
2.5952e-05,0.051513,0.05561
2.5176e-05,0.051533,0.05551
2.4374e-05,0.051551,0.055412
2.3549e-05,0.051565,0.055317
2.2703e-05,0.051577,0.055225
2.184e-05,0.051586,0.055136
2.0961e-05,0.051592,0.055049
2.007e-05,0.051595,0.054966
1.917e-05,0.051595,0.054886
1.8261e-05,0.051592,0.05481
1.7349e-05,0.051586,0.054737
1.6434e-05,0.051577,0.054668
1.5519e-05,0.051565,0.054602
1.4607e-05,0.05155,0.054541
1.37e-05,0.051532,0.054483
1.28e-05,0.05151,0.05443
1.191e-05,0.051486,0.054381
1.1031e-05,0.05146,0.054335
1.0165e-05,0.05143,0.054294
9.3151e-06,0.051398,0.054258
8.4819e-06,0.051363,0.054225
7.6674e-06,0.051325,0.054197
6.8731e-06,0.051285,0.054174
6.1004e-06,0.051242,0.054155
5.3507e-06,0.051197,0.05414
4.6251e-06,0.05115,0.054129
3.9248e-06,0.051101,0.054123
3.2507e-06,0.05105,0.054121
2.6035e-06,0.050997,0.054123
1.9841e-06,0.050942,0.05413
1.3931e-06,0.050885,0.05414
8.3097e-07,0.050828,0.054155
2.9807e-07,0.050768,0.054173
-2.0529e-07,0.050708,0.054196
-6.7893e-07,0.050647,0.054222
-1.1228e-06,0.050584,0.054252
-1.5369e-06,0.050521,0.054285
-1.9213e-06,0.050457,0.054322
-2.2763e-06,0.050393,0.054362
-2.6021e-06,0.050329,0.054405
-2.8991e-06,0.050264,0.054451
-3.1678e-06,0.050199,0.0545
-3.4087e-06,0.050135,0.054552
-3.6224e-06,0.050071,0.054606
-3.8095e-06,0.050007,0.054663
-3.9708e-06,0.049944,0.054721
-4.107e-06,0.049881,0.054782
-4.2189e-06,0.049819,0.054845
-4.3075e-06,0.049759,0.05491
-4.3736e-06,0.049699,0.054976
-4.4181e-06,0.049641,0.055043
-4.4421e-06,0.049584,0.055111
-4.4464e-06,0.049529,0.055181
-4.4322e-06,0.049476,0.055251
-4.4005e-06,0.049424,0.055322
-4.3522e-06,0.049375,0.055394
-4.2885e-06,0.049327,0.055465
-4.2104e-06,0.049282,0.055537
-4.1189e-06,0.049238,0.055609
-4.0152e-06,0.049198,0.055681
-3.9002e-06,0.04916,0.055752
-3.775e-06,0.049124,0.055823
-3.6405e-06,0.049091,0.055893
-3.4979e-06,0.049061,0.055962
-3.3481e-06,0.049034,0.05603
-3.192e-06,0.04901,0.056098
-3.0306e-06,0.048989,0.056164
-2.8648e-06,0.048971,0.056228
-2.6955e-06,0.048956,0.056291
-2.5235e-06,0.048945,0.056353
-2.3496e-06,0.048936,0.056413
-2.1747e-06,0.048931,0.056471
-1.9995e-06,0.04893,0.056527
-1.8246e-06,0.048932,0.056582
-1.6508e-06,0.048937,0.056634
-1.4787e-06,0.048946,0.056684
-1.3089e-06,0.048958,0.056733
-1.142e-06,0.048973,0.056779
-9.7849e-07,0.048992,0.056823
-8.1883e-07,0.049015,0.056864
-6.6349e-07,0.04904,0.056904
-5.1288e-07,0.049069,0.056941
-3.6736e-07,0.049101,0.056976
-2.2726e-07,0.049137,0.057008
-9.2878e-08,0.049175,0.057039
3.5535e-08,0.049217,0.057067
1.5776e-07,0.049262,0.057093
2.736e-07,0.049309,0.057117
3.8292e-07,0.049359,0.057138
4.8559e-07,0.049412,0.057158
5.8153e-07,0.049468,0.057175
6.7068e-07,0.049525,0.057191
7.5301e-07,0.049586,0.057204
8.2853e-07,0.049648,0.057216
8.9726e-07,0.049712,0.057225
9.5925e-07,0.049778,0.057233
1.0146e-06,0.049846,0.05724
1.0634e-06,0.049916,0.057244
1.1057e-06,0.049986,0.057247
1.1417e-06,0.050058,0.057249
1.1716e-06,0.050131,0.057249
1.1955e-06,0.050205,0.057248
1.2137e-06,0.050279,0.057245
1.2262e-06,0.050354,0.057241
1.2334e-06,0.050429,0.057236
1.2355e-06,0.050504,0.05723
1.2326e-06,0.050578,0.057222
1.2251e-06,0.050653,0.057214
1.2132e-06,0.050726,0.057205
1.1971e-06,0.050799,0.057194
1.1771e-06,0.050872,0.057183
1.1534e-06,0.050942,0.057171
1.1264e-06,0.051012,0.057158
1.0963e-06,0.05108,0.057144
1.0633e-06,0.051146,0.05713
1.0278e-06,0.051211,0.057114
9.8986e-07,0.051273,0.057098
9.499e-07,0.051334,0.057081
9.0811e-07,0.051392,0.057064
8.6476e-07,0.051447,0.057045
8.2007e-07,0.0515,0.057026
7.7429e-07,0.05155,0.057006
7.2765e-07,0.051597,0.056985
6.8037e-07,0.051641,0.056964
6.3265e-07,0.051682,0.056942
5.8471e-07,0.05172,0.056919
5.3675e-07,0.051755,0.056895
4.8894e-07,0.051786,0.05687
4.4147e-07,0.051814,0.056844
3.945e-07,0.051838,0.056817
3.482e-07,0.051859,0.05679
3.0271e-07,0.051876,0.056761
2.5817e-07,0.05189,0.056732
2.1471e-07,0.0519,0.056701
1.7244e-07,0.051907,0.05667
1.3148e-07,0.05191,0.056637
9.1918e-08,0.051909,0.056603
5.3844e-08,0.051905,0.056568
1.7336e-08,0.051898,0.056532
-1.7539e-08,0.051887,0.056495
-5.0721e-08,0.051873,0.056456
-8.2162e-08,0.051856,0.056416
-1.1182e-07,0.051836,0.056375
-1.3967e-07,0.051812,0.056333
-1.6568e-07,0.051786,0.056289
-1.8984e-07,0.051757,0.056245
-2.1215e-07,0.051725,0.056198
-2.326e-07,0.051691,0.056151
-2.512e-07,0.051654,0.056103
-2.6796e-07,0.051615,0.056053
-2.8292e-07,0.051574,0.056002
-2.9608e-07,0.051531,0.05595
-3.075e-07,0.051487,0.055897
-3.172e-07,0.051441,0.055842
-3.2523e-07,0.051393,0.055787
-3.3163e-07,0.051345,0.05573
-3.3646e-07,0.051295,0.055673
-3.3977e-07,0.051245,0.055615
-3.4162e-07,0.051194,0.055556
-3.4207e-07,0.051143,0.055496
-3.4118e-07,0.051091,0.055435
-3.3903e-07,0.05104,0.055374
-3.3567e-07,0.050989,0.055312
-3.3118e-07,0.050938,0.05525
-3.2562e-07,0.050888,0.055187
-3.1908e-07,0.050839,0.055124
-3.1161e-07,0.05079,0.05506
-3.033e-07,0.050743,0.054997
-2.9421e-07,0.050698,0.054933
-2.8441e-07,0.050653,0.05487
-2.7398e-07,0.050611,0.054806
-2.6299e-07,0.05057,0.054743
-2.515e-07,0.050531,0.05468
-2.3958e-07,0.050495,0.054617
-2.273e-07,0.05046,0.054555
-2.1472e-07,0.050429,0.054494
-2.019e-07,0.050399,0.054433
-1.8891e-07,0.050372,0.054373
-1.758e-07,0.050348,0.054313
-1.6263e-07,0.050327,0.054255
-1.4945e-07,0.050308,0.054198
-1.3631e-07,0.050292,0.054141
-1.2327e-07,0.050279,0.054086
-1.1037e-07,0.05027,0.054032
-9.7641e-08,0.050263,0.053979
-8.5138e-08,0.050259,0.053927
-7.2894e-08,0.050258,0.053877
-6.0944e-08,0.05026,0.053828
-4.932e-08,0.050264,0.05378
-3.8052e-08,0.050272,0.053734
-2.7167e-08,0.050283,0.053689
-1.6688e-08,0.050296,0.053646
-6.6371e-09,0.050312,0.053604
2.9676e-09,0.05033,0.053564
1.211e-08,0.050351,0.053525
2.0776e-08,0.050375,0.053488
2.8956e-08,0.0504,0.053452
3.6639e-08,0.050428,0.053417
4.3821e-08,0.050458,0.053384
5.0497e-08,0.05049,0.053352
5.6665e-08,0.050523,0.053321
6.2325e-08,0.050558,0.053292
6.7478e-08,0.050595,0.053263
7.213e-08,0.050633,0.053236
7.6286e-08,0.050671,0.05321
7.9952e-08,0.050711,0.053185
8.3139e-08,0.050752,0.053161
8.5855e-08,0.050793,0.053138
8.8113e-08,0.050834,0.053116
8.9925e-08,0.050876,0.053094
9.1306e-08,0.050917,0.053074
9.227e-08,0.050958,0.053054
9.2833e-08,0.050999,0.053034
9.3012e-08,0.05104,0.053016
9.2824e-08,0.051079,0.052998
9.2287e-08,0.051118,0.05298
9.142e-08,0.051155,0.052963
9.0241e-08,0.051192,0.052946
8.877e-08,0.051226,0.05293
8.7025e-08,0.05126,0.052914
8.5028e-08,0.051291,0.052898
8.2796e-08,0.05132,0.052883
8.035e-08,0.051348,0.052868
7.7709e-08,0.051373,0.052853
7.4892e-08,0.051396,0.052839
7.1919e-08,0.051417,0.052825
6.8809e-08,0.051435,0.052812
6.5579e-08,0.05145,0.052799
6.2248e-08,0.051463,0.052786
5.8834e-08,0.051474,0.052773
5.5353e-08,0.051481,0.052761
5.1822e-08,0.051486,0.052749
4.8257e-08,0.051488,0.052738
4.4674e-08,0.051488,0.052727
4.1087e-08,0.051484,0.052717
3.7509e-08,0.051478,0.052707
3.3955e-08,0.051469,0.052698
3.0437e-08,0.051458,0.052689
2.6967e-08,0.051444,0.052681
2.3555e-08,0.051428,0.052673
2.0213e-08,0.051409,0.052666
1.695e-08,0.051388,0.05266
1.3775e-08,0.051365,0.052654
1.0696e-08,0.05134,0.052649
7.72e-09,0.051313,0.052645
4.854e-09,0.051284,0.052642
2.1038e-09,0.051254,0.052639
-5.2537e-10,0.051222,0.052638
-3.0292e-09,0.05119,0.052637
-5.4037e-09,0.051156,0.052637
-7.6461e-09,0.051121,0.052637
-9.7536e-09,0.051086,0.052639
-1.1725e-08,0.05105,0.052641
-1.3558e-08,0.051014,0.052644
-1.5253e-08,0.050978,0.052648
-1.681e-08,0.050942,0.052652
-1.8229e-08,0.050906,0.052658
-1.9511e-08,0.050871,0.052664
-2.0657e-08,0.050837,0.052671
-2.1671e-08,0.050803,0.052678
-2.2553e-08,0.050771,0.052686
-2.3307e-08,0.05074,0.052694
-2.3935e-08,0.05071,0.052703
-2.4442e-08,0.050682,0.052713
-2.4831e-08,0.050655,0.052723
-2.5106e-08,0.050631,0.052733
-2.5271e-08,0.050608,0.052743
-2.5331e-08,0.050588,0.052754
-2.5291e-08,0.05057,0.052764
-2.5155e-08,0.050554,0.052775
-2.4928e-08,0.050541,0.052786
-2.4616e-08,0.05053,0.052796
-2.4224e-08,0.050522,0.052807
-2.3757e-08,0.050517,0.052817
-2.322e-08,0.050514,0.052827
-2.2619e-08,0.050515,0.052836
-2.1959e-08,0.050517,0.052845
-2.1245e-08,0.050523,0.052854
-2.0483e-08,0.050531,0.052862
-1.9678e-08,0.050542,0.052869
-1.8834e-08,0.050556,0.052876
-1.7958e-08,0.050573,0.052882
-1.7054e-08,0.050592,0.052887
-1.6126e-08,0.050613,0.052891
-1.518e-08,0.050637,0.052895
-1.4219e-08,0.050663,0.052897
-1.3249e-08,0.050692,0.052899
-1.2273e-08,0.050722,0.0529
-1.1296e-08,0.050755,0.052899
-1.0321e-08,0.050789,0.052898
-9.3524e-09,0.050825,0.052896
-8.3929e-09,0.050862,0.052892
-7.4461e-09,0.050901,0.052888
-6.515e-09,0.050941,0.052882
-5.6025e-09,0.050982,0.052875
-4.7113e-09,0.051024,0.052868
-3.8437e-09,0.051067,0.052859
-3.002e-09,0.05111,0.052849
-2.1883e-09,0.051153,0.052838
-1.4043e-09,0.051196,0.052826
-6.5167e-10,0.05124,0.052814
6.8137e-11,0.051283,0.0528
7.539e-10,0.051325,0.052785
1.4046e-09,0.051367,0.052769
2.0193e-09,0.051409,0.052753
2.5974e-09,0.051449,0.052735
3.1384e-09,0.051488,0.052717
3.6418e-09,0.051525,0.052698
4.1077e-09,0.051562,0.052678
4.5358e-09,0.051596,0.052658
4.9263e-09,0.051629,0.052637
5.2796e-09,0.05166,0.052616
5.5959e-09,0.051689,0.052594
5.8758e-09,0.051716,0.052572
6.1199e-09,0.05174,0.052549
6.329e-09,0.051762,0.052526
6.5039e-09,0.051781,0.052503
6.6455e-09,0.051798,0.052479
6.7548e-09,0.051813,0.052456
6.833e-09,0.051824,0.052432
6.8812e-09,0.051833,0.052409
6.9006e-09,0.051839,0.052386
6.8925e-09,0.051842,0.052363
6.8582e-09,0.051843,0.05234
6.7991e-09,0.05184,0.052317
6.7165e-09,0.051835,0.052295
6.612e-09,0.051826,0.052273
6.4869e-09,0.051815,0.052252
6.3426e-09,0.051801,0.052231
6.1807e-09,0.051784,0.052211
6.0025e-09,0.051765,0.052192
5.8096e-09,0.051742,0.052174
5.6034e-09,0.051717,0.052156
5.3852e-09,0.05169,0.052139
5.1565e-09,0.05166,0.052124
4.9187e-09,0.051628,0.052109
4.673e-09,0.051593,0.052095
4.4209e-09,0.051556,0.052083
4.1636e-09,0.051517,0.052072
3.9023e-09,0.051477,0.052061
3.6383e-09,0.051434,0.052053
3.3726e-09,0.051389,0.052045
3.1064e-09,0.051343,0.052039
2.8407e-09,0.051296,0.052035
2.5765e-09,0.051247,0.052032
2.3148e-09,0.051197,0.05203
2.0565e-09,0.051146,0.052031
1.8023e-09,0.051094,0.052032
1.5531e-09,0.051041,0.052036
1.3097e-09,0.050988,0.052041
1.0726e-09,0.050934,0.052048
8.4251e-10,0.05088,0.052057
6.1998e-10,0.050825,0.052067
4.055e-10,0.05077,0.052079
1.9952e-10,0.050716,0.052094
2.4335e-12,0.050661,0.05211
-1.8541e-10,0.050607,0.052128
-3.6372e-10,0.050553,0.052148
-5.3226e-10,0.050499,0.05217
-6.9084e-10,0.050446,0.052194
-8.3932e-10,0.050394,0.05222
-9.776e-10,0.050342,0.052247
-1.1056e-09,0.050291,0.052277
-1.2234e-09,0.050241,0.052309
-1.3309e-09,0.050192,0.052343
-1.4282e-09,0.050144,0.052378
-1.5155e-09,0.050097,0.052416
-1.5928e-09,0.050052,0.052455
-1.6603e-09,0.050007,0.052496
-1.7183e-09,0.049964,0.052539
-1.767e-09,0.049922,0.052583
-1.8065e-09,0.049881,0.05263
-1.8373e-09,0.049842,0.052677
-1.8595e-09,0.049803,0.052727
-1.8735e-09,0.049767,0.052778
-1.8796e-09,0.049731,0.05283
-1.8782e-09,0.049697,0.052883
-1.8696e-09,0.049665,0.052938
-1.8542e-09,0.049634,0.052994
-1.8324e-09,0.049604,0.053051
-1.8046e-09,0.049575,0.053109
-1.7711e-09,0.049548,0.053168
-1.7323e-09,0.049522,0.053227
-1.6887e-09,0.049498,0.053287
-1.6407e-09,0.049475,0.053348
-1.5885e-09,0.049453,0.053409
-1.5327e-09,0.049433,0.05347
-1.4736e-09,0.049414,0.053531
-1.4116e-09,0.049396,0.053592
-1.3471e-09,0.049379,0.053654
-1.2804e-09,0.049364,0.053715
-1.2119e-09,0.04935,0.053775
-1.1419e-09,0.049337,0.053835
-1.0709e-09,0.049326,0.053895
-9.99e-10,0.049315,0.053954
-9.2666e-10,0.049306,0.054011
-8.5414e-10,0.049298,0.054068
-7.8173e-10,0.049291,0.054123
-7.0971e-10,0.049286,0.054178
-6.3833e-10,0.049281,0.05423
-5.6784e-10,0.049278,0.054281
-4.9847e-10,0.049276,0.054331
-4.3044e-10,0.049275,0.054378
-3.6394e-10,0.049275,0.054424
-2.9916e-10,0.049276,0.054468
-2.3626e-10,0.049278,0.054509
-1.7541e-10,0.049282,0.054548
-1.1673e-10,0.049286,0.054585
-6.0364e-11,0.049292,0.054619
-6.4063e-12,0.049298,0.054651
4.5043e-11,0.049306,0.05468
9.3905e-11,0.049315,0.054706
1.4011e-10,0.049325,0.054729
1.8361e-10,0.049336,0.05475
2.2436e-10,0.049348,0.054767
2.6233e-10,0.049361,0.054782
2.9751e-10,0.049375,0.054794
3.2989e-10,0.049391,0.054802
3.5948e-10,0.049407,0.054807
3.863e-10,0.049424,0.05481
4.1037e-10,0.049443,0.054809
4.3173e-10,0.049462,0.054805
4.5042e-10,0.049482,0.054797
4.665e-10,0.049504,0.054787
4.8002e-10,0.049526,0.054773
4.9106e-10,0.04955,0.054756
4.997e-10,0.049574,0.054736
5.06e-10,0.049599,0.054713
5.1005e-10,0.049625,0.054687
5.1195e-10,0.049653,0.054658
5.1178e-10,0.049681,0.054626
5.0966e-10,0.049709,0.054591
5.0566e-10,0.049739,0.054554
4.9991e-10,0.049769,0.054513
4.925e-10,0.0498,0.05447
4.8354e-10,0.049832,0.054425
4.7313e-10,0.049864,0.054377
4.6139e-10,0.049897,0.054327
4.4843e-10,0.049931,0.054274
4.3434e-10,0.049964,0.05422
4.1924e-10,0.049999,0.054163
4.0324e-10,0.050033,0.054105
3.8643e-10,0.050068,0.054045
3.6892e-10,0.050103,0.053984
3.5081e-10,0.050138,0.053921
3.322e-10,0.050174,0.053858
3.1318e-10,0.050209,0.053793
2.9385e-10,0.050244,0.053727
2.7429e-10,0.050279,0.053661
2.5459e-10,0.050313,0.053595
2.3484e-10,0.050348,0.053528
2.151e-10,0.050381,0.05346
1.9547e-10,0.050415,0.053393
1.76e-10,0.050447,0.053327
1.5677e-10,0.050479,0.05326
1.3784e-10,0.05051,0.053195
1.1926e-10,0.05054,0.05313
1.011e-10,0.05057,0.053066
8.3397e-11,0.050598,0.053003
6.6205e-11,0.050625,0.052942
4.9565e-11,0.050651,0.052882
3.3515e-11,0.050675,0.052824
1.8089e-11,0.050698,0.052768
3.3172e-12,0.05072,0.052713
-1.0774e-11,0.050741,0.052661
-2.4163e-11,0.050759,0.05261
-3.683e-11,0.050776,0.052562
-4.876e-11,0.050792,0.052517
-5.9943e-11,0.050805,0.052474
-7.037e-11,0.050817,0.052433
-8.0037e-11,0.050828,0.052395
-8.8941e-11,0.050836,0.05236
-9.7085e-11,0.050842,0.052327
-1.0447e-10,0.050847,0.052298
-1.1111e-10,0.05085,0.052271
-1.1701e-10,0.050851,0.052246
-1.2218e-10,0.05085,0.052225
-1.2664e-10,0.050847,0.052206
-1.304e-10,0.050843,0.05219
-1.3348e-10,0.050836,0.052176
-1.359e-10,0.050828,0.052165
-1.3768e-10,0.050818,0.052157
-1.3885e-10,0.050807,0.052151
-1.3943e-10,0.050793,0.052147
-1.3945e-10,0.050778,0.052146
-1.3893e-10,0.050762,0.052146
-1.3789e-10,0.050744,0.052149
-1.3638e-10,0.050725,0.052153
-1.344e-10,0.050704,0.052159
-1.3201e-10,0.050682,0.052167
-1.2922e-10,0.050659,0.052176
-1.2606e-10,0.050635,0.052187
-1.2256e-10,0.050609,0.052199
-1.1875e-10,0.050583,0.052211
-1.1467e-10,0.050556,0.052225
-1.1033e-10,0.050528,0.052239
-1.0578e-10,0.050499,0.052254
-1.0103e-10,0.05047,0.052269
-9.6111e-11,0.050441,0.052285
-9.1054e-11,0.050411,0.052301
-8.5884e-11,0.05038,0.052317
-8.0626e-11,0.05035,0.052333
-7.5303e-11,0.050319,0.052348
-6.9941e-11,0.050289,0.052363
-6.456e-11,0.050258,0.052378
-5.9183e-11,0.050228,0.052393
-5.383e-11,0.050198,0.052407
-4.8522e-11,0.050168,0.05242
-4.3275e-11,0.050139,0.052433
-3.8107e-11,0.05011,0.052445
-3.3036e-11,0.050082,0.052456
-2.8075e-11,0.050055,0.052466
-2.3238e-11,0.050028,0.052476
-1.8539e-11,0.050002,0.052484
-1.3989e-11,0.049977,0.052492
-9.5992e-12,0.049953,0.052499
-5.378e-12,0.04993,0.052505
-1.3341e-12,0.049908,0.052511
2.5251e-12,0.049887,0.052515
6.1935e-12,0.049867,0.052519
9.6658e-12,0.049848,0.052522
1.2938e-11,0.049831,0.052525
1.6007e-11,0.049814,0.052527
1.887e-11,0.0498,0.052529
2.1526e-11,0.049786,0.05253
2.3974e-11,0.049774,0.052531
2.6215e-11,0.049764,0.052532
2.825e-11,0.049754,0.052533
3.008e-11,0.049747,0.052534
3.1709e-11,0.04974,0.052535
3.3139e-11,0.049736,0.052536
3.4374e-11,0.049733,0.052538
3.5419e-11,0.049731,0.05254
3.6278e-11,0.049731,0.052543
3.6957e-11,0.049732,0.052547
3.7462e-11,0.049735,0.052552
3.7799e-11,0.04974,0.052557
3.7974e-11,0.049746,0.052564
3.7994e-11,0.049753,0.052572
3.7868e-11,0.049762,0.052581
3.7601e-11,0.049773,0.052592
3.7202e-11,0.049785,0.052604
3.6678e-11,0.049798,0.052618
3.6037e-11,0.049813,0.052634
3.5288e-11,0.049829,0.052651
3.4438e-11,0.049846,0.05267
3.3495e-11,0.049865,0.052691
3.2467e-11,0.049885,0.052713
3.1362e-11,0.049907,0.052738
3.0189e-11,0.049929,0.052764
2.8953e-11,0.049953,0.052793
2.7665e-11,0.049977,0.052823
2.633e-11,0.050003,0.052855
2.4956e-11,0.050029,0.052889
2.3551e-11,0.050057,0.052924
2.2121e-11,0.050085,0.052962
2.0673e-11,0.050114,0.053
1.9213e-11,0.050144,0.053041
1.7747e-11,0.050174,0.053082
1.6282e-11,0.050205,0.053126
1.4823e-11,0.050236,0.05317
1.3375e-11,0.050268,0.053215
1.1944e-11,0.0503,0.053261
1.0533e-11,0.050332,0.053308
9.1488e-12,0.050365,0.053356
7.7939e-12,0.050397,0.053403
6.4725e-12,0.05043,0.053452
5.1882e-12,0.050463,0.0535
3.9442e-12,0.050496,0.053548
2.7433e-12,0.050529,0.053595
1.5883e-12,0.050561,0.053643
4.813e-13,0.050594,0.053689
-5.7558e-13,0.050626,0.053735
-1.5806e-12,0.050658,0.05378
-2.5325e-12,0.05069,0.053823
-3.4298e-12,0.050721,0.053865
-4.2719e-12,0.050752,0.053906
-5.0579e-12,0.050783,0.053944
-5.7876e-12,0.050813,0.053981
-6.4608e-12,0.050842,0.054016
-7.0774e-12,0.050871,0.054048
-7.6378e-12,0.0509,0.054078
-8.1425e-12,0.050928,0.054106
-8.5921e-12,0.050956,0.05413
-8.9876e-12,0.050983,0.054152
-9.3298e-12,0.051009,0.054171
-9.62e-12,0.051035,0.054187
-9.8595e-12,0.05106,0.0542
-1.005e-11,0.051085,0.05421
-1.0192e-11,0.051109,0.054216
-1.0289e-11,0.051132,0.054219
-1.0341e-11,0.051155,0.054219
-1.0352e-11,0.051177,0.054215
-1.0321e-11,0.051199,0.054208
-1.0253e-11,0.05122,0.054197
-1.0148e-11,0.051241,0.054183
-1.0009e-11,0.051261,0.054166
-9.8376e-12,0.05128,0.054144
-9.6366e-12,0.051299,0.05412
-9.4079e-12,0.051318,0.054092
-9.1537e-12,0.051336,0.05406
-8.8761e-12,0.051354,0.054026
-8.5773e-12,0.051371,0.053988
-8.2595e-12,0.051387,0.053947
-7.9248e-12,0.051404,0.053903
-7.5753e-12,0.05142,0.053855
-7.2129e-12,0.051435,0.053805
-6.8398e-12,0.051451,0.053753
-6.4578e-12,0.051466,0.053697
-6.0689e-12,0.05148,0.053639
-5.6748e-12,0.051495,0.053579
-5.2773e-12,0.051509,0.053516
-4.8782e-12,0.051523,0.053452
-4.479e-12,0.051537,0.053385
-4.0812e-12,0.05155,0.053317
-3.6864e-12,0.051564,0.053247
-3.2959e-12,0.051577,0.053175
-2.9111e-12,0.05159,0.053102
-2.5331e-12,0.051603,0.053029
-2.163e-12,0.051616,0.052954
-1.802e-12,0.051629,0.052878
-1.451e-12,0.051642,0.052802
-1.1109e-12,0.051654,0.052726
-7.8245e-13,0.051667,0.052649
-4.664e-13,0.05168,0.052572
-1.6338e-13,0.051692,0.052495
1.2604e-13,0.051705,0.052419
4.0139e-13,0.051718,0.052343
6.6228e-13,0.05173,0.052268
9.0837e-13,0.051743,0.052193
1.1394e-12,0.051755,0.05212
1.3552e-12,0.051768,0.052047
1.5557e-12,0.05178,0.051976
1.7407e-12,0.051793,0.051906
1.9104e-12,0.051806,0.051838
2.0647e-12,0.051818,0.051771
2.2039e-12,0.051831,0.051706
2.328e-12,0.051844,0.051643
2.4373e-12,0.051856,0.051582
2.5321e-12,0.051869,0.051523
2.6127e-12,0.051881,0.051466
2.6794e-12,0.051894,0.051412
2.7327e-12,0.051906,0.05136
2.7729e-12,0.051918,0.05131
2.8006e-12,0.051931,0.051263
2.8162e-12,0.051943,0.051219
2.8201e-12,0.051955,0.051177
2.8131e-12,0.051967,0.051138
2.7955e-12,0.051979,0.051101
2.768e-12,0.05199,0.051067
2.7311e-12,0.052002,0.051036
2.6854e-12,0.052013,0.051008
2.6315e-12,0.052024,0.050982
2.57e-12,0.052034,0.050959
2.5015e-12,0.052045,0.050939
2.4265e-12,0.052055,0.050921
2.3457e-12,0.052065,0.050907
2.2597e-12,0.052074,0.050895
2.169e-12,0.052083,0.050885
2.0742e-12,0.052092,0.050878
1.9758e-12,0.0521,0.050874
1.8745e-12,0.052108,0.050872
1.7707e-12,0.052115,0.050872
1.6649e-12,0.052122,0.050875
1.5577e-12,0.052128,0.05088
1.4495e-12,0.052133,0.050888
1.3408e-12,0.052138,0.050897
1.232e-12,0.052143,0.050909
1.1236e-12,0.052146,0.050922
1.0159e-12,0.052149,0.050938
9.0941e-13,0.052151,0.050955
8.0438e-13,0.052153,0.050973
7.0119e-13,0.052154,0.050994
6.0013e-13,0.052154,0.051016
5.0151e-13,0.052153,0.051039
4.0558e-13,0.052151,0.051063
3.1259e-13,0.052149,0.051089
2.2276e-13,0.052145,0.051115
1.3628e-13,0.052141,0.051142
5.3343e-14,0.052136,0.05117
-2.591e-14,0.05213,0.051199
-1.0135e-13,0.052123,0.051229
-1.7285e-13,0.052116,0.051258
-2.4033e-13,0.052107,0.051288
-3.0372e-13,0.052098,0.051318
-3.6296e-13,0.052088,0.051348
-4.1803e-13,0.052077,0.051378
-4.689e-13,0.052065,0.051408
-5.1557e-13,0.052053,0.051438
-5.5807e-13,0.05204,0.051467
-5.9642e-13,0.052026,0.051495
-6.3067e-13,0.052011,0.051523
-6.6089e-13,0.051996,0.05155
-6.8714e-13,0.05198,0.051576
-7.0951e-13,0.051964,0.051601
-7.281e-13,0.051947,0.051625
-7.4301e-13,0.05193,0.051647
-7.5435e-13,0.051912,0.051668
-7.6226e-13,0.051895,0.051688
-7.6685e-13,0.051876,0.051707
-7.6828e-13,0.051858,0.051723
-7.6667e-13,0.05184,0.051738
-7.6219e-13,0.051821,0.051751
-7.5498e-13,0.051803,0.051763
-7.452e-13,0.051784,0.051772
-7.3301e-13,0.051766,0.05178
-7.1856e-13,0.051748,0.051785
-7.0203e-13,0.05173,0.051789
-6.8356e-13,0.051713,0.05179
-6.6332e-13,0.051696,0.051789
-6.4148e-13,0.05168,0.051786
-6.1819e-13,0.051664,0.051781
-5.9362e-13,0.051649,0.051773
-5.679e-13,0.051635,0.051764
-5.4121e-13,0.051621,0.051751
-5.1368e-13,0.051609,0.051737
-4.8547e-13,0.051597,0.05172
-4.567e-13,0.051586,0.051701
-4.2753e-13,0.051577,0.05168
-3.9808e-13,0.051568,0.051656
-3.6848e-13,0.051561,0.05163
-3.3884e-13,0.051555,0.051602
-3.0929e-13,0.05155,0.051571
-2.7994e-13,0.051547,0.051539
-2.5088e-13,0.051544,0.051504
-2.2223e-13,0.051543,0.051466
-1.9406e-13,0.051544,0.051427
-1.6646e-13,0.051545,0.051385
-1.3952e-13,0.051549,0.051342
-1.133e-13,0.051553,0.051296
-8.7878e-14,0.051559,0.051249
-6.3311e-14,0.051566,0.051199
-3.9652e-14,0.051575,0.051148
-1.695e-14,0.051584,0.051095
4.751e-15,0.051595,0.05104
2.5416e-14,0.051608,0.050983
4.5012e-14,0.051621,0.050925
6.3516e-14,0.051636,0.050865
8.0907e-14,0.051652,0.050804
9.7169e-14,0.051669,0.050741
1.1229e-13,0.051687,0.050677
1.2628e-13,0.051706,0.050611
1.3912e-13,0.051726,0.050544
1.5082e-13,0.051747,0.050477
1.6139e-13,0.051769,0.050408
1.7084e-13,0.051791,0.050338
1.7919e-13,0.051814,0.050267
1.8646e-13,0.051838,0.050195
1.9267e-13,0.051862,0.050122
1.9784e-13,0.051887,0.050049
2.0201e-13,0.051912,0.049975
2.052e-13,0.051938,0.049901
2.0746e-13,0.051963,0.049826
2.0881e-13,0.051989,0.04975
2.0929e-13,0.052015,0.049675
2.0894e-13,0.052041,0.049599
2.078e-13,0.052067,0.049523
2.0592e-13,0.052093,0.049447
2.0333e-13,0.052119,0.049371
2.0008e-13,0.052144,0.049295
1.962e-13,0.052169,0.04922
1.9176e-13,0.052194,0.049145
1.8678e-13,0.052218,0.04907
1.8132e-13,0.052241,0.048995
1.7542e-13,0.052264,0.048922
1.6912e-13,0.052286,0.048849
1.6246e-13,0.052307,0.048777
1.5548e-13,0.052328,0.048705
1.4824e-13,0.052347,0.048635
1.4076e-13,0.052365,0.048566
1.3309e-13,0.052383,0.048497
1.2527e-13,0.052399,0.048431
1.1734e-13,0.052414,0.048365
1.0932e-13,0.052427,0.048301
1.0126e-13,0.05244,0.048239
9.3186e-14,0.05245,0.048178
8.5133e-14,0.05246,0.048118
7.7129e-14,0.052468,0.048061
6.9204e-14,0.052474,0.048006
6.1384e-14,0.052479,0.047952
5.3694e-14,0.052482,0.0479
4.6158e-14,0.052483,0.047851
3.8798e-14,0.052483,0.047804
3.1634e-14,0.052481,0.047759
2.4684e-14,0.052477,0.047716
1.7966e-14,0.052471,0.047676
1.1493e-14,0.052464,0.047638
5.2797e-15,0.052454,0.047603
-6.6233e-16,0.052443,0.04757
-6.3229e-15,0.05243,0.04754
-1.1693e-14,0.052415,0.047512
-1.6767e-14,0.052399,0.047487
-2.1538e-14,0.05238,0.047465
-2.6002e-14,0.05236,0.047446
-3.0156e-14,0.052338,0.047429
-3.3999e-14,0.052314,0.047415
-3.753e-14,0.052289,0.047404
-4.0751e-14,0.052262,0.047396
-4.3664e-14,0.052233,0.047391
-4.6272e-14,0.052203,0.047388
-4.858e-14,0.052171,0.047388
-5.0592e-14,0.052138,0.047391
-5.2314e-14,0.052103,0.047397
-5.3754e-14,0.052068,0.047405
-5.4919e-14,0.052031,0.047416
-5.5818e-14,0.051993,0.04743
-5.6459e-14,0.051953,0.047446
-5.6853e-14,0.051913,0.047465
-5.701e-14,0.051872,0.047486
-5.6939e-14,0.051831,0.04751
-5.6652e-14,0.051789,0.047536
-5.616e-14,0.051746,0.047564
-5.5475e-14,0.051703,0.047595
-5.4608e-14,0.051659,0.047628
-5.3572e-14,0.051615,0.047662
-5.2377e-14,0.051572,0.047699
-5.1037e-14,0.051528,0.047737
-4.9563e-14,0.051484,0.047778
-4.7967e-14,0.051441,0.047819
-4.6262e-14,0.051398,0.047863
-4.4458e-14,0.051356,0.047907
-4.2567e-14,0.051314,0.047953
-4.0601e-14,0.051273,0.048
-3.8571e-14,0.051233,0.048048
-3.6487e-14,0.051194,0.048097
-3.4361e-14,0.051155,0.048147
-3.2202e-14,0.051119,0.048197
-3.002e-14,0.051083,0.048247
-2.7825e-14,0.051049,0.048298
-2.5625e-14,0.051016,0.04835
-2.343e-14,0.050985,0.048401
-2.1248e-14,0.050955,0.048452
-1.9087e-14,0.050927,0.048502
-1.6953e-14,0.050901,0.048553
-1.4854e-14,0.050877,0.048602
-1.2796e-14,0.050855,0.048651
-1.0786e-14,0.050835,0.048699
-8.8279e-15,0.050817,0.048746
-6.9281e-15,0.050801,0.048792
-5.0907e-15,0.050787,0.048837
-3.32e-15,0.050775,0.04888
-1.6195e-15,0.050766,0.048922
7.3712e-18,0.050759,0.048962
1.5579e-15,0.050754,0.049
3.0296e-15,0.050751,0.049036
4.4206e-15,0.05075,0.04907
5.7293e-15,0.050752,0.049102
6.9545e-15,0.050756,0.049132
8.0954e-15,0.050762,0.049159
9.1515e-15,0.05077,0.049183
1.0123e-14,0.05078,0.049205
1.101e-14,0.050792,0.049224
1.1812e-14,0.050806,0.049241
1.2532e-14,0.050823,0.049254
1.3169e-14,0.050841,0.049265
1.3726e-14,0.050861,0.049273
1.4204e-14,0.050882,0.049277
1.4604e-14,0.050906,0.049278
1.493e-14,0.050931,0.049277
1.5182e-14,0.050957,0.049272
1.5365e-14,0.050985,0.049263
1.5479e-14,0.051015,0.049252
1.5529e-14,0.051045,0.049237
1.5516e-14,0.051077,0.049219
1.5444e-14,0.05111,0.049198
1.5316e-14,0.051144,0.049173
1.5135e-14,0.051179,0.049146
1.4904e-14,0.051215,0.049115
1.4627e-14,0.051251,0.049081
1.4306e-14,0.051289,0.049044
1.3945e-14,0.051326,0.049004
1.3547e-14,0.051364,0.048961
1.3116e-14,0.051403,0.048915
1.2654e-14,0.051442,0.048867
1.2166e-14,0.051481,0.048816
1.1653e-14,0.05152,0.048762
1.112e-14,0.051559,0.048706
1.0568e-14,0.051598,0.048648
1.0002e-14,0.051637,0.048587
9.424e-15,0.051676,0.048525
8.8367e-15,0.051715,0.048461
8.2429e-15,0.051753,0.048394
7.6452e-15,0.05179,0.048327
7.0461e-15,0.051827,0.048258
6.4479e-15,0.051864,0.048188
5.853e-15,0.0519,0.048116
5.2634e-15,0.051935,0.048044
4.6812e-15,0.05197,0.047971
4.1083e-15,0.052003,0.047897
3.5464e-15,0.052036,0.047823
2.9973e-15,0.052068,0.047748
2.4623e-15,0.052099,0.047674
1.943e-15,0.052129,0.047599
1.4406e-15,0.052157,0.047525
9.5616e-16,0.052185,0.047451
4.908e-16,0.052212,0.047377
4.5383e-17,0.052237,0.047304
-3.793e-16,0.052262,0.047232
-7.826e-16,0.052285,0.04716
-1.1639e-15,0.052307,0.04709
-1.5229e-15,0.052328,0.04702
-1.8592e-15,0.052347,0.046952
-2.1725e-15,0.052365,0.046885
-2.4627e-15,0.052382,0.04682
-2.7298e-15,0.052397,0.046756
-2.9739e-15,0.052412,0.046693
-3.195e-15,0.052424,0.046632
-3.3935e-15,0.052436,0.046573
-3.5696e-15,0.052446,0.046515
-3.7236e-15,0.052455,0.04646
-3.8561e-15,0.052462,0.046406
-3.9675e-15,0.052468,0.046354
-4.0583e-15,0.052472,0.046304
-4.1293e-15,0.052476,0.046255
-4.181e-15,0.052477,0.046209
-4.2142e-15,0.052478,0.046165
-4.2296e-15,0.052476,0.046123
-4.2279e-15,0.052474,0.046082
-4.2101e-15,0.05247,0.046044
-4.1768e-15,0.052465,0.046008
-4.129e-15,0.052458,0.045973
-4.0676e-15,0.05245,0.045941
-3.9933e-15,0.052441,0.04591
-3.9072e-15,0.05243,0.045882
-3.81e-15,0.052418,0.045855
-3.7027e-15,0.052405,0.04583
-3.5862e-15,0.05239,0.045807
-3.4613e-15,0.052374,0.045786
-3.329e-15,0.052357,0.045767
-3.19e-15,0.052338,0.045749
-3.0453e-15,0.052318,0.045733
-2.8956e-15,0.052297,0.045719
-2.7417e-15,0.052275,0.045707
-2.5846e-15,0.052252,0.045697
-2.4248e-15,0.052228,0.045688
-2.2632e-15,0.052202,0.045681
-2.1005e-15,0.052176,0.045675
-1.9373e-15,0.052148,0.045671
-1.7743e-15,0.05212,0.045669
-1.6121e-15,0.052091,0.045669
-1.4513e-15,0.052061,0.04567
-1.2924e-15,0.05203,0.045673
-1.1361e-15,0.051999,0.045677
-9.8265e-16,0.051966,0.045684
-8.3265e-16,0.051933,0.045691
-6.8648e-16,0.0519,0.045701
-5.4453e-16,0.051866,0.045712
-4.0714e-16,0.051832,0.045725
-2.7463e-16,0.051797,0.045739
-1.4728e-16,0.051763,0.045755
-2.534e-17,0.051728,0.045773
9.0976e-17,0.051693,0.045793
2.0148e-16,0.051658,0.045814
3.0603e-16,0.051622,0.045837
4.0449e-16,0.051588,0.045861
4.9676e-16,0.051553,0.045888
5.828e-16,0.051519,0.045916
6.6255e-16,0.051485,0.045945
7.36e-16,0.051451,0.045976
8.0317e-16,0.051419,0.046009
8.641e-16,0.051387,0.046044
9.1883e-16,0.051355,0.04608
9.6745e-16,0.051325,0.046118
1.0101e-15,0.051295,0.046157
1.0468e-15,0.051266,0.046198
1.0777e-15,0.051239,0.046241
1.1031e-15,0.051212,0.046284
1.123e-15,0.051187,0.04633
1.1377e-15,0.051163,0.046377
1.1473e-15,0.051141,0.046425
1.152e-15,0.05112,0.046475
1.152e-15,0.0511,0.046525
1.1476e-15,0.051082,0.046577
1.139e-15,0.051065,0.046631
1.1264e-15,0.05105,0.046685
1.1101e-15,0.051037,0.046741
1.0902e-15,0.051026,0.046797
1.0671e-15,0.051016,0.046854
1.0409e-15,0.051007,0.046912
1.012e-15,0.051001,0.046971
9.8051e-16,0.050996,0.047031
9.4673e-16,0.050993,0.047091
9.1089e-16,0.050992,0.047151
8.7321e-16,0.050993,0.047212
8.3394e-16,0.050995,0.047273
7.933e-16,0.050999,0.047335
7.5151e-16,0.051005,0.047396
7.0878e-16,0.051013,0.047457
6.6533e-16,0.051022,0.047519
6.2135e-16,0.051033,0.047579
5.7704e-16,0.051046,0.04764
5.3259e-16,0.05106,0.0477
4.8817e-16,0.051075,0.047759
4.4396e-16,0.051093,0.047818
4.001e-16,0.051111,0.047875
3.5677e-16,0.051131,0.047932
3.1409e-16,0.051152,0.047987
2.7221e-16,0.051175,0.048041
2.3124e-16,0.051198,0.048093
1.913e-16,0.051223,0.048144
1.525e-16,0.051249,0.048193
1.1493e-16,0.051275,0.048241
7.8688e-17,0.051303,0.048286
4.3839e-17,0.051331,0.048329
1.0457e-17,0.05136,0.04837
-2.1399e-17,0.051389,0.048409
-5.1678e-17,0.051419,0.048445
-8.0336e-17,0.05145,0.048478
-1.0734e-16,0.05148,0.048509
-1.3266e-16,0.051511,0.048537
-1.5629e-16,0.051542,0.048562
-1.782e-16,0.051573,0.048584
-1.984e-16,0.051604,0.048603
-2.1688e-16,0.051634,0.048618
-2.3366e-16,0.051664,0.048631
-2.4875e-16,0.051694,0.04864
-2.6218e-16,0.051723,0.048645
-2.7397e-16,0.051752,0.048647
-2.8414e-16,0.051779,0.048646
-2.9275e-16,0.051806,0.048641
-2.9982e-16,0.051832,0.048633
-3.054e-16,0.051856,0.048621
-3.0955e-16,0.05188,0.048605
-3.1231e-16,0.051902,0.048586
-3.1373e-16,0.051922,0.048563
-3.1388e-16,0.051941,0.048537
-3.1281e-16,0.051958,0.048507
-3.1059e-16,0.051974,0.048474
-3.0728e-16,0.051987,0.048437
-3.0293e-16,0.051999,0.048397
-2.9762e-16,0.052008,0.048353
-2.9142e-16,0.052016,0.048307
-2.8438e-16,0.05202,0.048257
-2.7658e-16,0.052023,0.048203
-2.6807e-16,0.052023,0.048147
-2.5894e-16,0.052021,0.048088
-2.4923e-16,0.052016,0.048026
-2.3902e-16,0.052008,0.047961
-2.2836e-16,0.051997,0.047894
-2.1733e-16,0.051984,0.047824
-2.0598e-16,0.051968,0.047752
-1.9436e-16,0.051949,0.047677
-1.8255e-16,0.051927,0.0476
-1.7058e-16,0.051902,0.047521
-1.5852e-16,0.051874,0.04744
-1.4641e-16,0.051843,0.047357
-1.343e-16,0.051809,0.047273
-1.2225e-16,0.051773,0.047187
-1.1029e-16,0.051733,0.047099
-9.8469e-17,0.05169,0.047011
-8.6822e-17,0.051644,0.046921
-7.5387e-17,0.051595,0.04683
-6.4198e-17,0.051544,0.046738
-5.3286e-17,0.05149,0.046646
-4.2682e-17,0.051433,0.046553
-3.241e-17,0.051373,0.04646
-2.2496e-17,0.051311,0.046367
-1.296e-17,0.051246,0.046273
-3.8215e-18,0.051178,0.04618
4.9026e-18,0.051109,0.046087
1.3198e-17,0.051037,0.045995
2.1054e-17,0.050963,0.045903
2.846e-17,0.050887,0.045811
3.5408e-17,0.05081,0.045721
4.1894e-17,0.05073,0.045632
4.7915e-17,0.05065,0.045544
5.3468e-17,0.050567,0.045457
5.8554e-17,0.050484,0.045372
6.3176e-17,0.050399,0.045288
6.7337e-17,0.050314,0.045206
7.1044e-17,0.050228,0.045127
7.4303e-17,0.050141,0.045049
7.7123e-17,0.050055,0.044973
7.9513e-17,0.049968,0.0449
8.1484e-17,0.049881,0.044829
8.3049e-17,0.049794,0.044761
8.4221e-17,0.049708,0.044695
8.5013e-17,0.049623,0.044632
8.544e-17,0.049538,0.044572
8.5518e-17,0.049455,0.044514
8.5262e-17,0.049373,0.04446
8.469e-17,0.049293,0.044408
8.3819e-17,0.049215,0.044359
8.2665e-17,0.049138,0.044314
8.1247e-17,0.049064,0.044271
7.9582e-17,0.048993,0.044231
7.7689e-17,0.048924,0.044194
7.5585e-17,0.048859,0.04416
7.3288e-17,0.048796,0.044128
7.0817e-17,0.048737,0.0441
6.8189e-17,0.048682,0.044074
6.5422e-17,0.04863,0.04405
6.2532e-17,0.048583,0.044029
5.9537e-17,0.048539,0.044011
5.6453e-17,0.0485,0.043994
5.3296e-17,0.048466,0.04398
5.0082e-17,0.048436,0.043968
4.6825e-17,0.048411,0.043957
4.3541e-17,0.048392,0.043948
4.0244e-17,0.048377,0.04394
3.6946e-17,0.048367,0.043934
3.366e-17,0.048363,0.043928
3.0399e-17,0.048364,0.043924
2.7174e-17,0.048371,0.04392
2.3995e-17,0.048383,0.043917
2.0873e-17,0.0484,0.043914
1.7818e-17,0.048423,0.043911
1.4837e-17,0.048451,0.043908
1.1938e-17,0.048485,0.043905
9.1298e-18,0.048523,0.043901
6.4181e-18,0.048567,0.043897
3.8089e-18,0.048617,0.043892
1.3074e-18,0.048671,0.043885
-1.0817e-18,0.04873,0.043878
-3.3545e-18,0.048793,0.04387
-5.5077e-18,0.048861,0.04386
-7.5386e-18,0.048933,0.043849
-9.4452e-18,0.04901,0.043836
-1.1226e-17,0.04909,0.043821
-1.288e-17,0.049173,0.043805
-1.4406e-17,0.04926,0.043787
-1.5806e-17,0.04935,0.043766
-1.7079e-17,0.049442,0.043744
-1.8226e-17,0.049537,0.04372
-1.9249e-17,0.049633,0.043694
-2.015e-17,0.049732,0.043665
-2.0931e-17,0.049832,0.043635
-2.1595e-17,0.049932,0.043603
-2.2144e-17,0.050033,0.043568
-2.2583e-17,0.050135,0.043532
-2.2913e-17,0.050236,0.043494
-2.314e-17,0.050337,0.043454
-2.3267e-17,0.050437,0.043413
-2.3298e-17,0.050536,0.04337
-2.3238e-17,0.050633,0.043326
-2.3092e-17,0.050729,0.04328
-2.2863e-17,0.050822,0.043234
-2.2557e-17,0.050912,0.043186
-2.2178e-17,0.051,0.043138
-2.1732e-17,0.051084,0.043089
-2.1223e-17,0.051165,0.04304
-2.0656e-17,0.051243,0.04299
-2.0035e-17,0.051316,0.042941
-1.9367e-17,0.051384,0.042891
-1.8656e-17,0.051449,0.042843
-1.7906e-17,0.051508,0.042794
-1.7122e-17,0.051563,0.042747
-1.6309e-17,0.051612,0.042701
-1.5471e-17,0.051657,0.042656
-1.4613e-17,0.051696,0.042613
-1.3739e-17,0.051729,0.042571
-1.2853e-17,0.051757,0.042531
-1.1959e-17,0.05178,0.042493
-1.1061e-17,0.051797,0.042458
-1.0163e-17,0.051808,0.042425
-9.267e-18,0.051814,0.042395
-8.3777e-18,0.051815,0.042368
-7.4979e-18,0.05181,0.042344
-6.6305e-18,0.051799,0.042323
-5.7782e-18,0.051784,0.042306
-4.9437e-18,0.051763,0.042292
-4.1293e-18,0.051737,0.042282
-3.3372e-18,0.051707,0.042275
-2.5694e-18,0.051672,0.042272
-1.8277e-18,0.051633,0.042273
-1.1138e-18,0.05159,0.042278
-4.2909e-19,0.051543,0.042287
2.2512e-19,0.051493,0.0423
8.4777e-19,0.051439,0.042318
1.4379e-18,0.051383,0.042339
1.9948e-18,0.051324,0.042364
2.5179e-18,0.051262,0.042393
3.0068e-18,0.051198,0.042426
3.4611e-18,0.051133,0.042463
3.8808e-18,0.051067,0.042503
4.2658e-18,0.050999,0.042547
4.6163e-18,0.050931,0.042595
4.9325e-18,0.050862,0.042646
5.2149e-18,0.050793,0.0427
5.464e-18,0.050725,0.042757
5.6803e-18,0.050657,0.042818
5.8645e-18,0.05059,0.04288
6.0176e-18,0.050524,0.042946
6.1402e-18,0.05046,0.043013
6.2334e-18,0.050398,0.043083
6.2982e-18,0.050337,0.043154
6.3358e-18,0.050279,0.043226
6.3471e-18,0.050224,0.0433
6.3334e-18,0.050171,0.043375
6.296e-18,0.05012,0.043451
6.2361e-18,0.050073,0.043527
6.1549e-18,0.050029,0.043604
6.0538e-18,0.049989,0.04368
5.9342e-18,0.049951,0.043756
5.7973e-18,0.049917,0.043831
5.6444e-18,0.049887,0.043906
5.477e-18,0.04986,0.043979
5.2964e-18,0.049837,0.044051
5.1038e-18,0.049817,0.044122
4.9005e-18,0.049801,0.04419
4.688e-18,0.049788,0.044257
4.4673e-18,0.049779,0.044321
4.2398e-18,0.049772,0.044383
4.0066e-18,0.049769,0.044442
3.7689e-18,0.049769,0.044498
3.5278e-18,0.049772,0.044551
3.2845e-18,0.049778,0.044601
3.0399e-18,0.049786,0.044647
2.7951e-18,0.049797,0.044691
2.551e-18,0.04981,0.04473
2.3085e-18,0.049825,0.044766
2.0685e-18,0.049841,0.044799
1.8318e-18,0.04986,0.044827
1.5992e-18,0.04988,0.044852
1.3713e-18,0.0499,0.044873
1.1488e-18,0.049922,0.04489
9.3234e-19,0.049945,0.044903
7.2243e-19,0.049968,0.044912
5.1959e-19,0.049991,0.044917
3.2427e-19,0.050015,0.044919
1.3686e-19,0.050038,0.044917
-4.2281e-20,0.050061,0.044911
-2.1285e-19,0.050083,0.044902
-3.7459e-19,0.050105,0.044889
-5.273e-19,0.050125,0.044874
-6.7081e-19,0.050145,0.044854
-8.0501e-19,0.050163,0.044832
-9.298e-19,0.05018,0.044807
-1.0451e-18,0.050195,0.044779
-1.1511e-18,0.050208,0.044749
-1.2476e-18,0.05022,0.044716
-1.3347e-18,0.05023,0.044681
-1.4127e-18,0.050238,0.044644
-1.4815e-18,0.050244,0.044605
-1.5414e-18,0.050247,0.044565
-1.5925e-18,0.050249,0.044523
-1.6351e-18,0.050248,0.04448
-1.6694e-18,0.050245,0.044436
-1.6957e-18,0.05024,0.044391
-1.7142e-18,0.050233,0.044345
-1.7252e-18,0.050223,0.044299
-1.729e-18,0.050212,0.044253
-1.726e-18,0.050198,0.044207
-1.7165e-18,0.050182,0.04416
-1.7009e-18,0.050164,0.044115
-1.6794e-18,0.050144,0.04407
-1.6524e-18,0.050123,0.044025
-1.6203e-18,0.0501,0.043982
-1.5835e-18,0.050075,0.043939
-1.5424e-18,0.050048,0.043898
-1.4972e-18,0.050021,0.043858
-1.4483e-18,0.049992,0.04382
-1.3962e-18,0.049961,0.043784
-1.3411e-18,0.04993,0.043749
-1.2835e-18,0.049898,0.043716
-1.2236e-18,0.049865,0.043685
-1.1618e-18,0.049831,0.043657
-1.0985e-18,0.049797,0.043631
-1.0338e-18,0.049762,0.043607
-9.6824e-19,0.049727,0.043586
-9.02e-19,0.049691,0.043567
-8.354e-19,0.049656,0.04355
-7.687e-19,0.04962,0.043537
-7.0217e-19,0.049585,0.043526
-6.3606e-19,0.049549,0.043518
-5.706e-19,0.049514,0.043513
-5.0601e-19,0.049479,0.04351
-4.425e-19,0.049445,0.04351
-3.8027e-19,0.049411,0.043513
-3.1949e-19,0.049377,0.043519
-2.6034e-19,0.049344,0.043528
-2.0295e-19,0.049311,0.04354
-1.4748e-19,0.049279,0.043554
-9.4041e-20,0.049248,0.043571
-4.2748e-20,0.049217,0.043591
6.3017e-21,0.049186,0.043613
5.3026e-20,0.049156,0.043639
9.7352e-20,0.049127,0.043666
1.3922e-19,0.049098,0.043697
1.7859e-19,0.049069,0.043729
2.1543e-19,0.049041,0.043764
2.497e-19,0.049013,0.043802
2.8141e-19,0.048985,0.043842
3.1054e-19,0.048958,0.043884
3.3711e-19,0.04893,0.043928
3.6113e-19,0.048902,0.043974
3.8263e-19,0.048875,0.044022
4.0165e-19,0.048846,0.044072
4.1823e-19,0.048818,0.044123
4.3242e-19,0.048789,0.044177
4.4427e-19,0.04876,0.044231
4.5386e-19,0.04873,0.044288
4.6125e-19,0.048699,0.044346
4.6651e-19,0.048667,0.044405
4.6973e-19,0.048634,0.044465
4.7099e-19,0.0486,0.044527
4.7037e-19,0.048564,0.044589
4.6797e-19,0.048527,0.044653
4.6388e-19,0.048489,0.044717
4.5819e-19,0.048449,0.044782
4.5101e-19,0.048408,0.044848
4.4242e-19,0.048365,0.044915
4.3253e-19,0.04832,0.044982
4.2144e-19,0.048273,0.045049
4.0925e-19,0.048224,0.045117
3.9605e-19,0.048173,0.045185
3.8194e-19,0.048119,0.045254
3.6702e-19,0.048064,0.045322
3.5139e-19,0.048007,0.045391
3.3514e-19,0.047948,0.045459
3.1836e-19,0.047886,0.045528
3.0114e-19,0.047822,0.045596
2.8356e-19,0.047757,0.045664
2.6572e-19,0.047689,0.045732
2.4769e-19,0.047619,0.0458
2.2956e-19,0.047548,0.045867
2.1139e-19,0.047474,0.045933
1.9326e-19,0.047399,0.045999
1.7523e-19,0.047322,0.046065
1.5738e-19,0.047244,0.046129
1.3975e-19,0.047165,0.046193
1.2242e-19,0.047084,0.046256
1.0542e-19,0.047002,0.046318
8.8821e-20,0.046919,0.046379
7.2656e-20,0.046835,0.04644
5.6969e-20,0.046751,0.046499
4.1799e-20,0.046667,0.046557
2.718e-20,0.046582,0.046613
1.3142e-20,0.046498,0.046669
-2.8816e-22,0.046413,0.046723
-1.3087e-20,0.046329,0.046775
-2.5234e-20,0.046246,0.046827
-3.6714e-20,0.046163,0.046876
-4.7514e-20,0.046082,0.046924
-5.7624e-20,0.046002,0.046971
-6.7037e-20,0.045923,0.047016
-7.575e-20,0.045847,0.047059
-8.3762e-20,0.045772,0.0471
-9.1076e-20,0.045699,0.04714
-9.7695e-20,0.045629,0.047178
-1.0363e-19,0.045561,0.047214
-1.0888e-19,0.045496,0.047248
-1.1347e-19,0.045435,0.04728
-1.1741e-19,0.045376,0.04731
-1.207e-19,0.045321,0.047338
-1.2338e-19,0.04527,0.047364
-1.2546e-19,0.045222,0.047388
-1.2696e-19,0.045178,0.047409
-1.2789e-19,0.045139,0.047429
-1.2829e-19,0.045103,0.047446
-1.2818e-19,0.045073,0.047462
-1.2758e-19,0.045046,0.047475
-1.2651e-19,0.045025,0.047485
-1.2501e-19,0.045008,0.047494
-1.2309e-19,0.044995,0.0475
-1.2079e-19,0.044988,0.047505
-1.1814e-19,0.044986,0.047506
-1.1515e-19,0.044989,0.047506
-1.1186e-19,0.044996,0.047504
-1.0829e-19,0.045009,0.047499
-1.0448e-19,0.045027,0.047492
-1.0044e-19,0.04505,0.047483
-9.6197e-20,0.045078,0.047472
-9.1787e-20,0.045111,0.047458
-8.723e-20,0.045149,0.047443
-8.2551e-20,0.045192,0.047426
-7.7773e-20,0.045239,0.047406
-7.292e-20,0.045291,0.047385
-6.8013e-20,0.045348,0.047362
-6.3075e-20,0.045409,0.047337
-5.8125e-20,0.045475,0.04731
-5.3184e-20,0.045545,0.047281
-4.8269e-20,0.045618,0.047251
-4.34e-20,0.045696,0.04722
-3.8591e-20,0.045777,0.047187
-3.3859e-20,0.045861,0.047152
-2.9219e-20,0.045949,0.047117
-2.4684e-20,0.04604,0.04708
-2.0267e-20,0.046134,0.047042
-1.5979e-20,0.04623,0.047004
-1.1831e-20,0.046329,0.046964
-7.8314e-21,0.04643,0.046924
-3.9896e-21,0.046532,0.046883
-3.127e-22,0.046637,0.046842
3.1928e-21,0.046743,0.0468
6.5215e-21,0.04685,0.046758
9.6689e-21,0.046958,0.046717
1.2631e-20,0.047066,0.046675
1.5406e-20,0.047175,0.046633
1.7991e-20,0.047284,0.046592
2.0385e-20,0.047394,0.046552
2.2589e-20,0.047502,0.046512
2.4602e-20,0.047611,0.046473
2.6426e-20,0.047718,0.046435
2.8062e-20,0.047825,0.046397
2.9513e-20,0.04793,0.046362
3.0783e-20,0.048033,0.046327
3.1874e-20,0.048135,0.046294
3.2791e-20,0.048236,0.046263
3.3539e-20,0.048334,0.046233
3.4123e-20,0.04843,0.046205
3.4547e-20,0.048523,0.04618
3.4819e-20,0.048614,0.046156
3.4943e-20,0.048702,0.046134
3.4927e-20,0.048787,0.046115
3.4778e-20,0.048869,0.046098
3.4501e-20,0.048947,0.046084
3.4104e-20,0.049023,0.046072
3.3595e-20,0.049095,0.046063
3.2979e-20,0.049163,0.046057
3.2266e-20,0.049228,0.046053
3.1462e-20,0.049289,0.046052
3.0574e-20,0.049346,0.046054
2.961e-20,0.0494,0.046058
2.8577e-20,0.049449,0.046065
2.7483e-20,0.049495,0.046076
2.6334e-20,0.049537,0.046089
2.5137e-20,0.049575,0.046104
2.39e-20,0.049609,0.046123
2.2629e-20,0.04964,0.046144
2.133e-20,0.049666,0.046168
2.001e-20,0.049689,0.046195
1.8674e-20,0.049708,0.046224
1.733e-20,0.049723,0.046256
1.5981e-20,0.049734,0.04629
1.4635e-20,0.049742,0.046326
1.3295e-20,0.049747,0.046365
1.1967e-20,0.049748,0.046406
1.0655e-20,0.049746,0.046449
9.3633e-21,0.049741,0.046493
8.0964e-21,0.049733,0.04654
6.8577e-21,0.049721,0.046588
5.6508e-21,0.049708,0.046638
4.4786e-21,0.049691,0.046689
3.3443e-21,0.049672,0.046742
2.2503e-21,0.049651,0.046796
1.1989e-21,0.049628,0.04685
1.9231e-22,0.049603,0.046906
-7.6782e-22,0.049576,0.046963
-1.6799e-21,0.049547,0.04702
-2.5428e-21,0.049517,0.047077
-3.3553e-21,0.049486,0.047135
-4.1168e-21,0.049454,0.047194
-4.8266e-21,0.04942,0.047252
-5.4846e-21,0.049387,0.047311
-6.0905e-21,0.049353,0.047369
-6.6445e-21,0.049318,0.047427
-7.147e-21,0.049284,0.047485
-7.5983e-21,0.049249,0.047543
-7.9991e-21,0.049215,0.0476
-8.3503e-21,0.049181,0.047656
-8.6528e-21,0.049148,0.047712
-8.9078e-21,0.049116,0.047767
-9.1165e-21,0.049085,0.047821
-9.2803e-21,0.049055,0.047875
-9.4006e-21,0.049027,0.047927
-9.479e-21,0.049,0.047978
-9.5172e-21,0.048974,0.048029
-9.517e-21,0.048951,0.048078
-9.4801e-21,0.048929,0.048126
-9.4084e-21,0.04891,0.048173
-9.3038e-21,0.048892,0.048218
-9.1682e-21,0.048877,0.048262
-9.0037e-21,0.048864,0.048305
-8.8122e-21,0.048854,0.048347
-8.5957e-21,0.048846,0.048388
-8.3562e-21,0.048841,0.048427
-8.0958e-21,0.048838,0.048465
-7.8164e-21,0.048838,0.048501
-7.52e-21,0.048841,0.048536
-7.2085e-21,0.048847,0.04857
-6.8839e-21,0.048855,0.048603
-6.5479e-21,0.048867,0.048634
-6.2025e-21,0.048881,0.048664
-5.8494e-21,0.048899,0.048693
-5.4904e-21,0.048919,0.04872
-5.127e-21,0.048942,0.048747
-4.7609e-21,0.048967,0.048772
-4.3936e-21,0.048996,0.048796
-4.0267e-21,0.049028,0.048818
-3.6614e-21,0.049062,0.04884
-3.2992e-21,0.049099,0.04886
-2.9413e-21,0.049138,0.04888
-2.5888e-21,0.04918,0.048898
-2.2429e-21,0.049225,0.048915
-1.9046e-21,0.049272,0.048931
-1.5748e-21,0.049321,0.048946
-1.2544e-21,0.049373,0.04896
-9.4425e-22,0.049427,0.048973
-6.4499e-22,0.049483,0.048985
-3.5729e-22,0.04954,0.048996
-8.172e-23,0.0496,0.049006
1.8124e-22,0.049662,0.049015
4.3115e-22,0.049725,0.049023
6.6768e-22,0.049789,0.04903
8.9053e-22,0.049855,0.049036
1.0995e-21,0.049922,0.049041
1.2944e-21,0.04999,0.049045
1.4752e-21,0.050059,0.049048
1.6418e-21,0.050129,0.049049
1.7943e-21,0.0502,0.04905
1.9327e-21,0.050271,0.049049
2.0571e-21,0.050342,0.049048
2.1678e-21,0.050414,0.049045
2.2649e-21,0.050486,0.04904
2.3488e-21,0.050558,0.049035
2.4196e-21,0.050629,0.049028
2.4779e-21,0.0507,0.04902
2.5238e-21,0.050771,0.04901
2.5578e-21,0.050841,0.048999
2.5804e-21,0.05091,0.048987
2.592e-21,0.050978,0.048973
2.5931e-21,0.051045,0.048957
2.5841e-21,0.05111,0.04894
2.5655e-21,0.051175,0.048922
2.538e-21,0.051237,0.048902
2.502e-21,0.051298,0.04888
2.458e-21,0.051357,0.048857
2.4066e-21,0.051415,0.048832
2.3483e-21,0.05147,0.048805
2.2838e-21,0.051522,0.048777
2.2134e-21,0.051573,0.048748
2.1378e-21,0.051621,0.048717
2.0576e-21,0.051667,0.048684
1.9731e-21,0.051709,0.04865
1.8851e-21,0.051749,0.048615
1.7939e-21,0.051787,0.048578
1.7e-21,0.051821,0.04854
1.6041e-21,0.051852,0.0485
1.5064e-21,0.05188,0.04846
1.4075e-21,0.051905,0.048418
1.3078e-21,0.051927,0.048375
1.2078e-21,0.051946,0.048331
1.1078e-21,0.051961,0.048287
1.0083e-21,0.051973,0.048242
9.0947e-22,0.051982,0.048196
8.1182e-22,0.051987,0.048149
7.1563e-22,0.051989,0.048102
6.2119e-22,0.051987,0.048055
5.2879e-22,0.051982,0.048008
4.3868e-22,0.051974,0.047961
3.5112e-22,0.051962,0.047913
2.6631e-22,0.051948,0.047866
1.8446e-22,0.05193,0.04782
1.0573e-22,0.051908,0.047774
3.0293e-23,0.051884,0.047728
-4.172e-23,0.051857,0.047683
-1.1019e-22,0.051826,0.04764
-1.7503e-22,0.051793,0.047597
-2.3615e-22,0.051757,0.047555
-2.9349e-22,0.051718,0.047515
-3.47e-22,0.051676,0.047476
-3.9667e-22,0.051632,0.047439
-4.4248e-22,0.051585,0.047403
-4.8444e-22,0.051536,0.047369
-5.2255e-22,0.051485,0.047338
-5.5687e-22,0.051432,0.047308
-5.8743e-22,0.051377,0.04728
-6.1429e-22,0.051319,0.047254
-6.3752e-22,0.051261,0.047231
-6.5721e-22,0.0512,0.047209
-6.7343e-22,0.051138,0.047191
-6.8631e-22,0.051075,0.047174
-6.9593e-22,0.05101,0.04716
-7.0242e-22,0.050944,0.047149
-7.059e-22,0.050878,0.047139
-7.0649e-22,0.05081,0.047133
-7.0433e-22,0.050742,0.047129
-6.9956e-22,0.050674,0.047127
-6.9232e-22,0.050605,0.047127
-6.8275e-22,0.050536,0.04713
-6.71e-22,0.050466,0.047135
-6.5721e-22,0.050397,0.047143
-6.4154e-22,0.050328,0.047153
-6.2413e-22,0.05026,0.047164
-6.0513e-22,0.050191,0.047178
-5.8469e-22,0.050124,0.047194
-5.6296e-22,0.050057,0.047211
-5.4007e-22,0.049991,0.04723
-5.1618e-22,0.049926,0.047251
-4.9143e-22,0.049862,0.047273
-4.6594e-22,0.049799,0.047297
-4.3985e-22,0.049738,0.047321
-4.1328e-22,0.049678,0.047347
-3.8638e-22,0.049619,0.047374
-3.5925e-22,0.049562,0.047401
-3.32e-22,0.049507,0.047429
-3.0476e-22,0.049454,0.047458
-2.7761e-22,0.049403,0.047487
-2.5068e-22,0.049354,0.047516
-2.2404e-22,0.049306,0.047546
-1.9779e-22,0.049261,0.047575
-1.72e-22,0.049218,0.047604
-1.4677e-22,0.049178,0.047633
-1.2215e-22,0.049139,0.047661
-9.8219e-23,0.049103,0.047689
-7.5031e-23,0.049069,0.047716
-5.2642e-23,0.049037,0.047742
-3.1101e-23,0.049008,0.047768
-1.0451e-23,0.048981,0.047792
9.2696e-24,0.048956,0.047815
2.8029e-23,0.048934,0.047837
4.5801e-23,0.048914,0.047857
6.2562e-23,0.048897,0.047876
7.8295e-23,0.048881,0.047894
9.2988e-23,0.048868,0.04791
1.0663e-22,0.048857,0.047924
1.1923e-22,0.048849,0.047937
1.3077e-22,0.048842,0.047948
1.4127e-22,0.048838,0.047957
1.5073e-22,0.048835,0.047965
1.5916e-22,0.048835,0.047971
1.6659e-22,0.048836,0.047974
1.7303e-22,0.04884,0.047976
1.7849e-22,0.048845,0.047977
1.8301e-22,0.048851,0.047975
1.8662e-22,0.04886,0.047972
1.8934e-22,0.04887,0.047967
1.912e-22,0.048881,0.04796
1.9223e-22,0.048894,0.047951
1.9248e-22,0.048908,0.047941
1.9197e-22,0.048923,0.04793
1.9075e-22,0.048939,0.047916
1.8884e-22,0.048957,0.047902
1.863e-22,0.048975,0.047886
1.8317e-22,0.048995,0.047869
1.7947e-22,0.049015,0.04785
1.7525e-22,0.049036,0.047831
1.7056e-22,0.049057,0.04781
1.6543e-22,0.049079,0.047789
1.599e-22,0.049102,0.047766
1.5402e-22,0.049125,0.047743
1.4782e-22,0.049149,0.04772
1.4134e-22,0.049172,0.047695
1.3462e-22,0.049197,0.047671
1.2769e-22,0.049221,0.047646
1.206e-22,0.049245,0.047621
1.1338e-22,0.04927,0.047596
1.0606e-22,0.049294,0.047571
9.8672e-23,0.049319,0.047546
9.1252e-23,0.049343,0.047522
8.3829e-23,0.049368,0.047498
7.6431e-23,0.049392,0.047474
6.9086e-23,0.049416,0.047451
6.1819e-23,0.04944,0.047429
5.4655e-23,0.049464,0.047407
4.7616e-23,0.049487,0.047386
4.0724e-23,0.049511,0.047366
3.3999e-23,0.049534,0.047347
2.7458e-23,0.049556,0.04733
2.1119e-23,0.049579,0.047313
1.4995e-23,0.049601,0.047297
9.1015e-24,0.049622,0.047283
3.4492e-24,0.049644,0.04727
-1.9512e-24,0.049665,0.047259
-7.0906e-24,0.049685,0.047248
-1.1961e-23,0.049706,0.04724
-1.6558e-23,0.049725,0.047232
-2.0874e-23,0.049745,0.047226
-2.4908e-23,0.049764,0.047221
-2.8656e-23,0.049782,0.047218
-3.2118e-23,0.049801,0.047216
-3.5294e-23,0.049818,0.047216
-3.8185e-23,0.049836,0.047217
-4.0793e-23,0.049853,0.047219
-4.3121e-23,0.049869,0.047223
-4.5174e-23,0.049885,0.047227
-4.6956e-23,0.049901,0.047233
-4.8474e-23,0.049916,0.04724
-4.9734e-23,0.049931,0.047249
-5.0742e-23,0.049945,0.047258
-5.1508e-23,0.049959,0.047268
-5.204e-23,0.049973,0.047279
-5.2346e-23,0.049986,0.047291
-5.2436e-23,0.049999,0.047304
-5.232e-23,0.050011,0.047317
-5.2007e-23,0.050023,0.047331
-5.1509e-23,0.050035,0.047346
-5.0835e-23,0.050046,0.047361
-4.9998e-23,0.050057,0.047376
-4.9007e-23,0.050067,0.047392
-4.7873e-23,0.050077,0.047407
-4.6608e-23,0.050087,0.047423
-4.5223e-23,0.050097,0.047439
-4.3729e-23,0.050106,0.047454
-4.2136e-23,0.050115,0.04747
-4.0456e-23,0.050124,0.047485
-3.8699e-23,0.050132,0.0475
-3.6874e-23,0.05014,0.047514
-3.4994e-23,0.050148,0.047528
-3.3067e-23,0.050156,0.047541
-3.1102e-23,0.050164,0.047553
-2.9111e-23,0.050171,0.047565
-2.71e-23,0.050179,0.047575
-2.5079e-23,0.050186,0.047585
-2.3057e-23,0.050193,0.047593
-2.104e-23,0.0502,0.047601
-1.9037e-23,0.050207,0.047607
-1.7055e-23,0.050213,0.047612
-1.51e-23,0.05022,0.047616
-1.3179e-23,0.050226,0.047618
-1.1297e-23,0.050232,0.047619
-9.4595e-24,0.050238,0.047618
-7.672e-24,0.050244,0.047616
-5.9388e-24,0.05025,0.047612
-4.2641e-24,0.050256,0.047607
-2.6515e-24,0.050262,0.0476
-1.1044e-24,0.050267,0.047591
3.7431e-25,0.050273,0.047581
1.7822e-24,0.050278,0.047569
3.1172e-24,0.050283,0.047555
4.3775e-24,0.050288,0.047539
5.5618e-24,0.050292,0.047522
6.6691e-24,0.050297,0.047503
7.6987e-24,0.050301,0.047482
8.6503e-24,0.050305,0.047459
9.5239e-24,0.050309,0.047435
1.032e-23,0.050312,0.047409
1.1039e-23,0.050316,0.047382
1.1681e-23,0.050319,0.047353
1.2248e-23,0.050321,0.047323
1.2742e-23,0.050324,0.047291
1.3163e-23,0.050326,0.047258
1.3514e-23,0.050328,0.047223
1.3796e-23,0.050329,0.047188
1.4012e-23,0.05033,0.047151
1.4164e-23,0.050331,0.047114
1.4254e-23,0.050332,0.047075
1.4284e-23,0.050332,0.047036
1.4259e-23,0.050333,0.046996
1.4179e-23,0.050333,0.046955
1.4049e-23,0.050332,0.046914
1.3871e-23,0.050332,0.046873
1.3647e-23,0.050331,0.046831
1.3381e-23,0.05033,0.04679
1.3077e-23,0.050329,0.046748
1.2736e-23,0.050328,0.046707
1.2362e-23,0.050327,0.046666
1.1958e-23,0.050326,0.046626
1.1527e-23,0.050324,0.046586
1.1072e-23,0.050323,0.046547
1.0595e-23,0.050322,0.046509
1.01e-23,0.050321,0.046471
9.5894e-24,0.050321,0.046435
9.0657e-24,0.05032,0.0464
8.5316e-24,0.05032,0.046367
7.9896e-24,0.05032,0.046335
7.4424e-24,0.05032,0.046304
6.8921e-24,0.050321,0.046276
6.3411e-24,0.050322,0.046249
5.7915e-24,0.050324,0.046224
5.2454e-24,0.050326,0.046201
4.7047e-24,0.050329,0.04618
4.1712e-24,0.050332,0.046161
3.6467e-24,0.050336,0.046144
3.1328e-24,0.050341,0.046129
2.6309e-24,0.050346,0.046117
2.1424e-24,0.050352,0.046106
1.6686e-24,0.050359,0.046099
1.2106e-24,0.050366,0.046093
7.6943e-25,0.050374,0.046089
3.4599e-25,0.050383,0.046088
-5.8911e-26,0.050392,0.046089
-4.4458e-25,0.050403,0.046093
-8.1044e-25,0.050413,0.046098
-1.156e-24,0.050425,0.046106
-1.4809e-24,0.050437,0.046116
-1.7848e-24,0.05045,0.046127
-2.0676e-24,0.050464,0.046141
-2.3292e-24,0.050478,0.046156
-2.5695e-24,0.050492,0.046174
-2.7886e-24,0.050507,0.046193
-2.9867e-24,0.050523,0.046213
-3.164e-24,0.050538,0.046235
-3.3208e-24,0.050554,0.046259
-3.4574e-24,0.050571,0.046284
-3.5743e-24,0.050587,0.04631
-3.6719e-24,0.050603,0.046337
-3.7508e-24,0.05062,0.046365
-3.8115e-24,0.050636,0.046394
-3.8547e-24,0.050652,0.046424
-3.881e-24,0.050668,0.046454
-3.8911e-24,0.050683,0.046485
-3.8858e-24,0.050698,0.046517
-3.8657e-24,0.050713,0.046548
-3.8316e-24,0.050726,0.04658
-3.7844e-24,0.050739,0.046612
-3.7249e-24,0.050752,0.046644
-3.6537e-24,0.050763,0.046676
-3.5719e-24,0.050773,0.046707
-3.4801e-24,0.050782,0.046738
-3.3792e-24,0.05079,0.046769
-3.27e-24,0.050797,0.046799
-3.1533e-24,0.050802,0.046829
-3.0299e-24,0.050806,0.046858
-2.9007e-24,0.050809,0.046886
-2.7664e-24,0.05081,0.046914
-2.6277e-24,0.050809,0.04694
-2.4853e-24,0.050807,0.046966
-2.3401e-24,0.050803,0.04699
-2.1927e-24,0.050797,0.047014
-2.0437e-24,0.05079,0.047036
-1.8939e-24,0.05078,0.047057
-1.7438e-24,0.050769,0.047077
-1.594e-24,0.050756,0.047096
-1.4451e-24,0.050741,0.047114
-1.2976e-24,0.050724,0.04713
-1.1521e-24,0.050705,0.047145
-1.0089e-24,0.050684,0.047159
-8.6855e-25,0.050661,0.047172
-7.3145e-25,0.050637,0.047183
-5.9796e-25,0.05061,0.047194
-4.6844e-25,0.050582,0.047202
-3.4319e-25,0.050552,0.04721
-2.2249e-25,0.05052,0.047217
-1.066e-25,0.050487,0.047222
4.2566e-27,0.050452,0.047226
1.099e-25,0.050415,0.047229
2.1016e-25,0.050377,0.047231
3.049e-25,0.050338,0.047232
3.9403e-25,0.050297,0.047232
4.7745e-25,0.050255,0.04723
5.5512e-25,0.050212,0.047228
6.27e-25,0.050168,0.047225
6.931e-25,0.050123,0.047221
7.5342e-25,0.050077,0.047216
8.08e-25,0.050031,0.04721
8.5691e-25,0.049984,0.047204
9.0023e-25,0.049937,0.047196
9.3804e-25,0.04989,0.047188
9.7046e-25,0.049843,0.04718
9.9762e-25,0.049796,0.04717
1.0197e-24,0.049749,0.04716
1.0367e-24,0.049702,0.047149
1.049e-24,0.049656,0.047138
1.0567e-24,0.049611,0.047127
1.0599e-24,0.049566,0.047114
1.0589e-24,0.049523,0.047102
1.0538e-24,0.04948,0.047089
1.045e-24,0.049439,0.047076
1.0325e-24,0.049399,0.047062
1.0166e-24,0.049361,0.047049
9.9759e-25,0.049325,0.047035
9.7559e-25,0.04929,0.047021
9.5087e-25,0.049257,0.047008
9.2364e-25,0.049226,0.046994
8.9413e-25,0.049198,0.046981
8.6256e-25,0.049171,0.046968
8.2915e-25,0.049147,0.046955
7.9411e-25,0.049125,0.046943
7.5765e-25,0.049106,0.046931
7.1999e-25,0.04909,0.04692
6.8131e-25,0.049076,0.04691
6.4183e-25,0.049065,0.0469
6.0173e-25,0.049056,0.046892
5.6119e-25,0.04905,0.046885
5.2038e-25,0.049047,0.04688
4.7949e-25,0.049047,0.046876
4.3867e-25,0.04905,0.046873
3.9808e-25,0.049056,0.046873
3.5785e-25,0.049064,0.046874
3.1814e-25,0.049076,0.046877
2.7906e-25,0.04909,0.046883
2.4074e-25,0.049106,0.046891
2.0329e-25,0.049126,0.046902
1.6681e-25,0.049148,0.046915
1.3141e-25,0.049173,0.046931
9.7156e-26,0.049201,0.046951
6.4138e-26,0.04923,0.046973
3.2422e-26,0.049263,0.046999
2.0696e-27,0.049297,0.047028
-2.6866e-26,0.049334,0.047061
-5.4341e-26,0.049373,0.047098
-8.0316e-26,0.049413,0.047138
-1.0476e-25,0.049456,0.047183
-1.2766e-25,0.0495,0.047231
-1.4899e-25,0.049546,0.047284
-1.6874e-25,0.049593,0.047341
-1.8692e-25,0.049641,0.047402
-2.0352e-25,0.049691,0.047467
-2.1856e-25,0.049741,0.047537
-2.3205e-25,0.049792,0.047611
-2.4402e-25,0.049844,0.047689
-2.5448e-25,0.049896,0.047772
-2.6347e-25,0.049948,0.047859
-2.7102e-25,0.05,0.04795
-2.7718e-25,0.050051,0.048045
-2.8198e-25,0.050103,0.048145
-2.8546e-25,0.050153,0.048248
-2.8768e-25,0.050203,0.048355
-2.8869e-25,0.050251,0.048466
-2.8854e-25,0.050299,0.04858
-2.8728e-25,0.050344,0.048697
-2.8498e-25,0.050388,0.048818
-2.8169e-25,0.050429,0.048941
-2.7746e-25,0.050469,0.049066
-2.7236e-25,0.050506,0.049194
-2.6646e-25,0.05054,0.049324
-2.598e-25,0.050571,0.049456
-2.5245e-25,0.050598,0.049588
-2.4448e-25,0.050623,0.049722
-2.3594e-25,0.050643,0.049856
-2.2689e-25,0.05066,0.04999
-2.1739e-25,0.050673,0.050124
-2.075e-25,0.050682,0.050257
-1.9727e-25,0.050685,0.05039
-1.8676e-25,0.050685,0.05052
-1.7603e-25,0.050679,0.050649
-1.6512e-25,0.050669,0.050775
-1.5408e-25,0.050653,0.050898
-1.4298e-25,0.050632,0.051017
-1.3184e-25,0.050606,0.051133
-1.2071e-25,0.050574,0.051244
-1.0964e-25,0.050536,0.051351
-9.8674e-26,0.050493,0.051452
-8.7838e-26,0.050444,0.051547
-7.7172e-26,0.050389,0.051636
-6.6709e-26,0.050328,0.051718
-5.648e-26,0.050262,0.051793
-4.6513e-26,0.050189,0.051861
-3.6835e-26,0.050111,0.05192
-2.7469e-26,0.050027,0.051971
-1.8437e-26,0.049938,0.052013
-9.7577e-27,0.049843,0.052046
-1.4481e-27,0.049742,0.05207
6.4772e-27,0.049636,0.052084
1.4006e-26,0.049526,0.052088
2.1127e-26,0.04941,0.052082
2.7832e-26,0.049289,0.052066
3.4116e-26,0.049164,0.052039
3.9973e-26,0.049035,0.052001
4.5401e-26,0.048902,0.051953
5.04e-26,0.048766,0.051894
5.4969e-26,0.048626,0.051825
5.9113e-26,0.048484,0.051745
6.2834e-26,0.048338,0.051655
6.6138e-26,0.048191,0.051555
6.9032e-26,0.048042,0.051445
7.1525e-26,0.047892,0.051325
7.3625e-26,0.047741,0.051196
7.5342e-26,0.047589,0.051058
7.6689e-26,0.047438,0.050911
7.7677e-26,0.047287,0.050757
7.8319e-26,0.047137,0.050595
7.8629e-26,0.046988,0.050426
7.8622e-26,0.046842,0.05025
7.8312e-26,0.046697,0.050069
7.7714e-26,0.046556,0.049882
7.6845e-26,0.046418,0.049691
7.5721e-26,0.046284,0.049496
7.4358e-26,0.046154,0.049298
7.2772e-26,0.046029,0.049097
7.098e-26,0.045909,0.048895
6.8999e-26,0.045794,0.048692
6.6845e-26,0.045686,0.048488
6.4534e-26,0.045583,0.048285
6.2083e-26,0.045487,0.048083
5.9507e-26,0.045398,0.047883
5.6824e-26,0.045316,0.047685
5.4047e-26,0.045242,0.04749
5.1192e-26,0.045175,0.0473
4.8274e-26,0.045116,0.047113
4.5307e-26,0.045065,0.046932
4.2304e-26,0.045022,0.046757
3.9279e-26,0.044987,0.046587
3.6245e-26,0.04496,0.046424
3.3214e-26,0.044942,0.046268
3.0197e-26,0.044932,0.046119
2.7205e-26,0.04493,0.045978
2.4248e-26,0.044936,0.045846
2.1337e-26,0.044951,0.045721
1.8481e-26,0.044973,0.045605
1.5687e-26,0.045003,0.045498
1.2964e-26,0.045041,0.0454
1.0318e-26,0.045086,0.045311
7.7573e-27,0.045138,0.045231
5.2866e-27,0.045197,0.045161
2.9115e-27,0.045262,0.045099
6.3661e-28,0.045334,0.045047
-1.534e-27,0.045412,0.045004
-3.5967e-27,0.045496,0.044969
-5.5489e-27,0.045584,0.044943
-7.388e-27,0.045678,0.044926
-9.1123e-27,0.045776,0.044917
-1.0721e-26,0.045879,0.044917
-1.2212e-26,0.045985,0.044924
-1.3587e-26,0.046095,0.044939
-1.4844e-26,0.046207,0.044961
-1.5985e-26,0.046323,0.04499
-1.7012e-26,0.04644,0.045026
-1.7924e-26,0.046559,0.045067
-1.8725e-26,0.04668,0.045115
-1.9415e-26,0.046802,0.045168
-1.9999e-26,0.046924,0.045227
-2.0478e-26,0.047047,0.04529
-2.0856e-26,0.047169,0.045357
-2.1135e-26,0.047292,0.045429
-2.1321e-26,0.047413,0.045504
-2.1415e-26,0.047533,0.045582
-2.1422e-26,0.047652,0.045663
-2.1346e-26,0.047769,0.045746
-2.1192e-26,0.047884,0.045831
-2.0963e-26,0.047997,0.045918
-2.0664e-26,0.048107,0.046006
-2.03e-26,0.048215,0.046095
-1.9874e-26,0.048319,0.046185
-1.9392e-26,0.048421,0.046274
-1.8858e-26,0.048519,0.046364
-1.8276e-26,0.048613,0.046453
-1.7651e-26,0.048704,0.046542
-1.6987e-26,0.048791,0.046629
-1.6289e-26,0.048873,0.046715
-1.5561e-26,0.048952,0.0468
-1.4807e-26,0.049027,0.046883
-1.4031e-26,0.049097,0.046963
-1.3238e-26,0.049163,0.047042
-1.2431e-26,0.049225,0.047118
-1.1614e-26,0.049282,0.047192
-1.079e-26,0.049335,0.047263
-9.964e-27,0.049383,0.047331
-9.138e-27,0.049427,0.047396
-8.3155e-27,0.049467,0.047458
-7.4995e-27,0.049502,0.047517
-6.693e-27,0.049534,0.047572
-5.8985e-27,0.049561,0.047625
-5.1186e-27,0.049583,0.047673
-4.3555e-27,0.049602,0.047718
-3.6115e-27,0.049617,0.04776
-2.8884e-27,0.049628,0.047798
-2.1882e-27,0.049635,0.047833
-1.5124e-27,0.049639,0.047864
-8.6246e-28,0.049639,0.047892
-2.3972e-28,0.049636,0.047916
3.5472e-28,0.04963,0.047937
9.199e-28,0.04962,0.047955
1.455e-27,0.049608,0.047969
1.9594e-27,0.049593,0.047979
2.4326e-27,0.049576,0.047987
2.8741e-27,0.049556,0.047992
3.2839e-27,0.049534,0.047993
3.6618e-27,0.049509,0.047991
4.0079e-27,0.049483,0.047987
4.3222e-27,0.049456,0.04798
4.6052e-27,0.049426,0.04797
4.8571e-27,0.049396,0.047957
5.0785e-27,0.049364,0.047942
5.2699e-27,0.049332,0.047925
5.4321e-27,0.049299,0.047906
5.5656e-27,0.049265,0.047884
5.6715e-27,0.049231,0.047861
5.7505e-27,0.049196,0.047835
5.8037e-27,0.049162,0.047808
5.832e-27,0.049128,0.047779
5.8365e-27,0.049094,0.047748
5.8183e-27,0.04906,0.047716
5.7785e-27,0.049028,0.047683
5.7184e-27,0.048996,0.047649
5.639e-27,0.048965,0.047613
5.5416e-27,0.048935,0.047577
5.4274e-27,0.048906,0.04754
5.2977e-27,0.048879,0.047502
5.1536e-27,0.048853,0.047463
4.9964e-27,0.048829,0.047424
4.8274e-27,0.048806,0.047384
4.6477e-27,0.048786,0.047344
4.4585e-27,0.048767,0.047303
4.261e-27,0.048751,0.047263
4.0563e-27,0.048736,0.047222
3.8456e-27,0.048724,0.047181
3.63e-27,0.048714,0.04714
3.4105e-27,0.048706,0.047099
3.1882e-27,0.048701,0.047059
2.964e-27,0.048698,0.047018
2.7389e-27,0.048697,0.046978
2.5138e-27,0.048699,0.046938
2.2896e-27,0.048704,0.046899
2.0671e-27,0.048711,0.04686
1.8471e-27,0.04872,0.046821
1.6303e-27,0.048732,0.046783
1.4174e-27,0.048746,0.046745
1.209e-27,0.048763,0.046708
1.0057e-27,0.048783,0.046672
8.0806e-28,0.048804,0.046635
6.166e-28,0.048828,0.0466
4.3176e-28,0.048855,0.046565
2.5392e-28,0.048884,0.046531
8.3456e-29,0.048914,0.046497
-7.9333e-29,0.048947,0.046465
-2.3418e-28,0.048983,0.046432
-3.8085e-28,0.04902,0.046401
-5.1917e-28,0.049059,0.04637
-6.4901e-28,0.049099,0.04634
-7.7024e-28,0.049142,0.046311
-8.8282e-28,0.049186,0.046282
-9.8671e-28,0.049232,0.046254
-1.0819e-27,0.049279,0.046227
-1.1685e-27,0.049327,0.046201
-1.2465e-27,0.049377,0.046176
-1.3161e-27,0.049427,0.046151
-1.3773e-27,0.049479,0.046127
-1.4303e-27,0.049531,0.046104
-1.4753e-27,0.049585,0.046082
-1.5126e-27,0.049638,0.046061
-1.5422e-27,0.049693,0.046041
-1.5645e-27,0.049747,0.046022
-1.5798e-27,0.049802,0.046003
-1.5882e-27,0.049857,0.045986
-1.5901e-27,0.049912,0.04597
-1.5858e-27,0.049967,0.045955
-1.5756e-27,0.050022,0.04594
-1.5598e-27,0.050076,0.045927
-1.5387e-27,0.05013,0.045916
-1.5127e-27,0.050183,0.045905
-1.4821e-27,0.050235,0.045896
-1.4472e-27,0.050287,0.045887
-1.4084e-27,0.050338,0.045881
-1.3659e-27,0.050388,0.045875
-1.3202e-27,0.050437,0.045871
-1.2716e-27,0.050485,0.045868
-1.2203e-27,0.050531,0.045867
-1.1667e-27,0.050576,0.045867
-1.1112e-27,0.05062,0.045868
-1.0539e-27,0.050662,0.045871
-9.9533e-28,0.050702,0.045876
-9.3564e-28,0.050742,0.045882
-8.7515e-28,0.050779,0.04589
-8.1412e-28,0.050815,0.045899
-7.5282e-28,0.050848,0.04591
-6.9149e-28,0.050881,0.045922
-6.3038e-28,0.050911,0.045937
-5.697e-28,0.050939,0.045952
-5.0968e-28,0.050966,0.04597
-4.5051e-28,0.05099,0.045989
-3.9238e-28,0.051013,0.046009
-3.3547e-28,0.051034,0.046032
-2.7993e-28,0.051053,0.046056
-2.2592e-28,0.05107,0.046081
-1.7358e-28,0.051085,0.046108
-1.2302e-28,0.051098,0.046137
-7.4366e-29,0.05111,0.046167
-2.7705e-29,0.051119,0.046199
1.6873e-29,0.051127,0.046232
5.9294e-29,0.051133,0.046267
9.9496e-29,0.051137,0.046303
1.3743e-28,0.05114,0.04634
1.7305e-28,0.051141,0.046379
2.0633e-28,0.05114,0.046419
2.3726e-28,0.051138,0.04646
2.6582e-28,0.051135,0.046502
2.9201e-28,0.05113,0.046546
3.1586e-28,0.051123,0.04659
3.3736e-28,0.051115,0.046635
3.5655e-28,0.051107,0.046681
3.7348e-28,0.051096,0.046728
3.8816e-28,0.051085,0.046776
4.0066e-28,0.051073,0.046824
4.1103e-28,0.05106,0.046873
4.1933e-28,0.051046,0.046922
4.2563e-28,0.051031,0.046972
4.2999e-28,0.051015,0.047022
4.3248e-28,0.050998,0.047072
4.332e-28,0.050981,0.047122
4.3221e-28,0.050963,0.047172
4.296e-28,0.050945,0.047221
4.2546e-28,0.050926,0.047271
4.1987e-28,0.050906,0.04732
4.1292e-28,0.050887,0.047369
4.0471e-28,0.050866,0.047418
3.9533e-28,0.050846,0.047466
3.8486e-28,0.050825,0.047513
3.7341e-28,0.050803,0.047559
3.6105e-28,0.050782,0.047605
3.4787e-28,0.05076,0.04765
3.3398e-28,0.050738,0.047693
3.1945e-28,0.050715,0.047736
3.0437e-28,0.050693,0.047778
2.8883e-28,0.05067,0.047818
2.729e-28,0.050647,0.047858
2.5667e-28,0.050624,0.047896
2.4021e-28,0.0506,0.047933
2.236e-28,0.050576,0.047968
2.069e-28,0.050553,0.048002
1.9019e-28,0.050528,0.048035
1.7354e-28,0.050504,0.048067
1.5699e-28,0.050479,0.048097
1.4062e-28,0.050455,0.048125
1.2447e-28,0.050429,0.048152
1.086e-28,0.050404,0.048178
9.3061e-29,0.050378,0.048203
7.789e-29,0.050351,0.048226
6.313e-29,0.050325,0.048248
4.882e-29,0.050298,0.048268
3.4993e-29,0.05027,0.048287
2.168e-29,0.050242,0.048305
8.9078e-30,0.050213,0.048321
-3.2988e-30,0.050184,0.048337
-1.492e-29,0.050154,0.048351
-2.5938e-29,0.050123,0.048364
-3.6339e-29,0.050092,0.048377
-4.6112e-29,0.05006,0.048388
-5.5249e-29,0.050027,0.048398
-6.3744e-29,0.049994,0.048408
-7.1595e-29,0.04996,0.048416
-7.8801e-29,0.049924,0.048424
-8.5365e-29,0.049888,0.048432
-9.1292e-29,0.049851,0.048438
-9.659e-29,0.049814,0.048444
-1.0127e-28,0.049775,0.04845
-1.0533e-28,0.049735,0.048456
-1.088e-28,0.049694,0.048461
-1.1169e-28,0.049652,0.048465
-1.1401e-28,0.04961,0.04847
-1.1579e-28,0.049566,0.048474
-1.1703e-28,0.049521,0.048478
-1.1776e-28,0.049475,0.048483
-1.1801e-28,0.049428,0.048487
-1.1779e-28,0.049381,0.048491
-1.1713e-28,0.049332,0.048496
-1.1604e-28,0.049282,0.0485
-1.1456e-28,0.049231,0.048505
-1.1271e-28,0.04918,0.04851
-1.1051e-28,0.049127,0.048515
-1.0799e-28,0.049074,0.04852
-1.0517e-28,0.04902,0.048526
-1.0207e-28,0.048965,0.048532
-9.8732e-29,0.048909,0.048539
-9.5167e-29,0.048853,0.048546
-9.1403e-29,0.048796,0.048553
-8.7463e-29,0.048739,0.048561
-8.337e-29,0.048681,0.048569
-7.9149e-29,0.048623,0.048577
-7.482e-29,0.048565,0.048586
-7.0406e-29,0.048506,0.048595
-6.5928e-29,0.048448,0.048605
-6.1406e-29,0.048389,0.048615
-5.686e-29,0.048331,0.048625
-5.2308e-29,0.048273,0.048636
-4.7768e-29,0.048215,0.048646
-4.3257e-29,0.048158,0.048658
-3.8791e-29,0.048101,0.048669
-3.4385e-29,0.048045,0.048681
-3.0053e-29,0.04799,0.048693
-2.5809e-29,0.047936,0.048705
-2.1664e-29,0.047883,0.048718
-1.7631e-29,0.047831,0.04873
-1.3719e-29,0.04778,0.048743
-9.937e-30,0.047731,0.048756
-6.2947e-30,0.047683,0.048769
-2.7991e-30,0.047637,0.048783
5.4324e-31,0.047592,0.048796
3.7266e-30,0.04755,0.04881
6.7463e-30,0.04751,0.048824
9.5982e-30,0.047471,0.048838
1.2279e-29,0.047435,0.048852
1.4787e-29,0.047401,0.048866
1.7121e-29,0.04737,0.048881
1.9278e-29,0.047341,0.048896
2.1261e-29,0.047315,0.048911
2.3068e-29,0.047291,0.048926
2.4701e-29,0.047271,0.048942
2.6163e-29,0.047253,0.048958
2.7455e-29,0.047237,0.048974
2.8581e-29,0.047225,0.048991
2.9544e-29,0.047216,0.049008
3.0348e-29,0.04721,0.049026
3.0997e-29,0.047207,0.049044
3.1496e-29,0.047207,0.049063
3.185e-29,0.04721,0.049082
3.2065e-29,0.047216,0.049102
3.2147e-29,0.047226,0.049122
3.21e-29,0.047238,0.049144
3.1932e-29,0.047254,0.049165
3.1649e-29,0.047273,0.049188
3.1257e-29,0.047295,0.049211
3.0764e-29,0.04732,0.049236
3.0174e-29,0.047347,0.049261
2.9496e-29,0.047378,0.049287
2.8737e-29,0.047412,0.049313
2.7902e-29,0.047448,0.049341
2.6999e-29,0.047488,0.04937
2.6034e-29,0.04753,0.049399
2.5014e-29,0.047574,0.049429
2.3945e-29,0.047621,0.049461
2.2835e-29,0.04767,0.049493
2.1688e-29,0.047722,0.049526
2.0512e-29,0.047776,0.04956
1.9312e-29,0.047832,0.049595
1.8094e-29,0.047889,0.049631
1.6863e-29,0.047949,0.049668
1.5625e-29,0.04801,0.049706
1.4385e-29,0.048073,0.049744
1.3147e-29,0.048137,0.049783
1.1917e-29,0.048202,0.049823
1.0699e-29,0.048269,0.049864
9.497e-30,0.048336,0.049905
8.3146e-30,0.048404,0.049947
7.1556e-30,0.048473,0.049989
6.0235e-30,0.048542,0.050032
4.9213e-30,0.048612,0.050075
3.8518e-30,0.048682,0.050118
2.8177e-30,0.048752,0.050161
1.8212e-30,0.048821,0.050204
8.6449e-31,0.048891,0.050247
-5.0651e-32,0.04896,0.05029
-9.2265e-31,0.049029,0.050333
-1.7502e-30,0.049097,0.050375
-2.5321e-30,0.049164,0.050416
-3.2676e-30,0.04923,0.050457
-3.956e-30,0.049295,0.050497
-4.5968e-30,0.049358,0.050536
-5.1898e-30,0.049421,0.050573
-5.735e-30,0.049481,0.05061
-6.2325e-30,0.049541,0.050645
-6.6827e-30,0.049598,0.050679
-7.086e-30,0.049653,0.05071
-7.443e-30,0.049707,0.05074
-7.7546e-30,0.049759,0.050768
-8.0217e-30,0.049808,0.050794
-8.2453e-30,0.049855,0.050818
-8.4266e-30,0.0499,0.05084
-8.567e-30,0.049943,0.050858
-8.6678e-30,0.049983,0.050875
-8.7304e-30,0.050021,0.050889
-8.7565e-30,0.050056,0.050899
-8.7476e-30,0.050089,0.050908
-8.7053e-30,0.050119,0.050913
-8.6316e-30,0.050146,0.050915
-8.528e-30,0.050171,0.050914
-8.3964e-30,0.050193,0.05091
-8.2386e-30,0.050213,0.050903
-8.0565e-30,0.05023,0.050893
-7.8519e-30,0.050245,0.05088
-7.6266e-30,0.050257,0.050864
-7.3825e-30,0.050267,0.050844
-7.1214e-30,0.050274,0.050822
-6.8451e-30,0.050279,0.050796
-6.5554e-30,0.050281,0.050768
-6.254e-30,0.050282,0.050737
-5.9427e-30,0.05028,0.050703
-5.6231e-30,0.050276,0.050666
-5.2968e-30,0.05027,0.050626
-4.9654e-30,0.050262,0.050585
-4.6304e-30,0.050252,0.05054
-4.2933e-30,0.050241,0.050494
-3.9555e-30,0.050228,0.050446
-3.6183e-30,0.050213,0.050396
-3.2829e-30,0.050197,0.050344
-2.9507e-30,0.05018,0.05029
-2.6226e-30,0.050162,0.050236
-2.2999e-30,0.050142,0.05018
-1.9834e-30,0.050121,0.050123
-1.6742e-30,0.0501,0.050066
-1.373e-30,0.050077,0.050008
-1.0806e-30,0.050054,0.04995
-7.9784e-31,0.05003,0.049891
-5.2524e-31,0.050006,0.049833
-2.6341e-31,0.049981,0.049776
-1.2858e-32,0.049957,0.049719
2.2599e-31,0.049931,0.049663
4.5276e-31,0.049906,0.049608
6.6713e-31,0.049881,0.049554
8.6888e-31,0.049856,0.049501
1.0578e-30,0.049831,0.049451
1.2338e-30,0.049806,0.049402
1.3968e-30,0.049781,0.049356
1.5467e-30,0.049757,0.049311
1.6837e-30,0.049734,0.04927
1.8077e-30,0.04971,0.049231
1.9189e-30,0.049688,0.049194
2.0176e-30,0.049666,0.049161
2.1038e-30,0.049645,0.049131
2.1778e-30,0.049625,0.049104
2.24e-30,0.049606,0.049081
2.2907e-30,0.049588,0.049061
2.3301e-30,0.049571,0.049044
2.3587e-30,0.049555,0.049031
2.3769e-30,0.04954,0.049022
2.3851e-30,0.049527,0.049017
2.3837e-30,0.049515,0.049016
2.3731e-30,0.049504,0.049018
2.354e-30,0.049494,0.049025
2.3266e-30,0.049486,0.049035
2.2916e-30,0.04948,0.049049
2.2493e-30,0.049475,0.049067
2.2004e-30,0.049471,0.049089
2.1453e-30,0.049469,0.049115
2.0845e-30,0.049469,0.049144
2.0186e-30,0.04947,0.049177
1.9479e-30,0.049473,0.049213
1.8731e-30,0.049478,0.049253
1.7946e-30,0.049485,0.049297
1.7128e-30,0.049493,0.049343
1.6282e-30,0.049503,0.049393
1.5414e-30,0.049514,0.049445
1.4527e-30,0.049528,0.049501
1.3625e-30,0.049543,0.049559
1.2714e-30,0.049559,0.049619
1.1796e-30,0.049578,0.049682
1.0876e-30,0.049598,0.049748
9.9567e-31,0.04962,0.049815
9.0425e-31,0.049644,0.049884
8.1363e-31,0.049669,0.049955
7.2413e-31,0.049695,0.050028
6.3604e-31,0.049724,0.050102
5.4963e-31,0.049753,0.050177
4.6516e-31,0.049785,0.050253
3.8286e-31,0.049817,0.050331
3.0295e-31,0.049851,0.050409
2.2562e-31,0.049887,0.050487
1.5105e-31,0.049923,0.050566
7.9398e-32,0.049961,0.050645
1.0802e-32,0.05,0.050725
-5.4616e-32,0.050039,0.050804
-1.1675e-31,0.05008,0.050883
-1.7553e-31,0.050122,0.050962
-2.3086e-31,0.050164,0.05104
-2.8271e-31,0.050208,0.051118
-3.3104e-31,0.050252,0.051195
-3.7583e-31,0.050296,0.051271
-4.1706e-31,0.050341,0.051346
-4.5475e-31,0.050387,0.05142
-4.8892e-31,0.050432,0.051492
-5.196e-31,0.050479,0.051564
-5.4684e-31,0.050525,0.051634
-5.7069e-31,0.050571,0.051702
-5.9123e-31,0.050617,0.051769
-6.0852e-31,0.050664,0.051834
-6.2266e-31,0.05071,0.051898
-6.3373e-31,0.050755,0.051959
-6.4184e-31,0.050801,0.052019
-6.471e-31,0.050846,0.052077
-6.4961e-31,0.050891,0.052133
-6.4951e-31,0.050935,0.052186
-6.469e-31,0.050978,0.052238
-6.4193e-31,0.051021,0.052287
-6.3471e-31,0.051063,0.052334
-6.2539e-31,0.051105,0.052379
-6.141e-31,0.051145,0.052422
-6.0096e-31,0.051185,0.052463
-5.8613e-31,0.051224,0.052501
-5.6974e-31,0.051262,0.052537
-5.5192e-31,0.051298,0.05257
-5.328e-31,0.051334,0.052601
-5.1254e-31,0.051369,0.05263
-4.9124e-31,0.051402,0.052656
-4.6906e-31,0.051434,0.05268
-4.461e-31,0.051466,0.052701
-4.2251e-31,0.051495,0.05272
-3.9839e-31,0.051524,0.052737
-3.7387e-31,0.051551,0.052751
-3.4906e-31,0.051577,0.052763
-3.2407e-31,0.051601,0.052772
-2.9901e-31,0.051624,0.052779
-2.7396e-31,0.051646,0.052784
-2.4904e-31,0.051666,0.052786
-2.2433e-31,0.051684,0.052786
-1.9991e-31,0.051701,0.052784
-1.7587e-31,0.051716,0.052779
-1.5227e-31,0.05173,0.052772
-1.292e-31,0.051742,0.052763
-1.0672e-31,0.051752,0.052751
-8.4872e-32,0.05176,0.052737
-6.3727e-32,0.051766,0.052721
-4.3329e-32,0.051771,0.052703
-2.3721e-32,0.051773,0.052683
-4.9422e-33,0.051774,0.052661
1.2975e-32,0.051772,0.052636
3.0001e-32,0.051768,0.05261
4.6112e-32,0.051762,0.052582
6.1289e-32,0.051754,0.052552
7.5518e-32,0.051744,0.05252
8.8788e-32,0.051731,0.052486
1.0109e-31,0.051715,0.05245
1.1243e-31,0.051697,0.052413
1.228e-31,0.051677,0.052374
1.3222e-31,0.051654,0.052333
1.4068e-31,0.051628,0.052291
1.482e-31,0.051599,0.052248
1.548e-31,0.051568,0.052203
1.6049e-31,0.051534,0.052157
1.653e-31,0.051497,0.05211
1.6924e-31,0.051458,0.052061
1.7235e-31,0.051415,0.052011
1.7464e-31,0.051369,0.051961
1.7616e-31,0.051321,0.051909
1.7692e-31,0.05127,0.051857
1.7697e-31,0.051215,0.051804
1.7633e-31,0.051158,0.05175
1.7505e-31,0.051098,0.051695
1.7315e-31,0.051035,0.05164
1.7067e-31,0.05097,0.051585
1.6765e-31,0.050901,0.051529
1.6412e-31,0.05083,0.051473
1.6013e-31,0.050756,0.051417
1.5571e-31,0.050679,0.051361
1.509e-31,0.0506,0.051304
1.4573e-31,0.050519,0.051248
1.4024e-31,0.050435,0.051192
1.3447e-31,0.050349,0.051136
1.2845e-31,0.050261,0.05108
1.2222e-31,0.050171,0.051025
1.1581e-31,0.050079,0.050969
1.0925e-31,0.049985,0.050915
1.0258e-31,0.04989,0.050861
9.5831e-32,0.049794,0.050807
8.9027e-32,0.049696,0.050754
8.22e-32,0.049597,0.050701
7.5376e-32,0.049498,0.050649
6.8582e-32,0.049397,0.050598
6.1842e-32,0.049297,0.050548
5.5181e-32,0.049196,0.050498
4.8619e-32,0.049094,0.050449
4.2178e-32,0.048993,0.0504
3.5877e-32,0.048893,0.050353
2.9733e-32,0.048792,0.050306
2.3763e-32,0.048693,0.05026
1.7982e-32,0.048594,0.050215
1.2402e-32,0.048497,0.05017
7.0371e-33,0.048401,0.050127
1.8965e-33,0.048306,0.050084
-3.0102e-33,0.048213,0.050041
-7.6749e-33,0.048122,0.05
-1.2091e-32,0.048033,0.049959
-1.6254e-32,0.047946,0.049919
-2.0158e-32,0.047862,0.049879
-2.3801e-32,0.04778,0.04984
-2.7182e-32,0.047701,0.049802
-3.0299e-32,0.047625,0.049764
-3.3153e-32,0.047552,0.049727
-3.5746e-32,0.047483,0.04969
-3.8079e-32,0.047416,0.049655
-4.0156e-32,0.047353,0.049619
-4.198e-32,0.047294,0.049584
-4.3557e-32,0.047238,0.04955
-4.4893e-32,0.047186,0.049516
-4.5992e-32,0.047137,0.049483
-4.6863e-32,0.047093,0.04945
-4.7512e-32,0.047052,0.049418
-4.7948e-32,0.047016,0.049387
-4.8178e-32,0.046983,0.049355
-4.8212e-32,0.046954,0.049325
-4.8059e-32,0.04693,0.049295
-4.7727e-32,0.046909,0.049266
-4.7227e-32,0.046893,0.049237
-4.6569e-32,0.04688,0.04921
-4.5762e-32,0.046871,0.049182
-4.4817e-32,0.046866,0.049156
-4.3743e-32,0.046865,0.04913
-4.2551e-32,0.046868,0.049105
-4.1251e-32,0.046875,0.049081
-3.9853e-32,0.046885,0.049058
-3.8367e-32,0.046898,0.049036
-3.6803e-32,0.046915,0.049015
-3.5171e-32,0.046935,0.048995
-3.348e-32,0.046959,0.048977
-3.1739e-32,0.046985,0.048959
-2.9958e-32,0.047014,0.048943
-2.8144e-32,0.047046,0.048928
-2.6308e-32,0.047081,0.048915
-2.4456e-32,0.047117,0.048903
-2.2597e-32,0.047156,0.048892
-2.0738e-32,0.047198,0.048883
-1.8887e-32,0.04724,0.048876
-1.705e-32,0.047285,0.048871
-1.5233e-32,0.047331,0.048868
-1.3443e-32,0.047378,0.048866
-1.1685e-32,0.047427,0.048867
-9.965e-33,0.047476,0.048869
-8.2871e-33,0.047526,0.048874
-6.6561e-33,0.047577,0.048881
-5.0761e-33,0.047627,0.04889
-3.5508e-33,0.047678,0.048902
-2.0834e-33,0.047729,0.048916
-6.7688e-34,0.047779,0.048932
6.6614e-34,0.047829,0.048951
1.9435e-33,0.047878,0.048972
3.1533e-33,0.047927,0.048996
4.2942e-33,0.047974,0.049023
5.3649e-33,0.048021,0.049052
6.3646e-33,0.048066,0.049084
7.2928e-33,0.04811,0.049118
8.1493e-33,0.048152,0.049155
8.9341e-33,0.048192,0.049195
9.6476e-33,0.048231,0.049237
1.029e-32,0.048267,0.049281
1.0863e-32,0.048302,0.049329
1.1368e-32,0.048335,0.049378
1.1804e-32,0.048365,0.04943
1.2175e-32,0.048393,0.049485
1.2481e-32,0.048419,0.049541
1.2725e-32,0.048443,0.0496
1.2908e-32,0.048465,0.049661
1.3033e-32,0.048484,0.049723
1.3102e-32,0.048501,0.049788
1.3117e-32,0.048515,0.049854
1.3081e-32,0.048528,0.049922
1.2997e-32,0.048538,0.049991
1.2866e-32,0.048546,0.050061
1.2692e-32,0.048552,0.050133
1.2477e-32,0.048556,0.050205
1.2224e-32,0.048557,0.050278
1.1936e-32,0.048557,0.050352
1.1615e-32,0.048556,0.050426
1.1265e-32,0.048552,0.0505
1.0889e-32,0.048547,0.050575
1.0488e-32,0.04854,0.050649
1.0065e-32,0.048533,0.050722
9.6238e-33,0.048524,0.050795
9.1662e-33,0.048514,0.050867
8.695e-33,0.048503,0.050938
8.2125e-33,0.048491,0.051008
7.7213e-33,0.048478,0.051076
7.2235e-33,0.048465,0.051143
6.7214e-33,0.048452,0.051207
6.2172e-33,0.048439,0.05127
5.7129e-33,0.048425,0.051331
5.2104e-33,0.048412,0.051389
4.7117e-33,0.048399,0.051444
4.2185e-33,0.048387,0.051497
3.7325e-33,0.048375,0.051547
3.255e-33,0.048364,0.051594
2.7877e-33,0.048353,0.051638
2.3319e-33,0.048344,0.051679
1.8887e-33,0.048336,0.051717
1.4593e-33,0.048329,0.051751
1.0447e-33,0.048323,0.051782
6.4576e-34,0.048319,0.051809
2.6333e-34,0.048317,0.051833
-1.0191e-34,0.048316,0.051854
-4.4936e-34,0.048317,0.051871
-7.7852e-34,0.04832,0.051884
-1.089e-33,0.048325,0.051894
-1.3805e-33,0.048332,0.051901
-1.6527e-33,0.048341,0.051905
-1.9056e-33,0.048352,0.051905
-2.139e-33,0.048366,0.051903
-2.3531e-33,0.048381,0.051897
-2.5478e-33,0.048399,0.051889
-2.7235e-33,0.048419,0.051878
-2.8802e-33,0.048441,0.051865
-3.0184e-33,0.048466,0.051849
-3.1383e-33,0.048493,0.051831
-3.2404e-33,0.048522,0.051811
-3.3252e-33,0.048553,0.051789
-3.3931e-33,0.048587,0.051766
-3.4447e-33,0.048623,0.051742
-3.4807e-33,0.04866,0.051716
-3.5016e-33,0.0487,0.051689
-3.508e-33,0.048742,0.051662
-3.5008e-33,0.048786,0.051634
-3.4805e-33,0.048832,0.051606
-3.4479e-33,0.048879,0.051577
-3.4037e-33,0.048928,0.051549
-3.3487e-33,0.048979,0.051521
-3.2837e-33,0.049031,0.051494
-3.2093e-33,0.049084,0.051467
-3.1264e-33,0.049139,0.051441
-3.0357e-33,0.049195,0.051416
-2.938e-33,0.049251,0.051393
-2.8339e-33,0.049309,0.05137
-2.7244e-33,0.049367,0.05135
-2.6099e-33,0.049426,0.05133
-2.4913e-33,0.049485,0.051313
-2.3693e-33,0.049544,0.051298
-2.2445e-33,0.049603,0.051284
-2.1176e-33,0.049662,0.051272
-1.9891e-33,0.049721,0.051263
-1.8598e-33,0.04978,0.051256
-1.7301e-33,0.049837,0.051251
-1.6006e-33,0.049894,0.051248
-1.4718e-33,0.04995,0.051247
-1.3442e-33,0.050005,0.051249
-1.2183e-33,0.050059,0.051253
-1.0946e-33,0.050111,0.051259
-9.7327e-34,0.050162,0.051268
-8.5485e-34,0.050211,0.051278
-7.3962e-34,0.050258,0.051291
-6.2791e-34,0.050303,0.051305
-5.1997e-34,0.050346,0.051322
-4.1606e-34,0.050387,0.05134
-3.1637e-34,0.050425,0.05136
-2.2111e-34,0.050461,0.051382
-1.3041e-34,0.050494,0.051406
-4.4409e-35,0.050525,0.051431
3.6809e-35,0.050553,0.051457
1.1317e-34,0.050578,0.051484
1.8464e-34,0.0506,0.051513
2.512e-34,0.050619,0.051542
3.1285e-34,0.050636,0.051573
3.6964e-34,0.050649,0.051604
4.2161e-34,0.050659,0.051636
4.6884e-34,0.050667,0.051668
5.1143e-34,0.050671,0.0517
5.4949e-34,0.050672,0.051733
5.8316e-34,0.05067,0.051766
6.1257e-34,0.050665,0.051799
6.3791e-34,0.050657,0.051832
6.5933e-34,0.050646,0.051864
6.7702e-34,0.050632,0.051897
6.912e-34,0.050616,0.051928
7.0205e-34,0.050596,0.051959
7.098e-34,0.050574,0.05199
7.1468e-34,0.050549,0.05202
7.169e-34,0.050522,0.052049
7.1669e-34,0.050492,0.052077
7.143e-34,0.050459,0.052104
7.0994e-34,0.050425,0.05213
7.0386e-34,0.050388,0.052155
6.9629e-34,0.050349,0.052179
6.8746e-34,0.050308,0.052202
6.7759e-34,0.050266,0.052223
6.6691e-34,0.050221,0.052244
6.5562e-34,0.050175,0.052263
6.4394e-34,0.050128,0.052281
6.3206e-34,0.05008,0.052297
6.2018e-34,0.05003,0.052313
6.0847e-34,0.049979,0.052327
5.9712e-34,0.049927,0.052339
5.8627e-34,0.049875,0.052351
5.7607e-34,0.049822,0.052361
5.6666e-34,0.049769,0.05237
5.5815e-34,0.049715,0.052378
5.5066e-34,0.049661,0.052385
5.4428e-34,0.049607,0.05239
5.3907e-34,0.049553,0.052394
5.3512e-34,0.0495,0.052398
5.3245e-34,0.049446,0.0524
5.3111e-34,0.049394,0.052402
5.3111e-34,0.049342,0.052402
5.3245e-34,0.049291,0.052402
5.3512e-34,0.04924,0.0524
5.3907e-34,0.049191,0.052398
5.4428e-34,0.049143,0.052396
5.5066e-34,0.049096,0.052392
5.5815e-34,0.049051,0.052389
5.6666e-34,0.049007,0.052384
5.7607e-34,0.048964,0.052379
5.8627e-34,0.048923,0.052374
5.9712e-34,0.048884,0.052368
6.0847e-34,0.048847,0.052362
6.2018e-34,0.048811,0.052356
6.3206e-34,0.048778,0.052349
6.4394e-34,0.048746,0.052343
6.5562e-34,0.048716,0.052336
6.6691e-34,0.048689,0.052329
6.7759e-34,0.048663,0.052323
6.8746e-34,0.04864,0.052316
6.9629e-34,0.048618,0.05231
7.0386e-34,0.048599,0.052303
7.0994e-34,0.048582,0.052297
7.143e-34,0.048567,0.052292
7.1669e-34,0.048555,0.052287
7.169e-34,0.048544,0.052282
7.1468e-34,0.048535,0.052277
7.098e-34,0.048529,0.052273
7.0205e-34,0.048524,0.05227
6.912e-34,0.048522,0.052267
6.7702e-34,0.048521,0.052265
6.5933e-34,0.048523,0.052264
6.3791e-34,0.048526,0.052263
6.1257e-34,0.04853,0.052263
5.8316e-34,0.048537,0.052264
5.4949e-34,0.048545,0.052265
5.1143e-34,0.048554,0.052268
4.6884e-34,0.048566,0.052271
4.2161e-34,0.048578,0.052275
3.6964e-34,0.048591,0.05228
3.1285e-34,0.048606,0.052286
2.512e-34,0.048622,0.052293
1.8464e-34,0.048639,0.052301
1.1317e-34,0.048657,0.05231
3.6809e-35,0.048675,0.05232
-4.4409e-35,0.048694,0.052331
-1.3041e-34,0.048714,0.052343
-2.2111e-34,0.048734,0.052356
-3.1637e-34,0.048754,0.05237
-4.1606e-34,0.048775,0.052385
-5.1997e-34,0.048796,0.052401
-6.2791e-34,0.048817,0.052417
-7.3962e-34,0.048838,0.052435
-8.5485e-34,0.048858,0.052454
-9.7327e-34,0.048879,0.052473
-1.0946e-33,0.048899,0.052493
-1.2183e-33,0.048918,0.052514
-1.3442e-33,0.048937,0.052535
-1.4718e-33,0.048955,0.052558
-1.6006e-33,0.048973,0.05258
-1.7301e-33,0.048989,0.052604
-1.8598e-33,0.049005,0.052627
-1.9891e-33,0.049019,0.052651
-2.1176e-33,0.049032,0.052676
-2.2445e-33,0.049044,0.0527
-2.3693e-33,0.049055,0.052725
-2.4913e-33,0.049064,0.05275
-2.6099e-33,0.049072,0.052775
-2.7244e-33,0.049078,0.052799
-2.8339e-33,0.049082,0.052824
-2.938e-33,0.049085,0.052848
-3.0357e-33,0.049085,0.052872
-3.1264e-33,0.049084,0.052895
-3.2093e-33,0.049081,0.052918
-3.2837e-33,0.049077,0.05294
-3.3487e-33,0.04907,0.052962
-3.4037e-33,0.049061,0.052982
-3.4479e-33,0.04905,0.053002
-3.4805e-33,0.049037,0.053021
-3.5008e-33,0.049022,0.053039
-3.508e-33,0.049004,0.053055
-3.5016e-33,0.048985,0.053071
-3.4807e-33,0.048964,0.053085
-3.4447e-33,0.04894,0.053097
-3.3931e-33,0.048915,0.053109
-3.3252e-33,0.048887,0.053119
-3.2404e-33,0.048858,0.053127
-3.1383e-33,0.048827,0.053134
-3.0184e-33,0.048794,0.053139
-2.8802e-33,0.048758,0.053143
-2.7235e-33,0.048722,0.053145
-2.5478e-33,0.048683,0.053146
-2.3531e-33,0.048643,0.053145
-2.139e-33,0.048601,0.053142
-1.9056e-33,0.048558,0.053138
-1.6527e-33,0.048514,0.053132
-1.3805e-33,0.048468,0.053124
-1.089e-33,0.048421,0.053115
-7.7852e-34,0.048373,0.053104
-4.4936e-34,0.048324,0.053091
-1.0191e-34,0.048275,0.053078
2.6333e-34,0.048224,0.053062
6.4576e-34,0.048173,0.053046
1.0447e-33,0.048121,0.053028
1.4593e-33,0.048069,0.053009
1.8887e-33,0.048017,0.052988
2.3319e-33,0.047965,0.052967
2.7877e-33,0.047912,0.052945
3.255e-33,0.04786,0.052921
3.7325e-33,0.047808,0.052897
4.2185e-33,0.047757,0.052873
4.7117e-33,0.047706,0.052847
5.2104e-33,0.047655,0.052821
5.7129e-33,0.047606,0.052795
6.2172e-33,0.047557,0.052768
6.7214e-33,0.04751,0.052742
7.2235e-33,0.047463,0.052715
7.7213e-33,0.047418,0.052688
8.2125e-33,0.047375,0.052662
8.695e-33,0.047333,0.052636
9.1662e-33,0.047293,0.05261
9.6238e-33,0.047254,0.052585
1.0065e-32,0.047217,0.052561
1.0488e-32,0.047183,0.052538
1.0889e-32,0.04715,0.052515
1.1265e-32,0.04712,0.052494
1.1615e-32,0.047092,0.052474
1.1936e-32,0.047067,0.052455
1.2224e-32,0.047044,0.052437
1.2477e-32,0.047023,0.052421
1.2692e-32,0.047006,0.052407
1.2866e-32,0.046991,0.052395
1.2997e-32,0.046979,0.052384
1.3081e-32,0.04697,0.052375
1.3117e-32,0.046963,0.052368
1.3102e-32,0.04696,0.052364
1.3033e-32,0.04696,0.052361
1.2908e-32,0.046963,0.052361
1.2725e-32,0.046969,0.052363
1.2481e-32,0.046979,0.052367
1.2175e-32,0.046991,0.052374
1.1804e-32,0.047007,0.052383
1.1368e-32,0.047026,0.052394
1.0863e-32,0.047048,0.052408
1.029e-32,0.047074,0.052424
9.6476e-33,0.047102,0.052443
8.9341e-33,0.047134,0.052464
8.1493e-33,0.047169,0.052488
7.2928e-33,0.047207,0.052514
6.3646e-33,0.047247,0.052542
5.3649e-33,0.047291,0.052573
4.2942e-33,0.047338,0.052606
3.1533e-33,0.047388,0.052641
1.9435e-33,0.04744,0.052679
6.6614e-34,0.047495,0.052718
-6.7688e-34,0.047552,0.05276
-2.0834e-33,0.047611,0.052804
-3.5508e-33,0.047673,0.05285
-5.0761e-33,0.047737,0.052897
-6.6561e-33,0.047803,0.052946
-8.2871e-33,0.047871,0.052997
-9.965e-33,0.047941,0.05305
-1.1685e-32,0.048012,0.053104
-1.3443e-32,0.048084,0.053159
-1.5233e-32,0.048158,0.053216
-1.705e-32,0.048232,0.053274
-1.8887e-32,0.048307,0.053333
-2.0738e-32,0.048383,0.053393
-2.2597e-32,0.04846,0.053454
-2.4456e-32,0.048536,0.053515
-2.6308e-32,0.048613,0.053578
-2.8144e-32,0.04869,0.053641
-2.9958e-32,0.048766,0.053704
-3.1739e-32,0.048842,0.053768
-3.348e-32,0.048917,0.053832
-3.5171e-32,0.048991,0.053897
-3.6803e-32,0.049064,0.053961
-3.8367e-32,0.049136,0.054025
-3.9853e-32,0.049206,0.054089
-4.1251e-32,0.049275,0.054153
-4.2551e-32,0.049342,0.054217
-4.3743e-32,0.049407,0.05428
-4.4817e-32,0.04947,0.054343
-4.5762e-32,0.049531,0.054405
-4.6569e-32,0.049589,0.054467
-4.7227e-32,0.049645,0.054527
-4.7727e-32,0.049698,0.054587
-4.8059e-32,0.049748,0.054646
-4.8212e-32,0.049796,0.054704
-4.8178e-32,0.04984,0.05476
-4.7948e-32,0.049881,0.054816
-4.7512e-32,0.049919,0.05487
-4.6863e-32,0.049953,0.054923
-4.5992e-32,0.049984,0.054975
-4.4893e-32,0.050012,0.055025
-4.3557e-32,0.050036,0.055074
-4.198e-32,0.050057,0.055121
-4.0156e-32,0.050074,0.055166
-3.8079e-32,0.050087,0.05521
-3.5746e-32,0.050097,0.055253
-3.3153e-32,0.050103,0.055293
-3.0299e-32,0.050106,0.055332
-2.7182e-32,0.050105,0.055369
-2.3801e-32,0.0501,0.055404
-2.0158e-32,0.050092,0.055438
-1.6254e-32,0.050081,0.055469
-1.2091e-32,0.050066,0.055499
-7.6749e-33,0.050048,0.055527
-3.0102e-33,0.050027,0.055553
1.8965e-33,0.050002,0.055577
7.0371e-33,0.049975,0.055599
1.2402e-32,0.049944,0.055619
1.7982e-32,0.049911,0.055637
2.3763e-32,0.049875,0.055654
2.9733e-32,0.049837,0.055668
3.5877e-32,0.049796,0.055681
4.2178e-32,0.049753,0.055692
4.8619e-32,0.049708,0.055701
5.5181e-32,0.049662,0.055708
6.1842e-32,0.049613,0.055714
6.8582e-32,0.049563,0.055717
7.5376e-32,0.049512,0.055719
8.22e-32,0.049459,0.05572
8.9027e-32,0.049405,0.055719
9.5831e-32,0.049351,0.055716
1.0258e-31,0.049296,0.055711
1.0925e-31,0.04924,0.055706
1.1581e-31,0.049185,0.055699
1.2222e-31,0.049129,0.05569
1.2845e-31,0.049073,0.05568
1.3447e-31,0.049017,0.055669
1.4024e-31,0.048962,0.055657
1.4573e-31,0.048908,0.055644
1.509e-31,0.048854,0.05563
1.5571e-31,0.048801,0.055615
1.6013e-31,0.048749,0.055599
1.6412e-31,0.048699,0.055583
1.6765e-31,0.048649,0.055566
1.7067e-31,0.048602,0.055549
1.7315e-31,0.048555,0.055531
1.7505e-31,0.048511,0.055512
1.7633e-31,0.048468,0.055494
1.7697e-31,0.048427,0.055475
1.7692e-31,0.048389,0.055457
1.7616e-31,0.048352,0.055439
1.7464e-31,0.048317,0.05542
1.7235e-31,0.048284,0.055402
1.6924e-31,0.048254,0.055385
1.653e-31,0.048226,0.055368
1.6049e-31,0.0482,0.055352
1.548e-31,0.048176,0.055337
1.482e-31,0.048155,0.055322
1.4068e-31,0.048136,0.055309
1.3222e-31,0.048119,0.055296
1.228e-31,0.048104,0.055285
1.1243e-31,0.048091,0.055275
1.0109e-31,0.04808,0.055266
8.8788e-32,0.048072,0.055259
7.5518e-32,0.048065,0.055253
6.1289e-32,0.048061,0.055249
4.6112e-32,0.048058,0.055247
3.0001e-32,0.048057,0.055246
1.2975e-32,0.048058,0.055248
-4.9422e-33,0.04806,0.055251
-2.3721e-32,0.048064,0.055256
-4.3329e-32,0.048069,0.055264
-6.3727e-32,0.048075,0.055273
-8.4872e-32,0.048082,0.055285
-1.0672e-31,0.048091,0.055299
-1.292e-31,0.0481,0.055315
-1.5227e-31,0.04811,0.055333
-1.7587e-31,0.048121,0.055354
-1.9991e-31,0.048132,0.055377
-2.2433e-31,0.048144,0.055403
-2.4904e-31,0.048156,0.055431
-2.7396e-31,0.048169,0.055461
-2.9901e-31,0.048181,0.055494
-3.2407e-31,0.048193,0.055529
-3.4906e-31,0.048205,0.055566
-3.7387e-31,0.048217,0.055606
-3.9839e-31,0.048228,0.055648
-4.2251e-31,0.048239,0.055693
-4.461e-31,0.04825,0.055739
-4.6906e-31,0.048259,0.055788
-4.9124e-31,0.048268,0.055839
-5.1254e-31,0.048276,0.055892
-5.328e-31,0.048283,0.055947
-5.5192e-31,0.048289,0.056005
-5.6974e-31,0.048294,0.056064
-5.8613e-31,0.048298,0.056125
-6.0096e-31,0.048301,0.056187
-6.141e-31,0.048302,0.056251
-6.2539e-31,0.048302,0.056317
-6.3471e-31,0.048301,0.056384
-6.4193e-31,0.048299,0.056453
-6.469e-31,0.048295,0.056522
-6.4951e-31,0.048289,0.056593
-6.4961e-31,0.048283,0.056665
-6.471e-31,0.048275,0.056737
-6.4184e-31,0.048266,0.05681
-6.3373e-31,0.048255,0.056884
-6.2266e-31,0.048244,0.056958
-6.0852e-31,0.048231,0.057033
-5.9123e-31,0.048217,0.057107
-5.7069e-31,0.048201,0.057182
-5.4684e-31,0.048185,0.057256
-5.196e-31,0.048168,0.057331
-4.8892e-31,0.04815,0.057404
-4.5475e-31,0.048131,0.057477
-4.1706e-31,0.048111,0.05755
-3.7583e-31,0.048091,0.057621
-3.3104e-31,0.04807,0.057692
-2.8271e-31,0.048049,0.057762
-2.3086e-31,0.048028,0.05783
-1.7553e-31,0.048006,0.057897
-1.1675e-31,0.047984,0.057962
-5.4616e-32,0.047963,0.058026
1.0802e-32,0.047941,0.058089
7.9398e-32,0.04792,0.058149
1.5105e-31,0.0479,0.058208
2.2562e-31,0.04788,0.058264
3.0295e-31,0.047861,0.058319
3.8286e-31,0.047843,0.058371
4.6516e-31,0.047825,0.058421
5.4963e-31,0.047809,0.058469
6.3604e-31,0.047795,0.058515
7.2413e-31,0.047781,0.058558
8.1363e-31,0.04777,0.058598
9.0425e-31,0.04776,0.058637
9.9567e-31,0.047751,0.058672
1.0876e-30,0.047745,0.058706
1.1796e-30,0.047741,0.058736
1.2714e-30,0.047739,0.058764
1.3625e-30,0.047739,0.05879
1.4527e-30,0.047741,0.058812
1.5414e-30,0.047746,0.058832
1.6282e-30,0.047753,0.05885
1.7128e-30,0.047763,0.058865
1.7946e-30,0.047775,0.058877
1.8731e-30,0.04779,0.058887
1.9479e-30,0.047807,0.058895
2.0186e-30,0.047828,0.058899
2.0845e-30,0.04785,0.058902
2.1453e-30,0.047876,0.058901
2.2004e-30,0.047904,0.058899
2.2493e-30,0.047934,0.058894
2.2916e-30,0.047968,0.058886
2.3266e-30,0.048003,0.058877
2.354e-30,0.048041,0.058865
2.3731e-30,0.048082,0.05885
2.3837e-30,0.048125,0.058834
2.3851e-30,0.04817,0.058815
2.3769e-30,0.048217,0.058794
2.3587e-30,0.048266,0.058772
2.3301e-30,0.048317,0.058747
2.2907e-30,0.048369,0.05872
2.24e-30,0.048423,0.058691
2.1778e-30,0.048479,0.05866
2.1038e-30,0.048536,0.058628
2.0176e-30,0.048594,0.058593
1.9189e-30,0.048653,0.058557
1.8077e-30,0.048713,0.058519
1.6837e-30,0.048774,0.058479
1.5467e-30,0.048835,0.058438
1.3968e-30,0.048896,0.058395
1.2338e-30,0.048958,0.058351
1.0578e-30,0.04902,0.058305
8.6888e-31,0.049081,0.058257
6.6713e-31,0.049142,0.058208
4.5276e-31,0.049203,0.058158
2.2599e-31,0.049263,0.058107
-1.2858e-32,0.049323,0.058054
-2.6341e-31,0.049381,0.058
-5.2524e-31,0.049439,0.057945
-7.9784e-31,0.049495,0.057888
-1.0806e-30,0.04955,0.057831
-1.373e-30,0.049603,0.057773
-1.6742e-30,0.049655,0.057713
-1.9834e-30,0.049705,0.057653
-2.2999e-30,0.049754,0.057592
-2.6226e-30,0.049801,0.05753
-2.9507e-30,0.049845,0.057468
-3.2829e-30,0.049888,0.057405
-3.6183e-30,0.049929,0.057342
-3.9555e-30,0.049967,0.057278
-4.2933e-30,0.050004,0.057213
-4.6304e-30,0.050038,0.057149
-4.9654e-30,0.05007,0.057084
-5.2968e-30,0.050099,0.057019
-5.6231e-30,0.050127,0.056954
-5.9427e-30,0.050152,0.056889
-6.254e-30,0.050175,0.056825
-6.5554e-30,0.050195,0.05676
-6.8451e-30,0.050214,0.056696
-7.1214e-30,0.05023,0.056633
-7.3825e-30,0.050244,0.056569
-7.6266e-30,0.050256,0.056507
-7.8519e-30,0.050266,0.056445
-8.0565e-30,0.050273,0.056384
-8.2386e-30,0.050279,0.056324
-8.3964e-30,0.050283,0.056264
-8.528e-30,0.050286,0.056206
-8.6316e-30,0.050286,0.056149
-8.7053e-30,0.050285,0.056093
-8.7476e-30,0.050282,0.056039
-8.7565e-30,0.050278,0.055986
-8.7304e-30,0.050273,0.055934
-8.6678e-30,0.050266,0.055884
-8.567e-30,0.050259,0.055836
-8.4266e-30,0.05025,0.055789
-8.2453e-30,0.05024,0.055744
-8.0217e-30,0.050229,0.055701
-7.7546e-30,0.050218,0.05566
-7.443e-30,0.050206,0.055621
-7.086e-30,0.050193,0.055585
-6.6827e-30,0.05018,0.05555
-6.2325e-30,0.050166,0.055517
-5.735e-30,0.050152,0.055487
-5.1898e-30,0.050137,0.055459
-4.5968e-30,0.050123,0.055433
-3.956e-30,0.050108,0.05541
-3.2676e-30,0.050093,0.055389
-2.5321e-30,0.050078,0.055371
-1.7502e-30,0.050063,0.055355
-9.2265e-31,0.050048,0.055341
-5.0651e-32,0.050033,0.05533
8.6449e-31,0.050018,0.055322
1.8212e-30,0.050002,0.055316
2.8177e-30,0.049987,0.055313
3.8518e-30,0.049972,0.055312
4.9213e-30,0.049957,0.055314
6.0235e-30,0.049942,0.055319
7.1556e-30,0.049926,0.055326
8.3146e-30,0.049911,0.055336
9.497e-30,0.049895,0.055348
1.0699e-29,0.049879,0.055363
1.1917e-29,0.049862,0.05538
1.3147e-29,0.049846,0.0554
1.4385e-29,0.049828,0.055422
1.5625e-29,0.049811,0.055447
1.6863e-29,0.049792,0.055474
1.8094e-29,0.049773,0.055503
1.9312e-29,0.049753,0.055535
2.0512e-29,0.049732,0.055568
2.1688e-29,0.04971,0.055604
2.2835e-29,0.049688,0.055642
2.3945e-29,0.049664,0.055682
2.5014e-29,0.049638,0.055724
2.6034e-29,0.049612,0.055768
2.6999e-29,0.049584,0.055813
2.7902e-29,0.049554,0.05586
2.8737e-29,0.049523,0.055909
2.9496e-29,0.04949,0.055959
3.0174e-29,0.049456,0.056011
3.0764e-29,0.04942,0.056064
3.1257e-29,0.049381,0.056118
3.1649e-29,0.049341,0.056173
3.1932e-29,0.049299,0.056229
3.21e-29,0.049255,0.056286
3.2147e-29,0.049209,0.056344
3.2065e-29,0.049161,0.056402
3.185e-29,0.049111,0.056461
3.1496e-29,0.049059,0.05652
3.0997e-29,0.049005,0.05658
3.0348e-29,0.048949,0.056639
2.9544e-29,0.048891,0.056699
2.8581e-29,0.04883,0.056759
2.7455e-29,0.048768,0.056819
2.6163e-29,0.048704,0.056878
2.4701e-29,0.048639,0.056937
2.3068e-29,0.048572,0.056996
2.1261e-29,0.048503,0.057054
1.9278e-29,0.048432,0.057112
1.7121e-29,0.048361,0.057168
1.4787e-29,0.048288,0.057225
1.2279e-29,0.048214,0.05728
9.5982e-30,0.04814,0.057335
6.7463e-30,0.048064,0.057388
3.7266e-30,0.047988,0.057441
5.4324e-31,0.047912,0.057492
-2.7991e-30,0.047836,0.057543
-6.2947e-30,0.04776,0.057592
-9.937e-30,0.047684,0.057641
-1.3719e-29,0.047609,0.057688
-1.7631e-29,0.047534,0.057734
-2.1664e-29,0.047461,0.057779
-2.5809e-29,0.047388,0.057822
-3.0053e-29,0.047317,0.057865
-3.4385e-29,0.047248,0.057906
-3.8791e-29,0.047181,0.057945
-4.3257e-29,0.047116,0.057984
-4.7768e-29,0.047053,0.058021
-5.2308e-29,0.046993,0.058057
-5.686e-29,0.046935,0.058092
-6.1406e-29,0.046881,0.058125
-6.5928e-29,0.04683,0.058158
-7.0406e-29,0.046782,0.058188
-7.482e-29,0.046738,0.058218
-7.9149e-29,0.046698,0.058246
-8.337e-29,0.046662,0.058272
-8.7463e-29,0.04663,0.058297
-9.1403e-29,0.046602,0.058321
-9.5167e-29,0.046579,0.058343
-9.8732e-29,0.04656,0.058363
-1.0207e-28,0.046545,0.058382
-1.0517e-28,0.046536,0.058399
-1.0799e-28,0.046531,0.058415
-1.1051e-28,0.046531,0.058429
-1.1271e-28,0.046536,0.058441
-1.1456e-28,0.046546,0.058451
-1.1604e-28,0.046561,0.058459
-1.1713e-28,0.04658,0.058465
-1.1779e-28,0.046605,0.058469
-1.1801e-28,0.046634,0.05847
-1.1776e-28,0.046668,0.05847
-1.1703e-28,0.046707,0.058467
-1.1579e-28,0.04675,0.058462
-1.1401e-28,0.046798,0.058454
-1.1169e-28,0.04685,0.058445
-1.088e-28,0.046906,0.058432
-1.0533e-28,0.046966,0.058417
-1.0127e-28,0.04703,0.058399
-9.659e-29,0.047098,0.058379
-9.1292e-29,0.047169,0.058356
-8.5365e-29,0.047244,0.05833
-7.8801e-29,0.047321,0.058301
-7.1595e-29,0.047402,0.05827
-6.3744e-29,0.047485,0.058236
-5.5249e-29,0.04757,0.058199
-4.6112e-29,0.047657,0.05816
-3.6339e-29,0.047746,0.058118
-2.5938e-29,0.047837,0.058073
-1.492e-29,0.047929,0.058026
-3.2988e-30,0.048022,0.057977
8.9078e-30,0.048116,0.057925
2.168e-29,0.04821,0.057871
3.4993e-29,0.048304,0.057814
4.882e-29,0.048398,0.057756
6.313e-29,0.048492,0.057696
7.789e-29,0.048585,0.057634
9.3061e-29,0.048677,0.057571
1.086e-28,0.048768,0.057506
1.2447e-28,0.048857,0.057441
1.4062e-28,0.048945,0.057374
1.5699e-28,0.04903,0.057307
1.7354e-28,0.049113,0.057239
1.9019e-28,0.049194,0.057172
2.069e-28,0.049272,0.057104
2.236e-28,0.049346,0.057037
2.4021e-28,0.049418,0.05697
2.5667e-28,0.049486,0.056904
2.729e-28,0.04955,0.05684
2.8883e-28,0.04961,0.056777
3.0437e-28,0.049666,0.056715
3.1945e-28,0.049718,0.056656
3.3398e-28,0.049766,0.056599
3.4787e-28,0.049809,0.056544
3.6105e-28,0.049847,0.056493
3.7341e-28,0.04988,0.056444
3.8486e-28,0.049909,0.056399
3.9533e-28,0.049933,0.056357
4.0471e-28,0.049951,0.056319
4.1292e-28,0.049964,0.056286
4.1987e-28,0.049973,0.056256
4.2546e-28,0.049976,0.056231
4.296e-28,0.049974,0.056211
4.3221e-28,0.049967,0.056195
4.332e-28,0.049954,0.056185
4.3248e-28,0.049937,0.056179
4.2999e-28,0.049914,0.056178
4.2563e-28,0.049887,0.056183
4.1933e-28,0.049855,0.056193
4.1103e-28,0.049818,0.056209
4.0066e-28,0.049776,0.05623
3.8816e-28,0.04973,0.056256
3.7348e-28,0.04968,0.056287
3.5655e-28,0.049625,0.056324
3.3736e-28,0.049566,0.056366
3.1586e-28,0.049504,0.056413
2.9201e-28,0.049438,0.056466
2.6582e-28,0.049369,0.056523
2.3726e-28,0.049296,0.056585
2.0633e-28,0.049221,0.056652
1.7305e-28,0.049142,0.056723
1.3743e-28,0.049062,0.056798
9.9496e-29,0.048979,0.056877
5.9294e-29,0.048894,0.05696
1.6873e-29,0.048808,0.057047
-2.7705e-29,0.04872,0.057137
-7.4366e-29,0.048631,0.05723
-1.2302e-28,0.048542,0.057326
-1.7358e-28,0.048451,0.057424
-2.2592e-28,0.048361,0.057525
-2.7993e-28,0.048271,0.057627
-3.3547e-28,0.048181,0.057731
-3.9238e-28,0.048091,0.057837
-4.5051e-28,0.048003,0.057943
-5.0968e-28,0.047915,0.05805
-5.697e-28,0.047829,0.058158
-6.3038e-28,0.047745,0.058265
-6.9149e-28,0.047663,0.058373
-7.5282e-28,0.047582,0.05848
-8.1412e-28,0.047505,0.058586
-8.7515e-28,0.04743,0.058691
-9.3564e-28,0.047357,0.058795
-9.9533e-28,0.047288,0.058897
-1.0539e-27,0.047222,0.058998
-1.1112e-27,0.04716,0.059096
-1.1667e-27,0.047101,0.059192
-1.2203e-27,0.047046,0.059286
-1.2716e-27,0.046995,0.059376
-1.3202e-27,0.046949,0.059464
-1.3659e-27,0.046906,0.059549
-1.4084e-27,0.046867,0.05963
-1.4472e-27,0.046834,0.059709
-1.4821e-27,0.046804,0.059783
-1.5127e-27,0.046779,0.059854
-1.5387e-27,0.046759,0.059921
-1.5598e-27,0.046743,0.059984
-1.5756e-27,0.046732,0.060044
-1.5858e-27,0.046726,0.060099
-1.5901e-27,0.046725,0.06015
-1.5882e-27,0.046728,0.060198
-1.5798e-27,0.046735,0.060241
-1.5645e-27,0.046748,0.060281
-1.5422e-27,0.046764,0.060316
-1.5126e-27,0.046786,0.060348
-1.4753e-27,0.046811,0.060376
-1.4303e-27,0.046841,0.0604
-1.3773e-27,0.046875,0.060421
-1.3161e-27,0.046913,0.060438
-1.2465e-27,0.046955,0.060452
-1.1685e-27,0.047001,0.060462
-1.0819e-27,0.04705,0.06047
-9.8671e-28,0.047102,0.060474
-8.8282e-28,0.047158,0.060476
-7.7024e-28,0.047217,0.060476
-6.4901e-28,0.047278,0.060473
-5.1917e-28,0.047343,0.060468
-3.8085e-28,0.047409,0.060461
-2.3418e-28,0.047478,0.060453
-7.9333e-29,0.047549,0.060443
8.3456e-29,0.047621,0.060433
2.5392e-28,0.047696,0.060421
4.3176e-28,0.047771,0.060409
6.166e-28,0.047847,0.060396
8.0806e-28,0.047925,0.060383
1.0057e-27,0.048002,0.06037
1.209e-27,0.048081,0.060358
1.4174e-27,0.048159,0.060346
1.6303e-27,0.048237,0.060335
1.8471e-27,0.048315,0.060325
2.0671e-27,0.048392,0.060316
2.2896e-27,0.048469,0.060309
2.5138e-27,0.048544,0.060304
2.7389e-27,0.048619,0.0603
2.964e-27,0.048691,0.060299
3.1882e-27,0.048763,0.0603
3.4105e-27,0.048832,0.060303
3.63e-27,0.0489,0.060309
3.8456e-27,0.048966,0.060318
4.0563e-27,0.049029,0.06033
4.261e-27,0.04909,0.060344
4.4585e-27,0.049148,0.060362
4.6477e-27,0.049204,0.060383
4.8274e-27,0.049257,0.060406
4.9964e-27,0.049307,0.060433
5.1536e-27,0.049354,0.060464
5.2977e-27,0.049398,0.060497
5.4274e-27,0.049439,0.060534
5.5416e-27,0.049477,0.060574
5.639e-27,0.049512,0.060617
5.7184e-27,0.049543,0.060663
5.7785e-27,0.049571,0.060712
5.8183e-27,0.049596,0.060764
5.8365e-27,0.049618,0.060818
5.832e-27,0.049636,0.060875
5.8037e-27,0.049652,0.060935
5.7505e-27,0.049664,0.060997
5.6715e-27,0.049673,0.06106
5.5656e-27,0.04968,0.061126
5.4321e-27,0.049683,0.061193
5.2699e-27,0.049684,0.061262
5.0785e-27,0.049682,0.061331
4.8571e-27,0.049677,0.061402
4.6052e-27,0.04967,0.061473
4.3222e-27,0.04966,0.061545
4.0079e-27,0.049649,0.061617
3.6618e-27,0.049635,0.061688
3.2839e-27,0.049619,0.061759
2.8741e-27,0.049602,0.06183
2.4326e-27,0.049583,0.061899
1.9594e-27,0.049562,0.061967
1.455e-27,0.049541,0.062033
9.199e-28,0.049518,0.062098
3.5472e-28,0.049494,0.06216
-2.3972e-28,0.049469,0.06222
-8.6246e-28,0.049444,0.062276
-1.5124e-27,0.049419,0.06233
-2.1882e-27,0.049393,0.062381
-2.8884e-27,0.049367,0.062427
-3.6115e-27,0.049341,0.06247
-4.3555e-27,0.049315,0.062509
-5.1186e-27,0.04929,0.062543
-5.8985e-27,0.049265,0.062573
-6.693e-27,0.049241,0.062598
-7.4995e-27,0.049217,0.062618
-8.3155e-27,0.049195,0.062633
-9.138e-27,0.049173,0.062642
-9.964e-27,0.049153,0.062646
-1.079e-26,0.049134,0.062644
-1.1614e-26,0.049116,0.062636
-1.2431e-26,0.0491,0.062623
-1.3238e-26,0.049085,0.062603
-1.4031e-26,0.049073,0.062577
-1.4807e-26,0.049061,0.062545
-1.5561e-26,0.049052,0.062507
-1.6289e-26,0.049044,0.062462
-1.6987e-26,0.049038,0.062411
-1.7651e-26,0.049035,0.062354
-1.8276e-26,0.049033,0.06229
-1.8858e-26,0.049033,0.06222
-1.9392e-26,0.049035,0.062144
-1.9874e-26,0.049039,0.062062
-2.03e-26,0.049046,0.061974
-2.0664e-26,0.049054,0.061879
-2.0963e-26,0.049064,0.061779
-2.1192e-26,0.049076,0.061673
-2.1346e-26,0.049091,0.061561
-2.1422e-26,0.049107,0.061444
-2.1415e-26,0.049125,0.061321
-2.1321e-26,0.049145,0.061194
-2.1135e-26,0.049167,0.061061
-2.0856e-26,0.049191,0.060924
-2.0478e-26,0.049216,0.060782
-1.9999e-26,0.049244,0.060635
-1.9415e-26,0.049272,0.060485
-1.8725e-26,0.049303,0.060331
-1.7924e-26,0.049334,0.060173
-1.7012e-26,0.049367,0.060012
-1.5985e-26,0.049402,0.059848
-1.4844e-26,0.049438,0.059681
-1.3587e-26,0.049474,0.059512
-1.2212e-26,0.049512,0.059341
-1.0721e-26,0.049551,0.059168
-9.1123e-27,0.04959,0.058993
-7.388e-27,0.04963,0.058817
-5.5489e-27,0.049671,0.058641
-3.5967e-27,0.049712,0.058463
-1.534e-27,0.049754,0.058286
6.3661e-28,0.049795,0.058109
2.9115e-27,0.049837,0.057932
5.2866e-27,0.049879,0.057756
7.7573e-27,0.049921,0.057581
1.0318e-26,0.049962,0.057408
1.2964e-26,0.050003,0.057236
1.5687e-26,0.050044,0.057067
1.8481e-26,0.050084,0.0569
2.1337e-26,0.050123,0.056736
2.4248e-26,0.050161,0.056575
2.7205e-26,0.050198,0.056417
3.0197e-26,0.050234,0.056263
3.3214e-26,0.050269,0.056113
3.6245e-26,0.050303,0.055967
3.9279e-26,0.050335,0.055826
4.2304e-26,0.050366,0.05569
4.5307e-26,0.050395,0.055558
4.8274e-26,0.050422,0.055432
5.1192e-26,0.050447,0.055312
5.4047e-26,0.050471,0.055197
5.6824e-26,0.050492,0.055089
5.9507e-26,0.050512,0.054986
6.2083e-26,0.050529,0.05489
6.4534e-26,0.050544,0.054801
6.6845e-26,0.050557,0.054718
6.8999e-26,0.050568,0.054641
7.098e-26,0.050577,0.054572
7.2772e-26,0.050583,0.05451
7.4358e-26,0.050588,0.054455
7.5721e-26,0.05059,0.054407
7.6845e-26,0.05059,0.054366
7.7714e-26,0.050587,0.054333
7.8312e-26,0.050583,0.054306
7.8622e-26,0.050576,0.054287
7.8629e-26,0.050568,0.054276
7.8319e-26,0.050557,0.054271
7.7677e-26,0.050544,0.054273
7.6689e-26,0.05053,0.054283
7.5342e-26,0.050514,0.0543
7.3625e-26,0.050496,0.054323
7.1525e-26,0.050476,0.054353
6.9032e-26,0.050455,0.05439
6.6138e-26,0.050433,0.054433
6.2834e-26,0.050409,0.054482
5.9113e-26,0.050384,0.054538
5.4969e-26,0.050358,0.054599
5.04e-26,0.050332,0.054667
4.5401e-26,0.050304,0.054739
3.9973e-26,0.050276,0.054817
3.4116e-26,0.050247,0.0549
2.7832e-26,0.050217,0.054987
2.1127e-26,0.050188,0.055079
1.4006e-26,0.050158,0.055175
6.4772e-27,0.050128,0.055275
-1.4481e-27,0.050098,0.055379
-9.7577e-27,0.050069,0.055486
-1.8437e-26,0.05004,0.055595
-2.7469e-26,0.050011,0.055708
-3.6835e-26,0.049983,0.055823
-4.6513e-26,0.049955,0.05594
-5.648e-26,0.049928,0.056059
-6.6709e-26,0.049902,0.05618
-7.7172e-26,0.049878,0.056301
-8.7838e-26,0.049854,0.056424
-9.8674e-26,0.049831,0.056547
-1.0964e-25,0.04981,0.05667
-1.2071e-25,0.04979,0.056794
-1.3184e-25,0.049771,0.056917
-1.4298e-25,0.049754,0.057039
-1.5408e-25,0.049738,0.057161
-1.6512e-25,0.049724,0.057281
-1.7603e-25,0.049712,0.0574
-1.8676e-25,0.049701,0.057518
-1.9727e-25,0.049692,0.057633
-2.075e-25,0.049684,0.057747
-2.1739e-25,0.049679,0.057858
-2.2689e-25,0.049675,0.057967
-2.3594e-25,0.049673,0.058073
-2.4448e-25,0.049672,0.058176
-2.5245e-25,0.049674,0.058276
-2.598e-25,0.049677,0.058372
-2.6646e-25,0.049682,0.058466
-2.7236e-25,0.049688,0.058556
-2.7746e-25,0.049696,0.058642
-2.8169e-25,0.049706,0.058725
-2.8498e-25,0.049718,0.058804
-2.8728e-25,0.049731,0.058879
-2.8854e-25,0.049745,0.05895
-2.8869e-25,0.049761,0.059018
-2.8768e-25,0.049778,0.059081
-2.8546e-25,0.049797,0.059141
-2.8198e-25,0.049817,0.059197
-2.7718e-25,0.049838,0.059249
-2.7102e-25,0.04986,0.059297
-2.6347e-25,0.049883,0.059341
-2.5448e-25,0.049907,0.059382
-2.4402e-25,0.049932,0.059419
-2.3205e-25,0.049958,0.059453
-2.1856e-25,0.049984,0.059483
-2.0352e-25,0.05001,0.05951
-1.8692e-25,0.050037,0.059534
-1.6874e-25,0.050065,0.059555
-1.4899e-25,0.050092,0.059574
-1.2766e-25,0.050119,0.059589
-1.0476e-25,0.050147,0.059602
-8.0316e-26,0.050174,0.059613
-5.4341e-26,0.0502,0.059622
-2.6866e-26,0.050226,0.059629
2.0696e-27,0.050252,0.059634
3.2422e-26,0.050276,0.059638
6.4138e-26,0.0503,0.05964
9.7156e-26,0.050322,0.059641
1.3141e-25,0.050343,0.059642
1.6681e-25,0.050362,0.059641
2.0329e-25,0.05038,0.059641
2.4074e-25,0.050397,0.059639
2.7906e-25,0.050411,0.059638
3.1814e-25,0.050423,0.059637
3.5785e-25,0.050433,0.059636
3.9808e-25,0.05044,0.059636
4.3867e-25,0.050445,0.059636
4.7949e-25,0.050447,0.059637
5.2038e-25,0.050446,0.059639
5.6119e-25,0.050443,0.059642
6.0173e-25,0.050436,0.059647
6.4183e-25,0.050426,0.059653
6.8131e-25,0.050413,0.05966
7.1999e-25,0.050397,0.05967
7.5765e-25,0.050377,0.059681
7.9411e-25,0.050354,0.059693
8.2915e-25,0.050327,0.059708
8.6256e-25,0.050297,0.059725
8.9413e-25,0.050263,0.059744
9.2364e-25,0.050225,0.059765
9.5087e-25,0.050184,0.059789
9.7559e-25,0.05014,0.059815
9.9759e-25,0.050092,0.059842
1.0166e-24,0.05004,0.059873
1.0325e-24,0.049985,0.059905
1.045e-24,0.049927,0.05994
1.0538e-24,0.049866,0.059976
1.0589e-24,0.049801,0.060015
1.0599e-24,0.049734,0.060057
1.0567e-24,0.049663,0.0601
1.049e-24,0.04959,0.060145
1.0367e-24,0.049515,0.060192
1.0197e-24,0.049437,0.060241
9.9762e-25,0.049357,0.060291
9.7046e-25,0.049275,0.060343
9.3804e-25,0.049191,0.060397
9.0023e-25,0.049105,0.060452
8.5691e-25,0.049018,0.060508
8.08e-25,0.04893,0.060565
7.5342e-25,0.04884,0.060624
6.931e-25,0.04875,0.060683
6.27e-25,0.048659,0.060742
5.5512e-25,0.048568,0.060803
4.7745e-25,0.048476,0.060863
3.9403e-25,0.048384,0.060924
3.049e-25,0.048293,0.060985
2.1016e-25,0.048201,0.061045
1.099e-25,0.048111,0.061106
4.2566e-27,0.048021,0.061166
-1.066e-25,0.047932,0.061225
-2.2249e-25,0.047844,0.061284
-3.4319e-25,0.047757,0.061341
-4.6844e-25,0.047671,0.061397
-5.9796e-25,0.047588,0.061453
-7.3145e-25,0.047505,0.061506
-8.6855e-25,0.047425,0.061559
-1.0089e-24,0.047347,0.061609
-1.1521e-24,0.04727,0.061658
-1.2976e-24,0.047196,0.061704
-1.4451e-24,0.047124,0.061749
-1.594e-24,0.047055,0.061791
-1.7438e-24,0.046988,0.061831
-1.8939e-24,0.046924,0.061869
-2.0437e-24,0.046862,0.061904
-2.1927e-24,0.046803,0.061936
-2.3401e-24,0.046747,0.061966
-2.4853e-24,0.046694,0.061992
-2.6277e-24,0.046643,0.062016
-2.7664e-24,0.046596,0.062037
-2.9007e-24,0.046551,0.062055
-3.0299e-24,0.04651,0.06207
-3.1533e-24,0.046472,0.062082
-3.27e-24,0.046436,0.062091
-3.3792e-24,0.046404,0.062097
-3.4801e-24,0.046375,0.062099
-3.5719e-24,0.046349,0.062098
-3.6537e-24,0.046326,0.062095
-3.7249e-24,0.046306,0.062088
-3.7844e-24,0.046289,0.062078
-3.8316e-24,0.046276,0.062065
-3.8657e-24,0.046265,0.062049
-3.8858e-24,0.046257,0.06203
-3.8911e-24,0.046253,0.062008
-3.881e-24,0.046251,0.061983
-3.8547e-24,0.046252,0.061955
-3.8115e-24,0.046257,0.061925
-3.7508e-24,0.046264,0.061891
-3.6719e-24,0.046274,0.061856
-3.5743e-24,0.046286,0.061817
-3.4574e-24,0.046302,0.061776
-3.3208e-24,0.04632,0.061733
-3.164e-24,0.046341,0.061688
-2.9867e-24,0.046365,0.06164
-2.7886e-24,0.046391,0.06159
-2.5695e-24,0.046419,0.061538
-2.3292e-24,0.04645,0.061485
-2.0676e-24,0.046484,0.06143
-1.7848e-24,0.04652,0.061373
-1.4809e-24,0.046558,0.061314
-1.156e-24,0.046598,0.061254
-8.1044e-25,0.046641,0.061193
-4.4458e-25,0.046685,0.061131
-5.8911e-26,0.046732,0.061068
3.4599e-25,0.04678,0.061003
7.6943e-25,0.046831,0.060938
1.2106e-24,0.046883,0.060873
1.6686e-24,0.046937,0.060807
2.1424e-24,0.046993,0.06074
2.6309e-24,0.047051,0.060674
3.1328e-24,0.04711,0.060607
3.6467e-24,0.047171,0.06054
4.1712e-24,0.047233,0.060474
4.7047e-24,0.047296,0.060407
5.2454e-24,0.047361,0.060341
5.7915e-24,0.047427,0.060276
6.3411e-24,0.047494,0.060211
6.8921e-24,0.047563,0.060147
7.4424e-24,0.047632,0.060084
7.9896e-24,0.047703,0.060022
8.5316e-24,0.047774,0.059961
9.0657e-24,0.047847,0.059902
9.5894e-24,0.04792,0.059844
1.01e-23,0.047994,0.059787
1.0595e-23,0.048069,0.059731
1.1072e-23,0.048144,0.059678
1.1527e-23,0.04822,0.059626
1.1958e-23,0.048296,0.059576
1.2362e-23,0.048373,0.059528
1.2736e-23,0.04845,0.059482
1.3077e-23,0.048528,0.059438
1.3381e-23,0.048606,0.059396
1.3647e-23,0.048684,0.059356
1.3871e-23,0.048762,0.059319
1.4049e-23,0.048839,0.059284
1.4179e-23,0.048917,0.059252
1.4259e-23,0.048995,0.059222
1.4284e-23,0.049072,0.059195
1.4254e-23,0.049149,0.059171
1.4164e-23,0.049226,0.059149
1.4012e-23,0.049302,0.05913
1.3796e-23,0.049377,0.059114
1.3514e-23,0.049452,0.0591
1.3163e-23,0.049526,0.05909
1.2742e-23,0.049599,0.059083
1.2248e-23,0.04967,0.059078
1.1681e-23,0.049741,0.059077
1.1039e-23,0.049811,0.059079
1.032e-23,0.049879,0.059084
9.5239e-24,0.049945,0.059092
8.6503e-24,0.05001,0.059103
7.6987e-24,0.050074,0.059118
6.6691e-24,0.050135,0.059136
5.5618e-24,0.050195,0.059157
4.3775e-24,0.050252,0.059182
3.1172e-24,0.050307,0.059209
1.7822e-24,0.05036,0.05924
3.7431e-25,0.050411,0.059275
-1.1044e-24,0.050459,0.059313
-2.6515e-24,0.050504,0.059354
-4.2641e-24,0.050547,0.059398
-5.9388e-24,0.050587,0.059446
-7.672e-24,0.050624,0.059497
-9.4595e-24,0.050657,0.059551
-1.1297e-23,0.050688,0.059608
-1.3179e-23,0.050715,0.059669
-1.51e-23,0.050739,0.059733
-1.7055e-23,0.050759,0.0598
-1.9037e-23,0.050776,0.05987
-2.104e-23,0.050788,0.059944
-2.3057e-23,0.050798,0.06002
-2.5079e-23,0.050803,0.060099
-2.71e-23,0.050804,0.060181
-2.9111e-23,0.050801,0.060266
-3.1102e-23,0.050795,0.060354
-3.3067e-23,0.050784,0.060444
-3.4994e-23,0.050769,0.060537
-3.6874e-23,0.05075,0.060632
-3.8699e-23,0.050726,0.060729
-4.0456e-23,0.050699,0.060829
-4.2136e-23,0.050667,0.060931
-4.3729e-23,0.050631,0.061035
-4.5223e-23,0.05059,0.06114
-4.6608e-23,0.050546,0.061248
-4.7873e-23,0.050497,0.061357
-4.9007e-23,0.050444,0.061467
-4.9998e-23,0.050388,0.061579
-5.0835e-23,0.050327,0.061691
-5.1509e-23,0.050262,0.061805
-5.2007e-23,0.050194,0.061919
-5.232e-23,0.050122,0.062034
-5.2436e-23,0.050046,0.062149
-5.2346e-23,0.049967,0.062265
-5.204e-23,0.049885,0.06238
-5.1508e-23,0.0498,0.062495
-5.0742e-23,0.049711,0.06261
-4.9734e-23,0.04962,0.062723
-4.8474e-23,0.049526,0.062836
-4.6956e-23,0.04943,0.062948
-4.5174e-23,0.049332,0.063059
-4.3121e-23,0.049232,0.063168
-4.0793e-23,0.04913,0.063275
-3.8185e-23,0.049027,0.06338
-3.5294e-23,0.048922,0.063483
-3.2118e-23,0.048817,0.063583
-2.8656e-23,0.04871,0.06368
-2.4908e-23,0.048603,0.063774
-2.0874e-23,0.048496,0.063865
-1.6558e-23,0.048389,0.063953
-1.1961e-23,0.048283,0.064037
-7.0906e-24,0.048176,0.064117
-1.9512e-24,0.048071,0.064192
3.4492e-24,0.047967,0.064264
9.1015e-24,0.047864,0.06433
1.4995e-23,0.047762,0.064392
2.1119e-23,0.047663,0.064449
2.7458e-23,0.047565,0.064501
3.3999e-23,0.04747,0.064547
4.0724e-23,0.047377,0.064588
4.7616e-23,0.047287,0.064623
5.4655e-23,0.0472,0.064653
6.1819e-23,0.047116,0.064677
6.9086e-23,0.047036,0.064694
7.6431e-23,0.046959,0.064706
8.3829e-23,0.046885,0.064711
9.1252e-23,0.046816,0.06471
9.8672e-23,0.046751,0.064703
1.0606e-22,0.046689,0.06469
1.1338e-22,0.046632,0.06467
1.206e-22,0.04658,0.064644
1.2769e-22,0.046532,0.064612
1.3462e-22,0.046488,0.064574
1.4134e-22,0.046449,0.06453
1.4782e-22,0.046414,0.064479
1.5402e-22,0.046384,0.064423
1.599e-22,0.046359,0.064361
1.6543e-22,0.046339,0.064293
1.7056e-22,0.046323,0.06422
1.7525e-22,0.046312,0.064142
1.7947e-22,0.046305,0.064058
1.8317e-22,0.046303,0.06397
1.863e-22,0.046306,0.063876
1.8884e-22,0.046313,0.063779
1.9075e-22,0.046324,0.063677
1.9197e-22,0.04634,0.063571
1.9248e-22,0.04636,0.063462
1.9223e-22,0.046383,0.063349
1.912e-22,0.046411,0.063233
1.8934e-22,0.046442,0.063115
1.8662e-22,0.046478,0.062993
1.8301e-22,0.046516,0.06287
1.7849e-22,0.046558,0.062745
1.7303e-22,0.046603,0.062618
1.6659e-22,0.046651,0.06249
1.5916e-22,0.046702,0.062361
1.5073e-22,0.046756,0.062232
1.4127e-22,0.046812,0.062102
1.3077e-22,0.046871,0.061972
1.1923e-22,0.046931,0.061842
1.0663e-22,0.046994,0.061713
9.2988e-23,0.047059,0.061586
7.8295e-23,0.047125,0.061459
6.2562e-23,0.047193,0.061334
4.5801e-23,0.047262,0.06121
2.8029e-23,0.047332,0.061089
9.2696e-24,0.047404,0.060969
-1.0451e-23,0.047476,0.060853
-3.1101e-23,0.047549,0.060739
-5.2642e-23,0.047622,0.060628
-7.5031e-23,0.047696,0.06052
-9.8219e-23,0.047771,0.060416
-1.2215e-22,0.047845,0.060315
-1.4677e-22,0.04792,0.060217
-1.72e-22,0.047994,0.060124
-1.9779e-22,0.048069,0.060035
-2.2404e-22,0.048143,0.059949
-2.5068e-22,0.048217,0.059868
-2.7761e-22,0.048291,0.059791
-3.0476e-22,0.048364,0.059719
-3.32e-22,0.048436,0.059651
-3.5925e-22,0.048508,0.059587
-3.8638e-22,0.048579,0.059528
-4.1328e-22,0.04865,0.059473
-4.3985e-22,0.04872,0.059423
-4.6594e-22,0.048789,0.059378
-4.9143e-22,0.048857,0.059337
-5.1618e-22,0.048924,0.0593
-5.4007e-22,0.04899,0.059268
-5.6296e-22,0.049055,0.05924
-5.8469e-22,0.04912,0.059217
-6.0513e-22,0.049183,0.059198
-6.2413e-22,0.049246,0.059183
-6.4154e-22,0.049307,0.059172
-6.5721e-22,0.049367,0.059165
-6.71e-22,0.049426,0.059162
-6.8275e-22,0.049484,0.059163
-6.9232e-22,0.049541,0.059168
-6.9956e-22,0.049597,0.059176
-7.0433e-22,0.049651,0.059188
-7.0649e-22,0.049704,0.059203
-7.059e-22,0.049756,0.059221
-7.0242e-22,0.049807,0.059242
-6.9593e-22,0.049856,0.059266
-6.8631e-22,0.049904,0.059293
-6.7343e-22,0.04995,0.059323
-6.5721e-22,0.049995,0.059355
-6.3752e-22,0.050038,0.059389
-6.1429e-22,0.05008,0.059426
-5.8743e-22,0.05012,0.059465
-5.5687e-22,0.050158,0.059506
-5.2255e-22,0.050194,0.059549
-4.8444e-22,0.050229,0.059594
-4.4248e-22,0.050262,0.059641
-3.9667e-22,0.050293,0.059689
-3.47e-22,0.050321,0.059738
-2.9349e-22,0.050348,0.059789
-2.3615e-22,0.050373,0.059841
-1.7503e-22,0.050395,0.059894
-1.1019e-22,0.050416,0.059948
-4.172e-23,0.050433,0.060003
3.0293e-23,0.050449,0.060059
1.0573e-22,0.050462,0.060115
1.8446e-22,0.050473,0.060172
2.6631e-22,0.050482,0.06023
3.5112e-22,0.050488,0.060289
4.3868e-22,0.050491,0.060347
5.2879e-22,0.050492,0.060406
6.2119e-22,0.05049,0.060466
7.1563e-22,0.050486,0.060525
8.1182e-22,0.050479,0.060585
9.0947e-22,0.050469,0.060645
1.0083e-21,0.050457,0.060706
1.1078e-21,0.050443,0.060766
1.2078e-21,0.050425,0.060826
1.3078e-21,0.050405,0.060887
1.4075e-21,0.050383,0.060947
1.5064e-21,0.050358,0.061007
1.6041e-21,0.050331,0.061067
1.7e-21,0.050301,0.061128
1.7939e-21,0.050269,0.061188
1.8851e-21,0.050235,0.061248
1.9731e-21,0.050198,0.061307
2.0576e-21,0.050159,0.061367
2.1378e-21,0.050118,0.061427
2.2134e-21,0.050076,0.061486
2.2838e-21,0.050031,0.061545
2.3483e-21,0.049984,0.061604
2.4066e-21,0.049936,0.061663
2.458e-21,0.049886,0.061722
2.502e-21,0.049835,0.06178
2.538e-21,0.049782,0.061839
2.5655e-21,0.049728,0.061897
2.5841e-21,0.049673,0.061955
2.5931e-21,0.049617,0.062012
2.592e-21,0.049561,0.06207
2.5804e-21,0.049503,0.062127
2.5578e-21,0.049445,0.062184
2.5238e-21,0.049387,0.062241
2.4779e-21,0.049328,0.062298
2.4196e-21,0.049269,0.062354
2.3488e-21,0.049211,0.06241
2.2649e-21,0.049152,0.062466
2.1678e-21,0.049094,0.062521
2.0571e-21,0.049036,0.062576
1.9327e-21,0.048979,0.062631
1.7943e-21,0.048922,0.062685
1.6418e-21,0.048867,0.062739
1.4752e-21,0.048812,0.062793
1.2944e-21,0.048759,0.062846
1.0995e-21,0.048707,0.062898
8.9053e-22,0.048656,0.06295
6.6768e-22,0.048607,0.063001
4.3115e-22,0.048559,0.063052
1.8124e-22,0.048514,0.063102
-8.172e-23,0.048469,0.063151
-3.5729e-22,0.048427,0.0632
-6.4499e-22,0.048387,0.063247
-9.4425e-22,0.048349,0.063294
-1.2544e-21,0.048313,0.06334
-1.5748e-21,0.048279,0.063384
-1.9046e-21,0.048248,0.063428
-2.2429e-21,0.048219,0.06347
-2.5888e-21,0.048192,0.063512
-2.9413e-21,0.048168,0.063551
-3.2992e-21,0.048146,0.06359
-3.6614e-21,0.048127,0.063627
-4.0267e-21,0.04811,0.063663
-4.3936e-21,0.048096,0.063697
-4.7609e-21,0.048084,0.063729
-5.127e-21,0.048075,0.06376
-5.4904e-21,0.048069,0.063788
-5.8494e-21,0.048065,0.063815
-6.2025e-21,0.048064,0.063841
-6.5479e-21,0.048066,0.063864
-6.8839e-21,0.04807,0.063885
-7.2085e-21,0.048077,0.063904
-7.52e-21,0.048086,0.063921
-7.8164e-21,0.048098,0.063936
-8.0958e-21,0.048112,0.063949
-8.3562e-21,0.048129,0.063959
-8.5957e-21,0.048149,0.063968
-8.8122e-21,0.048171,0.063974
-9.0037e-21,0.048195,0.063977
-9.1682e-21,0.048222,0.063979
-9.3038e-21,0.048251,0.063978
-9.4084e-21,0.048283,0.063974
-9.4801e-21,0.048316,0.063969
-9.517e-21,0.048352,0.06396
-9.5172e-21,0.048391,0.06395
-9.479e-21,0.048431,0.063937
-9.4006e-21,0.048473,0.063922
-9.2803e-21,0.048518,0.063904
-9.1165e-21,0.048564,0.063884
-8.9078e-21,0.048612,0.063862
-8.6528e-21,0.048662,0.063838
-8.3503e-21,0.048714,0.063811
-7.9991e-21,0.048767,0.063782
-7.5983e-21,0.048821,0.063751
-7.147e-21,0.048877,0.063718
-6.6445e-21,0.048935,0.063682
-6.0905e-21,0.048994,0.063645
-5.4846e-21,0.049053,0.063606
-4.8266e-21,0.049114,0.063564
-4.1168e-21,0.049175,0.063521
-3.3553e-21,0.049238,0.063476
-2.5428e-21,0.049301,0.06343
-1.6799e-21,0.049364,0.063382
-7.6782e-22,0.049428,0.063332
1.9231e-22,0.049492,0.06328
1.1989e-21,0.049556,0.063228
2.2503e-21,0.04962,0.063174
3.3443e-21,0.049683,0.063118
4.4786e-21,0.049746,0.063062
5.6508e-21,0.049809,0.063004
6.8577e-21,0.049871,0.062945
8.0964e-21,0.049932,0.062886
9.3633e-21,0.049993,0.062825
1.0655e-20,0.050052,0.062764
1.1967e-20,0.05011,0.062702
1.3295e-20,0.050166,0.06264
1.4635e-20,0.050221,0.062577
1.5981e-20,0.050274,0.062513
1.733e-20,0.050325,0.06245
1.8674e-20,0.050374,0.062386
2.001e-20,0.050421,0.062322
2.133e-20,0.050465,0.062258
2.2629e-20,0.050507,0.062194
2.39e-20,0.050546,0.06213
2.5137e-20,0.050583,0.062066
2.6334e-20,0.050617,0.062002
2.7483e-20,0.050648,0.061939
2.8577e-20,0.050675,0.061876
2.961e-20,0.0507,0.061814
3.0574e-20,0.050721,0.061752
3.1462e-20,0.050739,0.061691
3.2266e-20,0.050753,0.061631
3.2979e-20,0.050764,0.061571
3.3595e-20,0.050771,0.061513
3.4104e-20,0.050774,0.061455
3.4501e-20,0.050774,0.061398
3.4778e-20,0.05077,0.061342
3.4927e-20,0.050761,0.061287
3.4943e-20,0.050749,0.061234
3.4819e-20,0.050734,0.061182
3.4547e-20,0.050714,0.061131
3.4123e-20,0.05069,0.061081
3.3539e-20,0.050663,0.061033
3.2791e-20,0.050631,0.060986
3.1874e-20,0.050596,0.060941
3.0783e-20,0.050557,0.060897
2.9513e-20,0.050514,0.060855
2.8062e-20,0.050467,0.060814
2.6426e-20,0.050417,0.060775
2.4602e-20,0.050363,0.060738
2.2589e-20,0.050306,0.060703
2.0385e-20,0.050245,0.06067
1.7991e-20,0.050181,0.060639
1.5406e-20,0.050114,0.060609
1.2631e-20,0.050044,0.060582
9.6689e-21,0.049971,0.060556
6.5215e-21,0.049896,0.060533
3.1928e-21,0.049818,0.060512
-3.127e-22,0.049737,0.060493
-3.9896e-21,0.049655,0.060476
-7.8314e-21,0.04957,0.060462
-1.1831e-20,0.049483,0.060449
-1.5979e-20,0.049395,0.060439
-2.0267e-20,0.049306,0.060432
-2.4684e-20,0.049215,0.060426
-2.9219e-20,0.049123,0.060423
-3.3859e-20,0.049031,0.060422
-3.8591e-20,0.048938,0.060424
-4.34e-20,0.048844,0.060428
-4.8269e-20,0.048751,0.060434
-5.3184e-20,0.048658,0.060443
-5.8125e-20,0.048565,0.060454
-6.3075e-20,0.048472,0.060468
-6.8013e-20,0.048381,0.060483
-7.292e-20,0.048291,0.060501
-7.7773e-20,0.048201,0.060522
-8.2551e-20,0.048114,0.060544
-8.723e-20,0.048028,0.060569
-9.1787e-20,0.047945,0.060596
-9.6197e-20,0.047863,0.060626
-1.0044e-19,0.047784,0.060657
-1.0448e-19,0.047708,0.06069
-1.0829e-19,0.047634,0.060726
-1.1186e-19,0.047563,0.060763
-1.1515e-19,0.047496,0.060803
-1.1814e-19,0.047432,0.060844
-1.2079e-19,0.047371,0.060887
-1.2309e-19,0.047314,0.060932
-1.2501e-19,0.047261,0.060979
-1.2651e-19,0.047212,0.061027
-1.2758e-19,0.047166,0.061077
-1.2818e-19,0.047125,0.061128
-1.2829e-19,0.047088,0.061181
-1.2789e-19,0.047055,0.061235
-1.2696e-19,0.047027,0.06129
-1.2546e-19,0.047002,0.061347
-1.2338e-19,0.046982,0.061405
-1.207e-19,0.046967,0.061464
-1.1741e-19,0.046955,0.061524
-1.1347e-19,0.046948,0.061585
-1.0888e-19,0.046945,0.061647
-1.0363e-19,0.046946,0.06171
-9.7695e-20,0.046952,0.061773
-9.1076e-20,0.046961,0.061838
-8.3762e-20,0.046974,0.061903
-7.575e-20,0.046991,0.061969
-6.7037e-20,0.047012,0.062035
-5.7624e-20,0.047036,0.062102
-4.7514e-20,0.047063,0.06217
-3.6714e-20,0.047094,0.062238
-2.5234e-20,0.047128,0.062306
-1.3087e-20,0.047164,0.062375
-2.8816e-22,0.047203,0.062444
1.3142e-20,0.047245,0.062514
2.718e-20,0.047289,0.062584
4.1799e-20,0.047335,0.062654
5.6969e-20,0.047382,0.062724
7.2656e-20,0.047432,0.062795
8.8821e-20,0.047482,0.062865
1.0542e-19,0.047534,0.062936
1.2242e-19,0.047586,0.063007
1.3975e-19,0.047639,0.063078
1.5738e-19,0.047693,0.063149
1.7523e-19,0.047747,0.063221
1.9326e-19,0.0478,0.063292
2.1139e-19,0.047853,0.063363
2.2956e-19,0.047906,0.063434
2.4769e-19,0.047958,0.063505
2.6572e-19,0.048009,0.063576
2.8356e-19,0.048058,0.063647
3.0114e-19,0.048106,0.063718
3.1836e-19,0.048153,0.063788
3.3514e-19,0.048198,0.063859
3.5139e-19,0.048241,0.063929
3.6702e-19,0.048281,0.063998
3.8194e-19,0.048319,0.064067
3.9605e-19,0.048355,0.064136
4.0925e-19,0.048389,0.064204
4.2144e-19,0.048419,0.064272
4.3253e-19,0.048447,0.064339
4.4242e-19,0.048472,0.064406
4.5101e-19,0.048494,0.064471
4.5819e-19,0.048513,0.064536
4.6388e-19,0.048529,0.0646
4.6797e-19,0.048542,0.064663
4.7037e-19,0.048552,0.064725
4.7099e-19,0.048559,0.064786
4.6973e-19,0.048563,0.064846
4.6651e-19,0.048564,0.064905
4.6125e-19,0.048562,0.064962
4.5386e-19,0.048558,0.065018
4.4427e-19,0.04855,0.065072
4.3242e-19,0.048541,0.065125
4.1823e-19,0.048528,0.065176
4.0165e-19,0.048514,0.065225
3.8263e-19,0.048497,0.065272
3.6113e-19,0.048478,0.065318
3.3711e-19,0.048458,0.065361
3.1054e-19,0.048436,0.065403
2.8141e-19,0.048412,0.065442
2.497e-19,0.048387,0.065479
2.1543e-19,0.048361,0.065514
1.7859e-19,0.048334,0.065547
1.3922e-19,0.048307,0.065577
9.7352e-20,0.048279,0.065604
5.3026e-20,0.048251,0.065629
6.3017e-21,0.048223,0.065652
-4.2748e-20,0.048195,0.065671
-9.4041e-20,0.048168,0.065688
-1.4748e-19,0.048141,0.065703
-2.0295e-19,0.048115,0.065714
-2.6034e-19,0.048091,0.065723
-3.1949e-19,0.048067,0.065729
-3.8027e-19,0.048045,0.065732
-4.425e-19,0.048025,0.065733
-5.0601e-19,0.048006,0.06573
-5.706e-19,0.047989,0.065725
-6.3606e-19,0.047975,0.065717
-7.0217e-19,0.047962,0.065706
-7.687e-19,0.047952,0.065692
-8.354e-19,0.047944,0.065676
-9.02e-19,0.047939,0.065657
-9.6824e-19,0.047937,0.065636
-1.0338e-18,0.047937,0.065611
-1.0985e-18,0.047939,0.065585
-1.1618e-18,0.047945,0.065556
-1.2236e-18,0.047953,0.065524
-1.2835e-18,0.047964,0.065491
-1.3411e-18,0.047978,0.065455
-1.3962e-18,0.047994,0.065417
-1.4483e-18,0.048013,0.065378
-1.4972e-18,0.048034,0.065336
-1.5424e-18,0.048058,0.065293
-1.5835e-18,0.048085,0.065248
-1.6203e-18,0.048114,0.065201
-1.6524e-18,0.048145,0.065154
-1.6794e-18,0.048178,0.065105
-1.7009e-18,0.048213,0.065055
-1.7165e-18,0.04825,0.065004
-1.726e-18,0.048288,0.064952
-1.729e-18,0.048328,0.0649
-1.7252e-18,0.048369,0.064847
-1.7142e-18,0.048412,0.064794
-1.6957e-18,0.048455,0.06474
-1.6694e-18,0.0485,0.064686
-1.6351e-18,0.048545,0.064633
-1.5925e-18,0.04859,0.064579
-1.5414e-18,0.048636,0.064526
-1.4815e-18,0.048682,0.064473
-1.4127e-18,0.048727,0.06442
-1.3347e-18,0.048773,0.064368
-1.2476e-18,0.048818,0.064317
-1.1511e-18,0.048862,0.064266
-1.0451e-18,0.048906,0.064216
-9.298e-19,0.048948,0.064168
-8.0501e-19,0.04899,0.06412
-6.7081e-19,0.04903,0.064073
-5.273e-19,0.049069,0.064028
-3.7459e-19,0.049107,0.063984
-2.1285e-19,0.049143,0.063941
-4.2281e-20,0.049178,0.0639
1.3686e-19,0.04921,0.06386
3.2427e-19,0.049241,0.063821
5.1959e-19,0.04927,0.063784
7.2243e-19,0.049296,0.063748
9.3234e-19,0.049321,0.063714
1.1488e-18,0.049344,0.063681
1.3713e-18,0.049364,0.06365
1.5992e-18,0.049383,0.063621
1.8318e-18,0.049399,0.063592
2.0685e-18,0.049413,0.063566
2.3085e-18,0.049425,0.063541
2.551e-18,0.049435,0.063517
2.7951e-18,0.049442,0.063495
3.0399e-18,0.049448,0.063474
3.2845e-18,0.049452,0.063455
3.5278e-18,0.049453,0.063437
3.7689e-18,0.049453,0.063421
4.0066e-18,0.049451,0.063405
4.2398e-18,0.049447,0.063392
4.4673e-18,0.049441,0.063379
4.688e-18,0.049433,0.063368
4.9005e-18,0.049424,0.063358
5.1038e-18,0.049414,0.063349
5.2964e-18,0.049402,0.063341
5.477e-18,0.049389,0.063334
5.6444e-18,0.049374,0.063329
5.7973e-18,0.049359,0.063324
5.9342e-18,0.049342,0.063321
6.0538e-18,0.049324,0.063318
6.1549e-18,0.049306,0.063317
6.2361e-18,0.049286,0.063316
6.296e-18,0.049266,0.063316
6.3334e-18,0.049246,0.063317
6.3471e-18,0.049224,0.063319
6.3358e-18,0.049203,0.063321
6.2982e-18,0.04918,0.063324
6.2334e-18,0.049158,0.063328
6.1402e-18,0.049135,0.063332
6.0176e-18,0.049112,0.063337
5.8645e-18,0.049089,0.063343
5.6803e-18,0.049066,0.063349
5.464e-18,0.049043,0.063355
5.2149e-18,0.04902,0.063362
4.9325e-18,0.048997,0.06337
4.6163e-18,0.048974,0.063377
4.2658e-18,0.048951,0.063385
3.8808e-18,0.048929,0.063393
3.4611e-18,0.048906,0.063401
3.0068e-18,0.048884,0.063409
2.5179e-18,0.048863,0.063418
1.9948e-18,0.048841,0.063426
1.4379e-18,0.04882,0.063434
8.4777e-19,0.0488,0.063443
2.2512e-19,0.04878,0.063451
-4.2909e-19,0.04876,0.063459
-1.1138e-18,0.048741,0.063466
-1.8277e-18,0.048723,0.063474
-2.5694e-18,0.048705,0.063481
-3.3372e-18,0.048687,0.063488
-4.1293e-18,0.048671,0.063494
-4.9437e-18,0.048655,0.0635
-5.7782e-18,0.048639,0.063505
-6.6305e-18,0.048625,0.06351
-7.4979e-18,0.048611,0.063514
-8.3777e-18,0.048598,0.063517
-9.267e-18,0.048586,0.06352
-1.0163e-17,0.048575,0.063522
-1.1061e-17,0.048565,0.063523
-1.1959e-17,0.048556,0.063524
-1.2853e-17,0.048548,0.063524
-1.3739e-17,0.048541,0.063523
-1.4613e-17,0.048535,0.063521
-1.5471e-17,0.04853,0.063519
-1.6309e-17,0.048527,0.063516
-1.7122e-17,0.048525,0.063511
-1.7906e-17,0.048524,0.063507
-1.8656e-17,0.048525,0.063501
-1.9367e-17,0.048527,0.063495
-2.0035e-17,0.04853,0.063488
-2.0656e-17,0.048535,0.06348
-2.1223e-17,0.048541,0.063472
-2.1732e-17,0.048549,0.063463
-2.2178e-17,0.048558,0.063454
-2.2557e-17,0.048569,0.063444
-2.2863e-17,0.048581,0.063434
-2.3092e-17,0.048595,0.063423
-2.3238e-17,0.048611,0.063412
-2.3298e-17,0.048628,0.063401
-2.3267e-17,0.048646,0.06339
-2.314e-17,0.048666,0.063378
-2.2913e-17,0.048688,0.063367
-2.2583e-17,0.048711,0.063355
-2.2144e-17,0.048736,0.063344
-2.1595e-17,0.048762,0.063333
-2.0931e-17,0.048789,0.063322
-2.015e-17,0.048818,0.063311
-1.9249e-17,0.048848,0.0633
-1.8226e-17,0.04888,0.06329
-1.7079e-17,0.048913,0.06328
-1.5806e-17,0.048947,0.063271
-1.4406e-17,0.048982,0.063262
-1.288e-17,0.049018,0.063254
-1.1226e-17,0.049055,0.063247
-9.4452e-18,0.049094,0.06324
-7.5386e-18,0.049133,0.063233
-5.5077e-18,0.049172,0.063228
-3.3545e-18,0.049213,0.063223
-1.0817e-18,0.049254,0.063219
1.3074e-18,0.049296,0.063216
3.8089e-18,0.049338,0.063214
6.4181e-18,0.04938,0.063212
9.1298e-18,0.049423,0.063211
1.1938e-17,0.049466,0.063211
1.4837e-17,0.049509,0.063211
1.7818e-17,0.049551,0.063213
2.0873e-17,0.049594,0.063214
2.3995e-17,0.049636,0.063217
2.7174e-17,0.049678,0.06322
3.0399e-17,0.04972,0.063224
3.366e-17,0.049761,0.063228
3.6946e-17,0.049801,0.063233
4.0244e-17,0.04984,0.063238
4.3541e-17,0.049879,0.063243
4.6825e-17,0.049917,0.063249
5.0082e-17,0.049954,0.063255
5.3296e-17,0.049989,0.063261
5.6453e-17,0.050024,0.063267
5.9537e-17,0.050057,0.063273
6.2532e-17,0.050089,0.063279
6.5422e-17,0.05012,0.063284
6.8189e-17,0.05015,0.06329
7.0817e-17,0.050178,0.063295
7.3288e-17,0.050204,0.0633
7.5585e-17,0.050229,0.063304
7.7689e-17,0.050253,0.063308
7.9582e-17,0.050275,0.063311
8.1247e-17,0.050295,0.063313
8.2665e-17,0.050314,0.063315
8.3819e-17,0.050331,0.063316
8.469e-17,0.050347,0.063317
8.5262e-17,0.050361,0.063316
8.5518e-17,0.050373,0.063314
8.544e-17,0.050384,0.063312
8.5013e-17,0.050393,0.063308
8.4221e-17,0.050401,0.063304
8.3049e-17,0.050407,0.063298
8.1484e-17,0.050412,0.063291
7.9513e-17,0.050415,0.063284
7.7123e-17,0.050417,0.063275
7.4303e-17,0.050418,0.063265
7.1044e-17,0.050417,0.063254
6.7337e-17,0.050415,0.063242
6.3176e-17,0.050412,0.063229
5.8554e-17,0.050407,0.063215
5.3468e-17,0.050401,0.0632
4.7915e-17,0.050395,0.063184
4.1894e-17,0.050387,0.063167
3.5408e-17,0.050378,0.063149
2.846e-17,0.050368,0.063131
2.1054e-17,0.050357,0.063111
1.3198e-17,0.050346,0.063091
4.9026e-18,0.050334,0.06307
-3.8215e-18,0.050321,0.063048
-1.296e-17,0.050307,0.063026
-2.2496e-17,0.050293,0.063003
-3.241e-17,0.050278,0.06298
-4.2682e-17,0.050263,0.062957
-5.3286e-17,0.050247,0.062933
-6.4198e-17,0.050231,0.062908
-7.5387e-17,0.050215,0.062884
-8.6822e-17,0.050198,0.062859
-9.8469e-17,0.050181,0.062834
-1.1029e-16,0.050164,0.062809
-1.2225e-16,0.050147,0.062785
-1.343e-16,0.050129,0.06276
-1.4641e-16,0.050112,0.062735
-1.5852e-16,0.050094,0.062711
-1.7058e-16,0.050077,0.062687
-1.8255e-16,0.050059,0.062663
-1.9436e-16,0.050041,0.062639
-2.0598e-16,0.050024,0.062616
-2.1733e-16,0.050006,0.062594
-2.2836e-16,0.049989,0.062572
-2.3902e-16,0.049971,0.06255
-2.4923e-16,0.049954,0.062529
-2.5894e-16,0.049936,0.062509
-2.6807e-16,0.049919,0.062489
-2.7658e-16,0.049902,0.06247
-2.8438e-16,0.049884,0.062452
-2.9142e-16,0.049867,0.062434
-2.9762e-16,0.04985,0.062418
-3.0293e-16,0.049832,0.062402
-3.0728e-16,0.049815,0.062387
-3.1059e-16,0.049797,0.062372
-3.1281e-16,0.049779,0.062359
-3.1388e-16,0.049762,0.062346
-3.1373e-16,0.049743,0.062335
-3.1231e-16,0.049725,0.062324
-3.0955e-16,0.049706,0.062314
-3.054e-16,0.049688,0.062305
-2.9982e-16,0.049668,0.062297
-2.9275e-16,0.049649,0.06229
-2.8414e-16,0.049629,0.062284
-2.7397e-16,0.049608,0.062279
-2.6218e-16,0.049587,0.062274
-2.4875e-16,0.049566,0.062271
-2.3366e-16,0.049544,0.062268
-2.1688e-16,0.049521,0.062267
-1.984e-16,0.049498,0.062266
-1.782e-16,0.049474,0.062266
-1.5629e-16,0.04945,0.062267
-1.3266e-16,0.049425,0.062268
-1.0734e-16,0.0494,0.062271
-8.0336e-17,0.049373,0.062274
-5.1678e-17,0.049347,0.062278
-2.1399e-17,0.049319,0.062283
1.0457e-17,0.049292,0.062288
4.3839e-17,0.049263,0.062294
7.8688e-17,0.049235,0.062301
1.1493e-16,0.049205,0.062308
1.525e-16,0.049176,0.062316
1.913e-16,0.049146,0.062325
2.3124e-16,0.049115,0.062334
2.7221e-16,0.049085,0.062343
3.1409e-16,0.049054,0.062354
3.5677e-16,0.049024,0.062364
4.001e-16,0.048993,0.062375
4.4396e-16,0.048962,0.062386
4.8817e-16,0.048932,0.062398
5.3259e-16,0.048902,0.06241
5.7704e-16,0.048872,0.062422
6.2135e-16,0.048843,0.062435
6.6533e-16,0.048814,0.062448
7.0878e-16,0.048787,0.062461
7.5151e-16,0.04876,0.062474
7.933e-16,0.048733,0.062487
8.3394e-16,0.048708,0.0625
8.7321e-16,0.048685,0.062513
9.1089e-16,0.048662,0.062526
9.4673e-16,0.048641,0.062539
9.8051e-16,0.048621,0.062552
1.012e-15,0.048603,0.062565
1.0409e-15,0.048587,0.062578
1.0671e-15,0.048572,0.062591
1.0902e-15,0.048559,0.062603
1.1101e-15,0.048549,0.062616
1.1264e-15,0.04854,0.062628
1.139e-15,0.048534,0.06264
1.1476e-15,0.04853,0.062651
1.152e-15,0.048528,0.062663
1.152e-15,0.048528,0.062674
1.1473e-15,0.048531,0.062685
1.1377e-15,0.048536,0.062696
1.123e-15,0.048544,0.062706
1.1031e-15,0.048554,0.062717
1.0777e-15,0.048567,0.062727
1.0468e-15,0.048582,0.062737
1.0101e-15,0.0486,0.062747
9.6745e-16,0.04862,0.062756
9.1883e-16,0.048643,0.062766
8.641e-16,0.048668,0.062775
8.0317e-16,0.048696,0.062785
7.36e-16,0.048726,0.062794
6.6255e-16,0.048758,0.062804
5.828e-16,0.048792,0.062814
4.9676e-16,0.048829,0.062824
4.0449e-16,0.048868,0.062834
3.0603e-16,0.048908,0.062844
2.0148e-16,0.04895,0.062855
9.0976e-17,0.048994,0.062866
-2.534e-17,0.04904,0.062878
-1.4728e-16,0.049087,0.06289
-2.7463e-16,0.049135,0.062903
-4.0714e-16,0.049185,0.062916
-5.4453e-16,0.049235,0.06293
-6.8648e-16,0.049286,0.062945
-8.3265e-16,0.049338,0.062961
-9.8265e-16,0.04939,0.062978
-1.1361e-15,0.049443,0.062996
-1.2924e-15,0.049496,0.063014
-1.4513e-15,0.049548,0.063034
-1.6121e-15,0.049601,0.063055
-1.7743e-15,0.049653,0.063077
-1.9373e-15,0.049704,0.0631
-2.1005e-15,0.049755,0.063125
-2.2632e-15,0.049804,0.063151
-2.4248e-15,0.049853,0.063178
-2.5846e-15,0.0499,0.063206
-2.7417e-15,0.049945,0.063236
-2.8956e-15,0.049989,0.063267
-3.0453e-15,0.050031,0.063299
-3.19e-15,0.050072,0.063333
-3.329e-15,0.05011,0.063368
-3.4613e-15,0.050145,0.063404
-3.5862e-15,0.050179,0.063442
-3.7027e-15,0.05021,0.063481
-3.81e-15,0.050238,0.063521
-3.9072e-15,0.050264,0.063562
-3.9933e-15,0.050286,0.063605
-4.0676e-15,0.050306,0.063648
-4.129e-15,0.050323,0.063692
-4.1768e-15,0.050337,0.063737
-4.2101e-15,0.050347,0.063783
-4.2279e-15,0.050355,0.06383
-4.2296e-15,0.050359,0.063877
-4.2142e-15,0.05036,0.063925
-4.181e-15,0.050358,0.063973
-4.1293e-15,0.050352,0.064022
-4.0583e-15,0.050343,0.064071
-3.9675e-15,0.050331,0.064119
-3.8561e-15,0.050316,0.064168
-3.7236e-15,0.050298,0.064216
-3.5696e-15,0.050277,0.064264
-3.3935e-15,0.050252,0.064311
-3.195e-15,0.050225,0.064358
-2.9739e-15,0.050194,0.064404
-2.7298e-15,0.050161,0.064448
-2.4627e-15,0.050126,0.064492
-2.1725e-15,0.050088,0.064534
-1.8592e-15,0.050047,0.064575
-1.5229e-15,0.050004,0.064614
-1.1639e-15,0.049959,0.064652
-7.826e-16,0.049912,0.064687
-3.793e-16,0.049864,0.06472
4.5383e-17,0.049813,0.064752
4.908e-16,0.049761,0.06478
9.5616e-16,0.049708,0.064806
1.4406e-15,0.049654,0.06483
1.943e-15,0.049599,0.064851
2.4623e-15,0.049543,0.064868
2.9973e-15,0.049487,0.064883
3.5464e-15,0.049431,0.064895
4.1083e-15,0.049374,0.064903
4.6812e-15,0.049317,0.064908
5.2634e-15,0.049261,0.064909
5.853e-15,0.049205,0.064907
6.4479e-15,0.04915,0.064902
7.0461e-15,0.049095,0.064892
7.6452e-15,0.049042,0.064879
8.2429e-15,0.04899,0.064863
8.8367e-15,0.048939,0.064842
9.424e-15,0.048889,0.064818
1.0002e-14,0.048842,0.06479
1.0568e-14,0.048796,0.064759
1.112e-14,0.048752,0.064723
1.1653e-14,0.04871,0.064684
1.2166e-14,0.04867,0.064641
1.2654e-14,0.048633,0.064595
1.3116e-14,0.048598,0.064545
1.3547e-14,0.048566,0.064492
1.3945e-14,0.048536,0.064435
1.4306e-14,0.048509,0.064376
1.4627e-14,0.048485,0.064313
1.4904e-14,0.048463,0.064247
1.5135e-14,0.048445,0.064178
1.5316e-14,0.048429,0.064107
1.5444e-14,0.048416,0.064033
1.5516e-14,0.048405,0.063957
1.5529e-14,0.048398,0.063878
1.5479e-14,0.048393,0.063798
1.5365e-14,0.048391,0.063716
1.5182e-14,0.048391,0.063633
1.493e-14,0.048395,0.063548
1.4604e-14,0.0484,0.063462
1.4204e-14,0.048408,0.063375
1.3726e-14,0.048419,0.063288
1.3169e-14,0.048431,0.063201
1.2532e-14,0.048446,0.063113
1.1812e-14,0.048463,0.063026
1.101e-14,0.048481,0.062939
1.0123e-14,0.048501,0.062853
9.1515e-15,0.048523,0.062768
8.0954e-15,0.048546,0.062684
6.9545e-15,0.048571,0.062602
5.7293e-15,0.048596,0.062522
4.4206e-15,0.048623,0.062444
3.0296e-15,0.04865,0.062368
1.5579e-15,0.048679,0.062296
7.3712e-18,0.048707,0.062225
-1.6195e-15,0.048736,0.062159
-3.32e-15,0.048766,0.062095
-5.0907e-15,0.048795,0.062035
-6.9281e-15,0.048825,0.06198
-8.8279e-15,0.048854,0.061928
-1.0786e-14,0.048883,0.06188
-1.2796e-14,0.048912,0.061837
-1.4854e-14,0.04894,0.061799
-1.6953e-14,0.048967,0.061765
-1.9087e-14,0.048994,0.061737
-2.1248e-14,0.049021,0.061713
-2.343e-14,0.049046,0.061695
-2.5625e-14,0.04907,0.061681
-2.7825e-14,0.049094,0.061673
-3.002e-14,0.049116,0.061671
-3.2202e-14,0.049138,0.061673
-3.4361e-14,0.049158,0.061681
-3.6487e-14,0.049178,0.061695
-3.8571e-14,0.049196,0.061713
-4.0601e-14,0.049213,0.061737
-4.2567e-14,0.049229,0.061766
-4.4458e-14,0.049244,0.0618
-4.6262e-14,0.049257,0.061839
-4.7967e-14,0.04927,0.061882
-4.9563e-14,0.049281,0.061931
-5.1037e-14,0.049292,0.061983
-5.2377e-14,0.049301,0.06204
-5.3572e-14,0.04931,0.062101
-5.4608e-14,0.049317,0.062165
-5.5475e-14,0.049323,0.062233
-5.616e-14,0.049329,0.062305
-5.6652e-14,0.049334,0.062379
-5.6939e-14,0.049338,0.062456
-5.701e-14,0.049341,0.062535
-5.6853e-14,0.049343,0.062617
-5.6459e-14,0.049345,0.0627
-5.5818e-14,0.049346,0.062785
-5.4919e-14,0.049347,0.062871
-5.3754e-14,0.049347,0.062958
-5.2314e-14,0.049347,0.063046
-5.0592e-14,0.049347,0.063133
-4.858e-14,0.049346,0.063221
-4.6272e-14,0.049344,0.063308
-4.3664e-14,0.049343,0.063394
-4.0751e-14,0.049341,0.063479
-3.753e-14,0.049339,0.063563
-3.3999e-14,0.049338,0.063645
-3.0156e-14,0.049335,0.063725
-2.6002e-14,0.049333,0.063803
-2.1538e-14,0.049331,0.063878
-1.6767e-14,0.049329,0.063951
-1.1693e-14,0.049327,0.06402
-6.3229e-15,0.049325,0.064086
-6.6233e-16,0.049323,0.064148
5.2797e-15,0.049321,0.064206
1.1493e-14,0.049319,0.064261
1.7966e-14,0.049317,0.064311
2.4684e-14,0.049315,0.064357
3.1634e-14,0.049314,0.064398
3.8798e-14,0.049312,0.064434
4.6158e-14,0.049311,0.064466
5.3694e-14,0.049309,0.064492
6.1384e-14,0.049308,0.064514
6.9204e-14,0.049307,0.06453
7.7129e-14,0.049306,0.064541
8.5133e-14,0.049305,0.064547
9.3186e-14,0.049303,0.064547
1.0126e-13,0.049302,0.064542
1.0932e-13,0.049301,0.064532
1.1734e-13,0.0493,0.064516
1.2527e-13,0.049299,0.064495
1.3309e-13,0.049298,0.064469
1.4076e-13,0.049296,0.064438
1.4824e-13,0.049295,0.064401
1.5548e-13,0.049293,0.064359
1.6246e-13,0.049292,0.064313
1.6912e-13,0.04929,0.064262
1.7542e-13,0.049287,0.064206
1.8132e-13,0.049285,0.064145
1.8678e-13,0.049282,0.06408
1.9176e-13,0.049279,0.064011
1.962e-13,0.049276,0.063938
2.0008e-13,0.049272,0.063861
2.0333e-13,0.049268,0.06378
2.0592e-13,0.049264,0.063696
2.078e-13,0.049259,0.063608
2.0894e-13,0.049254,0.063518
2.0929e-13,0.049248,0.063425
2.0881e-13,0.049242,0.063329
2.0746e-13,0.049236,0.063231
2.052e-13,0.049229,0.06313
2.0201e-13,0.049221,0.063028
1.9784e-13,0.049213,0.062924
1.9267e-13,0.049205,0.062819
1.8646e-13,0.049196,0.062713
1.7919e-13,0.049186,0.062606
1.7084e-13,0.049176,0.062498
1.6139e-13,0.049166,0.06239
1.5082e-13,0.049154,0.062282
1.3912e-13,0.049143,0.062174
1.2628e-13,0.049131,0.062066
1.1229e-13,0.049118,0.061958
9.7169e-14,0.049105,0.061852
8.0907e-14,0.049091,0.061746
6.3516e-14,0.049077,0.061642
4.5012e-14,0.049063,0.061539
2.5416e-14,0.049048,0.061438
4.751e-15,0.049033,0.061338
-1.695e-14,0.049017,0.061241
-3.9652e-14,0.049001,0.061145
-6.3311e-14,0.048985,0.061053
-8.7878e-14,0.048969,0.060962
-1.133e-13,0.048952,0.060874
-1.3952e-13,0.048935,0.060789
-1.6646e-13,0.048918,0.060707
-1.9406e-13,0.0489,0.060628
-2.2223e-13,0.048883,0.060552
-2.5088e-13,0.048866,0.060479
-2.7994e-13,0.048848,0.060409
-3.0929e-13,0.048831,0.060343
-3.3884e-13,0.048814,0.06028
-3.6848e-13,0.048797,0.06022
-3.9808e-13,0.04878,0.060164
-4.2753e-13,0.048763,0.060111
-4.567e-13,0.048747,0.060062
-4.8547e-13,0.048731,0.060016
-5.1368e-13,0.048715,0.059974
-5.4121e-13,0.0487,0.059935
-5.679e-13,0.048686,0.059899
-5.9362e-13,0.048672,0.059867
-6.1819e-13,0.048658,0.059838
-6.4148e-13,0.048646,0.059812
-6.6332e-13,0.048634,0.059789
-6.8356e-13,0.048623,0.059769
-7.0203e-13,0.048613,0.059752
-7.1856e-13,0.048604,0.059738
-7.3301e-13,0.048597,0.059726
-7.452e-13,0.04859,0.059717
-7.5498e-13,0.048585,0.05971
-7.6219e-13,0.04858,0.059705
-7.6667e-13,0.048578,0.059703
-7.6828e-13,0.048577,0.059702
-7.6685e-13,0.048577,0.059704
-7.6226e-13,0.048579,0.059707
-7.5435e-13,0.048583,0.059711
-7.4301e-13,0.048589,0.059718
-7.281e-13,0.048596,0.059725
-7.0951e-13,0.048606,0.059734
-6.8714e-13,0.048617,0.059744
-6.6089e-13,0.048631,0.059754
-6.3067e-13,0.048647,0.059766
-5.9642e-13,0.048666,0.059778
-5.5807e-13,0.048686,0.059791
-5.1557e-13,0.048709,0.059805
-4.689e-13,0.048735,0.059819
-4.1803e-13,0.048763,0.059833
-3.6296e-13,0.048794,0.059847
-3.0372e-13,0.048828,0.059862
-2.4033e-13,0.048864,0.059877
-1.7285e-13,0.048903,0.059892
-1.0135e-13,0.048945,0.059907
-2.591e-14,0.048989,0.059922
5.3343e-14,0.049037,0.059937
1.3628e-13,0.049087,0.059952
2.2276e-13,0.04914,0.059967
3.1259e-13,0.049195,0.059982
4.0558e-13,0.049253,0.059997
5.0151e-13,0.049314,0.060011
6.0013e-13,0.049378,0.060026
7.0119e-13,0.049444,0.06004
8.0438e-13,0.049512,0.060054
9.0941e-13,0.049583,0.060068
1.0159e-12,0.049656,0.060082
1.1236e-12,0.049732,0.060096
1.232e-12,0.049809,0.06011
1.3408e-12,0.049889,0.060124
1.4495e-12,0.04997,0.060139
1.5577e-12,0.050053,0.060153
1.6649e-12,0.050137,0.060167
1.7707e-12,0.050223,0.060181
1.8745e-12,0.05031,0.060196
1.9758e-12,0.050398,0.06021
2.0742e-12,0.050487,0.060225
2.169e-12,0.050576,0.06024
2.2597e-12,0.050666,0.060256
2.3457e-12,0.050756,0.060271
2.4265e-12,0.050847,0.060287
2.5015e-12,0.050937,0.060304
2.57e-12,0.051027,0.060321
2.6315e-12,0.051116,0.060338
2.6854e-12,0.051204,0.060355
2.7311e-12,0.051292,0.060374
2.768e-12,0.051378,0.060392
2.7955e-12,0.051463,0.060411
2.8131e-12,0.051546,0.060431
2.8201e-12,0.051627,0.060451
2.8162e-12,0.051707,0.060472
2.8006e-12,0.051784,0.060493
2.7729e-12,0.051859,0.060515
2.7327e-12,0.051931,0.060537
2.6794e-12,0.052,0.06056
2.6127e-12,0.052066,0.060584
2.5321e-12,0.052129,0.060608
2.4373e-12,0.052189,0.060633
2.328e-12,0.052246,0.060658
2.2039e-12,0.052298,0.060684
2.0647e-12,0.052348,0.06071
1.9104e-12,0.052393,0.060737
1.7407e-12,0.052434,0.060765
1.5557e-12,0.052472,0.060793
1.3552e-12,0.052505,0.060821
1.1394e-12,0.052534,0.06085
9.0837e-13,0.052559,0.060879
6.6228e-13,0.05258,0.060909
4.0139e-13,0.052597,0.060939
1.2604e-13,0.052609,0.060969
-1.6338e-13,0.052617,0.060999
-4.664e-13,0.052621,0.06103
-7.8245e-13,0.052621,0.06106
-1.1109e-12,0.052616,0.061091
-1.451e-12,0.052607,0.061122
-1.802e-12,0.052594,0.061152
-2.163e-12,0.052577,0.061183
-2.5331e-12,0.052556,0.061213
-2.9111e-12,0.052532,0.061243
-3.2959e-12,0.052503,0.061273
-3.6864e-12,0.052471,0.061303
-4.0812e-12,0.052436,0.061332
-4.479e-12,0.052397,0.06136
-4.8782e-12,0.052354,0.061388
-5.2773e-12,0.052309,0.061415
-5.6748e-12,0.052261,0.061442
-6.0689e-12,0.05221,0.061467
-6.4578e-12,0.052156,0.061492
-6.8398e-12,0.0521,0.061516
-7.2129e-12,0.052041,0.061538
-7.5753e-12,0.051981,0.06156
-7.9248e-12,0.051918,0.06158
-8.2595e-12,0.051854,0.061599
-8.5773e-12,0.051788,0.061616
-8.8761e-12,0.051721,0.061633
-9.1537e-12,0.051652,0.061647
-9.4079e-12,0.051583,0.06166
-9.6366e-12,0.051513,0.061671
-9.8376e-12,0.051442,0.06168
-1.0009e-11,0.051371,0.061688
-1.0148e-11,0.0513,0.061693
-1.0253e-11,0.051229,0.061697
-1.0321e-11,0.051157,0.061698
-1.0352e-11,0.051087,0.061698
-1.0341e-11,0.051017,0.061695
-1.0289e-11,0.050947,0.061689
-1.0192e-11,0.050879,0.061682
-1.005e-11,0.050811,0.061672
-9.8595e-12,0.050745,0.061659
-9.62e-12,0.050681,0.061644
-9.3298e-12,0.050618,0.061626
-8.9876e-12,0.050556,0.061606
-8.5921e-12,0.050497,0.061583
-8.1425e-12,0.050439,0.061557
-7.6378e-12,0.050384,0.061528
-7.0774e-12,0.050331,0.061497
-6.4608e-12,0.050281,0.061462
-5.7876e-12,0.050232,0.061425
-5.0579e-12,0.050187,0.061384
-4.2719e-12,0.050144,0.061341
-3.4298e-12,0.050104,0.061294
-2.5325e-12,0.050066,0.061245
-1.5806e-12,0.050032,0.061192
-5.7558e-13,0.05,0.061137
4.813e-13,0.049971,0.061078
1.5883e-12,0.049945,0.061016
2.7433e-12,0.049922,0.060951
3.9442e-12,0.049902,0.060883
5.1882e-12,0.049885,0.060813
6.4725e-12,0.04987,0.060739
7.7939e-12,0.049859,0.060662
9.1488e-12,0.04985,0.060582
1.0533e-11,0.049844,0.060499
1.1944e-11,0.049841,0.060414
1.3375e-11,0.04984,0.060326
1.4823e-11,0.049842,0.060235
1.6282e-11,0.049846,0.060142
1.7747e-11,0.049852,0.060047
1.9213e-11,0.049861,0.059949
2.0673e-11,0.049872,0.059848
2.2121e-11,0.049885,0.059746
2.3551e-11,0.049899,0.059642
2.4956e-11,0.049916,0.059536
2.633e-11,0.049933,0.059428
2.7665e-11,0.049953,0.059319
2.8953e-11,0.049973,0.059209
3.0189e-11,0.049995,0.059097
3.1362e-11,0.050017,0.058985
3.2467e-11,0.05004,0.058871
3.3495e-11,0.050064,0.058757
3.4438e-11,0.050088,0.058643
3.5288e-11,0.050112,0.058529
3.6037e-11,0.050137,0.058414
3.6678e-11,0.050161,0.0583
3.7202e-11,0.050185,0.058186
3.7601e-11,0.050208,0.058073
3.7868e-11,0.050231,0.057961
3.7994e-11,0.050253,0.05785
3.7974e-11,0.050275,0.05774
3.7799e-11,0.050295,0.057632
3.7462e-11,0.050314,0.057526
3.6957e-11,0.050332,0.057421
3.6278e-11,0.050348,0.057319
3.5419e-11,0.050363,0.05722
3.4374e-11,0.050376,0.057123
3.3139e-11,0.050388,0.057029
3.1709e-11,0.050398,0.056938
3.008e-11,0.050405,0.056851
2.825e-11,0.050411,0.056767
2.6215e-11,0.050415,0.056686
2.3974e-11,0.050417,0.05661
2.1526e-11,0.050417,0.056538
1.887e-11,0.050415,0.056469
1.6007e-11,0.050411,0.056406
1.2938e-11,0.050405,0.056347
9.6658e-12,0.050397,0.056293
6.1935e-12,0.050387,0.056243
2.5251e-12,0.050375,0.056199
-1.3341e-12,0.050362,0.05616
-5.378e-12,0.050346,0.056125
-9.5992e-12,0.050329,0.056097
-1.3989e-11,0.05031,0.056074
-1.8539e-11,0.05029,0.056056
-2.3238e-11,0.050269,0.056044
-2.8075e-11,0.050246,0.056038
-3.3036e-11,0.050222,0.056037
-3.8107e-11,0.050197,0.056042
-4.3275e-11,0.050171,0.056053
-4.8522e-11,0.050145,0.05607
-5.383e-11,0.050117,0.056093
-5.9183e-11,0.05009,0.056122
-6.456e-11,0.050062,0.056156
-6.9941e-11,0.050033,0.056197
-7.5303e-11,0.050005,0.056243
-8.0626e-11,0.049976,0.056295
-8.5884e-11,0.049948,0.056353
-9.1054e-11,0.04992,0.056417
-9.6111e-11,0.049893,0.056487
-1.0103e-10,0.049866,0.056562
-1.0578e-10,0.04984,0.056642
-1.1033e-10,0.049815,0.056728
-1.1467e-10,0.04979,0.056819
-1.1875e-10,0.049767,0.056916
-1.2256e-10,0.049744,0.057017
-1.2606e-10,0.049723,0.057124
-1.2922e-10,0.049703,0.057235
-1.3201e-10,0.049685,0.057351
-1.344e-10,0.049667,0.057472
-1.3638e-10,0.049651,0.057596
-1.3789e-10,0.049637,0.057725
-1.3893e-10,0.049624,0.057858
-1.3945e-10,0.049613,0.057994
-1.3943e-10,0.049603,0.058134
-1.3885e-10,0.049595,0.058278
-1.3768e-10,0.049588,0.058424
-1.359e-10,0.049583,0.058574
-1.3348e-10,0.049579,0.058726
-1.304e-10,0.049577,0.05888
-1.2664e-10,0.049576,0.059037
-1.2218e-10,0.049576,0.059196
-1.1701e-10,0.049578,0.059356
-1.1111e-10,0.049582,0.059518
-1.0447e-10,0.049586,0.059681
-9.7085e-11,0.049592,0.059846
-8.8941e-11,0.049599,0.060011
-8.0037e-11,0.049606,0.060176
-7.037e-11,0.049615,0.060342
-5.9943e-11,0.049625,0.060508
-4.876e-11,0.049636,0.060674
-3.683e-11,0.049647,0.06084
-2.4163e-11,0.049659,0.061005
-1.0774e-11,0.049672,0.061169
3.3172e-12,0.049685,0.061332
1.8089e-11,0.049698,0.061494
3.3515e-11,0.049712,0.061654
4.9565e-11,0.049726,0.061813
6.6205e-11,0.049741,0.06197
8.3397e-11,0.049755,0.062124
1.011e-10,0.04977,0.062277
1.1926e-10,0.049785,0.062427
1.3784e-10,0.049799,0.062574
1.5677e-10,0.049814,0.062718
1.76e-10,0.049828,0.062859
1.9547e-10,0.049842,0.062997
2.151e-10,0.049856,0.063132
2.3484e-10,0.04987,0.063263
2.5459e-10,0.049883,0.06339
2.7429e-10,0.049896,0.063513
2.9385e-10,0.049908,0.063633
3.1318e-10,0.04992,0.063748
3.322e-10,0.049931,0.063858
3.5081e-10,0.049942,0.063965
3.6892e-10,0.049952,0.064066
3.8643e-10,0.049961,0.064163
4.0324e-10,0.04997,0.064255
4.1924e-10,0.049978,0.064343
4.3434e-10,0.049985,0.064425
4.4843e-10,0.049992,0.064501
4.6139e-10,0.049998,0.064573
4.7313e-10,0.050003,0.064639
4.8354e-10,0.050007,0.0647
4.925e-10,0.05001,0.064755
4.9991e-10,0.050013,0.064805
5.0566e-10,0.050014,0.064849
5.0966e-10,0.050015,0.064887
5.1178e-10,0.050014,0.064919
5.1195e-10,0.050013,0.064946
5.1005e-10,0.050011,0.064967
5.06e-10,0.050007,0.064982
4.997e-10,0.050002,0.06499
4.9106e-10,0.049997,0.064994
4.8002e-10,0.04999,0.064991
4.665e-10,0.049981,0.064982
4.5042e-10,0.049972,0.064967
4.3173e-10,0.049961,0.064947
4.1037e-10,0.049949,0.06492
3.863e-10,0.049935,0.064888
3.5948e-10,0.04992,0.06485
3.2989e-10,0.049904,0.064807
2.9751e-10,0.049886,0.064758
2.6233e-10,0.049866,0.064703
2.2436e-10,0.049845,0.064644
1.8361e-10,0.049822,0.064579
1.4011e-10,0.049798,0.064509
9.3905e-11,0.049771,0.064434
4.5043e-11,0.049743,0.064355
-6.4063e-12,0.049713,0.064271
-6.0364e-11,0.049681,0.064183
-1.1673e-10,0.049648,0.06409
-1.7541e-10,0.049612,0.063994
-2.3626e-10,0.049575,0.063895
-2.9916e-10,0.049535,0.063792
-3.6394e-10,0.049494,0.063687
-4.3044e-10,0.04945,0.063578
-4.9847e-10,0.049405,0.063468
-5.6784e-10,0.049357,0.063355
-6.3833e-10,0.049308,0.063241
-7.0971e-10,0.049257,0.063126
-7.8173e-10,0.049204,0.06301
-8.5414e-10,0.049148,0.062894
-9.2666e-10,0.049091,0.062778
-9.99e-10,0.049032,0.062663
-1.0709e-09,0.048971,0.062549
-1.1419e-09,0.048909,0.062436
-1.2119e-09,0.048845,0.062326
-1.2804e-09,0.048779,0.062218
-1.3471e-09,0.048711,0.062114
-1.4116e-09,0.048642,0.062013
-1.4736e-09,0.048571,0.061917
-1.5327e-09,0.048499,0.061826
-1.5885e-09,0.048425,0.06174
-1.6407e-09,0.048351,0.061661
-1.6887e-09,0.048275,0.061588
-1.7323e-09,0.048198,0.061523
-1.7711e-09,0.04812,0.061465
-1.8046e-09,0.048041,0.061417
-1.8324e-09,0.047961,0.061377
-1.8542e-09,0.04788,0.061347
-1.8696e-09,0.047799,0.061328
-1.8782e-09,0.047717,0.06132
-1.8796e-09,0.047635,0.061323
-1.8735e-09,0.047553,0.061339
-1.8595e-09,0.04747,0.061367
-1.8373e-09,0.047387,0.061409
-1.8065e-09,0.047304,0.061464
-1.767e-09,0.047221,0.061534
-1.7183e-09,0.047139,0.061618
-1.6603e-09,0.047056,0.061718
-1.5928e-09,0.046974,0.061834
-1.5155e-09,0.046893,0.061965
-1.4282e-09,0.046812,0.062114
-1.3309e-09,0.046732,0.062279
-1.2234e-09,0.046653,0.062461
-1.1056e-09,0.046575,0.06266
-9.776e-10,0.046497,0.062877
-8.3932e-10,0.046421,0.063112
-6.9084e-10,0.046346,0.063365
-5.3226e-10,0.046273,0.063636
-3.6372e-10,0.046201,0.063925
-1.8541e-10,0.04613,0.064232
2.4335e-12,0.046062,0.064558
1.9952e-10,0.045995,0.064901
4.055e-10,0.045929,0.065262
6.1998e-10,0.045866,0.065641
8.4251e-10,0.045805,0.066038
1.0726e-09,0.045745,0.066451
1.3097e-09,0.045689,0.066882
1.5531e-09,0.045634,0.067329
1.8023e-09,0.045582,0.067792
2.0565e-09,0.045532,0.068271
2.3148e-09,0.045485,0.068764
2.5765e-09,0.04544,0.069272
2.8407e-09,0.045399,0.069794
3.1064e-09,0.04536,0.070328
3.3726e-09,0.045324,0.070875
3.6383e-09,0.045291,0.071433
3.9023e-09,0.045261,0.072001
4.1636e-09,0.045234,0.072579
4.4209e-09,0.045211,0.073166
4.673e-09,0.045191,0.07376
4.9187e-09,0.045174,0.07436
5.1565e-09,0.045161,0.074966
5.3852e-09,0.045151,0.075576
5.6034e-09,0.045146,0.076189
5.8096e-09,0.045143,0.076803
6.0025e-09,0.045145,0.077418
6.1807e-09,0.045151,0.078032
6.3426e-09,0.045161,0.078644
6.4869e-09,0.045174,0.079252
6.612e-09,0.045192,0.079854
6.7165e-09,0.045215,0.080451
6.7991e-09,0.045241,0.08104
6.8582e-09,0.045272,0.081619
6.8925e-09,0.045308,0.082187
6.9006e-09,0.045348,0.082743
6.8812e-09,0.045392,0.083286
6.833e-09,0.045442,0.083813
6.7548e-09,0.045496,0.084324
6.6455e-09,0.045555,0.084817
6.5039e-09,0.045619,0.08529
6.329e-09,0.045687,0.085742
6.1199e-09,0.045761,0.086172
5.8758e-09,0.04584,0.086579
5.5959e-09,0.045924,0.086961
5.2796e-09,0.046013,0.087316
4.9263e-09,0.046107,0.087644
4.5358e-09,0.046206,0.087944
4.1077e-09,0.046311,0.088214
3.6418e-09,0.046421,0.088454
3.1384e-09,0.046536,0.088661
2.5974e-09,0.046657,0.088836
2.0193e-09,0.046782,0.088978
1.4046e-09,0.046913,0.089085
7.539e-10,0.04705,0.089157
6.8137e-11,0.047191,0.089193
-6.5167e-10,0.047338,0.089193
-1.4043e-09,0.04749,0.089156
-2.1883e-09,0.047646,0.089082
-3.002e-09,0.047808,0.088971
-3.8437e-09,0.047975,0.088821
-4.7113e-09,0.048147,0.088634
-5.6025e-09,0.048324,0.088409
-6.515e-09,0.048506,0.088145
-7.4461e-09,0.048692,0.087844
-8.3929e-09,0.048882,0.087505
-9.3524e-09,0.049077,0.087129
-1.0321e-08,0.049276,0.086715
-1.1296e-08,0.049479,0.086265
-1.2273e-08,0.049687,0.085779
-1.3249e-08,0.049897,0.085258
-1.4219e-08,0.050112,0.084702
-1.518e-08,0.050329,0.084112
-1.6126e-08,0.05055,0.08349
-1.7054e-08,0.050774,0.082835
-1.7958e-08,0.051,0.082149
-1.8834e-08,0.051229,0.081434
-1.9678e-08,0.05146,0.080689
-2.0483e-08,0.051693,0.079918
-2.1245e-08,0.051927,0.07912
-2.1959e-08,0.052163,0.078297
-2.2619e-08,0.0524,0.077451
-2.322e-08,0.052637,0.076583
-2.3757e-08,0.052875,0.075694
-2.4224e-08,0.053113,0.074787
-2.4616e-08,0.053351,0.073862
-2.4928e-08,0.053589,0.072921
-2.5155e-08,0.053825,0.071966
-2.5291e-08,0.054061,0.070998
-2.5331e-08,0.054294,0.070019
-2.5271e-08,0.054526,0.069031
-2.5106e-08,0.054756,0.068035
-2.4831e-08,0.054983,0.067033
-2.4442e-08,0.055207,0.066026
-2.3935e-08,0.055428,0.065017
-2.3307e-08,0.055646,0.064006
-2.2553e-08,0.05586,0.062995
-2.1671e-08,0.056069,0.061987
-2.0657e-08,0.056274,0.060981
-1.9511e-08,0.056474,0.059981
-1.8229e-08,0.056669,0.058986
-1.681e-08,0.056858,0.058
-1.5253e-08,0.057042,0.057022
-1.3558e-08,0.05722,0.056055
-1.1725e-08,0.057391,0.0551
-9.7536e-09,0.057556,0.054157
-7.6461e-09,0.057714,0.053229
-5.4037e-09,0.057865,0.052315
-3.0292e-09,0.058009,0.051418
-5.2537e-10,0.058146,0.050538
2.1038e-09,0.058274,0.049676
4.854e-09,0.058395,0.048833
7.72e-09,0.058508,0.04801
1.0696e-08,0.058613,0.047208
1.3775e-08,0.05871,0.046427
1.695e-08,0.058798,0.045669
2.0213e-08,0.058878,0.044933
2.3555e-08,0.058949,0.04422
2.6967e-08,0.059011,0.043531
3.0437e-08,0.059065,0.042866
3.3955e-08,0.05911,0.042226
3.7509e-08,0.059147,0.04161
4.1087e-08,0.059175,0.04102
4.4674e-08,0.059194,0.040455
4.8257e-08,0.059204,0.039916
5.1822e-08,0.059205,0.039403
5.5353e-08,0.059198,0.038916
5.8834e-08,0.059183,0.038454
6.2248e-08,0.059159,0.038019
6.5579e-08,0.059127,0.037609
6.8809e-08,0.059086,0.037226
7.1919e-08,0.059038,0.036869
7.4892e-08,0.058982,0.036537
7.7709e-08,0.058918,0.036231
8.035e-08,0.058846,0.035951
8.2796e-08,0.058767,0.035695
8.5028e-08,0.058681,0.035465
8.7025e-08,0.058588,0.03526
8.877e-08,0.058489,0.035079
9.0241e-08,0.058383,0.034923
9.142e-08,0.05827,0.03479
9.2287e-08,0.058152,0.034681
9.2824e-08,0.058029,0.034595
9.3012e-08,0.057899,0.034532
9.2833e-08,0.057765,0.034492
9.227e-08,0.057626,0.034473
9.1306e-08,0.057483,0.034476
8.9925e-08,0.057335,0.0345
8.8113e-08,0.057184,0.034545
8.5855e-08,0.057029,0.03461
8.3139e-08,0.056871,0.034695
7.9952e-08,0.056709,0.034798
7.6286e-08,0.056546,0.034921
7.213e-08,0.056379,0.035061
6.7478e-08,0.056211,0.035218
6.2325e-08,0.056041,0.035392
5.6665e-08,0.05587,0.035582
5.0497e-08,0.055698,0.035788
4.3821e-08,0.055525,0.036008
3.6639e-08,0.055351,0.036243
2.8956e-08,0.055177,0.03649
2.0776e-08,0.055003,0.036751
1.211e-08,0.054829,0.037023
2.9676e-09,0.054655,0.037306
-6.6371e-09,0.054482,0.0376
-1.6688e-08,0.05431,0.037904
-2.7167e-08,0.054139,0.038216
-3.8052e-08,0.05397,0.038536
-4.932e-08,0.053801,0.038863
-6.0944e-08,0.053634,0.039196
-7.2894e-08,0.053469,0.039535
-8.5138e-08,0.053306,0.039879
-9.7641e-08,0.053144,0.040226
-1.1037e-07,0.052984,0.040576
-1.2327e-07,0.052826,0.040928
-1.3631e-07,0.05267,0.041281
-1.4945e-07,0.052516,0.041634
-1.6263e-07,0.052364,0.041987
-1.758e-07,0.052214,0.042338
-1.8891e-07,0.052066,0.042687
-2.019e-07,0.05192,0.043033
-2.1472e-07,0.051775,0.043374
-2.273e-07,0.051632,0.043712
-2.3958e-07,0.051491,0.044043
-2.515e-07,0.051351,0.044368
-2.6299e-07,0.051213,0.044686
-2.7398e-07,0.051076,0.044996
-2.8441e-07,0.05094,0.045298
-2.9421e-07,0.050805,0.04559
-3.033e-07,0.050671,0.045873
-3.1161e-07,0.050537,0.046145
-3.1908e-07,0.050404,0.046406
-3.2562e-07,0.050272,0.046656
-3.3118e-07,0.050139,0.046894
-3.3567e-07,0.050007,0.047119
-3.3903e-07,0.049874,0.047331
-3.4118e-07,0.049741,0.04753
-3.4207e-07,0.049608,0.047716
-3.4162e-07,0.049474,0.047887
-3.3977e-07,0.049339,0.048045
-3.3646e-07,0.049204,0.048189
-3.3163e-07,0.049068,0.048318
-3.2523e-07,0.04893,0.048432
-3.172e-07,0.048792,0.048532
-3.075e-07,0.048652,0.048618
-2.9608e-07,0.048512,0.048689
-2.8292e-07,0.04837,0.048746
-2.6796e-07,0.048227,0.048788
-2.512e-07,0.048082,0.048817
-2.326e-07,0.047937,0.048832
-2.1215e-07,0.04779,0.048833
-1.8984e-07,0.047643,0.048822
-1.6568e-07,0.047494,0.048797
-1.3967e-07,0.047344,0.04876
-1.1182e-07,0.047194,0.048712
-8.2162e-08,0.047043,0.048651
-5.0721e-08,0.046892,0.04858
-1.7539e-08,0.046741,0.048498
1.7336e-08,0.046589,0.048407
5.3844e-08,0.046438,0.048306
9.1918e-08,0.046287,0.048196
1.3148e-07,0.046136,0.048079
1.7244e-07,0.045987,0.047954
2.1471e-07,0.045839,0.047822
2.5817e-07,0.045692,0.047684
3.0271e-07,0.045547,0.047541
3.482e-07,0.045404,0.047393
3.945e-07,0.045263,0.047241
4.4147e-07,0.045125,0.047086
4.8894e-07,0.04499,0.046928
5.3675e-07,0.044858,0.046768
5.8471e-07,0.04473,0.046606
6.3265e-07,0.044605,0.046445
6.8037e-07,0.044485,0.046283
7.2765e-07,0.044369,0.046121
7.7429e-07,0.044258,0.045962
8.2007e-07,0.044152,0.045804
8.6476e-07,0.044051,0.045648
9.0811e-07,0.043955,0.045495
9.499e-07,0.043866,0.045346
9.8986e-07,0.043782,0.045202
1.0278e-06,0.043704,0.045061
1.0633e-06,0.043633,0.044926
1.0963e-06,0.043569,0.044796
1.1264e-06,0.043511,0.044672
1.1534e-06,0.043461,0.044554
1.1771e-06,0.043417,0.044442
1.1971e-06,0.043381,0.044338
1.2132e-06,0.043352,0.04424
1.2251e-06,0.04333,0.04415
1.2326e-06,0.043316,0.044067
1.2355e-06,0.043309,0.043991
1.2334e-06,0.04331,0.043924
1.2262e-06,0.043318,0.043864
1.2137e-06,0.043333,0.043812
1.1955e-06,0.043356,0.043769
1.1716e-06,0.043387,0.043733
1.1417e-06,0.043425,0.043705
1.1057e-06,0.04347,0.043685
1.0634e-06,0.043522,0.043673
1.0146e-06,0.043581,0.043668
9.5925e-07,0.043647,0.043671
8.9726e-07,0.04372,0.043681
8.2853e-07,0.043799,0.043699
7.5301e-07,0.043885,0.043724
6.7068e-07,0.043977,0.043755
5.8153e-07,0.044075,0.043793
4.8559e-07,0.044178,0.043838
3.8292e-07,0.044287,0.043888
2.736e-07,0.044401,0.043944
1.5776e-07,0.044521,0.044006
3.5535e-08,0.044645,0.044073
-9.2878e-08,0.044773,0.044145
-2.2726e-07,0.044906,0.044221
-3.6736e-07,0.045043,0.044302
-5.1288e-07,0.045184,0.044387
-6.6349e-07,0.045328,0.044476
-8.1883e-07,0.045475,0.044568
-9.7849e-07,0.045625,0.044663
-1.142e-06,0.045777,0.044761
-1.3089e-06,0.045932,0.044861
-1.4787e-06,0.046089,0.044964
-1.6508e-06,0.046248,0.045069
-1.8246e-06,0.046408,0.045175
-1.9995e-06,0.04657,0.045282
-2.1747e-06,0.046732,0.045391
-2.3496e-06,0.046896,0.045501
-2.5235e-06,0.047059,0.045611
-2.6955e-06,0.047223,0.045722
-2.8648e-06,0.047388,0.045832
-3.0306e-06,0.047552,0.045943
-3.192e-06,0.047715,0.046053
-3.3481e-06,0.047878,0.046163
-3.4979e-06,0.048041,0.046273
-3.6405e-06,0.048202,0.046381
-3.775e-06,0.048362,0.046489
-3.9002e-06,0.048522,0.046596
-4.0152e-06,0.048679,0.046701
-4.1189e-06,0.048836,0.046805
-4.2104e-06,0.04899,0.046908
-4.2885e-06,0.049143,0.047009
-4.3522e-06,0.049294,0.047109
-4.4005e-06,0.049444,0.047207
-4.4322e-06,0.049591,0.047303
-4.4464e-06,0.049736,0.047397
-4.4421e-06,0.049879,0.04749
-4.4181e-06,0.05002,0.047581
-4.3736e-06,0.050159,0.04767
-4.3075e-06,0.050296,0.047757
-4.2189e-06,0.05043,0.047842
-4.107e-06,0.050562,0.047925
-3.9708e-06,0.050691,0.048006
-3.8095e-06,0.050818,0.048086
-3.6224e-06,0.050943,0.048164
-3.4087e-06,0.051066,0.04824
-3.1678e-06,0.051186,0.048314
-2.8991e-06,0.051303,0.048386
-2.6021e-06,0.051419,0.048457
-2.2763e-06,0.051531,0.048526
-1.9213e-06,0.051642,0.048593
-1.5369e-06,0.05175,0.048659
-1.1228e-06,0.051856,0.048724
-6.7893e-07,0.051959,0.048787
-2.0529e-07,0.05206,0.048848
2.9807e-07,0.052159,0.048909
8.3097e-07,0.052255,0.048968
1.3931e-06,0.052349,0.049026
1.9841e-06,0.052441,0.049082
2.6035e-06,0.05253,0.049138
3.2507e-06,0.052617,0.049193
3.9248e-06,0.052702,0.049247
4.6251e-06,0.052785,0.0493
5.3507e-06,0.052865,0.049352
6.1004e-06,0.052943,0.049403
6.8731e-06,0.053018,0.049454
7.6674e-06,0.053092,0.049504
8.4819e-06,0.053163,0.049553
9.3151e-06,0.053232,0.049602
1.0165e-05,0.053298,0.049651
1.1031e-05,0.053363,0.049699
1.191e-05,0.053425,0.049747
1.28e-05,0.053484,0.049794
1.37e-05,0.053542,0.049841
1.4607e-05,0.053597,0.049888
1.5519e-05,0.05365,0.049934
1.6434e-05,0.053701,0.049981
1.7349e-05,0.05375,0.050027
1.8261e-05,0.053796,0.050073
1.917e-05,0.05384,0.050119
2.007e-05,0.053882,0.050165
2.0961e-05,0.053921,0.050211
2.184e-05,0.053959,0.050257
2.2703e-05,0.053994,0.050303
2.3549e-05,0.054026,0.050349
2.4374e-05,0.054057,0.050395
2.5176e-05,0.054085,0.050441
2.5952e-05,0.054111,0.050488
2.67e-05,0.054134,0.050534
2.7417e-05,0.054155,0.05058
2.8101e-05,0.054174,0.050626
2.875e-05,0.05419,0.050672
2.936e-05,0.054204,0.050718
2.9931e-05,0.054216,0.050764
3.0459e-05,0.054225,0.050811
3.0943e-05,0.054232,0.050857
3.1381e-05,0.054237,0.050903
3.1772e-05,0.054239,0.050949
3.2114e-05,0.054238,0.050995
3.2405e-05,0.054235,0.051041
3.2645e-05,0.05423,0.051086
3.2833e-05,0.054222,0.051132
3.2967e-05,0.054212,0.051177
3.3048e-05,0.054199,0.051222
3.3075e-05,0.054184,0.051267
3.3048e-05,0.054166,0.051311
3.2967e-05,0.054145,0.051355
3.2833e-05,0.054122,0.051399
3.2645e-05,0.054097,0.051442
3.2405e-05,0.054069,0.051485
3.2114e-05,0.054038,0.051528
3.1772e-05,0.054005,0.05157
3.1381e-05,0.053969,0.051611
3.0943e-05,0.053931,0.051652
3.0459e-05,0.05389,0.051692
2.9931e-05,0.053846,0.051732
2.936e-05,0.0538,0.051771
2.875e-05,0.053752,0.051809
2.8101e-05,0.053701,0.051847
2.7417e-05,0.053648,0.051884
2.67e-05,0.053592,0.05192
2.5952e-05,0.053534,0.051956
2.5176e-05,0.053474,0.051991
2.4374e-05,0.053411,0.052025
2.3549e-05,0.053346,0.052058
2.2703e-05,0.053279,0.052091
2.184e-05,0.053209,0.052123
2.0961e-05,0.053138,0.052154
2.007e-05,0.053064,0.052185
1.917e-05,0.052989,0.052214
1.8261e-05,0.052911,0.052244
1.7349e-05,0.052832,0.052272
1.6434e-05,0.05275,0.052299
1.5519e-05,0.052667,0.052326
1.4607e-05,0.052583,0.052353
1.37e-05,0.052496,0.052378
1.28e-05,0.052408,0.052403
1.191e-05,0.052319,0.052427
1.1031e-05,0.052229,0.052451
1.0165e-05,0.052137,0.052474
9.3151e-06,0.052044,0.052496
8.4819e-06,0.05195,0.052518
7.6674e-06,0.051855,0.05254
6.8731e-06,0.051759,0.05256
6.1004e-06,0.051662,0.052581
5.3507e-06,0.051565,0.052601
4.6251e-06,0.051467,0.05262
3.9248e-06,0.051369,0.052639
3.2507e-06,0.05127,0.052657
2.6035e-06,0.051172,0.052676
1.9841e-06,0.051073,0.052694
1.3931e-06,0.050974,0.052711
8.3097e-07,0.050875,0.052728
2.9807e-07,0.050776,0.052745
-2.0529e-07,0.050678,0.052762
-6.7893e-07,0.05058,0.052779
-1.1228e-06,0.050483,0.052796
-1.5369e-06,0.050386,0.052812
-1.9213e-06,0.05029,0.052829
-2.2763e-06,0.050195,0.052845
-2.6021e-06,0.050101,0.052862
-2.8991e-06,0.050008,0.052879
-3.1678e-06,0.049917,0.052895
-3.4087e-06,0.049826,0.052913
-3.6224e-06,0.049738,0.05293
-3.8095e-06,0.04965,0.052947
-3.9708e-06,0.049565,0.052965
-4.107e-06,0.049481,0.052984
-4.2189e-06,0.049399,0.053002
-4.3075e-06,0.049319,0.053022
-4.3736e-06,0.049241,0.053041
-4.4181e-06,0.049165,0.053062
-4.4421e-06,0.049092,0.053082
-4.4464e-06,0.049021,0.053104
-4.4322e-06,0.048952,0.053126
-4.4005e-06,0.048886,0.053148
-4.3522e-06,0.048822,0.053172
-4.2885e-06,0.048761,0.053196
-4.2104e-06,0.048703,0.05322
-4.1189e-06,0.048648,0.053246
-4.0152e-06,0.048596,0.053272
-3.9002e-06,0.048546,0.053299
-3.775e-06,0.0485,0.053326
-3.6405e-06,0.048456,0.053354
-3.4979e-06,0.048416,0.053383
-3.3481e-06,0.048379,0.053412
-3.192e-06,0.048346,0.053441
-3.0306e-06,0.048316,0.053471
-2.8648e-06,0.048289,0.053502
-2.6955e-06,0.048265,0.053533
-2.5235e-06,0.048245,0.053564
-2.3496e-06,0.048229,0.053595
-2.1747e-06,0.048216,0.053627
-1.9995e-06,0.048206,0.053658
-1.8246e-06,0.0482,0.053689
-1.6508e-06,0.048198,0.05372
-1.4787e-06,0.048199,0.053751
-1.3089e-06,0.048204,0.053782
-1.142e-06,0.048213,0.053812
-9.7849e-07,0.048226,0.053841
-8.1883e-07,0.048242,0.053869
-6.6349e-07,0.048262,0.053897
-5.1288e-07,0.048285,0.053924
-3.6736e-07,0.048312,0.053949
-2.2726e-07,0.048343,0.053974
-9.2878e-08,0.048378,0.053997
3.5535e-08,0.048416,0.054019
1.5776e-07,0.048457,0.054039
2.736e-07,0.048502,0.054057
3.8292e-07,0.048551,0.054074
4.8559e-07,0.048603,0.054089
5.8153e-07,0.048659,0.054102
6.7068e-07,0.048718,0.054113
7.5301e-07,0.04878,0.054122
8.2853e-07,0.048845,0.054128
8.9726e-07,0.048913,0.054133
9.5925e-07,0.048984,0.054135
1.0146e-06,0.049058,0.054135
1.0634e-06,0.049135,0.054133
1.1057e-06,0.049215,0.054128
1.1417e-06,0.049297,0.054121
1.1716e-06,0.049381,0.054111
1.1955e-06,0.049467,0.054099
1.2137e-06,0.049556,0.054085
1.2262e-06,0.049646,0.054068
1.2334e-06,0.049739,0.054048
1.2355e-06,0.049832,0.054027
1.2326e-06,0.049928,0.054003
1.2251e-06,0.050024,0.053977
1.2132e-06,0.050121,0.053948
1.1971e-06,0.05022,0.053917
1.1771e-06,0.050318,0.053885
1.1534e-06,0.050418,0.05385
1.1264e-06,0.050517,0.053813
1.0963e-06,0.050616,0.053775
1.0633e-06,0.050715,0.053734
1.0278e-06,0.050814,0.053692
9.8986e-07,0.050912,0.053648
9.499e-07,0.051009,0.053603
9.0811e-07,0.051105,0.053556
8.6476e-07,0.051199,0.053508
8.2007e-07,0.051292,0.053459
7.7429e-07,0.051383,0.053409
7.2765e-07,0.051472,0.053358
6.8037e-07,0.051559,0.053306
6.3265e-07,0.051643,0.053253
5.8471e-07,0.051725,0.053199
5.3675e-07,0.051803,0.053145
4.8894e-07,0.051879,0.05309
4.4147e-07,0.051951,0.053035
3.945e-07,0.052019,0.052979
3.482e-07,0.052084,0.052923
3.0271e-07,0.052145,0.052867
2.5817e-07,0.052201,0.052811
2.1471e-07,0.052254,0.052755
1.7244e-07,0.052302,0.052699
1.3148e-07,0.052346,0.052643
9.1918e-08,0.052385,0.052588
5.3844e-08,0.052419,0.052532
1.7336e-08,0.052449,0.052477
-1.7539e-08,0.052474,0.052422
-5.0721e-08,0.052494,0.052367
-8.2162e-08,0.052509,0.052313
-1.1182e-07,0.052518,0.052259
-1.3967e-07,0.052523,0.052206
-1.6568e-07,0.052523,0.052153
-1.8984e-07,0.052518,0.0521
-2.1215e-07,0.052508,0.052048
-2.326e-07,0.052493,0.051996
-2.512e-07,0.052474,0.051945
-2.6796e-07,0.052449,0.051893
-2.8292e-07,0.05242,0.051842
-2.9608e-07,0.052386,0.051792
-3.075e-07,0.052349,0.051741
-3.172e-07,0.052306,0.051691
-3.2523e-07,0.05226,0.051641
-3.3163e-07,0.05221,0.051591
-3.3646e-07,0.052157,0.051541
-3.3977e-07,0.052099,0.051491
-3.4162e-07,0.052039,0.051441
-3.4207e-07,0.051976,0.05139
-3.4118e-07,0.051909,0.051339
-3.3903e-07,0.051841,0.051289
-3.3567e-07,0.05177,0.051237
-3.3118e-07,0.051697,0.051186
-3.2562e-07,0.051622,0.051134
-3.1908e-07,0.051546,0.051081
-3.1161e-07,0.051468,0.051028
-3.033e-07,0.05139,0.050974
-2.9421e-07,0.051311,0.050919
-2.8441e-07,0.051232,0.050864
-2.7398e-07,0.051153,0.050808
-2.6299e-07,0.051074,0.050752
-2.515e-07,0.050995,0.050694
-2.3958e-07,0.050917,0.050636
-2.273e-07,0.050841,0.050577
-2.1472e-07,0.050765,0.050517
-2.019e-07,0.050691,0.050456
-1.8891e-07,0.050619,0.050395
-1.758e-07,0.050549,0.050333
-1.6263e-07,0.050482,0.05027
-1.4945e-07,0.050417,0.050206
-1.3631e-07,0.050354,0.050142
-1.2327e-07,0.050295,0.050077
-1.1037e-07,0.050238,0.050011
-9.7641e-08,0.050185,0.049945
-8.5138e-08,0.050136,0.049879
-7.2894e-08,0.05009,0.049812
-6.0944e-08,0.050047,0.049745
-4.932e-08,0.050009,0.049678
-3.8052e-08,0.049974,0.049611
-2.7167e-08,0.049944,0.049544
-1.6688e-08,0.049918,0.049477
-6.6371e-09,0.049896,0.04941
2.9676e-09,0.049878,0.049344
1.211e-08,0.049865,0.049278
2.0776e-08,0.049855,0.049213
2.8956e-08,0.049851,0.049149
3.6639e-08,0.04985,0.049086
4.3821e-08,0.049854,0.049024
5.0497e-08,0.049862,0.048964
5.6665e-08,0.049874,0.048905
6.2325e-08,0.049891,0.048848
6.7478e-08,0.049911,0.048793
7.213e-08,0.049936,0.04874
7.6286e-08,0.049964,0.048689
7.9952e-08,0.049997,0.048641
8.3139e-08,0.050033,0.048595
8.5855e-08,0.050072,0.048553
8.8113e-08,0.050115,0.048514
8.9925e-08,0.050162,0.048478
9.1306e-08,0.050211,0.048445
9.227e-08,0.050264,0.048416
9.2833e-08,0.050319,0.048392
9.3012e-08,0.050377,0.048371
9.2824e-08,0.050438,0.048354
9.2287e-08,0.050501,0.048343
9.142e-08,0.050566,0.048335
9.0241e-08,0.050633,0.048333
8.877e-08,0.050702,0.048336
8.7025e-08,0.050772,0.048344
8.5028e-08,0.050844,0.048357
8.2796e-08,0.050917,0.048376
8.035e-08,0.050991,0.0484
7.7709e-08,0.051066,0.04843
7.4892e-08,0.051142,0.048466
7.1919e-08,0.051218,0.048508
6.8809e-08,0.051294,0.048555
6.5579e-08,0.05137,0.048609
6.2248e-08,0.051446,0.048669
5.8834e-08,0.051521,0.048735
5.5353e-08,0.051596,0.048807
5.1822e-08,0.05167,0.048885
4.8257e-08,0.051743,0.048969
4.4674e-08,0.051815,0.049059
4.1087e-08,0.051886,0.049156
3.7509e-08,0.051955,0.049258
3.3955e-08,0.052023,0.049366
3.0437e-08,0.052088,0.049479
2.6967e-08,0.052152,0.049599
2.3555e-08,0.052213,0.049723
2.0213e-08,0.052273,0.049853
1.695e-08,0.052329,0.049988
1.3775e-08,0.052383,0.050128
1.0696e-08,0.052435,0.050272
7.72e-09,0.052483,0.050421
4.854e-09,0.052529,0.050574
2.1038e-09,0.052572,0.050731
-5.2537e-10,0.052611,0.050892
-3.0292e-09,0.052647,0.051056
-5.4037e-09,0.05268,0.051223
-7.6461e-09,0.05271,0.051393
-9.7536e-09,0.052736,0.051566
-1.1725e-08,0.052758,0.05174
-1.3558e-08,0.052777,0.051917
-1.5253e-08,0.052793,0.052095
-1.681e-08,0.052805,0.052275
-1.8229e-08,0.052813,0.052455
-1.9511e-08,0.052817,0.052637
-2.0657e-08,0.052818,0.052818
-2.1671e-08,0.052815,0.053
-2.2553e-08,0.052808,0.053181
-2.3307e-08,0.052798,0.053362
-2.3935e-08,0.052784,0.053542
-2.4442e-08,0.052767,0.053721
-2.4831e-08,0.052746,0.053899
-2.5106e-08,0.052722,0.054075
-2.5271e-08,0.052694,0.054249
-2.5331e-08,0.052663,0.054421
-2.5291e-08,0.052628,0.05459
-2.5155e-08,0.05259,0.054758
-2.4928e-08,0.052549,0.054922
-2.4616e-08,0.052505,0.055084
-2.4224e-08,0.052459,0.055242
-2.3757e-08,0.052409,0.055397
-2.322e-08,0.052356,0.055549
-2.2619e-08,0.052301,0.055697
-2.1959e-08,0.052244,0.055842
-2.1245e-08,0.052184,0.055983
-2.0483e-08,0.052122,0.05612
-1.9678e-08,0.052058,0.056253
-1.8834e-08,0.051991,0.056383
-1.7958e-08,0.051923,0.056508
-1.7054e-08,0.051854,0.056629
-1.6126e-08,0.051782,0.056746
-1.518e-08,0.05171,0.056859
-1.4219e-08,0.051636,0.056968
-1.3249e-08,0.051561,0.057073
-1.2273e-08,0.051485,0.057173
-1.1296e-08,0.051409,0.057269
-1.0321e-08,0.051332,0.057361
-9.3524e-09,0.051255,0.057449
-8.3929e-09,0.051177,0.057532
-7.4461e-09,0.051099,0.057612
-6.515e-09,0.051022,0.057687
-5.6025e-09,0.050945,0.057758
-4.7113e-09,0.050868,0.057824
-3.8437e-09,0.050792,0.057887
-3.002e-09,0.050717,0.057945
-2.1883e-09,0.050643,0.057999
-1.4043e-09,0.05057,0.058049
-6.5167e-10,0.050499,0.058094
6.8137e-11,0.050429,0.058135
7.539e-10,0.050361,0.058172
1.4046e-09,0.050295,0.058205
2.0193e-09,0.05023,0.058233
2.5974e-09,0.050168,0.058256
3.1384e-09,0.050108,0.058276
3.6418e-09,0.050051,0.058291
4.1077e-09,0.049996,0.058301
4.5358e-09,0.049944,0.058307
4.9263e-09,0.049895,0.058308
5.2796e-09,0.049849,0.058305
5.5959e-09,0.049806,0.058297
5.8758e-09,0.049766,0.058285
6.1199e-09,0.04973,0.058268
6.329e-09,0.049696,0.058246
6.5039e-09,0.049667,0.058219
6.6455e-09,0.049641,0.058188
6.7548e-09,0.049618,0.058152
6.833e-09,0.049599,0.058112
6.8812e-09,0.049584,0.058066
6.9006e-09,0.049572,0.058016
6.8925e-09,0.049565,0.057962
6.8582e-09,0.049561,0.057903
6.7991e-09,0.049561,0.057839
6.7165e-09,0.049564,0.057771
6.612e-09,0.049571,0.057698
6.4869e-09,0.049582,0.057621
6.3426e-09,0.049597,0.05754
6.1807e-09,0.049615,0.057455
6.0025e-09,0.049637,0.057365
5.8096e-09,0.049663,0.057272
5.6034e-09,0.049692,0.057175
5.3852e-09,0.049724,0.057075
5.1565e-09,0.049759,0.056971
4.9187e-09,0.049797,0.056864
4.673e-09,0.049839,0.056755
4.4209e-09,0.049883,0.056642
4.1636e-09,0.04993,0.056527
3.9023e-09,0.04998,0.05641
3.6383e-09,0.050032,0.05629
3.3726e-09,0.050086,0.056169
3.1064e-09,0.050142,0.056047
2.8407e-09,0.0502,0.055923
2.5765e-09,0.05026,0.055798
2.3148e-09,0.050321,0.055673
2.0565e-09,0.050384,0.055547
1.8023e-09,0.050447,0.055422
1.5531e-09,0.050512,0.055297
1.3097e-09,0.050577,0.055172
1.0726e-09,0.050643,0.055049
8.4251e-10,0.050709,0.054927
6.1998e-10,0.050775,0.054806
4.055e-10,0.050842,0.054688
1.9952e-10,0.050907,0.054572
2.4335e-12,0.050973,0.054458
-1.8541e-10,0.051037,0.054348
-3.6372e-10,0.051101,0.05424
-5.3226e-10,0.051164,0.054137
-6.9084e-10,0.051225,0.054037
-8.3932e-10,0.051285,0.053941
-9.776e-10,0.051343,0.05385
-1.1056e-09,0.0514,0.053764
-1.2234e-09,0.051454,0.053683
-1.3309e-09,0.051507,0.053607
-1.4282e-09,0.051557,0.053537
-1.5155e-09,0.051605,0.053472
-1.5928e-09,0.05165,0.053413
-1.6603e-09,0.051693,0.053361
-1.7183e-09,0.051733,0.053315
-1.767e-09,0.051771,0.053276
-1.8065e-09,0.051805,0.053243
-1.8373e-09,0.051837,0.053217
-1.8595e-09,0.051865,0.053198
-1.8735e-09,0.051891,0.053187
-1.8796e-09,0.051913,0.053182
-1.8782e-09,0.051932,0.053185
-1.8696e-09,0.051949,0.053195
-1.8542e-09,0.051962,0.053212
-1.8324e-09,0.051972,0.053237
-1.8046e-09,0.051979,0.053268
-1.7711e-09,0.051982,0.053307
-1.7323e-09,0.051983,0.053354
-1.6887e-09,0.051981,0.053407
-1.6407e-09,0.051976,0.053467
-1.5885e-09,0.051968,0.053534
-1.5327e-09,0.051958,0.053607
-1.4736e-09,0.051945,0.053688
-1.4116e-09,0.051929,0.053774
-1.3471e-09,0.051911,0.053866
-1.2804e-09,0.051891,0.053964
-1.2119e-09,0.051868,0.054068
-1.1419e-09,0.051844,0.054177
-1.0709e-09,0.051818,0.054291
-9.99e-10,0.05179,0.05441
-9.2666e-10,0.05176,0.054533
-8.5414e-10,0.051729,0.05466
-7.8173e-10,0.051697,0.054791
-7.0971e-10,0.051664,0.054925
-6.3833e-10,0.05163,0.055062
-5.6784e-10,0.051595,0.055202
-4.9847e-10,0.051559,0.055344
-4.3044e-10,0.051523,0.055488
-3.6394e-10,0.051487,0.055633
-2.9916e-10,0.051451,0.05578
-2.3626e-10,0.051414,0.055927
-1.7541e-10,0.051378,0.056074
-1.1673e-10,0.051343,0.056222
-6.0364e-11,0.051307,0.056369
-6.4063e-12,0.051273,0.056515
4.5043e-11,0.051239,0.05666
9.3905e-11,0.051206,0.056804
1.4011e-10,0.051174,0.056946
1.8361e-10,0.051143,0.057085
2.2436e-10,0.051114,0.057222
2.6233e-10,0.051085,0.057357
2.9751e-10,0.051058,0.057488
3.2989e-10,0.051033,0.057617
3.5948e-10,0.051009,0.057741
3.863e-10,0.050986,0.057862
4.1037e-10,0.050965,0.057979
4.3173e-10,0.050946,0.058092
4.5042e-10,0.050928,0.058201
4.665e-10,0.050912,0.058305
4.8002e-10,0.050897,0.058405
4.9106e-10,0.050885,0.0585
4.997e-10,0.050873,0.058591
5.06e-10,0.050863,0.058676
5.1005e-10,0.050855,0.058757
5.1195e-10,0.050848,0.058833
5.1178e-10,0.050843,0.058905
5.0966e-10,0.050839,0.058971
5.0566e-10,0.050836,0.059033
4.9991e-10,0.050834,0.059091
4.925e-10,0.050834,0.059143
4.8354e-10,0.050834,0.059192
4.7313e-10,0.050835,0.059236
4.6139e-10,0.050838,0.059276
4.4843e-10,0.05084,0.059312
4.3434e-10,0.050844,0.059344
4.1924e-10,0.050848,0.059373
4.0324e-10,0.050852,0.059399
3.8643e-10,0.050856,0.059421
3.6892e-10,0.050861,0.05944
3.5081e-10,0.050865,0.059457
3.322e-10,0.05087,0.059472
3.1318e-10,0.050874,0.059484
2.9385e-10,0.050878,0.059494
2.7429e-10,0.050882,0.059503
2.5459e-10,0.050885,0.059511
2.3484e-10,0.050887,0.059518
2.151e-10,0.050889,0.059524
1.9547e-10,0.05089,0.059529
1.76e-10,0.05089,0.059535
1.5677e-10,0.050889,0.05954
1.3784e-10,0.050888,0.059547
1.1926e-10,0.050885,0.059554
1.011e-10,0.050881,0.059562
8.3397e-11,0.050876,0.059571
6.6205e-11,0.050869,0.059582
4.9565e-11,0.050862,0.059596
3.3515e-11,0.050853,0.059611
1.8089e-11,0.050842,0.059628
3.3172e-12,0.050831,0.059649
-1.0774e-11,0.050818,0.059672
-2.4163e-11,0.050804,0.059698
-3.683e-11,0.050789,0.059728
-4.876e-11,0.050772,0.059761
-5.9943e-11,0.050754,0.059797
-7.037e-11,0.050734,0.059838
-8.0037e-11,0.050714,0.059882
-8.8941e-11,0.050692,0.05993
-9.7085e-11,0.050669,0.059983
-1.0447e-10,0.050644,0.060039
-1.1111e-10,0.050619,0.0601
-1.1701e-10,0.050592,0.060165
-1.2218e-10,0.050565,0.060235
-1.2664e-10,0.050536,0.060309
-1.304e-10,0.050506,0.060387
-1.3348e-10,0.050475,0.060469
-1.359e-10,0.050442,0.060556
-1.3768e-10,0.050409,0.060646
-1.3885e-10,0.050375,0.060741
-1.3943e-10,0.05034,0.060839
-1.3945e-10,0.050304,0.060942
-1.3893e-10,0.050266,0.061047
-1.3789e-10,0.050228,0.061157
-1.3638e-10,0.050189,0.061269
-1.344e-10,0.050149,0.061384
-1.3201e-10,0.050107,0.061503
-1.2922e-10,0.050065,0.061623
-1.2606e-10,0.050022,0.061747
-1.2256e-10,0.049977,0.061872
-1.1875e-10,0.049931,0.061999
-1.1467e-10,0.049884,0.062127
-1.1033e-10,0.049836,0.062257
-1.0578e-10,0.049787,0.062388
-1.0103e-10,0.049736,0.062519
-9.6111e-11,0.049684,0.06265
-9.1054e-11,0.049631,0.062782
-8.5884e-11,0.049576,0.062913
-8.0626e-11,0.04952,0.063044
-7.5303e-11,0.049462,0.063174
-6.9941e-11,0.049403,0.063302
-6.456e-11,0.049342,0.063429
-5.9183e-11,0.049279,0.063554
-5.383e-11,0.049215,0.063677
-4.8522e-11,0.049149,0.063797
-4.3275e-11,0.049081,0.063914
-3.8107e-11,0.049012,0.064029
-3.3036e-11,0.048941,0.064139
-2.8075e-11,0.048868,0.064247
-2.3238e-11,0.048793,0.06435
-1.8539e-11,0.048717,0.064448
-1.3989e-11,0.048639,0.064543
-9.5992e-12,0.04856,0.064632
-5.378e-12,0.048479,0.064717
-1.3341e-12,0.048396,0.064796
2.5251e-12,0.048312,0.06487
6.1935e-12,0.048226,0.064938
9.6658e-12,0.048139,0.065001
1.2938e-11,0.048051,0.065057
1.6007e-11,0.047961,0.065107
1.887e-11,0.04787,0.065151
2.1526e-11,0.047779,0.065188
2.3974e-11,0.047686,0.065219
2.6215e-11,0.047593,0.065244
2.825e-11,0.0475,0.065261
3.008e-11,0.047405,0.065272
3.1709e-11,0.047311,0.065276
3.3139e-11,0.047217,0.065273
3.4374e-11,0.047122,0.065263
3.5419e-11,0.047028,0.065246
3.6278e-11,0.046934,0.065223
3.6957e-11,0.046841,0.065192
3.7462e-11,0.046749,0.065155
3.7799e-11,0.046658,0.065111
3.7974e-11,0.046568,0.065061
3.7994e-11,0.046479,0.065004
3.7868e-11,0.046392,0.06494
3.7601e-11,0.046308,0.064871
3.7202e-11,0.046225,0.064795
3.6678e-11,0.046145,0.064713
3.6037e-11,0.046067,0.064625
3.5288e-11,0.045993,0.064532
3.4438e-11,0.045921,0.064433
3.3495e-11,0.045853,0.064329
3.2467e-11,0.045789,0.064219
3.1362e-11,0.045728,0.064105
3.0189e-11,0.045671,0.063987
2.8953e-11,0.045619,0.063864
2.7665e-11,0.045571,0.063736
2.633e-11,0.045528,0.063605
2.4956e-11,0.045489,0.063471
2.3551e-11,0.045456,0.063333
2.2121e-11,0.045428,0.063192
2.0673e-11,0.045406,0.063048
1.9213e-11,0.045389,0.062901
1.7747e-11,0.045378,0.062753
1.6282e-11,0.045373,0.062602
1.4823e-11,0.045374,0.06245
1.3375e-11,0.045381,0.062296
1.1944e-11,0.045394,0.062142
1.0533e-11,0.045414,0.061986
9.1488e-12,0.04544,0.06183
7.7939e-12,0.045472,0.061674
6.4725e-12,0.045511,0.061518
5.1882e-12,0.045556,0.061363
3.9442e-12,0.045608,0.061208
2.7433e-12,0.045666,0.061054
1.5883e-12,0.04573,0.060901
4.813e-13,0.045801,0.06075
-5.7558e-13,0.045878,0.060601
-1.5806e-12,0.045961,0.060454
-2.5325e-12,0.04605,0.060309
-3.4298e-12,0.046144,0.060167
-4.2719e-12,0.046245,0.060028
-5.0579e-12,0.046351,0.059892
-5.7876e-12,0.046462,0.05976
-6.4608e-12,0.046578,0.059631
-7.0774e-12,0.046698,0.059507
-7.6378e-12,0.046824,0.059387
-8.1425e-12,0.046953,0.059271
-8.5921e-12,0.047087,0.05916
-8.9876e-12,0.047224,0.059054
-9.3298e-12,0.047364,0.058953
-9.62e-12,0.047508,0.058858
-9.8595e-12,0.047654,0.058768
-1.005e-11,0.047803,0.058684
-1.0192e-11,0.047953,0.058606
-1.0289e-11,0.048105,0.058535
-1.0341e-11,0.048258,0.058469
-1.0352e-11,0.048413,0.058411
-1.0321e-11,0.048567,0.058359
-1.0253e-11,0.048722,0.058314
-1.0148e-11,0.048877,0.058276
-1.0009e-11,0.049031,0.058245
-9.8376e-12,0.049184,0.058221
-9.6366e-12,0.049336,0.058205
-9.4079e-12,0.049485,0.058197
-9.1537e-12,0.049633,0.058196
-8.8761e-12,0.049779,0.058203
-8.5773e-12,0.049921,0.058217
-8.2595e-12,0.05006,0.05824
-7.9248e-12,0.050196,0.05827
-7.5753e-12,0.050329,0.058308
-7.2129e-12,0.050457,0.058355
-6.8398e-12,0.05058,0.058409
-6.4578e-12,0.050699,0.058472
-6.0689e-12,0.050813,0.058542
-5.6748e-12,0.050922,0.05862
-5.2773e-12,0.051025,0.058707
-4.8782e-12,0.051123,0.058801
-4.479e-12,0.051215,0.058903
-4.0812e-12,0.051301,0.059013
-3.6864e-12,0.05138,0.059131
-3.2959e-12,0.051454,0.059256
-2.9111e-12,0.05152,0.059388
-2.5331e-12,0.051581,0.059528
-2.163e-12,0.051634,0.059675
-1.802e-12,0.051681,0.059829
-1.451e-12,0.051721,0.05999
-1.1109e-12,0.051754,0.060157
-7.8245e-13,0.05178,0.06033
-4.664e-13,0.0518,0.06051
-1.6338e-13,0.051812,0.060696
1.2604e-13,0.051818,0.060887
4.0139e-13,0.051817,0.061083
6.6228e-13,0.05181,0.061284
9.0837e-13,0.051796,0.06149
1.1394e-12,0.051776,0.0617
1.3552e-12,0.051749,0.061915
1.5557e-12,0.051716,0.062132
1.7407e-12,0.051677,0.062353
1.9104e-12,0.051633,0.062577
2.0647e-12,0.051583,0.062803
2.2039e-12,0.051527,0.063032
2.328e-12,0.051467,0.063262
2.4373e-12,0.051402,0.063493
2.5321e-12,0.051332,0.063724
2.6127e-12,0.051257,0.063956
2.6794e-12,0.051179,0.064188
2.7327e-12,0.051097,0.06442
2.7729e-12,0.051011,0.06465
2.8006e-12,0.050922,0.064878
2.8162e-12,0.050831,0.065105
2.8201e-12,0.050736,0.065329
2.8131e-12,0.05064,0.065551
2.7955e-12,0.050542,0.065768
2.768e-12,0.050442,0.065983
2.7311e-12,0.050341,0.066193
2.6854e-12,0.050238,0.066398
2.6315e-12,0.050136,0.066598
2.57e-12,0.050033,0.066793
2.5015e-12,0.04993,0.066982
2.4265e-12,0.049827,0.067165
2.3457e-12,0.049725,0.067341
2.2597e-12,0.049625,0.067511
2.169e-12,0.049525,0.067673
2.0742e-12,0.049427,0.067828
1.9758e-12,0.049331,0.067975
1.8745e-12,0.049237,0.068114
1.7707e-12,0.049146,0.068244
1.6649e-12,0.049057,0.068367
1.5577e-12,0.048971,0.06848
1.4495e-12,0.048888,0.068585
1.3408e-12,0.048809,0.068681
1.232e-12,0.048733,0.068767
1.1236e-12,0.048661,0.068845
1.0159e-12,0.048593,0.068913
9.0941e-13,0.048529,0.068973
8.0438e-13,0.048469,0.069022
7.0119e-13,0.048413,0.069063
6.0013e-13,0.048363,0.069094
5.0151e-13,0.048316,0.069117
4.0558e-13,0.048274,0.06913
3.1259e-13,0.048237,0.069134
2.2276e-13,0.048205,0.069129
1.3628e-13,0.048177,0.069116
5.3343e-14,0.048155,0.069094
-2.591e-14,0.048137,0.069064
-1.0135e-13,0.048124,0.069026
-1.7285e-13,0.048115,0.06898
-2.4033e-13,0.048112,0.068926
-3.0372e-13,0.048113,0.068865
-3.6296e-13,0.048118,0.068797
-4.1803e-13,0.048129,0.068722
-4.689e-13,0.048143,0.068641
-5.1557e-13,0.048162,0.068553
-5.5807e-13,0.048185,0.06846
-5.9642e-13,0.048213,0.068362
-6.3067e-13,0.048244,0.068258
-6.6089e-13,0.048279,0.068149
-6.8714e-13,0.048317,0.068036
-7.0951e-13,0.048359,0.067919
-7.281e-13,0.048405,0.067799
-7.4301e-13,0.048453,0.067675
-7.5435e-13,0.048504,0.067548
-7.6226e-13,0.048559,0.067418
-7.6685e-13,0.048615,0.067287
-7.6828e-13,0.048674,0.067153
-7.6667e-13,0.048736,0.067018
-7.6219e-13,0.048799,0.066882
-7.5498e-13,0.048864,0.066745
-7.452e-13,0.04893,0.066607
-7.3301e-13,0.048998,0.06647
-7.1856e-13,0.049067,0.066332
-7.0203e-13,0.049136,0.066195
-6.8356e-13,0.049207,0.066059
-6.6332e-13,0.049278,0.065923
-6.4148e-13,0.049349,0.065789
-6.1819e-13,0.049421,0.065656
-5.9362e-13,0.049492,0.065526
-5.679e-13,0.049564,0.065397
-5.4121e-13,0.049634,0.06527
-5.1368e-13,0.049705,0.065146
-4.8547e-13,0.049774,0.065024
-4.567e-13,0.049843,0.064904
-4.2753e-13,0.04991,0.064788
-3.9808e-13,0.049976,0.064675
-3.6848e-13,0.050041,0.064564
-3.3884e-13,0.050104,0.064457
-3.0929e-13,0.050166,0.064353
-2.7994e-13,0.050226,0.064253
-2.5088e-13,0.050284,0.064156
-2.2223e-13,0.05034,0.064062
-1.9406e-13,0.050394,0.063972
-1.6646e-13,0.050445,0.063885
-1.3952e-13,0.050495,0.063802
-1.133e-13,0.050542,0.063722
-8.7878e-14,0.050586,0.063646
-6.3311e-14,0.050628,0.063573
-3.9652e-14,0.050668,0.063503
-1.695e-14,0.050705,0.063437
4.751e-15,0.050739,0.063374
2.5416e-14,0.05077,0.063315
4.5012e-14,0.050799,0.063258
6.3516e-14,0.050825,0.063205
8.0907e-14,0.050848,0.063154
9.7169e-14,0.050869,0.063106
1.1229e-13,0.050886,0.063061
1.2628e-13,0.050901,0.063019
1.3912e-13,0.050913,0.062979
1.5082e-13,0.050922,0.062941
1.6139e-13,0.050928,0.062906
1.7084e-13,0.050931,0.062873
1.7919e-13,0.050932,0.062842
1.8646e-13,0.05093,0.062812
1.9267e-13,0.050925,0.062785
1.9784e-13,0.050917,0.062759
2.0201e-13,0.050907,0.062734
2.052e-13,0.050894,0.062711
2.0746e-13,0.050879,0.062689
2.0881e-13,0.050861,0.062668
2.0929e-13,0.050841,0.062648
2.0894e-13,0.050819,0.062629
2.078e-13,0.050794,0.06261
2.0592e-13,0.050767,0.062592
2.0333e-13,0.050737,0.062575
2.0008e-13,0.050706,0.062557
1.962e-13,0.050673,0.06254
1.9176e-13,0.050638,0.062523
1.8678e-13,0.050601,0.062507
1.8132e-13,0.050562,0.062489
1.7542e-13,0.050522,0.062472
1.6912e-13,0.05048,0.062455
1.6246e-13,0.050437,0.062437
1.5548e-13,0.050393,0.062419
1.4824e-13,0.050347,0.0624
1.4076e-13,0.0503,0.062381
1.3309e-13,0.050253,0.062361
1.2527e-13,0.050204,0.06234
1.1734e-13,0.050155,0.062318
1.0932e-13,0.050105,0.062296
1.0126e-13,0.050054,0.062273
9.3186e-14,0.050003,0.062249
8.5133e-14,0.049952,0.062224
7.7129e-14,0.049901,0.062198
6.9204e-14,0.04985,0.062172
6.1384e-14,0.049799,0.062144
5.3694e-14,0.049748,0.062115
4.6158e-14,0.049697,0.062085
3.8798e-14,0.049647,0.062054
3.1634e-14,0.049597,0.062023
2.4684e-14,0.049548,0.06199
1.7966e-14,0.0495,0.061956
1.1493e-14,0.049453,0.061921
5.2797e-15,0.049407,0.061884
-6.6233e-16,0.049362,0.061847
-6.3229e-15,0.049318,0.061809
-1.1693e-14,0.049275,0.061769
-1.6767e-14,0.049235,0.061729
-2.1538e-14,0.049195,0.061687
-2.6002e-14,0.049158,0.061644
-3.0156e-14,0.049122,0.0616
-3.3999e-14,0.049088,0.061555
-3.753e-14,0.049056,0.061509
-4.0751e-14,0.049026,0.061462
-4.3664e-14,0.048998,0.061414
-4.6272e-14,0.048973,0.061364
-4.858e-14,0.048949,0.061314
-5.0592e-14,0.048928,0.061262
-5.2314e-14,0.04891,0.06121
-5.3754e-14,0.048893,0.061156
-5.4919e-14,0.04888,0.061102
-5.5818e-14,0.048869,0.061046
-5.6459e-14,0.04886,0.060989
-5.6853e-14,0.048854,0.060932
-5.701e-14,0.048851,0.060874
-5.6939e-14,0.04885,0.060814
-5.6652e-14,0.048852,0.060755
-5.616e-14,0.048857,0.060694
-5.5475e-14,0.048864,0.060633
-5.4608e-14,0.048874,0.060571
-5.3572e-14,0.048887,0.060509
-5.2377e-14,0.048902,0.060446
-5.1037e-14,0.04892,0.060383
-4.9563e-14,0.04894,0.06032
-4.7967e-14,0.048963,0.060257
-4.6262e-14,0.048988,0.060195
-4.4458e-14,0.049015,0.060132
-4.2567e-14,0.049045,0.06007
-4.0601e-14,0.049076,0.060008
-3.8571e-14,0.04911,0.059947
-3.6487e-14,0.049146,0.059887
-3.4361e-14,0.049184,0.059828
-3.2202e-14,0.049224,0.05977
-3.002e-14,0.049266,0.059714
-2.7825e-14,0.049309,0.059659
-2.5625e-14,0.049354,0.059606
-2.343e-14,0.0494,0.059556
-2.1248e-14,0.049447,0.059507
-1.9087e-14,0.049496,0.059461
-1.6953e-14,0.049546,0.059418
-1.4854e-14,0.049597,0.059378
-1.2796e-14,0.049648,0.059341
-1.0786e-14,0.049701,0.059307
-8.8279e-15,0.049754,0.059277
-6.9281e-15,0.049808,0.059251
-5.0907e-15,0.049862,0.059229
-3.32e-15,0.049916,0.059211
-1.6195e-15,0.04997,0.059198
7.3737e-18,0.050025,0.05919
1.5579e-15,0.050079,0.059187
3.0296e-15,0.050133,0.059189
4.4206e-15,0.050187,0.059196
5.7293e-15,0.05024,0.059209
6.9545e-15,0.050292,0.059228
8.0954e-15,0.050344,0.059253
9.1515e-15,0.050395,0.059284
1.0123e-14,0.050445,0.059322
1.101e-14,0.050493,0.059366
1.1812e-14,0.050541,0.059416
1.2532e-14,0.050587,0.059474
1.3169e-14,0.050632,0.059538
1.3726e-14,0.050674,0.059608
1.4204e-14,0.050716,0.059686
1.4604e-14,0.050755,0.059771
1.493e-14,0.050792,0.059863
1.5182e-14,0.050828,0.059961
1.5365e-14,0.050861,0.060067
1.5479e-14,0.050892,0.060179
1.5529e-14,0.05092,0.060299
1.5516e-14,0.050946,0.060425
1.5444e-14,0.050969,0.060557
1.5316e-14,0.05099,0.060696
1.5135e-14,0.051008,0.060841
1.4904e-14,0.051023,0.060993
1.4627e-14,0.051036,0.06115
1.4306e-14,0.051045,0.061313
1.3945e-14,0.051051,0.061482
1.3547e-14,0.051055,0.061655
1.3116e-14,0.051055,0.061833
1.2654e-14,0.051052,0.062016
1.2166e-14,0.051046,0.062203
1.1653e-14,0.051037,0.062394
1.112e-14,0.051025,0.062588
1.0568e-14,0.051009,0.062785
1.0002e-14,0.05099,0.062984
9.424e-15,0.050969,0.063186
8.8367e-15,0.050944,0.06339
8.2429e-15,0.050916,0.063594
7.6452e-15,0.050884,0.063799
7.0461e-15,0.05085,0.064005
6.4479e-15,0.050813,0.06421
5.853e-15,0.050774,0.064415
5.2634e-15,0.050731,0.064618
4.6812e-15,0.050686,0.06482
4.1083e-15,0.050638,0.065019
3.5464e-15,0.050587,0.065216
2.9973e-15,0.050535,0.065409
2.4623e-15,0.05048,0.065599
1.943e-15,0.050423,0.065784
1.4406e-15,0.050364,0.065965
9.5615e-16,0.050303,0.066141
4.9079e-16,0.05024,0.066311
4.5374e-17,0.050176,0.066474
-3.7931e-16,0.050111,0.066632
-7.8261e-16,0.050045,0.066782
-1.164e-15,0.049977,0.066925
-1.5229e-15,0.049909,0.067061
-1.8592e-15,0.04984,0.067188
-2.1725e-15,0.049771,0.067307
-2.4627e-15,0.049702,0.067418
-2.7298e-15,0.049633,0.067519
-2.9739e-15,0.049564,0.067612
-3.195e-15,0.049496,0.067695
-3.3935e-15,0.049428,0.067768
-3.5696e-15,0.049361,0.067831
-3.7236e-15,0.049295,0.067885
-3.8561e-15,0.04923,0.067928
-3.9675e-15,0.049167,0.067961
-4.0583e-15,0.049105,0.067984
-4.1293e-15,0.049045,0.067997
-4.181e-15,0.048988,0.068
-4.2142e-15,0.048932,0.067992
-4.2296e-15,0.048879,0.067974
-4.2279e-15,0.048828,0.067946
-4.2101e-15,0.048779,0.067907
-4.1768e-15,0.048734,0.067859
-4.129e-15,0.048691,0.067802
-4.0676e-15,0.048651,0.067734
-3.9933e-15,0.048615,0.067658
-3.9072e-15,0.048582,0.067572
-3.81e-15,0.048551,0.067478
-3.7027e-15,0.048525,0.067375
-3.5862e-15,0.048501,0.067264
-3.4613e-15,0.048481,0.067145
-3.329e-15,0.048465,0.067018
-3.19e-15,0.048452,0.066884
-3.0452e-15,0.048442,0.066744
-2.8955e-15,0.048436,0.066597
-2.7417e-15,0.048433,0.066444
-2.5845e-15,0.048434,0.066286
-2.4248e-15,0.048438,0.066123
-2.2632e-15,0.048445,0.065955
-2.1004e-15,0.048456,0.065782
-1.9372e-15,0.048469,0.065607
-1.7742e-15,0.048486,0.065427
-1.612e-15,0.048506,0.065245
-1.4512e-15,0.048528,0.065061
-1.2924e-15,0.048553,0.064874
-1.136e-15,0.048581,0.064687
-9.8261e-16,0.048611,0.064498
-8.3262e-16,0.048644,0.064308
-6.8645e-16,0.048678,0.064119
-5.445e-16,0.048715,0.06393
-4.0711e-16,0.048753,0.063741
-2.746e-16,0.048793,0.063553
-1.4725e-16,0.048835,0.063367
-2.5306e-17,0.048877,0.063183
9.101e-17,0.048921,0.063001
2.0152e-16,0.048966,0.062821
3.0606e-16,0.049011,0.062644
4.0452e-16,0.049057,0.06247
4.9679e-16,0.049104,0.0623
5.8283e-16,0.04915,0.062133
6.6258e-16,0.049197,0.06197
7.3603e-16,0.049243,0.061811
8.032e-16,0.049289,0.061656
8.6412e-16,0.049334,0.061506
9.1885e-16,0.049379,0.06136
9.6747e-16,0.049423,0.06122
1.0101e-15,0.049466,0.061084
1.0468e-15,0.049507,0.060953
1.0778e-15,0.049547,0.060827
1.1031e-15,0.049586,0.060706
1.123e-15,0.049623,0.060591
1.1377e-15,0.049658,0.060481
1.1472e-15,0.049691,0.060376
1.152e-15,0.049722,0.060276
1.152e-15,0.049751,0.060182
1.1476e-15,0.049777,0.060093
1.139e-15,0.049801,0.060009
1.1264e-15,0.049823,0.059931
1.11e-15,0.049841,0.059858
1.0902e-15,0.049858,0.059789
1.067e-15,0.049871,0.059726
1.0409e-15,0.049882,0.059668
1.0119e-15,0.049889,0.059615
9.8046e-16,0.049894,0.059566
9.4667e-16,0.049896,0.059522
9.1082e-16,0.049895,0.059483
8.7315e-16,0.049892,0.059448
8.3387e-16,0.049885,0.059418
7.9322e-16,0.049875,0.059392
7.5143e-16,0.049863,0.05937
7.087e-16,0.049848,0.059352
6.6524e-16,0.04983,0.059337
6.2126e-16,0.049809,0.059326
5.7695e-16,0.049786,0.059319
5.3249e-16,0.04976,0.059316
4.8807e-16,0.049732,0.059315
4.4385e-16,0.049702,0.059318
3.9999e-16,0.049669,0.059323
3.5665e-16,0.049635,0.059331
3.1397e-16,0.049599,0.059342
2.7208e-16,0.049561,0.059355
2.3111e-16,0.049521,0.059371
1.9118e-16,0.04948,0.059389
1.5237e-16,0.049438,0.059409
1.1481e-16,0.049395,0.05943
7.8561e-17,0.049351,0.059454
4.3712e-17,0.049306,0.059478
1.0331e-17,0.049261,0.059505
-2.1524e-17,0.049216,0.059532
-5.18e-17,0.04917,0.059561
-8.0456e-17,0.049125,0.05959
-1.0746e-16,0.049079,0.059621
-1.3278e-16,0.049035,0.059652
-1.5639e-16,0.048991,0.059684
-1.783e-16,0.048948,0.059716
-1.9849e-16,0.048906,0.059749
-2.1697e-16,0.048865,0.059782
-2.3374e-16,0.048826,0.059816
-2.4883e-16,0.048789,0.05985
-2.6225e-16,0.048753,0.059884
-2.7402e-16,0.04872,0.059918
-2.8419e-16,0.048688,0.059952
-2.9278e-16,0.04866,0.059986
-2.9985e-16,0.048633,0.06002
-3.0542e-16,0.048609,0.060054
-3.0955e-16,0.048588,0.060088
-3.123e-16,0.04857,0.060122
-3.1371e-16,0.048556,0.060157
-3.1384e-16,0.048544,0.060191
-3.1276e-16,0.048535,0.060226
-3.1052e-16,0.04853,0.06026
-3.0719e-16,0.048528,0.060295
-3.0283e-16,0.04853,0.060331
-2.975e-16,0.048535,0.060366
-2.9128e-16,0.048544,0.060402
-2.8423e-16,0.048557,0.060439
-2.764e-16,0.048573,0.060476
-2.6788e-16,0.048592,0.060514
-2.5873e-16,0.048615,0.060552
-2.49e-16,0.048642,0.060592
-2.3877e-16,0.048672,0.060632
-2.281e-16,0.048705,0.060674
-2.1705e-16,0.048742,0.060716
-2.0568e-16,0.048782,0.06076
-1.9405e-16,0.048825,0.060805
-1.8222e-16,0.048872,0.060851
-1.7023e-16,0.048921,0.060899
-1.5815e-16,0.048973,0.060948
-1.4603e-16,0.049027,0.060999
-1.3391e-16,0.049084,0.061051
-1.2185e-16,0.049143,0.061106
-1.0988e-16,0.049204,0.061161
-9.8043e-17,0.049267,0.061219
-8.6385e-17,0.049332,0.061278
-7.4942e-17,0.049398,0.061339
-6.3745e-17,0.049465,0.061402
-5.2828e-17,0.049533,0.061467
-4.2219e-17,0.049602,0.061533
-3.1945e-17,0.049671,0.061602
-2.203e-17,0.04974,0.061672
-1.2495e-17,0.04981,0.061743
-3.3599e-18,0.049879,0.061816
5.3592e-18,0.049947,0.061891
1.3648e-17,0.050014,0.061967
2.1494e-17,0.05008,0.062045
2.8888e-17,0.050145,0.062123
3.5823e-17,0.050208,0.062203
4.2293e-17,0.050269,0.062284
4.8295e-17,0.050328,0.062366
5.3826e-17,0.050384,0.062449
5.8889e-17,0.050437,0.062532
6.3485e-17,0.050487,0.062616
6.7618e-17,0.050534,0.0627
7.1294e-17,0.050577,0.062785
7.4519e-17,0.050617,0.062869
7.7302e-17,0.050652,0.062953
7.9654e-17,0.050684,0.063037
8.1584e-17,0.05071,0.06312
8.3106e-17,0.050732,0.063202
8.4231e-17,0.05075,0.063284
8.4975e-17,0.050762,0.063364
8.5351e-17,0.05077,0.063443
8.5376e-17,0.050772,0.063521
8.5066e-17,0.050769,0.063597
8.4437e-17,0.05076,0.063671
8.3507e-17,0.050746,0.063743
8.2294e-17,0.050726,0.063813
8.0814e-17,0.050701,0.06388
7.9087e-17,0.050671,0.063945
7.713e-17,0.050635,0.064008
7.4961e-17,0.050593,0.064067
7.2599e-17,0.050546,0.064124
7.0062e-17,0.050494,0.064178
6.7368e-17,0.050436,0.064228
6.4535e-17,0.050373,0.064275
6.158e-17,0.050305,0.064319
5.852e-17,0.050232,0.06436
5.5372e-17,0.050155,0.064397
5.2152e-17,0.050073,0.064431
4.8877e-17,0.049986,0.064461
4.5561e-17,0.049895,0.064487
4.222e-17,0.049801,0.06451
3.8868e-17,0.049703,0.064528
3.5518e-17,0.049602,0.064544
3.2184e-17,0.049497,0.064555
2.8878e-17,0.04939,0.064563
2.5611e-17,0.04928,0.064568
2.2396e-17,0.049169,0.064568
1.9242e-17,0.049055,0.064565
1.6159e-17,0.04894,0.064559
1.3156e-17,0.048824,0.064548
1.0242e-17,0.048707,0.064535
7.4238e-18,0.04859,0.064518
4.7085e-18,0.048473,0.064497
2.1025e-18,0.048356,0.064474
-3.8859e-19,0.04824,0.064447
-2.76e-18,0.048125,0.064416
-5.0075e-18,0.048012,0.064383
-7.1274e-18,0.0479,0.064347
-9.1169e-18,0.04779,0.064308
-1.0974e-17,0.047683,0.064266
-1.2696e-17,0.047579,0.064221
-1.4282e-17,0.047478,0.064174
-1.5733e-17,0.047381,0.064124
-1.7047e-17,0.047287,0.064071
-1.8225e-17,0.047198,0.064017
-1.9268e-17,0.047113,0.06396
-2.0178e-17,0.047033,0.0639
-2.0956e-17,0.046958,0.063839
-2.1606e-17,0.046888,0.063776
-2.2128e-17,0.046824,0.063711
-2.2527e-17,0.046766,0.063644
-2.2806e-17,0.046713,0.063576
-2.2969e-17,0.046666,0.063506
-2.3019e-17,0.046626,0.063435
-2.2962e-17,0.046592,0.063362
-2.2801e-17,0.046564,0.063289
-2.2541e-17,0.046543,0.063214
-2.2187e-17,0.046529,0.063138
-2.1745e-17,0.046522,0.063062
-2.1219e-17,0.046521,0.062985
-2.0616e-17,0.046527,0.062907
-1.994e-17,0.04654,0.062829
-1.9197e-17,0.046559,0.06275
-1.8392e-17,0.046585,0.062672
-1.7533e-17,0.046618,0.062593
-1.6623e-17,0.046658,0.062515
-1.567e-17,0.046704,0.062436
-1.4678e-17,0.046756,0.062358
-1.3653e-17,0.046814,0.06228
-1.2602e-17,0.046879,0.062203
-1.1529e-17,0.046949,0.062127
-1.044e-17,0.047025,0.062051
-9.3403e-18,0.047107,0.061977
-8.2355e-18,0.047194,0.061903
-7.1307e-18,0.047285,0.061831
-6.0308e-18,0.047382,0.06176
-4.9409e-18,0.047483,0.061691
-3.8657e-18,0.047589,0.061623
-2.8099e-18,0.047698,0.061557
-1.7777e-18,0.047812,0.061493
-7.736e-19,0.047929,0.06143
1.9841e-19,0.048049,0.06137
1.1344e-18,0.048172,0.061313
2.0307e-18,0.048297,0.061257
2.8839e-18,0.048425,0.061204
3.6905e-18,0.048555,0.061153
4.4477e-18,0.048686,0.061106
5.1524e-18,0.048819,0.06106
5.8022e-18,0.048953,0.061018
6.3946e-18,0.049087,0.060979
6.9274e-18,0.049222,0.060943
7.3987e-18,0.049357,0.06091
7.8068e-18,0.049492,0.06088
8.1502e-18,0.049626,0.060853
8.4278e-18,0.04976,0.06083
8.6385e-18,0.049892,0.06081
8.7817e-18,0.050024,0.060794
8.8567e-18,0.050153,0.060781
8.8634e-18,0.05028,0.060772
8.8018e-18,0.050406,0.060766
8.6721e-18,0.050528,0.060764
8.4748e-18,0.050648,0.060766
8.2105e-18,0.050765,0.060771
7.8803e-18,0.050879,0.06078
7.4854e-18,0.05099,0.060793
7.0272e-18,0.051096,0.060809
6.5074e-18,0.051199,0.060829
5.9278e-18,0.051298,0.060853
5.2908e-18,0.051392,0.06088
4.5986e-18,0.051483,0.06091
3.8538e-18,0.051568,0.060944
3.0592e-18,0.051649,0.060982
2.218e-18,0.051725,0.061023
1.3333e-18,0.051796,0.061067
4.0865e-19,0.051861,0.061114
-5.5233e-19,0.051922,0.061165
-1.5458e-18,0.051977,0.061218
-2.5676e-18,0.052027,0.061275
-3.6136e-18,0.052071,0.061334
-4.6793e-18,0.05211,0.061397
-5.7603e-18,0.052144,0.061461
-6.8516e-18,0.052171,0.061529
-7.9485e-18,0.052193,0.061599
-9.046e-18,0.05221,0.061671
-1.0139e-17,0.052221,0.061745
-1.1222e-17,0.052226,0.061822
-1.229e-17,0.052226,0.0619
-1.3337e-17,0.05222,0.06198
-1.4357e-17,0.052209,0.062062
-1.5347e-17,0.052193,0.062145
-1.6298e-17,0.052171,0.062229
-1.7207e-17,0.052144,0.062315
-1.8066e-17,0.052112,0.062402
-1.8871e-17,0.052076,0.06249
-1.9616e-17,0.052034,0.062578
-2.0296e-17,0.051988,0.062667
-2.0904e-17,0.051937,0.062757
-2.1435e-17,0.051882,0.062846
-2.1884e-17,0.051823,0.062936
-2.2245e-17,0.05176,0.063026
-2.2515e-17,0.051693,0.063116
-2.2687e-17,0.051623,0.063205
-2.2756e-17,0.051549,0.063294
-2.2719e-17,0.051473,0.063382
-2.2571e-17,0.051393,0.063469
-2.2309e-17,0.051311,0.063555
-2.1927e-17,0.051226,0.063641
-2.1424e-17,0.051139,0.063725
-2.0795e-17,0.05105,0.063808
-2.0039e-17,0.050959,0.063889
-1.9153e-17,0.050867,0.063968
-1.8134e-17,0.050774,0.064046
-1.6982e-17,0.05068,0.064122
-1.5696e-17,0.050585,0.064196
-1.4275e-17,0.050489,0.064267
-1.2719e-17,0.050393,0.064337
-1.1028e-17,0.050298,0.064404
-9.2044e-18,0.050202,0.064468
-7.2489e-18,0.050107,0.06453
-5.164e-18,0.050012,0.064589
-2.9526e-18,0.049919,0.064646
-6.1818e-19,0.049826,0.064699
1.8352e-18,0.049735,0.06475
4.4026e-18,0.049646,0.064797
7.0787e-18,0.049558,0.064841
9.8574e-18,0.049472,0.064882
1.2732e-17,0.049388,0.06492
1.5694e-17,0.049306,0.064954
1.8737e-17,0.049227,0.064985
2.1851e-17,0.049151,0.065013
2.5026e-17,0.049077,0.065036
2.8253e-17,0.049006,0.065057
3.152e-17,0.048938,0.065074
3.4816e-17,0.048873,0.065087
3.8128e-17,0.048811,0.065096
4.1444e-17,0.048753,0.065102
4.475e-17,0.048698,0.065105
4.8033e-17,0.048646,0.065103
5.1276e-17,0.048598,0.065098
5.4466e-17,0.048553,0.06509
5.7586e-17,0.048512,0.065078
6.0621e-17,0.048474,0.065062
6.3554e-17,0.048439,0.065043
6.6367e-17,0.048408,0.065021
6.9044e-17,0.048381,0.064995
7.1567e-17,0.048357,0.064966
7.3919e-17,0.048336,0.064933
7.6081e-17,0.048319,0.064898
7.8035e-17,0.048304,0.064859
7.9763e-17,0.048293,0.064817
8.1248e-17,0.048285,0.064773
8.2472e-17,0.04828,0.064726
8.3416e-17,0.048277,0.064676
8.4064e-17,0.048277,0.064623
8.4398e-17,0.048279,0.064568
8.4402e-17,0.048284,0.064511
8.406e-17,0.048291,0.064451
8.3356e-17,0.0483,0.06439
8.2275e-17,0.04831,0.064326
8.0805e-17,0.048322,0.064261
7.893e-17,0.048336,0.064194
7.6641e-17,0.048351,0.064125
7.3925e-17,0.048367,0.064055
7.0772e-17,0.048384,0.063984
6.7175e-17,0.048401,0.063911
6.3127e-17,0.04842,0.063837
5.8621e-17,0.048438,0.063763
5.3653e-17,0.048457,0.063687
4.8222e-17,0.048475,0.063611
4.2326e-17,0.048493,0.063534
3.5967e-17,0.048511,0.063456
2.9148e-17,0.048529,0.063378
2.1875e-17,0.048545,0.0633
1.4153e-17,0.048561,0.063221
5.9931e-18,0.048576,0.063142
-2.5935e-18,0.048589,0.063063
-1.1593e-17,0.048602,0.062984
-2.0988e-17,0.048613,0.062905
-3.0762e-17,0.048622,0.062826
-4.0892e-17,0.04863,0.062747
-5.1356e-17,0.048636,0.062668
-6.2126e-17,0.04864,0.06259
-7.3175e-17,0.048643,0.062511
-8.4472e-17,0.048644,0.062433
-9.5982e-17,0.048642,0.062356
-1.0767e-16,0.048639,0.062278
-1.195e-16,0.048634,0.062201
-1.3142e-16,0.048627,0.062124
-1.434e-16,0.048619,0.062048
-1.5539e-16,0.048608,0.061972
-1.6734e-16,0.048595,0.061896
-1.7919e-16,0.048581,0.061821
-1.9091e-16,0.048565,0.061747
-2.0243e-16,0.048547,0.061672
-2.1369e-16,0.048528,0.061599
-2.2465e-16,0.048507,0.061526
-2.3523e-16,0.048485,0.061453
-2.4539e-16,0.048461,0.061381
-2.5504e-16,0.048437,0.061309
-2.6414e-16,0.048411,0.061239
-2.7262e-16,0.048385,0.061168
-2.8042e-16,0.048358,0.061099
-2.8746e-16,0.04833,0.06103
-2.9368e-16,0.048302,0.060962
-2.9902e-16,0.048274,0.060895
-3.0341e-16,0.048245,0.060828
-3.0679e-16,0.048217,0.060763
-3.0909e-16,0.048189,0.060698
-3.1026e-16,0.048162,0.060635
-3.1023e-16,0.048135,0.060572
-3.0894e-16,0.048109,0.060511
-3.0633e-16,0.048084,0.060451
-3.0236e-16,0.048061,0.060392
-2.9697e-16,0.048038,0.060334
-2.9011e-16,0.048017,0.060278
-2.8174e-16,0.047998,0.060223
-2.7182e-16,0.047981,0.06017
-2.603e-16,0.047966,0.060118
-2.4717e-16,0.047953,0.060068
-2.3239e-16,0.047942,0.06002
-2.1594e-16,0.047934,0.059973
-1.9781e-16,0.047928,0.059929
-1.7798e-16,0.047925,0.059886
-1.5646e-16,0.047924,0.059846
-1.3325e-16,0.047927,0.059807
-1.0835e-16,0.047932,0.059771
-8.1789e-17,0.047941,0.059737
-5.3588e-17,0.047952,0.059706
-2.3782e-17,0.047967,0.059676
7.5879e-18,0.047984,0.05965
4.0472e-17,0.048005,0.059626
7.4812e-17,0.048029,0.059604
1.1054e-16,0.048057,0.059585
1.4758e-16,0.048087,0.059569
1.8585e-16,0.04812,0.059555
2.2525e-16,0.048157,0.059544
2.6568e-16,0.048196,0.059536
3.0702e-16,0.048239,0.059531
3.4916e-16,0.048284,0.059528
3.9197e-16,0.048332,0.059528
4.3529e-16,0.048382,0.059531
4.7899e-16,0.048435,0.059537
5.229e-16,0.048491,0.059546
5.6686e-16,0.048549,0.059557
6.1069e-16,0.048609,0.059571
6.5421e-16,0.04867,0.059588
6.9723e-16,0.048734,0.059607
7.3955e-16,0.048799,0.059628
7.8096e-16,0.048866,0.059653
8.2125e-16,0.048934,0.059679
8.602e-16,0.049003,0.059708
8.9759e-16,0.049073,0.059739
9.3319e-16,0.049143,0.059773
9.6677e-16,0.049215,0.059808
9.9809e-16,0.049286,0.059845
1.0269e-15,0.049358,0.059884
1.053e-15,0.049429,0.059925
1.0761e-15,0.0495,0.059968
1.0961e-15,0.049571,0.060012
1.1125e-15,0.049641,0.060058
1.1253e-15,0.04971,0.060105
1.1341e-15,0.049778,0.060153
1.1388e-15,0.049845,0.060202
1.1391e-15,0.04991,0.060253
1.1349e-15,0.049974,0.060304
1.1258e-15,0.050036,0.060356
1.1117e-15,0.050097,0.060409
1.0925e-15,0.050155,0.060463
1.0679e-15,0.050211,0.060517
1.0377e-15,0.050265,0.060572
1.0019e-15,0.050316,0.060627
9.6022e-16,0.050365,0.060682
9.1264e-16,0.050411,0.060738
8.5902e-16,0.050454,0.060794
7.9929e-16,0.050495,0.06085
7.3338e-16,0.050532,0.060906
6.6126e-16,0.050567,0.060963
5.8292e-16,0.050599,0.061019
4.9836e-16,0.050628,0.061075
4.0762e-16,0.050653,0.061132
3.1077e-16,0.050676,0.061188
2.0789e-16,0.050695,0.061244
9.9105e-17,0.050711,0.0613
-1.5438e-17,0.050725,0.061356
-1.3556e-16,0.050735,0.061412
-2.6105e-16,0.050742,0.061467
-3.9166e-16,0.050746,0.061523
-5.2712e-16,0.050747,0.061578
-6.6711e-16,0.050746,0.061633
-8.1131e-16,0.050741,0.061689
-9.5932e-16,0.050734,0.061744
-1.1107e-15,0.050724,0.061799
-1.2651e-15,0.050712,0.061853
-1.422e-15,0.050697,0.061908
-1.5809e-15,0.05068,0.061962
-1.7411e-15,0.050661,0.062017
-1.9023e-15,0.050639,0.062071
-2.0636e-15,0.050615,0.062125
-2.2246e-15,0.05059,0.06218
-2.3845e-15,0.050562,0.062233
-2.5426e-15,0.050533,0.062287
-2.6983e-15,0.050502,0.062341
-2.8507e-15,0.05047,0.062394
-2.999e-15,0.050437,0.062448
-3.1426e-15,0.050402,0.062501
-3.2805e-15,0.050366,0.062554
-3.4119e-15,0.050329,0.062606
-3.536e-15,0.050292,0.062658
-3.6519e-15,0.050253,0.06271
-3.7588e-15,0.050214,0.062762
-3.8557e-15,0.050174,0.062812
-3.9418e-15,0.050134,0.062863
-4.0162e-15,0.050093,0.062913
-4.078e-15,0.050052,0.062962
-4.1264e-15,0.05001,0.06301
-4.1605e-15,0.049969,0.063058
-4.1794e-15,0.049927,0.063104
-4.1824e-15,0.049885,0.06315
-4.1686e-15,0.049843,0.063194
-4.1372e-15,0.049802,0.063238
-4.0876e-15,0.04976,0.06328
-4.019e-15,0.049718,0.063321
-3.9308e-15,0.049677,0.06336
-3.8224e-15,0.049636,0.063398
-3.6931e-15,0.049595,0.063435
-3.5426e-15,0.049554,0.06347
-3.3703e-15,0.049514,0.063502
-3.1759e-15,0.049473,0.063534
-2.959e-15,0.049433,0.063563
-2.7196e-15,0.049394,0.06359
-2.4573e-15,0.049354,0.063615
-2.1722e-15,0.049315,0.063638
-1.8643e-15,0.049276,0.063659
-1.5337e-15,0.049238,0.063677
-1.1806e-15,0.049199,0.063694
-8.0533e-16,0.049161,0.063707
-4.0833e-16,0.049123,0.063719
9.8685e-18,0.049086,0.063728
4.4862e-16,0.049048,0.063734
9.0716e-16,0.049011,0.063739
1.3846e-15,0.048974,0.06374
1.88e-15,0.048938,0.063739
2.3921e-15,0.048902,0.063736
2.9198e-15,0.048865,0.06373
3.4617e-15,0.04883,0.063722
4.0163e-15,0.048794,0.063711
4.5819e-15,0.048759,0.063698
5.1569e-15,0.048724,0.063682
5.7393e-15,0.04869,0.063665
6.3272e-15,0.048656,0.063644
6.9184e-15,0.048622,0.063622
7.5108e-15,0.048589,0.063598
8.102e-15,0.048556,0.063571
8.6895e-15,0.048524,0.063543
9.2708e-15,0.048493,0.063513
9.8433e-15,0.048462,0.063481
1.0404e-14,0.048432,0.063447
1.0951e-14,0.048402,0.063411
1.148e-14,0.048374,0.063374
1.1988e-14,0.048346,0.063336
1.2473e-14,0.048319,0.063296
1.2932e-14,0.048294,0.063255
1.3361e-14,0.048269,0.063213
1.3757e-14,0.048246,0.06317
1.4117e-14,0.048224,0.063126
1.4438e-14,0.048204,0.063082
1.4715e-14,0.048185,0.063036
1.4948e-14,0.048168,0.06299
1.5131e-14,0.048152,0.062944
1.5262e-14,0.048138,0.062897
1.5337e-14,0.048126,0.06285
1.5355e-14,0.048116,0.062803
1.5311e-14,0.048108,0.062755
1.5203e-14,0.048102,0.062708
1.5028e-14,0.048098,0.062661
1.4784e-14,0.048097,0.062613
1.4469e-14,0.048098,0.062567
1.4079e-14,0.048102,0.06252
1.3613e-14,0.048108,0.062474
1.3069e-14,0.048116,0.062428
1.2445e-14,0.048127,0.062383
1.174e-14,0.048141,0.062338
1.0953e-14,0.048158,0.062294
1.0083e-14,0.048177,0.06225
9.1298e-15,0.0482,0.062207
8.0924e-15,0.048225,0.062165
6.9712e-15,0.048252,0.062123
5.7666e-15,0.048283,0.062082
4.4793e-15,0.048316,0.062042
3.1106e-15,0.048353,0.062003
1.6619e-15,0.048392,0.061964
1.3508e-16,0.048433,0.061926
-1.4674e-15,0.048478,0.061889
-3.1429e-15,0.048525,0.061852
-4.8882e-15,0.048574,0.061816
-6.6996e-15,0.048626,0.061781
-8.5732e-15,0.048681,0.061746
-1.0504e-14,0.048738,0.061712
-1.2488e-14,0.048797,0.061679
-1.4519e-14,0.048858,0.061646
-1.6591e-14,0.048921,0.061614
-1.8698e-14,0.048986,0.061582
-2.0834e-14,0.049053,0.06155
-2.299e-14,0.049122,0.061519
-2.5159e-14,0.049192,0.061489
-2.7334e-14,0.049263,0.061459
-2.9505e-14,0.049335,0.061429
-3.1664e-14,0.049409,0.061399
-3.3801e-14,0.049483,0.06137
-3.5906e-14,0.049558,0.061341
-3.797e-14,0.049633,0.061312
-3.9982e-14,0.049709,0.061283
-4.1931e-14,0.049785,0.061255
-4.3807e-14,0.049861,0.061226
-4.5598e-14,0.049937,0.061198
-4.7293e-14,0.050012,0.06117
-4.888e-14,0.050087,0.061142
-5.0348e-14,0.05016,0.061114
-5.1684e-14,0.050233,0.061086
-5.2877e-14,0.050305,0.061059
-5.3915e-14,0.050376,0.061031
-5.4787e-14,0.050445,0.061004
-5.5479e-14,0.050512,0.060976
-5.5981e-14,0.050578,0.060949
-5.6282e-14,0.050642,0.060922
-5.637e-14,0.050704,0.060895
-5.6234e-14,0.050763,0.060868
-5.5864e-14,0.05082,0.060841
-5.525e-14,0.050875,0.060815
-5.4382e-14,0.050927,0.060789
-5.3252e-14,0.050976,0.060763
-5.1851e-14,0.051022,0.060737
-5.0171e-14,0.051066,0.060712
-4.8205e-14,0.051106,0.060687
-4.5948e-14,0.051143,0.060662
-4.3394e-14,0.051177,0.060638
-4.0538e-14,0.051208,0.060615
-3.7378e-14,0.051235,0.060592
-3.3912e-14,0.051259,0.060569
-3.0137e-14,0.051279,0.060548
-2.6055e-14,0.051297,0.060527
-2.1666e-14,0.05131,0.060506
-1.6974e-14,0.051321,0.060487
-1.1982e-14,0.051327,0.060468
-6.6952e-15,0.051331,0.06045
-1.1215e-15,0.051331,0.060433
4.7312e-15,0.051327,0.060417
1.0853e-14,0.05132,0.060403
1.7232e-14,0.05131,0.060389
2.3856e-14,0.051297,0.060376
3.071e-14,0.05128,0.060365
3.7776e-14,0.051261,0.060354
4.5038e-14,0.051238,0.060345
5.2476e-14,0.051213,0.060338
6.0067e-14,0.051184,0.060331
6.779e-14,0.051153,0.060326
7.5618e-14,0.05112,0.060323
8.3526e-14,0.051083,0.060321
9.1486e-14,0.051045,0.06032
9.9468e-14,0.051004,0.060321
1.0744e-13,0.050961,0.060324
1.1537e-13,0.050916,0.060328
1.2323e-13,0.050869,0.060333
1.3097e-13,0.050821,0.06034
1.3856e-13,0.050771,0.060349
1.4597e-13,0.050719,0.06036
1.5316e-13,0.050666,0.060372
1.6007e-13,0.050612,0.060386
1.6669e-13,0.050558,0.060402
1.7295e-13,0.050502,0.060419
1.7882e-13,0.050446,0.060438
1.8426e-13,0.050389,0.060459
1.8922e-13,0.050332,0.060482
1.9366e-13,0.050274,0.060506
1.9753e-13,0.050217,0.060532
2.008e-13,0.05016,0.06056
2.0341e-13,0.050103,0.06059
2.0534e-13,0.050047,0.060621
2.0652e-13,0.049991,0.060654
2.0693e-13,0.049936,0.060689
2.0652e-13,0.049882,0.060725
2.0526e-13,0.049829,0.060764
2.0311e-13,0.049778,0.060803
2.0003e-13,0.049728,0.060845
1.9598e-13,0.049679,0.060888
1.9095e-13,0.049632,0.060932
1.849e-13,0.049587,0.060979
1.778e-13,0.049543,0.061026
1.6963e-13,0.049502,0.061075
1.6037e-13,0.049463,0.061126
1.5001e-13,0.049426,0.061177
1.3853e-13,0.049391,0.06123
1.2593e-13,0.049359,0.061284
1.122e-13,0.049329,0.06134
9.7335e-14,0.049301,0.061396
8.1347e-14,0.049277,0.061453
6.4243e-14,0.049255,0.061512
4.6037e-14,0.049236,0.061571
2.6748e-14,0.049219,0.061631
6.4013e-15,0.049206,0.061691
-1.4973e-14,0.049195,0.061752
-3.734e-14,0.049187,0.061814
-6.0657e-14,0.049181,0.061876
-8.4876e-14,0.049179,0.061939
-1.0995e-13,0.049179,0.062002
-1.358e-13,0.049182,0.062065
-1.6239e-13,0.049188,0.062128
-1.8962e-13,0.049196,0.062192
-2.1743e-13,0.049207,0.062255
-2.4573e-13,0.049221,0.062318
-2.7443e-13,0.049237,0.062381
-3.0344e-13,0.049255,0.062444
-3.3264e-13,0.049276,0.062507
-3.6194e-13,0.049299,0.062569
-3.9121e-13,0.049324,0.062632
-4.2035e-13,0.049351,0.062693
-4.4922e-13,0.049379,0.062754
-4.777e-13,0.04941,0.062815
-5.0564e-13,0.049442,0.062875
-5.3292e-13,0.049475,0.062935
-5.5939e-13,0.04951,0.062994
-5.8489e-13,0.049546,0.063053
-6.0929e-13,0.049583,0.063111
-6.3243e-13,0.049621,0.063169
-6.5415e-13,0.049659,0.063226
-6.7429e-13,0.049698,0.063282
-6.927e-13,0.049738,0.063338
-7.0921e-13,0.049778,0.063393
-7.2367e-13,0.049817,0.063448
-7.3591e-13,0.049857,0.063503
-7.4578e-13,0.049897,0.063556
-7.5312e-13,0.049936,0.06361
-7.5778e-13,0.049975,0.063662
-7.596e-13,0.050012,0.063715
-7.5844e-13,0.05005,0.063767
-7.5416e-13,0.050086,0.063818
-7.4661e-13,0.050121,0.063869
-7.3568e-13,0.050155,0.06392
-7.2123e-13,0.050187,0.06397
-7.0315e-13,0.050218,0.06402
-6.8134e-13,0.050247,0.06407
-6.557e-13,0.050275,0.064119
-6.2615e-13,0.050301,0.064168
-5.9261e-13,0.050325,0.064216
-5.5502e-13,0.050347,0.064264
-5.1334e-13,0.050367,0.064311
-4.6753e-13,0.050385,0.064358
-4.1757e-13,0.050401,0.064404
-3.6346e-13,0.050414,0.06445
-3.0522e-13,0.050426,0.064495
-2.4288e-13,0.050435,0.064539
-1.7649e-13,0.050441,0.064583
-1.0611e-13,0.050446,0.064625
-3.1839e-14,0.050448,0.064667
4.6218e-14,0.050448,0.064708
1.2793e-13,0.050446,0.064748
2.1315e-13,0.050441,0.064786
3.0171e-13,0.050435,0.064823
3.934e-13,0.050426,0.064859
4.8802e-13,0.050415,0.064893
5.8533e-13,0.050402,0.064926
6.8506e-13,0.050387,0.064957
7.8693e-13,0.05037,0.064986
8.9064e-13,0.050352,0.065013
9.9585e-13,0.050332,0.065038
1.1022e-12,0.05031,0.065061
1.2094e-12,0.050286,0.065081
1.3169e-12,0.050261,0.065099
1.4244e-12,0.050235,0.065114
1.5314e-12,0.050208,0.065127
1.6375e-12,0.05018,0.065137
1.7422e-12,0.05015,0.065143
1.8451e-12,0.05012,0.065147
1.9455e-12,0.050089,0.065148
2.043e-12,0.050057,0.065145
2.137e-12,0.050025,0.065139
2.2271e-12,0.049993,0.065129
2.3125e-12,0.04996,0.065116
2.3929e-12,0.049927,0.065099
2.4675e-12,0.049895,0.065078
2.5358e-12,0.049862,0.065054
2.5972e-12,0.049829,0.065026
2.6511e-12,0.049797,0.064993
2.6969e-12,0.049766,0.064957
2.7342e-12,0.049735,0.064917
2.7622e-12,0.049704,0.064872
2.7803e-12,0.049675,0.064824
2.7882e-12,0.049646,0.064771
2.7852e-12,0.049618,0.064714
2.7707e-12,0.049591,0.064654
2.7443e-12,0.049566,0.064588
2.7056e-12,0.049541,0.064519
2.654e-12,0.049518,0.064446
2.5891e-12,0.049497,0.064369
2.5106e-12,0.049476,0.064287
2.418e-12,0.049457,0.064202
2.3111e-12,0.04944,0.064113
2.1896e-12,0.049424,0.06402
2.0532e-12,0.04941,0.063923
1.9019e-12,0.049397,0.063822
1.7353e-12,0.049386,0.063718
1.5536e-12,0.049377,0.063611
1.3567e-12,0.049369,0.0635
1.1445e-12,0.049363,0.063386
9.1731e-13,0.049359,0.063269
6.752e-13,0.049356,0.063149
4.1843e-13,0.049355,0.063027
1.4733e-13,0.049355,0.062901
-1.3771e-13,0.049357,0.062774
-4.3624e-13,0.04936,0.062644
-7.477e-13,0.049365,0.062512
-1.0715e-12,0.049371,0.062378
-1.4069e-12,0.049379,0.062242
-1.7531e-12,0.049388,0.062105
-2.1092e-12,0.049398,0.061967
-2.4744e-12,0.049409,0.061828
-2.8476e-12,0.049422,0.061687
-3.2276e-12,0.049435,0.061547
-3.6132e-12,0.04945,0.061406
-4.0033e-12,0.049465,0.061264
-4.3964e-12,0.049481,0.061123
-4.791e-12,0.049497,0.060982
-5.1857e-12,0.049514,0.060842
-5.5789e-12,0.049532,0.060703
-5.9689e-12,0.04955,0.060564
-6.3539e-12,0.049568,0.060427
-6.7322e-12,0.049587,0.060291
-7.1019e-12,0.049606,0.060158
-7.4611e-12,0.049624,0.060026
-7.8079e-12,0.049643,0.059896
-8.1401e-12,0.049661,0.059769
-8.4557e-12,0.049679,0.059644
-8.7527e-12,0.049697,0.059523
-9.029e-12,0.049714,0.059405
-9.2823e-12,0.04973,0.059289
-9.5106e-12,0.049746,0.059178
-9.7116e-12,0.049761,0.05907
-9.8833e-12,0.049775,0.058966
-1.0024e-11,0.049789,0.058867
-1.013e-11,0.049801,0.058771
-1.0201e-11,0.049812,0.05868
-1.0234e-11,0.049822,0.058594
-1.0227e-11,0.049831,0.058513
-1.0179e-11,0.049839,0.058436
-1.0087e-11,0.049845,0.058364
-9.9497e-12,0.04985,0.058298
-9.7655e-12,0.049854,0.058237
-9.5327e-12,0.049856,0.058181
-9.2499e-12,0.049857,0.058131
-8.9158e-12,0.049856,0.058086
-8.5292e-12,0.049854,0.058047
-8.089e-12,0.049851,0.058013
-7.5945e-12,0.049845,0.057985
-7.0449e-12,0.049839,0.057963
-6.4397e-12,0.049831,0.057946
-5.7787e-12,0.049821,0.057935
-5.0618e-12,0.04981,0.057929
-4.2891e-12,0.049798,0.05793
-3.4611e-12,0.049784,0.057936
-2.5782e-12,0.049768,0.057947
-1.6415e-12,0.049752,0.057964
-6.5201e-13,0.049734,0.057986
3.8884e-13,0.049715,0.058014
1.4794e-12,0.049695,0.058047
2.6176e-12,0.049674,0.058085
3.8014e-12,0.049652,0.058128
5.028e-12,0.049628,0.058176
6.2947e-12,0.049605,0.058229
7.5983e-12,0.04958,0.058287
8.9354e-12,0.049554,0.058349
1.0302e-11,0.049529,0.058415
1.1695e-11,0.049502,0.058485
1.3108e-11,0.049475,0.05856
1.4539e-11,0.049448,0.058638
1.5981e-11,0.049421,0.05872
1.7429e-11,0.049394,0.058805
1.8878e-11,0.049367,0.058893
2.0322e-11,0.04934,0.058984
2.1756e-11,0.049314,0.059078
2.3171e-11,0.049288,0.059175
2.4563e-11,0.049262,0.059274
2.5924e-11,0.049237,0.059375
2.7247e-11,0.049213,0.059477
2.8525e-11,0.04919,0.059582
2.9751e-11,0.049168,0.059687
3.0917e-11,0.049147,0.059794
3.2015e-11,0.049128,0.059902
3.3038e-11,0.049109,0.06001
3.3977e-11,0.049093,0.060119
3.4826e-11,0.049078,0.060228
3.5575e-11,0.049064,0.060336
3.6217e-11,0.049053,0.060444
3.6745e-11,0.049043,0.060552
3.715e-11,0.049035,0.060658
3.7424e-11,0.049029,0.060764
3.7561e-11,0.049026,0.060868
3.7553e-11,0.049024,0.060971
3.7393e-11,0.049025,0.061072
3.7073e-11,0.049029,0.06117
3.6588e-11,0.049034,0.061267
3.593e-11,0.049043,0.061361
3.5096e-11,0.049053,0.061452
3.4078e-11,0.049066,0.061541
3.2872e-11,0.049082,0.061626
3.1474e-11,0.0491,0.061708
2.988e-11,0.049121,0.061787
2.8086e-11,0.049145,0.061862
2.6091e-11,0.049171,0.061933
2.3892e-11,0.049199,0.062001
2.1488e-11,0.049231,0.062064
1.8879e-11,0.049264,0.062123
1.6065e-11,0.049301,0.062178
1.3047e-11,0.049339,0.062229
9.828e-12,0.04938,0.062275
6.4108e-12,0.049424,0.062316
2.7993e-12,0.04947,0.062353
-1.0012e-12,0.049517,0.062385
-4.9849e-12,0.049568,0.062412
-9.1446e-12,0.04962,0.062435
-1.3472e-11,0.049674,0.062452
-1.7958e-11,0.04973,0.062465
-2.2593e-11,0.049788,0.062473
-2.7364e-11,0.049847,0.062477
-3.2259e-11,0.049908,0.062475
-3.7266e-11,0.049971,0.062469
-4.2368e-11,0.050035,0.062458
-4.7549e-11,0.0501,0.062442
-5.2794e-11,0.050166,0.062422
-5.8084e-11,0.050234,0.062398
-6.3399e-11,0.050302,0.062369
-6.8719e-11,0.05037,0.062335
-7.4024e-11,0.05044,0.062298
-7.929e-11,0.050509,0.062256
-8.4496e-11,0.050579,0.062211
-8.9615e-11,0.050649,0.062162
-9.4625e-11,0.050719,0.062109
-9.9498e-11,0.050789,0.062053
-1.0421e-10,0.050859,0.061993
-1.0873e-10,0.050928,0.06193
-1.1304e-10,0.050997,0.061864
-1.171e-10,0.051065,0.061796
-1.2088e-10,0.051131,0.061725
-1.2437e-10,0.051197,0.061651
-1.2752e-10,0.051262,0.061576
-1.3031e-10,0.051326,0.061498
-1.3271e-10,0.051388,0.061419
-1.347e-10,0.051448,0.061338
-1.3623e-10,0.051507,0.061255
-1.373e-10,0.051563,0.061171
-1.3785e-10,0.051618,0.061087
-1.3788e-10,0.051671,0.061002
-1.3736e-10,0.051721,0.060916
-1.3625e-10,0.051769,0.06083
-1.3453e-10,0.051815,0.060743
-1.3219e-10,0.051858,0.060657
-1.292e-10,0.051898,0.060571
-1.2554e-10,0.051936,0.060485
-1.2119e-10,0.05197,0.060401
-1.1613e-10,0.052002,0.060317
-1.1036e-10,0.05203,0.060234
-1.0386e-10,0.052056,0.060152
-9.6614e-11,0.052078,0.060072
-8.8623e-11,0.052097,0.059993
-7.988e-11,0.052113,0.059917
-7.0384e-11,0.052125,0.059842
-6.0136e-11,0.052134,0.059769
-4.914e-11,0.052139,0.059699
-3.7403e-11,0.052141,0.059631
-2.4938e-11,0.05214,0.059565
-1.1758e-11,0.052134,0.059502
2.1189e-12,0.052126,0.059442
1.667e-11,0.052114,0.059385
3.1871e-11,0.052098,0.059331
4.7691e-11,0.052079,0.05928
6.4097e-11,0.052057,0.059232
8.1052e-11,0.052031,0.059188
9.8514e-11,0.052001,0.059147
1.1644e-10,0.051968,0.059109
1.3477e-10,0.051932,0.059075
1.5347e-10,0.051893,0.059045
1.7246e-10,0.051851,0.059018
1.9169e-10,0.051805,0.058995
2.1109e-10,0.051757,0.058975
2.306e-10,0.051705,0.058959
2.5013e-10,0.051651,0.058947
2.6961e-10,0.051594,0.058938
2.8896e-10,0.051534,0.058933
3.081e-10,0.051471,0.058932
3.2693e-10,0.051407,0.058934
3.4537e-10,0.051339,0.05894
3.6332e-10,0.05127,0.058949
3.8069e-10,0.051198,0.058961
3.9737e-10,0.051124,0.058977
4.1326e-10,0.051048,0.058996
4.2827e-10,0.050971,0.059018
4.4228e-10,0.050892,0.059044
4.5519e-10,0.050811,0.059072
4.669e-10,0.050729,0.059103
4.773e-10,0.050646,0.059137
4.8628e-10,0.050561,0.059174
4.9374e-10,0.050475,0.059213
4.9956e-10,0.050389,0.059255
5.0366e-10,0.050302,0.059298
5.0592e-10,0.050214,0.059344
5.0624e-10,0.050126,0.059392
5.0453e-10,0.050038,0.059442
5.007e-10,0.049949,0.059494
4.9466e-10,0.049861,0.059547
4.8631e-10,0.049772,0.059602
4.7559e-10,0.049684,0.059657
4.6242e-10,0.049597,0.059714
4.4673e-10,0.049509,0.059772
4.2846e-10,0.049423,0.059831
4.0756e-10,0.049338,0.059891
3.8399e-10,0.049253,0.059951
3.5769e-10,0.04917,0.060011
3.2866e-10,0.049088,0.060072
2.9687e-10,0.049008,0.060133
2.6231e-10,0.048929,0.060193
2.2499e-10,0.048852,0.060254
1.8493e-10,0.048777,0.060314
1.4214e-10,0.048703,0.060374
9.6669e-11,0.048632,0.060433
4.8569e-11,0.048563,0.060491
-2.0949e-12,0.048496,0.060549
-5.5245e-11,0.048432,0.060605
-1.1079e-10,0.04837,0.060661
-1.6862e-10,0.048311,0.060715
-2.2862e-10,0.048254,0.060768
-2.9065e-10,0.0482,0.060819
-3.5455e-10,0.048149,0.060869
-4.2017e-10,0.048101,0.060917
-4.8732e-10,0.048056,0.060964
-5.5581e-10,0.048014,0.061009
-6.2542e-10,0.047975,0.061052
-6.9593e-10,0.047939,0.061093
-7.671e-10,0.047906,0.061132
-8.3867e-10,0.047877,0.061169
-9.1038e-10,0.047851,0.061204
-9.8193e-10,0.047828,0.061237
-1.053e-09,0.047808,0.061268
-1.1234e-09,0.047791,0.061297
-1.1927e-09,0.047778,0.061323
-1.2605e-09,0.047768,0.061347
-1.3266e-09,0.047762,0.06137
-1.3906e-09,0.047758,0.06139
-1.4521e-09,0.047758,0.061407
-1.5108e-09,0.047761,0.061423
-1.5663e-09,0.047768,0.061436
-1.6181e-09,0.047777,0.061448
-1.666e-09,0.04779,0.061457
-1.7095e-09,0.047806,0.061464
-1.7482e-09,0.047825,0.061469
-1.7818e-09,0.047847,0.061472
-1.8098e-09,0.047871,0.061473
-1.8318e-09,0.047899,0.061473
-1.8476e-09,0.04793,0.06147
-1.8566e-09,0.047963,0.061466
-1.8586e-09,0.047999,0.061459
-1.8531e-09,0.048038,0.061452
-1.8399e-09,0.04808,0.061442
-1.8187e-09,0.048124,0.061432
-1.789e-09,0.04817,0.061419
-1.7506e-09,0.048219,0.061406
-1.7032e-09,0.048269,0.061391
-1.6467e-09,0.048322,0.061374
-1.5806e-09,0.048377,0.061357
-1.505e-09,0.048434,0.061338
-1.4195e-09,0.048493,0.061319
-1.3241e-09,0.048553,0.061299
-1.2186e-09,0.048615,0.061278
-1.103e-09,0.048679,0.061256
-9.7727e-10,0.048743,0.061233
-8.4138e-10,0.048809,0.06121
-6.954e-10,0.048876,0.061186
-5.3941e-10,0.048944,0.061163
-3.7357e-10,0.049012,0.061138
-1.9804e-10,0.049081,0.061114
-1.3075e-11,0.049151,0.061089
1.8105e-10,0.04922,0.061064
3.8401e-10,0.04929,0.06104
5.9541e-10,0.04936,0.061015
8.148e-10,0.04943,0.060991
1.0417e-09,0.049499,0.060967
1.2756e-09,0.049568,0.060943
1.5158e-09,0.049636,0.06092
1.7617e-09,0.049703,0.060897
2.0126e-09,0.049769,0.060875
2.2678e-09,0.049834,0.060853
2.5263e-09,0.049898,0.060833
2.7873e-09,0.04996,0.060813
3.0499e-09,0.050021,0.060794
3.3131e-09,0.050079,0.060775
3.5759e-09,0.050136,0.060758
3.8372e-09,0.050191,0.060742
4.0958e-09,0.050244,0.060727
4.3506e-09,0.050294,0.060713
4.6003e-09,0.050342,0.060701
4.8437e-09,0.050388,0.060689
5.0795e-09,0.05043,0.060679
5.3064e-09,0.05047,0.06067
5.5231e-09,0.050508,0.060663
5.728e-09,0.050542,0.060657
5.9199e-09,0.050573,0.060652
6.0973e-09,0.050601,0.060649
6.2587e-09,0.050627,0.060648
6.4028e-09,0.050649,0.060647
6.5281e-09,0.050668,0.060649
6.6332e-09,0.050683,0.060652
6.7167e-09,0.050696,0.060656
6.777e-09,0.050705,0.060663
6.813e-09,0.050711,0.06067
6.8232e-09,0.050714,0.06068
6.8062e-09,0.050714,0.060691
6.761e-09,0.05071,0.060703
6.6861e-09,0.050704,0.060717
6.5806e-09,0.050695,0.060733
6.4432e-09,0.050682,0.06075
6.273e-09,0.050667,0.060769
6.0691e-09,0.050649,0.06079
5.8306e-09,0.050628,0.060812
5.5567e-09,0.050605,0.060836
5.2469e-09,0.050579,0.060861
4.9007e-09,0.05055,0.060888
4.5175e-09,0.05052,0.060916
4.0973e-09,0.050487,0.060945
3.6397e-09,0.050452,0.060976
3.145e-09,0.050416,0.061008
2.6131e-09,0.050377,0.061042
2.0445e-09,0.050337,0.061077
1.4396e-09,0.050296,0.061112
7.9916e-10,0.050253,0.061149
1.2391e-10,0.050209,0.061187
-5.8508e-10,0.050164,0.061226
-1.3266e-09,0.050119,0.061266
-2.0993e-09,0.050072,0.061307
-2.9016e-09,0.050026,0.061348
-3.7316e-09,0.049979,0.06139
-4.5874e-09,0.049932,0.061432
-5.4668e-09,0.049885,0.061475
-6.3673e-09,0.049838,0.061518
-7.2865e-09,0.049792,0.061561
-8.2215e-09,0.049746,0.061605
-9.1692e-09,0.049701,0.061648
-1.0127e-08,0.049657,0.061691
-1.109e-08,0.049614,0.061734
-1.2056e-08,0.049572,0.061777
-1.3021e-08,0.049532,0.061819
-1.3981e-08,0.049493,0.061861
-1.4932e-08,0.049456,0.061901
-1.5869e-08,0.049421,0.061941
-1.6787e-08,0.049388,0.06198
-1.7684e-08,0.049357,0.062018
-1.8553e-08,0.049329,0.062055
-1.9389e-08,0.049303,0.06209
-2.0189e-08,0.049279,0.062124
-2.0946e-08,0.049258,0.062156
-2.1656e-08,0.04924,0.062186
-2.2313e-08,0.049225,0.062215
-2.2912e-08,0.049213,0.062242
-2.3448e-08,0.049204,0.062267
-2.3916e-08,0.049198,0.06229
-2.431e-08,0.049196,0.062311
-2.4625e-08,0.049197,0.062329
-2.4856e-08,0.049201,0.062345
-2.4998e-08,0.049208,0.062359
-2.5046e-08,0.049219,0.062371
-2.4995e-08,0.049233,0.06238
-2.484e-08,0.049251,0.062386
-2.4577e-08,0.049272,0.06239
-2.4202e-08,0.049297,0.062392
-2.3711e-08,0.049325,0.06239
-2.3099e-08,0.049356,0.062387
-2.2364e-08,0.049391,0.06238
-2.1502e-08,0.049429,0.062371
-2.0511e-08,0.049471,0.06236
-1.9388e-08,0.049515,0.062345
-1.8131e-08,0.049563,0.062328
-1.674e-08,0.049614,0.062309
-1.5212e-08,0.049668,0.062287
-1.3547e-08,0.049724,0.062263
-1.1745e-08,0.049784,0.062236
-9.8073e-09,0.049846,0.062207
-7.7344e-09,0.049911,0.062176
-5.5281e-09,0.049978,0.062142
-3.1908e-09,0.050047,0.062107
-7.2553e-10,0.050118,0.062069
1.8641e-09,0.050192,0.062029
4.5738e-09,0.050267,0.061988
7.3984e-09,0.050344,0.061944
1.0332e-08,0.050423,0.061899
1.3369e-08,0.050503,0.061853
1.6501e-08,0.050584,0.061805
1.972e-08,0.050666,0.061756
2.3018e-08,0.050749,0.061705
2.6386e-08,0.050833,0.061653
2.9813e-08,0.050917,0.061601
3.3288e-08,0.051001,0.061547
3.68e-08,0.051086,0.061493
4.0335e-08,0.051171,0.061438
4.3882e-08,0.051256,0.061383
4.7426e-08,0.05134,0.061327
5.0953e-08,0.051424,0.061271
5.4447e-08,0.051507,0.061215
5.7893e-08,0.051589,0.061158
6.1275e-08,0.05167,0.061102
6.4576e-08,0.05175,0.061046
6.7778e-08,0.051829,0.06099
7.0864e-08,0.051906,0.060935
7.3815e-08,0.051981,0.06088
7.6613e-08,0.052055,0.060825
7.9239e-08,0.052127,0.060772
8.1674e-08,0.052196,0.060719
8.3898e-08,0.052263,0.060666
8.5893e-08,0.052328,0.060615
8.7639e-08,0.05239,0.060565
8.9117e-08,0.052449,0.060515
9.0306e-08,0.052506,0.060467
9.119e-08,0.052559,0.06042
9.1748e-08,0.052609,0.060374
9.1962e-08,0.052656,0.06033
9.1815e-08,0.0527,0.060287
9.129e-08,0.052741,0.060245
9.037e-08,0.052777,0.060205
8.9039e-08,0.052811,0.060166
8.7282e-08,0.05284,0.060129
8.5086e-08,0.052866,0.060093
8.2437e-08,0.052888,0.060059
7.9325e-08,0.052906,0.060027
7.5739e-08,0.05292,0.059997
7.167e-08,0.05293,0.059968
6.711e-08,0.052936,0.059941
6.2055e-08,0.052938,0.059915
5.6499e-08,0.052936,0.059892
5.0442e-08,0.052931,0.05987
4.3882e-08,0.05292,0.059851
3.6821e-08,0.052906,0.059833
2.9264e-08,0.052888,0.059817
2.1216e-08,0.052866,0.059803
1.2686e-08,0.052841,0.059791
3.684e-09,0.052811,0.059781
-5.7762e-09,0.052777,0.059773
-1.5679e-08,0.05274,0.059767
-2.6007e-08,0.052699,0.059763
-3.6738e-08,0.052655,0.059761
-4.785e-08,0.052607,0.059762
-5.9315e-08,0.052555,0.059764
-7.1106e-08,0.052501,0.059768
-8.3191e-08,0.052443,0.059775
-9.5534e-08,0.052383,0.059783
-1.081e-07,0.052319,0.059794
-1.2085e-07,0.052253,0.059807
-1.3374e-07,0.052184,0.059822
-1.4672e-07,0.052113,0.059838
-1.5975e-07,0.052039,0.059857
-1.7277e-07,0.051964,0.059878
-1.8574e-07,0.051886,0.059901
-1.986e-07,0.051807,0.059926
-2.1129e-07,0.051725,0.059953
-2.2375e-07,0.051643,0.059982
-2.3593e-07,0.051559,0.060013
-2.4775e-07,0.051474,0.060045
-2.5915e-07,0.051389,0.06008
-2.7006e-07,0.051302,0.060116
-2.8042e-07,0.051215,0.060153
-2.9017e-07,0.051127,0.060193
-2.9922e-07,0.05104,0.060234
-3.0751e-07,0.050952,0.060276
-3.1496e-07,0.050864,0.06032
-3.2151e-07,0.050777,0.060365
-3.2709e-07,0.05069,0.060411
-3.3162e-07,0.050604,0.060458
-3.3504e-07,0.050519,0.060507
-3.3727e-07,0.050434,0.060556
-3.3826e-07,0.050351,0.060606
-3.3793e-07,0.050269,0.060657
-3.3622e-07,0.050189,0.060708
-3.3307e-07,0.05011,0.06076
-3.2843e-07,0.050032,0.060812
-3.2223e-07,0.049957,0.060864
-3.1444e-07,0.049883,0.060916
-3.0499e-07,0.049812,0.060968
-2.9385e-07,0.049742,0.061019
-2.8098e-07,0.049675,0.061071
-2.6634e-07,0.04961,0.061121
-2.4992e-07,0.049548,0.061171
-2.3169e-07,0.049487,0.061221
-2.1163e-07,0.04943,0.061269
-1.8973e-07,0.049375,0.061316
-1.66e-07,0.049322,0.061361
-1.4044e-07,0.049272,0.061405
-1.1307e-07,0.049225,0.061448
-8.39e-08,0.04918,0.061489
-5.2968e-08,0.049138,0.061528
-2.031e-08,0.049099,0.061564
1.4024e-08,0.049062,0.061599
4.9978e-08,0.049027,0.061631
8.7485e-08,0.048996,0.061661
1.2647e-07,0.048966,0.061688
1.6685e-07,0.048939,0.061712
2.0852e-07,0.048915,0.061734
2.5138e-07,0.048893,0.061752
2.9532e-07,0.048873,0.061768
3.4021e-07,0.048855,0.06178
3.8591e-07,0.048839,0.061789
4.3228e-07,0.048825,0.061795
4.7916e-07,0.048814,0.061797
5.2639e-07,0.048803,0.061796
5.7379e-07,0.048795,0.061791
6.2117e-07,0.048788,0.061783
6.6835e-07,0.048783,0.061771
7.1512e-07,0.048779,0.061755
7.6128e-07,0.048776,0.061735
8.0659e-07,0.048775,0.061712
8.5085e-07,0.048774,0.061685
8.938e-07,0.048775,0.061654
9.3523e-07,0.048776,0.06162
9.7487e-07,0.048778,0.061581
1.0125e-06,0.048781,0.061539
1.0478e-06,0.048784,0.061494
1.0806e-06,0.048787,0.061444
1.1106e-06,0.048791,0.061391
1.1376e-06,0.048795,0.061335
1.1612e-06,0.048798,0.061275
1.1812e-06,0.048802,0.061211
1.1974e-06,0.048806,0.061145
1.2096e-06,0.04881,0.061075
1.2173e-06,0.048813,0.061002
1.2205e-06,0.048816,0.060926
1.2189e-06,0.048818,0.060847
1.2122e-06,0.04882,0.060765
1.2002e-06,0.048821,0.060681
1.1827e-06,0.048822,0.060594
1.1595e-06,0.048821,0.060505
1.1304e-06,0.048821,0.060413
1.0953e-06,0.048819,0.060319
1.0539e-06,0.048817,0.060224
1.0062e-06,0.048813,0.060126
9.5203e-07,0.048809,0.060027
8.9128e-07,0.048805,0.059927
8.2388e-07,0.048799,0.059825
7.4978e-07,0.048792,0.059722
6.6895e-07,0.048785,0.059618
5.8138e-07,0.048777,0.059513
4.8711e-07,0.048768,0.059408
3.8618e-07,0.048759,0.059302
2.7868e-07,0.048749,0.059195
1.6473e-07,0.048738,0.059089
4.4474e-08,0.048727,0.058982
-8.1909e-08,0.048715,0.058876
-2.142e-07,0.048703,0.05877
-3.5215e-07,0.048691,0.058665
-4.9546e-07,0.048679,0.05856
-6.4383e-07,0.048666,0.058456
-7.9687e-07,0.048654,0.058353
-9.5419e-07,0.048641,0.058251
-1.1154e-06,0.048629,0.05815
-1.2799e-06,0.048617,0.058051
-1.4473e-06,0.048605,0.057953
-1.617e-06,0.048594,0.057857
-1.7884e-06,0.048583,0.057763
-1.9608e-06,0.048573,0.057671
-2.1337e-06,0.048564,0.05758
-2.3062e-06,0.048556,0.057492
-2.4778e-06,0.048549,0.057407
-2.6475e-06,0.048543,0.057323
-2.8145e-06,0.048538,0.057242
-2.9781e-06,0.048534,0.057164
-3.1374e-06,0.048532,0.057089
-3.2914e-06,0.048531,0.057016
-3.4393e-06,0.048532,0.056946
-3.58e-06,0.048534,0.056879
-3.7126e-06,0.048538,0.056816
-3.8362e-06,0.048544,0.056755
-3.9496e-06,0.048552,0.056697
-4.0519e-06,0.048561,0.056643
-4.142e-06,0.048573,0.056592
-4.2189e-06,0.048586,0.056544
-4.2816e-06,0.048601,0.0565
-4.3289e-06,0.048619,0.056459
-4.3599e-06,0.048638,0.056421
-4.3734e-06,0.048659,0.056387
-4.3686e-06,0.048683,0.056356
-4.3443e-06,0.048708,0.056329
-4.2996e-06,0.048736,0.056305
-4.2334e-06,0.048765,0.056284
-4.145e-06,0.048797,0.056267
-4.0332e-06,0.04883,0.056254
-3.8974e-06,0.048865,0.056243
-3.7366e-06,0.048903,0.056236
-3.5501e-06,0.048942,0.056233
-3.3372e-06,0.048982,0.056232
-3.0971e-06,0.049025,0.056235
-2.8293e-06,0.049069,0.056241
-2.5333e-06,0.049115,0.05625
-2.2085e-06,0.049162,0.056262
-1.8546e-06,0.04921,0.056277
-1.4713e-06,0.04926,0.056295
-1.0583e-06,0.049311,0.056316
-6.1554e-07,0.049363,0.05634
-1.4289e-07,0.049417,0.056366
3.5956e-07,0.049471,0.056395
8.9167e-07,0.049526,0.056427
1.4532e-06,0.049581,0.056461
2.0438e-06,0.049637,0.056497
2.6629e-06,0.049694,0.056535
3.3101e-06,0.049751,0.056576
3.9846e-06,0.049808,0.056618
4.6857e-06,0.049866,0.056663
5.4124e-06,0.049923,0.056709
6.1636e-06,0.04998,0.056757
6.9384e-06,0.050037,0.056807
7.7353e-06,0.050093,0.056858
8.553e-06,0.05015,0.05691
9.3901e-06,0.050205,0.056963
1.0245e-05,0.05026,0.057018
1.1116e-05,0.050314,0.057073
1.2001e-05,0.050367,0.05713
1.2899e-05,0.050419,0.057187
1.3806e-05,0.050469,0.057244
1.4723e-05,0.050519,0.057302
1.5645e-05,0.050567,0.057361
1.6571e-05,0.050614,0.057419
1.7498e-05,0.050659,0.057478
1.8425e-05,0.050702,0.057537
1.9348e-05,0.050744,0.057595
2.0266e-05,0.050784,0.057653
2.1175e-05,0.050822,0.057711
2.2073e-05,0.050858,0.057768
2.2957e-05,0.050893,0.057824
2.3826e-05,0.050925,0.05788
2.4675e-05,0.050955,0.057935
2.5504e-05,0.050983,0.057989
2.6308e-05,0.051008,0.058042
2.7086e-05,0.051032,0.058093
2.7835e-05,0.051053,0.058143
2.8552e-05,0.051072,0.058192
2.9236e-05,0.051089,0.05824
2.9884e-05,0.051103,0.058286
3.0493e-05,0.051115,0.05833
3.1063e-05,0.051125,0.058373
3.159e-05,0.051133,0.058414
3.2073e-05,0.051138,0.058453
3.251e-05,0.051141,0.05849
3.29e-05,0.051141,0.058525
3.3242e-05,0.05114,0.058559
3.3533e-05,0.051136,0.05859
3.3774e-05,0.05113,0.05862
3.3963e-05,0.051122,0.058647
3.41e-05,0.051111,0.058673
3.4184e-05,0.051099,0.058696
3.4215e-05,0.051084,0.058718
3.4192e-05,0.051068,0.058737
3.4117e-05,0.051049,0.058755
3.3988e-05,0.051029,0.05877
3.3807e-05,0.051007,0.058784
3.3575e-05,0.050983,0.058796
3.3291e-05,0.050957,0.058806
3.2957e-05,0.05093,0.058814
3.2574e-05,0.050901,0.058821
3.2144e-05,0.050871,0.058825
3.1667e-05,0.050839,0.058829
3.1146e-05,0.050806,0.058831
3.058e-05,0.050772,0.058831
2.9974e-05,0.050737,0.05883
2.9327e-05,0.050701,0.058828
2.8643e-05,0.050664,0.058825
2.7922e-05,0.050626,0.058821
2.7167e-05,0.050588,0.058816
2.638e-05,0.050549,0.05881
2.5562e-05,0.05051,0.058804
2.4717e-05,0.05047,0.058797
2.3845e-05,0.05043,0.05879
2.295e-05,0.05039,0.058782
2.2033e-05,0.050351,0.058774
2.1096e-05,0.050311,0.058766
2.0141e-05,0.050272,0.058759
1.9171e-05,0.050233,0.058751
1.8187e-05,0.050195,0.058744
1.7191e-05,0.050157,0.058737
1.6186e-05,0.050121,0.058731
1.5173e-05,0.050085,0.058726
1.4154e-05,0.050051,0.058721
1.313e-05,0.050018,0.058717
1.2105e-05,0.049986,0.058714
1.1079e-05,0.049956,0.058713
1.0054e-05,0.049928,0.058712
9.0321e-06,0.049901,0.058713
8.0145e-06,0.049876,0.058715
7.0029e-06,0.049853,0.058719
5.9987e-06,0.049833,0.058724
5.0035e-06,0.049814,0.058731
4.0187e-06,0.049798,0.05874
3.0457e-06,0.049784,0.05875
2.0859e-06,0.049773,0.058762
1.1405e-06,0.049764,0.058775
2.1098e-07,0.049758,0.058791
-7.0147e-07,0.049754,0.058808
-1.5956e-06,0.049754,0.058826
-2.4701e-06,0.049756,0.058847
-3.3237e-06,0.04976,0.058869
-4.1554e-06,0.049768,0.058893
-4.9637e-06,0.049778,0.058919
-5.7476e-06,0.049791,0.058946
-6.5057e-06,0.049807,0.058974
-7.237e-06,0.049826,0.059005
-7.94e-06,0.049847,0.059036
-8.6137e-06,0.049872,0.059069
-9.2567e-06,0.049898,0.059103
-9.8678e-06,0.049928,0.059138
-1.0446e-05,0.04996,0.059174
-1.0989e-05,0.049994,0.059211
-1.1497e-05,0.050031,0.059248
-1.1967e-05,0.050069,0.059286
-1.2399e-05,0.050111,0.059325
-1.2791e-05,0.050154,0.059364
-1.3141e-05,0.050199,0.059403
-1.3449e-05,0.050245,0.059442
-1.3712e-05,0.050294,0.059481
-1.393e-05,0.050344,0.05952
-1.4101e-05,0.050395,0.059558
-1.4223e-05,0.050448,0.059596
-1.4295e-05,0.050501,0.059633
-1.4315e-05,0.050556,0.059669
-1.4283e-05,0.050612,0.059704
-1.4195e-05,0.050668,0.059737
-1.4052e-05,0.050724,0.059769
-1.3852e-05,0.050781,0.0598
-1.3592e-05,0.050839,0.059829
-1.3273e-05,0.050896,0.059856
-1.2892e-05,0.050953,0.05988
-1.2448e-05,0.05101,0.059903
-1.194e-05,0.051067,0.059923
-1.1368e-05,0.051123,0.059941
-1.0729e-05,0.051178,0.059956
-1.0023e-05,0.051233,0.059968
-9.2497e-06,0.051287,0.059977
-8.4075e-06,0.051339,0.059984
-7.496e-06,0.051391,0.059987
-6.5148e-06,0.051441,0.059987
-5.4635e-06,0.05149,0.059983
-4.342e-06,0.051537,0.059976
-3.1501e-06,0.051583,0.059966
-1.8879e-06,0.051627,0.059952
-5.5584e-07,0.05167,0.059934
8.4571e-07,0.05171,0.059912
2.316e-06,0.051749,0.059887
3.8543e-06,0.051785,0.059858
5.4594e-06,0.051819,0.059825
7.1301e-06,0.051852,0.059788
8.8648e-06,0.051882,0.059747
1.0662e-05,0.05191,0.059703
1.2519e-05,0.051936,0.059654
1.4435e-05,0.051959,0.059602
1.6406e-05,0.05198,0.059546
1.843e-05,0.051998,0.059487
2.0505e-05,0.052015,0.059423
2.2627e-05,0.052028,0.059357
2.4792e-05,0.05204,0.059286
2.6997e-05,0.052049,0.059212
2.9238e-05,0.052055,0.059135
3.1512e-05,0.052059,0.059055
3.3814e-05,0.052061,0.058972
3.6139e-05,0.05206,0.058886
3.8482e-05,0.052057,0.058797
4.084e-05,0.052052,0.058705
4.3207e-05,0.052044,0.058611
4.5577e-05,0.052034,0.058514
4.7945e-05,0.052022,0.058416
5.0307e-05,0.052007,0.058315
5.2656e-05,0.05199,0.058213
5.4986e-05,0.051971,0.058109
5.7292e-05,0.05195,0.058004
5.9568e-05,0.051927,0.057898
6.1809e-05,0.051901,0.05779
6.4007e-05,0.051874,0.057682
6.6158e-05,0.051845,0.057573
6.8256e-05,0.051814,0.057464
7.0295e-05,0.051781,0.057355
7.2268e-05,0.051747,0.057246
7.4172e-05,0.051711,0.057138
7.5999e-05,0.051673,0.05703
7.7745e-05,0.051634,0.056922
7.9405e-05,0.051593,0.056816
8.0973e-05,0.051551,0.056711
8.2445e-05,0.051508,0.056607
8.3817e-05,0.051463,0.056505
8.5084e-05,0.051418,0.056405
8.6242e-05,0.051371,0.056307
8.7287e-05,0.051323,0.056211
8.8217e-05,0.051275,0.056118
8.9028e-05,0.051225,0.056027
8.9716e-05,0.051175,0.055939
9.0281e-05,0.051124,0.055854
9.072e-05,0.051072,0.055772
9.1031e-05,0.05102,0.055694
9.1212e-05,0.050968,0.055619
9.1264e-05,0.050915,0.055547
9.1186e-05,0.050862,0.05548
9.0977e-05,0.050808,0.055416
9.0639e-05,0.050755,0.055356
9.0171e-05,0.050701,0.055301
8.9576e-05,0.050648,0.055249
8.8854e-05,0.050594,0.055202
8.8008e-05,0.050541,0.055159
8.7041e-05,0.050488,0.055121
8.5955e-05,0.050436,0.055087
8.4753e-05,0.050384,0.055058
8.344e-05,0.050332,0.055033
8.202e-05,0.050282,0.055013
8.0496e-05,0.050231,0.054997
7.8873e-05,0.050182,0.054986
7.7158e-05,0.050134,0.05498
7.5354e-05,0.050086,0.054978
7.3467e-05,0.050039,0.054981
7.1503e-05,0.049994,0.054988
6.9469e-05,0.04995,0.055
6.7369e-05,0.049907,0.055016
6.5211e-05,0.049865,0.055037
6.3e-05,0.049825,0.055062
6.0743e-05,0.049786,0.055091
5.8446e-05,0.049749,0.055124
5.6116e-05,0.049714,0.055162
5.3759e-05,0.04968,0.055203
5.1381e-05,0.049648,0.055249
4.8989e-05,0.049618,0.055298
4.6589e-05,0.049589,0.055352
4.4187e-05,0.049563,0.055408
4.1789e-05,0.049538,0.055469
3.9401e-05,0.049515,0.055532
3.7028e-05,0.049495,0.0556
3.4676e-05,0.049476,0.05567
3.2351e-05,0.04946,0.055743
3.0056e-05,0.049446,0.055819
2.7797e-05,0.049434,0.055899
2.5579e-05,0.049424,0.05598
2.3405e-05,0.049416,0.056065
2.128e-05,0.049411,0.056152
1.9208e-05,0.049408,0.056241
1.7192e-05,0.049407,0.056332
1.5235e-05,0.049408,0.056426
1.334e-05,0.049412,0.056521
1.151e-05,0.049417,0.056618
9.7477e-06,0.049425,0.056716
8.0543e-06,0.049435,0.056816
6.4318e-06,0.049448,0.056918
4.8819e-06,0.049462,0.05702
3.4058e-06,0.049478,0.057123
2.0044e-06,0.049497,0.057228
6.7855e-07,0.049517,0.057333
-5.7144e-07,0.04954,0.057438
-1.7453e-06,0.049564,0.057544
-2.8432e-06,0.04959,0.05765
-3.8653e-06,0.049618,0.057756
-4.8121e-06,0.049648,0.057862
-5.6844e-06,0.049679,0.057968
-6.4831e-06,0.049711,0.058074
-7.2093e-06,0.049745,0.058179
-7.8644e-06,0.049781,0.058284
-8.4497e-06,0.049817,0.058387
-8.967e-06,0.049855,0.05849
-9.418e-06,0.049894,0.058592
-9.8046e-06,0.049933,0.058693
-1.0129e-05,0.049974,0.058792
-1.0393e-05,0.050015,0.058891
-1.0599e-05,0.050057,0.058987
-1.075e-05,0.050099,0.059082
-1.0847e-05,0.050141,0.059176
-1.0894e-05,0.050184,0.059268
-1.0893e-05,0.050227,0.059358
-1.0846e-05,0.05027,0.059446
-1.0756e-05,0.050312,0.059532
-1.0626e-05,0.050355,0.059616
-1.0458e-05,0.050397,0.059698
-1.0255e-05,0.050438,0.059779
-1.002e-05,0.050479,0.059856
-9.7551e-06,0.050519,0.059932
-9.4632e-06,0.050559,0.060006
-9.1468e-06,0.050598,0.060077
-8.8084e-06,0.050635,0.060146
-8.4504e-06,0.050672,0.060213
-8.0754e-06,0.050707,0.060278
-7.6858e-06,0.050742,0.060341
-7.2837e-06,0.050775,0.060401
-6.8716e-06,0.050807,0.060459
-6.4514e-06,0.050837,0.060515
-6.0254e-06,0.050866,0.060569
-5.5955e-06,0.050893,0.060621
-5.1637e-06,0.050919,0.060671
-4.7318e-06,0.050943,0.060718
-4.3014e-06,0.050966,0.060764
-3.8744e-06,0.050987,0.060808
-3.4521e-06,0.051006,0.060849
-3.0361e-06,0.051023,0.060889
-2.6277e-06,0.051039,0.060927
-2.2282e-06,0.051053,0.060963
-1.8387e-06,0.051066,0.060998
-1.4603e-06,0.051076,0.06103
-1.094e-06,0.051085,0.061061
-7.4068e-07,0.051092,0.061091
-4.0104e-07,0.051098,0.061119
-7.5802e-08,0.051101,0.061145
2.3443e-07,0.051103,0.061169
5.2914e-07,0.051104,0.061192
8.0792e-07,0.051102,0.061214
1.0704e-06,0.051099,0.061234
1.3164e-06,0.051094,0.061253
1.5456e-06,0.051088,0.06127
1.7581e-06,0.05108,0.061286
1.9536e-06,0.05107,0.061301
2.1323e-06,0.051059,0.061314
2.2943e-06,0.051046,0.061326
2.4398e-06,0.051032,0.061337
2.5688e-06,0.051016,0.061346
2.6818e-06,0.050999,0.061353
2.779e-06,0.050981,0.06136
2.8608e-06,0.050961,0.061365
2.9275e-06,0.05094,0.061368
2.9798e-06,0.050918,0.061371
3.0179e-06,0.050894,0.061372
3.0425e-06,0.05087,0.061371
3.0541e-06,0.050844,0.061369
3.0532e-06,0.050817,0.061365
3.0405e-06,0.050789,0.06136
3.0165e-06,0.050759,0.061353
2.9819e-06,0.050729,0.061345
2.9373e-06,0.050698,0.061335
2.8834e-06,0.050666,0.061323
2.8208e-06,0.050633,0.06131
2.7501e-06,0.0506,0.061295
2.672e-06,0.050565,0.061278
2.5872e-06,0.05053,0.061259
2.4963e-06,0.050494,0.061238
2.4e-06,0.050457,0.061216
2.2988e-06,0.05042,0.061191
2.1934e-06,0.050382,0.061165
2.0844e-06,0.050343,0.061136
1.9724e-06,0.050304,0.061105
1.858e-06,0.050265,0.061072
1.7417e-06,0.050225,0.061037
1.6241e-06,0.050184,0.060999
1.5057e-06,0.050143,0.06096
1.387e-06,0.050102,0.060917
1.2684e-06,0.050061,0.060873
1.1504e-06,0.050019,0.060826
1.0335e-06,0.049977,0.060776
9.1799e-07,0.049935,0.060724
8.0434e-07,0.049893,0.06067
6.9286e-07,0.049851,0.060612
5.8389e-07,0.049808,0.060552
4.7774e-07,0.049766,0.06049
3.7468e-07,0.049724,0.060425
2.7497e-07,0.049682,0.060356
1.7884e-07,0.04964,0.060286
8.6493e-08,0.049599,0.060212
-1.8937e-09,0.049557,0.060136
-8.6161e-08,0.049516,0.060056
-1.6618e-07,0.049476,0.059974
-2.4183e-07,0.049436,0.05989
-3.1303e-07,0.049396,0.059802
-3.7971e-07,0.049357,0.059711
-4.4182e-07,0.049319,0.059618
-4.9935e-07,0.049282,0.059522
-5.5227e-07,0.049245,0.059423
-6.0061e-07,0.049209,0.059321
-6.4438e-07,0.049174,0.059216
-6.8364e-07,0.04914,0.059109
-7.1844e-07,0.049107,0.058999
-7.4885e-07,0.049075,0.058887
-7.7497e-07,0.049044,0.058771
-7.9689e-07,0.049015,0.058654
-8.1473e-07,0.048986,0.058534
-8.2861e-07,0.048959,0.058411
-8.3865e-07,0.048934,0.058286
-8.4501e-07,0.04891,0.058159
-8.4782e-07,0.048887,0.05803
-8.4724e-07,0.048866,0.057899
-8.4344e-07,0.048846,0.057766
-8.3657e-07,0.048828,0.057631
-8.2681e-07,0.048812,0.057494
-8.1433e-07,0.048798,0.057356
-7.9931e-07,0.048785,0.057216
-7.8192e-07,0.048774,0.057075
-7.6233e-07,0.048765,0.056933
-7.4074e-07,0.048758,0.05679
-7.1731e-07,0.048753,0.056646
-6.9222e-07,0.048749,0.056501
-6.6565e-07,0.048748,0.056356
-6.3776e-07,0.048748,0.056211
-6.0873e-07,0.048751,0.056065
-5.7872e-07,0.048755,0.05592
-5.4789e-07,0.048761,0.055775
-5.164e-07,0.04877,0.05563
-4.844e-07,0.04878,0.055486
-4.5204e-07,0.048792,0.055343
-4.1946e-07,0.048806,0.055201
-3.8679e-07,0.048822,0.055061
-3.5417e-07,0.04884,0.054922
-3.2171e-07,0.04886,0.054784
-2.8955e-07,0.048882,0.054649
-2.5777e-07,0.048905,0.054516
-2.265e-07,0.04893,0.054386
-1.9583e-07,0.048957,0.054259
-1.6584e-07,0.048985,0.054134
-1.3662e-07,0.049015,0.054013
-1.0824e-07,0.049047,0.053895
-8.0782e-08,0.04908,0.053781
-5.4302e-08,0.049114,0.053671
-2.8856e-08,0.04915,0.053565
-4.4936e-09,0.049187,0.053463
1.8742e-08,0.049225,0.053366
4.0814e-08,0.049264,0.053274
6.1692e-08,0.049304,0.053186
8.1352e-08,0.049345,0.053104
9.9776e-08,0.049387,0.053027
1.1695e-07,0.049429,0.052956
1.3287e-07,0.049472,0.05289
1.4752e-07,0.049516,0.05283
1.6092e-07,0.04956,0.052776
1.7308e-07,0.049604,0.052728
1.8399e-07,0.049648,0.052686
1.9368e-07,0.049692,0.052651
2.0217e-07,0.049737,0.052621
2.0949e-07,0.049781,0.052598
2.1565e-07,0.049825,0.052581
2.2069e-07,0.049868,0.05257
2.2464e-07,0.049911,0.052566
2.2755e-07,0.049953,0.052568
2.2944e-07,0.049995,0.052576
2.3036e-07,0.050035,0.05259
2.3034e-07,0.050075,0.052611
2.2944e-07,0.050114,0.052637
2.277e-07,0.050152,0.05267
2.2516e-07,0.050188,0.052708
2.2187e-07,0.050223,0.052752
2.1788e-07,0.050257,0.052802
2.1324e-07,0.050289,0.052856
2.08e-07,0.05032,0.052916
2.022e-07,0.050349,0.052981
1.9589e-07,0.050377,0.053051
1.8913e-07,0.050403,0.053125
1.8195e-07,0.050427,0.053204
1.7441e-07,0.050449,0.053286
1.6655e-07,0.05047,0.053372
1.5842e-07,0.050488,0.053462
1.5006e-07,0.050505,0.053555
1.4151e-07,0.050519,0.053651
1.3282e-07,0.050532,0.053749
1.2402e-07,0.050543,0.05385
1.1516e-07,0.050552,0.053953
1.0627e-07,0.050559,0.054058
9.7393e-08,0.050565,0.054165
8.8554e-08,0.050568,0.054272
7.9788e-08,0.05057,0.05438
7.1126e-08,0.05057,0.054489
6.2597e-08,0.050568,0.054599
5.4227e-08,0.050565,0.054708
4.6041e-08,0.05056,0.054817
3.8061e-08,0.050553,0.054926
3.031e-08,0.050545,0.055034
2.2805e-08,0.050536,0.05514
1.5565e-08,0.050526,0.055246
8.6047e-09,0.050514,0.05535
1.9378e-09,0.050501,0.055452
-4.4235e-09,0.050487,0.055552
-1.0469e-08,0.050472,0.05565
-1.6191e-08,0.050457,0.055746
-2.1581e-08,0.050441,0.055839
-2.6636e-08,0.050424,0.05593
-3.135e-08,0.050407,0.056017
-3.5723e-08,0.050389,0.056101
-3.9752e-08,0.050371,0.056183
-4.344e-08,0.050353,0.056261
-4.6786e-08,0.050335,0.056335
-4.9796e-08,0.050316,0.056407
-5.2472e-08,0.050298,0.056474
-5.482e-08,0.05028,0.056538
-5.6847e-08,0.050263,0.056599
-5.8559e-08,0.050245,0.056655
-5.9966e-08,0.050229,0.056708
-6.1075e-08,0.050212,0.056757
-6.1897e-08,0.050197,0.056803
-6.2442e-08,0.050182,0.056844
-6.272e-08,0.050168,0.056882
-6.2744e-08,0.050154,0.056917
-6.2524e-08,0.050141,0.056947
-6.2074e-08,0.05013,0.056974
-6.1406e-08,0.050119,0.056998
-6.0533e-08,0.050109,0.057018
-5.9467e-08,0.0501,0.057035
-5.8222e-08,0.050092,0.057049
-5.6811e-08,0.050085,0.057059
-5.5248e-08,0.050079,0.057067
-5.3545e-08,0.050074,0.057072
-5.1715e-08,0.050069,0.057073
-4.9772e-08,0.050066,0.057073
-4.7728e-08,0.050064,0.057069
-4.5596e-08,0.050062,0.057063
-4.3389e-08,0.050061,0.057055
-4.1118e-08,0.050061,0.057045
-3.8795e-08,0.050062,0.057033
-3.6431e-08,0.050063,0.057019
-3.4038e-08,0.050065,0.057003
-3.1627e-08,0.050067,0.056986
-2.9206e-08,0.05007,0.056967
-2.6787e-08,0.050073,0.056948
-2.4377e-08,0.050077,0.056927
-2.1987e-08,0.05008,0.056905
-1.9624e-08,0.050084,0.056882
-1.7297e-08,0.050087,0.056859
-1.5012e-08,0.05009,0.056835
-1.2777e-08,0.050094,0.05681
-1.0597e-08,0.050096,0.056786
-8.4784e-09,0.050099,0.056761
-6.4268e-09,0.050101,0.056736
-4.4466e-09,0.050102,0.056711
-2.5423e-09,0.050102,0.056686
-7.1751e-10,0.050102,0.056662
1.0244e-09,0.050101,0.056638
2.6806e-09,0.050098,0.056615
4.2488e-09,0.050095,0.056592
5.727e-09,0.050091,0.056569
7.1137e-09,0.050085,0.056548
8.408e-09,0.050078,0.056527
9.6091e-09,0.05007,0.056507
1.0717e-08,0.05006,0.056488
1.1731e-08,0.050048,0.05647
1.2653e-08,0.050036,0.056453
1.3482e-08,0.050021,0.056437
1.4221e-08,0.050005,0.056422
1.487e-08,0.049987,0.056408
1.5432e-08,0.049968,0.056395
1.5907e-08,0.049947,0.056383
1.6299e-08,0.049924,0.056372
1.661e-08,0.0499,0.056363
1.6842e-08,0.049874,0.056354
1.6999e-08,0.049847,0.056347
1.7082e-08,0.049818,0.056341
1.7096e-08,0.049787,0.056335
1.7043e-08,0.049755,0.056331
1.6927e-08,0.049722,0.056328
1.6752e-08,0.049687,0.056326
1.652e-08,0.049651,0.056325
1.6235e-08,0.049614,0.056325
1.5901e-08,0.049576,0.056325
1.5521e-08,0.049536,0.056327
1.5099e-08,0.049496,0.056329
1.4639e-08,0.049455,0.056332
1.4145e-08,0.049414,0.056335
1.3618e-08,0.049372,0.05634
1.3064e-08,0.049329,0.056344
1.2486e-08,0.049286,0.056349
1.1887e-08,0.049243,0.056355
1.127e-08,0.0492,0.056361
1.0638e-08,0.049157,0.056367
9.9956e-09,0.049115,0.056373
9.3444e-09,0.049072,0.056379
8.6878e-09,0.04903,0.056386
8.0285e-09,0.048989,0.056392
7.3692e-09,0.048948,0.056398
6.7124e-09,0.048909,0.056403
6.0606e-09,0.04887,0.056409
5.4161e-09,0.048833,0.056413
4.7809e-09,0.048796,0.056418
4.1571e-09,0.048761,0.056421
3.5465e-09,0.048728,0.056424
2.9509e-09,0.048696,0.056426
2.3719e-09,0.048666,0.056427
1.811e-09,0.048638,0.056427
1.2694e-09,0.048611,0.056426
7.4827e-10,0.048587,0.056423
2.4876e-10,0.048564,0.056419
-2.2828e-10,0.048544,0.056414
-6.8205e-10,0.048526,0.056407
-1.1119e-09,0.04851,0.056399
-1.5173e-09,0.048497,0.056389
-1.8978e-09,0.048486,0.056377
-2.2531e-09,0.048477,0.056364
-2.5831e-09,0.048471,0.056348
-2.8877e-09,0.048467,0.056331
-3.1668e-09,0.048466,0.056311
-3.4206e-09,0.048467,0.05629
-3.6493e-09,0.048471,0.056266
-3.8532e-09,0.048477,0.05624
-4.0327e-09,0.048486,0.056212
-4.1883e-09,0.048497,0.056182
-4.3204e-09,0.04851,0.056149
-4.4296e-09,0.048526,0.056114
-4.5167e-09,0.048544,0.056077
-4.5822e-09,0.048565,0.056037
-4.627e-09,0.048588,0.055995
-4.6519e-09,0.048612,0.055951
-4.6577e-09,0.048639,0.055905
-4.6453e-09,0.048668,0.055856
-4.6155e-09,0.048699,0.055805
-4.5694e-09,0.048732,0.055752
-4.5078e-09,0.048767,0.055696
-4.4317e-09,0.048803,0.055639
-4.3421e-09,0.048841,0.055579
-4.24e-09,0.048881,0.055518
-4.1264e-09,0.048922,0.055454
-4.0021e-09,0.048964,0.055389
-3.8683e-09,0.049008,0.055322
-3.7259e-09,0.049053,0.055253
-3.5758e-09,0.049099,0.055183
-3.4189e-09,0.049147,0.055111
-3.2562e-09,0.049195,0.055038
-3.0886e-09,0.049244,0.054964
-2.917e-09,0.049294,0.054889
-2.7422e-09,0.049344,0.054813
-2.565e-09,0.049396,0.054736
-2.3863e-09,0.049447,0.054658
-2.2067e-09,0.0495,0.054579
-2.0271e-09,0.049552,0.0545
-1.848e-09,0.049605,0.054421
-1.6703e-09,0.049658,0.054341
-1.4945e-09,0.049712,0.054262
-1.3211e-09,0.049765,0.054182
-1.1508e-09,0.049818,0.054103
-9.8409e-10,0.049872,0.054024
-8.2138e-10,0.049925,0.053945
-6.6314e-10,0.049978,0.053867
-5.0978e-10,0.05003,0.05379
-3.6164e-10,0.050082,0.053713
-2.1906e-10,0.050134,0.053638
-8.2335e-11,0.050185,0.053563
4.8296e-11,0.050236,0.05349
1.7261e-10,0.050285,0.053418
2.9042e-10,0.050334,0.053347
4.0159e-10,0.050382,0.053278
5.0599e-10,0.05043,0.053211
6.0354e-10,0.050476,0.053145
6.9419e-10,0.05052,0.053081
7.7791e-10,0.050564,0.053019
8.547e-10,0.050606,0.052959
9.2459e-10,0.050647,0.052901
9.8764e-10,0.050687,0.052845
1.0439e-09,0.050725,0.052792
1.0935e-09,0.050761,0.05274
1.1366e-09,0.050795,0.052691
1.1733e-09,0.050828,0.052645
1.2037e-09,0.050858,0.052601
1.2281e-09,0.050887,0.052559
1.2466e-09,0.050913,0.05252
1.2594e-09,0.050937,0.052484
1.2668e-09,0.05096,0.05245
1.2689e-09,0.050979,0.052419
1.266e-09,0.050997,0.052391
1.2584e-09,0.051012,0.052365
1.2463e-09,0.051024,0.052343
1.23e-09,0.051034,0.052322
1.2097e-09,0.051042,0.052305
1.1857e-09,0.051047,0.05229
1.1582e-09,0.051049,0.052278
1.1276e-09,0.051049,0.052268
1.0941e-09,0.051047,0.052261
1.0579e-09,0.051041,0.052257
1.0193e-09,0.051034,0.052255
9.7864e-10,0.051023,0.052256
9.361e-10,0.051011,0.052259
8.9194e-10,0.050995,0.052265
8.4643e-10,0.050978,0.052273
7.9978e-10,0.050958,0.052283
7.5224e-10,0.050936,0.052296
7.0404e-10,0.050912,0.052311
6.5538e-10,0.050886,0.052328
6.0648e-10,0.050858,0.052347
5.5754e-10,0.050828,0.052369
5.0874e-10,0.050796,0.052392
4.6028e-10,0.050763,0.052417
4.1231e-10,0.050729,0.052444
3.6501e-10,0.050693,0.052473
3.1852e-10,0.050656,0.052504
2.7299e-10,0.050617,0.052537
2.2854e-10,0.050578,0.052571
1.8529e-10,0.050539,0.052607
1.4336e-10,0.050498,0.052644
1.0285e-10,0.050458,0.052683
6.384e-11,0.050417,0.052724
2.6416e-11,0.050376,0.052766
-9.3539e-12,0.050335,0.052809
-4.3409e-11,0.050294,0.052853
-7.5699e-11,0.050254,0.052899
-1.0618e-10,0.050214,0.052946
-1.3482e-10,0.050175,0.052994
-1.616e-10,0.050136,0.053043
-1.865e-10,0.050099,0.053094
-2.0951e-10,0.050063,0.053145
-2.3064e-10,0.050029,0.053198
-2.4988e-10,0.049995,0.053251
-2.6726e-10,0.049964,0.053305
-2.828e-10,0.049934,0.05336
-2.9651e-10,0.049905,0.053416
-3.0844e-10,0.049879,0.053473
-3.1862e-10,0.049855,0.053531
-3.2709e-10,0.049833,0.053589
-3.339e-10,0.049814,0.053647
-3.3911e-10,0.049797,0.053707
-3.4277e-10,0.049782,0.053766
-3.4493e-10,0.04977,0.053827
-3.4567e-10,0.04976,0.053887
-3.4504e-10,0.049753,0.053948
-3.431e-10,0.049749,0.054009
-3.3994e-10,0.049748,0.054071
-3.3561e-10,0.04975,0.054132
-3.3019e-10,0.049754,0.054194
-3.2376e-10,0.049761,0.054255
-3.1638e-10,0.049772,0.054317
-3.0813e-10,0.049785,0.054378
-2.9907e-10,0.049801,0.054439
-2.8929e-10,0.04982,0.0545
-2.7885e-10,0.049841,0.05456
-2.6783e-10,0.049866,0.05462
-2.5629e-10,0.049893,0.054679
-2.4431e-10,0.049923,0.054738
-2.3195e-10,0.049956,0.054796
-2.1927e-10,0.049991,0.054853
-2.0634e-10,0.050029,0.05491
-1.9323e-10,0.050069,0.054965
-1.7999e-10,0.050112,0.055019
-1.6667e-10,0.050156,0.055072
-1.5334e-10,0.050203,0.055124
-1.4004e-10,0.050252,0.055175
-1.2682e-10,0.050303,0.055224
-1.1374e-10,0.050355,0.055271
-1.0083e-10,0.050409,0.055317
-8.8141e-11,0.050465,0.055362
-7.5706e-11,0.050521,0.055404
-6.3563e-11,0.050579,0.055445
-5.1746e-11,0.050638,0.055483
-4.0283e-11,0.050698,0.055519
-2.9203e-11,0.050758,0.055554
-1.8531e-11,0.050819,0.055586
-8.2876e-12,0.05088,0.055615
1.5066e-12,0.050941,0.055642
1.0835e-11,0.051002,0.055667
1.9685e-11,0.051063,0.055688
2.8043e-11,0.051124,0.055708
3.5901e-11,0.051184,0.055724
4.3251e-11,0.051244,0.055737
5.009e-11,0.051302,0.055748
5.6415e-11,0.05136,0.055755
6.2226e-11,0.051416,0.055759
6.7524e-11,0.051471,0.05576
7.2314e-11,0.051524,0.055758
7.6599e-11,0.051576,0.055753
8.0389e-11,0.051626,0.055744
8.3691e-11,0.051674,0.055732
8.6515e-11,0.05172,0.055717
8.8874e-11,0.051763,0.055698
9.0779e-11,0.051805,0.055675
9.2245e-11,0.051844,0.055649
9.3287e-11,0.05188,0.05562
9.392e-11,0.051914,0.055587
9.4161e-11,0.051945,0.055551
9.4029e-11,0.051973,0.055511
9.354e-11,0.051999,0.055468
9.2714e-11,0.052021,0.055421
9.1569e-11,0.052041,0.055371
9.0125e-11,0.052057,0.055318
8.8401e-11,0.052071,0.055262
8.6417e-11,0.052081,0.055203
8.4194e-11,0.052089,0.05514
8.1751e-11,0.052093,0.055075
7.9107e-11,0.052094,0.055006
7.6282e-11,0.052092,0.054935
7.3296e-11,0.052086,0.054861
7.0167e-11,0.052078,0.054785
6.6915e-11,0.052067,0.054706
6.3558e-11,0.052052,0.054625
6.0113e-11,0.052035,0.054542
5.6598e-11,0.052014,0.054457
5.303e-11,0.051991,0.05437
4.9426e-11,0.051964,0.054281
4.5799e-11,0.051935,0.054191
4.2167e-11,0.051903,0.0541
3.8542e-11,0.051869,0.054007
3.4939e-11,0.051831,0.053914
3.1371e-11,0.051792,0.053819
2.7849e-11,0.051749,0.053724
2.4385e-11,0.051705,0.053629
2.099e-11,0.051658,0.053533
1.7673e-11,0.051609,0.053437
1.4443e-11,0.051558,0.053342
1.131e-11,0.051505,0.053246
8.2796e-12,0.05145,0.053151
5.3599e-12,0.051393,0.053057
2.5565e-12,0.051334,0.052963
-1.252e-13,0.051275,0.052871
-2.6805e-12,0.051213,0.052779
-5.1056e-12,0.051151,0.052689
-7.3972e-12,0.051087,0.0526
-9.5528e-12,0.051022,0.052513
-1.157e-11,0.050956,0.052427
-1.3449e-11,0.050889,0.052344
-1.5187e-11,0.050822,0.052262
-1.6785e-11,0.050754,0.052182
-1.8244e-11,0.050686,0.052104
-1.9563e-11,0.050618,0.052028
-2.0746e-11,0.050549,0.051955
-2.1793e-11,0.050481,0.051884
-2.2707e-11,0.050413,0.051815
-2.349e-11,0.050345,0.051749
-2.4146e-11,0.050277,0.051685
-2.4679e-11,0.05021,0.051624
-2.5091e-11,0.050144,0.051565
-2.5387e-11,0.050079,0.051508
-2.5571e-11,0.050014,0.051454
-2.5649e-11,0.049951,0.051403
-2.5623e-11,0.049888,0.051354
-2.5501e-11,0.049827,0.051308
-2.5285e-11,0.049768,0.051264
-2.4983e-11,0.04971,0.051223
-2.4598e-11,0.049654,0.051184
-2.4136e-11,0.049599,0.051147
-2.3604e-11,0.049546,0.051113
-2.3005e-11,0.049495,0.051081
-2.2345e-11,0.049446,0.051051
-2.1631e-11,0.0494,0.051023
-2.0866e-11,0.049355,0.050997
-2.0058e-11,0.049312,0.050974
-1.9209e-11,0.049272,0.050952
-1.8327e-11,0.049234,0.050933
-1.7415e-11,0.049199,0.050915
-1.6479e-11,0.049166,0.050899
-1.5523e-11,0.049135,0.050884
-1.4553e-11,0.049107,0.050872
-1.3572e-11,0.049082,0.050861
-1.2584e-11,0.049059,0.050851
-1.1595e-11,0.049038,0.050843
-1.0607e-11,0.04902,0.050836
-9.6248e-12,0.049005,0.05083
-8.6514e-12,0.048992,0.050826
-7.6905e-12,0.048982,0.050822
-6.745e-12,0.048974,0.05082
-5.8178e-12,0.048969,0.050819
-4.9118e-12,0.048967,0.050819
-4.0293e-12,0.048966,0.05082
-3.1728e-12,0.048969,0.050821
-2.3442e-12,0.048973,0.050823
-1.5454e-12,0.04898,0.050827
-7.7821e-13,0.048989,0.05083
-4.4005e-14,0.049001,0.050835
6.5592e-13,0.049014,0.05084
1.3205e-12,0.04903,0.050846
1.9487e-12,0.049048,0.050852
2.54e-12,0.049067,0.050859
3.0937e-12,0.049088,0.050866
3.6096e-12,0.049111,0.050874
4.0873e-12,0.049136,0.050882
4.5268e-12,0.049162,0.050891
4.9283e-12,0.04919,0.0509
5.2919e-12,0.049219,0.050909
5.6181e-12,0.049249,0.050919
5.9073e-12,0.04928,0.05093
6.1602e-12,0.049313,0.05094
6.3774e-12,0.049346,0.050951
6.5599e-12,0.04938,0.050963
6.7086e-12,0.049414,0.050975
6.8244e-12,0.049449,0.050987
6.9085e-12,0.049484,0.050999
6.962e-12,0.04952,0.051012
6.9861e-12,0.049556,0.051025
6.9822e-12,0.049592,0.051038
6.9516e-12,0.049628,0.051052
6.8956e-12,0.049663,0.051066
6.8157e-12,0.049698,0.05108
6.7133e-12,0.049733,0.051094
6.5898e-12,0.049768,0.051108
6.4467e-12,0.049801,0.051122
6.2854e-12,0.049834,0.051137
6.1076e-12,0.049867,0.051151
5.9145e-12,0.049898,0.051166
5.7077e-12,0.049928,0.05118
5.4886e-12,0.049958,0.051195
5.2586e-12,0.049986,0.051209
5.0191e-12,0.050013,0.051223
4.7716e-12,0.050039,0.051237
4.5173e-12,0.050064,0.05125
4.2575e-12,0.050087,0.051263
3.9934e-12,0.050109,0.051276
3.7264e-12,0.05013,0.051288
3.4576e-12,0.050149,0.0513
3.188e-12,0.050168,0.051311
2.9188e-12,0.050184,0.051321
2.651e-12,0.0502,0.051331
2.3856e-12,0.050214,0.05134
2.1234e-12,0.050227,0.051347
1.8653e-12,0.050239,0.051354
1.6122e-12,0.050249,0.05136
1.3647e-12,0.050259,0.051364
1.1236e-12,0.050267,0.051368
8.8942e-13,0.050274,0.05137
6.6284e-13,0.050281,0.051371
4.4434e-13,0.050286,0.05137
2.3439e-13,0.050291,0.051368
3.3377e-14,0.050295,0.051365
-1.5833e-13,0.050298,0.051359
-3.4042e-13,0.050301,0.051352
-5.1266e-13,0.050304,0.051344
-6.7484e-13,0.050306,0.051334
-8.2681e-13,0.050308,0.051321
-9.6846e-13,0.05031,0.051307
-1.0997e-12,0.050312,0.051292
-1.2206e-12,0.050314,0.051274
-1.3311e-12,0.050316,0.051254
-1.4313e-12,0.050318,0.051232
-1.5212e-12,0.050321,0.051209
-1.6011e-12,0.050324,0.051183
-1.6711e-12,0.050328,0.051156
-1.7313e-12,0.050333,0.051127
-1.782e-12,0.050338,0.051095
-1.8235e-12,0.050344,0.051062
-1.856e-12,0.050352,0.051027
-1.8799e-12,0.05036,0.05099
-1.8953e-12,0.050369,0.050952
-1.9028e-12,0.05038,0.050912
-1.9025e-12,0.050391,0.05087
-1.895e-12,0.050404,0.050827
-1.8805e-12,0.050418,0.050783
-1.8594e-12,0.050434,0.050737
-1.8321e-12,0.050451,0.05069
-1.7991e-12,0.05047,0.050642
-1.7607e-12,0.050489,0.050593
-1.7173e-12,0.050511,0.050543
-1.6693e-12,0.050534,0.050492
-1.6171e-12,0.050558,0.050442
-1.5612e-12,0.050584,0.05039
-1.5018e-12,0.050611,0.050339
-1.4395e-12,0.050639,0.050287
-1.3745e-12,0.050669,0.050236
-1.3073e-12,0.050701,0.050185
-1.2382e-12,0.050733,0.050134
-1.1676e-12,0.050767,0.050084
-1.0958e-12,0.050802,0.050035
-1.0231e-12,0.050838,0.049987
-9.499e-13,0.050875,0.04994
-8.7648e-13,0.050912,0.049894
-8.0312e-13,0.050951,0.04985
-7.3012e-13,0.05099,0.049808
-6.5772e-13,0.05103,0.049767
-5.8619e-13,0.051071,0.049729
-5.1575e-13,0.051111,0.049693
-4.4663e-13,0.051152,0.049659
-3.7904e-13,0.051193,0.049627
-3.1316e-13,0.051234,0.049598
-2.4916e-13,0.051275,0.049572
-1.872e-13,0.051316,0.049548
-1.2743e-13,0.051356,0.049528
-6.9978e-14,0.051395,0.049511
-1.495e-14,0.051434,0.049496
3.7554e-14,0.051472,0.049485
8.7449e-14,0.051509,0.049477
1.3467e-13,0.051545,0.049473
1.7915e-13,0.051579,0.049472
2.2085e-13,0.051612,0.049475
2.5975e-13,0.051644,0.04948
2.9581e-13,0.051674,0.04949
3.2905e-13,0.051702,0.049503
3.5946e-13,0.051728,0.049519
3.8705e-13,0.051752,0.049539
4.1186e-13,0.051774,0.049562
4.3392e-13,0.051793,0.049588
4.5327e-13,0.05181,0.049618
4.6997e-13,0.051825,0.049651
4.8407e-13,0.051838,0.049687
4.9564e-13,0.051847,0.049726
5.0476e-13,0.051854,0.049768
5.115e-13,0.051859,0.049813
5.1596e-13,0.05186,0.04986
5.1822e-13,0.051859,0.04991
5.1838e-13,0.051855,0.049962
5.1653e-13,0.051848,0.050017
5.1278e-13,0.051838,0.050073
5.0723e-13,0.051825,0.050132
4.9998e-13,0.05181,0.050192
4.9115e-13,0.051791,0.050254
4.8084e-13,0.05177,0.050316
4.6916e-13,0.051746,0.05038
4.5622e-13,0.05172,0.050445
4.4213e-13,0.05169,0.050511
4.2699e-13,0.051658,0.050577
4.1092e-13,0.051623,0.050643
3.9402e-13,0.051586,0.05071
3.764e-13,0.051547,0.050776
3.5815e-13,0.051505,0.050842
3.3938e-13,0.051461,0.050907
3.2018e-13,0.051415,0.050972
3.0065e-13,0.051367,0.051036
2.8088e-13,0.051317,0.051098
2.6095e-13,0.051265,0.051159
2.4095e-13,0.051211,0.051219
2.2096e-13,0.051156,0.051277
2.0106e-13,0.051099,0.051333
1.8131e-13,0.051041,0.051388
1.618e-13,0.050982,0.05144
1.4258e-13,0.050922,0.05149
1.2371e-13,0.050861,0.051537
1.0524e-13,0.050799,0.051582
8.7243e-14,0.050736,0.051624
6.9751e-14,0.050673,0.051663
5.2811e-14,0.05061,0.051699
3.6462e-14,0.050546,0.051733
2.074e-14,0.050481,0.051763
5.6762e-15,0.050417,0.051791
-8.7027e-15,0.050353,0.051815
-2.2373e-14,0.050289,0.051836
-3.5316e-14,0.050225,0.051854
-4.7516e-14,0.050161,0.051869
-5.8959e-14,0.050098,0.05188
-6.9639e-14,0.050035,0.051888
-7.9548e-14,0.049973,0.051893
-8.8687e-14,0.049912,0.051895
-9.7054e-14,0.049852,0.051893
-1.0466e-13,0.049793,0.051889
-1.115e-13,0.049734,0.051881
-1.1759e-13,0.049677,0.05187
-1.2294e-13,0.049621,0.051857
-1.2756e-13,0.049566,0.05184
-1.3148e-13,0.049512,0.051821
-1.3471e-13,0.04946,0.051799
-1.3726e-13,0.04941,0.051774
-1.3917e-13,0.049361,0.051747
-1.4045e-13,0.049313,0.051717
-1.4113e-13,0.049267,0.051685
-1.4124e-13,0.049224,0.05165
-1.4079e-13,0.049182,0.051614
-1.3982e-13,0.049142,0.051575
-1.3836e-13,0.049104,0.051535
-1.3644e-13,0.049068,0.051493
-1.3408e-13,0.049034,0.051449
-1.3131e-13,0.049002,0.051403
-1.2817e-13,0.048973,0.051356
-1.2468e-13,0.048946,0.051308
-1.2087e-13,0.048922,0.051258
-1.1678e-13,0.0489,0.051207
-1.1243e-13,0.048881,0.051155
-1.0785e-13,0.048864,0.051102
-1.0307e-13,0.04885,0.051049
-9.8116e-14,0.048839,0.050994
-9.3016e-14,0.048831,0.050939
-8.7798e-14,0.048826,0.050882
-8.2486e-14,0.048823,0.050826
-7.7105e-14,0.048824,0.050769
-7.168e-14,0.048827,0.050711
-6.6233e-14,0.048834,0.050653
-6.0786e-14,0.048844,0.050595
-5.5361e-14,0.048857,0.050536
-4.9977e-14,0.048873,0.050478
-4.4653e-14,0.048892,0.050419
-3.9407e-14,0.048914,0.05036
-3.4255e-14,0.04894,0.050301
-2.9213e-14,0.048969,0.050241
-2.4295e-14,0.049001,0.050182
-1.9514e-14,0.049036,0.050123
-1.4883e-14,0.049074,0.050064
-1.0411e-14,0.049115,0.050006
-6.109e-15,0.049159,0.049947
-1.9854e-15,0.049206,0.049889
1.9523e-15,0.049256,0.04983
5.6977e-15,0.049309,0.049773
9.2454e-15,0.049364,0.049715
1.2591e-14,0.049423,0.049658
1.5731e-14,0.049483,0.049601
1.8663e-14,0.049546,0.049545
2.1386e-14,0.049611,0.049489
2.3898e-14,0.049678,0.049433
2.62e-14,0.049747,0.049378
2.8293e-14,0.049818,0.049324
3.0179e-14,0.049891,0.04927
3.1861e-14,0.049965,0.049217
3.334e-14,0.05004,0.049165
3.4622e-14,0.050117,0.049114
3.571e-14,0.050194,0.049063
3.6609e-14,0.050272,0.049013
3.7325e-14,0.05035,0.048964
3.7864e-14,0.050429,0.048917
3.8231e-14,0.050507,0.04887
3.8434e-14,0.050586,0.048824
3.8479e-14,0.050664,0.04878
3.8374e-14,0.050741,0.048737
3.8126e-14,0.050817,0.048695
3.7742e-14,0.050893,0.048654
3.7231e-14,0.050967,0.048615
3.6601e-14,0.051039,0.048578
3.5859e-14,0.05111,0.048541
3.5013e-14,0.051179,0.048507
3.4073e-14,0.051245,0.048474
3.3045e-14,0.05131,0.048443
3.1938e-14,0.051371,0.048414
3.076e-14,0.05143,0.048387
2.9519e-14,0.051486,0.048361
2.8222e-14,0.051538,0.048337
2.6877e-14,0.051588,0.048316
2.5492e-14,0.051634,0.048296
2.4074e-14,0.051676,0.048279
2.2629e-14,0.051714,0.048263
2.1165e-14,0.051749,0.04825
1.9688e-14,0.05178,0.048238
1.8205e-14,0.051806,0.048229
1.6721e-14,0.051829,0.048222
1.5242e-14,0.051847,0.048218
1.3774e-14,0.05186,0.048215
1.2322e-14,0.05187,0.048214
1.089e-14,0.051875,0.048216
9.4834e-15,0.051875,0.04822
8.1065e-15,0.051872,0.048225
6.7629e-15,0.051863,0.048233
5.4562e-15,0.051851,0.048243
4.1899e-15,0.051834,0.048255
2.9669e-15,0.051813,0.048268
1.7898e-15,0.051787,0.048284
6.6107e-16,0.051758,0.048301
-4.1724e-16,0.051724,0.04832
-1.4433e-15,0.051686,0.048341
-2.4157e-15,0.051645,0.048363
-3.3332e-15,0.0516,0.048386
-4.1947e-15,0.051551,0.048411
-4.9996e-15,0.051499,0.048437
-5.7475e-15,0.051444,0.048465
-6.4382e-15,0.051385,0.048493
-7.0716e-15,0.051324,0.048522
-7.648e-15,0.05126,0.048552
-8.1679e-15,0.051194,0.048583
-8.632e-15,0.051125,0.048614
-9.041e-15,0.051054,0.048646
-9.3959e-15,0.050981,0.048678
-9.698e-15,0.050907,0.04871
-9.9485e-15,0.050831,0.048743
-1.0149e-14,0.050754,0.048775
-1.0301e-14,0.050676,0.048807
-1.0406e-14,0.050597,0.048839
-1.0466e-14,0.050518,0.04887
-1.0483e-14,0.050438,0.048901
-1.0459e-14,0.050359,0.048931
-1.0395e-14,0.050279,0.048961
-1.0295e-14,0.0502,0.048989
-1.0159e-14,0.050122,0.049017
-9.9908e-15,0.050044,0.049043
-9.7919e-15,0.049968,0.049068
-9.5646e-15,0.049893,0.049092
-9.3111e-15,0.049819,0.049114
-9.0336e-15,0.049748,0.049135
-8.7343e-15,0.049678,0.049154
-8.4154e-15,0.04961,0.049172
-8.0791e-15,0.049544,0.049187
-7.7273e-15,0.049481,0.049201
-7.3624e-15,0.049421,0.049213
-6.9861e-15,0.049363,0.049223
-6.6006e-15,0.049309,0.049231
-6.2078e-15,0.049257,0.049236
-5.8094e-15,0.049209,0.04924
-5.4074e-15,0.049164,0.049241
-5.0034e-15,0.049122,0.04924
-4.5991e-15,0.049084,0.049237
-4.196e-15,0.04905,0.049232
-3.7957e-15,0.049019,0.049224
-3.3995e-15,0.048992,0.049214
-3.0088e-15,0.048969,0.049201
-2.6249e-15,0.04895,0.049186
-2.2488e-15,0.048935,0.049169
-1.8818e-15,0.048923,0.049149
-1.5247e-15,0.048916,0.049127
-1.1785e-15,0.048912,0.049102
-8.4399e-16,0.048913,0.049075
-5.2194e-16,0.048917,0.049046
-2.1299e-16,0.048925,0.049014
8.2279e-17,0.048937,0.048981
3.6338e-16,0.048952,0.048944
6.2988e-16,0.048971,0.048906
8.8145e-16,0.048994,0.048865
1.1178e-15,0.04902,0.048822
1.3388e-15,0.04905,0.048777
1.5442e-15,0.049082,0.04873
1.7341e-15,0.049118,0.048681
1.9083e-15,0.049157,0.048629
2.067e-15,0.049199,0.048576
2.2103e-15,0.049244,0.048521
2.3384e-15,0.049291,0.048464
2.4514e-15,0.04934,0.048406
2.5497e-15,0.049392,0.048346
2.6336e-15,0.049446,0.048284
2.7033e-15,0.049502,0.048221
2.7594e-15,0.049559,0.048156
2.8022e-15,0.049618,0.04809
2.8322e-15,0.049678,0.048022
2.8499e-15,0.04974,0.047954
2.8557e-15,0.049802,0.047885
2.8503e-15,0.049865,0.047814
2.8342e-15,0.049929,0.047743
2.8078e-15,0.049993,0.047671
2.7719e-15,0.050057,0.047599
2.727e-15,0.050122,0.047526
2.6737e-15,0.050186,0.047452
2.6126e-15,0.050249,0.047379
2.5443e-15,0.050312,0.047305
2.4694e-15,0.050374,0.047231
2.3885e-15,0.050436,0.047158
2.3022e-15,0.050496,0.047085
2.2111e-15,0.050555,0.047012
2.1157e-15,0.050612,0.046939
2.0166e-15,0.050668,0.046868
1.9144e-15,0.050721,0.046797
1.8097e-15,0.050773,0.046727
1.7028e-15,0.050823,0.046658
1.5945e-15,0.050871,0.04659
1.485e-15,0.050917,0.046523
1.375e-15,0.05096,0.046458
1.2648e-15,0.051,0.046394
1.155e-15,0.051038,0.046332
1.0458e-15,0.051073,0.046271
9.3777e-16,0.051106,0.046212
8.3116e-16,0.051136,0.046155
7.2635e-16,0.051163,0.0461
6.2366e-16,0.051187,0.046047
5.2339e-16,0.051208,0.045996
4.258e-16,0.051226,0.045947
3.3116e-16,0.051241,0.0459
2.3968e-16,0.051254,0.045856
1.5157e-16,0.051263,0.045814
6.7007e-17,0.05127,0.045774
-1.3843e-17,0.051274,0.045737
-9.0846e-17,0.051275,0.045702
-1.6388e-16,0.051273,0.045669
-2.3286e-16,0.051268,0.045639
-2.9771e-16,0.051261,0.045612
-3.5836e-16,0.051251,0.045586
-4.1479e-16,0.051238,0.045564
-4.6697e-16,0.051223,0.045543
-5.149e-16,0.051206,0.045525
-5.586e-16,0.051186,0.04551
-5.9809e-16,0.051164,0.045496
-6.3342e-16,0.05114,0.045485
-6.6466e-16,0.051113,0.045477
-6.9187e-16,0.051085,0.04547
-7.1513e-16,0.051054,0.045465
-7.3455e-16,0.051022,0.045463
-7.5022e-16,0.050988,0.045462
-7.6227e-16,0.050952,0.045463
-7.7081e-16,0.050914,0.045466
-7.7599e-16,0.050875,0.045471
-7.7792e-16,0.050834,0.045477
-7.7677e-16,0.050792,0.045485
-7.7268e-16,0.050748,0.045494
-7.6581e-16,0.050703,0.045505
-7.563e-16,0.050657,0.045516
-7.4432e-16,0.05061,0.045529
-7.3004e-16,0.050561,0.045542
-7.1362e-16,0.050512,0.045556
-6.9521e-16,0.050461,0.045571
-6.7499e-16,0.05041,0.045587
-6.5312e-16,0.050357,0.045603
-6.2975e-16,0.050304,0.045619
-6.0506e-16,0.05025,0.045636
-5.7919e-16,0.050195,0.045652
-5.523e-16,0.05014,0.045669
-5.2455e-16,0.050084,0.045686
-4.9607e-16,0.050027,0.045702
-4.6702e-16,0.04997,0.045718
-4.3754e-16,0.049913,0.045733
-4.0775e-16,0.049855,0.045748
-3.7778e-16,0.049796,0.045762
-3.4777e-16,0.049738,0.045776
-3.1782e-16,0.049679,0.045788
-2.8806e-16,0.049619,0.0458
-2.5858e-16,0.04956,0.045811
-2.2949e-16,0.049501,0.04582
-2.0088e-16,0.049441,0.045828
-1.7283e-16,0.049382,0.045835
-1.4544e-16,0.049323,0.045841
-1.1877e-16,0.049264,0.045846
-9.2895e-17,0.049205,0.045849
-6.7875e-17,0.049147,0.04585
-4.3769e-17,0.049089,0.04585
-2.0624e-17,0.049031,0.045848
1.5132e-18,0.048974,0.045845
2.2606e-17,0.048918,0.04584
4.2622e-17,0.048862,0.045833
6.1535e-17,0.048808,0.045825
7.9322e-17,0.048754,0.045815
9.5969e-17,0.048701,0.045803
1.1146e-16,0.048649,0.045789
1.258e-16,0.048599,0.045774
1.3898e-16,0.048549,0.045756
1.5101e-16,0.048501,0.045737
1.6189e-16,0.048454,0.045716
1.7163e-16,0.048409,0.045694
1.8026e-16,0.048365,0.04567
1.8779e-16,0.048323,0.045643
1.9423e-16,0.048283,0.045616
1.9963e-16,0.048244,0.045586
2.04e-16,0.048207,0.045555
2.0738e-16,0.048172,0.045522
2.0981e-16,0.048138,0.045488
2.1131e-16,0.048107,0.045452
2.1192e-16,0.048077,0.045415
2.1169e-16,0.048049,0.045376
2.1065e-16,0.048024,0.045336
2.0884e-16,0.048,0.045295
2.0632e-16,0.047978,0.045252
2.0312e-16,0.047958,0.045208
1.9928e-16,0.04794,0.045163
1.9486e-16,0.047924,0.045118
1.8989e-16,0.04791,0.045071
1.8442e-16,0.047897,0.045023
1.785e-16,0.047887,0.044974
1.7216e-16,0.047878,0.044925
1.6546e-16,0.04787,0.044875
1.5843e-16,0.047865,0.044825
1.5112e-16,0.047861,0.044775
1.4357e-16,0.047858,0.044724
1.3582e-16,0.047857,0.044673
1.2791e-16,0.047857,0.044622
1.1987e-16,0.047858,0.044571
1.1175e-16,0.047861,0.04452
1.0358e-16,0.047864,0.044469
9.5387e-17,0.047869,0.044419
8.7214e-17,0.047874,0.04437
7.9086e-17,0.04788,0.044321
7.1034e-17,0.047887,0.044273
6.3085e-17,0.047894,0.044226
5.5265e-17,0.047902,0.04418
4.7597e-17,0.04791,0.044135
4.0105e-17,0.047918,0.044091
3.2809e-17,0.047927,0.044048
2.5729e-17,0.047936,0.044008
1.8881e-17,0.047945,0.043968
1.228e-17,0.047953,0.043931
5.9423e-18,0.047962,0.043895
-1.2176e-19,0.047971,0.043861
-5.901e-18,0.04798,0.043829
-1.1386e-17,0.047988,0.0438
-1.657e-17,0.047996,0.043772
-2.1447e-17,0.048004,0.043747
-2.6012e-17,0.048012,0.043724
-3.0262e-17,0.048019,0.043703
-3.4195e-17,0.048026,0.043685
-3.7811e-17,0.048034,0.043669
-4.111e-17,0.04804,0.043656
-4.4095e-17,0.048047,0.043646
-4.6769e-17,0.048054,0.043638
-4.9135e-17,0.04806,0.043633
-5.1199e-17,0.048067,0.043631
-5.2967e-17,0.048073,0.043631
-5.4446e-17,0.04808,0.043635
-5.5643e-17,0.048086,0.043641
-5.6567e-17,0.048093,0.04365
-5.7226e-17,0.048101,0.043662
-5.7632e-17,0.048108,0.043677
-5.7793e-17,0.048117,0.043695
-5.772e-17,0.048125,0.043715
-5.7425e-17,0.048135,0.043738
-5.6919e-17,0.048145,0.043764
-5.6213e-17,0.048155,0.043793
-5.532e-17,0.048167,0.043825
-5.4251e-17,0.048179,0.04386
-5.3019e-17,0.048192,0.043897
-5.1636e-17,0.048207,0.043937
-5.0115e-17,0.048222,0.043979
-4.8466e-17,0.048238,0.044024
-4.6704e-17,0.048256,0.044072
-4.4839e-17,0.048274,0.044122
-4.2884e-17,0.048294,0.044175
-4.0851e-17,0.048315,0.04423
-3.875e-17,0.048336,0.044287
-3.6594e-17,0.048359,0.044347
-3.4392e-17,0.048383,0.044409
-3.2157e-17,0.048408,0.044473
-2.9897e-17,0.048434,0.044539
-2.7623e-17,0.048461,0.044607
-2.5344e-17,0.048489,0.044678
-2.307e-17,0.048518,0.04475
-2.0809e-17,0.048547,0.044824
-1.857e-17,0.048577,0.044899
-1.6359e-17,0.048608,0.044977
-1.4186e-17,0.048639,0.045056
-1.2055e-17,0.048671,0.045136
-9.975e-18,0.048703,0.045218
-7.9507e-18,0.048735,0.045302
-5.9877e-18,0.048767,0.045386
-4.0912e-18,0.0488,0.045472
-2.2657e-18,0.048833,0.045559
-5.1533e-19,0.048865,0.045648
1.1563e-18,0.048897,0.045737
2.7459e-18,0.048929,0.045827
4.2507e-18,0.048961,0.045918
5.6685e-18,0.048992,0.04601
6.9972e-18,0.049023,0.046103
8.2354e-18,0.049054,0.046196
9.382e-18,0.049083,0.04629
1.0436e-17,0.049112,0.046385
1.1398e-17,0.049141,0.04648
1.2267e-17,0.049168,0.046576
1.3043e-17,0.049195,0.046671
1.3728e-17,0.049221,0.046768
1.4322e-17,0.049246,0.046864
1.4826e-17,0.04927,0.046961
1.5243e-17,0.049294,0.047057
1.5573e-17,0.049316,0.047154
1.5819e-17,0.049338,0.047251
1.5984e-17,0.049359,0.047347
1.6069e-17,0.049379,0.047444
1.6078e-17,0.049399,0.04754
1.6012e-17,0.049417,0.047636
1.5876e-17,0.049435,0.047731
1.5673e-17,0.049453,0.047826
1.5405e-17,0.049469,0.047921
1.5076e-17,0.049486,0.048015
1.4689e-17,0.049501,0.048109
1.4249e-17,0.049517,0.048201
1.3759e-17,0.049532,0.048294
1.3222e-17,0.049546,0.048385
1.2643e-17,0.049561,0.048475
1.2024e-17,0.049575,0.048564
1.1371e-17,0.04959,0.048653
1.0687e-17,0.049604,0.04874
9.9749e-18,0.049619,0.048826
9.2395e-18,0.049634,0.048911
8.4844e-18,0.049649,0.048994
7.7132e-18,0.049664,0.049076
6.9297e-18,0.04968,0.049157
6.1376e-18,0.049696,0.049236
5.3404e-18,0.049713,0.049313
4.5418e-18,0.049731,0.049389
3.745e-18,0.04975,0.049462
2.9537e-18,0.049769,0.049534
2.1709e-18,0.049789,0.049604
1.4e-18,0.04981,0.049672
6.4397e-19,0.049832,0.049738
-9.4136e-20,0.049856,0.049801
-8.1146e-19,0.04988,0.049862
-1.5052e-18,0.049905,0.049921
-2.1728e-18,0.049931,0.049977
-2.8116e-18,0.049959,0.050031
-3.4194e-18,0.049988,0.050081
-3.9937e-18,0.050017,0.050129
-4.5325e-18,0.050048,0.050174
-5.0338e-18,0.05008,0.050216
-5.4957e-18,0.050114,0.050255
-5.9165e-18,0.050148,0.050291
-6.2946e-18,0.050183,0.050324
-6.6287e-18,0.050219,0.050353
-6.9173e-18,0.050256,0.050379
-7.1595e-18,0.050294,0.050401
-7.3542e-18,0.050333,0.05042
-7.5005e-18,0.050372,0.050435
-7.5979e-18,0.050412,0.050446
-7.6458e-18,0.050452,0.050453
-7.6439e-18,0.050492,0.050457
-7.592e-18,0.050533,0.050456
-7.4899e-18,0.050574,0.050452
-7.338e-18,0.050615,0.050443
-7.1364e-18,0.050656,0.05043
-6.8856e-18,0.050697,0.050413
-6.5862e-18,0.050737,0.050392
-6.239e-18,0.050776,0.050367
-5.845e-18,0.050815,0.050337
-5.4052e-18,0.050854,0.050304
-4.921e-18,0.050891,0.050266
-4.3938e-18,0.050927,0.050223
-3.8251e-18,0.050962,0.050177
-3.2168e-18,0.050995,0.050126
-2.5707e-18,0.051027,0.050071
-1.889e-18,0.051058,0.050012
-1.1739e-18,0.051086,0.049949
-4.2775e-19,0.051113,0.049882
3.4679e-19,0.051138,0.04981
1.1471e-18,0.051161,0.049735
1.9702e-18,0.051182,0.049657
2.8132e-18,0.0512,0.049574
3.6729e-18,0.051217,0.049488
4.546e-18,0.05123,0.049399
5.4291e-18,0.051242,0.049306
6.3187e-18,0.051251,0.04921
7.2111e-18,0.051257,0.049111
8.1025e-18,0.051261,0.04901
8.9891e-18,0.051263,0.048905
9.8668e-18,0.051261,0.048799
1.0732e-17,0.051258,0.048689
1.1579e-17,0.051251,0.048578
1.2406e-17,0.051243,0.048465
1.3207e-17,0.051232,0.04835
1.3977e-17,0.051218,0.048234
1.4714e-17,0.051202,0.048117
1.5412e-17,0.051184,0.047999
1.6066e-17,0.051163,0.04788
1.6674e-17,0.05114,0.04776
1.7229e-17,0.051116,0.04764
1.7728e-17,0.051089,0.047521
1.8166e-17,0.051061,0.047401
1.8539e-17,0.05103,0.047282
1.8843e-17,0.050998,0.047164
1.9074e-17,0.050965,0.047047
1.9228e-17,0.050931,0.046932
1.9301e-17,0.050895,0.046818
1.9289e-17,0.050858,0.046706
1.9189e-17,0.05082,0.046595
1.8997e-17,0.050782,0.046488
1.8711e-17,0.050743,0.046383
1.8328e-17,0.050703,0.04628
1.7844e-17,0.050663,0.046181
1.7258e-17,0.050624,0.046085
1.6567e-17,0.050584,0.045993
1.577e-17,0.050544,0.045904
1.4865e-17,0.050505,0.045819
1.3852e-17,0.050466,0.045738
1.2729e-17,0.050429,0.045661
1.1497e-17,0.050392,0.045589
1.0155e-17,0.050356,0.045521
8.7038e-18,0.050321,0.045458
7.145e-18,0.050287,0.0454
5.4798e-18,0.050255,0.045346
3.7101e-18,0.050225,0.045298
1.8384e-18,0.050196,0.045254
-1.323e-19,0.050169,0.045215
-2.1985e-18,0.050144,0.045182
-4.3562e-18,0.050121,0.045154
-6.6008e-18,0.0501,0.04513
-8.9271e-18,0.050082,0.045112
-1.1329e-17,0.050066,0.045099
-1.3802e-17,0.050052,0.045091
-1.6337e-17,0.050041,0.045087
-1.8927e-17,0.050032,0.045089
-2.1566e-17,0.050026,0.045096
-2.4243e-17,0.050022,0.045107
-2.695e-17,0.050021,0.045123
-2.9678e-17,0.050023,0.045143
-3.2416e-17,0.050028,0.045168
-3.5153e-17,0.050035,0.045196
-3.7879e-17,0.050045,0.045229
-4.0581e-17,0.050058,0.045266
-4.3248e-17,0.050073,0.045306
-4.5867e-17,0.050091,0.04535
-4.8425e-17,0.050111,0.045398
-5.0909e-17,0.050134,0.045448
-5.3305e-17,0.05016,0.045502
-5.5599e-17,0.050187,0.045558
-5.7777e-17,0.050217,0.045616
-5.9824e-17,0.05025,0.045677
-6.1726e-17,0.050284,0.045741
-6.3468e-17,0.050321,0.045806
-6.5035e-17,0.050359,0.045872
-6.6412e-17,0.0504,0.04594
-6.7585e-17,0.050442,0.04601
-6.8539e-17,0.050485,0.04608
-6.926e-17,0.05053,0.046152
-6.9732e-17,0.050577,0.046224
-6.9943e-17,0.050624,0.046296
-6.9878e-17,0.050673,0.046369
-6.9524e-17,0.050722,0.046441
-6.887e-17,0.050772,0.046514
-6.7902e-17,0.050823,0.046586
-6.661e-17,0.050874,0.046657
-6.4983e-17,0.050926,0.046728
-6.301e-17,0.050977,0.046798
-6.0684e-17,0.051029,0.046867
-5.7997e-17,0.05108,0.046935
-5.4941e-17,0.051131,0.047001
-5.1511e-17,0.051181,0.047066
-4.7703e-17,0.051231,0.04713
-4.3514e-17,0.051279,0.047191
-3.8942e-17,0.051327,0.047251
-3.3986e-17,0.051374,0.047309
-2.8648e-17,0.051419,0.047365
-2.2932e-17,0.051463,0.047419
-1.6841e-17,0.051506,0.04747
-1.0381e-17,0.051547,0.04752
-3.562e-18,0.051586,0.047566
3.6073e-18,0.051623,0.047611
1.1115e-17,0.051658,0.047653
1.8947e-17,0.051692,0.047693
2.7087e-17,0.051723,0.04773
3.5518e-17,0.051752,0.047764
4.422e-17,0.051778,0.047796
5.3171e-17,0.051802,0.047826
6.2347e-17,0.051824,0.047853
7.1722e-17,0.051843,0.047878
8.1268e-17,0.05186,0.0479
9.0954e-17,0.051874,0.047919
1.0075e-16,0.051885,0.047936
1.1062e-16,0.051894,0.047951
1.2052e-16,0.0519,0.047963
1.3043e-16,0.051904,0.047974
1.4029e-16,0.051905,0.047982
1.5007e-16,0.051903,0.047987
1.5972e-16,0.051898,0.047991
1.6921e-16,0.051891,0.047993
1.7847e-16,0.051881,0.047993
1.8747e-16,0.051868,0.047991
1.9615e-16,0.051853,0.047987
2.0447e-16,0.051835,0.047982
2.1236e-16,0.051815,0.047975
2.1979e-16,0.051792,0.047966
2.2669e-16,0.051767,0.047957
2.3301e-16,0.05174,0.047945
2.387e-16,0.05171,0.047933
2.4371e-16,0.051677,0.04792
2.4797e-16,0.051643,0.047906
2.5144e-16,0.051606,0.047891
2.5407e-16,0.051567,0.047875
2.5579e-16,0.051526,0.047858
2.5657e-16,0.051484,0.047841
2.5634e-16,0.051439,0.047823
2.5507e-16,0.051392,0.047805
2.527e-16,0.051344,0.047787
2.4919e-16,0.051294,0.047768
2.445e-16,0.051242,0.047749
2.3859e-16,0.051189,0.047731
2.3143e-16,0.051134,0.047712
2.2297e-16,0.051078,0.047693
2.132e-16,0.051021,0.047675
2.0208e-16,0.050963,0.047656
1.896e-16,0.050903,0.047638
1.7574e-16,0.050842,0.047621
1.6048e-16,0.05078,0.047603
1.4383e-16,0.050718,0.047587
1.2577e-16,0.050654,0.047571
1.0631e-16,0.05059,0.047555
8.5466e-17,0.050525,0.04754
6.3249e-17,0.050459,0.047526
3.9682e-17,0.050394,0.047512
1.4794e-17,0.050327,0.0475
-1.1379e-17,0.050261,0.047488
-3.8794e-17,0.050194,0.047477
-6.7403e-17,0.050127,0.047466
-9.7147e-17,0.05006,0.047457
-1.2796e-16,0.049994,0.047449
-1.5978e-16,0.049927,0.047441
-1.9252e-16,0.049861,0.047434
-2.2609e-16,0.049795,0.047429
-2.6039e-16,0.04973,0.047424
-2.9534e-16,0.049666,0.047421
-3.3081e-16,0.049602,0.047418
-3.6669e-16,0.049539,0.047417
-4.0285e-16,0.049478,0.047416
-4.3917e-16,0.049417,0.047417
-4.7549e-16,0.049358,0.047418
-5.1168e-16,0.0493,0.047421
-5.4759e-16,0.049244,0.047425
-5.8305e-16,0.04919,0.047429
-6.1789e-16,0.049137,0.047435
-6.5196e-16,0.049087,0.047442
-6.8506e-16,0.049038,0.04745
-7.1702e-16,0.048992,0.047459
-7.4766e-16,0.048948,0.047469
-7.7678e-16,0.048906,0.047479
-8.042e-16,0.048868,0.047491
-8.2971e-16,0.048831,0.047504
-8.5312e-16,0.048798,0.047518
-8.7424e-16,0.048768,0.047532
-8.9286e-16,0.04874,0.047548
-9.0879e-16,0.048716,0.047564
-9.2182e-16,0.048695,0.047581
-9.3177e-16,0.048677,0.047599
-9.3844e-16,0.048662,0.047618
-9.4165e-16,0.048651,0.047637
-9.412e-16,0.048642,0.047658
-9.3693e-16,0.048638,0.047678
-9.2866e-16,0.048636,0.0477
-9.1622e-16,0.048638,0.047722
-8.9947e-16,0.048644,0.047745
-8.7826e-16,0.048653,0.047768
-8.5245e-16,0.048665,0.047792
-8.2192e-16,0.04868,0.047816
-7.8656e-16,0.048698,0.04784
-7.4628e-16,0.04872,0.047865
-7.01e-16,0.048744,0.04789
-6.5066e-16,0.048771,0.047916
-5.9521e-16,0.048801,0.047941
-5.3462e-16,0.048834,0.047967
-4.6888e-16,0.048869,0.047993
-3.9801e-16,0.048906,0.048019
-3.2204e-16,0.048946,0.048045
-2.4103e-16,0.048987,0.048071
-1.5506e-16,0.049031,0.048097
-6.4222e-17,0.049075,0.048123
3.1346e-17,0.049122,0.048148
1.3149e-16,0.049169,0.048174
2.3604e-16,0.049218,0.048199
3.4478e-16,0.049267,0.048223
4.5748e-16,0.049316,0.048248
5.7388e-16,0.049366,0.048271
6.9369e-16,0.049417,0.048294
8.166e-16,0.049467,0.048317
9.4225e-16,0.049516,0.048339
1.0703e-15,0.049565,0.04836
1.2003e-15,0.049613,0.048381
1.3319e-15,0.049661,0.048401
1.4645e-15,0.049707,0.048419
1.5978e-15,0.049752,0.048437
1.7311e-15,0.049795,0.048454
1.864e-15,0.049836,0.04847
1.996e-15,0.049875,0.048485
2.1263e-15,0.049912,0.048499
2.2545e-15,0.049947,0.048512
2.3799e-15,0.04998,0.048524
2.5018e-15,0.050009,0.048534
2.6196e-15,0.050036,0.048543
2.7327e-15,0.050061,0.048551
2.8402e-15,0.050082,0.048558
2.9415e-15,0.0501,0.048564
3.036e-15,0.050115,0.048568
3.1228e-15,0.050127,0.048571
3.2012e-15,0.050136,0.048573
3.2706e-15,0.050141,0.048573
3.3302e-15,0.050143,0.048572
3.3792e-15,0.050141,0.04857
3.417e-15,0.050137,0.048566
3.4429e-15,0.050129,0.048561
3.456e-15,0.050117,0.048556
3.4559e-15,0.050103,0.048548
3.4418e-15,0.050085,0.04854
3.413e-15,0.050064,0.04853
3.3691e-15,0.050039,0.04852
3.3093e-15,0.050012,0.048508
3.2333e-15,0.049982,0.048495
3.1404e-15,0.049948,0.048481
3.0302e-15,0.049912,0.048467
2.9024e-15,0.049874,0.048451
2.7565e-15,0.049833,0.048434
2.5923e-15,0.049789,0.048417
2.4095e-15,0.049743,0.048399
2.208e-15,0.049695,0.048381
1.9877e-15,0.049645,0.048361
1.7484e-15,0.049593,0.048342
1.4903e-15,0.04954,0.048321
1.2135e-15,0.049485,0.048301
9.1809e-16,0.049429,0.04828
6.0445e-16,0.049371,0.048258
2.7293e-16,0.049312,0.048237
-7.6015e-17,0.049253,0.048216
-4.4184e-16,0.049193,0.048194
-8.2389e-16,0.049132,0.048172
-1.2214e-15,0.049071,0.048151
-1.6336e-15,0.04901,0.048129
-2.0594e-15,0.048948,0.048108
-2.4979e-15,0.048887,0.048087
-2.9479e-15,0.048827,0.048067
-3.4082e-15,0.048767,0.048046
-3.8773e-15,0.048707,0.048027
-4.3538e-15,0.048648,0.048007
-4.8362e-15,0.04859,0.047988
-5.3228e-15,0.048534,0.04797
-5.8118e-15,0.048479,0.047953
-6.3014e-15,0.048425,0.047936
-6.7896e-15,0.048372,0.047919
-7.2744e-15,0.048322,0.047904
-7.7537e-15,0.048273,0.047889
-8.2252e-15,0.048226,0.047875
-8.6867e-15,0.048181,0.047862
-9.1358e-15,0.048138,0.04785
-9.57e-15,0.048098,0.047838
-9.9869e-15,0.04806,0.047828
-1.0384e-14,0.048025,0.047818
-1.0759e-14,0.047991,0.047809
-1.1108e-14,0.047961,0.047802
-1.143e-14,0.047933,0.047795
-1.1722e-14,0.047908,0.047789
-1.198e-14,0.047886,0.047784
-1.2203e-14,0.047867,0.04778
-1.2387e-14,0.04785,0.047778
-1.253e-14,0.047837,0.047776
-1.263e-14,0.047826,0.047775
-1.2684e-14,0.047818,0.047775
-1.2689e-14,0.047813,0.047776
-1.2643e-14,0.047811,0.047778
-1.2543e-14,0.047812,0.047781
-1.2388e-14,0.047816,0.047785
-1.2175e-14,0.047823,0.04779
-1.1902e-14,0.047832,0.047796
-1.1568e-14,0.047845,0.047803
-1.1171e-14,0.04786,0.047811
-1.0709e-14,0.047878,0.04782
-1.018e-14,0.047898,0.047829
-9.5851e-15,0.047921,0.04784
-8.9217e-15,0.047947,0.047851
-8.1895e-15,0.047975,0.047863
-7.3881e-15,0.048005,0.047876
-6.5174e-15,0.048037,0.04789
-5.5775e-15,0.048072,0.047904
-4.5687e-15,0.048109,0.047919
-3.4918e-15,0.048147,0.047934
-2.3478e-15,0.048188,0.047951
-1.1379e-15,0.04823,0.047967
1.3615e-16,0.048274,0.047985
1.4724e-15,0.048319,0.048002
2.8685e-15,0.048366,0.048021
4.3217e-15,0.048414,0.048039
5.829e-15,0.048463,0.048058
7.387e-15,0.048513,0.048077
8.9918e-15,0.048564,0.048096
1.0639e-14,0.048615,0.048115
1.2325e-14,0.048667,0.048135
1.4044e-14,0.04872,0.048154
1.579e-14,0.048773,0.048174
1.7559e-14,0.048826,0.048193
1.9344e-14,0.048879,0.048212
2.1138e-14,0.048932,0.048231
2.2936e-14,0.048985,0.048249
2.4729e-14,0.049038,0.048267
2.651e-14,0.04909,0.048285
2.8272e-14,0.049141,0.048302
3.0007e-14,0.049192,0.048319
3.1705e-14,0.049242,0.048335
3.3359e-14,0.049292,0.048351
3.4959e-14,0.04934,0.048365
3.6497e-14,0.049387,0.048379
3.7963e-14,0.049433,0.048392
3.9348e-14,0.049478,0.048404
4.0642e-14,0.049521,0.048415
4.1835e-14,0.049563,0.048426
4.2917e-14,0.049604,0.048435
4.388e-14,0.049643,0.048443
4.4712e-14,0.049681,0.04845
4.5405e-14,0.049716,0.048456
4.5948e-14,0.049751,0.04846
4.6332e-14,0.049783,0.048464
4.6548e-14,0.049814,0.048466
4.6586e-14,0.049843,0.048467
4.6437e-14,0.04987,0.048467
4.6094e-14,0.049895,0.048465
4.5547e-14,0.049918,0.048462
4.4789e-14,0.04994,0.048458
4.3812e-14,0.04996,0.048452
4.2611e-14,0.049977,0.048445
4.1178e-14,0.049993,0.048437
3.9507e-14,0.050007,0.048427
3.7595e-14,0.050019,0.048416
3.5437e-14,0.05003,0.048404
3.3029e-14,0.050038,0.04839
3.0368e-14,0.050044,0.048375
2.7455e-14,0.050049,0.048359
2.4286e-14,0.050052,0.048342
2.0863e-14,0.050052,0.048324
1.7188e-14,0.050051,0.048304
1.3262e-14,0.050048,0.048283
9.0889e-15,0.050044,0.048261
4.6737e-15,0.050037,0.048238
2.2114e-17,0.050029,0.048215
-4.8586e-15,0.050019,0.04819
-9.9599e-15,0.050007,0.048164
-1.5272e-14,0.049994,0.048138
-2.0784e-14,0.049978,0.048111
-2.6484e-14,0.049961,0.048083
-3.2357e-14,0.049943,0.048055
-3.8388e-14,0.049922,0.048026
-4.4561e-14,0.0499,0.047997
-5.0858e-14,0.049877,0.047967
-5.726e-14,0.049852,0.047937
-6.3745e-14,0.049826,0.047907
-7.0291e-14,0.049798,0.047877
-7.6876e-14,0.049768,0.047846
-8.3474e-14,0.049738,0.047816
-9.0059e-14,0.049706,0.047786
-9.6605e-14,0.049672,0.047756
-1.0308e-13,0.049638,0.047727
-1.0946e-13,0.049602,0.047698
-1.1571e-13,0.049566,0.047669
-1.218e-13,0.049528,0.047641
-1.277e-13,0.04949,0.047614
-1.3337e-13,0.049451,0.047587
-1.3878e-13,0.049411,0.047561
-1.439e-13,0.049371,0.047537
-1.4869e-13,0.04933,0.047513
-1.5311e-13,0.049288,0.04749
-1.5713e-13,0.049247,0.047468
-1.6072e-13,0.049205,0.047448
-1.6382e-13,0.049163,0.047429
-1.6643e-13,0.049121,0.047411
-1.6848e-13,0.04908,0.047394
-1.6996e-13,0.049038,0.047379
-1.7082e-13,0.048997,0.047365
-1.7103e-13,0.048957,0.047353
-1.7056e-13,0.048917,0.047342
-1.6938e-13,0.048878,0.047333
-1.6745e-13,0.04884,0.047325
-1.6476e-13,0.048803,0.047319
-1.6126e-13,0.048767,0.047314
-1.5694e-13,0.048733,0.047311
-1.5177e-13,0.048699,0.04731
-1.4574e-13,0.048668,0.04731
-1.3882e-13,0.048638,0.047311
-1.3099e-13,0.048609,0.047314
-1.2225e-13,0.048583,0.047319
-1.1259e-13,0.048558,0.047324
-1.02e-13,0.048536,0.047332
-9.0467e-14,0.048515,0.04734
-7.8005e-14,0.048497,0.04735
-6.4613e-14,0.048481,0.047361
-5.0301e-14,0.048467,0.047373
-3.508e-14,0.048456,0.047386
-1.8969e-14,0.048447,0.0474
-1.987e-15,0.048441,0.047415
1.5839e-14,0.048437,0.047431
3.4479e-14,0.048436,0.047447
5.3897e-14,0.048437,0.047464
7.4053e-14,0.048441,0.047482
9.4903e-14,0.048447,0.0475
1.1639e-13,0.048455,0.047518
1.3847e-13,0.048467,0.047537
1.6108e-13,0.04848,0.047555
1.8415e-13,0.048496,0.047574
2.0761e-13,0.048515,0.047593
2.3139e-13,0.048535,0.047611
2.554e-13,0.048558,0.047629
2.7956e-13,0.048582,0.047646
3.0378e-13,0.048609,0.047663
3.2796e-13,0.048638,0.047679
3.5201e-13,0.048668,0.047695
3.7582e-13,0.0487,0.047709
3.9928e-13,0.048733,0.047723
4.2229e-13,0.048768,0.047736
4.4472e-13,0.048804,0.047747
4.6645e-13,0.048841,0.047758
4.8737e-13,0.048879,0.047767
5.0735e-13,0.048918,0.047775
5.2625e-13,0.048958,0.047781
5.4397e-13,0.048998,0.047786
5.6035e-13,0.049039,0.047789
5.7528e-13,0.049079,0.047791
5.8861e-13,0.04912,0.047791
6.0023e-13,0.049161,0.04779
6.0998e-13,0.049202,0.047787
6.1775e-13,0.049242,0.047783
6.2341e-13,0.049282,0.047776
6.2682e-13,0.049322,0.047769
6.2786e-13,0.04936,0.04776
6.2642e-13,0.049398,0.047749
6.2237e-13,0.049435,0.047737
6.1561e-13,0.049471,0.047723
6.0603e-13,0.049506,0.047708
5.9352e-13,0.04954,0.047692
5.78e-13,0.049572,0.047674
5.5937e-13,0.049603,0.047656
5.3757e-13,0.049632,0.047636
5.1252e-13,0.049659,0.047616
4.8416e-13,0.049685,0.047594
4.5245e-13,0.049709,0.047572
4.1735e-13,0.049732,0.04755
3.7883e-13,0.049752,0.047527
3.3688e-13,0.049771,0.047504
2.9151e-13,0.049787,0.04748
2.4272e-13,0.049801,0.047457
1.9055e-13,0.049814,0.047434
1.3504e-13,0.049824,0.047411
7.6247e-14,0.049832,0.047388
1.4253e-14,0.049838,0.047367
-5.0851e-14,0.049841,0.047346
-1.1896e-13,0.049843,0.047326
-1.8993e-13,0.049842,0.047307
-2.6364e-13,0.049838,0.047289
-3.399e-13,0.049833,0.047273
-4.1855e-13,0.049825,0.047259
-4.9938e-13,0.049816,0.047246
-5.8217e-13,0.049803,0.047235
-6.6668e-13,0.049789,0.047226
-7.5265e-13,0.049773,0.047219
-8.3982e-13,0.049754,0.047214
-9.2788e-13,0.049734,0.047211
-1.0165e-12,0.049711,0.047211
-1.1054e-12,0.049687,0.047213
-1.1942e-12,0.04966,0.047218
-1.2826e-12,0.049632,0.047226
-1.3701e-12,0.049602,0.047236
-1.4564e-12,0.04957,0.047249
-1.541e-12,0.049537,0.047265
-1.6236e-12,0.049502,0.047283
-1.7037e-12,0.049466,0.047304
-1.7808e-12,0.049428,0.047328
-1.8546e-12,0.049389,0.047355
-1.9244e-12,0.049349,0.047385
-1.99e-12,0.049308,0.047417
-2.0507e-12,0.049267,0.047452
-2.1061e-12,0.049224,0.047489
-2.1557e-12,0.049181,0.047529
-2.199e-12,0.049138,0.047572
-2.2356e-12,0.049094,0.047616
-2.265e-12,0.04905,0.047663
-2.2866e-12,0.049006,0.047712
-2.3e-12,0.048962,0.047762
-2.3048e-12,0.048918,0.047815
-2.3006e-12,0.048875,0.047869
-2.2868e-12,0.048832,0.047924
-2.2631e-12,0.04879,0.047981
-2.229e-12,0.048749,0.048039
-2.1843e-12,0.048709,0.048097
-2.1285e-12,0.04867,0.048156
-2.0614e-12,0.048632,0.048216
-1.9827e-12,0.048596,0.048276
-1.892e-12,0.048562,0.048336
-1.7893e-12,0.048529,0.048396
-1.6742e-12,0.048498,0.048455
-1.5467e-12,0.04847,0.048514
-1.4067e-12,0.048443,0.048572
-1.2541e-12,0.048419,0.048629
-1.0889e-12,0.048398,0.048685
-9.1116e-13,0.048379,0.048739
-7.2099e-13,0.048362,0.048792
-5.1855e-13,0.048349,0.048842
-3.0404e-13,0.048339,0.048891
-7.7731e-14,0.048331,0.048937
1.6003e-13,0.048327,0.048981
4.0885e-13,0.048326,0.049023
6.6827e-13,0.048328,0.049062
9.3777e-13,0.048333,0.049097
1.2167e-12,0.048342,0.04913
1.5045e-12,0.048354,0.04916
1.8004e-12,0.04837,0.049186
2.1036e-12,0.048389,0.049209
2.4131e-12,0.048411,0.049229
2.7282e-12,0.048437,0.049245
3.0478e-12,0.048466,0.049257
3.3707e-12,0.048499,0.049266
3.696e-12,0.048535,0.049272
4.0223e-12,0.048574,0.049273
4.3484e-12,0.048616,0.049271
4.673e-12,0.048662,0.049266
4.9946e-12,0.04871,0.049257
5.312e-12,0.048762,0.049244
5.6234e-12,0.048816,0.049228
5.9275e-12,0.048873,0.049208
6.2225e-12,0.048932,0.049185
6.507e-12,0.048994,0.049159
6.7791e-12,0.049058,0.04913
7.0372e-12,0.049125,0.049099
7.2795e-12,0.049193,0.049064
7.5044e-12,0.049263,0.049026
7.71e-12,0.049334,0.048987
7.8945e-12,0.049407,0.048945
8.0562e-12,0.049481,0.0489
8.1933e-12,0.049557,0.048854
8.304e-12,0.049633,0.048807
8.3865e-12,0.04971,0.048757
8.4393e-12,0.049787,0.048707
8.4604e-12,0.049864,0.048655
8.4485e-12,0.049942,0.048603
8.4017e-12,0.05002,0.04855
8.3187e-12,0.050097,0.048497
8.198e-12,0.050174,0.048443
8.0382e-12,0.05025,0.04839
7.838e-12,0.050325,0.048337
7.5962e-12,0.050399,0.048284
7.3118e-12,0.050472,0.048233
6.9839e-12,0.050544,0.048182
6.6116e-12,0.050614,0.048132
6.1942e-12,0.050682,0.048085
5.7312e-12,0.050749,0.048038
5.2222e-12,0.050813,0.047994
4.667e-12,0.050876,0.047952
4.0656e-12,0.050936,0.047911
3.4182e-12,0.050994,0.047874
2.7251e-12,0.051049,0.047839
1.9868e-12,0.051102,0.047807
1.2042e-12,0.051152,0.047778
3.7812e-13,0.051199,0.047752
-4.9015e-13,0.051244,0.047729
-1.3992e-12,0.051285,0.04771
-2.3473e-12,0.051324,0.047694
-3.3327e-12,0.05136,0.047681
-4.3531e-12,0.051392,0.047672
-5.4061e-12,0.051422,0.047667
-6.4891e-12,0.051448,0.047666
-7.5992e-12,0.051472,0.047668
-8.7333e-12,0.051492,0.047674
-9.8878e-12,0.051509,0.047684
-1.1059e-11,0.051524,0.047698
-1.2244e-11,0.051535,0.047716
-1.3437e-11,0.051543,0.047737
-1.4635e-11,0.051548,0.047761
-1.5832e-11,0.05155,0.04779
-1.7024e-11,0.051549,0.047821
-1.8207e-11,0.051546,0.047857
-1.9373e-11,0.051539,0.047895
-2.0519e-11,0.05153,0.047936
-2.1639e-11,0.051519,0.047981
-2.2726e-11,0.051505,0.048028
-2.3774e-11,0.051488,0.048078
-2.4779e-11,0.051469,0.04813
-2.5732e-11,0.051448,0.048185
-2.6628e-11,0.051425,0.048242
-2.7461e-11,0.051399,0.048301
-2.8224e-11,0.051372,0.048361
-2.891e-11,0.051343,0.048423
-2.9513e-11,0.051312,0.048486
-3.0026e-11,0.051279,0.04855
-3.0443e-11,0.051245,0.048615
-3.0758e-11,0.05121,0.04868
-3.0964e-11,0.051174,0.048746
-3.1055e-11,0.051136,0.048812
-3.1024e-11,0.051098,0.048878
-3.0867e-11,0.051058,0.048943
-3.0577e-11,0.051018,0.049008
-3.0149e-11,0.050978,0.049072
-2.9578e-11,0.050936,0.049135
-2.886e-11,0.050895,0.049197
-2.7989e-11,0.050854,0.049257
-2.6963e-11,0.050812,0.049315
-2.5776e-11,0.050771,0.049372
-2.4428e-11,0.05073,0.049427
-2.2913e-11,0.050689,0.049479
-2.1232e-11,0.050649,0.049529
-1.9382e-11,0.05061,0.049576
-1.7363e-11,0.050571,0.04962
-1.5174e-11,0.050534,0.049662
-1.2816e-11,0.050497,0.0497
-1.0289e-11,0.050462,0.049735
-7.5974e-12,0.050428,0.049767
-4.7419e-12,0.050395,0.049795
-1.7268e-12,0.050364,0.04982
1.4439e-12,0.050335,0.049841
4.7648e-12,0.050307,0.049858
8.23e-12,0.050282,0.049872
1.1833e-11,0.050258,0.049881
1.5565e-11,0.050236,0.049887
1.9418e-11,0.050217,0.049889
2.3382e-11,0.0502,0.049887
2.7446e-11,0.050185,0.049881
3.16e-11,0.050172,0.049871
3.5831e-11,0.050162,0.049858
4.0125e-11,0.050154,0.04984
4.4469e-11,0.050149,0.049819
4.8846e-11,0.050147,0.049794
5.3241e-11,0.050147,0.049765
5.7638e-11,0.050149,0.049733
6.2018e-11,0.050155,0.049697
6.6363e-11,0.050162,0.049658
7.0653e-11,0.050173,0.049616
7.4869e-11,0.050186,0.04957
7.899e-11,0.050201,0.049522
8.2995e-11,0.050219,0.049471
8.686e-11,0.05024,0.049417
9.0566e-11,0.050262,0.049361
9.4087e-11,0.050288,0.049303
9.7401e-11,0.050315,0.049242
1.0048e-10,0.050345,0.04918
1.0331e-10,0.050376,0.049116
1.0586e-10,0.05041,0.04905
1.0811e-10,0.050446,0.048983
1.1003e-10,0.050483,0.048915
1.1161e-10,0.050522,0.048846
1.128e-10,0.050563,0.048777
1.136e-10,0.050605,0.048707
1.1398e-10,0.050648,0.048636
1.1392e-10,0.050692,0.048566
1.134e-10,0.050738,0.048496
1.1239e-10,0.050784,0.048426
1.1087e-10,0.05083,0.048357
1.0883e-10,0.050878,0.048288
1.0626e-10,0.050925,0.048221
1.0312e-10,0.050973,0.048154
9.9417e-11,0.05102,0.048089
9.5127e-11,0.051067,0.048026
9.0241e-11,0.051114,0.047964
8.4749e-11,0.051161,0.047904
7.8645e-11,0.051206,0.047846
7.1922e-11,0.051251,0.04779
6.4577e-11,0.051295,0.047736
5.6609e-11,0.051337,0.047685
4.802e-11,0.051378,0.047636
3.8814e-11,0.051417,0.047589
2.8997e-11,0.051455,0.047546
1.858e-11,0.051491,0.047505
7.5753e-12,0.051524,0.047467
-4.0024e-12,0.051556,0.047432
-1.6134e-11,0.051585,0.0474
-2.8798e-11,0.051612,0.04737
-4.1968e-11,0.051636,0.047344
-5.5618e-11,0.051657,0.047321
-6.9715e-11,0.051676,0.047301
-8.4224e-11,0.051691,0.047283
-9.9107e-11,0.051704,0.047269
-1.1432e-10,0.051714,0.047258
-1.2982e-10,0.05172,0.047249
-1.4556e-10,0.051724,0.047244
-1.6149e-10,0.051724,0.047241
-1.7755e-10,0.051721,0.047241
-1.9368e-10,0.051714,0.047243
-2.0982e-10,0.051705,0.047248
-2.2591e-10,0.051691,0.047256
-2.4188e-10,0.051675,0.047265
-2.5765e-10,0.051655,0.047277
-2.7316e-10,0.051632,0.047291
-2.8833e-10,0.051606,0.047307
-3.0308e-10,0.051576,0.047325
-3.1733e-10,0.051543,0.047345
-3.31e-10,0.051507,0.047366
-3.4401e-10,0.051468,0.047388
-3.5626e-10,0.051426,0.047412
-3.6768e-10,0.051381,0.047436
-3.7817e-10,0.051333,0.047462
-3.8765e-10,0.051283,0.047488
-3.9602e-10,0.05123,0.047514
-4.0321e-10,0.051175,0.047541
-4.0913e-10,0.051117,0.047568
-4.1368e-10,0.051057,0.047596
-4.1678e-10,0.050995,0.047623
-4.1834e-10,0.050931,0.047649
-4.183e-10,0.050865,0.047675
-4.1656e-10,0.050798,0.047701
-4.1305e-10,0.050729,0.047725
-4.0769e-10,0.050659,0.047749
-4.0043e-10,0.050588,0.047771
-3.9119e-10,0.050516,0.047792
-3.7991e-10,0.050444,0.047812
-3.6654e-10,0.05037,0.04783
-3.5102e-10,0.050296,0.047846
-3.3333e-10,0.050222,0.04786
-3.1342e-10,0.050148,0.047873
-2.9125e-10,0.050074,0.047883
-2.6682e-10,0.050001,0.047891
-2.4011e-10,0.049927,0.047897
-2.1111e-10,0.049854,0.0479
-1.7983e-10,0.049782,0.047901
-1.4628e-10,0.049711,0.0479
-1.1049e-10,0.049641,0.047895
-7.2488e-11,0.049572,0.047889
-3.2322e-11,0.049504,0.047879
9.9515e-12,0.049437,0.047867
5.4267e-11,0.049372,0.047852
1.0054e-10,0.049309,0.047834
1.487e-10,0.049247,0.047814
1.9862e-10,0.049187,0.04779
2.5019e-10,0.049129,0.047764
3.0329e-10,0.049073,0.047736
3.5778e-10,0.049019,0.047704
4.1351e-10,0.048967,0.04767
4.7031e-10,0.048917,0.047634
5.2801e-10,0.04887,0.047595
5.8641e-10,0.048824,0.047554
6.4531e-10,0.048781,0.04751
7.0451e-10,0.04874,0.047464
7.6377e-10,0.048702,0.047416
8.2286e-10,0.048666,0.047366
8.8154e-10,0.048632,0.047314
9.3953e-10,0.048601,0.04726
9.9659e-10,0.048572,0.047205
1.0524e-09,0.048546,0.047148
1.1068e-09,0.048522,0.047089
1.1593e-09,0.048501,0.04703
1.2097e-09,0.048482,0.046969
1.2577e-09,0.048465,0.046907
1.303e-09,0.048451,0.046844
1.3453e-09,0.048439,0.046781
1.3842e-09,0.04843,0.046718
1.4194e-09,0.048423,0.046653
1.4506e-09,0.048419,0.046589
1.4775e-09,0.048417,0.046525
1.4997e-09,0.048417,0.046461
1.517e-09,0.04842,0.046398
1.529e-09,0.048425,0.046335
1.5354e-09,0.048433,0.046273
1.5358e-09,0.048442,0.046211
1.5301e-09,0.048455,0.046151
1.518e-09,0.048469,0.046092
1.4991e-09,0.048486,0.046035
1.4732e-09,0.048505,0.045979
1.4401e-09,0.048526,0.045925
1.3995e-09,0.04855,0.045873
1.3513e-09,0.048576,0.045824
1.2952e-09,0.048604,0.045776
1.2311e-09,0.048634,0.045732
1.1589e-09,0.048667,0.04569
1.0784e-09,0.048702,0.04565
9.8968e-10,0.048738,0.045614
8.9253e-10,0.048777,0.045581
7.8699e-10,0.048818,0.045551
6.7308e-10,0.048862,0.045525
5.5083e-10,0.048907,0.045502
4.2034e-10,0.048954,0.045483
2.8172e-10,0.049003,0.045468
1.3513e-10,0.049054,0.045456
-1.9219e-11,0.049108,0.045449
-1.8109e-10,0.049163,0.045446
-3.502e-10,0.049219,0.045446
-5.2622e-10,0.049278,0.045451
-7.0878e-10,0.049338,0.04546
-8.9747e-10,0.0494,0.045474
-1.0918e-09,0.049464,0.045491
-1.2913e-09,0.049529,0.045513
-1.4954e-09,0.049596,0.045539
-1.7035e-09,0.049664,0.04557
-1.915e-09,0.049734,0.045605
-2.1291e-09,0.049805,0.045644
-2.3452e-09,0.049877,0.045687
-2.5624e-09,0.04995,0.045734
-2.78e-09,0.050024,0.045785
-2.997e-09,0.050099,0.04584
-3.2126e-09,0.050175,0.045899
-3.4258e-09,0.050252,0.045961
-3.6357e-09,0.050329,0.046027
-3.8412e-09,0.050406,0.046097
-4.0413e-09,0.050484,0.046169
-4.2349e-09,0.050561,0.046245
-4.4209e-09,0.050639,0.046323
-4.5982e-09,0.050717,0.046403
-4.7656e-09,0.050794,0.046487
-4.922e-09,0.050871,0.046572
-5.0662e-09,0.050947,0.046659
-5.197e-09,0.051022,0.046747
-5.3133e-09,0.051096,0.046837
-5.4138e-09,0.051168,0.046928
-5.4973e-09,0.05124,0.04702
-5.5627e-09,0.051309,0.047112
-5.6089e-09,0.051377,0.047204
-5.6346e-09,0.051442,0.047297
-5.6388e-09,0.051506,0.047388
-5.6204e-09,0.051566,0.047479
-5.5784e-09,0.051624,0.047569
-5.5118e-09,0.051679,0.047658
-5.4196e-09,0.051731,0.047745
-5.3009e-09,0.051779,0.04783
-5.155e-09,0.051824,0.047913
-4.981e-09,0.051865,0.047993
-4.7784e-09,0.051902,0.048071
-4.5464e-09,0.051935,0.048146
-4.2846e-09,0.051964,0.048217
-3.9926e-09,0.051988,0.048285
-3.6701e-09,0.052007,0.048348
-3.3168e-09,0.052022,0.048408
-2.9328e-09,0.052032,0.048464
-2.518e-09,0.052037,0.048516
-2.0725e-09,0.052037,0.048563
-1.5968e-09,0.052031,0.048605
-1.0912e-09,0.052021,0.048642
-5.5623e-10,0.052005,0.048674
7.3004e-12,0.051984,0.048702
5.9855e-10,0.051958,0.048724
1.2165e-09,0.051927,0.048741
1.8599e-09,0.051891,0.048753
2.5275e-09,0.05185,0.048759
3.2178e-09,0.051804,0.048761
3.929e-09,0.051753,0.048757
4.6594e-09,0.051697,0.048748
5.4069e-09,0.051637,0.048734
6.1694e-09,0.051573,0.048716
6.9444e-09,0.051505,0.048692
7.7295e-09,0.051434,0.048664
8.522e-09,0.051358,0.048631
9.3191e-09,0.05128,0.048594
1.0118e-08,0.051198,0.048553
1.0915e-08,0.051114,0.048508
1.1707e-08,0.051028,0.04846
1.2491e-08,0.05094,0.048408
1.3263e-08,0.05085,0.048352
1.4019e-08,0.050759,0.048294
1.4756e-08,0.050667,0.048234
1.5469e-08,0.050574,0.048171
1.6156e-08,0.050481,0.048106
1.681e-08,0.050388,0.048039
1.7429e-08,0.050296,0.047971
1.8008e-08,0.050204,0.047902
1.8542e-08,0.050114,0.047832
1.9028e-08,0.050025,0.047762
1.9461e-08,0.049938,0.047691
1.9836e-08,0.049853,0.04762
2.015e-08,0.04977,0.047549
2.0397e-08,0.049689,0.047479
2.0575e-08,0.049612,0.04741
2.0677e-08,0.049538,0.047342
2.0702e-08,0.049467,0.047275
2.0644e-08,0.049399,0.04721
2.0499e-08,0.049335,0.047146
2.0264e-08,0.049275,0.047084
1.9936e-08,0.049219,0.047024
1.9512e-08,0.049167,0.046967
1.8987e-08,0.049119,0.046911
1.836e-08,0.049076,0.046859
1.7627e-08,0.049036,0.046808
1.6788e-08,0.049001,0.04676
1.5839e-08,0.04897,0.046715
1.4779e-08,0.048943,0.046673
1.3607e-08,0.048921,0.046633
1.2323e-08,0.048903,0.046596
1.0926e-08,0.048888,0.046562
9.4151e-09,0.048878,0.046531
7.7922e-09,0.048872,0.046502
6.0579e-09,0.048869,0.046477
4.2137e-09,0.04887,0.046453
2.2617e-09,0.048874,0.046433
2.0441e-10,0.048882,0.046414
-1.955e-09,0.048892,0.046399
-4.2129e-09,0.048906,0.046385
-6.5648e-09,0.048922,0.046374
-9.0061e-09,0.048941,0.046366
-1.1531e-08,0.048962,0.046359
-1.4134e-08,0.048986,0.046354
-1.6808e-08,0.049011,0.046351
-1.9545e-08,0.049037,0.04635
-2.2338e-08,0.049066,0.046351
-2.5179e-08,0.049095,0.046353
-2.8057e-08,0.049126,0.046357
-3.0964e-08,0.049157,0.046363
-3.3888e-08,0.049189,0.04637
-3.682e-08,0.049221,0.046378
-3.9747e-08,0.049254,0.046388
-4.2658e-08,0.049287,0.046398
-4.5539e-08,0.049319,0.04641
-4.8378e-08,0.049352,0.046424
-5.1161e-08,0.049383,0.046438
-5.3874e-08,0.049414,0.046453
-5.6503e-08,0.049445,0.046469
-5.9033e-08,0.049474,0.046487
-6.1449e-08,0.049503,0.046505
-6.3736e-08,0.04953,0.046525
-6.5877e-08,0.049556,0.046545
-6.7857e-08,0.04958,0.046566
-6.966e-08,0.049604,0.046589
-7.1271e-08,0.049625,0.046612
-7.2672e-08,0.049645,0.046636
-7.3849e-08,0.049664,0.046661
-7.4785e-08,0.049681,0.046688
-7.5464e-08,0.049696,0.046715
-7.5872e-08,0.049709,0.046743
-7.5993e-08,0.049721,0.046772
-7.5813e-08,0.04973,0.046802
-7.5317e-08,0.049738,0.046833
-7.4493e-08,0.049744,0.046865
-7.3326e-08,0.049748,0.046897
-7.1805e-08,0.049751,0.046931
-6.992e-08,0.049751,0.046965
-6.7658e-08,0.04975,0.047
-6.5012e-08,0.049747,0.047036
-6.1972e-08,0.049743,0.047072
-5.8532e-08,0.049736,0.04711
-5.4686e-08,0.049728,0.047147
-5.043e-08,0.049719,0.047186
-4.576e-08,0.049708,0.047224
-4.0674e-08,0.049695,0.047263
-3.5174e-08,0.049681,0.047303
-2.9261e-08,0.049666,0.047343
-2.2938e-08,0.049649,0.047382
-1.6211e-08,0.049631,0.047422
-9.0875e-09,0.049612,0.047462
-1.5761e-09,0.049592,0.047502
6.3115e-09,0.049571,0.047542
1.4562e-08,0.049548,0.047581
2.316e-08,0.049525,0.04762
3.2088e-08,0.049501,0.047658
4.1326e-08,0.049477,0.047696
5.0851e-08,0.049451,0.047733
6.064e-08,0.049426,0.047769
7.0666e-08,0.049399,0.047805
8.09e-08,0.049372,0.047839
9.1311e-08,0.049345,0.047872
1.0187e-07,0.049318,0.047904
1.1253e-07,0.049291,0.047935
1.2326e-07,0.049263,0.047965
1.3402e-07,0.049236,0.047993
1.4477e-07,0.049209,0.048019
1.5547e-07,0.049182,0.048044
1.6606e-07,0.049155,0.048068
1.765e-07,0.049129,0.04809
1.8674e-07,0.049103,0.048109
1.9674e-07,0.049078,0.048128
2.0643e-07,0.049053,0.048144
2.1576e-07,0.04903,0.048159
2.2468e-07,0.049007,0.048172
2.3313e-07,0.048985,0.048183
2.4105e-07,0.048965,0.048192
2.4839e-07,0.048945,0.048199
2.5508e-07,0.048927,0.048205
2.6108e-07,0.04891,0.048208
2.6631e-07,0.048894,0.048211
2.7072e-07,0.04888,0.048211
2.7426e-07,0.048868,0.04821
2.7686e-07,0.048857,0.048207
2.7847e-07,0.048848,0.048203
2.7904e-07,0.048841,0.048197
2.785e-07,0.048835,0.04819
2.7681e-07,0.048832,0.048182
2.7392e-07,0.04883,0.048173
2.6978e-07,0.048831,0.048163
2.6434e-07,0.048834,0.048151
2.5756e-07,0.048838,0.048139
2.4942e-07,0.048845,0.048126
2.3986e-07,0.048854,0.048112
2.2886e-07,0.048865,0.048098
2.1639e-07,0.048879,0.048083
2.0244e-07,0.048894,0.048068
1.8697e-07,0.048912,0.048053
1.6999e-07,0.048931,0.048037
1.5149e-07,0.048953,0.048021
1.3146e-07,0.048977,0.048005
1.0992e-07,0.049003,0.04799
8.6867e-08,0.049031,0.047974
6.2329e-08,0.049061,0.047958
3.633e-08,0.049093,0.047943
8.9027e-09,0.049127,0.047927
-1.9911e-08,0.049162,0.047912
-5.0065e-08,0.049199,0.047898
-8.1501e-08,0.049237,0.047883
-1.1416e-07,0.049277,0.047869
-1.4796e-07,0.049318,0.047855
-1.8283e-07,0.04936,0.047842
-2.1868e-07,0.049403,0.047829
-2.5541e-07,0.049447,0.047816
-2.9292e-07,0.049491,0.047803
-3.311e-07,0.049536,0.04779
-3.6981e-07,0.049582,0.047778
-4.0894e-07,0.049627,0.047766
-4.4835e-07,0.049673,0.047754
-4.8788e-07,0.049719,0.047741
-5.274e-07,0.049764,0.047729
-5.6672e-07,0.049809,0.047717
-6.057e-07,0.049853,0.047704
-6.4415e-07,0.049897,0.047691
-6.8189e-07,0.04994,0.047678
-7.1873e-07,0.049982,0.047664
-7.5449e-07,0.050022,0.04765
-7.8897e-07,0.050061,0.047635
-8.2195e-07,0.050099,0.04762
-8.5324e-07,0.050134,0.047604
-8.8263e-07,0.050168,0.047587
-9.099e-07,0.050201,0.04757
-9.3484e-07,0.050231,0.047552
-9.5724e-07,0.050259,0.047533
-9.7687e-07,0.050284,0.047513
-9.9353e-07,0.050308,0.047492
-1.007e-06,0.050328,0.04747
-1.0171e-06,0.050347,0.047448
-1.0235e-06,0.050362,0.047425
-1.0262e-06,0.050375,0.0474
-1.0249e-06,0.050385,0.047375
-1.0193e-06,0.050393,0.04735
-1.0094e-06,0.050398,0.047323
-9.9489e-07,0.050399,0.047296
-9.7568e-07,0.050398,0.047269
-9.516e-07,0.050394,0.047241
-9.225e-07,0.050388,0.047212
-8.8825e-07,0.050378,0.047183
-8.4875e-07,0.050366,0.047154
-8.0389e-07,0.05035,0.047125
-7.5359e-07,0.050333,0.047097
-6.9779e-07,0.050312,0.047068
-6.3644e-07,0.050289,0.04704
-5.6953e-07,0.050264,0.047012
-4.9704e-07,0.050236,0.046984
-4.1901e-07,0.050206,0.046958
-3.3547e-07,0.050174,0.046932
-2.4649e-07,0.050139,0.046907
-1.5216e-07,0.050103,0.046883
-5.2616e-08,0.050065,0.046861
5.2008e-08,0.050026,0.04684
1.6153e-07,0.049985,0.046821
2.7575e-07,0.049943,0.046803
3.9444e-07,0.0499,0.046787
5.1733e-07,0.049856,0.046773
6.4413e-07,0.049811,0.046761
7.7451e-07,0.049766,0.04675
9.0813e-07,0.049721,0.046743
1.0446e-06,0.049675,0.046737
1.1835e-06,0.04963,0.046734
1.3244e-06,0.049585,0.046732
1.4668e-06,0.04954,0.046734
1.6102e-06,0.049496,0.046738
1.7541e-06,0.049454,0.046744
1.898e-06,0.049412,0.046753
2.0411e-06,0.049371,0.046764
2.183e-06,0.049332,0.046778
2.3229e-06,0.049295,0.046794
2.4602e-06,0.049259,0.046813
2.5943e-06,0.049226,0.046834
2.7243e-06,0.049194,0.046857
2.8497e-06,0.049166,0.046883
2.9696e-06,0.049139,0.046911
3.0833e-06,0.049115,0.046941
3.19e-06,0.049094,0.046973
3.2889e-06,0.049076,0.047008
3.3793e-06,0.04906,0.047044
3.4603e-06,0.049048,0.047082
3.5312e-06,0.049039,0.047121
3.5912e-06,0.049033,0.047162
3.6395e-06,0.04903,0.047205
3.6753e-06,0.049031,0.047249
3.6979e-06,0.049034,0.047294
3.7064e-06,0.049041,0.04734
3.7003e-06,0.049052,0.047387
3.6787e-06,0.049065,0.047435
3.641e-06,0.049082,0.047484
3.5866e-06,0.049102,0.047533
3.5149e-06,0.049126,0.047583
3.4252e-06,0.049152,0.047633
3.3171e-06,0.049181,0.047683
3.1901e-06,0.049214,0.047733
3.0438e-06,0.049249,0.047784
2.8778e-06,0.049287,0.047834
2.6918e-06,0.049327,0.047884
2.4856e-06,0.04937,0.047934
2.259e-06,0.049416,0.047983
2.012e-06,0.049463,0.048031
1.7446e-06,0.049513,0.048079
1.4568e-06,0.049565,0.048127
1.1488e-06,0.049618,0.048173
8.2081e-07,0.049673,0.048219
4.7327e-07,0.049729,0.048263
1.066e-07,0.049787,0.048307
-2.7864e-07,0.049846,0.04835
-6.8179e-07,0.049905,0.048391
-1.1021e-06,0.049965,0.048431
-1.5386e-06,0.050026,0.04847
-1.9905e-06,0.050087,0.048508
-2.4565e-06,0.050148,0.048545
-2.9355e-06,0.050209,0.04858
-3.426e-06,0.05027,0.048614
-3.9268e-06,0.05033,0.048646
-4.4362e-06,0.050389,0.048677
-4.9524e-06,0.050448,0.048707
-5.4738e-06,0.050506,0.048736
-5.9984e-06,0.050563,0.048763
-6.5242e-06,0.050618,0.048789
-7.0489e-06,0.050672,0.048813
-7.5705e-06,0.050724,0.048836
-8.0865e-06,0.050774,0.048858
-8.5945e-06,0.050822,0.048879
-9.0919e-06,0.050869,0.048899
-9.5761e-06,0.050913,0.048917
-1.0044e-05,0.050954,0.048935
-1.0494e-05,0.050993,0.048951
-1.0922e-05,0.05103,0.048967
-1.1325e-05,0.051064,0.048981
-1.1701e-05,0.051096,0.048995
-1.2046e-05,0.051124,0.049008
-1.2357e-05,0.05115,0.04902
-1.2631e-05,0.051173,0.049031
-1.2866e-05,0.051192,0.049042
-1.3057e-05,0.051209,0.049052
-1.3201e-05,0.051223,0.049062
-1.3297e-05,0.051233,0.049071
-1.3339e-05,0.051241,0.04908
-1.3326e-05,0.051246,0.049088
-1.3254e-05,0.051247,0.049097
-1.3121e-05,0.051245,0.049105
-1.2923e-05,0.051241,0.049112
-1.2657e-05,0.051233,0.04912
-1.2321e-05,0.051222,0.049128
-1.1912e-05,0.051209,0.049136
-1.1428e-05,0.051193,0.049144
-1.0867e-05,0.051173,0.049152
-1.0226e-05,0.051151,0.04916
-9.5034e-06,0.051127,0.049168
-8.6973e-06,0.0511,0.049177
-7.8062e-06,0.05107,0.049186
-6.8288e-06,0.051038,0.049195
-5.7638e-06,0.051004,0.049205
-4.6106e-06,0.050967,0.049215
-3.3683e-06,0.050929,0.049225
-2.0368e-06,0.050889,0.049236
-6.1586e-07,0.050846,0.049247
8.9422e-07,0.050802,0.049258
2.4929e-06,0.050757,0.04927
4.1794e-06,0.05071,0.049283
5.9524e-06,0.050662,0.049295
7.8106e-06,0.050613,0.049309
9.752e-06,0.050563,0.049322
1.1774e-05,0.050512,0.049336
1.3875e-05,0.05046,0.049351
1.6052e-05,0.050408,0.049366
1.8301e-05,0.050355,0.049381
2.0619e-05,0.050302,0.049397
2.3002e-05,0.05025,0.049412
2.5446e-05,0.050197,0.049429
2.7945e-05,0.050144,0.049445
3.0496e-05,0.050092,0.049461
3.3093e-05,0.050041,0.049478
3.573e-05,0.04999,0.049495
3.8401e-05,0.04994,0.049512
4.11e-05,0.049891,0.049529
4.3821e-05,0.049843,0.049546
4.6557e-05,0.049796,0.049563
4.9301e-05,0.049751,0.04958
5.2046e-05,0.049707,0.049597
5.4784e-05,0.049665,0.049613
5.7509e-05,0.049625,0.049629
6.0211e-05,0.049586,0.049645
6.2884e-05,0.049549,0.049661
6.552e-05,0.049514,0.049676
6.811e-05,0.049482,0.049691
7.0646e-05,0.049451,0.049705
7.3122e-05,0.049423,0.049719
7.5528e-05,0.049396,0.049732
7.7857e-05,0.049372,0.049745
8.0101e-05,0.04935,0.049756
8.2252e-05,0.049331,0.049767
8.4304e-05,0.049314,0.049777
8.625e-05,0.049299,0.049786
8.8081e-05,0.049286,0.049794
8.9792e-05,0.049275,0.049802
9.1377e-05,0.049267,0.049808
9.2829e-05,0.049261,0.049813
9.4144e-05,0.049256,0.049817
9.5316e-05,0.049254,0.04982
9.6341e-05,0.049254,0.049821
9.7216e-05,0.049256,0.049821
9.7936e-05,0.049259,0.04982
9.8499e-05,0.049264,0.049818
9.8902e-05,0.049271,0.049814
9.9145e-05,0.049279,0.049809
9.9226e-05,0.049289,0.049802
9.9145e-05,0.049299,0.049794
9.8902e-05,0.049311,0.049785
9.8499e-05,0.049324,0.049773
9.7936e-05,0.049337,0.049761
9.7216e-05,0.049351,0.049746
9.6341e-05,0.049366,0.049731
9.5316e-05,0.049381,0.049713
9.4144e-05,0.049397,0.049694
9.2829e-05,0.049412,0.049673
9.1377e-05,0.049428,0.049651
8.9792e-05,0.049443,0.049628
8.8081e-05,0.049458,0.049602
8.625e-05,0.049473,0.049575
8.4304e-05,0.049487,0.049547
8.2252e-05,0.049501,0.049517
8.0101e-05,0.049513,0.049486
7.7857e-05,0.049525,0.049453
7.5528e-05,0.049535,0.049419
7.3122e-05,0.049545,0.049384
7.0646e-05,0.049553,0.049348
6.811e-05,0.04956,0.04931
6.552e-05,0.049565,0.049271
6.2884e-05,0.049569,0.049231
6.0211e-05,0.049571,0.049191
5.7509e-05,0.049571,0.049149
5.4784e-05,0.049569,0.049106
5.2046e-05,0.049566,0.049063
4.9301e-05,0.049561,0.049019
4.6557e-05,0.049553,0.048975
4.3821e-05,0.049544,0.04893
4.11e-05,0.049533,0.048885
3.8401e-05,0.049519,0.04884
3.573e-05,0.049504,0.048795
3.3093e-05,0.049486,0.048749
3.0496e-05,0.049467,0.048704
2.7945e-05,0.049445,0.048658
2.5446e-05,0.049422,0.048613
2.3002e-05,0.049396,0.048569
2.0619e-05,0.049369,0.048524
1.8301e-05,0.04934,0.048481
1.6052e-05,0.049309,0.048438
1.3875e-05,0.049276,0.048395
1.1774e-05,0.049242,0.048354
9.752e-06,0.049206,0.048313
7.8106e-06,0.049169,0.048273
5.9524e-06,0.04913,0.048234
4.1794e-06,0.049091,0.048196
2.4929e-06,0.04905,0.04816
8.9422e-07,0.049008,0.048124
-6.1586e-07,0.048966,0.048089
-2.0368e-06,0.048923,0.048056
-3.3683e-06,0.048879,0.048024
-4.6106e-06,0.048835,0.047994
-5.7638e-06,0.048791,0.047964
-6.8288e-06,0.048747,0.047936
-7.8062e-06,0.048703,0.047909
-8.6973e-06,0.04866,0.047884
-9.5034e-06,0.048616,0.04786
-1.0226e-05,0.048574,0.047837
-1.0867e-05,0.048532,0.047816
-1.1428e-05,0.048491,0.047796
-1.1912e-05,0.048452,0.047777
-1.2321e-05,0.048413,0.04776
-1.2657e-05,0.048376,0.047744
-1.2923e-05,0.048341,0.047729
-1.3121e-05,0.048308,0.047715
-1.3254e-05,0.048276,0.047703
-1.3326e-05,0.048246,0.047692
-1.3339e-05,0.048219,0.047682
-1.3297e-05,0.048194,0.047673
-1.3201e-05,0.048171,0.047665
-1.3057e-05,0.048151,0.047659
-1.2866e-05,0.048134,0.047653
-1.2631e-05,0.048119,0.047649
-1.2357e-05,0.048107,0.047645
-1.2046e-05,0.048099,0.047643
-1.1701e-05,0.048093,0.047642
-1.1325e-05,0.04809,0.047641
-1.0922e-05,0.04809,0.047642
-1.0494e-05,0.048094,0.047644
-1.0044e-05,0.048101,0.047646
-9.5761e-06,0.048111,0.04765
-9.0919e-06,0.048124,0.047654
-8.5945e-06,0.04814,0.047659
-8.0865e-06,0.04816,0.047666
-7.5705e-06,0.048183,0.047673
-7.0489e-06,0.048209,0.047681
-6.5242e-06,0.048238,0.047691
-5.9984e-06,0.048271,0.047701
-5.4738e-06,0.048306,0.047712
-4.9524e-06,0.048345,0.047724
-4.4362e-06,0.048386,0.047738
-3.9268e-06,0.04843,0.047752
-3.426e-06,0.048477,0.047768
-2.9355e-06,0.048526,0.047784
-2.4565e-06,0.048578,0.047802
-1.9905e-06,0.048632,0.047821
-1.5386e-06,0.048688,0.047841
-1.1021e-06,0.048747,0.047862
-6.8179e-07,0.048807,0.047885
-2.7864e-07,0.04887,0.047908
1.066e-07,0.048934,0.047933
4.7327e-07,0.048999,0.047959
8.2081e-07,0.049066,0.047986
1.1488e-06,0.049134,0.048014
1.4568e-06,0.049203,0.048044
1.7446e-06,0.049273,0.048075
2.012e-06,0.049343,0.048106
2.259e-06,0.049414,0.048139
2.4856e-06,0.049486,0.048173
2.6918e-06,0.049557,0.048208
2.8778e-06,0.049629,0.048244
3.0438e-06,0.0497,0.04828
3.1901e-06,0.049771,0.048318
3.3171e-06,0.049841,0.048357
3.4252e-06,0.04991,0.048396
3.5149e-06,0.049979,0.048436
3.5866e-06,0.050047,0.048477
3.641e-06,0.050113,0.048518
3.6787e-06,0.050178,0.04856
3.7003e-06,0.050242,0.048602
3.7064e-06,0.050304,0.048645
3.6979e-06,0.050364,0.048688
3.6753e-06,0.050422,0.048731
3.6395e-06,0.050478,0.048775
3.5912e-06,0.050532,0.048818
3.5312e-06,0.050584,0.048862
3.4603e-06,0.050633,0.048905
3.3793e-06,0.05068,0.048949
3.2889e-06,0.050724,0.048992
3.19e-06,0.050766,0.049035
3.0833e-06,0.050804,0.049078
2.9696e-06,0.050841,0.04912
2.8497e-06,0.050874,0.049162
2.7243e-06,0.050905,0.049203
2.5943e-06,0.050932,0.049243
2.4602e-06,0.050957,0.049283
2.3229e-06,0.050979,0.049323
2.183e-06,0.050998,0.049361
2.0411e-06,0.051014,0.049399
1.898e-06,0.051027,0.049436
1.7541e-06,0.051038,0.049472
1.6102e-06,0.051045,0.049507
1.4668e-06,0.05105,0.049542
1.3244e-06,0.051052,0.049575
1.1835e-06,0.051051,0.049607
1.0446e-06,0.051048,0.049639
9.0813e-07,0.051042,0.049669
7.7451e-07,0.051033,0.049699
6.4413e-07,0.051022,0.049727
5.1733e-07,0.051009,0.049754
3.9444e-07,0.050994,0.049781
2.7575e-07,0.050976,0.049806
1.6153e-07,0.050956,0.049831
5.2008e-08,0.050934,0.049854
-5.2616e-08,0.05091,0.049876
-1.5216e-07,0.050885,0.049898
-2.4649e-07,0.050857,0.049918
-3.3547e-07,0.050828,0.049938
-4.1901e-07,0.050798,0.049957
-4.9704e-07,0.050766,0.049975
-5.6953e-07,0.050733,0.049992
-6.3644e-07,0.050698,0.050008
-6.9779e-07,0.050663,0.050024
-7.5359e-07,0.050626,0.050039
-8.0389e-07,0.050588,0.050053
-8.4875e-07,0.05055,0.050067
-8.8825e-07,0.05051,0.05008
-9.225e-07,0.050471,0.050093
-9.516e-07,0.05043,0.050105
-9.7568e-07,0.050389,0.050116
-9.9489e-07,0.050347,0.050128
-1.0094e-06,0.050306,0.050139
-1.0193e-06,0.050264,0.050149
-1.0249e-06,0.050221,0.05016
-1.0262e-06,0.050179,0.05017
-1.0235e-06,0.050137,0.05018
-1.0171e-06,0.050095,0.050191
-1.007e-06,0.050052,0.050201
-9.9353e-07,0.050011,0.050211
-9.7687e-07,0.049969,0.050222
-9.5724e-07,0.049928,0.050232
-9.3484e-07,0.049887,0.050243
-9.099e-07,0.049846,0.050254
-8.8263e-07,0.049807,0.050266
-8.5324e-07,0.049767,0.050278
-8.2195e-07,0.049729,0.050291
-7.8897e-07,0.049691,0.050304
-7.5449e-07,0.049654,0.050317
-7.1873e-07,0.049618,0.050332
-6.8189e-07,0.049583,0.050347
-6.4415e-07,0.049549,0.050363
-6.057e-07,0.049515,0.050379
-5.6672e-07,0.049483,0.050397
-5.274e-07,0.049452,0.050415
-4.8788e-07,0.049422,0.050434
-4.4835e-07,0.049394,0.050454
-4.0894e-07,0.049366,0.050475
-3.6981e-07,0.04934,0.050496
-3.311e-07,0.049316,0.050519
-2.9292e-07,0.049293,0.050543
-2.5541e-07,0.049271,0.050567
-2.1868e-07,0.049251,0.050593
-1.8283e-07,0.049233,0.050619
-1.4796e-07,0.049216,0.050646
-1.1416e-07,0.049201,0.050674
-8.1501e-08,0.049188,0.050703
-5.0065e-08,0.049176,0.050732
-1.9911e-08,0.049167,0.050762
8.9027e-09,0.049159,0.050793
3.633e-08,0.049153,0.050824
6.2329e-08,0.04915,0.050856
8.6867e-08,0.049148,0.050888
1.0992e-07,0.049149,0.050921
1.3146e-07,0.049151,0.050954
1.5149e-07,0.049156,0.050987
1.6999e-07,0.049164,0.05102
1.8697e-07,0.049173,0.051053
2.0244e-07,0.049185,0.051086
2.1639e-07,0.049199,0.051118
2.2886e-07,0.049216,0.051151
2.3986e-07,0.049235,0.051183
2.4942e-07,0.049257,0.051214
2.5756e-07,0.049281,0.051245
2.6434e-07,0.049307,0.051275
2.6978e-07,0.049336,0.051305
2.7392e-07,0.049368,0.051333
2.7681e-07,0.049402,0.05136
2.785e-07,0.049439,0.051387
2.7904e-07,0.049478,0.051412
2.7847e-07,0.04952,0.051436
2.7686e-07,0.049564,0.051459
2.7426e-07,0.049612,0.05148
2.7072e-07,0.049661,0.051499
2.6631e-07,0.049713,0.051518
2.6108e-07,0.049768,0.051534
2.5508e-07,0.049825,0.051549
2.4839e-07,0.049885,0.051562
2.4105e-07,0.049947,0.051573
2.3313e-07,0.050012,0.051582
2.2468e-07,0.050079,0.05159
2.1576e-07,0.050148,0.051595
2.0643e-07,0.05022,0.051598
1.9674e-07,0.050293,0.0516
1.8674e-07,0.050369,0.051599
1.765e-07,0.050447,0.051597
1.6606e-07,0.050526,0.051592
1.5547e-07,0.050608,0.051585
1.4477e-07,0.050691,0.051576
1.3402e-07,0.050776,0.051566
1.2326e-07,0.050862,0.051553
1.1253e-07,0.050949,0.051538
1.0187e-07,0.051038,0.051521
9.1311e-08,0.051128,0.051502
8.09e-08,0.051219,0.051481
7.0666e-08,0.05131,0.051459
6.064e-08,0.051402,0.051434
5.0851e-08,0.051495,0.051408
4.1326e-08,0.051587,0.051381
3.2088e-08,0.05168,0.051351
2.316e-08,0.051773,0.051321
1.4562e-08,0.051865,0.051288
6.3115e-09,0.051957,0.051255
-1.5761e-09,0.052048,0.05122
-9.0875e-09,0.052138,0.051184
-1.6211e-08,0.052227,0.051147
-2.2938e-08,0.052315,0.05111
-2.9261e-08,0.052401,0.051071
-3.5174e-08,0.052485,0.051032
-4.0674e-08,0.052568,0.050992
-4.576e-08,0.052648,0.050952
-5.043e-08,0.052726,0.050912
-5.4686e-08,0.052801,0.050871
-5.8532e-08,0.052873,0.050831
-6.1972e-08,0.052943,0.05079
-6.5012e-08,0.053009,0.05075
-6.7658e-08,0.053072,0.05071
-6.992e-08,0.053131,0.05067
-7.1805e-08,0.053187,0.050632
-7.3326e-08,0.053239,0.050594
-7.4493e-08,0.053287,0.050556
-7.5317e-08,0.05333,0.05052
-7.5813e-08,0.05337,0.050485
-7.5993e-08,0.053405,0.050451
-7.5872e-08,0.053435,0.050418
-7.5464e-08,0.053461,0.050387
-7.4785e-08,0.053482,0.050357
-7.3849e-08,0.053499,0.050329
-7.2672e-08,0.05351,0.050302
-7.1271e-08,0.053517,0.050277
-6.966e-08,0.053519,0.050254
-6.7857e-08,0.053516,0.050233
-6.5877e-08,0.053508,0.050213
-6.3736e-08,0.053495,0.050196
-6.1449e-08,0.053477,0.050181
-5.9033e-08,0.053455,0.050167
-5.6503e-08,0.053428,0.050156
-5.3874e-08,0.053396,0.050147
-5.1161e-08,0.053359,0.05014
-4.8378e-08,0.053318,0.050135
-4.5539e-08,0.053273,0.050132
-4.2658e-08,0.053223,0.050131
-3.9747e-08,0.05317,0.050133
-3.682e-08,0.053112,0.050136
-3.3888e-08,0.05305,0.050142
-3.0964e-08,0.052985,0.050149
-2.8057e-08,0.052916,0.050159
-2.5179e-08,0.052844,0.05017
-2.2338e-08,0.052769,0.050183
-1.9545e-08,0.052691,0.050198
-1.6808e-08,0.05261,0.050215
-1.4134e-08,0.052526,0.050233
-1.1531e-08,0.052441,0.050253
-9.0061e-09,0.052353,0.050274
-6.5648e-09,0.052263,0.050297
-4.2129e-09,0.052172,0.050321
-1.955e-09,0.052079,0.050346
2.0441e-10,0.051985,0.050373
2.2617e-09,0.05189,0.0504
4.2137e-09,0.051794,0.050428
6.0579e-09,0.051698,0.050457
7.7922e-09,0.051601,0.050486
9.4151e-09,0.051505,0.050517
1.0926e-08,0.051409,0.050547
1.2323e-08,0.051313,0.050578
1.3607e-08,0.051217,0.050609
1.4779e-08,0.051123,0.05064
1.5839e-08,0.05103,0.050671
1.6788e-08,0.050938,0.050702
1.7627e-08,0.050847,0.050733
1.836e-08,0.050758,0.050763
1.8987e-08,0.050671,0.050793
1.9512e-08,0.050587,0.050822
1.9936e-08,0.050504,0.050851
2.0264e-08,0.050424,0.050879
2.0499e-08,0.050346,0.050906
2.0644e-08,0.050272,0.050932
2.0702e-08,0.0502,0.050957
2.0677e-08,0.050131,0.050981
2.0575e-08,0.050065,0.051004
2.0397e-08,0.050003,0.051026
2.015e-08,0.049944,0.051047
1.9836e-08,0.049889,0.051066
1.9461e-08,0.049837,0.051084
1.9028e-08,0.049789,0.051101
1.8542e-08,0.049745,0.051116
1.8008e-08,0.049705,0.05113
1.7429e-08,0.049669,0.051143
1.681e-08,0.049637,0.051154
1.6156e-08,0.049608,0.051164
1.5469e-08,0.049584,0.051172
1.4756e-08,0.049564,0.051179
1.4019e-08,0.049548,0.051185
1.3263e-08,0.049536,0.051189
1.2491e-08,0.049528,0.051192
1.1707e-08,0.049524,0.051194
1.0915e-08,0.049524,0.051194
1.0118e-08,0.049528,0.051193
9.3191e-09,0.049536,0.051192
8.522e-09,0.049548,0.051189
7.7295e-09,0.049563,0.051185
6.9444e-09,0.049582,0.05118
6.1694e-09,0.049605,0.051174
5.4069e-09,0.049631,0.051168
4.6594e-09,0.04966,0.05116
3.929e-09,0.049693,0.051153
3.2178e-09,0.049728,0.051144
2.5275e-09,0.049767,0.051136
1.8599e-09,0.049808,0.051126
1.2165e-09,0.049852,0.051117
5.9855e-10,0.049898,0.051108
7.3004e-12,0.049947,0.051098
-5.5623e-10,0.049998,0.051089
-1.0912e-09,0.05005,0.05108
-1.5968e-09,0.050105,0.051071
-2.0725e-09,0.050161,0.051062
-2.518e-09,0.050218,0.051054
-2.9328e-09,0.050276,0.051046
-3.3168e-09,0.050335,0.051039
-3.6701e-09,0.050395,0.051033
-3.9926e-09,0.050456,0.051027
-4.2846e-09,0.050516,0.051022
-4.5464e-09,0.050577,0.051018
-4.7784e-09,0.050638,0.051015
-4.981e-09,0.050698,0.051014
-5.155e-09,0.050758,0.051013
-5.3009e-09,0.050816,0.051013
-5.4196e-09,0.050874,0.051014
-5.5118e-09,0.050931,0.051017
-5.5784e-09,0.050986,0.051021
-5.6204e-09,0.05104,0.051026
-5.6388e-09,0.051092,0.051032
-5.6346e-09,0.051142,0.05104
-5.6089e-09,0.051189,0.051049
-5.5627e-09,0.051235,0.051059
-5.4973e-09,0.051278,0.05107
-5.4138e-09,0.051318,0.051083
-5.3133e-09,0.051356,0.051097
-5.197e-09,0.051391,0.051112
-5.0662e-09,0.051423,0.051128
-4.922e-09,0.051452,0.051146
-4.7656e-09,0.051478,0.051164
-4.5982e-09,0.0515,0.051184
-4.4209e-09,0.051519,0.051205
-4.2349e-09,0.051535,0.051226
-4.0413e-09,0.051547,0.051249
-3.8412e-09,0.051556,0.051272
-3.6357e-09,0.051562,0.051296
-3.4258e-09,0.051564,0.051321
-3.2126e-09,0.051562,0.051346
-2.997e-09,0.051557,0.051372
-2.78e-09,0.051549,0.051399
-2.5624e-09,0.051537,0.051426
-2.3452e-09,0.051522,0.051453
-2.1291e-09,0.051504,0.051481
-1.915e-09,0.051482,0.051508
-1.7035e-09,0.051457,0.051536
-1.4954e-09,0.05143,0.051564
-1.2913e-09,0.051399,0.051591
-1.0918e-09,0.051365,0.051619
-8.9747e-10,0.051329,0.051646
-7.0878e-10,0.05129,0.051672
-5.2622e-10,0.051249,0.051699
-3.502e-10,0.051205,0.051724
-1.8109e-10,0.051159,0.051749
-1.9219e-11,0.051111,0.051773
1.3513e-10,0.051061,0.051796
2.8172e-10,0.05101,0.051818
4.2034e-10,0.050956,0.051839
5.5083e-10,0.050902,0.051859
6.7308e-10,0.050846,0.051878
7.8699e-10,0.050788,0.051895
8.9253e-10,0.05073,0.051911
9.8968e-10,0.050671,0.051926
1.0784e-09,0.050612,0.051939
1.1589e-09,0.050551,0.05195
1.2311e-09,0.050491,0.05196
1.2952e-09,0.05043,0.051968
1.3513e-09,0.050369,0.051974
1.3995e-09,0.050308,0.051979
1.4401e-09,0.050247,0.051981
1.4732e-09,0.050186,0.051982
1.4991e-09,0.050126,0.051981
1.518e-09,0.050066,0.051978
1.5301e-09,0.050006,0.051974
1.5358e-09,0.049948,0.051967
1.5354e-09,0.04989,0.051959
1.529e-09,0.049833,0.051949
1.517e-09,0.049777,0.051937
1.4997e-09,0.049721,0.051924
1.4775e-09,0.049667,0.051909
1.4506e-09,0.049614,0.051892
1.4194e-09,0.049562,0.051874
1.3842e-09,0.049511,0.051855
1.3453e-09,0.049461,0.051834
1.303e-09,0.049412,0.051812
1.2577e-09,0.049365,0.05179
1.2097e-09,0.049319,0.051766
1.1593e-09,0.049274,0.051741
1.1068e-09,0.04923,0.051716
1.0524e-09,0.049187,0.051691
9.9659e-10,0.049145,0.051665
9.3953e-10,0.049105,0.051639
8.8154e-10,0.049065,0.051613
8.2286e-10,0.049027,0.051587
7.6377e-10,0.048989,0.051561
7.0451e-10,0.048953,0.051537
6.4531e-10,0.048918,0.051513
5.8641e-10,0.048883,0.05149
5.2801e-10,0.048849,0.051468
4.7031e-10,0.048816,0.051447
4.1351e-10,0.048784,0.051428
3.5778e-10,0.048752,0.051411
3.0329e-10,0.048722,0.051396
2.5019e-10,0.048691,0.051383
1.9862e-10,0.048662,0.051372
1.487e-10,0.048632,0.051364
1.0054e-10,0.048604,0.051358
5.4267e-11,0.048575,0.051355
9.9515e-12,0.048548,0.051355
-3.2322e-11,0.04852,0.051358
-7.2488e-11,0.048493,0.051365
-1.1049e-10,0.048466,0.051374
-1.4628e-10,0.04844,0.051388
-1.7983e-10,0.048414,0.051405
-2.1111e-10,0.048388,0.051425
-2.4011e-10,0.048363,0.051449
-2.6682e-10,0.048338,0.051477
-2.9125e-10,0.048313,0.051509
-3.1342e-10,0.048288,0.051545
-3.3333e-10,0.048264,0.051584
-3.5102e-10,0.048241,0.051628
-3.6654e-10,0.048218,0.051675
-3.7991e-10,0.048195,0.051726
-3.9119e-10,0.048173,0.05178
-4.0043e-10,0.048152,0.051838
-4.0769e-10,0.048131,0.0519
-4.1305e-10,0.048112,0.051965
-4.1656e-10,0.048093,0.052033
-4.183e-10,0.048075,0.052104
-4.1834e-10,0.048058,0.052178
-4.1678e-10,0.048042,0.052255
-4.1368e-10,0.048027,0.052334
-4.0913e-10,0.048013,0.052415
-4.0321e-10,0.048001,0.052499
-3.9602e-10,0.047991,0.052584
-3.8765e-10,0.047982,0.05267
-3.7817e-10,0.047975,0.052758
-3.6768e-10,0.047969,0.052847
-3.5626e-10,0.047966,0.052936
-3.4401e-10,0.047964,0.053025
-3.31e-10,0.047964,0.053114
-3.1733e-10,0.047967,0.053203
-3.0308e-10,0.047971,0.053291
-2.8833e-10,0.047979,0.053378
-2.7316e-10,0.047988,0.053463
-2.5765e-10,0.048,0.053546
-2.4188e-10,0.048014,0.053628
-2.2591e-10,0.048031,0.053706
-2.0982e-10,0.04805,0.053782
-1.9368e-10,0.048072,0.053854
-1.7755e-10,0.048096,0.053923
-1.6149e-10,0.048123,0.053988
-1.4556e-10,0.048153,0.054048
-1.2982e-10,0.048185,0.054104
-1.1432e-10,0.04822,0.054155
-9.9107e-11,0.048257,0.054201
-8.4224e-11,0.048297,0.054241
-6.9715e-11,0.048339,0.054276
-5.5618e-11,0.048383,0.054304
-4.1968e-11,0.04843,0.054327
-2.8798e-11,0.048478,0.054343
-1.6134e-11,0.048529,0.054352
-4.0024e-12,0.048581,0.054355
7.5753e-12,0.048636,0.054352
1.858e-11,0.048691,0.054341
2.8997e-11,0.048749,0.054324
3.8814e-11,0.048807,0.054299
4.802e-11,0.048866,0.054268
5.6609e-11,0.048927,0.05423
6.4577e-11,0.048988,0.054186
7.1922e-11,0.049049,0.054134
7.8645e-11,0.049111,0.054077
8.4749e-11,0.049173,0.054013
9.0241e-11,0.049235,0.053943
9.5127e-11,0.049297,0.053867
9.9417e-11,0.049359,0.053786
1.0312e-10,0.049419,0.0537
1.0626e-10,0.049479,0.053608
1.0883e-10,0.049538,0.053512
1.1087e-10,0.049596,0.053412
1.1239e-10,0.049652,0.053308
1.134e-10,0.049707,0.053201
1.1392e-10,0.04976,0.053091
1.1398e-10,0.049811,0.052978
1.136e-10,0.049861,0.052864
1.128e-10,0.049908,0.052748
1.1161e-10,0.049953,0.05263
1.1003e-10,0.049996,0.052512
1.0811e-10,0.050036,0.052394
1.0586e-10,0.050074,0.052276
1.0331e-10,0.05011,0.052159
1.0048e-10,0.050143,0.052043
9.7401e-11,0.050173,0.051928
9.4087e-11,0.050201,0.051816
9.0566e-11,0.050226,0.051706
8.686e-11,0.050249,0.051599
8.2995e-11,0.050269,0.051496
7.899e-11,0.050286,0.051395
7.4869e-11,0.050301,0.051299
7.0653e-11,0.050313,0.051207
6.6363e-11,0.050322,0.05112
6.2018e-11,0.050329,0.051038
5.7638e-11,0.050334,0.05096
5.3241e-11,0.050336,0.050888
4.8846e-11,0.050336,0.050822
4.4469e-11,0.050334,0.050761
4.0125e-11,0.050329,0.050705
3.5831e-11,0.050323,0.050656
3.16e-11,0.050314,0.050612
2.7446e-11,0.050303,0.050575
2.3382e-11,0.050291,0.050543
1.9418e-11,0.050277,0.050517
1.5565e-11,0.050261,0.050497
1.1833e-11,0.050243,0.050483
8.23e-12,0.050224,0.050475
4.7648e-12,0.050203,0.050472
1.4439e-12,0.050181,0.050475
-1.7268e-12,0.050158,0.050484
-4.7419e-12,0.050133,0.050497
-7.5974e-12,0.050108,0.050516
-1.0289e-11,0.050081,0.050539
-1.2816e-11,0.050053,0.050566
-1.5174e-11,0.050024,0.050598
-1.7363e-11,0.049994,0.050635
-1.9382e-11,0.049963,0.050674
-2.1232e-11,0.049931,0.050718
-2.2913e-11,0.049899,0.050764
-2.4428e-11,0.049865,0.050814
-2.5776e-11,0.049831,0.050866
-2.6963e-11,0.049796,0.050921
-2.7989e-11,0.049761,0.050977
-2.886e-11,0.049725,0.051036
-2.9578e-11,0.049688,0.051096
-3.0149e-11,0.04965,0.051157
-3.0577e-11,0.049612,0.051219
-3.0867e-11,0.049573,0.051281
-3.1024e-11,0.049533,0.051344
-3.1055e-11,0.049493,0.051407
-3.0964e-11,0.049452,0.05147
-3.0758e-11,0.049411,0.051533
-3.0443e-11,0.049369,0.051595
-3.0026e-11,0.049326,0.051656
-2.9513e-11,0.049282,0.051716
-2.891e-11,0.049238,0.051774
-2.8224e-11,0.049193,0.051832
-2.7461e-11,0.049148,0.051888
-2.6628e-11,0.049102,0.051942
-2.5732e-11,0.049056,0.051994
-2.4779e-11,0.049009,0.052045
-2.3774e-11,0.048961,0.052094
-2.2726e-11,0.048913,0.05214
-2.1639e-11,0.048864,0.052184
-2.0519e-11,0.048815,0.052227
-1.9373e-11,0.048766,0.052267
-1.8207e-11,0.048716,0.052304
-1.7024e-11,0.048667,0.05234
-1.5832e-11,0.048617,0.052374
-1.4635e-11,0.048567,0.052405
-1.3437e-11,0.048517,0.052434
-1.2244e-11,0.048467,0.052461
-1.1059e-11,0.048417,0.052487
-9.8878e-12,0.048368,0.05251
-8.7333e-12,0.048319,0.052532
-7.5992e-12,0.048271,0.052551
-6.4891e-12,0.048223,0.05257
-5.4061e-12,0.048176,0.052587
-4.3531e-12,0.04813,0.052602
-3.3327e-12,0.048085,0.052616
-2.3473e-12,0.048042,0.052629
-1.3992e-12,0.047999,0.052642
-4.9015e-13,0.047959,0.052653
3.7812e-13,0.047919,0.052664
1.2042e-12,0.047882,0.052674
1.9868e-12,0.047846,0.052684
2.7251e-12,0.047812,0.052693
3.4182e-12,0.04778,0.052703
4.0656e-12,0.047751,0.052712
4.667e-12,0.047724,0.052722
5.2222e-12,0.047699,0.052732
5.7312e-12,0.047676,0.052743
6.1942e-12,0.047657,0.052754
6.6116e-12,0.047639,0.052766
6.9839e-12,0.047625,0.052778
7.3118e-12,0.047614,0.052792
7.5962e-12,0.047605,0.052806
7.838e-12,0.047599,0.052822
8.0382e-12,0.047597,0.052839
8.198e-12,0.047597,0.052858
8.3187e-12,0.0476,0.052877
8.4017e-12,0.047607,0.052899
8.4485e-12,0.047616,0.052921
8.4604e-12,0.047628,0.052946
8.4393e-12,0.047644,0.052972
8.3865e-12,0.047662,0.053
8.304e-12,0.047683,0.053029
8.1933e-12,0.047707,0.05306
8.0562e-12,0.047734,0.053093
7.8945e-12,0.047763,0.053128
7.71e-12,0.047796,0.053165
7.5044e-12,0.04783,0.053203
7.2795e-12,0.047868,0.053243
7.0372e-12,0.047907,0.053285
6.7791e-12,0.047949,0.053329
6.507e-12,0.047993,0.053374
6.2225e-12,0.048039,0.053421
5.9275e-12,0.048087,0.05347
5.6234e-12,0.048136,0.05352
5.312e-12,0.048187,0.053572
4.9946e-12,0.04824,0.053625
4.673e-12,0.048294,0.053679
4.3484e-12,0.048349,0.053735
4.0223e-12,0.048405,0.053792
3.696e-12,0.048462,0.05385
3.3707e-12,0.04852,0.053909
3.0478e-12,0.048578,0.053969
2.7282e-12,0.048637,0.05403
2.4131e-12,0.048695,0.054092
2.1036e-12,0.048754,0.054154
1.8004e-12,0.048813,0.054217
1.5045e-12,0.048872,0.054281
1.2167e-12,0.04893,0.054345
9.3777e-13,0.048988,0.054409
6.6827e-13,0.049046,0.054473
4.0885e-13,0.049102,0.054537
1.6003e-13,0.049158,0.054601
-7.7731e-14,0.049212,0.054665
-3.0404e-13,0.049266,0.054729
-5.1855e-13,0.049318,0.054792
-7.2099e-13,0.049369,0.054855
-9.1116e-13,0.049419,0.054917
-1.0889e-12,0.049467,0.054978
-1.2541e-12,0.049514,0.055039
-1.4067e-12,0.049559,0.055098
-1.5467e-12,0.049602,0.055157
-1.6742e-12,0.049643,0.055214
-1.7893e-12,0.049683,0.055271
-1.892e-12,0.049721,0.055325
-1.9827e-12,0.049757,0.055379
-2.0614e-12,0.049791,0.055431
-2.1285e-12,0.049823,0.055481
-2.1843e-12,0.049853,0.05553
-2.229e-12,0.049882,0.055577
-2.2631e-12,0.049908,0.055622
-2.2868e-12,0.049933,0.055666
-2.3006e-12,0.049956,0.055707
-2.3048e-12,0.049977,0.055747
-2.3e-12,0.049996,0.055784
-2.2866e-12,0.050014,0.05582
-2.265e-12,0.05003,0.055853
-2.2356e-12,0.050044,0.055885
-2.199e-12,0.050056,0.055914
-2.1557e-12,0.050068,0.055942
-2.1061e-12,0.050077,0.055967
-2.0507e-12,0.050086,0.05599
-1.99e-12,0.050093,0.056012
-1.9244e-12,0.050099,0.056031
-1.8546e-12,0.050104,0.056048
-1.7808e-12,0.050108,0.056064
-1.7037e-12,0.050111,0.056078
-1.6236e-12,0.050113,0.056089
-1.541e-12,0.050114,0.0561
-1.4564e-12,0.050115,0.056108
-1.3701e-12,0.050115,0.056115
-1.2826e-12,0.050114,0.05612
-1.1942e-12,0.050113,0.056124
-1.1054e-12,0.050112,0.056126
-1.0165e-12,0.050111,0.056128
-9.2788e-13,0.050109,0.056128
-8.3982e-13,0.050107,0.056127
-7.5265e-13,0.050106,0.056125
-6.6668e-13,0.050104,0.056122
-5.8217e-13,0.050102,0.056118
-4.9938e-13,0.050101,0.056113
-4.1855e-13,0.050099,0.056108
-3.399e-13,0.050098,0.056102
-2.6364e-13,0.050098,0.056096
-1.8993e-13,0.050097,0.056089
-1.1896e-13,0.050097,0.056083
-5.0851e-14,0.050098,0.056076
1.4253e-14,0.050099,0.056068
7.6247e-14,0.0501,0.056061
1.3504e-13,0.050102,0.056054
1.9055e-13,0.050104,0.056047
2.4272e-13,0.050107,0.056041
2.9151e-13,0.05011,0.056034
3.3688e-13,0.050114,0.056028
3.7883e-13,0.050118,0.056022
4.1735e-13,0.050122,0.056017
4.5245e-13,0.050127,0.056012
4.8416e-13,0.050132,0.056008
5.1252e-13,0.050138,0.056004
5.3757e-13,0.050143,0.056001
5.5937e-13,0.050149,0.055998
5.78e-13,0.050155,0.055997
5.9352e-13,0.050161,0.055995
6.0603e-13,0.050167,0.055995
6.1561e-13,0.050173,0.055995
6.2237e-13,0.050179,0.055996
6.2642e-13,0.050185,0.055998
6.2786e-13,0.05019,0.056
6.2682e-13,0.050195,0.056003
6.2341e-13,0.0502,0.056007
6.1775e-13,0.050204,0.056011
6.0998e-13,0.050207,0.056016
6.0023e-13,0.05021,0.056021
5.8861e-13,0.050212,0.056028
5.7528e-13,0.050214,0.056034
5.6035e-13,0.050214,0.056042
5.4397e-13,0.050214,0.056049
5.2625e-13,0.050212,0.056058
5.0735e-13,0.05021,0.056066
4.8737e-13,0.050206,0.056076
4.6645e-13,0.050201,0.056085
4.4472e-13,0.050195,0.056095
4.2229e-13,0.050188,0.056106
3.9928e-13,0.050179,0.056117
3.7582e-13,0.050169,0.056128
3.5201e-13,0.050158,0.056139
3.2796e-13,0.050145,0.05615
3.0378e-13,0.050131,0.056162
2.7956e-13,0.050115,0.056174
2.554e-13,0.050098,0.056187
2.3139e-13,0.05008,0.056199
2.0761e-13,0.05006,0.056212
1.8415e-13,0.050039,0.056225
1.6108e-13,0.050016,0.056238
1.3847e-13,0.049992,0.056251
1.1639e-13,0.049967,0.056264
9.4903e-14,0.04994,0.056278
7.4053e-14,0.049913,0.056292
5.3897e-14,0.049884,0.056306
3.4479e-14,0.049854,0.05632
1.5839e-14,0.049822,0.056334
-1.987e-15,0.04979,0.056349
-1.8969e-14,0.049757,0.056363
-3.508e-14,0.049723,0.056378
-5.0301e-14,0.049688,0.056393
-6.4613e-14,0.049653,0.056409
-7.8005e-14,0.049616,0.056425
-9.0467e-14,0.04958,0.05644
-1.02e-13,0.049542,0.056457
-1.1259e-13,0.049505,0.056473
-1.2225e-13,0.049467,0.05649
-1.3099e-13,0.049429,0.056507
-1.3882e-13,0.049391,0.056525
-1.4574e-13,0.049353,0.056543
-1.5177e-13,0.049315,0.056561
-1.5694e-13,0.049277,0.056579
-1.6126e-13,0.049239,0.056598
-1.6476e-13,0.049202,0.056617
-1.6745e-13,0.049165,0.056637
-1.6938e-13,0.049129,0.056657
-1.7056e-13,0.049094,0.056677
-1.7103e-13,0.049059,0.056698
-1.7082e-13,0.049025,0.056719
-1.6996e-13,0.048992,0.05674
-1.6848e-13,0.048961,0.056761
-1.6643e-13,0.04893,0.056783
-1.6382e-13,0.048901,0.056805
-1.6072e-13,0.048873,0.056828
-1.5713e-13,0.048846,0.05685
-1.5311e-13,0.048821,0.056873
-1.4869e-13,0.048797,0.056896
-1.439e-13,0.048776,0.056919
-1.3878e-13,0.048755,0.056942
-1.3337e-13,0.048737,0.056965
-1.277e-13,0.048721,0.056988
-1.218e-13,0.048706,0.057011
-1.1571e-13,0.048694,0.057034
-1.0946e-13,0.048683,0.057057
-1.0308e-13,0.048675,0.05708
-9.6605e-14,0.048669,0.057102
-9.0059e-14,0.048665,0.057125
-8.3474e-14,0.048663,0.057147
-7.6876e-14,0.048663,0.057169
-7.0291e-14,0.048665,0.05719
-6.3745e-14,0.04867,0.057211
-5.726e-14,0.048677,0.057232
-5.0858e-14,0.048686,0.057252
-4.4561e-14,0.048697,0.057272
-3.8388e-14,0.048711,0.057291
-3.2357e-14,0.048727,0.05731
-2.6484e-14,0.048744,0.057328
-2.0784e-14,0.048764,0.057346
-1.5272e-14,0.048786,0.057363
-9.9599e-15,0.04881,0.057379
-4.8586e-15,0.048836,0.057395
2.2114e-17,0.048863,0.05741
4.6736e-15,0.048893,0.057424
9.0889e-15,0.048924,0.057437
1.3262e-14,0.048956,0.05745
1.7188e-14,0.048991,0.057462
2.0863e-14,0.049026,0.057473
2.4286e-14,0.049063,0.057483
2.7455e-14,0.049101,0.057493
3.0368e-14,0.04914,0.057501
3.3029e-14,0.04918,0.057509
3.5437e-14,0.049221,0.057516
3.7595e-14,0.049263,0.057522
3.9507e-14,0.049305,0.057527
4.1178e-14,0.049348,0.057531
4.2611e-14,0.049391,0.057535
4.3812e-14,0.049434,0.057537
4.4789e-14,0.049478,0.057539
4.5547e-14,0.049521,0.05754
4.6094e-14,0.049564,0.05754
4.6437e-14,0.049607,0.057539
4.6586e-14,0.049649,0.057537
4.6548e-14,0.049691,0.057534
4.6332e-14,0.049732,0.05753
4.5948e-14,0.049772,0.057526
4.5405e-14,0.049811,0.05752
4.4712e-14,0.049849,0.057514
4.388e-14,0.049885,0.057507
4.2917e-14,0.049921,0.057499
4.1835e-14,0.049954,0.057491
4.0642e-14,0.049986,0.057481
3.9348e-14,0.050017,0.057471
3.7963e-14,0.050045,0.057461
3.6497e-14,0.050072,0.057449
3.4959e-14,0.050096,0.057438
3.3359e-14,0.050119,0.057425
3.1705e-14,0.050139,0.057412
3.0007e-14,0.050156,0.057399
2.8272e-14,0.050172,0.057385
2.651e-14,0.050184,0.057371
2.4729e-14,0.050195,0.057357
2.2936e-14,0.050202,0.057342
2.1138e-14,0.050207,0.057328
1.9344e-14,0.05021,0.057313
1.7559e-14,0.050209,0.057298
1.579e-14,0.050206,0.057284
1.4044e-14,0.0502,0.057269
1.2325e-14,0.050191,0.057255
1.0639e-14,0.05018,0.057241
8.9918e-15,0.050165,0.057228
7.387e-15,0.050148,0.057215
5.829e-15,0.050128,0.057203
4.3217e-15,0.050105,0.057191
2.8685e-15,0.050079,0.05718
1.4724e-15,0.05005,0.05717
1.3615e-16,0.050019,0.057161
-1.1379e-15,0.049984,0.057153
-2.3478e-15,0.049947,0.057147
-3.4918e-15,0.049908,0.057141
-4.5687e-15,0.049866,0.057137
-5.5775e-15,0.049821,0.057135
-6.5174e-15,0.049774,0.057133
-7.3881e-15,0.049724,0.057134
-8.1895e-15,0.049672,0.057136
-8.9217e-15,0.049618,0.05714
-9.5851e-15,0.049561,0.057146
-1.018e-14,0.049503,0.057153
-1.0709e-14,0.049442,0.057163
-1.1171e-14,0.04938,0.057175
-1.1568e-14,0.049315,0.057188
-1.1902e-14,0.049249,0.057204
-1.2175e-14,0.049182,0.057222
-1.2388e-14,0.049112,0.057242
-1.2543e-14,0.049042,0.057264
-1.2643e-14,0.04897,0.057288
-1.2689e-14,0.048897,0.057314
-1.2684e-14,0.048823,0.057343
-1.263e-14,0.048748,0.057374
-1.253e-14,0.048672,0.057406
-1.2387e-14,0.048596,0.057441
-1.2203e-14,0.048519,0.057478
-1.198e-14,0.048441,0.057516
-1.1722e-14,0.048364,0.057557
-1.143e-14,0.048286,0.057599
-1.1108e-14,0.048208,0.057643
-1.0759e-14,0.048131,0.057689
-1.0384e-14,0.048053,0.057736
-9.9869e-15,0.047977,0.057784
-9.57e-15,0.0479,0.057834
-9.1358e-15,0.047825,0.057885
-8.6867e-15,0.04775,0.057936
-8.2252e-15,0.047676,0.057989
-7.7537e-15,0.047604,0.058042
-7.2744e-15,0.047532,0.058096
-6.7896e-15,0.047462,0.05815
-6.3014e-15,0.047394,0.058205
-5.8118e-15,0.047327,0.058259
-5.3228e-15,0.047262,0.058314
-4.8362e-15,0.047198,0.058368
-4.3538e-15,0.047137,0.058422
-3.8773e-15,0.047078,0.058475
-3.4082e-15,0.047021,0.058528
-2.9479e-15,0.046966,0.058579
-2.4979e-15,0.046914,0.05863
-2.0594e-15,0.046865,0.058679
-1.6336e-15,0.046818,0.058726
-1.2214e-15,0.046774,0.058773
-8.2389e-16,0.046732,0.058817
-4.4184e-16,0.046694,0.05886
-7.6021e-17,0.046659,0.0589
2.7293e-16,0.046626,0.058939
6.0445e-16,0.046597,0.058975
9.1808e-16,0.046571,0.059009
1.2135e-15,0.046548,0.05904
1.4903e-15,0.046529,0.059069
1.7484e-15,0.046512,0.059094
1.9876e-15,0.046499,0.059117
2.208e-15,0.04649,0.059138
2.4095e-15,0.046483,0.059155
2.5923e-15,0.046481,0.059169
2.7565e-15,0.046481,0.05918
2.9024e-15,0.046485,0.059188
3.0302e-15,0.046492,0.059192
3.1404e-15,0.046502,0.059194
3.2332e-15,0.046515,0.059192
3.3093e-15,0.046532,0.059187
3.3691e-15,0.046552,0.059178
3.413e-15,0.046574,0.059167
3.4418e-15,0.0466,0.059152
3.4559e-15,0.046628,0.059134
3.456e-15,0.046659,0.059113
3.4429e-15,0.046692,0.059089
3.417e-15,0.046728,0.059061
3.3792e-15,0.046767,0.059031
3.3302e-15,0.046807,0.058998
3.2706e-15,0.046849,0.058962
3.2013e-15,0.046894,0.058923
3.1228e-15,0.04694,0.058882
3.036e-15,0.046987,0.058838
2.9415e-15,0.047036,0.058791
2.8402e-15,0.047086,0.058743
2.7327e-15,0.047136,0.058692
2.6196e-15,0.047188,0.05864
2.5018e-15,0.04724,0.058585
2.3799e-15,0.047292,0.058529
2.2545e-15,0.047345,0.058471
2.1264e-15,0.047397,0.058412
1.996e-15,0.04745,0.058352
1.8641e-15,0.047501,0.058291
1.7311e-15,0.047553,0.058228
1.5978e-15,0.047603,0.058166
1.4645e-15,0.047652,0.058102
1.3319e-15,0.0477,0.058039
1.2003e-15,0.047746,0.057975
1.0703e-15,0.047791,0.057911
9.4227e-16,0.047833,0.057848
8.1662e-16,0.047874,0.057785
6.9371e-16,0.047912,0.057723
5.739e-16,0.047948,0.057662
4.575e-16,0.047981,0.057601
3.448e-16,0.048012,0.057542
2.3606e-16,0.04804,0.057484
1.3152e-16,0.048064,0.057428
3.137e-17,0.048085,0.057374
-6.4198e-17,0.048103,0.057322
-1.5503e-16,0.048117,0.057272
-2.4101e-16,0.048128,0.057224
-3.2202e-16,0.048135,0.057179
-3.9799e-16,0.048138,0.057137
-4.6886e-16,0.048137,0.057097
-5.346e-16,0.048132,0.057061
-5.9519e-16,0.048123,0.057028
-6.5064e-16,0.04811,0.056998
-7.0098e-16,0.048093,0.056971
-7.4626e-16,0.048071,0.056948
-7.8654e-16,0.048045,0.056929
-8.219e-16,0.048015,0.056913
-8.5243e-16,0.047981,0.056902
-8.7824e-16,0.047943,0.056894
-8.9946e-16,0.0479,0.056891
-9.1621e-16,0.047853,0.056891
-9.2865e-16,0.047802,0.056896
-9.3692e-16,0.047746,0.056905
-9.412e-16,0.047687,0.056918
-9.4165e-16,0.047624,0.056935
-9.3844e-16,0.047557,0.056957
-9.3177e-16,0.047487,0.056983
-9.2183e-16,0.047413,0.057013
-9.0879e-16,0.047335,0.057047
-8.9287e-16,0.047254,0.057086
-8.7425e-16,0.04717,0.057128
-8.5314e-16,0.047083,0.057175
-8.2973e-16,0.046994,0.057226
-8.0422e-16,0.046901,0.05728
-7.7681e-16,0.046807,0.057338
-7.4769e-16,0.04671,0.0574
-7.1705e-16,0.046611,0.057466
-6.8509e-16,0.04651,0.057535
-6.5199e-16,0.046407,0.057607
-6.1793e-16,0.046304,0.057682
-5.8309e-16,0.046199,0.057761
-5.4764e-16,0.046093,0.057842
-5.1174e-16,0.045987,0.057926
-4.7555e-16,0.04588,0.058012
-4.3922e-16,0.045773,0.0581
-4.0291e-16,0.045666,0.058191
-3.6675e-16,0.045559,0.058284
-3.3088e-16,0.045453,0.058378
-2.9541e-16,0.045348,0.058474
-2.6047e-16,0.045244,0.058571
-2.2616e-16,0.045141,0.058669
-1.9259e-16,0.04504,0.058768
-1.5986e-16,0.04494,0.058868
-1.2804e-16,0.044843,0.058969
-9.723e-17,0.044747,0.059069
-6.7487e-17,0.044655,0.05917
-3.8879e-17,0.044565,0.059271
-1.1464e-17,0.044478,0.059371
1.4708e-17,0.044394,0.059471
3.9595e-17,0.044314,0.05957
6.3162e-17,0.044237,0.059668
8.538e-17,0.044164,0.059766
1.0623e-16,0.044094,0.059862
1.2568e-16,0.044029,0.059956
1.4374e-16,0.043969,0.060049
1.604e-16,0.043913,0.06014
1.7566e-16,0.043861,0.06023
1.8953e-16,0.043814,0.060317
2.0201e-16,0.043772,0.060402
2.1313e-16,0.043735,0.060485
2.2291e-16,0.043703,0.060566
2.3137e-16,0.043677,0.060644
2.3854e-16,0.043655,0.060719
2.4445e-16,0.043639,0.060792
2.4915e-16,0.043628,0.060862
2.5266e-16,0.043623,0.060929
2.5504e-16,0.043623,0.060994
2.5632e-16,0.043628,0.061055
2.5655e-16,0.043638,0.061113
2.5579e-16,0.043654,0.061169
2.5407e-16,0.043676,0.061221
2.5146e-16,0.043702,0.06127
2.4799e-16,0.043733,0.061316
2.4374e-16,0.04377,0.061359
2.3875e-16,0.043811,0.061398
2.3307e-16,0.043857,0.061435
2.2675e-16,0.043908,0.061468
2.1986e-16,0.043963,0.061498
2.1245e-16,0.044022,0.061525
2.0457e-16,0.044086,0.061549
1.9626e-16,0.044153,0.061569
1.876e-16,0.044224,0.061587
1.7861e-16,0.044298,0.061602
1.6936e-16,0.044376,0.061613
1.5989e-16,0.044457,0.061622
1.5024e-16,0.04454,0.061628
1.4048e-16,0.044626,0.06163
1.3062e-16,0.044715,0.06163
1.2073e-16,0.044805,0.061627
1.1084e-16,0.044898,0.061622
1.0098e-16,0.044992,0.061613
9.1197e-17,0.045087,0.061602
8.1522e-17,0.045183,0.061588
7.1986e-17,0.04528,0.061572
6.262e-17,0.045378,0.061553
5.3453e-17,0.045475,0.061532
4.451e-17,0.045573,0.061509
3.5814e-17,0.045671,0.061483
2.7389e-17,0.045768,0.061455
1.9254e-17,0.045865,0.061425
1.1427e-17,0.045961,0.061392
3.9223e-18,0.046056,0.061358
-3.245e-18,0.046149,0.061322
-1.0063e-17,0.046241,0.061283
-1.6523e-17,0.046331,0.061243
-2.2616e-17,0.04642,0.061202
-2.8335e-17,0.046506,0.061159
-3.3678e-17,0.04659,0.061114
-3.8639e-17,0.046672,0.061068
-4.3219e-17,0.046751,0.06102
-4.7417e-17,0.046828,0.060971
-5.1236e-17,0.046902,0.060922
-5.4678e-17,0.046974,0.060871
-5.7747e-17,0.047042,0.060819
-6.045e-17,0.047108,0.060767
-6.2794e-17,0.04717,0.060713
-6.4785e-17,0.04723,0.06066
-6.6433e-17,0.047287,0.060605
-6.7748e-17,0.047341,0.060551
-6.874e-17,0.047391,0.060496
-6.942e-17,0.047439,0.060441
-6.9801e-17,0.047484,0.060387
-6.9895e-17,0.047526,0.060332
-6.9715e-17,0.047565,0.060278
-6.9275e-17,0.047601,0.060224
-6.8589e-17,0.047635,0.06017
-6.7671e-17,0.047666,0.060117
-6.6535e-17,0.047695,0.060065
-6.5195e-17,0.047721,0.060014
-6.3668e-17,0.047745,0.059964
-6.1967e-17,0.047767,0.059915
-6.0106e-17,0.047788,0.059867
-5.8102e-17,0.047806,0.059821
-5.5967e-17,0.047823,0.059776
-5.3717e-17,0.047839,0.059733
-5.1366e-17,0.047854,0.059691
-4.8927e-17,0.047867,0.059651
-4.6414e-17,0.04788,0.059613
-4.384e-17,0.047891,0.059577
-4.1217e-17,0.047903,0.059543
-3.8559e-17,0.047914,0.059511
-3.5878e-17,0.047925,0.059482
-3.3183e-17,0.047936,0.059455
-3.0488e-17,0.047947,0.05943
-2.7801e-17,0.047959,0.059407
-2.5133e-17,0.047971,0.059387
-2.2494e-17,0.047984,0.05937
-1.9891e-17,0.047998,0.059355
-1.7335e-17,0.048013,0.059343
-1.4831e-17,0.048029,0.059333
-1.2388e-17,0.048047,0.059326
-1.0011e-17,0.048066,0.059322
-7.7081e-18,0.048086,0.059321
-5.4831e-18,0.048108,0.059323
-3.3414e-18,0.048132,0.059327
-1.2873e-18,0.048157,0.059334
6.7537e-19,0.048185,0.059344
2.5433e-18,0.048214,0.059356
4.3138e-18,0.048245,0.059372
5.9846e-18,0.048278,0.05939
7.5538e-18,0.048313,0.059411
9.0204e-18,0.04835,0.059435
1.0383e-17,0.048389,0.059461
1.1642e-17,0.04843,0.05949
1.2797e-17,0.048472,0.059522
1.3849e-17,0.048516,0.059557
1.4798e-17,0.048562,0.059594
1.5645e-17,0.04861,0.059633
1.6392e-17,0.048659,0.059675
1.7041e-17,0.048709,0.05972
1.7594e-17,0.048761,0.059767
1.8053e-17,0.048814,0.059816
1.8421e-17,0.048868,0.059867
1.87e-17,0.048922,0.059921
1.8895e-17,0.048978,0.059976
1.9007e-17,0.049034,0.060034
1.9041e-17,0.04909,0.060093
1.9e-17,0.049146,0.060155
1.8888e-17,0.049203,0.060218
1.8708e-17,0.049259,0.060282
1.8465e-17,0.049316,0.060348
1.8162e-17,0.049371,0.060416
1.7803e-17,0.049426,0.060485
1.7392e-17,0.04948,0.060554
1.6933e-17,0.049534,0.060625
1.6431e-17,0.049586,0.060697
1.5889e-17,0.049637,0.06077
1.5311e-17,0.049686,0.060843
1.4702e-17,0.049734,0.060916
1.4064e-17,0.04978,0.06099
1.3402e-17,0.049824,0.061064
1.2719e-17,0.049867,0.061139
1.202e-17,0.049907,0.061212
1.1307e-17,0.049945,0.061286
1.0584e-17,0.049981,0.061359
9.8535e-18,0.050014,0.061432
9.1198e-18,0.050046,0.061504
8.3853e-18,0.050074,0.061575
7.653e-18,0.0501,0.061645
6.9256e-18,0.050124,0.061713
6.2056e-18,0.050145,0.06178
5.4955e-18,0.050164,0.061846
4.7976e-18,0.05018,0.06191
4.1139e-18,0.050193,0.061972
3.4464e-18,0.050204,0.062032
2.797e-18,0.050212,0.06209
2.1673e-18,0.050218,0.062145
1.5587e-18,0.050221,0.062198
9.7277e-19,0.050222,0.062249
4.1055e-19,0.05022,0.062297
-1.2687e-19,0.050217,0.062342
-6.3858e-19,0.050211,0.062385
-1.1238e-18,0.050203,0.062424
-1.5819e-18,0.050192,0.06246
-2.0125e-18,0.05018,0.062493
-2.4151e-18,0.050166,0.062523
-2.7894e-18,0.05015,0.06255
-3.1355e-18,0.050133,0.062573
-3.4532e-18,0.050114,0.062593
-3.7427e-18,0.050093,0.06261
-4.0042e-18,0.050071,0.062623
-4.238e-18,0.050048,0.062633
-4.4445e-18,0.050023,0.062639
-4.6242e-18,0.049997,0.062642
-4.7776e-18,0.04997,0.062642
-4.9054e-18,0.049943,0.062638
-5.0083e-18,0.049914,0.062631
-5.0871e-18,0.049885,0.062621
-5.1425e-18,0.049855,0.062608
-5.1756e-18,0.049824,0.062592
-5.1871e-18,0.049793,0.062573
-5.1782e-18,0.049762,0.062551
-5.1496e-18,0.04973,0.062526
-5.1026e-18,0.049698,0.062498
-5.0381e-18,0.049665,0.062468
-4.9573e-18,0.049632,0.062436
-4.8611e-18,0.049599,0.062402
-4.7507e-18,0.049566,0.062366
-4.6271e-18,0.049533,0.062327
-4.4916e-18,0.0495,0.062287
-4.3451e-18,0.049467,0.062246
-4.1887e-18,0.049434,0.062203
-4.0235e-18,0.049401,0.062159
-3.8505e-18,0.049369,0.062114
-3.6709e-18,0.049336,0.062068
-3.4855e-18,0.049304,0.062022
-3.2954e-18,0.049271,0.061975
-3.1015e-18,0.049239,0.061928
-2.9047e-18,0.049207,0.061881
-2.706e-18,0.049176,0.061834
-2.5062e-18,0.049145,0.061787
-2.3061e-18,0.049114,0.061741
-2.1065e-18,0.049083,0.061695
-1.9082e-18,0.049053,0.06165
-1.7118e-18,0.049023,0.061605
-1.518e-18,0.048993,0.061562
-1.3275e-18,0.048964,0.06152
-1.1408e-18,0.048935,0.06148
-9.5843e-19,0.048906,0.061441
-7.8095e-19,0.048878,0.061403
-6.0879e-19,0.04885,0.061367
-4.4237e-19,0.048822,0.061333
-2.8205e-19,0.048795,0.061301
-1.2816e-19,0.048768,0.06127
1.8996e-20,0.048741,0.061242
1.5917e-19,0.048715,0.061216
2.9216e-19,0.048689,0.061192
4.1778e-19,0.048664,0.06117
5.359e-19,0.048639,0.06115
6.4641e-19,0.048614,0.061133
7.4924e-19,0.04859,0.061117
8.4436e-19,0.048566,0.061104
9.3176e-19,0.048543,0.061094
1.0115e-18,0.048519,0.061085
1.0835e-18,0.048497,0.061079
1.1481e-18,0.048474,0.061075
1.2051e-18,0.048452,0.061073
1.2549e-18,0.04843,0.061073
1.2974e-18,0.048409,0.061076
1.333e-18,0.048388,0.06108
1.3618e-18,0.048367,0.061086
1.3839e-18,0.048346,0.061094
1.3997e-18,0.048326,0.061104
1.4094e-18,0.048306,0.061115
1.4132e-18,0.048286,0.061128
1.4113e-18,0.048266,0.061143
1.4041e-18,0.048247,0.061159
1.3918e-18,0.048228,0.061176
1.3748e-18,0.048209,0.061195
1.3532e-18,0.04819,0.061214
1.3274e-18,0.048171,0.061235
1.2978e-18,0.048153,0.061256
1.2645e-18,0.048134,0.061279
1.2279e-18,0.048116,0.061302
1.1883e-18,0.048098,0.061326
1.1459e-18,0.048079,0.06135
1.1012e-18,0.048061,0.061375
1.0543e-18,0.048043,0.0614
1.0055e-18,0.048025,0.061425
9.5515e-19,0.048007,0.061451
9.0348e-19,0.047989,0.061477
8.5074e-19,0.047971,0.061503
7.972e-19,0.047952,0.06153
7.431e-19,0.047934,0.061556
6.8867e-19,0.047916,0.061582
6.3415e-19,0.047898,0.061608
5.7973e-19,0.04788,0.061635
5.2563e-19,0.047861,0.061661
4.7204e-19,0.047843,0.061687
4.1915e-19,0.047825,0.061712
3.6712e-19,0.047807,0.061738
3.1612e-19,0.047788,0.061764
2.6629e-19,0.04777,0.061789
2.1777e-19,0.047752,0.061814
1.7068e-19,0.047734,0.061839
1.2514e-19,0.047716,0.061865
8.126e-20,0.047698,0.061889
3.912e-20,0.04768,0.061914
-1.1954e-21,0.047663,0.061939
-3.9617e-20,0.047645,0.061964
-7.6085e-20,0.047628,0.061989
-1.1055e-19,0.047611,0.062013
-1.4298e-19,0.047594,0.062038
-1.7333e-19,0.047578,0.062063
-2.0159e-19,0.047562,0.062088
-2.2776e-19,0.047547,0.062113
-2.5182e-19,0.047532,0.062139
-2.7378e-19,0.047517,0.062164
-2.9366e-19,0.047503,0.06219
-3.1147e-19,0.04749,0.062216
-3.2725e-19,0.047477,0.062242
-3.4103e-19,0.047465,0.062269
-3.5285e-19,0.047454,0.062296
-3.6276e-19,0.047444,0.062323
-3.7081e-19,0.047434,0.06235
-3.7705e-19,0.047426,0.062378
-3.8154e-19,0.047418,0.062406
-3.8435e-19,0.047412,0.062435
-3.8556e-19,0.047406,0.062464
-3.8521e-19,0.047402,0.062493
-3.834e-19,0.047398,0.062522
-3.802e-19,0.047396,0.062552
-3.7568e-19,0.047395,0.062582
-3.6992e-19,0.047396,0.062613
-3.6301e-19,0.047398,0.062643
-3.5502e-19,0.047401,0.062674
-3.4603e-19,0.047405,0.062705
-3.3613e-19,0.047411,0.062736
-3.254e-19,0.047419,0.062768
-3.1392e-19,0.047428,0.062799
-3.0175e-19,0.047438,0.062831
-2.89e-19,0.04745,0.062863
-2.7572e-19,0.047464,0.062894
-2.62e-19,0.047479,0.062925
-2.4791e-19,0.047495,0.062957
-2.3352e-19,0.047513,0.062988
-2.189e-19,0.047533,0.063018
-2.0412e-19,0.047555,0.063049
-1.8924e-19,0.047578,0.063078
-1.7432e-19,0.047602,0.063108
-1.5942e-19,0.047628,0.063136
-1.446e-19,0.047655,0.063164
-1.2991e-19,0.047684,0.063192
-1.154e-19,0.047715,0.063218
-1.0112e-19,0.047747,0.063243
-8.7111e-20,0.04778,0.063267
-7.3416e-20,0.047814,0.06329
-6.0073e-20,0.04785,0.063312
-4.7115e-20,0.047886,0.063332
-3.4576e-20,0.047924,0.063351
-2.2482e-20,0.047963,0.063368
-1.0861e-20,0.048003,0.063383
2.6607e-22,0.048043,0.063397
1.0879e-20,0.048084,0.063409
2.0961e-20,0.048126,0.063418
3.0497e-20,0.048168,0.063426
3.9478e-20,0.048211,0.063431
4.7893e-20,0.048254,0.063434
5.5738e-20,0.048297,0.063434
6.3008e-20,0.04834,0.063432
6.9702e-20,0.048383,0.063428
7.582e-20,0.048426,0.06342
8.1367e-20,0.048469,0.06341
8.6347e-20,0.048511,0.063398
9.0766e-20,0.048553,0.063382
9.4634e-20,0.048594,0.063363
9.7961e-20,0.048634,0.063341
1.0076e-19,0.048673,0.063317
1.0304e-19,0.048711,0.063289
1.0482e-19,0.048748,0.063258
1.0612e-19,0.048784,0.063224
1.0695e-19,0.048819,0.063187
1.0733e-19,0.048852,0.063146
1.0727e-19,0.048884,0.063103
1.0681e-19,0.048914,0.063057
1.0595e-19,0.048942,0.063007
1.0472e-19,0.048969,0.062954
1.0315e-19,0.048994,0.062899
1.0124e-19,0.049017,0.06284
9.9026e-20,0.049038,0.062779
9.6527e-20,0.049057,0.062715
9.3764e-20,0.049074,0.062648
9.076e-20,0.049089,0.062579
8.7537e-20,0.049102,0.062507
8.4114e-20,0.049113,0.062433
8.0514e-20,0.049121,0.062356
7.6758e-20,0.049128,0.062278
7.2867e-20,0.049132,0.062197
6.8859e-20,0.049135,0.062115
6.4755e-20,0.049135,0.062031
6.0575e-20,0.049133,0.061945
5.6336e-20,0.04913,0.061858
5.2056e-20,0.049124,0.06177
4.7752e-20,0.049116,0.061681
4.3442e-20,0.049106,0.061591
3.9141e-20,0.049094,0.061501
3.4864e-20,0.049081,0.061409
3.0625e-20,0.049065,0.061318
2.6438e-20,0.049048,0.061227
2.2316e-20,0.049029,0.061135
1.8272e-20,0.049008,0.061044
1.4315e-20,0.048986,0.060954
1.0457e-20,0.048962,0.060864
6.7072e-21,0.048937,0.060774
3.0751e-21,0.048911,0.060686
-4.3143e-22,0.048883,0.0606
-3.8048e-21,0.048853,0.060514
-7.0384e-21,0.048823,0.06043
-1.0126e-20,0.048791,0.060348
-1.3063e-20,0.048759,0.060268
-1.5844e-20,0.048725,0.060189
-1.8465e-20,0.04869,0.060113
-2.0924e-20,0.048654,0.060039
-2.3216e-20,0.048618,0.059968
-2.5341e-20,0.048581,0.059899
-2.7297e-20,0.048543,0.059833
-2.9083e-20,0.048504,0.05977
-3.0698e-20,0.048465,0.059709
-3.2143e-20,0.048425,0.059652
-3.3418e-20,0.048385,0.059598
-3.4524e-20,0.048344,0.059546
-3.5462e-20,0.048303,0.059498
-3.6235e-20,0.048261,0.059453
-3.6844e-20,0.048219,0.059411
-3.7292e-20,0.048177,0.059373
-3.7582e-20,0.048135,0.059338
-3.7718e-20,0.048092,0.059306
-3.7701e-20,0.048049,0.059277
-3.7537e-20,0.048006,0.059252
-3.7229e-20,0.047963,0.05923
-3.6782e-20,0.04792,0.059211
-3.6199e-20,0.047877,0.059196
-3.5486e-20,0.047834,0.059183
-3.4646e-20,0.047791,0.059174
-3.3685e-20,0.047748,0.059168
-3.2609e-20,0.047705,0.059165
-3.1421e-20,0.047662,0.059165
-3.0127e-20,0.04762,0.059169
-2.8733e-20,0.047577,0.059175
-2.7243e-20,0.047535,0.059183
-2.5665e-20,0.047493,0.059195
-2.4002e-20,0.047452,0.059209
-2.2261e-20,0.04741,0.059226
-2.0447e-20,0.047369,0.059246
-1.8567e-20,0.047328,0.059268
-1.6626e-20,0.047288,0.059293
-1.4629e-20,0.047247,0.05932
-1.2584e-20,0.047208,0.05935
-1.0495e-20,0.047168,0.059381
-8.3694e-21,0.047129,0.059415
-6.2126e-21,0.047091,0.059451
-4.0308e-21,0.047052,0.059489
-1.8303e-21,0.047015,0.05953
3.8282e-22,0.046977,0.059572
2.6023e-21,0.046941,0.059616
4.8218e-21,0.046904,0.059662
7.0351e-21,0.046869,0.05971
9.2358e-21,0.046833,0.059759
1.1418e-20,0.046799,0.05981
1.3574e-20,0.046764,0.059863
1.5698e-20,0.046731,0.059917
1.7784e-20,0.046697,0.059973
1.9825e-20,0.046665,0.06003
2.1814e-20,0.046633,0.060089
2.3746e-20,0.046601,0.060148
2.5612e-20,0.04657,0.06021
2.7407e-20,0.04654,0.060272
2.9125e-20,0.04651,0.060336
3.0757e-20,0.046481,0.0604
3.2299e-20,0.046452,0.060466
3.3743e-20,0.046424,0.060533
3.5083e-20,0.046396,0.060601
3.6312e-20,0.046369,0.060669
3.7424e-20,0.046342,0.060739
3.8413e-20,0.046316,0.060809
3.9273e-20,0.046291,0.06088
3.9997e-20,0.046265,0.060951
4.0579e-20,0.046241,0.061023
4.1014e-20,0.046217,0.061096
4.1297e-20,0.046193,0.061169
4.1421e-20,0.04617,0.061243
4.1382e-20,0.046148,0.061317
4.1175e-20,0.046126,0.061391
4.0795e-20,0.046104,0.061466
4.0239e-20,0.046083,0.061541
3.9501e-20,0.046062,0.061616
3.858e-20,0.046042,0.061691
3.7471e-20,0.046023,0.061766
3.6172e-20,0.046004,0.061841
3.4681e-20,0.045985,0.061917
3.2997e-20,0.045967,0.061992
3.1118e-20,0.045949,0.062067
2.9043e-20,0.045932,0.062142
2.6773e-20,0.045916,0.062217
2.4308e-20,0.0459,0.062292
2.1651e-20,0.045885,0.062366
1.8802e-20,0.045871,0.062441
1.5765e-20,0.045857,0.062515
1.2543e-20,0.045844,0.062589
9.1412e-21,0.045832,0.062663
5.564e-21,0.045821,0.062737
1.8177e-21,0.045811,0.06281
-2.091e-21,0.045801,0.062884
-6.1541e-21,0.045793,0.062957
-1.0363e-20,0.045786,0.06303
-1.4709e-20,0.045779,0.063103
-1.918e-20,0.045774,0.063175
-2.3765e-20,0.045771,0.063248
-2.8453e-20,0.045768,0.06332
-3.323e-20,0.045767,0.063392
-3.8081e-20,0.045768,0.063464
-4.2992e-20,0.045769,0.063536
-4.7946e-20,0.045773,0.063608
-5.2926e-20,0.045778,0.06368
-5.7915e-20,0.045784,0.063752
-6.2893e-20,0.045792,0.063823
-6.7841e-20,0.045802,0.063895
-7.274e-20,0.045814,0.063967
-7.7566e-20,0.045827,0.064039
-8.2299e-20,0.045842,0.06411
-8.6916e-20,0.045859,0.064182
-9.1394e-20,0.045878,0.064254
-9.5708e-20,0.045898,0.064325
-9.9835e-20,0.045921,0.064397
-1.0375e-19,0.045945,0.064468
-1.0743e-19,0.045971,0.06454
-1.1084e-19,0.045999,0.064611
-1.1397e-19,0.046028,0.064682
-1.1678e-19,0.04606,0.064753
-1.1925e-19,0.046092,0.064824
-1.2135e-19,0.046127,0.064894
-1.2307e-19,0.046163,0.064965
-1.2437e-19,0.046201,0.065034
-1.2522e-19,0.04624,0.065103
-1.2561e-19,0.04628,0.065172
-1.2551e-19,0.046322,0.06524
-1.249e-19,0.046365,0.065307
-1.2376e-19,0.046409,0.065374
-1.2206e-19,0.046454,0.06544
-1.1978e-19,0.0465,0.065504
-1.1691e-19,0.046547,0.065568
-1.1343e-19,0.046594,0.06563
-1.0933e-19,0.046642,0.065691
-1.0459e-19,0.04669,0.06575
-9.919e-20,0.046739,0.065808
-9.3135e-20,0.046787,0.065864
-8.641e-20,0.046836,0.065919
-7.9012e-20,0.046885,0.065971
-7.0937e-20,0.046933,0.066022
-6.2185e-20,0.046981,0.06607
-5.2757e-20,0.047029,0.066116
-4.266e-20,0.047076,0.06616
-3.1901e-20,0.047122,0.0662
-2.0491e-20,0.047167,0.066239
-8.444e-21,0.047212,0.066274
4.2221e-21,0.047255,0.066307
1.7487e-20,0.047297,0.066336
3.1326e-20,0.047338,0.066363
4.5712e-20,0.047377,0.066386
6.0613e-20,0.047415,0.066406
7.5996e-20,0.047452,0.066423
9.1821e-20,0.047486,0.066436
1.0805e-19,0.047519,0.066445
1.2463e-19,0.047551,0.066451
1.4151e-19,0.04758,0.066453
1.5865e-19,0.047608,0.066452
1.7598e-19,0.047634,0.066446
1.9345e-19,0.047658,0.066437
2.1099e-19,0.04768,0.066424
2.2853e-19,0.047701,0.066408
2.4601e-19,0.04772,0.066387
2.6335e-19,0.047737,0.066362
2.8048e-19,0.047752,0.066334
2.973e-19,0.047766,0.066302
3.1375e-19,0.047778,0.066266
3.2974e-19,0.047789,0.066226
3.4517e-19,0.047799,0.066183
3.5997e-19,0.047807,0.066135
3.7404e-19,0.047814,0.066085
3.8728e-19,0.04782,0.066031
3.9961e-19,0.047825,0.065973
4.1093e-19,0.047829,0.065913
4.2113e-19,0.047832,0.065849
4.3014e-19,0.047835,0.065782
4.3785e-19,0.047838,0.065712
4.4417e-19,0.04784,0.065639
4.49e-19,0.047841,0.065564
4.5226e-19,0.047843,0.065486
4.5384e-19,0.047845,0.065406
4.5367e-19,0.047847,0.065324
4.5165e-19,0.047849,0.065239
4.4771e-19,0.047851,0.065153
4.4177e-19,0.047854,0.065065
4.3374e-19,0.047858,0.064976
4.2357e-19,0.047862,0.064885
4.1119e-19,0.047867,0.064793
3.9653e-19,0.047873,0.0647
3.7955e-19,0.04788,0.064607
3.6021e-19,0.047888,0.064513
3.3845e-19,0.047896,0.064419
3.1425e-19,0.047906,0.064324
2.876e-19,0.047917,0.06423
2.5847e-19,0.047928,0.064136
2.2686e-19,0.047941,0.064042
1.9279e-19,0.047955,0.063949
1.5625e-19,0.04797,0.063857
1.1729e-19,0.047986,0.063766
7.5938e-20,0.048003,0.063676
3.2244e-20,0.048021,0.063587
-1.3729e-20,0.04804,0.0635
-6.1909e-20,0.04806,0.063415
-1.1221e-19,0.04808,0.063332
-1.6453e-19,0.048101,0.063251
-2.1876e-19,0.048123,0.063171
-2.7477e-19,0.048145,0.063095
-3.3243e-19,0.048167,0.06302
-3.9158e-19,0.04819,0.062948
-4.5206e-19,0.048213,0.062879
-5.1368e-19,0.048236,0.062813
-5.7626e-19,0.048259,0.06275
-6.3959e-19,0.048282,0.06269
-7.0346e-19,0.048305,0.062632
-7.6762e-19,0.048327,0.062578
-8.3183e-19,0.048349,0.062528
-8.9584e-19,0.04837,0.06248
-9.5938e-19,0.04839,0.062436
-1.0222e-18,0.04841,0.062395
-1.0839e-18,0.048428,0.062358
-1.1443e-18,0.048446,0.062324
-1.203e-18,0.048462,0.062294
-1.2598e-18,0.048477,0.062267
-1.3143e-18,0.048491,0.062244
-1.3661e-18,0.048503,0.062224
-1.415e-18,0.048514,0.062208
-1.4605e-18,0.048523,0.062195
-1.5024e-18,0.048531,0.062186
-1.5403e-18,0.048537,0.06218
-1.5738e-18,0.048541,0.062178
-1.6026e-18,0.048543,0.062178
-1.6263e-18,0.048544,0.062182
-1.6446e-18,0.048543,0.062189
-1.6572e-18,0.048539,0.0622
-1.6637e-18,0.048534,0.062213
-1.6638e-18,0.048528,0.062229
-1.6572e-18,0.048519,0.062249
-1.6435e-18,0.048509,0.062271
-1.6225e-18,0.048496,0.062295
-1.5939e-18,0.048482,0.062323
-1.5575e-18,0.048467,0.062353
-1.513e-18,0.04845,0.062385
-1.4601e-18,0.048431,0.06242
-1.3988e-18,0.04841,0.062457
-1.3288e-18,0.048389,0.062496
-1.2499e-18,0.048365,0.062537
-1.1622e-18,0.048341,0.06258
-1.0654e-18,0.048315,0.062624
-9.5949e-19,0.048289,0.062671
-8.4452e-19,0.048261,0.062719
-7.2049e-19,0.048232,0.062768
-5.8743e-19,0.048203,0.062819
-4.4544e-19,0.048173,0.062871
-2.9467e-19,0.048142,0.062924
-1.3528e-19,0.048111,0.062978
3.2511e-20,0.048079,0.063033
2.0843e-19,0.048047,0.063089
3.9216e-19,0.048014,0.063146
5.8336e-19,0.047982,0.063203
7.8161e-19,0.047949,0.063261
9.8646e-19,0.047916,0.063319
1.1974e-18,0.047884,0.063377
1.4139e-18,0.047851,0.063436
1.6353e-18,0.047819,0.063494
1.8611e-18,0.047787,0.063553
2.0904e-18,0.047756,0.063611
2.3225e-18,0.047724,0.063669
2.5567e-18,0.047694,0.063727
2.7921e-18,0.047664,0.063785
3.0278e-18,0.047634,0.063841
3.2629e-18,0.047605,0.063897
3.4963e-18,0.047576,0.063953
3.7271e-18,0.047548,0.064007
3.9542e-18,0.047521,0.064061
4.1764e-18,0.047495,0.064113
4.3927e-18,0.047469,0.064164
4.602e-18,0.047443,0.064214
4.8029e-18,0.047419,0.064263
4.9942e-18,0.047395,0.064309
5.1748e-18,0.047371,0.064355
5.3434e-18,0.047349,0.064398
5.4987e-18,0.047326,0.06444
5.6394e-18,0.047305,0.06448
5.7642e-18,0.047284,0.064518
5.8718e-18,0.047263,0.064554
5.961e-18,0.047243,0.064587
6.0305e-18,0.047224,0.064618
6.079e-18,0.047205,0.064647
6.1053e-18,0.047186,0.064673
6.1082e-18,0.047168,0.064697
6.0866e-18,0.04715,0.064719
6.0393e-18,0.047133,0.064737
5.9652e-18,0.047116,0.064753
5.8634e-18,0.0471,0.064766
5.7329e-18,0.047084,0.064776
5.5727e-18,0.047069,0.064783
5.3821e-18,0.047054,0.064787
5.1604e-18,0.047039,0.064788
4.9069e-18,0.047025,0.064786
4.6211e-18,0.047012,0.064781
4.3025e-18,0.046999,0.064773
3.9508e-18,0.046987,0.064762
3.5658e-18,0.046975,0.064748
3.1475e-18,0.046964,0.06473
2.6958e-18,0.046954,0.06471
2.211e-18,0.046945,0.064686
1.6933e-18,0.046937,0.06466
1.1434e-18,0.04693,0.06463
5.6171e-19,0.046923,0.064598
-5.088e-20,0.046918,0.064562
-6.9342e-19,0.046915,0.064524
-1.3648e-18,0.046912,0.064483
-2.0637e-18,0.046911,0.064439
-2.7887e-18,0.046911,0.064392
-3.5381e-18,0.046913,0.064343
-4.3101e-18,0.046916,0.064292
-5.1027e-18,0.046921,0.064238
-5.9137e-18,0.046928,0.064182
-6.7407e-18,0.046936,0.064124
-7.5812e-18,0.046946,0.064063
-8.4324e-18,0.046959,0.064001
-9.2914e-18,0.046973,0.063937
-1.0155e-17,0.046989,0.063872
-1.102e-17,0.047007,0.063804
-1.1884e-17,0.047027,0.063736
-1.2741e-17,0.047049,0.063666
-1.359e-17,0.047074,0.063595
-1.4425e-17,0.0471,0.063524
-1.5243e-17,0.047129,0.063451
-1.604e-17,0.047159,0.063378
-1.6811e-17,0.047192,0.063305
-1.7552e-17,0.047227,0.063231
-1.8258e-17,0.047264,0.063157
-1.8926e-17,0.047303,0.063083
-1.955e-17,0.047343,0.063009
-2.0125e-17,0.047386,0.062936
-2.0648e-17,0.047431,0.062863
-2.1112e-17,0.047477,0.062791
-2.1515e-17,0.047525,0.062719
-2.185e-17,0.047574,0.062649
-2.2113e-17,0.047625,0.062579
-2.23e-17,0.047678,0.062511
-2.2405e-17,0.047732,0.062445
-2.2426e-17,0.047787,0.062379
-2.2356e-17,0.047843,0.062316
-2.2193e-17,0.0479,0.062254
-2.1932e-17,0.047958,0.062195
-2.157e-17,0.048016,0.062137
-2.1102e-17,0.048076,0.062081
-2.0526e-17,0.048135,0.062028
-1.9839e-17,0.048195,0.061977
-1.9038e-17,0.048255,0.061929
-1.812e-17,0.048316,0.061883
-1.7084e-17,0.048376,0.06184
-1.5927e-17,0.048436,0.0618
-1.465e-17,0.048495,0.061762
-1.325e-17,0.048554,0.061727
-1.1728e-17,0.048613,0.061695
-1.0083e-17,0.04867,0.061666
-8.3164e-18,0.048727,0.06164
-6.4293e-18,0.048783,0.061617
-4.4233e-18,0.048838,0.061597
-2.3006e-18,0.048891,0.06158
-6.4103e-20,0.048943,0.061566
2.2828e-18,0.048994,0.061555
4.736e-18,0.049043,0.061548
7.2909e-18,0.04909,0.061543
9.9421e-18,0.049136,0.061541
1.2684e-17,0.04918,0.061542
1.5509e-17,0.049222,0.061545
1.841e-17,0.049262,0.061552
2.1381e-17,0.0493,0.061561
2.441e-17,0.049337,0.061574
2.7491e-17,0.049371,0.061588
3.0612e-17,0.049402,0.061605
3.3762e-17,0.049432,0.061625
3.6932e-17,0.04946,0.061647
4.0108e-17,0.049485,0.061671
4.3278e-17,0.049508,0.061697
4.643e-17,0.049529,0.061725
4.9548e-17,0.049548,0.061755
5.2621e-17,0.049565,0.061787
5.5631e-17,0.049579,0.061821
5.8565e-17,0.049591,0.061855
6.1406e-17,0.049602,0.061892
6.4139e-17,0.04961,0.061929
6.6748e-17,0.049616,0.061967
6.9215e-17,0.04962,0.062006
7.1523e-17,0.049622,0.062046
7.3656e-17,0.049623,0.062087
7.5596e-17,0.049621,0.062128
7.7326e-17,0.049618,0.062169
7.8828e-17,0.049613,0.06221
8.0086e-17,0.049607,0.062252
8.1082e-17,0.049599,0.062293
8.1798e-17,0.049589,0.062333
8.222e-17,0.049578,0.062374
8.233e-17,0.049566,0.062413
8.2112e-17,0.049553,0.062452
8.1551e-17,0.049538,0.06249
8.0633e-17,0.049523,0.062527
7.9344e-17,0.049506,0.062563
7.767e-17,0.049489,0.062597
7.56e-17,0.049471,0.062631
7.3123e-17,0.049452,0.062662
7.0227e-17,0.049432,0.062692
6.6905e-17,0.049412,0.062721
6.3149e-17,0.049391,0.062748
5.8953e-17,0.049369,0.062772
5.4311e-17,0.049347,0.062795
4.9222e-17,0.049325,0.062816
4.3683e-17,0.049302,0.062836
3.7694e-17,0.049279,0.062853
3.1258e-17,0.049256,0.062868
2.4379e-17,0.049232,0.062881
1.7062e-17,0.049209,0.062892
9.3166e-18,0.049185,0.062901
1.1517e-18,0.049161,0.062908
-7.4199e-18,0.049136,0.062913
-1.6384e-17,0.049112,0.062916
-2.5722e-17,0.049087,0.062917
-3.5417e-17,0.049063,0.062916
-4.5446e-17,0.049038,0.062914
-5.5785e-17,0.049013,0.06291
-6.6407e-17,0.048988,0.062904
-7.7284e-17,0.048963,0.062897
-8.8384e-17,0.048938,0.062889
-9.9673e-17,0.048912,0.062879
-1.1112e-16,0.048887,0.062868
-1.2267e-16,0.048861,0.062856
-1.343e-16,0.048835,0.062843
-1.4596e-16,0.048809,0.062829
-1.576e-16,0.048783,0.062815
-1.6918e-16,0.048756,0.0628
-1.8064e-16,0.048729,0.062784
-1.9194e-16,0.048702,0.062769
-2.0302e-16,0.048675,0.062753
-2.1382e-16,0.048647,0.062738
-2.243e-16,0.048619,0.062722
-2.3437e-16,0.048591,0.062707
-2.44e-16,0.048562,0.062693
-2.5312e-16,0.048533,0.062678
-2.6166e-16,0.048504,0.062665
-2.6956e-16,0.048474,0.062653
-2.7676e-16,0.048444,0.062641
-2.832e-16,0.048413,0.06263
-2.8881e-16,0.048382,0.062621
-2.9353e-16,0.048351,0.062613
-2.9729e-16,0.04832,0.062606
-3.0004e-16,0.048288,0.0626
-3.0171e-16,0.048256,0.062596
-3.0224e-16,0.048224,0.062594
-3.0157e-16,0.048191,0.062593
-2.9965e-16,0.048159,0.062594
-2.9643e-16,0.048126,0.062596
-2.9185e-16,0.048093,0.0626
-2.8586e-16,0.04806,0.062606
-2.7842e-16,0.048027,0.062613
-2.6949e-16,0.047995,0.062622
-2.5903e-16,0.047962,0.062633
-2.4701e-16,0.047929,0.062646
-2.334e-16,0.047897,0.06266
-2.1817e-16,0.047865,0.062675
-2.0131e-16,0.047834,0.062693
-1.8281e-16,0.047803,0.062711
-1.6265e-16,0.047773,0.062731
-1.4085e-16,0.047743,0.062753
-1.174e-16,0.047714,0.062776
-9.2328e-17,0.047686,0.0628
-6.5644e-17,0.047659,0.062825
-3.738e-17,0.047632,0.062851
-7.5737e-18,0.047607,0.062878
2.3731e-17,0.047583,0.062906
5.6481e-17,0.04756,0.062935
9.0616e-17,0.047539,0.062964
1.2607e-16,0.047518,0.062994
1.6275e-16,0.0475,0.063024
2.0058e-16,0.047483,0.063055
2.3947e-16,0.047467,0.063085
2.793e-16,0.047453,0.063116
3.1996e-16,0.047441,0.063147
3.6133e-16,0.047431,0.063177
4.0328e-16,0.047423,0.063207
4.4566e-16,0.047416,0.063236
4.8833e-16,0.047412,0.063265
5.3113e-16,0.047409,0.063293
5.7388e-16,0.047409,0.06332
6.1642e-16,0.047411,0.063346
6.5856e-16,0.047416,0.06337
7.0011e-16,0.047422,0.063394
7.4087e-16,0.047431,0.063415
7.8065e-16,0.047442,0.063436
8.1923e-16,0.047455,0.063454
8.564e-16,0.047471,0.063471
8.9194e-16,0.047489,0.063485
9.2561e-16,0.04751,0.063498
9.5721e-16,0.047533,0.063508
9.8648e-16,0.047559,0.063516
1.0132e-15,0.047587,0.063522
1.0372e-15,0.047617,0.063525
1.0581e-15,0.04765,0.063526
1.0758e-15,0.047686,0.063524
1.09e-15,0.047723,0.063519
1.1005e-15,0.047764,0.063512
1.1071e-15,0.047806,0.063502
1.1095e-15,0.047851,0.063489
1.1075e-15,0.047899,0.063473
1.101e-15,0.047948,0.063455
1.0897e-15,0.048,0.063433
1.0734e-15,0.048054,0.063409
1.052e-15,0.048111,0.063382
1.0253e-15,0.048169,0.063353
9.9312e-16,0.048229,0.06332
9.5535e-16,0.048292,0.063285
9.1185e-16,0.048356,0.063248
8.6252e-16,0.048423,0.063208
8.0727e-16,0.048491,0.063165
7.4604e-16,0.048561,0.06312
6.7878e-16,0.048632,0.063073
6.0546e-16,0.048705,0.063023
5.2608e-16,0.04878,0.062971
4.4067e-16,0.048855,0.062918
3.4927e-16,0.048932,0.062862
2.5195e-16,0.04901,0.062805
1.4883e-16,0.049089,0.062746
4.002e-17,0.049169,0.062686
-7.4305e-17,0.049249,0.062624
-1.9396e-16,0.04933,0.062562
-3.1872e-16,0.049411,0.062497
-4.4834e-16,0.049493,0.062432
-5.8252e-16,0.049575,0.062367
-7.2096e-16,0.049656,0.0623
-8.633e-16,0.049738,0.062233
-1.0092e-15,0.049818,0.062165
-1.1581e-15,0.049899,0.062097
-1.3097e-15,0.049978,0.062029
-1.4635e-15,0.050057,0.061961
-1.6189e-15,0.050134,0.061892
-1.7755e-15,0.05021,0.061824
-1.9325e-15,0.050284,0.061756
-2.0895e-15,0.050357,0.061689
-2.2458e-15,0.050428,0.061622
-2.4007e-15,0.050497,0.061555
-2.5535e-15,0.050563,0.061489
-2.7035e-15,0.050627,0.061424
-2.8499e-15,0.050689,0.061359
-2.9921e-15,0.050748,0.061296
-3.1291e-15,0.050804,0.061233
-3.2603e-15,0.050857,0.061171
-3.3847e-15,0.050906,0.06111
-3.5015e-15,0.050953,0.061051
-3.61e-15,0.050996,0.060992
-3.7092e-15,0.051035,0.060935
-3.7982e-15,0.051071,0.060878
-3.8763e-15,0.051103,0.060823
-3.9426e-15,0.051131,0.06077
-3.9962e-15,0.051155,0.060717
-4.0363e-15,0.051176,0.060666
-4.062e-15,0.051192,0.060616
-4.0726e-15,0.051205,0.060567
-4.0672e-15,0.051213,0.06052
-4.0451e-15,0.051217,0.060473
-4.0055e-15,0.051217,0.060429
-3.9478e-15,0.051213,0.060385
-3.8714e-15,0.051206,0.060343
-3.7754e-15,0.051194,0.060302
-3.6595e-15,0.051178,0.060262
-3.5231e-15,0.051158,0.060224
-3.3658e-15,0.051134,0.060187
-3.187e-15,0.051107,0.060151
-2.9866e-15,0.051076,0.060117
-2.7643e-15,0.051041,0.060083
-2.5198e-15,0.051003,0.060051
-2.253e-15,0.050961,0.060021
-1.9641e-15,0.050917,0.059991
-1.653e-15,0.050869,0.059963
-1.3198e-15,0.050818,0.059937
-9.6493e-16,0.050764,0.059911
-5.8868e-16,0.050707,0.059887
-1.9152e-16,0.050647,0.059865
2.2598e-16,0.050585,0.059844
6.6312e-16,0.050521,0.059824
1.1191e-15,0.050454,0.059805
1.593e-15,0.050386,0.059789
2.0838e-15,0.050315,0.059773
2.5904e-15,0.050243,0.059759
3.1114e-15,0.050169,0.059747
3.6455e-15,0.050094,0.059736
4.1911e-15,0.050017,0.059727
4.7467e-15,0.049939,0.05972
5.3104e-15,0.04986,0.059715
5.8804e-15,0.049781,0.059711
6.4547e-15,0.049701,0.059709
7.0312e-15,0.04962,0.059709
7.6076e-15,0.049539,0.059711
8.1817e-15,0.049458,0.059714
8.7509e-15,0.049377,0.05972
9.3128e-15,0.049295,0.059728
9.8647e-15,0.049215,0.059738
1.0404e-14,0.049135,0.05975
1.0928e-14,0.049055,0.059764
1.1433e-14,0.048976,0.059781
1.1917e-14,0.048898,0.059799
1.2376e-14,0.048822,0.05982
1.2808e-14,0.048746,0.059843
1.321e-14,0.048672,0.059869
1.3578e-14,0.0486,0.059897
1.3909e-14,0.048529,0.059927
1.42e-14,0.04846,0.05996
1.4449e-14,0.048393,0.059995
1.465e-14,0.048329,0.060032
1.4803e-14,0.048266,0.060071
1.4903e-14,0.048206,0.060113
1.4948e-14,0.048148,0.060157
1.4935e-14,0.048093,0.060204
1.4861e-14,0.04804,0.060252
1.4723e-14,0.047991,0.060303
1.4519e-14,0.047944,0.060356
1.4245e-14,0.0479,0.06041
1.3901e-14,0.047859,0.060467
1.3484e-14,0.047821,0.060526
1.2991e-14,0.047786,0.060586
1.2422e-14,0.047755,0.060648
1.1775e-14,0.047727,0.060711
1.1048e-14,0.047702,0.060776
1.024e-14,0.04768,0.060843
9.3517e-15,0.047662,0.06091
8.3816e-15,0.047647,0.060979
7.3297e-15,0.047635,0.061048
6.1964e-15,0.047626,0.061118
4.9823e-15,0.047621,0.061189
3.6883e-15,0.047619,0.061261
2.3155e-15,0.04762,0.061332
8.6589e-16,0.047624,0.061404
-6.5865e-16,0.047632,0.061476
-2.2556e-15,0.047642,0.061548
-3.9221e-15,0.047655,0.06162
-5.6547e-15,0.047672,0.061691
-7.4498e-15,0.04769,0.061762
-9.3032e-15,0.047712,0.061831
-1.121e-14,0.047736,0.0619
-1.3166e-14,0.047762,0.061968
-1.5164e-14,0.047791,0.062035
-1.72e-14,0.047822,0.0621
-1.9267e-14,0.047855,0.062164
-2.1357e-14,0.04789,0.062227
-2.3464e-14,0.047927,0.062287
-2.558e-14,0.047965,0.062346
-2.7696e-14,0.048004,0.062403
-2.9805e-14,0.048045,0.062458
-3.1897e-14,0.048087,0.06251
-3.3963e-14,0.048131,0.06256
-3.5993e-14,0.048175,0.062608
-3.7978e-14,0.048219,0.062653
-3.9907e-14,0.048264,0.062696
-4.177e-14,0.04831,0.062736
-4.3555e-14,0.048355,0.062774
-4.5252e-14,0.048401,0.062809
-4.685e-14,0.048447,0.062841
-4.8337e-14,0.048492,0.06287
-4.9702e-14,0.048537,0.062897
-5.0933e-14,0.048581,0.062921
-5.2019e-14,0.048625,0.062941
-5.2947e-14,0.048668,0.062959
-5.3708e-14,0.04871,0.062975
-5.4289e-14,0.048751,0.062987
-5.4678e-14,0.04879,0.062996
-5.4866e-14,0.048828,0.063003
-5.4842e-14,0.048865,0.063007
-5.4594e-14,0.0489,0.063009
-5.4113e-14,0.048934,0.063008
-5.339e-14,0.048966,0.063004
-5.2415e-14,0.048996,0.062997
-5.1181e-14,0.049024,0.062989
-4.9678e-14,0.04905,0.062978
-4.7901e-14,0.049074,0.062964
-4.5843e-14,0.049096,0.062949
-4.3497e-14,0.049116,0.062931
-4.0861e-14,0.049134,0.062912
-3.7929e-14,0.049149,0.06289
-3.47e-14,0.049162,0.062867
-3.1171e-14,0.049173,0.062842
-2.7343e-14,0.049182,0.062816
-2.3215e-14,0.049188,0.062788
-1.8791e-14,0.049192,0.062759
-1.4072e-14,0.049194,0.062729
-9.0642e-15,0.049193,0.062698
-3.7732e-15,0.049191,0.062666
1.7937e-15,0.049186,0.062633
7.6273e-15,0.049179,0.062599
1.3717e-14,0.04917,0.062566
2.0052e-14,0.049159,0.062532
2.6617e-14,0.049146,0.062498
3.3398e-14,0.049131,0.062464
4.0378e-14,0.049114,0.06243
4.7538e-14,0.049095,0.062396
5.4859e-14,0.049075,0.062363
6.2318e-14,0.049053,0.062331
6.9893e-14,0.04903,0.062299
7.7558e-14,0.049006,0.062268
8.5286e-14,0.04898,0.062239
9.3051e-14,0.048953,0.06221
1.0082e-13,0.048925,0.062183
1.0857e-13,0.048896,0.062158
1.1625e-13,0.048866,0.062133
1.2385e-13,0.048836,0.062111
1.3132e-13,0.048805,0.06209
1.3863e-13,0.048773,0.062072
1.4573e-13,0.048741,0.062055
1.526e-13,0.048709,0.06204
1.5918e-13,0.048677,0.062028
1.6545e-13,0.048644,0.062018
1.7136e-13,0.048612,0.06201
1.7687e-13,0.04858,0.062004
1.8193e-13,0.048548,0.062001
1.865e-13,0.048516,0.062
1.9055e-13,0.048485,0.062001
1.9402e-13,0.048455,0.062005
1.9688e-13,0.048425,0.062012
1.9909e-13,0.048395,0.062021
2.006e-13,0.048367,0.062032
2.0137e-13,0.048339,0.062046
2.0137e-13,0.048312,0.062062
2.0055e-13,0.048286,0.06208
1.9888e-13,0.048261,0.062101
1.9632e-13,0.048237,0.062125
1.9285e-13,0.048214,0.06215
1.8842e-13,0.048193,0.062178
1.8301e-13,0.048172,0.062207
1.766e-13,0.048152,0.062239
1.6916e-13,0.048134,0.062273
1.6067e-13,0.048117,0.062309
1.511e-13,0.048101,0.062346
1.4046e-13,0.048086,0.062385
1.2873e-13,0.048072,0.062426
1.1589e-13,0.048059,0.062468
1.0196e-13,0.048047,0.062512
8.6928e-14,0.048037,0.062557
7.0804e-14,0.048027,0.062603
5.36e-14,0.048018,0.06265
3.5332e-14,0.048011,0.062698
1.6021e-14,0.048004,0.062747
-4.3048e-15,0.047998,0.062796
-2.5614e-14,0.047992,0.062846
-4.787e-14,0.047988,0.062897
-7.1027e-14,0.047984,0.062948
-9.5038e-14,0.047981,0.062999
-1.1985e-13,0.047978,0.06305
-1.4539e-13,0.047976,0.063102
-1.7161e-13,0.047974,0.063153
-1.9842e-13,0.047973,0.063204
-2.2575e-13,0.047972,0.063255
-2.5352e-13,0.047971,0.063306
-2.8162e-13,0.047971,0.063356
-3.0997e-13,0.04797,0.063405
-3.3846e-13,0.04797,0.063454
-3.6699e-13,0.04797,0.063502
-3.9544e-13,0.04797,0.063549
-4.2369e-13,0.04797,0.063595
-4.5162e-13,0.04797,0.063641
-4.7909e-13,0.04797,0.063685
-5.0599e-13,0.047969,0.063729
-5.3216e-13,0.047969,0.063771
-5.5747e-13,0.047968,0.063812
-5.8176e-13,0.047967,0.063852
-6.0491e-13,0.047966,0.063891
-6.2674e-13,0.047965,0.063928
-6.4712e-13,0.047963,0.063964
-6.6589e-13,0.047961,0.063999
-6.8288e-13,0.047959,0.064033
-6.9795e-13,0.047957,0.064065
-7.1095e-13,0.047954,0.064096
-7.217e-13,0.047951,0.064125
-7.3007e-13,0.047948,0.064153
-7.359e-13,0.047945,0.06418
-7.3903e-13,0.047941,0.064205
-7.3934e-13,0.047938,0.06423
-7.3667e-13,0.047934,0.064252
-7.3089e-13,0.04793,0.064274
-7.2187e-13,0.047926,0.064294
-7.0948e-13,0.047922,0.064313
-6.9362e-13,0.047919,0.064331
-6.7417e-13,0.047915,0.064348
-6.5104e-13,0.047912,0.064363
-6.2413e-13,0.047909,0.064378
-5.9338e-13,0.047906,0.064391
-5.5871e-13,0.047903,0.064403
-5.2008e-13,0.047901,0.064414
-4.7744e-13,0.0479,0.064424
-4.3077e-13,0.047899,0.064434
-3.8007e-13,0.047899,0.064442
-3.2532e-13,0.047899,0.064449
-2.6657e-13,0.047901,0.064456
-2.0385e-13,0.047903,0.064461
-1.3721e-13,0.047906,0.064466
-6.6736e-14,0.047911,0.06447
7.4776e-15,0.047916,0.064473
8.5315e-14,0.047923,0.064475
1.6664e-13,0.047931,0.064476
2.513e-13,0.047941,0.064477
3.391e-13,0.047951,0.064477
4.2987e-13,0.047964,0.064476
5.2336e-13,0.047978,0.064475
6.1934e-13,0.047993,0.064472
7.1754e-13,0.04801,0.064469
8.1767e-13,0.048029,0.064466
9.1943e-13,0.04805,0.064462
1.0225e-12,0.048072,0.064457
1.1265e-12,0.048096,0.064451
1.231e-12,0.048122,0.064445
1.3358e-12,0.048149,0.064438
1.4402e-12,0.048179,0.064431
1.544e-12,0.048209,0.064422
1.6467e-12,0.048242,0.064414
1.7478e-12,0.048276,0.064404
1.8468e-12,0.048312,0.064394
1.9431e-12,0.048349,0.064384
2.0364e-12,0.048388,0.064373
2.1261e-12,0.048428,0.064361
2.2115e-12,0.04847,0.064349
2.2922e-12,0.048512,0.064336
2.3676e-12,0.048555,0.064323
2.4372e-12,0.0486,0.064309
2.5003e-12,0.048645,0.064294
2.5564e-12,0.04869,0.064279
2.605e-12,0.048736,0.064263
2.6454e-12,0.048782,0.064247
2.6771e-12,0.048829,0.06423
2.6995e-12,0.048875,0.064213
2.7121e-12,0.048921,0.064195
2.7144e-12,0.048967,0.064177
2.7058e-12,0.049012,0.064158
2.6859e-12,0.049056,0.064139
2.6541e-12,0.049099,0.064119
2.61e-12,0.049141,0.064099
2.5532e-12,0.049182,0.064078
2.4833e-12,0.049221,0.064056
2.3998e-12,0.049259,0.064035
2.3026e-12,0.049294,0.064012
2.1913e-12,0.049328,0.063989
2.0656e-12,0.04936,0.063966
1.9254e-12,0.049389,0.063942
1.7704e-12,0.049415,0.063918
1.6008e-12,0.049439,0.063893
1.4162e-12,0.049461,0.063867
1.2169e-12,0.049479,0.063842
1.0028e-12,0.049495,0.063815
7.7414e-13,0.049507,0.063788
5.3108e-13,0.049517,0.063761
2.739e-13,0.049523,0.063733
2.9514e-15,0.049526,0.063704
-2.8135e-13,0.049525,0.063675
-5.7852e-13,0.049522,0.063646
-8.8797e-13,0.049515,0.063615
-1.2091e-12,0.049504,0.063585
-1.5411e-12,0.049491,0.063553
-1.8833e-12,0.049474,0.063521
-2.2346e-12,0.049454,0.063488
-2.5943e-12,0.049431,0.063455
-2.9611e-12,0.049404,0.063421
-3.3341e-12,0.049375,0.063386
-3.7119e-12,0.049343,0.063351
-4.0934e-12,0.049308,0.063315
-4.477e-12,0.049271,0.063278
-4.8615e-12,0.049231,0.063241
-5.2452e-12,0.049189,0.063202
-5.6266e-12,0.049144,0.063163
-6.004e-12,0.049098,0.063123
-6.3758e-12,0.04905,0.063083
-6.74e-12,0.049,0.063041
-7.095e-12,0.048949,0.062999
-7.4387e-12,0.048897,0.062956
-7.7693e-12,0.048843,0.062912
-8.0847e-12,0.048789,0.062868
-8.383e-12,0.048734,0.062822
-8.6621e-12,0.048679,0.062776
-8.9199e-12,0.048623,0.062729
-9.1543e-12,0.048568,0.062682
-9.3632e-12,0.048513,0.062634
-9.5446e-12,0.048458,0.062585
-9.6963e-12,0.048404,0.062535
-9.8162e-12,0.048351,0.062485
-9.9024e-12,0.048298,0.062435
-9.9528e-12,0.048247,0.062383
-9.9654e-12,0.048198,0.062332
-9.9383e-12,0.04815,0.06228
-9.8697e-12,0.048103,0.062228
-9.7578e-12,0.048059,0.062175
-9.601e-12,0.048017,0.062123
-9.3976e-12,0.047977,0.06207
-9.1462e-12,0.047939,0.062017
-8.8454e-12,0.047904,0.061964
-8.494e-12,0.047871,0.061912
-8.091e-12,0.047841,0.061859
-7.6355e-12,0.047814,0.061807
-7.1266e-12,0.047789,0.061756
-6.5638e-12,0.047768,0.061705
-5.9468e-12,0.047749,0.061654
-5.2754e-12,0.047733,0.061605
-4.5496e-12,0.047721,0.061556
-3.7696e-12,0.047711,0.061508
-2.936e-12,0.047704,0.061462
-2.0495e-12,0.0477,0.061416
-1.111e-12,0.047699,0.061372
-1.2185e-13,0.047701,0.06133
9.1653e-13,0.047706,0.061289
2.0023e-12,0.047713,0.06125
3.1335e-12,0.047723,0.061212
4.3077e-12,0.047736,0.061177
5.5223e-12,0.047751,0.061144
6.7744e-12,0.047768,0.061113
8.0607e-12,0.047788,0.061085
9.3778e-12,0.047809,0.06106
1.0722e-11,0.047833,0.061037
1.2089e-11,0.047858,0.061017
1.3474e-11,0.047884,0.061
1.4873e-11,0.047912,0.060986
1.6281e-11,0.047941,0.060975
1.7692e-11,0.047971,0.060968
1.9101e-11,0.048002,0.060965
2.0502e-11,0.048033,0.060965
2.189e-11,0.048065,0.060969
2.3257e-11,0.048097,0.060976
2.4597e-11,0.048129,0.060988
2.5904e-11,0.04816,0.061004
2.7171e-11,0.048191,0.061024
2.839e-11,0.048221,0.061048
2.9555e-11,0.048251,0.061077
3.0657e-11,0.048279,0.06111
3.1689e-11,0.048306,0.061148
3.2645e-11,0.048332,0.06119
3.3515e-11,0.048356,0.061237
3.4292e-11,0.048377,0.061288
3.497e-11,0.048397,0.061344
3.5539e-11,0.048415,0.061404
3.5992e-11,0.04843,0.061469
3.6322e-11,0.048443,0.061539
3.6522e-11,0.048452,0.061613
3.6584e-11,0.048459,0.061692
3.65e-11,0.048463,0.061775
3.6266e-11,0.048464,0.061862
3.5873e-11,0.048462,0.061954
3.5315e-11,0.048456,0.06205
3.4587e-11,0.048447,0.06215
3.3684e-11,0.048434,0.062254
3.26e-11,0.048418,0.062362
3.1331e-11,0.048398,0.062474
2.9872e-11,0.048374,0.062589
2.8221e-11,0.048347,0.062708
2.6374e-11,0.048317,0.062829
2.433e-11,0.048282,0.062954
2.2087e-11,0.048244,0.063082
1.9644e-11,0.048203,0.063212
1.7002e-11,0.048158,0.063345
1.416e-11,0.04811,0.06348
1.1121e-11,0.048058,0.063617
7.8881e-12,0.048003,0.063755
4.4637e-12,0.047945,0.063896
8.5266e-13,0.047885,0.064037
-2.9397e-12,0.047821,0.06418
-6.9069e-12,0.047755,0.064323
-1.1041e-11,0.047687,0.064467
-1.5335e-11,0.047616,0.064611
-1.9778e-11,0.047544,0.064755
-2.436e-11,0.04747,0.064899
-2.9069e-11,0.047394,0.065043
-3.3892e-11,0.047317,0.065185
-3.8815e-11,0.047239,0.065327
-4.3825e-11,0.047161,0.065468
-4.8903e-11,0.047082,0.065607
-5.4034e-11,0.047002,0.065744
-5.9199e-11,0.046923,0.065879
-6.4379e-11,0.046845,0.066012
-6.9554e-11,0.046767,0.066142
-7.4702e-11,0.046691,0.06627
-7.9802e-11,0.046615,0.066395
-8.483e-11,0.046542,0.066516
-8.9763e-11,0.04647,0.066635
-9.4575e-11,0.046401,0.066749
-9.9242e-11,0.046334,0.06686
-1.0374e-10,0.04627,0.066966
-1.0804e-10,0.04621,0.067069
-1.1211e-10,0.046152,0.067167
-1.1593e-10,0.046099,0.06726
-1.1947e-10,0.046049,0.067348
-1.227e-10,0.046004,0.067432
-1.2559e-10,0.045963,0.06751
-1.2812e-10,0.045927,0.067583
-1.3025e-10,0.045895,0.06765
-1.3196e-10,0.045869,0.067712
-1.3323e-10,0.045848,0.067768
-1.3401e-10,0.045832,0.067818
-1.343e-10,0.045821,0.067862
-1.3405e-10,0.045817,0.067901
-1.3325e-10,0.045818,0.067933
-1.3187e-10,0.045824,0.067958
-1.2989e-10,0.045837,0.067978
-1.2729e-10,0.045855,0.067991
-1.2404e-10,0.045879,0.067998
-1.2014e-10,0.045909,0.067999
-1.1555e-10,0.045945,0.067993
-1.1028e-10,0.045987,0.067981
-1.0429e-10,0.046034,0.067962
-9.7593e-11,0.046086,0.067938
-9.0169e-11,0.046144,0.067906
-8.2015e-11,0.046208,0.067869
-7.3127e-11,0.046276,0.067825
-6.3506e-11,0.046349,0.067776
-5.3155e-11,0.046427,0.06772
-4.2078e-11,0.04651,0.067659
-3.0287e-11,0.046597,0.067592
-1.7792e-11,0.046688,0.067519
-4.6101e-12,0.046783,0.06744
9.2396e-12,0.046882,0.067357
2.3734e-11,0.046983,0.067268
3.8846e-11,0.047088,0.067174
5.4545e-11,0.047196,0.067076
7.0797e-11,0.047306,0.066973
8.7562e-11,0.047418,0.066866
1.048e-10,0.047531,0.066754
1.2246e-10,0.047647,0.066639
1.405e-10,0.047763,0.06652
1.5885e-10,0.04788,0.066397
1.7747e-10,0.047998,0.066272
1.9629e-10,0.048116,0.066143
2.1524e-10,0.048234,0.066012
2.3425e-10,0.048351,0.065879
2.5325e-10,0.048468,0.065744
2.7217e-10,0.048583,0.065606
2.9091e-10,0.048697,0.065468
3.094e-10,0.048809,0.065328
3.2755e-10,0.04892,0.065187
3.4527e-10,0.049028,0.065045
3.6247e-10,0.049133,0.064903
3.7904e-10,0.049236,0.064761
3.949e-10,0.049335,0.064619
4.0995e-10,0.049432,0.064477
4.2407e-10,0.049524,0.064336
4.3718e-10,0.049613,0.064196
4.4917e-10,0.049698,0.064057
4.5993e-10,0.049779,0.06392
4.6936e-10,0.049856,0.063784
4.7735e-10,0.049928,0.063651
4.8381e-10,0.049995,0.063519
4.8863e-10,0.050058,0.06339
4.9172e-10,0.050116,0.063263
4.9296e-10,0.050169,0.063139
4.9228e-10,0.050217,0.063018
4.8957e-10,0.05026,0.0629
4.8474e-10,0.050298,0.062786
4.7772e-10,0.050331,0.062675
4.6842e-10,0.050358,0.062567
4.5677e-10,0.05038,0.062464
4.427e-10,0.050398,0.062364
4.2614e-10,0.05041,0.062269
4.0705e-10,0.050417,0.062177
3.8537e-10,0.050419,0.06209
3.6107e-10,0.050417,0.062007
3.3411e-10,0.050409,0.061929
3.0447e-10,0.050397,0.061855
2.7213e-10,0.05038,0.061786
2.3711e-10,0.050359,0.061722
1.994e-10,0.050333,0.061662
1.5903e-10,0.050303,0.061607
1.1603e-10,0.050269,0.061557
7.0444e-11,0.050232,0.061511
2.2327e-11,0.05019,0.061471
-2.825e-11,0.050145,0.061435
-8.1203e-11,0.050097,0.061404
-1.3644e-10,0.050045,0.061378
-1.9384e-10,0.049991,0.061357
-2.5328e-10,0.049934,0.06134
-3.1462e-10,0.049874,0.061329
-3.7772e-10,0.049812,0.061322
-4.4239e-10,0.049748,0.061319
-5.0846e-10,0.049681,0.061321
-5.7573e-10,0.049614,0.061328
-6.4398e-10,0.049544,0.061339
-7.1299e-10,0.049474,0.061355
-7.8251e-10,0.049402,0.061375
-8.5229e-10,0.049329,0.0614
-9.2206e-10,0.049256,0.061428
-9.9154e-10,0.049182,0.06146
-1.0604e-09,0.049108,0.061497
-1.1284e-09,0.049034,0.061537
-1.1952e-09,0.048961,0.061581
-1.2604e-09,0.048887,0.061629
-1.3238e-09,0.048814,0.06168
-1.3849e-09,0.048742,0.061735
-1.4434e-09,0.048671,0.061793
-1.499e-09,0.048601,0.061854
-1.5512e-09,0.048533,0.061917
-1.5998e-09,0.048466,0.061984
-1.6443e-09,0.0484,0.062053
-1.6843e-09,0.048337,0.062125
-1.7194e-09,0.048275,0.062199
-1.7494e-09,0.048216,0.062276
-1.7737e-09,0.048159,0.062354
-1.7921e-09,0.048104,0.062434
-1.8041e-09,0.048052,0.062516
-1.8095e-09,0.048003,0.0626
-1.8077e-09,0.047956,0.062684
-1.7986e-09,0.047913,0.06277
-1.7818e-09,0.047872,0.062857
-1.7569e-09,0.047835,0.062945
-1.7237e-09,0.047801,0.063033
-1.6819e-09,0.047771,0.063121
-1.6312e-09,0.047744,0.063209
-1.5714e-09,0.04772,0.063298
-1.5024e-09,0.0477,0.063386
-1.4238e-09,0.047684,0.063474
-1.3357e-09,0.047672,0.063561
-1.2378e-09,0.047663,0.063647
-1.13e-09,0.047659,0.063732
-1.0124e-09,0.047658,0.063816
-8.8493e-10,0.047661,0.063898
-7.4759e-10,0.047668,0.063978
-6.0045e-10,0.047679,0.064057
-4.4365e-10,0.047693,0.064133
-2.7733e-10,0.047712,0.064207
-1.017e-10,0.047734,0.064278
8.2992e-11,0.047761,0.064347
2.7644e-10,0.047791,0.064413
4.783e-10,0.047824,0.064475
6.8816e-10,0.047862,0.064534
9.0557e-10,0.047902,0.06459
1.13e-09,0.047947,0.064642
1.361e-09,0.047994,0.064691
1.5978e-09,0.048045,0.064735
1.8398e-09,0.048099,0.064775
2.0863e-09,0.048156,0.064811
2.3365e-09,0.048215,0.064842
2.5895e-09,0.048277,0.064869
2.8446e-09,0.048342,0.064892
3.1007e-09,0.048409,0.064909
3.3568e-09,0.048478,0.064922
3.6121e-09,0.048549,0.06493
3.8652e-09,0.048621,0.064933
4.1153e-09,0.048695,0.064931
4.3609e-09,0.04877,0.064924
4.6011e-09,0.048846,0.064913
4.8345e-09,0.048923,0.064896
5.0598e-09,0.049,0.064874
5.2757e-09,0.049078,0.064848
5.4809e-09,0.049156,0.064816
5.6741e-09,0.049234,0.06478
5.8539e-09,0.049311,0.064739
6.0188e-09,0.049387,0.064694
6.1675e-09,0.049463,0.064644
6.2986e-09,0.049538,0.06459
6.4107e-09,0.049611,0.064531
6.5024e-09,0.049682,0.064469
6.5723e-09,0.049752,0.064402
6.6191e-09,0.04982,0.064332
6.6414e-09,0.049886,0.064258
6.638e-09,0.049949,0.064181
6.6075e-09,0.05001,0.064101
6.5488e-09,0.050068,0.064018
6.4608e-09,0.050123,0.063932
6.3422e-09,0.050174,0.063843
6.1923e-09,0.050223,0.063753
6.0098e-09,0.050268,0.06366
5.7941e-09,0.05031,0.063565
5.5444e-09,0.050348,0.063469
5.2599e-09,0.050383,0.063371
4.9402e-09,0.050413,0.063273
4.5847e-09,0.05044,0.063173
4.1932e-09,0.050463,0.063073
3.7654e-09,0.050482,0.062972
3.3014e-09,0.050497,0.062871
2.8012e-09,0.050507,0.06277
2.265e-09,0.050514,0.06267
1.6932e-09,0.050517,0.06257
1.0865e-09,0.050515,0.062471
4.4548e-10,0.05051,0.062372
-2.2891e-10,0.0505,0.062275
-9.3557e-10,0.050487,0.062179
-1.6732e-09,0.05047,0.062085
-2.4405e-09,0.050449,0.061992
-3.2356e-09,0.050424,0.061901
-4.0568e-09,0.050396,0.061812
-4.9021e-09,0.050364,0.061726
-5.7691e-09,0.050329,0.061641
-6.6555e-09,0.05029,0.06156
-7.5587e-09,0.050248,0.06148
-8.4757e-09,0.050204,0.061404
-9.4036e-09,0.050156,0.061331
-1.0339e-08,0.050106,0.06126
-1.1279e-08,0.050053,0.061192
-1.222e-08,0.049998,0.061128
-1.3157e-08,0.049941,0.061067
-1.4087e-08,0.049881,0.061009
-1.5007e-08,0.04982,0.060955
-1.591e-08,0.049757,0.060904
-1.6794e-08,0.049693,0.060857
-1.7654e-08,0.049627,0.060813
-1.8484e-08,0.049561,0.060773
-1.9281e-08,0.049493,0.060736
-2.0039e-08,0.049425,0.060703
-2.0753e-08,0.049356,0.060674
-2.1418e-08,0.049287,0.060648
-2.203e-08,0.049217,0.060626
-2.2583e-08,0.049148,0.060608
-2.3071e-08,0.049079,0.060594
-2.349e-08,0.04901,0.060583
-2.3835e-08,0.048942,0.060576
-2.4101e-08,0.048874,0.060573
-2.4282e-08,0.048807,0.060573
-2.4374e-08,0.048742,0.060577
-2.4371e-08,0.048677,0.060585
-2.427e-08,0.048614,0.060597
-2.4066e-08,0.048552,0.060612
-2.3755e-08,0.048492,0.06063
-2.3332e-08,0.048434,0.060652
-2.2794e-08,0.048377,0.060678
-2.2138e-08,0.048323,0.060707
-2.1359e-08,0.04827,0.060739
-2.0456e-08,0.04822,0.060775
-1.9425e-08,0.048172,0.060815
-1.8266e-08,0.048126,0.060857
-1.6975e-08,0.048083,0.060903
-1.5552e-08,0.048042,0.060952
-1.3996e-08,0.048004,0.061003
-1.2307e-08,0.047968,0.061058
-1.0485e-08,0.047936,0.061116
-8.5307e-09,0.047905,0.061177
-6.4457e-09,0.047878,0.06124
-4.232e-09,0.047853,0.061306
-1.8922e-09,0.047832,0.061374
5.7056e-10,0.047813,0.061445
3.1523e-09,0.047797,0.061518
5.8484e-09,0.047783,0.061593
8.6536e-09,0.047773,0.06167
1.1562e-08,0.047765,0.061749
1.4567e-08,0.047761,0.061829
1.7661e-08,0.047759,0.061912
2.0836e-08,0.04776,0.061995
2.4083e-08,0.047763,0.06208
2.7392e-08,0.04777,0.062167
3.0754e-08,0.047779,0.062254
3.4157e-08,0.04779,0.062342
3.759e-08,0.047804,0.06243
4.1039e-08,0.047821,0.06252
4.4493e-08,0.04784,0.062609
4.7936e-08,0.047861,0.062699
5.1355e-08,0.047885,0.062789
5.4736e-08,0.047911,0.062879
5.8061e-08,0.047939,0.062968
6.1315e-08,0.047969,0.063057
6.4481e-08,0.048001,0.063146
6.7543e-08,0.048035,0.063233
7.0483e-08,0.04807,0.06332
7.3282e-08,0.048107,0.063406
7.5922e-08,0.048146,0.063491
7.8386e-08,0.048186,0.063575
8.0654e-08,0.048227,0.063657
8.2708e-08,0.048269,0.063738
8.4528e-08,0.048313,0.063817
8.6097e-08,0.048357,0.063894
8.7394e-08,0.048402,0.06397
8.8402e-08,0.048448,0.064043
8.9102e-08,0.048494,0.064115
8.9476e-08,0.048541,0.064184
8.9506e-08,0.048588,0.064252
8.9177e-08,0.048635,0.064317
8.847e-08,0.048683,0.06438
8.7371e-08,0.04873,0.064441
8.5865e-08,0.048777,0.064499
8.3937e-08,0.048824,0.064555
8.1574e-08,0.04887,0.064609
7.8766e-08,0.048916,0.06466
7.55e-08,0.048961,0.064709
7.1769e-08,0.049006,0.064755
6.7563e-08,0.04905,0.0648
6.2877e-08,0.049092,0.064841
5.7706e-08,0.049134,0.064881
5.2047e-08,0.049175,0.064918
4.5899e-08,0.049214,0.064953
3.9262e-08,0.049252,0.064986
3.2139e-08,0.049289,0.065017
2.4535e-08,0.049324,0.065045
1.6458e-08,0.049358,0.065072
7.916e-09,0.04939,0.065097
-1.0788e-09,0.04942,0.06512
-1.0512e-08,0.049449,0.065141
-2.0369e-08,0.049476,0.065161
-3.0628e-08,0.049501,0.065179
-4.1269e-08,0.049524,0.065196
-5.2268e-08,0.049545,0.065212
-6.3597e-08,0.049564,0.065226
-7.5227e-08,0.049581,0.065239
-8.7127e-08,0.049595,0.065252
-9.9261e-08,0.049608,0.065263
-1.1159e-07,0.049618,0.065274
-1.2408e-07,0.049626,0.065284
-1.3668e-07,0.049631,0.065294
-1.4935e-07,0.049634,0.065303
-1.6204e-07,0.049635,0.065312
-1.747e-07,0.049633,0.065321
-1.8728e-07,0.049629,0.065329
-1.9973e-07,0.049622,0.065338
-2.1198e-07,0.049612,0.065347
-2.2397e-07,0.0496,0.065355
-2.3566e-07,0.049586,0.065364
-2.4696e-07,0.049568,0.065374
-2.5783e-07,0.049548,0.065384
-2.6819e-07,0.049525,0.065394
-2.7798e-07,0.0495,0.065404
-2.8713e-07,0.049472,0.065416
-2.9558e-07,0.049441,0.065427
-3.0324e-07,0.049408,0.06544
-3.1006e-07,0.049372,0.065452
-3.1596e-07,0.049333,0.065466
-3.2088e-07,0.049292,0.06548
-3.2475e-07,0.049248,0.065495
-3.275e-07,0.049202,0.06551
-3.2907e-07,0.049153,0.065525
-3.2938e-07,0.049102,0.065542
-3.2838e-07,0.049048,0.065558
-3.2601e-07,0.048992,0.065575
-3.2221e-07,0.048934,0.065593
-3.1693e-07,0.048874,0.06561
-3.1011e-07,0.048812,0.065628
-3.017e-07,0.048748,0.065646
-2.9167e-07,0.048682,0.065664
-2.7997e-07,0.048615,0.065682
-2.6657e-07,0.048546,0.0657
-2.5144e-07,0.048475,0.065717
-2.3456e-07,0.048403,0.065734
-2.159e-07,0.04833,0.065751
-1.9547e-07,0.048256,0.065767
-1.7324e-07,0.048181,0.065782
-1.4923e-07,0.048105,0.065797
-1.2345e-07,0.048028,0.06581
-9.5906e-08,0.047952,0.065823
-6.6632e-08,0.047875,0.065834
-3.566e-08,0.047797,0.065845
-3.0326e-09,0.04772,0.065854
3.12e-08,0.047643,0.065861
6.6977e-08,0.047567,0.065867
1.0423e-07,0.047491,0.065872
1.4288e-07,0.047416,0.065875
1.8283e-07,0.047341,0.065876
2.24e-07,0.047268,0.065876
2.6627e-07,0.047196,0.065873
3.0952e-07,0.047125,0.065869
3.5363e-07,0.047056,0.065864
3.9846e-07,0.046988,0.065856
4.4387e-07,0.046922,0.065847
4.8968e-07,0.046858,0.065835
5.3576e-07,0.046795,0.065823
5.819e-07,0.046735,0.065808
6.2794e-07,0.046677,0.065792
6.7368e-07,0.046621,0.065775
7.1891e-07,0.046567,0.065756
7.6343e-07,0.046516,0.065736
8.0703e-07,0.046466,0.065715
8.4947e-07,0.046419,0.065694
8.9054e-07,0.046375,0.065671
9.2999e-07,0.046333,0.065648
9.6758e-07,0.046293,0.065625
1.0031e-06,0.046256,0.065602
1.0362e-06,0.046221,0.06558
1.0668e-06,0.046188,0.065557
1.0944e-06,0.046157,0.065536
1.119e-06,0.046129,0.065516
1.1403e-06,0.046102,0.065498
1.1579e-06,0.046078,0.065481
1.1716e-06,0.046055,0.065467
1.1812e-06,0.046035,0.065455
1.1865e-06,0.046016,0.065446
1.1872e-06,0.045998,0.06544
1.1831e-06,0.045982,0.065439
1.1739e-06,0.045967,0.065441
1.1595e-06,0.045954,0.065448
1.1396e-06,0.045941,0.065461
1.1141e-06,0.04593,0.065478
1.0828e-06,0.045919,0.065501
1.0455e-06,0.045909,0.065531
1.002e-06,0.045899,0.065567
9.5236e-07,0.04589,0.065611
8.9633e-07,0.045881,0.065661
8.3387e-07,0.045872,0.06572
7.649e-07,0.045862,0.065787
6.894e-07,0.045853,0.065862
6.0734e-07,0.045844,0.065946
5.1874e-07,0.045834,0.066039
4.2364e-07,0.045823,0.066142
3.221e-07,0.045812,0.066255
2.1423e-07,0.0458,0.066378
1.0015e-07,0.045788,0.066511
-1.9973e-08,0.045774,0.066655
-1.4595e-07,0.04576,0.06681
-2.7755e-07,0.045745,0.066975
-4.145e-07,0.045728,0.067151
-5.5651e-07,0.045711,0.067339
-7.0325e-07,0.045693,0.067538
-8.5434e-07,0.045674,0.067748
-1.0094e-06,0.045653,0.067969
-1.1679e-06,0.045632,0.068201
-1.3294e-06,0.04561,0.068444
-1.4934e-06,0.045587,0.068698
-1.6594e-06,0.045563,0.068964
-1.8266e-06,0.045538,0.069239
-1.9946e-06,0.045512,0.069525
-2.1625e-06,0.045486,0.069821
-2.3298e-06,0.045459,0.070127
-2.4957e-06,0.045432,0.070442
-2.6593e-06,0.045405,0.070766
-2.82e-06,0.045377,0.071099
-2.9768e-06,0.045349,0.07144
-3.1289e-06,0.045321,0.071788
-3.2753e-06,0.045293,0.072144
-3.4153e-06,0.045266,0.072505
-3.5477e-06,0.045239,0.072873
-3.6718e-06,0.045212,0.073245
-3.7864e-06,0.045187,0.073622
-3.8906e-06,0.045162,0.074002
-3.9834e-06,0.045139,0.074385
-4.0637e-06,0.045117,0.07477
-4.1306e-06,0.045096,0.075155
-4.1829e-06,0.045077,0.075541
-4.2198e-06,0.04506,0.075926
-4.2401e-06,0.045046,0.07631
-4.2428e-06,0.045033,0.07669
-4.227e-06,0.045024,0.077067
-4.1917e-06,0.045017,0.077438
-4.1358e-06,0.045013,0.077804
-4.0585e-06,0.045012,0.078163
-3.9589e-06,0.045015,0.078513
-3.836e-06,0.045021,0.078855
-3.6891e-06,0.045032,0.079185
-3.5174e-06,0.045046,0.079505
-3.32e-06,0.045065,0.079811
-3.0964e-06,0.045088,0.080104
-2.8458e-06,0.045116,0.080382
-2.5678e-06,0.045148,0.080643
-2.2618e-06,0.045186,0.080887
-1.9274e-06,0.045229,0.081113
-1.5642e-06,0.045278,0.081319
-1.172e-06,0.045332,0.081504
-7.5054e-07,0.045392,0.081668
-2.9972e-07,0.045458,0.081808
1.8046e-07,0.04553,0.081925
6.8993e-07,0.045609,0.082017
1.2285e-06,0.045693,0.082083
1.7959e-06,0.045784,0.082121
2.3918e-06,0.045882,0.082133
3.0156e-06,0.045986,0.082115
3.6668e-06,0.046097,0.082068
4.3447e-06,0.046215,0.081991
5.0485e-06,0.04634,0.081882
5.7771e-06,0.046471,0.081743
6.5297e-06,0.04661,0.081571
7.3051e-06,0.046755,0.081366
8.1019e-06,0.046907,0.081128
8.9189e-06,0.047067,0.080857
9.7546e-06,0.047232,0.080552
1.0607e-05,0.047405,0.080213
1.1476e-05,0.047585,0.07984
1.2357e-05,0.04777,0.079433
1.3251e-05,0.047963,0.078991
1.4154e-05,0.048162,0.078516
1.5065e-05,0.048367,0.078006
1.5982e-05,0.048578,0.077463
1.6902e-05,0.048795,0.076887
1.7824e-05,0.049018,0.076278
1.8744e-05,0.049247,0.075637
1.966e-05,0.04948,0.074965
2.0571e-05,0.049719,0.074262
2.1473e-05,0.049963,0.073528
2.2364e-05,0.050212,0.072766
2.3242e-05,0.050465,0.071976
2.4104e-05,0.050722,0.071159
2.4947e-05,0.050983,0.070317
2.577e-05,0.051247,0.06945
2.6569e-05,0.051515,0.06856
2.7342e-05,0.051785,0.067649
2.8087e-05,0.052059,0.066718
2.8802e-05,0.052334,0.065768
2.9483e-05,0.052612,0.064801
3.013e-05,0.052891,0.06382
3.074e-05,0.053171,0.062825
3.1311e-05,0.053452,0.061819
3.1841e-05,0.053734,0.060803
3.2329e-05,0.054015,0.05978
3.2773e-05,0.054296,0.058751
3.3171e-05,0.054577,0.057718
3.3523e-05,0.054856,0.056684
3.3826e-05,0.055134,0.055651
3.4081e-05,0.055409,0.05462
3.4286e-05,0.055682,0.053594
3.4441e-05,0.055952,0.052574
3.4545e-05,0.056219,0.051564
3.4599e-05,0.056482,0.050564
3.4601e-05,0.05674,0.049578
3.4552e-05,0.056994,0.048606
3.4453e-05,0.057242,0.047652
3.4303e-05,0.057485,0.046716
3.4103e-05,0.057721,0.045801
3.3854e-05,0.057951,0.044909
3.3556e-05,0.058173,0.044042
3.3211e-05,0.058388,0.0432
3.2819e-05,0.058594,0.042387
3.2382e-05,0.058792,0.041604
3.1901e-05,0.058981,0.040851
3.1377e-05,0.05916,0.040131
3.0811e-05,0.059329,0.039445
3.0206e-05,0.059488,0.038793
2.9561e-05,0.059636,0.038178
2.888e-05,0.059772,0.037601
2.8163e-05,0.059897,0.037061
2.7412e-05,0.06001,0.036561
2.6628e-05,0.060111,0.0361
2.5814e-05,0.060199,0.03568
2.4971e-05,0.060274,0.035301
2.41e-05,0.060336,0.034962
2.3203e-05,0.060385,0.034666
2.2282e-05,0.060419,0.034411
2.1339e-05,0.06044,0.034197
2.0374e-05,0.060447,0.034025
1.9389e-05,0.06044,0.033895
1.8387e-05,0.060419,0.033805
1.7367e-05,0.060384,0.033757
1.6333e-05,0.060334,0.033748
1.5284e-05,0.06027,0.033778
1.4224e-05,0.060192,0.033847
1.3152e-05,0.060101,0.033954
1.2071e-05,0.059995,0.034097
1.0981e-05,0.059876,0.034277
9.8851e-06,0.059743,0.03449
8.7831e-06,0.059597,0.034737
7.6768e-06,0.059438,0.035016
6.5675e-06,0.059267,0.035326
5.4565e-06,0.059084,0.035665
4.3451e-06,0.058889,0.036031
3.2345e-06,0.058683,0.036423
2.1263e-06,0.058466,0.03684
1.0216e-06,0.058239,0.037279
-7.8077e-08,0.058002,0.037739
-1.1714e-06,0.057757,0.038218
-2.2568e-06,0.057502,0.038715
-3.3329e-06,0.05724,0.039227
-4.3981e-06,0.056971,0.039753
-5.4508e-06,0.056696,0.040291
-6.4893e-06,0.056414,0.040839
-7.512e-06,0.056128,0.041395
-8.5169e-06,0.055837,0.041957
-9.5023e-06,0.055543,0.042524
-1.0466e-05,0.055246,0.043094
-1.1407e-05,0.054947,0.043665
-1.2321e-05,0.054647,0.044235
-1.3208e-05,0.054346,0.044802
-1.4065e-05,0.054045,0.045366
-1.4889e-05,0.053746,0.045924
-1.5678e-05,0.053448,0.046475
-1.643e-05,0.053153,0.047017
-1.7142e-05,0.052861,0.047549
-1.7811e-05,0.052573,0.04807
-1.8434e-05,0.052289,0.048577
-1.9009e-05,0.052011,0.049071
-1.9532e-05,0.051739,0.04955
-2.0001e-05,0.051474,0.050013
-2.0413e-05,0.051216,0.050458
-2.0764e-05,0.050965,0.050885
-2.1052e-05,0.050723,0.051294
-2.1273e-05,0.05049,0.051683
-2.1424e-05,0.050266,0.052051
-2.1502e-05,0.050052,0.052399
-2.1504e-05,0.049848,0.052725
-2.1426e-05,0.049655,0.05303
-2.1266e-05,0.049472,0.053312
-2.1021e-05,0.0493,0.053572
-2.0686e-05,0.04914,0.05381
-2.0261e-05,0.048991,0.054024
-1.9741e-05,0.048854,0.054217
-1.9123e-05,0.048729,0.054387
-1.8407e-05,0.048615,0.054534
-1.7588e-05,0.048513,0.05466
-1.6664e-05,0.048424,0.054763
-1.5634e-05,0.048345,0.054845
-1.4496e-05,0.048279,0.054906
-1.3247e-05,0.048224,0.054947
-1.1887e-05,0.04818,0.054967
-1.0414e-05,0.048147,0.054968
-8.8271e-06,0.048125,0.054951
-7.1259e-06,0.048114,0.054915
-5.3099e-06,0.048112,0.054862
-3.3792e-06,0.048121,0.054792
-1.334e-06,0.048139,0.054707
8.2493e-07,0.048166,0.054606
3.0966e-06,0.048201,0.054492
5.4796e-06,0.048245,0.054364
7.9721e-06,0.048296,0.054224
1.0572e-05,0.048354,0.054073
1.3276e-05,0.048419,0.053911
1.6082e-05,0.048489,0.053739
1.8986e-05,0.048565,0.053559
2.1984e-05,0.048646,0.053371
2.5072e-05,0.048732,0.053177
2.8245e-05,0.048821,0.052976
3.1498e-05,0.048913,0.052771
3.4825e-05,0.049008,0.052561
3.822e-05,0.049105,0.052348
4.1676e-05,0.049204,0.052133
4.5187e-05,0.049303,0.051915
4.8745e-05,0.049403,0.051697
5.2343e-05,0.049503,0.051479
5.5972e-05,0.049602,0.051262
5.9624e-05,0.0497,0.051046
6.329e-05,0.049797,0.050831
6.6961e-05,0.049891,0.05062
7.0628e-05,0.049983,0.050411
7.4281e-05,0.050071,0.050206
7.7911e-05,0.050157,0.050005
8.1507e-05,0.050239,0.049809
8.5059e-05,0.050316,0.049619
8.8557e-05,0.050389,0.049433
9.199e-05,0.050458,0.049253
9.5349e-05,0.050522,0.04908
9.8622e-05,0.05058,0.048913
0.0001018,0.050633,0.048752
0.00010487,0.050681,0.048599
0.00010783,0.050722,0.048452
0.00011066,0.050758,0.048312
0.00011336,0.050788,0.04818
0.00011591,0.050812,0.048055
0.00011831,0.05083,0.047937
0.00012054,0.050841,0.047826
0.00012261,0.050847,0.047723
0.0001245,0.050846,0.047626
0.00012621,0.05084,0.047537
0.00012772,0.050827,0.047454
0.00012904,0.050809,0.047378
0.00013016,0.050785,0.047309
0.00013107,0.050756,0.047246
0.00013177,0.050721,0.047189
0.00013226,0.050681,0.047138
0.00013254,0.050636,0.047093
0.0001326,0.050586,0.047053
0.00013245,0.050532,0.047018
0.00013208,0.050473,0.046988
0.0001315,0.050411,0.046963
0.00013071,0.050344,0.046942
0.00012971,0.050274,0.046924
0.00012851,0.050201,0.046911
0.00012711,0.050125,0.0469
0.00012551,0.050046,0.046893
0.00012372,0.049965,0.046889
0.00012175,0.049882,0.046887
0.00011961,0.049797,0.046887
0.0001173,0.049711,0.046889
0.00011483,0.049623,0.046892
0.00011222,0.049535,0.046897
0.00010946,0.049446,0.046903
0.00010657,0.049356,0.04691
0.00010356,0.049267,0.046917
0.00010044,0.049178,0.046925
9.7213e-05,0.04909,0.046932
9.3899e-05,0.049002,0.04694
9.0505e-05,0.048916,0.046947
8.7042e-05,0.048831,0.046954
8.352e-05,0.048747,0.04696
7.995e-05,0.048666,0.046966
7.6342e-05,0.048586,0.046971
7.2706e-05,0.048509,0.046974
6.9053e-05,0.048434,0.046977
6.5393e-05,0.048362,0.046979
6.1735e-05,0.048293,0.046979
5.8089e-05,0.048227,0.046979
5.4464e-05,0.048164,0.046977
5.087e-05,0.048104,0.046973
4.7314e-05,0.048048,0.046969
4.3805e-05,0.047995,0.046964
4.035e-05,0.047946,0.046957
3.6957e-05,0.047901,0.046949
3.3633e-05,0.04786,0.04694
3.0385e-05,0.047823,0.046931
2.7218e-05,0.04779,0.04692
2.4139e-05,0.047761,0.046909
2.1151e-05,0.047735,0.046898
1.8261e-05,0.047714,0.046885
1.5472e-05,0.047697,0.046873
1.2788e-05,0.047684,0.04686
1.0212e-05,0.047675,0.046847
7.7477e-06,0.04767,0.046835
5.3967e-06,0.047668,0.046823
3.1613e-06,0.047671,0.046811
1.0428e-06,0.047677,0.0468
-9.5746e-07,0.047686,0.04679
-2.839e-06,0.0477,0.04678
-4.6015e-06,0.047716,0.046772
-6.2451e-06,0.047736,0.046766
-7.7703e-06,0.047759,0.04676
-9.1779e-06,0.047784,0.046757
-1.0469e-05,0.047813,0.046756
-1.1646e-05,0.047844,0.046756
-1.2709e-05,0.047877,0.046759
-1.3662e-05,0.047913,0.046764
-1.4506e-05,0.04795,0.046772
-1.5245e-05,0.04799,0.046782
-1.588e-05,0.048031,0.046796
-1.6416e-05,0.048073,0.046812
-1.6855e-05,0.048117,0.046831
-1.7201e-05,0.048162,0.046854
-1.7458e-05,0.048207,0.04688
-1.7629e-05,0.048253,0.046909
-1.7718e-05,0.048299,0.046942
-1.7729e-05,0.048346,0.046978
-1.7667e-05,0.048392,0.047018
-1.7534e-05,0.048438,0.047061
-1.7337e-05,0.048484,0.047108
-1.7078e-05,0.048529,0.047159
-1.6762e-05,0.048573,0.047214
-1.6393e-05,0.048617,0.047272
-1.5975e-05,0.048659,0.047334
-1.5513e-05,0.0487,0.0474
-1.501e-05,0.04874,0.04747
-1.4471e-05,0.048778,0.047543
-1.3899e-05,0.048814,0.047619
-1.33e-05,0.048849,0.0477
-1.2675e-05,0.048882,0.047783
-1.203e-05,0.048913,0.04787
-1.1367e-05,0.048941,0.047961
-1.0691e-05,0.048968,0.048054
-1.0004e-05,0.048993,0.048151
-9.3098e-06,0.049016,0.04825
-8.6119e-06,0.049037,0.048352
-7.9128e-06,0.049055,0.048457
-7.2156e-06,0.049072,0.048565
-6.5229e-06,0.049086,0.048674
-5.8372e-06,0.049098,0.048786
-5.1608e-06,0.049109,0.0489
-4.4961e-06,0.049117,0.049015
-3.8451e-06,0.049124,0.049132
-3.2097e-06,0.049129,0.049251
-2.5917e-06,0.049132,0.049371
-1.9927e-06,0.049134,0.049491
-1.4141e-06,0.049134,0.049613
-8.5723e-07,0.049133,0.049735
-3.2326e-07,0.049131,0.049858
1.8681e-07,0.049128,0.04998
6.7211e-07,0.049123,0.050103
1.1319e-06,0.049119,0.050225
1.5656e-06,0.049113,0.050347
1.9728e-06,0.049107,0.050468
2.3531e-06,0.049101,0.050588
2.7063e-06,0.049094,0.050707
3.0323e-06,0.049088,0.050825
3.3311e-06,0.049081,0.050942
3.6028e-06,0.049075,0.051056
3.8477e-06,0.049069,0.051169
4.0661e-06,0.049064,0.051279
4.2583e-06,0.049059,0.051388
4.4249e-06,0.049056,0.051494
4.5664e-06,0.049053,0.051597
4.6835e-06,0.049051,0.051698
4.7768e-06,0.04905,0.051796
4.8471e-06,0.049051,0.05189
4.8952e-06,0.049052,0.051982
4.922e-06,0.049055,0.05207
4.9284e-06,0.04906,0.052155
4.9152e-06,0.049066,0.052236
4.8836e-06,0.049074,0.052314
4.8344e-06,0.049083,0.052388
4.7688e-06,0.049094,0.052458
4.6877e-06,0.049106,0.052524
4.5921e-06,0.04912,0.052586
4.4832e-06,0.049136,0.052645
4.3619e-06,0.049154,0.052699
4.2294e-06,0.049173,0.052749
4.0866e-06,0.049194,0.052795
3.9346e-06,0.049216,0.052837
3.7745e-06,0.04924,0.052875
3.6072e-06,0.049266,0.052909
3.4337e-06,0.049293,0.052939
3.255e-06,0.049321,0.052964
3.072e-06,0.049351,0.052985
2.8857e-06,0.049382,0.053003
2.6968e-06,0.049414,0.053016
2.5064e-06,0.049448,0.053025
2.3151e-06,0.049482,0.053031
2.1238e-06,0.049518,0.053032
1.9331e-06,0.049554,0.05303
1.7439e-06,0.049592,0.053024
1.5568e-06,0.04963,0.053014
1.3723e-06,0.049669,0.053
1.1912e-06,0.049708,0.052983
1.0139e-06,0.049748,0.052962
8.4088e-07,0.049788,0.052938
6.7272e-07,0.049828,0.052911
5.098e-07,0.049869,0.05288
3.5249e-07,0.04991,0.052846
2.0116e-07,0.04995,0.05281
5.6094e-08,0.049991,0.05277
-8.2428e-08,0.050031,0.052727
-2.1418e-07,0.050071,0.052682
-3.3897e-07,0.050111,0.052634
-4.5664e-07,0.05015,0.052584
-5.6707e-07,0.050189,0.052531
-6.7017e-07,0.050226,0.052477
-7.6588e-07,0.050264,0.05242
-8.5419e-07,0.0503,0.052361
-9.3509e-07,0.050335,0.052301
-1.0086e-06,0.050369,0.052238
-1.0749e-06,0.050402,0.052175
-1.1339e-06,0.050433,0.05211
-1.1857e-06,0.050463,0.052044
-1.2307e-06,0.050492,0.051977
-1.2687e-06,0.050519,0.05191
-1.3002e-06,0.050544,0.051841
-1.3251e-06,0.050567,0.051773
-1.3438e-06,0.050589,0.051704
-1.3565e-06,0.050608,0.051635
-1.3633e-06,0.050625,0.051566
-1.3646e-06,0.050641,0.051498
-1.3606e-06,0.050653,0.05143
-1.3516e-06,0.050664,0.051363
-1.3378e-06,0.050671,0.051296
-1.3194e-06,0.050677,0.051231
-1.2969e-06,0.050679,0.051168
-1.2704e-06,0.050679,0.051105
-1.2403e-06,0.050676,0.051045
-1.2069e-06,0.05067,0.050986
-1.1703e-06,0.050661,0.05093
-1.131e-06,0.050649,0.050875
-1.0892e-06,0.050633,0.050824
-1.0451e-06,0.050615,0.050774
-9.9911e-07,0.050593,0.050728
-9.5141e-07,0.050568,0.050685
-9.0229e-07,0.05054,0.050644
-8.52e-07,0.050508,0.050607
-8.008e-07,0.050473,0.050573
-7.4891e-07,0.050435,0.050543
-6.9658e-07,0.050393,0.050516
-6.4402e-07,0.050348,0.050493
-5.9146e-07,0.0503,0.050474
-5.3908e-07,0.050248,0.050458
-4.8708e-07,0.050193,0.050447
-4.3565e-07,0.050135,0.05044
-3.8496e-07,0.050074,0.050436
-3.3517e-07,0.05001,0.050437
-2.8642e-07,0.049942,0.050442
-2.3886e-07,0.049872,0.05045
-1.9261e-07,0.049799,0.050463
-1.4779e-07,0.049723,0.05048
-1.045e-07,0.049645,0.050501
-6.285e-08,0.049564,0.050525
-2.291e-08,0.049481,0.050554
1.5243e-08,0.049396,0.050586
5.1546e-08,0.049309,0.050622
8.5946e-08,0.04922,0.050661
1.184e-07,0.049129,0.050703
1.4887e-07,0.049037,0.050749
1.7734e-07,0.048944,0.050798
2.0379e-07,0.048849,0.05085
2.2821e-07,0.048754,0.050904
2.5061e-07,0.048658,0.050961
2.7099e-07,0.048561,0.05102
2.8936e-07,0.048465,0.051081
3.0576e-07,0.048368,0.051144
3.2022e-07,0.048271,0.051209
3.3275e-07,0.048175,0.051275
3.4342e-07,0.048079,0.051342
3.5227e-07,0.047984,0.05141
3.5934e-07,0.04789,0.051479
3.6469e-07,0.047797,0.051548
3.6839e-07,0.047705,0.051617
3.7049e-07,0.047615,0.051686
3.7107e-07,0.047527,0.051755
3.7019e-07,0.047441,0.051823
3.6793e-07,0.047357,0.05189
3.6435e-07,0.047275,0.051956
3.5954e-07,0.047196,0.052021
3.5356e-07,0.047119,0.052084
3.4651e-07,0.047046,0.052146
3.3845e-07,0.046974,0.052206
3.2946e-07,0.046906,0.052263
3.1963e-07,0.046841,0.052318
3.0903e-07,0.04678,0.052371
2.9773e-07,0.046721,0.052421
2.8582e-07,0.046666,0.052468
2.7336e-07,0.046614,0.052513
2.6044e-07,0.046566,0.052554
2.4712e-07,0.046521,0.052592
2.3347e-07,0.04648,0.052627
2.1956e-07,0.046443,0.052658
2.0546e-07,0.046409,0.052686
1.9123e-07,0.046378,0.05271
1.7692e-07,0.046351,0.052731
1.6261e-07,0.046328,0.052748
1.4835e-07,0.046308,0.052762
1.3418e-07,0.046292,0.052772
1.2016e-07,0.046279,0.052778
1.0633e-07,0.046269,0.052781
9.2748e-08,0.046263,0.05278
7.9442e-08,0.04626,0.052776
6.6455e-08,0.04626,0.052768
5.382e-08,0.046264,0.052757
4.1572e-08,0.04627,0.052743
2.9738e-08,0.046279,0.052726
1.8345e-08,0.046291,0.052705
7.4164e-09,0.046306,0.052682
-3.0281e-09,0.046323,0.052656
-1.2971e-08,0.046343,0.052628
-2.2397e-08,0.046365,0.052597
-3.1294e-08,0.04639,0.052564
-3.9653e-08,0.046416,0.052529
-4.7467e-08,0.046445,0.052492
-5.4731e-08,0.046475,0.052453
-6.1443e-08,0.046507,0.052413
-6.7604e-08,0.046541,0.052372
-7.3214e-08,0.046576,0.052329
-7.8279e-08,0.046612,0.052286
-8.2805e-08,0.04665,0.052243
-8.6799e-08,0.046689,0.052199
-9.0271e-08,0.046728,0.052156
-9.3233e-08,0.046769,0.052112
-9.5696e-08,0.04681,0.052069
-9.7674e-08,0.046852,0.052027
-9.9183e-08,0.046894,0.051985
-1.0024e-07,0.046936,0.051945
-1.0086e-07,0.046978,0.051907
-1.0106e-07,0.047021,0.05187
-1.0087e-07,0.047063,0.051835
-1.0029e-07,0.047106,0.051802
-9.9353e-08,0.047148,0.051771
-9.8079e-08,0.047189,0.051743
-9.6486e-08,0.047231,0.051718
-9.4596e-08,0.047271,0.051696
-9.243e-08,0.047311,0.051678
-9.0009e-08,0.047351,0.051662
-8.7356e-08,0.047389,0.051651
-8.449e-08,0.047427,0.051642
-8.1433e-08,0.047464,0.051638
-7.8205e-08,0.0475,0.051638
-7.4828e-08,0.047535,0.051642
-7.132e-08,0.04757,0.05165
-6.7703e-08,0.047603,0.051662
-6.3994e-08,0.047636,0.051679
-6.0213e-08,0.047667,0.0517
-5.6377e-08,0.047698,0.051726
-5.2504e-08,0.047728,0.051756
-4.861e-08,0.047757,0.05179
-4.4711e-08,0.047785,0.051829
-4.0824e-08,0.047812,0.051873
-3.6961e-08,0.047839,0.05192
-3.3137e-08,0.047865,0.051973
-2.9365e-08,0.047891,0.052029
-2.5657e-08,0.047915,0.052089
-2.2024e-08,0.04794,0.052153
-1.8476e-08,0.047964,0.052221
-1.5024e-08,0.047988,0.052293
-1.1676e-08,0.048011,0.052368
-8.44e-09,0.048035,0.052447
-5.3233e-09,0.048058,0.052528
-2.3324e-09,0.048081,0.052613
5.2714e-10,0.048105,0.0527
3.2504e-09,0.048129,0.052789
5.8334e-09,0.048152,0.05288
8.2727e-09,0.048177,0.052973
1.0566e-08,0.048201,0.053068
1.271e-08,0.048226,0.053164
1.4705e-08,0.048252,0.05326
1.655e-08,0.048279,0.053358
1.8244e-08,0.048306,0.053455
1.9789e-08,0.048333,0.053552
2.1184e-08,0.048362,0.053649
2.2433e-08,0.048391,0.053745
2.3537e-08,0.048422,0.05384
2.4498e-08,0.048453,0.053933
2.5319e-08,0.048485,0.054025
2.6005e-08,0.048519,0.054114
2.6558e-08,0.048553,0.054201
2.6982e-08,0.048588,0.054284
2.7283e-08,0.048624,0.054365
2.7465e-08,0.048662,0.054442
2.7532e-08,0.0487,0.054516
2.749e-08,0.048739,0.054585
2.7344e-08,0.048779,0.05465
2.7099e-08,0.04882,0.05471
2.6762e-08,0.048862,0.054765
2.6337e-08,0.048905,0.054816
2.583e-08,0.048948,0.054861
2.5248e-08,0.048993,0.0549
2.4596e-08,0.049038,0.054934
2.388e-08,0.049083,0.054961
2.3105e-08,0.049129,0.054983
2.2278e-08,0.049176,0.054999
2.1403e-08,0.049223,0.055009
2.0487e-08,0.04927,0.055012
1.9535e-08,0.049318,0.055009
1.8553e-08,0.049366,0.055
1.7545e-08,0.049414,0.054985
1.6517e-08,0.049461,0.054964
1.5473e-08,0.049509,0.054936
1.4419e-08,0.049557,0.054903
1.3358e-08,0.049604,0.054864
1.2296e-08,0.049651,0.05482
1.1237e-08,0.049697,0.05477
1.0183e-08,0.049743,0.054715
9.1404e-09,0.049788,0.054655
8.1111e-09,0.049833,0.05459
7.0989e-09,0.049877,0.054521
6.1068e-09,0.04992,0.054448
5.1377e-09,0.049962,0.054372
4.1943e-09,0.050003,0.054292
3.279e-09,0.050043,0.05421
2.394e-09,0.050082,0.054125
1.5414e-09,0.05012,0.054038
7.2276e-10,0.050157,0.053949
-6.0207e-11,0.050192,0.05386
-8.062e-10,0.050226,0.053769
-1.5141e-09,0.050259,0.053679
-2.1829e-09,0.05029,0.053589
-2.8119e-09,0.05032,0.053499
-3.4006e-09,0.050348,0.053411
-3.9485e-09,0.050375,0.053325
-4.4555e-09,0.0504,0.053241
-4.9215e-09,0.050424,0.05316
-5.3467e-09,0.050446,0.053082
-5.7313e-09,0.050466,0.053008
-6.0758e-09,0.050485,0.052938
-6.3808e-09,0.050502,0.052872
-6.6468e-09,0.050518,0.052811
-6.8747e-09,0.050532,0.052756
-7.0654e-09,0.050545,0.052707
-7.2199e-09,0.050556,0.052663
-7.3394e-09,0.050566,0.052626
-7.425e-09,0.050574,0.052596
-7.4779e-09,0.05058,0.052573
-7.4995e-09,0.050585,0.052557
-7.4913e-09,0.050589,0.052548
-7.4545e-09,0.050591,0.052547
-7.3907e-09,0.050592,0.052554
-7.3015e-09,0.050591,0.052569
-7.1883e-09,0.05059,0.052591
-7.0527e-09,0.050587,0.052622
-6.8962e-09,0.050583,0.052661
-6.7206e-09,0.050577,0.052707
-6.5273e-09,0.050571,0.052761
-6.3179e-09,0.050564,0.052824
-6.094e-09,0.050555,0.052893
-5.8571e-09,0.050546,0.05297
-5.6087e-09,0.050536,0.053055
-5.3504e-09,0.050525,0.053146
-5.0836e-09,0.050514,0.053244
-4.8097e-09,0.050501,0.053348
-4.5302e-09,0.050488,0.053458
-4.2463e-09,0.050475,0.053573
-3.9593e-09,0.050461,0.053694
-3.6706e-09,0.050446,0.053819
-3.3813e-09,0.050431,0.053949
-3.0925e-09,0.050416,0.054082
-2.8053e-09,0.0504,0.054219
-2.5209e-09,0.050385,0.054358
-2.24e-09,0.050369,0.054499
-1.9637e-09,0.050353,0.054642
-1.6928e-09,0.050337,0.054786
-1.4281e-09,0.05032,0.05493
-1.1703e-09,0.050304,0.055074
-9.2009e-10,0.050288,0.055217
-6.7808e-10,0.050272,0.055359
-4.4481e-10,0.050257,0.055499
-2.2078e-10,0.050241,0.055637
-6.4127e-12,0.050226,0.055771
1.9792e-10,0.050211,0.055902
3.919e-10,0.050196,0.056028
5.7527e-10,0.050182,0.05615
7.4781e-10,0.050169,0.056267
9.0938e-10,0.050155,0.056377
1.0599e-09,0.050143,0.056482
1.1992e-09,0.05013,0.056579
1.3274e-09,0.050119,0.05667
1.4444e-09,0.050108,0.056753
1.5504e-09,0.050097,0.056827
1.6454e-09,0.050088,0.056894
1.7296e-09,0.050079,0.056952
1.8033e-09,0.050071,0.057
1.8665e-09,0.050063,0.05704
1.9195e-09,0.050057,0.05707
1.9627e-09,0.050051,0.057091
1.9962e-09,0.050047,0.057101
2.0206e-09,0.050043,0.057102
2.0359e-09,0.05004,0.057092
2.0427e-09,0.050039,0.057073
2.0413e-09,0.050038,0.057043
2.0322e-09,0.050039,0.057004
2.0156e-09,0.05004,0.056954
1.992e-09,0.050043,0.056894
1.9618e-09,0.050047,0.056824
1.9256e-09,0.050052,0.056745
1.8835e-09,0.050058,0.056656
1.8362e-09,0.050065,0.056558
1.7841e-09,0.050074,0.05645
1.7275e-09,0.050084,0.056334
1.6669e-09,0.050095,0.05621
1.6028e-09,0.050108,0.056077
1.5354e-09,0.050121,0.055936
1.4653e-09,0.050136,0.055788
1.3929e-09,0.050153,0.055632
1.3185e-09,0.05017,0.05547
1.2425e-09,0.050189,0.055302
1.1652e-09,0.050209,0.055128
1.0871e-09,0.05023,0.054949
1.0085e-09,0.050253,0.054764
9.2971e-10,0.050276,0.054576
8.5101e-10,0.050301,0.054383
7.7272e-10,0.050327,0.054187
6.9513e-10,0.050354,0.053989
6.185e-10,0.050381,0.053788
5.4309e-10,0.05041,0.053585
4.6912e-10,0.05044,0.053381
3.9682e-10,0.050471,0.053176
3.2637e-10,0.050502,0.05297
2.5798e-10,0.050534,0.052765
1.918e-10,0.050567,0.052561
1.2799e-10,0.050601,0.052358
6.6681e-11,0.050635,0.052157
7.9914e-12,0.050669,0.051958
-4.7975e-11,0.050704,0.051761
-1.0113e-10,0.05074,0.051568
-1.514e-10,0.050775,0.051378
-1.9873e-10,0.050811,0.051193
-2.4307e-10,0.050847,0.051012
-2.8439e-10,0.050883,0.050835
-3.2268e-10,0.050918,0.050664
-3.5793e-10,0.050954,0.050499
-3.9014e-10,0.050989,0.050339
-4.1934e-10,0.051024,0.050186
-4.4555e-10,0.051058,0.050039
-4.6882e-10,0.051092,0.0499
-4.8918e-10,0.051125,0.049767
-5.0671e-10,0.051158,0.049642
-5.2146e-10,0.051189,0.049524
-5.335e-10,0.05122,0.049415
-5.4293e-10,0.051249,0.049313
-5.4982e-10,0.051277,0.049219
-5.5427e-10,0.051304,0.049134
-5.5638e-10,0.05133,0.049058
-5.5624e-10,0.051354,0.04899
-5.5396e-10,0.051377,0.048931
-5.4966e-10,0.051398,0.04888
-5.4344e-10,0.051418,0.048838
-5.3541e-10,0.051435,0.048805
-5.257e-10,0.051451,0.048781
-5.1442e-10,0.051464,0.048766
-5.0169e-10,0.051476,0.04876
-4.8762e-10,0.051485,0.048763
-4.7233e-10,0.051493,0.048774
-4.5594e-10,0.051497,0.048794
-4.3856e-10,0.0515,0.048823
-4.2031e-10,0.0515,0.04886
-4.0129e-10,0.051498,0.048905
-3.8162e-10,0.051493,0.048959
-3.614e-10,0.051486,0.049021
-3.4074e-10,0.051477,0.049091
-3.1974e-10,0.051464,0.04917
-2.9848e-10,0.051449,0.049255
-2.7708e-10,0.051432,0.049349
-2.5561e-10,0.051412,0.049449
-2.3416e-10,0.051389,0.049557
-2.1282e-10,0.051364,0.049672
-1.9166e-10,0.051336,0.049794
-1.7075e-10,0.051305,0.049922
-1.5017e-10,0.051273,0.050057
-1.2997e-10,0.051237,0.050198
-1.1022e-10,0.0512,0.050344
-9.0978e-11,0.051159,0.050497
-7.2283e-11,0.051117,0.050655
-5.4187e-11,0.051073,0.050818
-3.6732e-11,0.051026,0.050986
-1.9954e-11,0.050977,0.051159
-3.887e-12,0.050927,0.051336
1.1441e-11,0.050875,0.051517
2.6006e-11,0.050821,0.051702
3.9787e-11,0.050765,0.051891
5.2768e-11,0.050708,0.052084
6.4936e-11,0.05065,0.052279
7.6283e-11,0.05059,0.052477
8.6804e-11,0.050529,0.052678
9.6496e-11,0.050468,0.052881
1.0536e-10,0.050405,0.053086
1.134e-10,0.050342,0.053293
1.2063e-10,0.050279,0.053501
1.2706e-10,0.050215,0.05371
1.3269e-10,0.050151,0.053921
1.3755e-10,0.050087,0.054132
1.4165e-10,0.050022,0.054343
1.4501e-10,0.049958,0.054554
1.4766e-10,0.049894,0.054765
1.4961e-10,0.049831,0.054976
1.5089e-10,0.049768,0.055185
1.5153e-10,0.049706,0.055394
1.5156e-10,0.049645,0.055602
1.51e-10,0.049584,0.055808
1.4989e-10,0.049525,0.056013
1.4825e-10,0.049466,0.056216
1.4612e-10,0.049409,0.056416
1.4352e-10,0.049353,0.056614
1.4049e-10,0.049298,0.05681
1.3706e-10,0.049244,0.057003
1.3327e-10,0.049192,0.057193
1.2914e-10,0.049141,0.05738
1.2471e-10,0.049092,0.057563
1.2e-10,0.049045,0.057744
1.1505e-10,0.048999,0.05792
1.0989e-10,0.048954,0.058093
1.0455e-10,0.048911,0.058262
9.9059e-11,0.048869,0.058427
9.3442e-11,0.04883,0.058588
8.7729e-11,0.048791,0.058745
8.1945e-11,0.048754,0.058897
7.6118e-11,0.048719,0.059045
7.027e-11,0.048685,0.059189
6.4426e-11,0.048652,0.059329
5.8608e-11,0.048621,0.059463
5.2837e-11,0.048591,0.059594
4.7133e-11,0.048563,0.059719
4.1516e-11,0.048536,0.059841
3.6002e-11,0.048509,0.059957
3.0608e-11,0.048484,0.06007
2.5349e-11,0.04846,0.060177
2.0239e-11,0.048438,0.06028
1.5291e-11,0.048416,0.060379
1.0517e-11,0.048395,0.060474
5.9256e-12,0.048374,0.060564
1.5271e-12,0.048355,0.060649
-2.6708e-12,0.048337,0.060731
-6.6614e-12,0.048319,0.060809
-1.0439e-11,0.048302,0.060882
-1.3999e-11,0.048285,0.060952
-1.7338e-11,0.04827,0.061018
-2.0454e-11,0.048254,0.06108
-2.3345e-11,0.04824,0.061139
-2.6009e-11,0.048226,0.061194
-2.8449e-11,0.048212,0.061246
-3.0665e-11,0.048199,0.061294
-3.2658e-11,0.048187,0.06134
-3.4432e-11,0.048175,0.061382
-3.599e-11,0.048163,0.061421
-3.7336e-11,0.048153,0.061457
-3.8475e-11,0.048142,0.061491
-3.9412e-11,0.048132,0.061522
-4.0154e-11,0.048123,0.06155
-4.0706e-11,0.048114,0.061576
-4.1075e-11,0.048106,0.0616
-4.1269e-11,0.048099,0.061621
-4.1294e-11,0.048092,0.06164
-4.1159e-11,0.048085,0.061657
-4.0872e-11,0.04808,0.061671
-4.0441e-11,0.048075,0.061684
-3.9874e-11,0.04807,0.061694
-3.918e-11,0.048067,0.061703
-3.8367e-11,0.048064,0.061709
-3.7445e-11,0.048061,0.061714
-3.6422e-11,0.04806,0.061716
-3.5306e-11,0.048059,0.061717
-3.4107e-11,0.048059,0.061715
-3.2833e-11,0.048059,0.061712
-3.1492e-11,0.04806,0.061707
-3.0092e-11,0.048062,0.061699
-2.8642e-11,0.048065,0.06169
-2.715e-11,0.048068,0.061678
-2.5623e-11,0.048071,0.061664
-2.4069e-11,0.048076,0.061648
-2.2496e-11,0.048081,0.06163
-2.0909e-11,0.048086,0.06161
-1.9316e-11,0.048092,0.061587
-1.7724e-11,0.048098,0.061561
-1.6138e-11,0.048105,0.061533
-1.4564e-11,0.048111,0.061503
-1.3008e-11,0.048119,0.06147
-1.1475e-11,0.048126,0.061434
-9.9698e-12,0.048133,0.061395
-8.4967e-12,0.048141,0.061353
-7.0599e-12,0.048149,0.061309
-5.6633e-12,0.048156,0.061261
-4.3105e-12,0.048164,0.061211
-3.0045e-12,0.048172,0.061157
-1.7483e-12,0.048179,0.0611
-5.4421e-13,0.048186,0.06104
6.0542e-13,0.048193,0.060976
1.6988e-12,0.0482,0.060909
2.7343e-12,0.048206,0.060839
3.7106e-12,0.048212,0.060765
4.6268e-12,0.048218,0.060688
5.4823e-12,0.048223,0.060607
6.2764e-12,0.048227,0.060523
7.0091e-12,0.048232,0.060436
7.6803e-12,0.048236,0.060345
8.2905e-12,0.048239,0.06025
8.8401e-12,0.048242,0.060153
9.3298e-12,0.048245,0.060052
9.7606e-12,0.048247,0.059947
1.0134e-11,0.048249,0.05984
1.045e-11,0.04825,0.059729
1.0711e-11,0.048251,0.059615
1.0919e-11,0.048252,0.059498
1.1075e-11,0.048253,0.059378
1.1181e-11,0.048253,0.059255
1.1239e-11,0.048254,0.059129
1.125e-11,0.048254,0.059001
1.1218e-11,0.048255,0.05887
1.1145e-11,0.048256,0.058737
1.1031e-11,0.048257,0.058601
1.0881e-11,0.048258,0.058464
1.0695e-11,0.04826,0.058324
1.0477e-11,0.048263,0.058182
1.0229e-11,0.048266,0.058039
9.9535e-12,0.04827,0.057894
9.6523e-12,0.048275,0.057748
9.328e-12,0.048281,0.0576
8.983e-12,0.048288,0.057451
8.6195e-12,0.048297,0.057302
8.2399e-12,0.048307,0.057152
7.8463e-12,0.048319,0.057001
7.441e-12,0.048332,0.056849
7.026e-12,0.048348,0.056697
6.6034e-12,0.048365,0.056546
6.1752e-12,0.048385,0.056394
5.7432e-12,0.048406,0.056243
5.3095e-12,0.048431,0.056091
4.8756e-12,0.048457,0.055941
4.4433e-12,0.048487,0.055791
4.0141e-12,0.048519,0.055642
3.5897e-12,0.048553,0.055495
3.1713e-12,0.048591,0.055348
2.7603e-12,0.048632,0.055203
2.358e-12,0.048676,0.05506
1.9654e-12,0.048723,0.054918
1.5837e-12,0.048773,0.054778
1.2139e-12,0.048826,0.054641
8.5667e-13,0.048883,0.054505
5.1293e-13,0.048943,0.054372
1.8335e-13,0.049006,0.054242
-1.3147e-13,0.049072,0.054114
-4.3101e-13,0.049142,0.05399
-7.1483e-13,0.049215,0.053868
-9.8257e-13,0.049291,0.05375
-1.234e-12,0.04937,0.053635
-1.4688e-12,0.049452,0.053524
-1.687e-12,0.049537,0.053417
-1.8884e-12,0.049625,0.053314
-2.0731e-12,0.049715,0.053215
-2.2411e-12,0.049808,0.05312
-2.3926e-12,0.049904,0.05303
-2.5278e-12,0.050002,0.052944
-2.6469e-12,0.050101,0.052863
-2.7502e-12,0.050203,0.052788
-2.838e-12,0.050306,0.052717
-2.9108e-12,0.050411,0.052652
-2.969e-12,0.050517,0.052593
-3.013e-12,0.050624,0.052539
-3.0433e-12,0.050732,0.052492
-3.0605e-12,0.050841,0.05245
-3.065e-12,0.050949,0.052415
-3.0575e-12,0.051058,0.052386
-3.0386e-12,0.051167,0.052364
-3.0089e-12,0.051275,0.052349
-2.969e-12,0.051382,0.052341
-2.9195e-12,0.051488,0.05234
-2.8611e-12,0.051593,0.052346
-2.7944e-12,0.051696,0.05236
-2.72e-12,0.051798,0.052381
-2.6387e-12,0.051897,0.05241
-2.551e-12,0.051994,0.052447
-2.4576e-12,0.052088,0.052492
-2.3591e-12,0.05218,0.052545
-2.2561e-12,0.052268,0.052606
-2.1493e-12,0.052353,0.052675
-2.0392e-12,0.052434,0.052753
-1.9264e-12,0.052511,0.052839
-1.8115e-12,0.052584,0.052934
-1.695e-12,0.052653,0.053037
-1.5774e-12,0.052717,0.053148
-1.4593e-12,0.052776,0.053268
-1.3411e-12,0.052831,0.053397
-1.2232e-12,0.05288,0.053533
-1.1062e-12,0.052924,0.053679
-9.9042e-13,0.052963,0.053832
-8.7625e-13,0.052996,0.053994
-7.6406e-13,0.053024,0.054163
-6.5418e-13,0.053046,0.054341
-5.4695e-13,0.053062,0.054526
-4.4263e-13,0.053072,0.054719
-3.4151e-13,0.053076,0.05492
-2.4382e-13,0.053074,0.055127
-1.4977e-13,0.053066,0.055341
-5.9558e-14,0.053053,0.055563
2.6649e-14,0.053033,0.05579
1.0871e-13,0.053007,0.056023
1.865e-13,0.052975,0.056263
2.5992e-13,0.052937,0.056507
3.2889e-13,0.052894,0.056757
3.9336e-13,0.052844,0.057011
4.5328e-13,0.052789,0.057269
5.0865e-13,0.052729,0.057531
5.5946e-13,0.052663,0.057797
6.0573e-13,0.052591,0.058065
6.4749e-13,0.052515,0.058335
6.848e-13,0.052434,0.058608
7.1771e-13,0.052348,0.058882
7.4632e-13,0.052257,0.059156
7.7071e-13,0.052162,0.059432
7.9098e-13,0.052063,0.059706
8.0725e-13,0.051959,0.059981
8.1965e-13,0.051852,0.060254
8.2831e-13,0.051742,0.060525
8.3337e-13,0.051628,0.060794
8.3498e-13,0.051511,0.061059
8.3329e-13,0.051392,0.061322
8.2848e-13,0.05127,0.061581
8.2069e-13,0.051146,0.061835
8.1011e-13,0.05102,0.062084
7.9691e-13,0.050892,0.062328
7.8125e-13,0.050763,0.062565
7.6331e-13,0.050633,0.062797
7.4328e-13,0.050502,0.063021
7.2132e-13,0.05037,0.063238
6.9761e-13,0.050238,0.063447
6.7233e-13,0.050106,0.063648
6.4564e-13,0.049975,0.06384
6.1772e-13,0.049844,0.064024
5.8872e-13,0.049714,0.064198
5.5882e-13,0.049584,0.064363
5.2817e-13,0.049457,0.064517
4.9692e-13,0.04933,0.064662
4.6522e-13,0.049206,0.064796
4.3322e-13,0.049083,0.06492
4.0105e-13,0.048963,0.065033
3.6884e-13,0.048846,0.065135
3.3672e-13,0.048731,0.065226
3.0481e-13,0.048618,0.065306
2.7323e-13,0.048509,0.065375
2.4207e-13,0.048404,0.065433
2.1145e-13,0.048301,0.065479
1.8144e-13,0.048202,0.065515
1.5215e-13,0.048107,0.06554
1.2364e-13,0.048016,0.065554
9.5996e-14,0.047928,0.065557
6.9278e-14,0.047845,0.065549
4.3547e-14,0.047766,0.065531
1.8855e-14,0.047691,0.065503
-4.7498e-15,0.04762,0.065465
-2.7229e-14,0.047554,0.065418
-4.8548e-14,0.047492,0.065361
-6.868e-14,0.047435,0.065295
-8.7602e-14,0.047382,0.06522
-1.053e-13,0.047334,0.065137
-1.2176e-13,0.04729,0.065046
-1.3698e-13,0.047251,0.064947
-1.5095e-13,0.047216,0.06484
-1.6369e-13,0.047185,0.064727
-1.752e-13,0.04716,0.064608
-1.855e-13,0.047138,0.064482
-1.9459e-13,0.047121,0.064351
-2.0251e-13,0.047108,0.064215
-2.0928e-13,0.047099,0.064073
-2.1492e-13,0.047095,0.063928
-2.1947e-13,0.047095,0.063778
-2.2297e-13,0.047098,0.063625
-2.2543e-13,0.047106,0.063469
-2.2692e-13,0.047117,0.06331
-2.2746e-13,0.047132,0.063149
-2.2709e-13,0.047151,0.062986
-2.2587e-13,0.047173,0.062821
-2.2384e-13,0.047198,0.062656
-2.2104e-13,0.047227,0.062489
-2.1751e-13,0.047259,0.062322
-2.1332e-13,0.047294,0.062155
-2.085e-13,0.047332,0.061989
-2.031e-13,0.047373,0.061822
-1.9718e-13,0.047417,0.061657
-1.9077e-13,0.047463,0.061493
-1.8392e-13,0.047511,0.061329
-1.7669e-13,0.047562,0.061168
-1.6912e-13,0.047615,0.061008
-1.6125e-13,0.04767,0.06085
-1.5313e-13,0.047728,0.060694
-1.448e-13,0.047787,0.060541
-1.363e-13,0.047848,0.060389
-1.2768e-13,0.047911,0.060241
-1.1897e-13,0.047975,0.060094
-1.1021e-13,0.048041,0.059951
-1.0143e-13,0.048109,0.05981
-9.2681e-14,0.048178,0.059672
-8.3981e-14,0.048248,0.059537
-7.5366e-14,0.04832,0.059405
-6.6864e-14,0.048392,0.059275
-5.8504e-14,0.048466,0.059148
-5.0311e-14,0.048541,0.059024
-4.2308e-14,0.048617,0.058903
-3.4518e-14,0.048693,0.058784
-2.6961e-14,0.048771,0.058668
-1.9654e-14,0.04885,0.058555
-1.2615e-14,0.048929,0.058444
-5.8567e-15,0.049009,0.058335
6.0653e-16,0.049089,0.058228
6.7641e-15,0.049171,0.058124
1.2607e-14,0.049253,0.058022
1.8126e-14,0.049335,0.057921
2.3317e-14,0.049418,0.057822
2.8175e-14,0.049501,0.057725
3.2696e-14,0.049585,0.057629
3.6878e-14,0.049669,0.057535
4.0723e-14,0.049754,0.057441
4.4229e-14,0.049839,0.057349
4.7401e-14,0.049924,0.057258
5.0242e-14,0.050009,0.057167
5.2755e-14,0.050095,0.057077
5.4947e-14,0.050181,0.056988
5.6825e-14,0.050266,0.056899
5.8395e-14,0.050352,0.05681
5.9667e-14,0.050438,0.056721
6.0649e-14,0.050523,0.056632
6.1351e-14,0.050609,0.056543
6.1784e-14,0.050694,0.056453
6.1958e-14,0.050779,0.056364
6.1886e-14,0.050864,0.056273
6.1578e-14,0.050948,0.056183
6.1047e-14,0.051032,0.056091
6.0306e-14,0.051115,0.055999
5.9368e-14,0.051198,0.055907
5.8244e-14,0.05128,0.055813
5.6949e-14,0.051361,0.055719
5.5496e-14,0.051442,0.055624
5.3896e-14,0.051521,0.055528
5.2164e-14,0.0516,0.055432
5.0312e-14,0.051677,0.055335
4.8353e-14,0.051754,0.055237
4.63e-14,0.051829,0.055138
4.4165e-14,0.051903,0.055038
4.1959e-14,0.051976,0.054939
3.9696e-14,0.052047,0.054838
3.7386e-14,0.052117,0.054738
3.504e-14,0.052185,0.054637
3.2669e-14,0.052252,0.054536
3.0283e-14,0.052317,0.054435
2.7893e-14,0.05238,0.054335
2.5507e-14,0.052441,0.054234
2.3135e-14,0.0525,0.054135
2.0785e-14,0.052557,0.054036
1.8466e-14,0.052612,0.053938
1.6184e-14,0.052665,0.053842
1.3947e-14,0.052716,0.053747
1.1761e-14,0.052764,0.053654
9.632e-15,0.05281,0.053563
7.5661e-15,0.052854,0.053474
5.5679e-15,0.052895,0.053388
3.6421e-15,0.052933,0.053305
1.7926e-15,0.052969,0.053225
2.3017e-17,0.053003,0.053149
-1.6636e-15,0.053033,0.053076
-3.2647e-15,0.053061,0.053008
-4.778e-15,0.053086,0.052945
-6.202e-15,0.053108,0.052886
-7.5351e-15,0.053127,0.052832
-8.7767e-15,0.053143,0.052784
-9.9262e-15,0.053156,0.052743
-1.0984e-14,0.053166,0.052707
-1.1949e-14,0.053174,0.052678
-1.2823e-14,0.053177,0.052656
-1.3606e-14,0.053178,0.052641
-1.4301e-14,0.053176,0.052635
-1.4907e-14,0.05317,0.052636
-1.5428e-14,0.053161,0.052645
-1.5865e-14,0.053149,0.052663
-1.622e-14,0.053134,0.05269
-1.6496e-14,0.053115,0.052726
-1.6696e-14,0.053094,0.052771
-1.6821e-14,0.053068,0.052827
-1.6876e-14,0.05304,0.052892
-1.6864e-14,0.053008,0.052967
-1.6787e-14,0.052973,0.053052
-1.6649e-14,0.052935,0.053148
-1.6453e-14,0.052893,0.053254
-1.6203e-14,0.052849,0.053371
-1.5902e-14,0.052801,0.053498
-1.5554e-14,0.052749,0.053637
-1.5163e-14,0.052695,0.053786
-1.4731e-14,0.052638,0.053946
-1.4263e-14,0.052577,0.054116
-1.3762e-14,0.052513,0.054297
-1.3232e-14,0.052447,0.054489
-1.2675e-14,0.052377,0.054691
-1.2096e-14,0.052305,0.054904
-1.1497e-14,0.05223,0.055126
-1.0882e-14,0.052152,0.055358
-1.0254e-14,0.052072,0.0556
-9.6154e-15,0.051989,0.05585
-8.9702e-15,0.051903,0.05611
-8.3206e-15,0.051816,0.056379
-7.6695e-15,0.051726,0.056655
-7.0193e-15,0.051634,0.056939
-6.3727e-15,0.051539,0.057231
-5.7318e-15,0.051443,0.05753
-5.0989e-15,0.051345,0.057835
-4.476e-15,0.051246,0.058146
-3.8652e-15,0.051144,0.058462
-3.2681e-15,0.051042,0.058783
-2.6864e-15,0.050938,0.059108
-2.1217e-15,0.050833,0.059438
-1.5753e-15,0.050727,0.05977
-1.0484e-15,0.05062,0.060105
-5.423e-16,0.050512,0.060441
-5.782e-17,0.050403,0.060779
4.0415e-16,0.050295,0.061117
8.4288e-16,0.050185,0.061456
1.2578e-15,0.050076,0.061794
1.6483e-15,0.049967,0.06213
2.0142e-15,0.049857,0.062465
2.3552e-15,0.049748,0.062797
2.6711e-15,0.04964,0.063126
2.9618e-15,0.049532,0.063451
3.2275e-15,0.049425,0.063771
3.4683e-15,0.049318,0.064087
3.6844e-15,0.049213,0.064397
3.8762e-15,0.049108,0.0647
4.0441e-15,0.049005,0.064997
4.1885e-15,0.048904,0.065287
4.3099e-15,0.048803,0.065568
4.4091e-15,0.048705,0.065842
4.4866e-15,0.048608,0.066106
4.5432e-15,0.048513,0.066362
4.5796e-15,0.04842,0.066607
4.5966e-15,0.04833,0.066843
4.5952e-15,0.048241,0.067067
4.5761e-15,0.048155,0.067281
4.5402e-15,0.048071,0.067484
4.4886e-15,0.04799,0.067676
4.422e-15,0.047911,0.067855
4.3416e-15,0.047835,0.068023
4.2482e-15,0.047761,0.068179
4.1428e-15,0.047691,0.068322
4.0264e-15,0.047623,0.068453
3.8999e-15,0.047558,0.068571
3.7643e-15,0.047496,0.068676
3.6206e-15,0.047437,0.068769
3.4697e-15,0.047381,0.068849
3.3125e-15,0.047328,0.068916
3.1499e-15,0.047278,0.068971
2.9828e-15,0.047232,0.069013
2.812e-15,0.047188,0.069042
2.6385e-15,0.047147,0.06906
2.4629e-15,0.04711,0.069065
2.286e-15,0.047076,0.069057
2.1086e-15,0.047045,0.069038
1.9315e-15,0.047017,0.069008
1.7552e-15,0.046992,0.068966
1.5804e-15,0.04697,0.068913
1.4077e-15,0.046951,0.068849
1.2377e-15,0.046935,0.068774
1.0709e-15,0.046923,0.06869
9.0783e-16,0.046913,0.068596
7.4889e-16,0.046906,0.068492
5.9453e-16,0.046902,0.068379
4.4512e-16,0.046901,0.068258
3.0101e-16,0.046902,0.068128
1.625e-16,0.046907,0.067991
2.9867e-17,0.046914,0.067846
-9.6659e-17,0.046923,0.067695
-2.1687e-16,0.046936,0.067536
-3.3061e-16,0.046951,0.067372
-4.3774e-16,0.046968,0.067203
-5.3815e-16,0.046987,0.067028
-6.3178e-16,0.047009,0.066849
-7.1857e-16,0.047034,0.066665
-7.9853e-16,0.04706,0.066478
-8.7165e-16,0.047089,0.066288
-9.3798e-16,0.04712,0.066095
-9.9759e-16,0.047152,0.0659
-1.0506e-15,0.047187,0.065703
-1.097e-15,0.047224,0.065504
-1.137e-15,0.047262,0.065305
-1.1708e-15,0.047303,0.065105
-1.1984e-15,0.047345,0.064905
-1.2202e-15,0.047389,0.064706
-1.2362e-15,0.047434,0.064507
-1.2467e-15,0.047481,0.064309
-1.2519e-15,0.04753,0.064113
-1.2521e-15,0.04758,0.063919
-1.2474e-15,0.047632,0.063727
-1.2381e-15,0.047685,0.063537
-1.2245e-15,0.047739,0.06335
-1.2068e-15,0.047795,0.063166
-1.1853e-15,0.047852,0.062985
-1.1602e-15,0.04791,0.062808
-1.1318e-15,0.047969,0.062635
-1.1004e-15,0.04803,0.062465
-1.0663e-15,0.048091,0.0623
-1.0296e-15,0.048154,0.062139
-9.9068e-16,0.048218,0.061982
-9.4977e-16,0.048282,0.061829
-9.0712e-16,0.048348,0.061681
-8.6298e-16,0.048414,0.061538
-8.1758e-16,0.048481,0.061399
-7.7116e-16,0.048549,0.061265
-7.2395e-16,0.048618,0.061135
-6.7616e-16,0.048687,0.06101
-6.2801e-16,0.048756,0.060889
-5.797e-16,0.048826,0.060773
-5.3142e-16,0.048897,0.060662
-4.8336e-16,0.048968,0.060554
-4.3569e-16,0.049039,0.060451
-3.8858e-16,0.04911,0.060352
-3.4218e-16,0.049181,0.060257
-2.9665e-16,0.049252,0.060166
-2.521e-16,0.049323,0.060078
-2.0868e-16,0.049394,0.059994
-1.6649e-16,0.049464,0.059913
-1.2563e-16,0.049534,0.059835
-8.6213e-17,0.049604,0.05976
-4.8311e-17,0.049673,0.059688
-1.2001e-17,0.049741,0.059618
2.2651e-17,0.049808,0.059551
5.5589e-17,0.049875,0.059485
8.6767e-17,0.04994,0.059422
1.1615e-16,0.050004,0.05936
1.437e-16,0.050067,0.0593
1.6941e-16,0.050128,0.059242
1.9326e-16,0.050189,0.059184
2.1524e-16,0.050247,0.059127
2.3536e-16,0.050304,0.059072
2.5364e-16,0.050359,0.059016
2.7007e-16,0.050413,0.058962
2.847e-16,0.050464,0.058907
2.9754e-16,0.050514,0.058853
3.0863e-16,0.050562,0.058799
3.1801e-16,0.050607,0.058745
3.2573e-16,0.050651,0.058691
3.3182e-16,0.050692,0.058637
3.3636e-16,0.050731,0.058583
3.3938e-16,0.050768,0.058528
3.4095e-16,0.050802,0.058473
3.4114e-16,0.050834,0.058418
3.4e-16,0.050864,0.058362
3.3761e-16,0.050892,0.058306
3.3403e-16,0.050917,0.05825
3.2932e-16,0.05094,0.058193
3.2357e-16,0.050961,0.058137
3.1685e-16,0.050979,0.05808
3.0921e-16,0.050995,0.058023
3.0075e-16,0.051009,0.057966
2.9152e-16,0.05102,0.057909
2.816e-16,0.051029,0.057853
2.7106e-16,0.051036,0.057796
2.5997e-16,0.051041,0.05774
2.484e-16,0.051044,0.057685
2.3642e-16,0.051045,0.05763
2.2408e-16,0.051044,0.057576
2.1147e-16,0.05104,0.057523
1.9863e-16,0.051035,0.057472
1.8562e-16,0.051028,0.057421
1.7251e-16,0.05102,0.057372
1.5935e-16,0.051009,0.057324
1.462e-16,0.050997,0.057278
1.331e-16,0.050983,0.057234
1.201e-16,0.050968,0.057192
1.0725e-16,0.050951,0.057151
9.4585e-17,0.050933,0.057113
8.2153e-17,0.050913,0.057078
6.9987e-17,0.050893,0.057045
5.8122e-17,0.050871,0.057014
4.6591e-17,0.050848,0.056986
3.5421e-17,0.050823,0.056961
2.4638e-17,0.050798,0.056939
1.4267e-17,0.050772,0.05692
4.3277e-18,0.050745,0.056904
-5.1621e-18,0.050717,0.056891
-1.4187e-17,0.050688,0.056881
-2.2733e-17,0.050659,0.056874
-3.079e-17,0.050629,0.056871
-3.8351e-17,0.050598,0.056871
-4.5409e-17,0.050567,0.056875
-5.1961e-17,0.050536,0.056882
-5.8006e-17,0.050504,0.056892
-6.3543e-17,0.050472,0.056906
-6.8575e-17,0.050439,0.056923
-7.3107e-17,0.050407,0.056943
-7.7144e-17,0.050374,0.056967
-8.0694e-17,0.050341,0.056993
-8.3767e-17,0.050308,0.057023
-8.6373e-17,0.050275,0.057057
-8.8524e-17,0.050242,0.057093
-9.0233e-17,0.050209,0.057132
-9.1513e-17,0.050176,0.057174
-9.2381e-17,0.050144,0.057219
-9.2853e-17,0.050111,0.057266
-9.2944e-17,0.050079,0.057316
-9.2672e-17,0.050048,0.057369
-9.2057e-17,0.050017,0.057424
-9.1115e-17,0.049986,0.05748
-8.9867e-17,0.049956,0.057539
-8.833e-17,0.049927,0.0576
-8.6526e-17,0.049898,0.057663
-8.4472e-17,0.04987,0.057727
-8.219e-17,0.049842,0.057792
-7.9697e-17,0.049816,0.057859
-7.7015e-17,0.04979,0.057927
-7.4162e-17,0.049765,0.057995
-7.1156e-17,0.049741,0.058065
-6.8018e-17,0.049718,0.058135
-6.4765e-17,0.049695,0.058205
-6.1415e-17,0.049674,0.058276
-5.7985e-17,0.049654,0.058347
-5.4493e-17,0.049635,0.058417
-5.0954e-17,0.049617,0.058488
-4.7386e-17,0.0496,0.058558
-4.3802e-17,0.049585,0.058627
-4.0218e-17,0.04957,0.058696
-3.6646e-17,0.049557,0.058764
-3.3102e-17,0.049545,0.05883
-2.9596e-17,0.049534,0.058896
-2.614e-17,0.049524,0.05896
-2.2746e-17,0.049516,0.059023
-1.9423e-17,0.049508,0.059085
-1.6182e-17,0.049502,0.059145
-1.303e-17,0.049498,0.059203
-9.9763e-18,0.049494,0.059259
-7.0272e-18,0.049492,0.059313
-4.1894e-18,0.049491,0.059366
-1.4687e-18,0.049491,0.059416
1.13e-18,0.049492,0.059464
3.6025e-18,0.049495,0.05951
5.945e-18,0.049499,0.059554
8.1546e-18,0.049504,0.059595
1.0229e-17,0.049509,0.059634
1.2167e-17,0.049517,0.059671
1.3967e-17,0.049525,0.059705
1.5628e-17,0.049534,0.059737
1.7152e-17,0.049544,0.059766
1.8538e-17,0.049555,0.059793
1.9787e-17,0.049568,0.059818
2.0901e-17,0.049581,0.059841
2.1883e-17,0.049595,0.059861
2.2734e-17,0.049609,0.059879
2.3458e-17,0.049625,0.059895
2.4057e-17,0.049641,0.059909
2.4536e-17,0.049658,0.05992
2.4897e-17,0.049676,0.05993
2.5145e-17,0.049694,0.059938
2.5285e-17,0.049713,0.059944
2.5321e-17,0.049733,0.059948
2.5258e-17,0.049753,0.05995
2.51e-17,0.049773,0.059952
2.4853e-17,0.049794,0.059951
2.4522e-17,0.049815,0.05995
2.4112e-17,0.049836,0.059947
2.3628e-17,0.049857,0.059944
2.3076e-17,0.049879,0.059939
2.246e-17,0.0499,0.059934
2.1787e-17,0.049922,0.059928
2.1062e-17,0.049943,0.059922
2.029e-17,0.049965,0.059915
1.9475e-17,0.049986,0.059908
1.8624e-17,0.050006,0.059902
1.7741e-17,0.050027,0.059895
1.6831e-17,0.050047,0.059889
1.5899e-17,0.050066,0.059883
1.4949e-17,0.050085,0.059877
1.3986e-17,0.050103,0.059873
1.3015e-17,0.05012,0.059869
1.2039e-17,0.050136,0.059867
1.1062e-17,0.050152,0.059865
1.0089e-17,0.050166,0.059865
9.1223e-18,0.050179,0.059867
8.1659e-18,0.050191,0.05987
7.2229e-18,0.050202,0.059875
6.2963e-18,0.050212,0.059882
5.389e-18,0.05022,0.059891
4.5035e-18,0.050226,0.059902
3.6421e-18,0.050231,0.059915
2.8072e-18,0.050234,0.05993
2.0006e-18,0.050236,0.059948
1.2241e-18,0.050236,0.059969
4.7942e-19,0.050234,0.059992
-2.322e-19,0.05023,0.060018
-9.0953e-19,0.050223,0.060047
-1.5516e-18,0.050215,0.060078
-2.1575e-18,0.050205,0.060113
-2.7267e-18,0.050193,0.06015
-3.2586e-18,0.050178,0.060191
-3.753e-18,0.050161,0.060234
-4.2098e-18,0.050142,0.060281
-4.6289e-18,0.050121,0.06033
-5.0105e-18,0.050097,0.060382
-5.3549e-18,0.050071,0.060438
-5.6625e-18,0.050042,0.060496
-5.9338e-18,0.050011,0.060558
-6.1695e-18,0.049978,0.060622
-6.3704e-18,0.049942,0.060689
-6.5373e-18,0.049904,0.060759
-6.6712e-18,0.049863,0.060832
-6.773e-18,0.04982,0.060907
-6.844e-18,0.049774,0.060984
-6.8853e-18,0.049726,0.061064
-6.8981e-18,0.049676,0.061147
-6.8838e-18,0.049624,0.061231
-6.8435e-18,0.049569,0.061318
-6.7788e-18,0.049512,0.061406
-6.691e-18,0.049453,0.061496
-6.5816e-18,0.049391,0.061588
-6.4519e-18,0.049328,0.061681
-6.3034e-18,0.049263,0.061775
-6.1376e-18,0.049195,0.061871
-5.9559e-18,0.049126,0.061967
-5.7598e-18,0.049056,0.062063
-5.5507e-18,0.048983,0.062161
-5.3301e-18,0.048909,0.062258
-5.0992e-18,0.048834,0.062355
-4.8595e-18,0.048757,0.062453
-4.6124e-18,0.048679,0.06255
-4.359e-18,0.0486,0.062646
-4.1008e-18,0.04852,0.062741
-3.8389e-18,0.048439,0.062836
-3.5744e-18,0.048357,0.062929
-3.3086e-18,0.048275,0.06302
-3.0425e-18,0.048192,0.06311
-2.7772e-18,0.048109,0.063198
-2.5137e-18,0.048026,0.063284
-2.2528e-18,0.047942,0.063368
-1.9955e-18,0.047859,0.063449
-1.7425e-18,0.047776,0.063527
-1.4947e-18,0.047694,0.063603
-1.2528e-18,0.047612,0.063675
-1.0174e-18,0.04753,0.063745
-7.8918e-19,0.04745,0.06381
-5.6859e-19,0.047371,0.063873
-3.5615e-19,0.047293,0.063931
-1.5232e-19,0.047216,0.063986
4.2536e-20,0.047141,0.064037
2.2808e-19,0.047068,0.064084
4.0404e-19,0.046996,0.064126
5.7019e-19,0.046927,0.064165
7.2634e-19,0.046859,0.064199
8.7236e-19,0.046794,0.064228
1.0082e-18,0.046732,0.064254
1.1337e-18,0.046672,0.064274
1.249e-18,0.046615,0.064291
1.3541e-18,0.046561,0.064302
1.449e-18,0.046509,0.06431
1.5339e-18,0.046461,0.064312
1.6088e-18,0.046417,0.064311
1.6741e-18,0.046376,0.064305
1.7299e-18,0.046338,0.064294
1.7763e-18,0.046304,0.064279
1.8138e-18,0.046274,0.06426
1.8425e-18,0.046247,0.064237
1.8627e-18,0.046224,0.064209
1.8748e-18,0.046206,0.064178
1.8791e-18,0.046191,0.064143
1.876e-18,0.04618,0.064104
1.8658e-18,0.046174,0.064062
1.8489e-18,0.046171,0.064016
1.8256e-18,0.046173,0.063967
1.7964e-18,0.046178,0.063915
1.7617e-18,0.046188,0.06386
1.7218e-18,0.046202,0.063803
1.6771e-18,0.046219,0.063742
1.6281e-18,0.046241,0.06368
1.5751e-18,0.046267,0.063615
1.5185e-18,0.046296,0.063549
1.4587e-18,0.046329,0.06348
1.3961e-18,0.046366,0.06341
1.331e-18,0.046406,0.063339
1.2639e-18,0.046449,0.063267
1.1951e-18,0.046496,0.063193
1.1248e-18,0.046546,0.063119
1.0536e-18,0.046599,0.063044
9.8161e-19,0.046655,0.062969
9.0923e-19,0.046713,0.062894
8.3674e-19,0.046774,0.062819
7.6443e-19,0.046838,0.062744
6.9257e-19,0.046903,0.062669
6.2141e-19,0.046971,0.062595
5.5119e-19,0.04704,0.062522
4.8215e-19,0.04711,0.06245
4.1448e-19,0.047183,0.062379
3.484e-19,0.047256,0.062309
2.8407e-19,0.04733,0.06224
2.2167e-19,0.047406,0.062173
1.6135e-19,0.047481,0.062107
1.0323e-19,0.047558,0.062044
4.744e-20,0.047634,0.061982
-5.9135e-21,0.04771,0.061922
-5.674e-20,0.047786,0.061865
-1.0496e-19,0.047862,0.06181
-1.5052e-19,0.047937,0.061757
-1.9335e-19,0.048012,0.061706
-2.3344e-19,0.048085,0.061658
-2.7074e-19,0.048157,0.061613
-3.0524e-19,0.048228,0.06157
-3.3695e-19,0.048297,0.06153
-3.6588e-19,0.048365,0.061492
-3.9203e-19,0.048431,0.061457
-4.1545e-19,0.048495,0.061425
-4.3617e-19,0.048557,0.061396
-4.5424e-19,0.048617,0.06137
-4.697e-19,0.048674,0.061346
-4.8263e-19,0.048729,0.061325
-4.931e-19,0.048781,0.061307
-5.0117e-19,0.048831,0.061292
-5.0693e-19,0.048878,0.06128
-5.1047e-19,0.048922,0.06127
-5.1187e-19,0.048963,0.061263
-5.1124e-19,0.049001,0.061258
-5.0866e-19,0.049036,0.061256
-5.0425e-19,0.049069,0.061257
-4.981e-19,0.049098,0.06126
-4.9032e-19,0.049124,0.061265
-4.8101e-19,0.049147,0.061273
-4.7029e-19,0.049168,0.061283
-4.5826e-19,0.049185,0.061295
-4.4502e-19,0.049199,0.061309
-4.3069e-19,0.04921,0.061326
-4.1538e-19,0.049219,0.061344
-3.9918e-19,0.049224,0.061364
-3.8221e-19,0.049227,0.061387
-3.6456e-19,0.049227,0.06141
-3.4633e-19,0.049224,0.061436
-3.2762e-19,0.049219,0.061463
-3.0853e-19,0.049211,0.061491
-2.8914e-19,0.0492,0.061521
-2.6955e-19,0.049188,0.061552
-2.4984e-19,0.049173,0.061585
-2.3009e-19,0.049155,0.061618
-2.1039e-19,0.049136,0.061653
-1.9079e-19,0.049115,0.061689
-1.7138e-19,0.049091,0.061725
-1.5223e-19,0.049066,0.061762
-1.3338e-19,0.049039,0.0618
-1.149e-19,0.04901,0.061839
-9.6852e-20,0.04898,0.061878
-7.9274e-20,0.048948,0.061918
-6.2216e-20,0.048915,0.061958
-4.5719e-20,0.04888,0.061999
-2.9819e-20,0.048844,0.06204
-1.4551e-20,0.048807,0.062081
5.7051e-23,0.048769,0.062122
1.3979e-20,0.048729,0.062163
2.7194e-20,0.048689,0.062205
3.9684e-20,0.048647,0.062246
5.1434e-20,0.048604,0.062287
6.2436e-20,0.048561,0.062329
7.268e-20,0.048517,0.06237
8.2163e-20,0.048471,0.06241
9.0885e-20,0.048426,0.062451
9.8847e-20,0.048379,0.062491
1.0605e-19,0.048331,0.062531
1.1251e-19,0.048283,0.06257
1.1824e-19,0.048235,0.062609
1.2324e-19,0.048185,0.062648
1.2753e-19,0.048135,0.062686
1.3112e-19,0.048085,0.062724
1.3405e-19,0.048034,0.062761
1.3632e-19,0.047982,0.062798
1.3795e-19,0.04793,0.062834
1.3898e-19,0.047878,0.062869
1.3943e-19,0.047825,0.062904
1.3931e-19,0.047772,0.062939
1.3867e-19,0.047719,0.062972
1.3752e-19,0.047665,0.063005
1.3589e-19,0.047611,0.063038
1.3382e-19,0.047557,0.06307
1.3133e-19,0.047503,0.063101
1.2845e-19,0.047449,0.063132
1.2521e-19,0.047395,0.063162
1.2164e-19,0.04734,0.063191
1.1777e-19,0.047286,0.06322
1.1362e-19,0.047233,0.063248
1.0924e-19,0.047179,0.063275
1.0463e-19,0.047126,0.063302
9.9843e-20,0.047073,0.063328
9.4893e-20,0.04702,0.063354
8.981e-20,0.046969,0.063379
8.4619e-20,0.046918,0.063403
7.9346e-20,0.046867,0.063426
7.4014e-20,0.046818,0.063449
6.8647e-20,0.046769,0.063471
6.3268e-20,0.046722,0.063493
5.7897e-20,0.046676,0.063514
5.2555e-20,0.046631,0.063534
4.7262e-20,0.046587,0.063553
4.2034e-20,0.046545,0.063572
3.689e-20,0.046504,0.06359
3.1846e-20,0.046466,0.063608
2.6915e-20,0.046429,0.063625
2.2112e-20,0.046394,0.063641
1.7449e-20,0.04636,0.063657
1.2937e-20,0.046329,0.063672
8.5878e-21,0.046301,0.063687
4.4093e-21,0.046274,0.0637
4.0998e-22,0.04625,0.063714
-3.4033e-21,0.046229,0.063726
-7.0244e-21,0.04621,0.063738
-1.0449e-20,0.046194,0.063749
-1.3672e-20,0.04618,0.06376
-1.6691e-20,0.046169,0.063769
-1.9504e-20,0.046162,0.063779
-2.211e-20,0.046157,0.063787
-2.4509e-20,0.046155,0.063795
-2.67e-20,0.046157,0.063802
-2.8686e-20,0.046161,0.063808
-3.0468e-20,0.046169,0.063814
-3.2049e-20,0.04618,0.063818
-3.3432e-20,0.046194,0.063822
-3.4622e-20,0.046212,0.063825
-3.5622e-20,0.046232,0.063828
-3.6438e-20,0.046257,0.063829
-3.7075e-20,0.046284,0.063829
-3.754e-20,0.046315,0.063828
-3.7838e-20,0.04635,0.063827
-3.7976e-20,0.046387,0.063824
-3.7961e-20,0.046428,0.06382
-3.7801e-20,0.046473,0.063815
-3.7503e-20,0.04652,0.063808
-3.7074e-20,0.046571,0.063801
-3.6522e-20,0.046625,0.063792
-3.5855e-20,0.046682,0.063781
-3.5082e-20,0.046742,0.063769
-3.421e-20,0.046806,0.063756
-3.3246e-20,0.046872,0.063741
-3.22e-20,0.046941,0.063724
-3.1079e-20,0.047013,0.063706
-2.9891e-20,0.047087,0.063686
-2.8643e-20,0.047164,0.063664
-2.7343e-20,0.047243,0.06364
-2.5999e-20,0.047325,0.063614
-2.4618e-20,0.047409,0.063586
-2.3207e-20,0.047495,0.063556
-2.1773e-20,0.047583,0.063525
-2.0322e-20,0.047673,0.063491
-1.886e-20,0.047764,0.063454
-1.7395e-20,0.047858,0.063416
-1.5931e-20,0.047952,0.063376
-1.4475e-20,0.048048,0.063333
-1.3031e-20,0.048145,0.063288
-1.1605e-20,0.048242,0.063241
-1.0201e-20,0.048341,0.063191
-8.8238e-21,0.048441,0.06314
-7.477e-21,0.04854,0.063086
-6.1646e-21,0.048641,0.06303
-4.89e-21,0.048741,0.062972
-3.6564e-21,0.048842,0.062911
-2.4666e-21,0.048943,0.062849
-1.3231e-21,0.049043,0.062784
-2.2821e-22,0.049143,0.062718
8.1619e-22,0.049243,0.06265
1.8084e-21,0.049342,0.06258
2.7471e-21,0.04944,0.062508
3.6312e-21,0.049538,0.062435
4.4598e-21,0.049634,0.06236
5.2323e-21,0.04973,0.062283
5.9484e-21,0.049824,0.062206
6.6079e-21,0.049917,0.062127
7.2111e-21,0.050009,0.062047
7.7581e-21,0.050098,0.061966
8.2496e-21,0.050187,0.061885
8.6862e-21,0.050273,0.061803
9.0689e-21,0.050358,0.061721
9.3986e-21,0.05044,0.061638
9.6766e-21,0.050521,0.061555
9.9043e-21,0.0506,0.061472
1.0083e-20,0.050676,0.06139
1.0215e-20,0.05075,0.061308
1.0301e-20,0.050821,0.061226
1.0343e-20,0.050891,0.061145
1.0344e-20,0.050957,0.061065
1.0304e-20,0.051021,0.060986
1.0227e-20,0.051083,0.060908
1.0114e-20,0.051141,0.060832
9.9671e-21,0.051197,0.060757
9.7888e-21,0.05125,0.060684
9.5812e-21,0.051301,0.060612
9.3464e-21,0.051348,0.060543
9.0866e-21,0.051392,0.060476
8.8039e-21,0.051434,0.060411
8.5006e-21,0.051472,0.060348
8.1788e-21,0.051507,0.060287
7.8405e-21,0.051539,0.06023
7.488e-21,0.051568,0.060174
7.1231e-21,0.051594,0.060122
6.7478e-21,0.051616,0.060072
6.3642e-21,0.051635,0.060026
5.9741e-21,0.051651,0.059982
5.5792e-21,0.051663,0.059941
5.1814e-21,0.051672,0.059904
4.7822e-21,0.051678,0.059869
4.3834e-21,0.05168,0.059838
3.9864e-21,0.051679,0.05981
3.5927e-21,0.051674,0.059785
3.2036e-21,0.051666,0.059763
2.8204e-21,0.051655,0.059744
2.4443e-21,0.051639,0.059729
2.0764e-21,0.051621,0.059717
1.7179e-21,0.051598,0.059708
1.3695e-21,0.051572,0.059702
1.0322e-21,0.051543,0.0597
7.0672e-22,0.051509,0.0597
3.9381e-22,0.051473,0.059703
9.4074e-23,0.051432,0.05971
-1.9196e-22,0.051388,0.059719
-4.6383e-22,0.051341,0.059731
-7.2116e-22,0.051289,0.059746
-9.6363e-22,0.051234,0.059763
-1.191e-21,0.051176,0.059783
-1.4031e-21,0.051114,0.059806
-1.5999e-21,0.051048,0.059831
-1.7812e-21,0.050979,0.059858
-1.9472e-21,0.050906,0.059887
-2.0979e-21,0.05083,0.059918
-2.2334e-21,0.05075,0.059951
-2.354e-21,0.050667,0.059986
-2.4598e-21,0.05058,0.060023
-2.5512e-21,0.050491,0.060061
-2.6284e-21,0.050397,0.0601
-2.692e-21,0.050301,0.060141
-2.7421e-21,0.050202,0.060183
-2.7793e-21,0.0501,0.060226
-2.8041e-21,0.049994,0.060269
-2.8169e-21,0.049886,0.060314
-2.8183e-21,0.049775,0.060359
-2.8087e-21,0.049662,0.060405
-2.7887e-21,0.049546,0.060451
-2.759e-21,0.049427,0.060497
-2.72e-21,0.049306,0.060544
-2.6723e-21,0.049184,0.06059
-2.6166e-21,0.049059,0.060637
-2.5534e-21,0.048932,0.060683
-2.4833e-21,0.048803,0.060729
-2.407e-21,0.048673,0.060775
-2.325e-21,0.048542,0.06082
-2.2378e-21,0.048409,0.060865
-2.1461e-21,0.048275,0.060909
-2.0505e-21,0.048141,0.060953
-1.9514e-21,0.048005,0.060996
-1.8495e-21,0.04787,0.061038
-1.7452e-21,0.047733,0.061079
-1.6391e-21,0.047597,0.061119
-1.5316e-21,0.047461,0.061158
-1.4233e-21,0.047326,0.061196
-1.3146e-21,0.047191,0.061233
-1.2059e-21,0.047056,0.061268
-1.0977e-21,0.046923,0.061303
-9.9035e-22,0.046791,0.061336
-8.842e-22,0.04666,0.061368
-7.7962e-22,0.046531,0.061399
-6.7694e-22,0.046404,0.061429
-5.7648e-22,0.046279,0.061457
-4.785e-22,0.046157,0.061484
-3.8328e-22,0.046037,0.061509
-2.9106e-22,0.045919,0.061533
-2.0204e-22,0.045806,0.061556
-1.1642e-22,0.045695,0.061578
-3.4363e-23,0.045588,0.061598
4.3971e-23,0.045484,0.061617
1.1846e-22,0.045385,0.061634
1.8899e-22,0.04529,0.06165
2.5549e-22,0.045199,0.061665
3.1788e-22,0.045113,0.061678
3.7612e-22,0.045032,0.06169
4.3018e-22,0.044956,0.061701
4.8004e-22,0.044885,0.06171
5.2571e-22,0.044819,0.061718
5.6721e-22,0.044759,0.061725
6.0458e-22,0.044705,0.06173
6.3786e-22,0.044657,0.061734
6.6713e-22,0.044615,0.061737
6.9245e-22,0.044579,0.061738
7.1391e-22,0.04455,0.061738
7.3162e-22,0.044527,0.061737
7.4567e-22,0.044511,0.061735
7.5619e-22,0.044501,0.061731
7.633e-22,0.044498,0.061726
7.6714e-22,0.044502,0.06172
7.6784e-22,0.044513,0.061712
7.6555e-22,0.04453,0.061703
7.6041e-22,0.044555,0.061693
7.5259e-22,0.044586,0.061681
7.4223e-22,0.044624,0.061668
7.295e-22,0.044669,0.061654
7.1455e-22,0.044721,0.061639
6.9755e-22,0.04478,0.061622
6.7867e-22,0.044845,0.061603
6.5805e-22,0.044917,0.061584
6.3586e-22,0.044995,0.061563
6.1227e-22,0.045079,0.061541
5.8742e-22,0.045169,0.061517
5.6147e-22,0.045265,0.061492
5.3458e-22,0.045366,0.061465
5.0689e-22,0.045473,0.061438
4.7855e-22,0.045586,0.061409
4.4969e-22,0.045702,0.061378
4.2045e-22,0.045824,0.061346
3.9096e-22,0.04595,0.061313
3.6136e-22,0.04608,0.061279
3.3174e-22,0.046214,0.061243
3.0224e-22,0.04635,0.061206
2.7296e-22,0.046491,0.061168
2.44e-22,0.046633,0.061129
2.1547e-22,0.046778,0.061088
1.8743e-22,0.046925,0.061046
1.6e-22,0.047074,0.061003
1.3323e-22,0.047224,0.060959
1.0721e-22,0.047375,0.060914
8.199e-23,0.047527,0.060868
5.7641e-23,0.047679,0.060821
3.4213e-23,0.04783,0.060773
1.1753e-23,0.047982,0.060725
-9.6986e-24,0.048132,0.060675
-3.0106e-23,0.048282,0.060625
-4.944e-23,0.04843,0.060574
-6.7676e-23,0.048576,0.060523
-8.4795e-23,0.048721,0.060471
-1.0078e-22,0.048863,0.060419
-1.1563e-22,0.049002,0.060366
-1.2934e-22,0.049139,0.060313
-1.4191e-22,0.049273,0.06026
-1.5334e-22,0.049403,0.060207
-1.6364e-22,0.04953,0.060154
-1.7283e-22,0.049653,0.060101
-1.8092e-22,0.049773,0.060048
-1.8793e-22,0.049888,0.059996
-1.9389e-22,0.05,0.059944
-1.9882e-22,0.050107,0.059893
-2.0276e-22,0.050209,0.059842
-2.0573e-22,0.050308,0.059792
-2.0777e-22,0.050401,0.059743
-2.0891e-22,0.05049,0.059695
-2.0919e-22,0.050575,0.059649
-2.0865e-22,0.050655,0.059603
-2.0734e-22,0.05073,0.059559
-2.0528e-22,0.0508,0.059516
-2.0253e-22,0.050866,0.059475
-1.9913e-22,0.050927,0.059435
-1.9513e-22,0.050984,0.059397
-1.9055e-22,0.051036,0.059361
-1.8546e-22,0.051084,0.059327
-1.799e-22,0.051127,0.059295
-1.739e-22,0.051166,0.059264
-1.6751e-22,0.051201,0.059236
-1.6077e-22,0.051232,0.05921
-1.5374e-22,0.051259,0.059187
-1.4644e-22,0.051282,0.059165
-1.3892e-22,0.051301,0.059146
-1.3121e-22,0.051317,0.05913
-1.2336e-22,0.05133,0.059115
-1.1541e-22,0.051339,0.059103
-1.0738e-22,0.051345,0.059094
-9.932e-23,0.051348,0.059087
-9.1252e-23,0.051349,0.059082
-8.321e-23,0.051347,0.05908
-7.5226e-23,0.051343,0.05908
-6.7326e-23,0.051336,0.059083
-5.9538e-23,0.051327,0.059087
-5.1886e-23,0.051317,0.059095
-4.4393e-23,0.051304,0.059104
-3.708e-23,0.05129,0.059116
-2.9968e-23,0.051275,0.05913
-2.3074e-23,0.051258,0.059147
-1.6415e-23,0.05124,0.059165
-1.0004e-23,0.051221,0.059186
-3.8566e-24,0.051201,0.059208
2.0176e-24,0.051181,0.059233
7.6084e-24,0.051159,0.059259
1.2907e-23,0.051138,0.059288
1.7908e-23,0.051115,0.059318
2.2605e-23,0.051093,0.05935
2.6994e-23,0.05107,0.059384
3.1074e-23,0.051047,0.05942
3.4842e-23,0.051024,0.059457
3.8299e-23,0.051001,0.059496
4.1446e-23,0.050978,0.059536
4.4286e-23,0.050955,0.059578
4.6822e-23,0.050933,0.059621
4.9058e-23,0.05091,0.059665
5.1e-23,0.050887,0.059711
5.2655e-23,0.050865,0.059758
5.4029e-23,0.050843,0.059806
5.513e-23,0.050821,0.059855
5.5968e-23,0.050799,0.059905
5.655e-23,0.050777,0.059956
5.6887e-23,0.050755,0.060009
5.6989e-23,0.050733,0.060062
5.6866e-23,0.050712,0.060116
5.653e-23,0.05069,0.060171
5.5992e-23,0.050668,0.060226
5.5264e-23,0.050645,0.060283
5.4356e-23,0.050623,0.06034
5.3282e-23,0.050599,0.060397
5.2053e-23,0.050576,0.060455
5.0681e-23,0.050552,0.060514
4.9178e-23,0.050527,0.060574
4.7556e-23,0.050501,0.060633
4.5826e-23,0.050475,0.060694
4.4002e-23,0.050447,0.060754
4.2093e-23,0.050418,0.060815
4.0112e-23,0.050389,0.060877
3.8069e-23,0.050357,0.060938
3.5975e-23,0.050325,0.061
3.3841e-23,0.050291,0.061062
3.1677e-23,0.050255,0.061125
2.9492e-23,0.050218,0.061187
2.7296e-23,0.050179,0.06125
2.5098e-23,0.050138,0.061313
2.2906e-23,0.050096,0.061375
2.0729e-23,0.050051,0.061438
1.8574e-23,0.050005,0.061501
1.6449e-23,0.049956,0.061564
1.436e-23,0.049905,0.061627
1.2314e-23,0.049853,0.06169
1.0316e-23,0.049798,0.061753
8.3724e-24,0.049741,0.061816
6.4877e-24,0.049681,0.061878
4.6664e-24,0.04962,0.061941
2.9126e-24,0.049557,0.062003
1.2299e-24,0.049491,0.062065
-3.7862e-25,0.049424,0.062127
-1.9102e-24,0.049355,0.062188
-3.3625e-24,0.049284,0.06225
-4.7337e-24,0.049211,0.06231
-6.0223e-24,0.049136,0.062371
-7.2272e-24,0.04906,0.062431
-8.3477e-24,0.048982,0.062491
-9.3834e-24,0.048902,0.06255
-1.0334e-23,0.048822,0.062609
-1.1201e-23,0.04874,0.062667
-1.1984e-23,0.048658,0.062724
-1.2683e-23,0.048574,0.062781
-1.3301e-23,0.04849,0.062837
-1.3839e-23,0.048406,0.062892
-1.4298e-23,0.048321,0.062946
-1.4681e-23,0.048236,0.062999
-1.4989e-23,0.048151,0.063052
-1.5225e-23,0.048066,0.063103
-1.5391e-23,0.047981,0.063153
-1.549e-23,0.047898,0.063202
-1.5524e-23,0.047815,0.06325
-1.5498e-23,0.047733,0.063296
-1.5412e-23,0.047652,0.063341
-1.5272e-23,0.047573,0.063385
-1.5079e-23,0.047495,0.063427
-1.4837e-23,0.047419,0.063467
-1.4549e-23,0.047345,0.063506
-1.4218e-23,0.047274,0.063543
-1.3849e-23,0.047205,0.063578
-1.3443e-23,0.047138,0.063611
-1.3005e-23,0.047075,0.063642
-1.2536e-23,0.047014,0.063671
-1.2042e-23,0.046957,0.063699
-1.1525e-23,0.046903,0.063724
-1.0987e-23,0.046853,0.063746
-1.0432e-23,0.046806,0.063767
-9.863e-24,0.046763,0.063786
-9.2827e-24,0.046724,0.063802
-8.6939e-24,0.04669,0.063816
-8.0992e-24,0.046659,0.063827
-7.5012e-24,0.046633,0.063836
-6.9023e-24,0.046612,0.063843
-6.305e-24,0.046595,0.063848
-5.7114e-24,0.046583,0.06385
-5.1236e-24,0.046575,0.063849
-4.5437e-24,0.046573,0.063847
-3.9735e-24,0.046575,0.063842
-3.4147e-24,0.046582,0.063834
-2.869e-24,0.046595,0.063825
-2.3378e-24,0.046612,0.063813
-1.8226e-24,0.046634,0.063799
-1.3245e-24,0.046661,0.063782
-8.4467e-25,0.046693,0.063764
-3.8411e-25,0.04673,0.063743
5.6306e-26,0.046771,0.06372
4.7584e-25,0.046818,0.063695
8.7385e-25,0.046869,0.063668
1.2498e-24,0.046925,0.063639
1.6033e-24,0.046985,0.063608
1.9341e-24,0.04705,0.063575
2.2418e-24,0.047119,0.06354
2.5265e-24,0.047193,0.063503
2.7881e-24,0.04727,0.063465
3.0266e-24,0.047351,0.063424
3.2423e-24,0.047436,0.063382
3.4354e-24,0.047525,0.063338
3.6062e-24,0.047617,0.063292
3.7551e-24,0.047712,0.063245
3.8825e-24,0.04781,0.063196
3.9889e-24,0.047912,0.063145
4.075e-24,0.048015,0.063093
4.1414e-24,0.048121,0.063039
4.1887e-24,0.048229,0.062984
4.2176e-24,0.048339,0.062927
4.2289e-24,0.048451,0.062869
4.2233e-24,0.048564,0.062809
4.2018e-24,0.048678,0.062748
4.1651e-24,0.048793,0.062685
4.114e-24,0.048909,0.062621
4.0495e-24,0.049025,0.062556
3.9724e-24,0.049142,0.062489
3.8836e-24,0.049258,0.062421
3.7841e-24,0.049374,0.062351
3.6746e-24,0.049489,0.06228
3.5561e-24,0.049603,0.062208
3.4294e-24,0.049716,0.062135
3.2955e-24,0.049828,0.06206
3.1551e-24,0.049938,0.061985
3.0092e-24,0.050046,0.061908
2.8585e-24,0.050152,0.06183
2.7039e-24,0.050255,0.061751
2.5461e-24,0.050356,0.06167
2.3859e-24,0.050454,0.061589
2.2241e-24,0.050549,0.061507
2.0612e-24,0.050641,0.061424
1.8981e-24,0.050729,0.06134
1.7353e-24,0.050813,0.061256
1.5734e-24,0.050894,0.06117
1.4131e-24,0.050971,0.061084
1.2549e-24,0.051043,0.060998
1.0992e-24,0.051112,0.060911
9.4666e-25,0.051175,0.060823
7.9759e-25,0.051235,0.060736
6.5245e-25,0.051289,0.060648
5.116e-25,0.051339,0.06056
3.7539e-25,0.051384,0.060472
2.4412e-25,0.051424,0.060384
1.1807e-25,0.051459,0.060296
-2.5119e-27,0.051489,0.060209
-1.1743e-25,0.051514,0.060122
-2.265e-25,0.051534,0.060035
-3.2958e-25,0.051549,0.05995
-4.2655e-25,0.051559,0.059865
-5.1733e-25,0.051563,0.059781
-6.0185e-25,0.051563,0.059698
-6.8009e-25,0.051558,0.059617
-7.5203e-25,0.051547,0.059536
-8.177e-25,0.051532,0.059458
-8.7714e-25,0.051513,0.059381
-9.3041e-25,0.051488,0.059305
-9.7759e-25,0.051459,0.059232
-1.0188e-24,0.051426,0.059161
-1.0541e-24,0.051388,0.059091
-1.0837e-24,0.051346,0.059024
-1.1078e-24,0.0513,0.05896
-1.1264e-24,0.051251,0.058898
-1.1399e-24,0.051197,0.058838
-1.1483e-24,0.05114,0.058781
-1.1519e-24,0.05108,0.058728
-1.1509e-24,0.051017,0.058676
-1.1455e-24,0.050951,0.058628
-1.1359e-24,0.050882,0.058583
-1.1224e-24,0.050811,0.058541
-1.1052e-24,0.050737,0.058503
-1.0846e-24,0.050662,0.058467
-1.0607e-24,0.050584,0.058435
-1.0339e-24,0.050506,0.058406
-1.0044e-24,0.050426,0.058381
-9.7235e-25,0.050344,0.058358
-9.3808e-25,0.050263,0.05834
-9.018e-25,0.05018,0.058324
-8.6375e-25,0.050097,0.058312
-8.2415e-25,0.050014,0.058303
-7.8324e-25,0.049932,0.058298
-7.4123e-25,0.049849,0.058295
-6.9833e-25,0.049768,0.058297
-6.5475e-25,0.049687,0.058301
-6.107e-25,0.049607,0.058308
-5.6636e-25,0.049529,0.058319
-5.2192e-25,0.049452,0.058332
-4.7755e-25,0.049377,0.058348
-4.3342e-25,0.049304,0.058367
-3.897e-25,0.049233,0.058389
-3.4652e-25,0.049164,0.058414
-3.0404e-25,0.049098,0.058441
-2.6238e-25,0.049034,0.058471
-2.2166e-25,0.048973,0.058503
-1.82e-25,0.048915,0.058537
-1.435e-25,0.048861,0.058573
-1.0625e-25,0.048809,0.058611
-7.0338e-26,0.048761,0.058652
-3.5843e-26,0.048716,0.058694
-2.8283e-27,0.048675,0.058737
2.8648e-26,0.048637,0.058782
5.8536e-26,0.048603,0.058829
8.6796e-26,0.048573,0.058877
1.134e-25,0.048546,0.058926
1.3831e-25,0.048523,0.058976
1.6152e-25,0.048504,0.059027
1.8302e-25,0.048489,0.059079
2.0281e-25,0.048477,0.059131
2.2088e-25,0.04847,0.059185
2.3726e-25,0.048466,0.059239
2.5195e-25,0.048466,0.059293
2.6498e-25,0.048469,0.059348
2.7638e-25,0.048476,0.059402
2.8618e-25,0.048487,0.059458
2.9442e-25,0.048501,0.059513
3.0114e-25,0.048518,0.059568
3.0638e-25,0.048538,0.059624
3.1019e-25,0.048562,0.059679
3.1263e-25,0.048588,0.059734
3.1375e-25,0.048618,0.059789
3.136e-25,0.04865,0.059844
3.1226e-25,0.048685,0.059899
3.0978e-25,0.048722,0.059953
3.0621e-25,0.048761,0.060008
3.0164e-25,0.048803,0.060062
2.9612e-25,0.048846,0.060115
2.8971e-25,0.048892,0.060168
2.8249e-25,0.048939,0.060221
2.7452e-25,0.048987,0.060274
2.6587e-25,0.049037,0.060326
2.5659e-25,0.049087,0.060377
2.4677e-25,0.049139,0.060429
2.3645e-25,0.049191,0.06048
2.2571e-25,0.049244,0.06053
2.146e-25,0.049298,0.060581
2.0318e-25,0.049351,0.06063
1.9152e-25,0.049405,0.06068
1.7967e-25,0.049459,0.060729
1.6768e-25,0.049513,0.060778
1.5561e-25,0.049566,0.060826
1.435e-25,0.049618,0.060874
1.3141e-25,0.04967,0.060922
1.1938e-25,0.049722,0.060969
1.0745e-25,0.049772,0.061016
9.5674e-26,0.049821,0.061063
8.4078e-26,0.049869,0.061109
7.2702e-26,0.049916,0.061155
6.1581e-26,0.049961,0.061201
5.0743e-26,0.050005,0.061247
4.0219e-26,0.050048,0.061292
3.0034e-26,0.050088,0.061337
2.0211e-26,0.050127,0.061382
1.0771e-26,0.050164,0.061426
1.7323e-27,0.050199,0.06147
-6.8886e-27,0.050232,0.061514
-1.5078e-26,0.050263,0.061557
-2.2826e-26,0.050292,0.061601
-3.0122e-26,0.050318,0.061644
-3.6959e-26,0.050343,0.061686
-4.3333e-26,0.050365,0.061729
-4.9241e-26,0.050385,0.06177
-5.4682e-26,0.050402,0.061812
-5.9656e-26,0.050417,0.061853
-6.4168e-26,0.05043,0.061894
-6.822e-26,0.05044,0.061934
-7.1819e-26,0.050448,0.061974
-7.4973e-26,0.050453,0.062013
-7.769e-26,0.050456,0.062052
-7.9979e-26,0.050457,0.06209
-8.1853e-26,0.050455,0.062128
-8.3324e-26,0.05045,0.062165
-8.4405e-26,0.050443,0.062201
-8.5109e-26,0.050434,0.062236
-8.5452e-26,0.050422,0.06227
-8.545e-26,0.050408,0.062304
-8.5119e-26,0.050392,0.062336
-8.4475e-26,0.050373,0.062368
-8.3536e-26,0.050352,0.062398
-8.2319e-26,0.050329,0.062427
-8.0842e-26,0.050303,0.062455
-7.9123e-26,0.050275,0.062482
-7.7179e-26,0.050246,0.062507
-7.5029e-26,0.050214,0.062531
-7.2691e-26,0.05018,0.062554
-7.0183e-26,0.050144,0.062575
-6.7522e-26,0.050106,0.062594
-6.4725e-26,0.050066,0.062612
-6.181e-26,0.050025,0.062628
-5.8794e-26,0.049981,0.062642
-5.5693e-26,0.049936,0.062654
-5.2522e-26,0.04989,0.062665
-4.9298e-26,0.049842,0.062673
-4.6036e-26,0.049792,0.062679
-4.2749e-26,0.049742,0.062684
-3.9451e-26,0.04969,0.062686
-3.6156e-26,0.049637,0.062686
-3.2877e-26,0.049583,0.062684
-2.9625e-26,0.049527,0.06268
-2.6411e-26,0.049471,0.062673
-2.3246e-26,0.049415,0.062665
-2.014e-26,0.049357,0.062653
-1.7103e-26,0.0493,0.06264
-1.4141e-26,0.049241,0.062624
-1.1265e-26,0.049183,0.062606
-8.4799e-27,0.049124,0.062585
-5.7929e-27,0.049065,0.062562
-3.2096e-27,0.049006,0.062536
-7.3529e-28,0.048948,0.062508
1.6258e-27,0.048889,0.062477
3.8698e-27,0.048831,0.062444
5.9936e-27,0.048774,0.062409
7.9946e-27,0.048717,0.062371
9.8709e-27,0.048661,0.062331
1.1621e-26,0.048606,0.062288
1.3244e-26,0.048553,0.062243
1.474e-26,0.0485,0.062196
1.6109e-26,0.048448,0.062146
1.7352e-26,0.048398,0.062094
1.847e-26,0.04835,0.06204
1.9463e-26,0.048303,0.061984
2.0336e-26,0.048257,0.061926
2.1089e-26,0.048214,0.061866
2.1725e-26,0.048173,0.061803
2.2248e-26,0.048133,0.061739
2.266e-26,0.048096,0.061673
2.2966e-26,0.048061,0.061606
2.3169e-26,0.048029,0.061536
2.3273e-26,0.047999,0.061466
2.3282e-26,0.047971,0.061394
2.3202e-26,0.047946,0.06132
2.3035e-26,0.047923,0.061246
2.2788e-26,0.047903,0.06117
2.2465e-26,0.047886,0.061093
2.207e-26,0.047872,0.061016
2.1608e-26,0.04786,0.060938
2.1085e-26,0.047851,0.06086
2.0506e-26,0.047845,0.060781
1.9874e-26,0.047842,0.060702
1.9195e-26,0.047842,0.060623
1.8475e-26,0.047844,0.060544
1.7717e-26,0.04785,0.060465
1.6926e-26,0.047858,0.060387
1.6107e-26,0.047869,0.060309
1.5265e-26,0.047883,0.060232
1.4403e-26,0.0479,0.060156
1.3526e-26,0.047919,0.060081
1.2638e-26,0.047941,0.060008
1.1743e-26,0.047965,0.059935
1.0845e-26,0.047992,0.059865
9.9474e-27,0.048022,0.059796
9.0534e-27,0.048054,0.059729
8.1665e-27,0.048089,0.059664
7.2897e-27,0.048125,0.059602
6.426e-27,0.048164,0.059541
5.578e-27,0.048205,0.059484
4.7483e-27,0.048248,0.059428
3.9393e-27,0.048293,0.059376
3.1531e-27,0.04834,0.059327
2.3916e-27,0.048389,0.05928
1.6566e-27,0.048439,0.059237
9.4977e-28,0.048491,0.059197
2.7242e-28,0.048545,0.05916
-3.7419e-28,0.0486,0.059126
-9.8901e-28,0.048657,0.059096
-1.5712e-27,0.048715,0.059069
-2.12e-27,0.048774,0.059046
-2.6348e-27,0.048834,0.059026
-3.1154e-27,0.048895,0.05901
-3.5613e-27,0.048957,0.058997
-3.9727e-27,0.04902,0.058988
-4.3494e-27,0.049084,0.058982
-4.6916e-27,0.049149,0.05898
-4.9998e-27,0.049214,0.058982
-5.2742e-27,0.04928,0.058986
-5.5154e-27,0.049346,0.058994
-5.724e-27,0.049412,0.059006
-5.9008e-27,0.049479,0.05902
-6.0465e-27,0.049546,0.059037
-6.1621e-27,0.049613,0.059058
-6.2485e-27,0.049681,0.059081
-6.3068e-27,0.049748,0.059107
-6.338e-27,0.049814,0.059136
-6.3434e-27,0.049881,0.059167
-6.324e-27,0.049947,0.059201
-6.2812e-27,0.050013,0.059236
-6.2162e-27,0.050078,0.059274
-6.1303e-27,0.050143,0.059313
-6.0248e-27,0.050206,0.059354
-5.901e-27,0.050269,0.059396
-5.7603e-27,0.050331,0.05944
-5.6039e-27,0.050392,0.059484
-5.4334e-27,0.050452,0.05953
-5.2499e-27,0.05051,0.059576
-5.0547e-27,0.050567,0.059623
-4.8493e-27,0.050622,0.05967
-4.6348e-27,0.050676,0.059717
-4.4125e-27,0.050729,0.059764
-4.1836e-27,0.050779,0.059811
-3.9494e-27,0.050828,0.059857
-3.7109e-27,0.050874,0.059903
-3.4693e-27,0.050919,0.059947
-3.2257e-27,0.050962,0.059991
-2.9811e-27,0.051002,0.060034
-2.7365e-27,0.05104,0.060075
-2.4928e-27,0.051076,0.060115
-2.2509e-27,0.051109,0.060153
-2.0117e-27,0.05114,0.060189
-1.776e-27,0.051168,0.060223
-1.5445e-27,0.051194,0.060256
-1.3179e-27,0.051217,0.060286
-1.0969e-27,0.051238,0.060313
-8.8201e-28,0.051255,0.060339
-6.7381e-28,0.05127,0.060361
-4.7278e-28,0.051283,0.060381
-2.7937e-28,0.051292,0.060398
-9.3956e-29,0.051299,0.060413
8.3118e-29,0.051303,0.060424
2.5156e-28,0.051305,0.060433
4.1113e-28,0.051303,0.060438
5.6163e-28,0.051299,0.06044
7.029e-28,0.051292,0.060439
8.3483e-28,0.051283,0.060435
9.5735e-28,0.051271,0.060428
1.0704e-27,0.051256,0.060417
1.1741e-27,0.051239,0.060403
1.2683e-27,0.051219,0.060385
1.3533e-27,0.051197,0.060365
1.429e-27,0.051172,0.06034
1.4957e-27,0.051146,0.060313
1.5535e-27,0.051117,0.060281
1.6026e-27,0.051085,0.060247
1.6432e-27,0.051052,0.060209
1.6756e-27,0.051017,0.060167
1.7e-27,0.05098,0.060123
1.7167e-27,0.050941,0.060074
1.726e-27,0.0509,0.060023
1.7282e-27,0.050858,0.059968
1.7236e-27,0.050814,0.05991
1.7127e-27,0.050769,0.059849
1.6956e-27,0.050722,0.059785
1.6728e-27,0.050674,0.059717
1.6446e-27,0.050624,0.059647
1.6114e-27,0.050574,0.059574
1.5736e-27,0.050522,0.059498
1.5314e-27,0.050469,0.059419
1.4854e-27,0.050415,0.059337
1.4358e-27,0.050361,0.059254
1.3829e-27,0.050305,0.059167
1.3273e-27,0.050249,0.059079
1.2691e-27,0.050192,0.058989
1.2087e-27,0.050135,0.058896
1.1466e-27,0.050077,0.058802
1.0829e-27,0.050018,0.058707
1.018e-27,0.049959,0.05861
9.5231e-28,0.049899,0.058512
8.8599e-28,0.049839,0.058413
8.1937e-28,0.049779,0.058313
7.5272e-28,0.049718,0.058212
6.8629e-28,0.049656,0.058112
6.2034e-28,0.049595,0.058011
5.5509e-28,0.049533,0.057911
4.9077e-28,0.049471,0.05781
4.2757e-28,0.049408,0.057711
3.6569e-28,0.049346,0.057612
3.0531e-28,0.049283,0.057515
2.4658e-28,0.04922,0.057419
1.8966e-28,0.049156,0.057324
1.3467e-28,0.049093,0.057232
8.1753e-29,0.049029,0.057142
3.1001e-29,0.048965,0.057054
-1.7489e-29,0.048901,0.056969
-6.3635e-29,0.048837,0.056887
-1.0737e-28,0.048773,0.056808
-1.4864e-28,0.048708,0.056733
-1.874e-28,0.048644,0.056661
-2.2362e-28,0.048579,0.056593
-2.5728e-28,0.048515,0.056529
-2.8836e-28,0.048451,0.05647
-3.1688e-28,0.048387,0.056415
-3.4283e-28,0.048322,0.056365
-3.6625e-28,0.048258,0.05632
-3.8716e-28,0.048195,0.05628
-4.0559e-28,0.048131,0.056245
-4.2159e-28,0.048068,0.056216
-4.3522e-28,0.048006,0.056192
-4.4654e-28,0.047943,0.056174
-4.556e-28,0.047881,0.056162
-4.6248e-28,0.04782,0.056155
-4.6725e-28,0.04776,0.056154
-4.7e-28,0.0477,0.05616
-4.7081e-28,0.047641,0.056171
-4.6976e-28,0.047583,0.056188
-4.6696e-28,0.047525,0.056212
-4.6249e-28,0.047469,0.056241
-4.5644e-28,0.047414,0.056276
-4.4892e-28,0.04736,0.056317
-4.4002e-28,0.047307,0.056364
-4.2985e-28,0.047255,0.056416
-4.1849e-28,0.047205,0.056475
-4.0606e-28,0.047156,0.056538
-3.9264e-28,0.047109,0.056607
-3.7834e-28,0.047063,0.056681
-3.6325e-28,0.047019,0.05676
-3.4747e-28,0.046976,0.056844
-3.311e-28,0.046935,0.056933
-3.1421e-28,0.046896,0.057025
-2.9691e-28,0.046859,0.057123
-2.7927e-28,0.046824,0.057223
-2.6139e-28,0.04679,0.057328
-2.4333e-28,0.046759,0.057436
-2.2519e-28,0.04673,0.057547
-2.0703e-28,0.046702,0.057661
-1.8893e-28,0.046677,0.057778
-1.7094e-28,0.046654,0.057897
-1.5314e-28,0.046633,0.058019
-1.3559e-28,0.046614,0.058141
-1.1834e-28,0.046598,0.058266
-1.0144e-28,0.046583,0.058392
-8.4944e-29,0.046571,0.058518
-6.8895e-29,0.046561,0.058646
-5.3333e-29,0.046554,0.058774
-3.8295e-29,0.046549,0.058902
-2.3816e-29,0.046545,0.059029
-9.9251e-30,0.046545,0.059157
3.3526e-30,0.046546,0.059284
1.5994e-29,0.04655,0.05941
2.7981e-29,0.046556,0.059535
3.9297e-29,0.046564,0.059658
4.9931e-29,0.046574,0.05978
5.9873e-29,0.046587,0.0599
6.9118e-29,0.046601,0.060018
7.7663e-29,0.046618,0.060134
8.5507e-29,0.046637,0.060248
9.2654e-29,0.046658,0.060359
9.9108e-29,0.046682,0.060467
1.0488e-28,0.046707,0.060572
1.0997e-28,0.046734,0.060675
1.144e-28,0.046764,0.060774
1.1819e-28,0.046795,0.060869
1.2134e-28,0.046828,0.060962
1.2387e-28,0.046863,0.061051
1.2581e-28,0.046901,0.061136
1.2717e-28,0.04694,0.061217
1.2798e-28,0.04698,0.061295
1.2826e-28,0.047023,0.061369
1.2803e-28,0.047068,0.061439
1.2731e-28,0.047114,0.061505
1.2614e-28,0.047162,0.061567
1.2454e-28,0.047212,0.061624
1.2253e-28,0.047263,0.061678
1.2015e-28,0.047316,0.061727
1.1741e-28,0.047371,0.061773
1.1436e-28,0.047427,0.061814
1.11e-28,0.047485,0.061851
1.0737e-28,0.047544,0.061884
1.035e-28,0.047605,0.061914
9.9413e-29,0.047668,0.061939
9.5134e-29,0.047731,0.061959
9.0689e-29,0.047796,0.061977
8.6103e-29,0.047863,0.06199
8.1401e-29,0.047931,0.061999
7.6605e-29,0.048,0.062005
7.174e-29,0.04807,0.062006
6.6826e-29,0.048141,0.062005
6.1885e-29,0.048213,0.061999
5.6938e-29,0.048287,0.061991
5.2003e-29,0.048361,0.061979
4.71e-29,0.048436,0.061963
4.2245e-29,0.048513,0.061945
3.7455e-29,0.048589,0.061923
3.2746e-29,0.048667,0.061899
2.8131e-29,0.048745,0.061872
2.3625e-29,0.048823,0.061842
1.9239e-29,0.048902,0.061809
1.4985e-29,0.048981,0.061774
1.0872e-29,0.049061,0.061737
6.9109e-30,0.04914,0.061697
3.1089e-30,0.049219,0.061656
-5.2668e-31,0.049299,0.061612
-3.9896e-30,0.049378,0.061567
-7.2746e-30,0.049457,0.06152
-1.0377e-29,0.049535,0.061471
-1.3295e-29,0.049612,0.061421
-1.6024e-29,0.049689,0.061369
-1.8563e-29,0.049765,0.061316
-2.0912e-29,0.04984,0.061262
-2.3069e-29,0.049914,0.061207
-2.5037e-29,0.049987,0.061152
-2.6816e-29,0.050058,0.061095
-2.8408e-29,0.050128,0.061037
-2.9815e-29,0.050197,0.060979
-3.1042e-29,0.050263,0.060921
-3.2092e-29,0.050328,0.060862
-3.2968e-29,0.050391,0.060802
-3.3677e-29,0.050452,0.060743
-3.4222e-29,0.05051,0.060683
-3.461e-29,0.050566,0.060623
-3.4846e-29,0.05062,0.060563
-3.4937e-29,0.050671,0.060503
-3.4889e-29,0.05072,0.060443
-3.4709e-29,0.050765,0.060383
-3.4403e-29,0.050808,0.060323
-3.398e-29,0.050848,0.060263
-3.3445e-29,0.050886,0.060204
-3.2806e-29,0.05092,0.060145
-3.2071e-29,0.05095,0.060086
-3.1247e-29,0.050978,0.060028
-3.0341e-29,0.051002,0.05997
-2.9361e-29,0.051023,0.059912
-2.8313e-29,0.051041,0.059855
-2.7206e-29,0.051056,0.059798
-2.6045e-29,0.051067,0.059742
-2.4839e-29,0.051074,0.059686
-2.3594e-29,0.051079,0.059631
-2.2316e-29,0.051079,0.059576
-2.1012e-29,0.051077,0.059522
-1.9688e-29,0.051071,0.059468
-1.8351e-29,0.051062,0.059415
-1.7006e-29,0.05105,0.059362
-1.5658e-29,0.051034,0.059311
-1.4313e-29,0.051016,0.059259
-1.2976e-29,0.050994,0.059209
-1.1652e-29,0.05097,0.059159
-1.0345e-29,0.050942,0.059109
-9.0593e-30,0.050912,0.05906
-7.7992e-30,0.050879,0.059012
-6.5682e-30,0.050844,0.058965
-5.3697e-30,0.050807,0.058918
-4.2067e-30,0.050767,0.058872
-3.0821e-30,0.050725,0.058827
-1.9984e-30,0.050681,0.058782
-9.5782e-31,0.050636,0.058738
3.7596e-32,0.050589,0.058695
9.8615e-31,0.05054,0.058653
1.8864e-30,0.050491,0.058611
2.7371e-30,0.05044,0.058571
3.5374e-30,0.050388,0.058531
4.2864e-30,0.050336,0.058491
4.9838e-30,0.050283,0.058453
5.6293e-30,0.050229,0.058416
6.2227e-30,0.050176,0.058379
6.7644e-30,0.050123,0.058344
7.2545e-30,0.050069,0.058309
7.6937e-30,0.050017,0.058275
8.0826e-30,0.049964,0.058243
8.4221e-30,0.049913,0.058211
8.7133e-30,0.049863,0.05818
8.9572e-30,0.049813,0.058151
9.1551e-30,0.049765,0.058122
9.3084e-30,0.049718,0.058095
9.4187e-30,0.049673,0.058068
9.4875e-30,0.04963,0.058043
9.5165e-30,0.049589,0.058019
9.5075e-30,0.04955,0.057996
9.4622e-30,0.049512,0.057975
9.3826e-30,0.049478,0.057954
9.2706e-30,0.049445,0.057935
9.1281e-30,0.049416,0.057917
8.9572e-30,0.049388,0.0579
8.7597e-30,0.049364,0.057885
8.5377e-30,0.049343,0.057871
8.2933e-30,0.049324,0.057858
8.0283e-30,0.049308,0.057847
7.7449e-30,0.049296,0.057837
7.4449e-30,0.049286,0.057829
7.1303e-30,0.04928,0.057821
6.803e-30,0.049276,0.057815
6.4648e-30,0.049276,0.057811
6.1175e-30,0.049279,0.057808
5.763e-30,0.049285,0.057806
5.403e-30,0.049294,0.057806
5.039e-30,0.049306,0.057807
4.6726e-30,0.049321,0.05781
4.3055e-30,0.049339,0.057813
3.9389e-30,0.04936,0.057819
3.5744e-30,0.049384,0.057825
3.2133e-30,0.04941,0.057833
2.8567e-30,0.049439,0.057843
2.5058e-30,0.04947,0.057854
2.1617e-30,0.049504,0.057866
1.8255e-30,0.04954,0.057879
1.498e-30,0.049578,0.057894
1.1801e-30,0.049619,0.057911
8.7253e-31,0.049661,0.057928
5.7606e-31,0.049704,0.057947
2.9129e-31,0.049749,0.057967
1.8753e-32,0.049796,0.057989
-2.4106e-31,0.049843,0.058011
-4.8775e-31,0.049892,0.058035
-7.2099e-31,0.049941,0.05806
-9.405e-31,0.049991,0.058087
-1.1461e-30,0.050042,0.058114
-1.3376e-30,0.050093,0.058143
-1.515e-30,0.050143,0.058172
-1.6782e-30,0.050194,0.058203
-1.8273e-30,0.050245,0.058235
-1.9623e-30,0.050295,0.058267
-2.0835e-30,0.050344,0.058301
-2.1909e-30,0.050393,0.058335
-2.2849e-30,0.050441,0.05837
-2.3656e-30,0.050488,0.058406
-2.4334e-30,0.050534,0.058443
-2.4887e-30,0.050578,0.05848
-2.5318e-30,0.050621,0.058518
-2.5631e-30,0.050662,0.058556
-2.583e-30,0.050701,0.058595
-2.5921e-30,0.050739,0.058633
-2.5907e-30,0.050775,0.058672
-2.5795e-30,0.050808,0.058712
-2.5588e-30,0.05084,0.058751
-2.5292e-30,0.050869,0.05879
-2.4913e-30,0.050896,0.058829
-2.4455e-30,0.050921,0.058868
-2.3925e-30,0.050943,0.058906
-2.3327e-30,0.050963,0.058944
-2.2668e-30,0.05098,0.058982
-2.1952e-30,0.050996,0.059019
-2.1185e-30,0.051008,0.059055
-2.0372e-30,0.051018,0.05909
-1.9519e-30,0.051026,0.059124
-1.8631e-30,0.051032,0.059157
-1.7713e-30,0.051034,0.059189
-1.6769e-30,0.051035,0.05922
-1.5806e-30,0.051033,0.05925
-1.4826e-30,0.051029,0.059278
-1.3835e-30,0.051023,0.059305
-1.2838e-30,0.051014,0.05933
-1.1838e-30,0.051004,0.059353
-1.0839e-30,0.050991,0.059375
-9.8453e-31,0.050976,0.059395
-8.8603e-31,0.050959,0.059413
-7.8873e-31,0.050941,0.059429
-6.9296e-31,0.05092,0.059443
-5.9902e-31,0.050898,0.059455
-5.0718e-31,0.050874,0.059465
-4.1769e-31,0.050849,0.059473
-3.3079e-31,0.050822,0.059478
-2.4669e-31,0.050794,0.059481
-1.6559e-31,0.050764,0.059482
-8.7661e-32,0.050733,0.059481
-1.3048e-32,0.050701,0.059477
5.8113e-32,0.050668,0.059471
1.2571e-31,0.050633,0.059463
1.8965e-31,0.050598,0.059452
2.4986e-31,0.050562,0.059439
3.0628e-31,0.050525,0.059423
3.5887e-31,0.050488,0.059406
4.0761e-31,0.05045,0.059385
4.525e-31,0.050411,0.059363
4.9353e-31,0.050372,0.059338
5.3073e-31,0.050333,0.059311
5.6415e-31,0.050293,0.059281
5.9382e-31,0.050253,0.059249
6.1981e-31,0.050213,0.059216
6.4219e-31,0.050173,0.05918
6.6105e-31,0.050132,0.059142
6.7647e-31,0.050092,0.059102
6.8856e-31,0.050052,0.05906
6.9743e-31,0.050012,0.059016
7.032e-31,0.049973,0.058971
7.0599e-31,0.049933,0.058923
7.0592e-31,0.049894,0.058874
7.0314e-31,0.049856,0.058824
6.9778e-31,0.049817,0.058772
6.8998e-31,0.04978,0.058719
6.7989e-31,0.049743,0.058664
6.6765e-31,0.049706,0.058609
6.5341e-31,0.049671,0.058552
6.3732e-31,0.049636,0.058494
6.1953e-31,0.049602,0.058436
6.0019e-31,0.049568,0.058377
5.7944e-31,0.049536,0.058317
5.5744e-31,0.049504,0.058256
5.3432e-31,0.049474,0.058195
5.1022e-31,0.049444,0.058134
4.8529e-31,0.049415,0.058072
4.5966e-31,0.049387,0.05801
4.3345e-31,0.049361,0.057949
4.0681e-31,0.049335,0.057887
3.7985e-31,0.04931,0.057825
3.527e-31,0.049287,0.057764
3.2545e-31,0.049264,0.057703
2.9824e-31,0.049243,0.057642
2.7115e-31,0.049223,0.057582
2.4428e-31,0.049203,0.057523
2.1774e-31,0.049185,0.057464
1.916e-31,0.049168,0.057406
1.6595e-31,0.049152,0.057349
1.4086e-31,0.049137,0.057292
1.1641e-31,0.049123,0.057237
9.266e-32,0.04911,0.057183
6.9665e-32,0.049098,0.057129
4.7481e-32,0.049087,0.057077
2.6155e-32,0.049077,0.057027
5.7287e-33,0.049068,0.056977
-1.3761e-32,0.04906,0.056928
-3.2283e-32,0.049052,0.056881
-4.9811e-32,0.049045,0.056836
-6.6324e-32,0.04904,0.056791
-8.1807e-32,0.049034,0.056748
-9.6248e-32,0.04903,0.056707
-1.0964e-31,0.049026,0.056667
-1.2198e-31,0.049023,0.056628
-1.3327e-31,0.04902,0.056591
-1.4352e-31,0.049018,0.056555
-1.5274e-31,0.049016,0.05652
-1.6093e-31,0.049015,0.056487
-1.6812e-31,0.049014,0.056455
-1.7432e-31,0.049014,0.056425
-1.7956e-31,0.049013,0.056396
-1.8387e-31,0.049013,0.056369
-1.8726e-31,0.049013,0.056342
-1.8977e-31,0.049013,0.056317
-1.9143e-31,0.049013,0.056294
-1.9228e-31,0.049014,0.056271
-1.9234e-31,0.049014,0.05625
-1.9166e-31,0.049014,0.05623
-1.9028e-31,0.049014,0.056211
-1.8822e-31,0.049014,0.056193
-1.8554e-31,0.049014,0.056176
-1.8227e-31,0.049013,0.056161
-1.7845e-31,0.049012,0.056146
-1.7412e-31,0.049011,0.056132
-1.6932e-31,0.04901,0.056119
-1.6409e-31,0.049008,0.056107
-1.5848e-31,0.049006,0.056096
-1.5252e-31,0.049004,0.056086
-1.4626e-31,0.049001,0.056077
-1.3972e-31,0.048998,0.056068
-1.3295e-31,0.048995,0.056061
-1.2599e-31,0.048992,0.056054
-1.1886e-31,0.048988,0.056047
-1.1162e-31,0.048983,0.056042
-1.0428e-31,0.048979,0.056037
-9.6889e-32,0.048974,0.056033
-8.9469e-32,0.04897,0.05603
-8.2052e-32,0.048965,0.056028
-7.4667e-32,0.048959,0.056026
-6.7341e-32,0.048954,0.056025
-6.0099e-32,0.048949,0.056025
-5.2965e-32,0.048944,0.056025
-4.5962e-32,0.048939,0.056026
-3.9111e-32,0.048934,0.056028
-3.243e-32,0.048929,0.05603
-2.5938e-32,0.048925,0.056034
-1.9651e-32,0.048921,0.056038
-1.3583e-32,0.048917,0.056042
-7.7473e-33,0.048914,0.056048
-2.1557e-33,0.048912,0.056054
3.1818e-33,0.04891,0.056061
8.2565e-33,0.048909,0.056068
1.3061e-32,0.048909,0.056077
1.759e-32,0.04891,0.056086
2.1839e-32,0.048911,0.056095
2.5804e-32,0.048914,0.056106
2.9483e-32,0.048918,0.056117
3.2877e-32,0.048923,0.056129
3.5984e-32,0.048929,0.056141
3.8807e-32,0.048936,0.056154
4.1347e-32,0.048945,0.056168
4.361e-32,0.048956,0.056182
4.5598e-32,0.048968,0.056197
4.7316e-32,0.048981,0.056212
4.8772e-32,0.048996,0.056227
4.9972e-32,0.049013,0.056243
5.0923e-32,0.049032,0.05626
5.1633e-32,0.049052,0.056277
5.211e-32,0.049074,0.056294
5.2364e-32,0.049098,0.056311
5.2405e-32,0.049124,0.056328
5.2242e-32,0.049152,0.056346
5.1885e-32,0.049182,0.056364
5.1344e-32,0.049214,0.056381
5.0632e-32,0.049248,0.056399
4.9757e-32,0.049284,0.056416
4.8732e-32,0.049322,0.056433
4.7567e-32,0.049362,0.05645
4.6274e-32,0.049404,0.056467
4.4863e-32,0.049448,0.056484
4.3345e-32,0.049493,0.0565
4.1731e-32,0.049541,0.056515
4.0033e-32,0.049591,0.05653
3.8259e-32,0.049642,0.056544
3.6422e-32,0.049696,0.056558
3.453e-32,0.049751,0.056571
3.2594e-32,0.049808,0.056583
3.0623e-32,0.049866,0.056594
2.8627e-32,0.049926,0.056604
2.6614e-32,0.049987,0.056613
2.4593e-32,0.05005,0.056622
2.2572e-32,0.050114,0.056629
2.0559e-32,0.050179,0.056634
1.8561e-32,0.050245,0.056639
1.6586e-32,0.050312,0.056642
1.4639e-32,0.05038,0.056644
1.2727e-32,0.050449,0.056645
1.0856e-32,0.050518,0.056644
9.0304e-33,0.050587,0.056641
7.256e-33,0.050657,0.056637
5.5369e-33,0.050727,0.056631
3.8771e-33,0.050797,0.056624
2.2803e-33,0.050867,0.056615
7.496e-34,0.050937,0.056604
-7.1214e-34,0.051006,0.056591
-2.1025e-33,0.051075,0.056576
-3.4196e-33,0.051143,0.05656
-4.6617e-33,0.051209,0.056541
-5.8275e-33,0.051275,0.056521
-6.9161e-33,0.05134,0.056498
-7.927e-33,0.051404,0.056474
-8.86e-33,0.051466,0.056448
-9.715e-33,0.051526,0.056419
-1.0492e-32,0.051584,0.056389
-1.1193e-32,0.051641,0.056356
-1.1817e-32,0.051695,0.056322
-1.2367e-32,0.051748,0.056285
-1.2843e-32,0.051798,0.056247
-1.3248e-32,0.051845,0.056206
-1.3582e-32,0.05189,0.056164
-1.3848e-32,0.051933,0.056119
-1.4049e-32,0.051972,0.056073
-1.4186e-32,0.052009,0.056025
-1.4261e-32,0.052042,0.055976
-1.4279e-32,0.052073,0.055924
-1.424e-32,0.0521,0.055872
-1.4149e-32,0.052124,0.055817
-1.4007e-32,0.052145,0.055762
-1.3817e-32,0.052162,0.055705
-1.3584e-32,0.052176,0.055647
-1.3309e-32,0.052186,0.055587
-1.2996e-32,0.052192,0.055527
-1.2647e-32,0.052195,0.055466
-1.2266e-32,0.052194,0.055404
-1.1855e-32,0.052189,0.055342
-1.1418e-32,0.052181,0.055279
-1.0958e-32,0.052169,0.055216
-1.0477e-32,0.052153,0.055153
-9.9779e-33,0.052133,0.055089
-9.4639e-33,0.052109,0.055026
-8.9376e-33,0.052082,0.054963
-8.4016e-33,0.052051,0.0549
-7.8583e-33,0.052016,0.054838
-7.3102e-33,0.051978,0.054777
-6.7596e-33,0.051936,0.054716
-6.2089e-33,0.05189,0.054657
-5.66e-33,0.051841,0.054598
-5.115e-33,0.051789,0.054541
-4.5759e-33,0.051733,0.054485
-4.0444e-33,0.051674,0.054431
-3.5223e-33,0.051612,0.054378
-3.0111e-33,0.051547,0.054327
-2.5123e-33,0.051479,0.054278
-2.0271e-33,0.051408,0.054231
-1.5569e-33,0.051334,0.054186
-1.1028e-33,0.051258,0.054143
-6.6568e-34,0.051179,0.054102
-2.465e-34,0.051099,0.054063
1.5397e-34,0.051016,0.054027
5.3508e-34,0.050931,0.053994
8.9626e-34,0.050844,0.053963
1.2371e-33,0.050756,0.053934
1.5571e-33,0.050666,0.053908
1.8562e-33,0.050576,0.053885
2.134e-33,0.050484,0.053864
2.3907e-33,0.050391,0.053846
2.6261e-33,0.050298,0.053831
2.8403e-33,0.050204,0.053818
3.0336e-33,0.05011,0.053808
3.2061e-33,0.050016,0.053801
3.3582e-33,0.049922,0.053796
3.4902e-33,0.049829,0.053794
3.6025e-33,0.049736,0.053794
3.6958e-33,0.049644,0.053797
3.7704e-33,0.049553,0.053803
3.827e-33,0.049463,0.053811
3.8661e-33,0.049375,0.053822
3.8886e-33,0.049288,0.053834
3.895e-33,0.049204,0.053849
3.8861e-33,0.049121,0.053867
3.8626e-33,0.049041,0.053886
3.8254e-33,0.048963,0.053908
3.7751e-33,0.048888,0.053931
3.7127e-33,0.048815,0.053956
3.6388e-33,0.048746,0.053983
3.5544e-33,0.04868,0.054012
3.4602e-33,0.048617,0.054042
3.3571e-33,0.048558,0.054074
3.2459e-33,0.048502,0.054107
3.1274e-33,0.04845,0.054141
3.0023e-33,0.048402,0.054177
2.8715e-33,0.048357,0.054213
2.7357e-33,0.048317,0.05425
2.5958e-33,0.048281,0.054288
2.4523e-33,0.048249,0.054327
2.3061e-33,0.048221,0.054365
2.1578e-33,0.048198,0.054405
2.0082e-33,0.048178,0.054444
1.8577e-33,0.048163,0.054483
1.7071e-33,0.048153,0.054523
1.557e-33,0.048146,0.054562
1.4078e-33,0.048144,0.0546
1.2601e-33,0.048146,0.054638
1.1145e-33,0.048152,0.054676
9.713e-34,0.048163,0.054712
8.3104e-34,0.048177,0.054748
6.9409e-34,0.048195,0.054783
5.6082e-34,0.048217,0.054816
4.3158e-34,0.048243,0.054848
3.0667e-34,0.048273,0.054878
1.8636e-34,0.048305,0.054907
7.0915e-35,0.048342,0.054934
-3.9462e-35,0.048381,0.054959
-1.4458e-34,0.048423,0.054983
-2.4428e-34,0.048469,0.055004
-3.3843e-34,0.048516,0.055023
-4.2692e-34,0.048567,0.055039
-5.0969e-34,0.04862,0.055053
-5.8668e-34,0.048674,0.055065
-6.5786e-34,0.048731,0.055074
-7.2322e-34,0.04879,0.05508
-7.8279e-34,0.048849,0.055084
-8.3661e-34,0.048911,0.055085
-8.8473e-34,0.048973,0.055083
-9.2723e-34,0.049036,0.055078
-9.6421e-34,0.0491,0.055071
-9.9578e-34,0.049165,0.05506
-1.0221e-33,0.049229,0.055047
-1.0432e-33,0.049294,0.05503
-1.0594e-33,0.049359,0.055011
-1.0707e-33,0.049423,0.054988
-1.0774e-33,0.049486,0.054963
-1.0796e-33,0.049549,0.054935
-1.0776e-33,0.04961,0.054904
-1.0715e-33,0.049671,0.054871
-1.0615e-33,0.04973,0.054834
-1.0479e-33,0.049787,0.054796
-1.0308e-33,0.049843,0.054754
-1.0105e-33,0.049896,0.054711
-9.8727e-34,0.049948,0.054665
-9.6122e-34,0.049997,0.054617
-9.3262e-34,0.050044,0.054566
-9.0168e-34,0.050088,0.054514
-8.6863e-34,0.05013,0.054461
-8.3368e-34,0.050168,0.054405
-7.9704e-34,0.050204,0.054348
-7.5893e-34,0.050237,0.05429
-7.1955e-34,0.050266,0.054231
-6.791e-34,0.050292,0.054171
-6.3777e-34,0.050315,0.05411
-5.9577e-34,0.050335,0.054049
-5.5326e-34,0.050351,0.053987
-5.1043e-34,0.050363,0.053926
-4.6746e-34,0.050372,0.053864
-4.2449e-34,0.050378,0.053802
-3.817e-34,0.05038,0.053741
-3.3923e-34,0.050379,0.053681
-2.9721e-34,0.050374,0.053621
-2.5579e-34,0.050366,0.053562
-2.1508e-34,0.050354,0.053505
-1.7521e-34,0.050339,0.053449
-1.3628e-34,0.050321,0.053394
-9.84e-35,0.0503,0.053342
-6.1656e-35,0.050276,0.053291
-2.6136e-35,0.050249,0.053242
8.0829e-36,0.050219,0.053196
4.0931e-35,0.050186,0.053152
7.2345e-35,0.050151,0.053111
1.0227e-34,0.050113,0.053072
1.3066e-34,0.050073,0.053036
1.5748e-34,0.050032,0.053003
1.8268e-34,0.049988,0.052973
2.0624e-34,0.049942,0.052947
2.2815e-34,0.049895,0.052923
2.4838e-34,0.049847,0.052903
2.6693e-34,0.049797,0.052886
2.8379e-34,0.049747,0.052873
2.9896e-34,0.049695,0.052863
3.1245e-34,0.049643,0.052856
3.2428e-34,0.049591,0.052853
3.3445e-34,0.049538,0.052853
3.43e-34,0.049486,0.052857
3.4993e-34,0.049433,0.052865
3.5528e-34,0.049381,0.052875
3.5908e-34,0.049329,0.052889
3.6136e-34,0.049278,0.052907
3.6217e-34,0.049227,0.052927
3.6153e-34,0.049178,0.052951
3.5949e-34,0.049129,0.052978
3.561e-34,0.049082,0.053008
3.5141e-34,0.049036,0.053041
3.4545e-34,0.048992,0.053076
3.3828e-34,0.048949,0.053114
3.2994e-34,0.048908,0.053155
3.205e-34,0.048868,0.053198
3.1001e-34,0.048831,0.053243
2.9851e-34,0.048795,0.05329
2.8606e-34,0.048762,0.053339
2.7273e-34,0.04873,0.05339
2.5855e-34,0.048701,0.053442
2.436e-34,0.048674,0.053496
2.2792e-34,0.048649,0.053551
2.1158e-34,0.048626,0.053608
1.9462e-34,0.048606,0.053665
1.7712e-34,0.048588,0.053723
1.5911e-34,0.048572,0.053781
1.4067e-34,0.048559,0.05384
1.2185e-34,0.048547,0.053899
1.027e-34,0.048538,0.053958
8.3291e-35,0.048532,0.054017
6.3667e-35,0.048527,0.054076
4.389e-35,0.048525,0.054134
2.4016e-35,0.048525,0.054191
4.1006e-36,0.048527,0.054248
-1.5799e-35,0.048531,0.054304
-3.5626e-35,0.048537,0.054359
-5.5325e-35,0.048545,0.054413
-7.4841e-35,0.048555,0.054465
-9.4117e-35,0.048567,0.054516
-1.131e-34,0.048581,0.054565
-1.3173e-34,0.048597,0.054613
-1.4995e-34,0.048614,0.054658
-1.6772e-34,0.048633,0.054702
-1.8497e-34,0.048654,0.054744
-2.0165e-34,0.048677,0.054783
-2.1771e-34,0.048701,0.054821
-2.3309e-34,0.048726,0.054855
-2.4774e-34,0.048753,0.054888
-2.616e-34,0.048781,0.054918
-2.7463e-34,0.048811,0.054945
-2.8677e-34,0.048842,0.05497
-2.9797e-34,0.048875,0.054992
-3.0818e-34,0.048908,0.055012
-3.1736e-34,0.048943,0.055028
-3.2544e-34,0.048979,0.055042
-3.324e-34,0.049016,0.055053
-3.3817e-34,0.049054,0.055062
-3.4271e-34,0.049093,0.055067
-3.4599e-34,0.049133,0.05507
-3.4795e-34,0.049174,0.05507
-3.4857e-34,0.049216,0.055067
-3.478e-34,0.049258,0.055062
-3.4561e-34,0.049302,0.055054
-3.4196e-34,0.049346,0.055043
-3.3683e-34,0.049391,0.055029
-3.3019e-34,0.049436,0.055013
-3.2201e-34,0.049482,0.054995
-3.1229e-34,0.049529,0.054974
-3.0099e-34,0.049576,0.05495
-2.881e-34,0.049623,0.054925
-2.7363e-34,0.049671,0.054897
-2.5755e-34,0.049719,0.054867
-2.3989e-34,0.049767,0.054835
-2.2063e-34,0.049816,0.054801
-1.9979e-34,0.049864,0.054765
-1.774e-34,0.049913,0.054727
-1.5346e-34,0.049961,0.054687
-1.28e-34,0.05001,0.054646
-1.0107e-34,0.050058,0.054603
-7.2694e-35,0.050106,0.054559
-4.2925e-35,0.050154,0.054513
-1.1816e-35,0.050201,0.054467
2.0575e-35,0.050248,0.054418
5.418e-35,0.050294,0.054369
8.8925e-35,0.05034,0.054319
1.2473e-34,0.050385,0.054268
1.6151e-34,0.050429,0.054216
1.9916e-34,0.050473,0.054163
2.3758e-34,0.050515,0.05411
2.7666e-34,0.050557,0.054056
3.1629e-34,0.050597,0.054001
3.5634e-34,0.050637,0.053947
3.9667e-34,0.050675,0.053892
4.3715e-34,0.050712,0.053836
4.7762e-34,0.050747,0.053781
5.1794e-34,0.050781,0.053725
5.5795e-34,0.050813,0.05367
5.9747e-34,0.050844,0.053614
6.3634e-34,0.050874,0.053559
6.7438e-34,0.050901,0.053504
7.1141e-34,0.050927,0.05345
7.4723e-34,0.050951,0.053396
7.8165e-34,0.050973,0.053342
8.1448e-34,0.050994,0.053289
8.4552e-34,0.051012,0.053237
8.7457e-34,0.051028,0.053185
9.0142e-34,0.051043,0.053135
9.2586e-34,0.051055,0.053085
9.4769e-34,0.051066,0.053036
9.667e-34,0.051074,0.052988
9.8269e-34,0.05108,0.052941
9.9545e-34,0.051084,0.052896
1.0048e-33,0.051086,0.052851
1.0105e-33,0.051086,0.052808
1.0124e-33,0.051084,0.052766
1.0103e-33,0.05108,0.052725
1.004e-33,0.051074,0.052686
9.9335e-34,0.051066,0.052648
9.7818e-34,0.051056,0.052612
9.5834e-34,0.051044,0.052577
9.3368e-34,0.05103,0.052544
9.0406e-34,0.051015,0.052512
8.6939e-34,0.050997,0.052481
8.2953e-34,0.050978,0.052452
7.8442e-34,0.050958,0.052425
7.3398e-34,0.050936,0.052399
6.7815e-34,0.050912,0.052375
6.1689e-34,0.050887,0.052352
5.502e-34,0.050861,0.052331
4.7806e-34,0.050833,0.052311
4.0052e-34,0.050805,0.052292
3.1762e-34,0.050775,0.052275
2.2944e-34,0.050745,0.05226
1.3606e-34,0.050714,0.052245
3.7612e-35,0.050682,0.052232
-6.5752e-35,0.05065,0.05222
-1.7386e-34,0.050617,0.05221
-2.865e-34,0.050584,0.0522
-4.0346e-34,0.050551,0.052191
-5.2446e-34,0.050517,0.052184
-6.4922e-34,0.050484,0.052177
-7.7742e-34,0.050451,0.052171
-9.0871e-34,0.050418,0.052166
-1.0427e-33,0.050385,0.052161
-1.179e-33,0.050353,0.052157
-1.3172e-33,0.050321,0.052154
-1.4569e-33,0.050291,0.052151
-1.5974e-33,0.050261,0.052148
-1.7383e-33,0.050231,0.052145
-1.8791e-33,0.050203,0.052142
-2.0191e-33,0.050176,0.05214
-2.1579e-33,0.050151,0.052137
-2.2947e-33,0.050126,0.052134
-2.4288e-33,0.050103,0.052131
-2.5598e-33,0.050081,0.052127
-2.6868e-33,0.050061,0.052123
-2.8091e-33,0.050043,0.052118
-2.9261e-33,0.050026,0.052113
-3.037e-33,0.050011,0.052107
-3.141e-33,0.049997,0.0521
-3.2374e-33,0.049986,0.052092
-3.3255e-33,0.049976,0.052083
-3.4044e-33,0.049968,0.052073
-3.4734e-33,0.049962,0.052062
-3.5317e-33,0.049958,0.05205
-3.5787e-33,0.049956,0.052036
-3.6135e-33,0.049955,0.052021
-3.6353e-33,0.049957,0.052004
-3.6436e-33,0.04996,0.051986
-3.6375e-33,0.049965,0.051966
-3.6164e-33,0.049972,0.051945
-3.5796e-33,0.049981,0.051922
-3.5266e-33,0.049991,0.051898
-3.4567e-33,0.050004,0.051871
-3.3694e-33,0.050017,0.051843
-3.2642e-33,0.050032,0.051813
-3.1406e-33,0.050049,0.051781
-2.9982e-33,0.050067,0.051747
-2.8367e-33,0.050087,0.051711
-2.6559e-33,0.050107,0.051673
-2.4553e-33,0.050129,0.051633
-2.235e-33,0.050152,0.051591
-1.9949e-33,0.050175,0.051547
-1.7348e-33,0.0502,0.051501
-1.455e-33,0.050225,0.051453
-1.1555e-33,0.050251,0.051403
-8.3663e-34,0.050277,0.051351
-4.9869e-34,0.050304,0.051297
-1.4211e-34,0.050331,0.05124
2.3257e-34,0.050358,0.051182
6.2475e-34,0.050386,0.051121
1.0337e-33,0.050413,0.051059
1.4586e-33,0.05044,0.050994
1.8984e-33,0.050467,0.050928
2.3523e-33,0.050494,0.050859
2.8189e-33,0.05052,0.050788
3.2971e-33,0.050546,0.050715
3.7855e-33,0.050571,0.050641
4.2827e-33,0.050596,0.050564
4.7869e-33,0.05062,0.050486
5.2966e-33,0.050643,0.050406
5.81e-33,0.050665,0.050324
6.3252e-33,0.050687,0.05024
6.8401e-33,0.050707,0.050155
7.3527e-33,0.050727,0.050068
7.8608e-33,0.050745,0.049979
8.3621e-33,0.050762,0.049889
8.8543e-33,0.050779,0.049798
9.3349e-33,0.050794,0.049706
9.8014e-33,0.050808,0.049612
1.0251e-32,0.05082,0.049517
1.0682e-32,0.050832,0.049422
1.109e-32,0.050842,0.049325
1.1474e-32,0.050851,0.049228
1.183e-32,0.050859,0.049131
1.2156e-32,0.050865,0.049033
1.2449e-32,0.05087,0.048935
1.2706e-32,0.050874,0.048837
1.2924e-32,0.050877,0.048739
1.3101e-32,0.050879,0.048641
1.3233e-32,0.050879,0.048544
1.3319e-32,0.050878,0.048447
1.3355e-32,0.050876,0.048352
1.3338e-32,0.050873,0.048257
1.3267e-32,0.050868,0.048164
1.3138e-32,0.050863,0.048072
1.2951e-32,0.050856,0.047982
1.2701e-32,0.050848,0.047894
1.2388e-32,0.05084,0.047808
1.2009e-32,0.05083,0.047725
1.1564e-32,0.050819,0.047644
1.1049e-32,0.050808,0.047566
1.0465e-32,0.050795,0.047491
9.809e-33,0.050781,0.047419
9.0814e-33,0.050767,0.04735
8.2813e-33,0.050752,0.047285
7.4084e-33,0.050736,0.047224
6.4624e-33,0.050719,0.047167
5.4438e-33,0.050701,0.047114
4.353e-33,0.050683,0.047066
3.1909e-33,0.050664,0.047021
1.9587e-33,0.050644,0.046982
6.579e-34,0.050623,0.046947
-7.0962e-34,0.050602,0.046917
-2.1416e-33,0.05058,0.046892
-3.6354e-33,0.050557,0.046872
-5.1881e-33,0.050534,0.046858
-6.7962e-33,0.05051,0.046848
-8.4561e-33,0.050485,0.046844
-1.0163e-32,0.05046,0.046844
-1.1914e-32,0.050434,0.04685
-1.3702e-32,0.050408,0.046862
-1.5523e-32,0.050381,0.046878
-1.7371e-32,0.050353,0.0469
-1.924e-32,0.050325,0.046926
-2.1123e-32,0.050296,0.046958
-2.3013e-32,0.050267,0.046994
-2.4903e-32,0.050237,0.047036
-2.6785e-32,0.050206,0.047082
-2.8652e-32,0.050175,0.047133
-3.0495e-32,0.050144,0.047188
-3.2306e-32,0.050112,0.047247
-3.4075e-32,0.050079,0.04731
-3.5793e-32,0.050046,0.047377
-3.7451e-32,0.050012,0.047448
-3.9039e-32,0.049978,0.047523
-4.0548e-32,0.049944,0.047601
-4.1967e-32,0.049909,0.047681
-4.3286e-32,0.049874,0.047765
-4.4495e-32,0.049839,0.047851
-4.5584e-32,0.049803,0.04794
-4.6541e-32,0.049767,0.048031
-4.7358e-32,0.049731,0.048124
-4.8024e-32,0.049695,0.048219
-4.8528e-32,0.049659,0.048315
-4.8861e-32,0.049623,0.048413
-4.9013e-32,0.049587,0.048511
-4.8973e-32,0.049551,0.048611
-4.8734e-32,0.049515,0.048711
-4.8286e-32,0.04948,0.048811
-4.7621e-32,0.049444,0.048911
-4.6731e-32,0.04941,0.049012
-4.5607e-32,0.049375,0.049112
-4.4244e-32,0.049341,0.049212
-4.2635e-32,0.049308,0.049311
-4.0774e-32,0.049276,0.049409
-3.8657e-32,0.049244,0.049506
-3.6279e-32,0.049213,0.049602
-3.3637e-32,0.049182,0.049697
-3.0729e-32,0.049153,0.04979
-2.7554e-32,0.049125,0.049881
-2.4111e-32,0.049097,0.049971
-2.0401e-32,0.049071,0.050059
-1.6426e-32,0.049046,0.050145
-1.2189e-32,0.049022,0.050229
-7.6935e-33,0.048999,0.05031
-2.9458e-33,0.048977,0.05039
2.0477e-33,0.048957,0.050466
7.2787e-33,0.048938,0.050541
1.2738e-32,0.04892,0.050613
1.8414e-32,0.048904,0.050682
2.4296e-32,0.048889,0.050749
3.0369e-32,0.048875,0.050813
3.6618e-32,0.048863,0.050875
4.3027e-32,0.048852,0.050934
4.9577e-32,0.048843,0.05099
5.625e-32,0.048834,0.051043
6.3023e-32,0.048828,0.051094
6.9875e-32,0.048822,0.051142
7.6782e-32,0.048818,0.051188
8.3719e-32,0.048815,0.051231
9.0659e-32,0.048813,0.051271
9.7574e-32,0.048812,0.051309
1.0443e-31,0.048812,0.051344
1.1121e-31,0.048814,0.051377
1.1787e-31,0.048816,0.051407
1.2438e-31,0.048819,0.051434
1.3071e-31,0.048823,0.05146
1.3682e-31,0.048828,0.051483
1.4268e-31,0.048834,0.051503
1.4826e-31,0.04884,0.051522
1.535e-31,0.048846,0.051538
1.5839e-31,0.048854,0.051552
1.6287e-31,0.048861,0.051563
1.6692e-31,0.048869,0.051573
1.7049e-31,0.048877,0.051581
1.7354e-31,0.048885,0.051586
1.7605e-31,0.048894,0.05159
1.7797e-31,0.048902,0.051592
1.7926e-31,0.04891,0.051592
1.7989e-31,0.048918,0.05159
1.7983e-31,0.048926,0.051586
1.7903e-31,0.048933,0.051581
1.7747e-31,0.04894,0.051574
1.7512e-31,0.048946,0.051565
1.7194e-31,0.048952,0.051555
1.6791e-31,0.048957,0.051543
1.63e-31,0.048962,0.05153
1.572e-31,0.048965,0.051515
1.5047e-31,0.048968,0.051498
1.428e-31,0.04897,0.051481
1.3417e-31,0.048971,0.051461
1.2458e-31,0.048971,0.051441
1.1402e-31,0.04897,0.051419
1.0247e-31,0.048967,0.051397
8.9937e-32,0.048963,0.051373
7.6424e-32,0.048958,0.051348
6.1938e-32,0.048952,0.051322
4.6488e-32,0.048944,0.051295
3.0088e-32,0.048935,0.051267
1.276e-32,0.048925,0.051238
-5.473e-33,0.048913,0.051208
-2.4582e-32,0.0489,0.051178
-4.4532e-32,0.048885,0.051147
-6.5285e-32,0.048869,0.051115
-8.6796e-32,0.048851,0.051083
-1.0901e-31,0.048832,0.051051
-1.3189e-31,0.048812,0.051018
-1.5535e-31,0.04879,0.050984
-1.7934e-31,0.048767,0.050951
-2.0379e-31,0.048742,0.050917
-2.2862e-31,0.048717,0.050883
-2.5375e-31,0.04869,0.050849
-2.7908e-31,0.048662,0.050815
-3.0454e-31,0.048633,0.050781
-3.3002e-31,0.048603,0.050748
-3.5542e-31,0.048573,0.050714
-3.8063e-31,0.048542,0.050681
-4.0554e-31,0.04851,0.050648
-4.3005e-31,0.048478,0.050616
-4.5401e-31,0.048445,0.050584
-4.7733e-31,0.048412,0.050553
-4.9986e-31,0.048379,0.050522
-5.2148e-31,0.048346,0.050492
-5.4205e-31,0.048314,0.050463
-5.6145e-31,0.048282,0.050435
-5.7953e-31,0.04825,0.050407
-5.9616e-31,0.048218,0.05038
-6.1119e-31,0.048188,0.050354
-6.245e-31,0.048158,0.050329
-6.3593e-31,0.04813,0.050305
-6.4536e-31,0.048103,0.050282
-6.5264e-31,0.048077,0.050259
-6.5764e-31,0.048053,0.050238
-6.6023e-31,0.04803,0.050218
-6.6027e-31,0.048009,0.050199
-6.5765e-31,0.04799,0.050181
-6.5224e-31,0.047972,0.050164
-6.4392e-31,0.047957,0.050147
-6.3259e-31,0.047945,0.050132
-6.1815e-31,0.047934,0.050118
-6.0049e-31,0.047926,0.050104
-5.7954e-31,0.047921,0.050092
-5.5521e-31,0.047918,0.05008
-5.2744e-31,0.047917,0.050069
-4.9617e-31,0.04792,0.050058
-4.6135e-31,0.047925,0.050049
-4.2295e-31,0.047933,0.050039
-3.8095e-31,0.047944,0.050031
-3.3535e-31,0.047957,0.050022
-2.8614e-31,0.047974,0.050014
-2.3335e-31,0.047993,0.050007
-1.7701e-31,0.048016,0.049999
-1.1719e-31,0.048041,0.049992
-5.395e-32,0.048069,0.049984
1.2625e-32,0.0481,0.049976
8.2426e-32,0.048133,0.049969
1.5533e-31,0.04817,0.049961
2.312e-31,0.048209,0.049952
3.0987e-31,0.048251,0.049943
3.9115e-31,0.048295,0.049934
4.7486e-31,0.048342,0.049924
5.6077e-31,0.048392,0.049913
6.4865e-31,0.048443,0.049901
7.3823e-31,0.048497,0.049889
8.2923e-31,0.048553,0.049875
9.2136e-31,0.048611,0.04986
1.0143e-30,0.048671,0.049845
1.1077e-30,0.048733,0.049828
1.2013e-30,0.048796,0.04981
1.2945e-30,0.048861,0.04979
1.3872e-30,0.048927,0.049769
1.4788e-30,0.048995,0.049747
1.5689e-30,0.049063,0.049723
1.6571e-30,0.049133,0.049698
1.743e-30,0.049203,0.049671
1.8261e-30,0.049274,0.049642
1.9058e-30,0.049346,0.049612
1.9818e-30,0.049418,0.04958
2.0535e-30,0.04949,0.049547
2.1204e-30,0.049562,0.049512
2.182e-30,0.049634,0.049475
2.2379e-30,0.049706,0.049437
2.2875e-30,0.049777,0.049398
2.3302e-30,0.049848,0.049356
2.3656e-30,0.049918,0.049314
2.3933e-30,0.049987,0.049269
2.4125e-30,0.050055,0.049224
2.423e-30,0.050122,0.049177
2.4242e-30,0.050188,0.049129
2.4157e-30,0.050252,0.04908
2.397e-30,0.050315,0.049029
2.3676e-30,0.050376,0.048978
2.3273e-30,0.050435,0.048926
2.2755e-30,0.050492,0.048873
2.212e-30,0.050548,0.048819
2.1364e-30,0.050601,0.048765
2.0485e-30,0.050651,0.048711
1.9479e-30,0.0507,0.048656
1.8345e-30,0.050746,0.048601
1.7082e-30,0.050789,0.048547
1.5686e-30,0.050829,0.048492
1.4159e-30,0.050867,0.048438
1.2499e-30,0.050902,0.048385
1.0707e-30,0.050935,0.048332
8.7838e-31,0.050964,0.04828
6.73e-31,0.05099,0.048229
4.5479e-31,0.051013,0.048179
2.2399e-31,0.051034,0.048131
-1.9076e-32,0.051051,0.048084
-2.7404e-31,0.051065,0.048038
-5.4044e-31,0.051076,0.047995
-8.1778e-31,0.051083,0.047954
-1.1055e-30,0.051088,0.047914
-1.4029e-30,0.051089,0.047877
-1.7092e-30,0.051088,0.047843
-2.0237e-30,0.051083,0.047811
-2.3456e-30,0.051075,0.047782
-2.6738e-30,0.051064,0.047755
-3.0073e-30,0.05105,0.047732
-3.3451e-30,0.051033,0.047711
-3.686e-30,0.051013,0.047694
-4.0288e-30,0.05099,0.04768
-4.3722e-30,0.050965,0.047669
-4.7148e-30,0.050937,0.047661
-5.0553e-30,0.050906,0.047657
-5.392e-30,0.050873,0.047656
-5.7235e-30,0.050838,0.047658
-6.0482e-30,0.0508,0.047664
-6.3644e-30,0.05076,0.047674
-6.6705e-30,0.050718,0.047687
-6.9647e-30,0.050675,0.047703
-7.2451e-30,0.050629,0.047722
-7.5101e-30,0.050582,0.047745
-7.7578e-30,0.050534,0.047771
-7.9863e-30,0.050484,0.0478
-8.1938e-30,0.050433,0.047832
-8.3783e-30,0.050381,0.047867
-8.5381e-30,0.050329,0.047904
-8.6712e-30,0.050276,0.047945
-8.7757e-30,0.050222,0.047987
-8.85e-30,0.050168,0.048032
-8.8921e-30,0.050114,0.04808
-8.9003e-30,0.05006,0.048129
-8.873e-30,0.050006,0.04818
-8.8084e-30,0.049953,0.048232
-8.705e-30,0.0499,0.048286
-8.5613e-30,0.049848,0.048341
-8.376e-30,0.049797,0.048397
-8.1476e-30,0.049747,0.048454
-7.8751e-30,0.049699,0.048512
-7.5572e-30,0.049651,0.048569
-7.1932e-30,0.049606,0.048627
-6.7822e-30,0.049561,0.048685
-6.3235e-30,0.049519,0.048742
-5.8166e-30,0.049479,0.048799
-5.2612e-30,0.049441,0.048855
-4.6573e-30,0.049405,0.04891
-4.0047e-30,0.049372,0.048963
-3.3039e-30,0.049341,0.049016
-2.5551e-30,0.049312,0.049066
-1.7592e-30,0.049286,0.049115
-9.1697e-31,0.049263,0.049162
-2.9548e-32,0.049243,0.049206
9.0169e-31,0.049226,0.049249
1.8751e-30,0.049211,0.049289
2.8889e-30,0.0492,0.049326
3.941e-30,0.049192,0.04936
5.0289e-30,0.049187,0.049391
6.15e-30,0.049185,0.04942
7.3015e-30,0.049186,0.049445
8.4801e-30,0.049191,0.049467
9.6825e-30,0.049198,0.049486
1.0905e-29,0.049209,0.049501
1.2144e-29,0.049223,0.049513
1.3394e-29,0.04924,0.049521
1.4652e-29,0.049261,0.049526
1.5912e-29,0.049284,0.049528
1.7171e-29,0.04931,0.049526
1.8421e-29,0.04934,0.04952
1.9659e-29,0.049372,0.049511
2.0879e-29,0.049407,0.049498
2.2074e-29,0.049445,0.049482
2.3238e-29,0.049486,0.049462
2.4366e-29,0.049529,0.04944
2.5451e-29,0.049574,0.049413
2.6486e-29,0.049622,0.049384
2.7466e-29,0.049672,0.049352
2.8382e-29,0.049724,0.049316
2.9229e-29,0.049778,0.049278
2.9999e-29,0.049834,0.049237
3.0686e-29,0.049892,0.049193
3.1283e-29,0.049951,0.049146
3.1783e-29,0.050011,0.049097
3.2178e-29,0.050073,0.049046
3.2463e-29,0.050135,0.048993
3.2631e-29,0.050199,0.048938
3.2675e-29,0.050263,0.048881
3.2589e-29,0.050328,0.048822
3.2367e-29,0.050393,0.048761
3.2004e-29,0.050458,0.0487
3.1493e-29,0.050523,0.048637
3.0829e-29,0.050588,0.048573
3.0008e-29,0.050653,0.048508
2.9026e-29,0.050717,0.048442
2.7877e-29,0.05078,0.048376
2.656e-29,0.050843,0.048309
2.507e-29,0.050904,0.048242
2.3405e-29,0.050965,0.048176
2.1564e-29,0.051024,0.048109
1.9545e-29,0.051081,0.048042
1.7347e-29,0.051137,0.047976
1.4971e-29,0.051191,0.047911
1.2418e-29,0.051243,0.047846
9.6882e-30,0.051293,0.047782
6.7852e-30,0.05134,0.047719
3.7118e-30,0.051386,0.047658
4.7208e-31,0.051428,0.047597
-2.9291e-30,0.051469,0.047538
-6.4859e-30,0.051506,0.047481
-1.0192e-29,0.051541,0.047425
-1.4039e-29,0.051573,0.047371
-1.8018e-29,0.051602,0.047319
-2.2121e-29,0.051628,0.047269
-2.6336e-29,0.051651,0.047221
-3.0653e-29,0.051671,0.047174
-3.5058e-29,0.051687,0.047131
-3.9538e-29,0.051701,0.047089
-4.4079e-29,0.051711,0.04705
-4.8665e-29,0.051718,0.047013
-5.328e-29,0.051722,0.046978
-5.7907e-29,0.051722,0.046946
-6.2528e-29,0.051719,0.046916
-6.7124e-29,0.051713,0.046889
-7.1674e-29,0.051704,0.046864
-7.6158e-29,0.051692,0.046841
-8.0556e-29,0.051677,0.046821
-8.4844e-29,0.051658,0.046803
-8.9e-29,0.051637,0.046788
-9.3001e-29,0.051612,0.046775
-9.6823e-29,0.051585,0.046764
-1.0044e-28,0.051555,0.046755
-1.0383e-28,0.051523,0.046748
-1.0697e-28,0.051487,0.046744
-1.0983e-28,0.051449,0.046741
-1.1239e-28,0.051409,0.04674
-1.1461e-28,0.051367,0.046741
-1.1649e-28,0.051322,0.046744
-1.1798e-28,0.051275,0.046748
-1.1908e-28,0.051227,0.046754
-1.1974e-28,0.051176,0.046761
-1.1995e-28,0.051124,0.04677
-1.1969e-28,0.051071,0.046779
-1.1893e-28,0.051016,0.04679
-1.1765e-28,0.050959,0.046801
-1.1584e-28,0.050902,0.046814
-1.1346e-28,0.050844,0.046827
-1.1051e-28,0.050785,0.04684
-1.0697e-28,0.050726,0.046854
-1.0282e-28,0.050666,0.046869
-9.8057e-29,0.050606,0.046883
-9.2657e-29,0.050545,0.046898
-8.6616e-29,0.050485,0.046913
-7.9928e-29,0.050425,0.046927
-7.2588e-29,0.050365,0.046942
-6.4592e-29,0.050306,0.046956
-5.5942e-29,0.050248,0.046969
-4.6639e-29,0.05019,0.046982
-3.669e-29,0.050134,0.046995
-2.6102e-29,0.050078,0.047007
-1.4888e-29,0.050024,0.047018
-3.0607e-30,0.049971,0.047028
9.361e-30,0.04992,0.047038
2.2356e-29,0.04987,0.047046
3.5901e-29,0.049822,0.047054
4.9968e-29,0.049776,0.04706
6.4525e-29,0.049732,0.047065
7.9539e-29,0.04969,0.04707
9.497e-29,0.04965,0.047073
1.1078e-28,0.049613,0.047075
1.2691e-28,0.049577,0.047075
1.4333e-28,0.049544,0.047075
1.5998e-28,0.049513,0.047073
1.768e-28,0.049485,0.04707
1.9373e-28,0.049459,0.047065
2.1072e-28,0.049436,0.04706
2.2768e-28,0.049415,0.047053
2.4457e-28,0.049396,0.047045
2.6129e-28,0.049379,0.047036
2.7779e-28,0.049365,0.047025
2.9397e-28,0.049354,0.047014
3.0976e-28,0.049344,0.047001
3.2507e-28,0.049337,0.046987
3.3982e-28,0.049332,0.046972
3.5393e-28,0.049328,0.046956
3.673e-28,0.049327,0.046939
3.7984e-28,0.049328,0.046921
3.9147e-28,0.04933,0.046902
4.0208e-28,0.049334,0.046882
4.1159e-28,0.04934,0.046861
4.199e-28,0.049347,0.046839
4.2693e-28,0.049355,0.046817
4.3257e-28,0.049365,0.046794
4.3675e-28,0.049375,0.04677
4.3936e-28,0.049387,0.046745
4.4033e-28,0.049399,0.04672
4.3956e-28,0.049412,0.046694
4.3698e-28,0.049426,0.046668
4.325e-28,0.04944,0.046641
4.2605e-28,0.049454,0.046614
4.1757e-28,0.049468,0.046587
4.0697e-28,0.049483,0.046559
3.9421e-28,0.049498,0.046531
3.7923e-28,0.049512,0.046503
3.6198e-28,0.049527,0.046475
3.4241e-28,0.049541,0.046446
3.205e-28,0.049554,0.046418
2.962e-28,0.049568,0.046389
2.6952e-28,0.04958,0.046361
2.4043e-28,0.049592,0.046332
2.0894e-28,0.049603,0.046304
1.7505e-28,0.049614,0.046276
1.3879e-28,0.049624,0.046248
1.0017e-28,0.049633,0.04622
5.9256e-29,0.049641,0.046193
1.6083e-29,0.049648,0.046166
-2.928e-29,0.049654,0.046139
-7.6759e-29,0.04966,0.046112
-1.2627e-28,0.049665,0.046086
-1.777e-28,0.049669,0.046061
-2.3095e-28,0.049672,0.046035
-2.8588e-28,0.049674,0.04601
-3.4237e-28,0.049676,0.045986
-4.0025e-28,0.049677,0.045962
-4.5936e-28,0.049677,0.045938
-5.1953e-28,0.049677,0.045915
-5.8056e-28,0.049676,0.045893
-6.4224e-28,0.049675,0.045871
-7.0437e-28,0.049674,0.045849
-7.6671e-28,0.049672,0.045828
-8.2902e-28,0.049671,0.045807
-8.9104e-28,0.049669,0.045786
-9.5251e-28,0.049667,0.045766
-1.0132e-27,0.049666,0.045746
-1.0727e-27,0.049664,0.045727
-1.1308e-27,0.049663,0.045708
-1.1873e-27,0.049663,0.045689
-1.2417e-27,0.049662,0.04567
-1.2937e-27,0.049663,0.045651
-1.3431e-27,0.049664,0.045633
-1.3895e-27,0.049666,0.045615
-1.4325e-27,0.049669,0.045596
-1.4719e-27,0.049673,0.045578
-1.5073e-27,0.049678,0.045559
-1.5383e-27,0.049684,0.045541
-1.5646e-27,0.049691,0.045522
-1.5859e-27,0.0497,0.045503
-1.6019e-27,0.049709,0.045483
-1.6121e-27,0.04972,0.045463
-1.6163e-27,0.049733,0.045443
-1.6142e-27,0.049746,0.045422
-1.6055e-27,0.049762,0.045401
-1.5898e-27,0.049778,0.045379
-1.5669e-27,0.049796,0.045357
-1.5366e-27,0.049815,0.045334
-1.4986e-27,0.049836,0.04531
-1.4526e-27,0.049858,0.045285
-1.3985e-27,0.049882,0.045259
-1.3361e-27,0.049907,0.045232
-1.2652e-27,0.049933,0.045205
-1.1857e-27,0.04996,0.045176
-1.0975e-27,0.049988,0.045147
-1.0005e-27,0.050018,0.045116
-8.9469e-28,0.050049,0.045084
-7.8004e-28,0.05008,0.045052
-6.566e-28,0.050113,0.045018
-5.2442e-28,0.050146,0.044983
-3.8362e-28,0.05018,0.044946
-2.3433e-28,0.050215,0.044909
-7.6739e-29,0.050251,0.04487
8.892e-29,0.050286,0.044831
2.6238e-28,0.050322,0.04479
4.4331e-28,0.050359,0.044748
6.3137e-28,0.050395,0.044705
8.2613e-28,0.050432,0.044661
1.0271e-27,0.050468,0.044616
1.2339e-27,0.050504,0.044571
1.4458e-27,0.05054,0.044524
1.6624e-27,0.050575,0.044476
1.8829e-27,0.05061,0.044428
2.1066e-27,0.050644,0.044379
2.3328e-27,0.050678,0.044329
2.5607e-27,0.050711,0.044279
2.7895e-27,0.050742,0.044228
3.0183e-27,0.050773,0.044177
3.2461e-27,0.050802,0.044125
3.4721e-27,0.050831,0.044073
3.6951e-27,0.050858,0.044021
3.9141e-27,0.050883,0.04397
4.1281e-27,0.050907,0.043918
4.336e-27,0.050929,0.043866
4.5366e-27,0.05095,0.043815
4.7287e-27,0.050969,0.043764
4.9111e-27,0.050986,0.043714
5.0826e-27,0.051002,0.043664
5.2421e-27,0.051015,0.043615
5.3882e-27,0.051026,0.043566
5.5197e-27,0.051036,0.043519
5.6354e-27,0.051043,0.043473
5.7339e-27,0.051048,0.043427
5.8142e-27,0.051052,0.043383
5.8748e-27,0.051053,0.04334
5.9148e-27,0.051051,0.043299
5.9327e-27,0.051048,0.043259
5.9276e-27,0.051042,0.043221
5.8982e-27,0.051034,0.043184
5.8435e-27,0.051024,0.043149
5.7625e-27,0.051012,0.043115
5.6543e-27,0.050997,0.043084
5.5178e-27,0.05098,0.043054
5.3523e-27,0.050961,0.043027
5.157e-27,0.050939,0.043001
4.9312e-27,0.050915,0.042977
4.6744e-27,0.050889,0.042955
4.386e-27,0.050861,0.042936
4.0657e-27,0.050831,0.042918
3.7132e-27,0.050798,0.042902
3.3283e-27,0.050763,0.042889
2.911e-27,0.050726,0.042877
2.4614e-27,0.050687,0.042868
1.9796e-27,0.050646,0.04286
1.4662e-27,0.050603,0.042855
9.2153e-28,0.050558,0.042851
3.4632e-28,0.050511,0.042849
-2.5861e-28,0.050462,0.042849
-8.9228e-28,0.050411,0.04285
-1.5535e-27,0.050358,0.042853
-2.2411e-27,0.050304,0.042858
-2.9534e-27,0.050247,0.042864
-3.6889e-27,0.050189,0.042871
-4.4457e-27,0.050129,0.04288
-5.2217e-27,0.050068,0.042889
-6.0149e-27,0.050005,0.0429
-6.8228e-27,0.049941,0.042911
-7.6428e-27,0.049875,0.042923
-8.4724e-27,0.049808,0.042935
-9.3085e-27,0.04974,0.042948
-1.0148e-26,0.04967,0.042961
-1.0988e-26,0.049599,0.042974
-1.1825e-26,0.049528,0.042987
-1.2655e-26,0.049455,0.042999
-1.3475e-26,0.049381,0.043011
-1.4281e-26,0.049307,0.043022
-1.5069e-26,0.049231,0.043033
-1.5835e-26,0.049155,0.043043
-1.6574e-26,0.049079,0.043052
-1.7283e-26,0.049002,0.043059
-1.7957e-26,0.048924,0.043065
-1.8591e-26,0.048846,0.04307
-1.9182e-26,0.048768,0.043073
-1.9723e-26,0.04869,0.043074
-2.0212e-26,0.048612,0.043073
-2.0643e-26,0.048534,0.04307
-2.1012e-26,0.048455,0.043066
-2.1314e-26,0.048378,0.043059
-2.1545e-26,0.0483,0.04305
-2.17e-26,0.048223,0.043038
-2.1775e-26,0.048146,0.043025
-2.1766e-26,0.04807,0.043008
-2.1668e-26,0.047995,0.04299
-2.1478e-26,0.04792,0.042969
-2.1191e-26,0.047846,0.042945
-2.0805e-26,0.047773,0.042919
-2.0315e-26,0.047701,0.04289
-1.9719e-26,0.04763,0.042859
-1.9014e-26,0.04756,0.042826
-1.8198e-26,0.047492,0.04279
-1.7268e-26,0.047425,0.042752
-1.6222e-26,0.047359,0.042711
-1.5059e-26,0.047294,0.042668
-1.3778e-26,0.047231,0.042624
-1.2378e-26,0.047169,0.042577
-1.0859e-26,0.047109,0.042528
-9.2213e-27,0.047051,0.042477
-7.4658e-27,0.046994,0.042425
-5.5936e-27,0.046938,0.042371
-3.6066e-27,0.046885,0.042316
-1.5072e-27,0.046833,0.04226
7.0165e-28,0.046783,0.042202
3.0165e-27,0.046735,0.042144
5.433e-27,0.046688,0.042085
7.9467e-27,0.046643,0.042026
1.0552e-26,0.0466,0.041966
1.3243e-26,0.046559,0.041906
1.6013e-26,0.04652,0.041847
1.8854e-26,0.046483,0.041787
2.1759e-26,0.046447,0.041729
2.4719e-26,0.046413,0.04167
2.7725e-26,0.046381,0.041613
3.0767e-26,0.046351,0.041557
3.3835e-26,0.046323,0.041503
3.6916e-26,0.046297,0.04145
4e-26,0.046272,0.041399
4.3074e-26,0.04625,0.04135
4.6125e-26,0.046229,0.041303
4.914e-26,0.04621,0.041259
5.2105e-26,0.046193,0.041217
5.5005e-26,0.046178,0.041178
5.7826e-26,0.046165,0.041143
6.0551e-26,0.046154,0.04111
6.3166e-26,0.046145,0.041081
6.5654e-26,0.046138,0.041055
6.7999e-26,0.046133,0.041033
7.0185e-26,0.04613,0.041014
7.2194e-26,0.046129,0.040999
7.4011e-26,0.04613,0.040989
7.5618e-26,0.046133,0.040982
7.6998e-26,0.046138,0.040979
7.8134e-26,0.046145,0.04098
7.9011e-26,0.046155,0.040986
7.9611e-26,0.046167,0.040996
7.9919e-26,0.046181,0.041009
7.9919e-26,0.046197,0.041027
7.9596e-26,0.046216,0.041049
7.8935e-26,0.046237,0.041076
7.7922e-26,0.04626,0.041106
7.6544e-26,0.046285,0.04114
7.4789e-26,0.046313,0.041177
7.2645e-26,0.046344,0.041219
7.0102e-26,0.046376,0.041264
6.715e-26,0.046411,0.041312
6.3781e-26,0.046449,0.041364
5.9989e-26,0.046488,0.041419
5.5767e-26,0.04653,0.041477
5.1111e-26,0.046575,0.041537
4.602e-26,0.046621,0.0416
4.0492e-26,0.04667,0.041666
3.4528e-26,0.046722,0.041734
2.8131e-26,0.046775,0.041804
2.1305e-26,0.04683,0.041875
1.4056e-26,0.046888,0.041948
6.3941e-27,0.046947,0.042023
-1.6712e-27,0.047008,0.042098
-1.0127e-26,0.047072,0.042174
-1.8958e-26,0.047137,0.042252
-2.8147e-26,0.047203,0.042329
-3.7675e-26,0.047271,0.042407
-4.752e-26,0.04734,0.042485
-5.7657e-26,0.047411,0.042563
-6.806e-26,0.047483,0.04264
-7.8701e-26,0.047556,0.042717
-8.9547e-26,0.04763,0.042793
-1.0057e-25,0.047704,0.042868
-1.1172e-25,0.047779,0.042942
-1.2297e-25,0.047855,0.043015
-1.3428e-25,0.04793,0.043087
-1.456e-25,0.048006,0.043157
-1.5689e-25,0.048082,0.043225
-1.681e-25,0.048157,0.043291
-1.7919e-25,0.048233,0.043356
-1.9009e-25,0.048307,0.043418
-2.0077e-25,0.04838,0.043479
-2.1116e-25,0.048453,0.043537
-2.212e-25,0.048525,0.043593
-2.3085e-25,0.048595,0.043647
-2.4004e-25,0.048663,0.043698
-2.4871e-25,0.04873,0.043747
-2.568e-25,0.048795,0.043793
-2.6425e-25,0.048858,0.043837
-2.7099e-25,0.048919,0.043878
-2.7698e-25,0.048978,0.043917
-2.8214e-25,0.049034,0.043954
-2.8641e-25,0.049087,0.043988
-2.8974e-25,0.049138,0.04402
-2.9205e-25,0.049186,0.04405
-2.9331e-25,0.049231,0.044077
-2.9343e-25,0.049273,0.044102
-2.9238e-25,0.049312,0.044125
-2.9009e-25,0.049347,0.044146
-2.8651e-25,0.04938,0.044165
-2.816e-25,0.049408,0.044183
-2.7532e-25,0.049434,0.044198
-2.676e-25,0.049456,0.044212
-2.5843e-25,0.049475,0.044224
-2.4776e-25,0.04949,0.044236
-2.3556e-25,0.049502,0.044245
-2.2181e-25,0.049511,0.044254
-2.0648e-25,0.049516,0.044262
-1.8957e-25,0.049518,0.044269
-1.7105e-25,0.049517,0.044275
-1.5094e-25,0.049513,0.044281
-1.2922e-25,0.049505,0.044286
-1.0591e-25,0.049495,0.044291
-8.1019e-26,0.049482,0.044296
-5.4579e-26,0.049466,0.0443
-2.6616e-26,0.049448,0.044305
2.8314e-27,0.049428,0.04431
3.3717e-26,0.049405,0.044315
6.5987e-26,0.04938,0.044321
9.958e-26,0.049353,0.044328
1.3442e-25,0.049325,0.044335
1.7044e-25,0.049295,0.044343
2.0754e-25,0.049264,0.044351
2.4563e-25,0.049231,0.044361
2.846e-25,0.049198,0.044372
3.2434e-25,0.049163,0.044384
3.6472e-25,0.049128,0.044397
4.0562e-25,0.049093,0.044411
4.4689e-25,0.049057,0.044427
4.8838e-25,0.049022,0.044444
5.2995e-25,0.048986,0.044463
5.7142e-25,0.048951,0.044483
6.1262e-25,0.048916,0.044504
6.5337e-25,0.048882,0.044527
6.9348e-25,0.048848,0.044551
7.3277e-25,0.048816,0.044577
7.7103e-25,0.048785,0.044604
8.0805e-25,0.048754,0.044633
8.4363e-25,0.048726,0.044663
8.7755e-25,0.048698,0.044695
9.0959e-25,0.048672,0.044727
9.3953e-25,0.048648,0.044761
9.6715e-25,0.048626,0.044797
9.9222e-25,0.048605,0.044833
1.0145e-24,0.048586,0.04487
1.0338e-24,0.048569,0.044909
1.0498e-24,0.048554,0.044948
1.0624e-24,0.048542,0.044988
1.0714e-24,0.048531,0.045029
1.0764e-24,0.048522,0.045071
1.0773e-24,0.048516,0.045113
1.0739e-24,0.048511,0.045156
1.066e-24,0.048509,0.045199
1.0534e-24,0.048509,0.045242
1.036e-24,0.04851,0.045285
1.0134e-24,0.048514,0.045328
9.8569e-25,0.04852,0.045372
9.5261e-25,0.048528,0.045415
9.1404e-25,0.048537,0.045457
8.6988e-25,0.048549,0.0455
8.2003e-25,0.048562,0.045542
7.644e-25,0.048578,0.045583
7.0295e-25,0.048594,0.045623
6.3562e-25,0.048613,0.045663
5.6242e-25,0.048633,0.045702
4.8333e-25,0.048654,0.045739
3.9839e-25,0.048677,0.045776
3.0766e-25,0.048701,0.045812
2.1122e-25,0.048727,0.045846
1.0918e-25,0.048753,0.045879
1.6692e-27,0.048781,0.04591
-1.1114e-25,0.048809,0.045941
-2.2906e-25,0.048839,0.045969
-3.5185e-25,0.048869,0.045996
-4.7927e-25,0.0489,0.046022
-6.1103e-25,0.048932,0.046046
-7.468e-25,0.048964,0.046069
-8.8624e-25,0.048997,0.046089
-1.029e-24,0.04903,0.046109
-1.1746e-24,0.049063,0.046126
-1.3226e-24,0.049097,0.046142
-1.4725e-24,0.049131,0.046156
-1.6239e-24,0.049165,0.046169
-1.7762e-24,0.049199,0.04618
-1.9287e-24,0.049233,0.04619
-2.081e-24,0.049268,0.046197
-2.2324e-24,0.049302,0.046204
-2.3822e-24,0.049336,0.046209
-2.5298e-24,0.04937,0.046212
-2.6743e-24,0.049403,0.046214
-2.8152e-24,0.049437,0.046215
-2.9517e-24,0.04947,0.046215
-3.0829e-24,0.049503,0.046213
-3.2081e-24,0.049536,0.04621
-3.3265e-24,0.049568,0.046205
-3.4373e-24,0.0496,0.0462
-3.5397e-24,0.049631,0.046194
-3.6328e-24,0.049663,0.046186
-3.7157e-24,0.049694,0.046178
-3.7878e-24,0.049724,0.046169
-3.848e-24,0.049754,0.046159
-3.8957e-24,0.049784,0.046148
-3.9299e-24,0.049813,0.046136
-3.95e-24,0.049843,0.046124
-3.9551e-24,0.049871,0.04611
-3.9444e-24,0.0499,0.046097
-3.9173e-24,0.049928,0.046082
-3.8729e-24,0.049956,0.046067
-3.8108e-24,0.049984,0.046052
-3.7301e-24,0.050011,0.046036
-3.6304e-24,0.050038,0.046019
-3.5111e-24,0.050065,0.046003
-3.3718e-24,0.050092,0.045985
-3.2119e-24,0.050119,0.045967
-3.0312e-24,0.050145,0.045949
-2.8294e-24,0.050171,0.045931
-2.6061e-24,0.050198,0.045912
-2.3613e-24,0.050224,0.045893
-2.095e-24,0.05025,0.045873
-1.807e-24,0.050276,0.045854
-1.4975e-24,0.050302,0.045834
-1.1668e-24,0.050328,0.045813
-8.1504e-25,0.050353,0.045793
-4.4267e-25,0.050379,0.045772
-5.0177e-26,0.050405,0.045751
3.6185e-25,0.05043,0.04573
7.927e-25,0.050456,0.045709
1.2416e-24,0.050481,0.045687
1.7075e-24,0.050507,0.045665
2.1895e-24,0.050532,0.045643
2.6863e-24,0.050557,0.045621
3.1968e-24,0.050582,0.045599
3.7195e-24,0.050606,0.045576
4.2528e-24,0.05063,0.045554
4.7953e-24,0.050654,0.045531
5.345e-24,0.050678,0.045508
5.9002e-24,0.050701,0.045484
6.4589e-24,0.050724,0.045461
7.019e-24,0.050746,0.045438
7.5783e-24,0.050768,0.045414
8.1345e-24,0.05079,0.04539
8.6851e-24,0.05081,0.045366
9.2278e-24,0.05083,0.045342
9.7599e-24,0.05085,0.045317
1.0279e-23,0.050868,0.045293
1.0781e-23,0.050886,0.045268
1.1265e-23,0.050903,0.045243
1.1728e-23,0.050919,0.045218
1.2165e-23,0.050934,0.045193
1.2575e-23,0.050948,0.045168
1.2954e-23,0.050961,0.045142
1.33e-23,0.050973,0.045116
1.3609e-23,0.050984,0.04509
1.3878e-23,0.050994,0.045064
1.4104e-23,0.051003,0.045037
1.4284e-23,0.051011,0.04501
1.4415e-23,0.051018,0.044983
1.4495e-23,0.051023,0.044956
1.4519e-23,0.051028,0.044929
1.4487e-23,0.051031,0.044901
1.4394e-23,0.051033,0.044873
1.4238e-23,0.051034,0.044844
1.4017e-23,0.051034,0.044816
1.3729e-23,0.051033,0.044787
1.337e-23,0.05103,0.044758
1.294e-23,0.051027,0.044728
1.2437e-23,0.051022,0.044699
1.1858e-23,0.051017,0.044669
1.1204e-23,0.05101,0.044638
1.0471e-23,0.051003,0.044608
9.6601e-24,0.050994,0.044577
8.7702e-24,0.050985,0.044546
7.801e-24,0.050974,0.044515
6.7525e-24,0.050963,0.044483
5.6252e-24,0.050951,0.044451
4.4195e-24,0.050938,0.04442
3.1366e-24,0.050924,0.044387
1.7779e-24,0.05091,0.044355
3.4504e-25,0.050895,0.044323
-1.1597e-24,0.050879,0.044291
-2.7339e-24,0.050862,0.044258
-4.3746e-24,0.050844,0.044226
-6.0783e-24,0.050826,0.044193
-7.8414e-24,0.050808,0.044161
-9.6596e-24,0.050788,0.044129
-1.1528e-23,0.050768,0.044096
-1.3442e-23,0.050747,0.044064
-1.5396e-23,0.050725,0.044033
-1.7384e-23,0.050703,0.044001
-1.94e-23,0.05068,0.04397
-2.1436e-23,0.050656,0.043939
-2.3486e-23,0.050632,0.043909
-2.5542e-23,0.050606,0.043879
-2.7595e-23,0.05058,0.04385
-2.9639e-23,0.050553,0.043822
-3.1663e-23,0.050525,0.043794
-3.3658e-23,0.050496,0.043767
-3.5616e-23,0.050467,0.043741
-3.7527e-23,0.050436,0.043716
-3.9379e-23,0.050404,0.043692
-4.1164e-23,0.050371,0.043669
-4.287e-23,0.050337,0.043647
-4.4486e-23,0.050302,0.043626
-4.6003e-23,0.050265,0.043607
-4.7408e-23,0.050228,0.04359
-4.869e-23,0.050189,0.043574
-4.9839e-23,0.050149,0.043559
-5.0843e-23,0.050108,0.043546
-5.169e-23,0.050065,0.043536
-5.2371e-23,0.050021,0.043527
-5.2873e-23,0.049976,0.04352
-5.3186e-23,0.049929,0.043515
-5.3299e-23,0.049881,0.043513
-5.3202e-23,0.049832,0.043513
-5.2886e-23,0.049782,0.043516
-5.234e-23,0.04973,0.043521
-5.1556e-23,0.049677,0.043528
-5.0524e-23,0.049622,0.043539
-4.9237e-23,0.049567,0.043552
-4.7688e-23,0.04951,0.043568
-4.587e-23,0.049453,0.043588
-4.3777e-23,0.049394,0.04361
-4.1403e-23,0.049335,0.043636
-3.8745e-23,0.049275,0.043665
-3.58e-23,0.049214,0.043697
-3.2565e-23,0.049152,0.043732
-2.9039e-23,0.04909,0.043771
-2.5222e-23,0.049028,0.043814
-2.1115e-23,0.048965,0.04386
-1.6721e-23,0.048902,0.04391
-1.2042e-23,0.04884,0.043963
-7.0844e-24,0.048777,0.04402
-1.8539e-24,0.048715,0.04408
3.6416e-24,0.048654,0.044144
9.393e-24,0.048593,0.044212
1.539e-23,0.048533,0.044283
2.1619e-23,0.048475,0.044358
2.8068e-23,0.048417,0.044436
3.4721e-23,0.048361,0.044518
4.1561e-23,0.048307,0.044603
4.857e-23,0.048255,0.044691
5.5728e-23,0.048204,0.044783
6.3013e-23,0.048156,0.044877
7.0402e-23,0.04811,0.044975
7.787e-23,0.048067,0.045075
8.539e-23,0.048027,0.045178
9.2936e-23,0.047989,0.045284
1.0048e-22,0.047955,0.045392
1.0798e-22,0.047924,0.045503
1.1542e-22,0.047897,0.045616
1.2276e-22,0.047873,0.04573
1.2997e-22,0.047853,0.045847
1.37e-22,0.047837,0.045965
1.4383e-22,0.047825,0.046084
1.5041e-22,0.047817,0.046205
1.567e-22,0.047813,0.046327
1.6267e-22,0.047813,0.046449
1.6828e-22,0.047818,0.046572
1.7349e-22,0.047827,0.046695
1.7825e-22,0.04784,0.046819
1.8252e-22,0.047858,0.046943
1.8626e-22,0.04788,0.047066
1.8944e-22,0.047907,0.047188
1.9201e-22,0.047938,0.04731
1.9392e-22,0.047973,0.047431
1.9515e-22,0.048012,0.047551
1.9565e-22,0.048056,0.047669
1.9538e-22,0.048103,0.047786
1.9431e-22,0.048155,0.047901
1.924e-22,0.04821,0.048014
1.8961e-22,0.048268,0.048124
1.8593e-22,0.04833,0.048232
1.8131e-22,0.048396,0.048337
1.7573e-22,0.048464,0.048439
1.6916e-22,0.048535,0.048539
1.6159e-22,0.048609,0.048635
1.5299e-22,0.048685,0.048727
1.4335e-22,0.048764,0.048816
1.3265e-22,0.048844,0.048901
1.2089e-22,0.048926,0.048982
1.0807e-22,0.04901,0.049059
9.417e-23,0.049095,0.049132
7.9209e-23,0.049181,0.0492
6.3192e-23,0.049267,0.049264
4.613e-23,0.049355,0.049324
2.8042e-23,0.049442,0.049378
8.9498e-24,0.049529,0.049428
-1.1119e-23,0.049617,0.049473
-3.2131e-23,0.049703,0.049513
-5.4047e-23,0.049789,0.049548
-7.6825e-23,0.049874,0.049578
-1.0041e-22,0.049958,0.049603
-1.2476e-22,0.05004,0.049623
-1.4979e-22,0.050121,0.049637
-1.7546e-22,0.0502,0.049647
-2.0168e-22,0.050277,0.049652
-2.2837e-22,0.050352,0.049651
-2.5546e-22,0.050424,0.049645
-2.8285e-22,0.050494,0.049635
-3.1044e-22,0.05056,0.049619
-3.3813e-22,0.050625,0.049599
-3.6582e-22,0.050685,0.049574
-3.934e-22,0.050743,0.049544
-4.2074e-22,0.050798,0.049509
-4.4773e-22,0.050849,0.04947
-4.7423e-22,0.050897,0.049427
-5.0013e-22,0.050941,0.04938
-5.2527e-22,0.050981,0.049328
-5.4953e-22,0.051018,0.049272
-5.7277e-22,0.05105,0.049213
-5.9483e-22,0.051079,0.04915
-6.1557e-22,0.051105,0.049083
-6.3484e-22,0.051126,0.049014
-6.525e-22,0.051143,0.048941
-6.6838e-22,0.051157,0.048865
-6.8235e-22,0.051167,0.048786
-6.9424e-22,0.051172,0.048704
-7.0392e-22,0.051174,0.048621
-7.1122e-22,0.051173,0.048535
-7.1601e-22,0.051167,0.048447
-7.1813e-22,0.051158,0.048357
-7.1746e-22,0.051145,0.048265
-7.1385e-22,0.051129,0.048172
-7.0718e-22,0.051109,0.048078
-6.9732e-22,0.051086,0.047983
-6.8416e-22,0.05106,0.047887
-6.6758e-22,0.05103,0.04779
-6.4748e-22,0.050998,0.047693
-6.2378e-22,0.050962,0.047595
-5.9639e-22,0.050923,0.047498
-5.6523e-22,0.050882,0.0474
-5.3026e-22,0.050838,0.047303
-4.9142e-22,0.050792,0.047206
-4.4868e-22,0.050743,0.04711
-4.0203e-22,0.050692,0.047014
-3.5145e-22,0.050639,0.04692
-2.9695e-22,0.050584,0.046826
-2.3858e-22,0.050526,0.046734
-1.7636e-22,0.050468,0.046643
-1.1037e-22,0.050407,0.046554
-4.0682e-23,0.050345,0.046467
3.2602e-23,0.050282,0.046381
1.0936e-22,0.050217,0.046297
1.8946e-22,0.050151,0.046215
2.7274e-22,0.050084,0.046135
3.5901e-22,0.050017,0.046057
4.4808e-22,0.049948,0.045982
5.3973e-22,0.049879,0.045909
6.337e-22,0.049809,0.045839
7.2974e-22,0.049739,0.045771
8.2756e-22,0.049669,0.045705
9.2685e-22,0.049598,0.045643
1.0273e-21,0.049528,0.045583
1.1285e-21,0.049457,0.045525
1.2301e-21,0.049386,0.04547
1.3318e-21,0.049316,0.045418
1.4331e-21,0.049246,0.045369
1.5336e-21,0.049177,0.045322
1.6328e-21,0.049108,0.045278
1.7303e-21,0.049039,0.045237
1.8257e-21,0.048971,0.045198
1.9183e-21,0.048905,0.045162
2.0077e-21,0.048838,0.045128
2.0934e-21,0.048773,0.045097
2.1749e-21,0.048709,0.045069
2.2516e-21,0.048646,0.045042
2.323e-21,0.048585,0.045018
2.3885e-21,0.048524,0.044996
2.4475e-21,0.048465,0.044976
2.4996e-21,0.048407,0.044959
2.5441e-21,0.04835,0.044943
2.5805e-21,0.048295,0.044929
2.6083e-21,0.048242,0.044916
2.6269e-21,0.04819,0.044906
2.6358e-21,0.04814,0.044897
2.6345e-21,0.048091,0.044889
2.6225e-21,0.048044,0.044882
2.5992e-21,0.047999,0.044877
2.5643e-21,0.047955,0.044873
2.5173e-21,0.047913,0.044869
2.4579e-21,0.047873,0.044867
2.3855e-21,0.047835,0.044865
2.3e-21,0.047798,0.044863
2.2009e-21,0.047763,0.044863
2.0881e-21,0.04773,0.044862
1.9612e-21,0.047699,0.044862
1.8202e-21,0.047669,0.044862
1.6649e-21,0.047642,0.044862
1.4952e-21,0.047615,0.044862
1.3111e-21,0.047591,0.044863
1.1126e-21,0.047568,0.044862
8.9988e-22,0.047547,0.044862
6.7302e-22,0.047527,0.044862
4.3227e-22,0.047509,0.044861
1.7792e-22,0.047493,0.04486
-8.9675e-23,0.047478,0.044858
-3.7009e-22,0.047464,0.044856
-6.6281e-22,0.047452,0.044854
-9.6726e-22,0.047442,0.044851
-1.2828e-21,0.047432,0.044847
-1.6087e-21,0.047424,0.044843
-1.9441e-21,0.047418,0.044839
-2.2882e-21,0.047412,0.044834
-2.64e-21,0.047408,0.044829
-2.9984e-21,0.047405,0.044823
-3.3623e-21,0.047403,0.044817
-3.7306e-21,0.047402,0.044811
-4.1019e-21,0.047402,0.044804
-4.4749e-21,0.047403,0.044797
-4.8482e-21,0.047406,0.044789
-5.2203e-21,0.047409,0.044782
-5.5896e-21,0.047413,0.044774
-5.9544e-21,0.047419,0.044766
-6.3132e-21,0.047425,0.044758
-6.664e-21,0.047433,0.04475
-7.0052e-21,0.047441,0.044742
-7.3349e-21,0.04745,0.044734
-7.6512e-21,0.047461,0.044727
-7.9521e-21,0.047472,0.044719
-8.2356e-21,0.047484,0.044712
-8.4998e-21,0.047498,0.044705
-8.7427e-21,0.047512,0.044698
-8.9621e-21,0.047527,0.044691
-9.1562e-21,0.047544,0.044685
-9.3227e-21,0.047561,0.044679
-9.4598e-21,0.04758,0.044673
-9.5653e-21,0.0476,0.044668
-9.6374e-21,0.04762,0.044663
-9.674e-21,0.047642,0.044659
-9.6734e-21,0.047665,0.044655
-9.6335e-21,0.047689,0.044651
-9.5528e-21,0.047715,0.044648
-9.4295e-21,0.047741,0.044645
-9.2619e-21,0.047769,0.044642
-9.0487e-21,0.047797,0.04464
-8.7884e-21,0.047827,0.044638
-8.4797e-21,0.047858,0.044636
-8.1215e-21,0.047891,0.044634
-7.7128e-21,0.047924,0.044633
-7.2529e-21,0.047958,0.044631
-6.7409e-21,0.047994,0.04463
-6.1765e-21,0.048031,0.044628
-5.5593e-21,0.048069,0.044627
-4.8892e-21,0.048107,0.044625
-4.1664e-21,0.048147,0.044624
-3.3912e-21,0.048188,0.044622
-2.564e-21,0.048229,0.04462
-1.6858e-21,0.048272,0.044617
-7.5747e-22,0.048315,0.044614
2.1961e-22,0.048359,0.044611
1.2439e-21,0.048404,0.044608
2.3136e-21,0.048449,0.044604
3.4267e-21,0.048494,0.044599
4.5806e-21,0.048541,0.044594
5.7729e-21,0.048587,0.044589
7.0006e-21,0.048634,0.044583
8.2604e-21,0.048681,0.044577
9.5488e-21,0.048728,0.04457
1.0862e-20,0.048775,0.044563
1.2196e-20,0.048822,0.044555
1.3546e-20,0.048868,0.044547
1.4908e-20,0.048915,0.044538
1.6277e-20,0.048961,0.04453
1.7648e-20,0.049006,0.044521
1.9014e-20,0.049051,0.044511
2.0371e-20,0.049095,0.044502
2.1713e-20,0.049139,0.044492
2.3032e-20,0.049181,0.044483
2.4324e-20,0.049222,0.044474
2.5581e-20,0.049263,0.044465
2.6796e-20,0.049302,0.044456
2.7963e-20,0.049339,0.044447
2.9074e-20,0.049375,0.044439
3.0122e-20,0.04941,0.044432
3.11e-20,0.049443,0.044425
3.2e-20,0.049474,0.04442
3.2815e-20,0.049504,0.044415
3.3538e-20,0.049532,0.044411
3.4161e-20,0.049557,0.044409
3.4676e-20,0.049581,0.044408
3.5077e-20,0.049602,0.044408
3.5355e-20,0.049621,0.04441
3.5504e-20,0.049638,0.044413
3.5517e-20,0.049652,0.044418
3.5387e-20,0.049664,0.044425
3.5107e-20,0.049674,0.044434
3.4672e-20,0.049681,0.044445
3.4075e-20,0.049685,0.044459
3.3311e-20,0.049687,0.044474
3.2374e-20,0.049686,0.044492
3.126e-20,0.049682,0.044512
2.9966e-20,0.049676,0.044535
2.8486e-20,0.049667,0.04456
2.6818e-20,0.049655,0.044588
2.496e-20,0.04964,0.044618
2.2909e-20,0.049623,0.044651
2.0664e-20,0.049603,0.044686
1.8226e-20,0.04958,0.044724
1.5594e-20,0.049555,0.044764
1.2769e-20,0.049527,0.044807
9.753e-21,0.049496,0.044853
6.5493e-21,0.049463,0.044901
3.1615e-21,0.049428,0.044951
-4.06e-22,0.04939,0.045004
-4.1475e-21,0.04935,0.045059
-8.0564e-21,0.049307,0.045116
-1.2125e-20,0.049263,0.045175
-1.6345e-20,0.049216,0.045236
-2.0707e-20,0.049168,0.045299
-2.52e-20,0.049118,0.045364
-2.9813e-20,0.049067,0.04543
-3.4531e-20,0.049014,0.045498
-3.9343e-20,0.048959,0.045567
-4.4232e-20,0.048904,0.045637
-4.9184e-20,0.048848,0.045709
-5.418e-20,0.04879,0.045781
-5.9203e-20,0.048732,0.045854
-6.4234e-20,0.048674,0.045927
-6.9253e-20,0.048615,0.046001
-7.4239e-20,0.048557,0.046075
-7.9171e-20,0.048498,0.046149
-8.4025e-20,0.048439,0.046223
-8.8778e-20,0.048381,0.046296
-9.3407e-20,0.048324,0.046369
-9.7886e-20,0.048268,0.046441
-1.0219e-19,0.048212,0.046513
-1.0629e-19,0.048158,0.046584
-1.1017e-19,0.048105,0.046653
-1.1379e-19,0.048054,0.046721
-1.1712e-19,0.048004,0.046788
-1.2015e-19,0.047956,0.046853
-1.2284e-19,0.047911,0.046917
-1.2517e-19,0.047868,0.046979
-1.2711e-19,0.047827,0.047038
-1.2862e-19,0.047788,0.047096
-1.297e-19,0.047753,0.047152
-1.303e-19,0.04772,0.047206
-1.304e-19,0.04769,0.047257
-1.2998e-19,0.047663,0.047306
-1.2901e-19,0.04764,0.047353
-1.2748e-19,0.047619,0.047398
-1.2535e-19,0.047602,0.04744
-1.2262e-19,0.047589,0.047479
-1.1925e-19,0.047579,0.047516
-1.1523e-19,0.047572,0.047551
-1.1055e-19,0.047569,0.047584
-1.0519e-19,0.04757,0.047614
-9.9148e-20,0.047574,0.047642
-9.2403e-20,0.047582,0.047667
-8.4952e-20,0.047593,0.04769
-7.6791e-20,0.047608,0.047712
-6.7917e-20,0.047626,0.047731
-5.8332e-20,0.047648,0.047748
-4.8039e-20,0.047673,0.047764
-3.7045e-20,0.047702,0.047778
-2.5359e-20,0.047734,0.04779
-1.2996e-20,0.047768,0.047801
2.9033e-23,0.047806,0.04781
1.3695e-20,0.047847,0.047818
2.7978e-20,0.04789,0.047826
4.2852e-20,0.047936,0.047832
5.8285e-20,0.047984,0.047838
7.4242e-20,0.048035,0.047842
9.0685e-20,0.048088,0.047847
1.0757e-19,0.048142,0.047851
1.2485e-19,0.048198,0.047855
1.4248e-19,0.048256,0.047859
1.604e-19,0.048315,0.047863
1.7855e-19,0.048374,0.047867
1.9688e-19,0.048435,0.047872
2.1531e-19,0.048496,0.047877
2.3378e-19,0.048558,0.047882
2.5221e-19,0.04862,0.047889
2.7053e-19,0.048682,0.047896
2.8866e-19,0.048744,0.047904
3.0652e-19,0.048805,0.047913
3.2401e-19,0.048865,0.047923
3.4106e-19,0.048924,0.047934
3.5756e-19,0.048983,0.047946
3.7343e-19,0.04904,0.047959
3.8858e-19,0.049095,0.047974
4.029e-19,0.049149,0.04799
4.1629e-19,0.049201,0.048007
4.2866e-19,0.049251,0.048026
4.3991e-19,0.049299,0.048046
4.4993e-19,0.049344,0.048067
4.5862e-19,0.049387,0.048089
4.6589e-19,0.049428,0.048113
4.7163e-19,0.049465,0.048138
4.7575e-19,0.0495,0.048163
4.7815e-19,0.049532,0.04819
4.7873e-19,0.049561,0.048218
4.774e-19,0.049588,0.048247
4.7408e-19,0.049611,0.048277
4.6868e-19,0.049631,0.048308
4.6112e-19,0.049649,0.048339
4.5132e-19,0.049663,0.048371
4.3921e-19,0.049674,0.048404
4.2473e-19,0.049683,0.048436
4.0782e-19,0.049688,0.04847
3.8843e-19,0.049691,0.048503
3.6651e-19,0.049691,0.048537
3.4203e-19,0.049688,0.04857
3.1496e-19,0.049683,0.048604
2.8529e-19,0.049675,0.048637
2.53e-19,0.049665,0.048669
2.181e-19,0.049652,0.048702
1.806e-19,0.049638,0.048734
1.4052e-19,0.049621,0.048765
9.7896e-20,0.049603,0.048795
5.278e-20,0.049582,0.048824
5.2298e-21,0.049561,0.048853
-4.4683e-20,0.049537,0.04888
-9.6874e-20,0.049513,0.048906
-1.5124e-19,0.049487,0.048931
-2.0768e-19,0.04946,0.048955
-2.6605e-19,0.049432,0.048977
-3.2622e-19,0.049404,0.048997
-3.8804e-19,0.049375,0.049016
-4.5133e-19,0.049345,0.049033
-5.1591e-19,0.049315,0.049048
-5.8158e-19,0.049285,0.049062
-6.4814e-19,0.049255,0.049073
-7.1536e-19,0.049225,0.049083
-7.8299e-19,0.049195,0.049091
-8.5078e-19,0.049165,0.049096
-9.1847e-19,0.049135,0.0491
-9.8579e-19,0.049106,0.049101
-1.0524e-18,0.049078,0.049101
-1.1181e-18,0.04905,0.049098
-1.1825e-18,0.049022,0.049093
-1.2452e-18,0.048995,0.049086
-1.3061e-18,0.048969,0.049077
-1.3646e-18,0.048944,0.049066
-1.4205e-18,0.04892,0.049053
-1.4734e-18,0.048896,0.049038
-1.523e-18,0.048873,0.049021
-1.5688e-18,0.048852,0.049001
-1.6106e-18,0.048831,0.04898
-1.6478e-18,0.048811,0.048957
-1.6803e-18,0.048792,0.048932
-1.7076e-18,0.048774,0.048905
-1.7293e-18,0.048756,0.048877
-1.7451e-18,0.04874,0.048847
-1.7546e-18,0.048725,0.048815
-1.7575e-18,0.048711,0.048781
-1.7534e-18,0.048697,0.048747
-1.742e-18,0.048684,0.04871
-1.723e-18,0.048672,0.048673
-1.6961e-18,0.048661,0.048634
-1.6611e-18,0.048651,0.048594
-1.6176e-18,0.048642,0.048553
-1.5654e-18,0.048633,0.048511
-1.5043e-18,0.048625,0.048468
-1.4341e-18,0.048618,0.048425
-1.3547e-18,0.048612,0.04838
-1.2658e-18,0.048606,0.048336
-1.1675e-18,0.048601,0.04829
-1.0596e-18,0.048597,0.048244
-9.4215e-19,0.048593,0.048198
-8.1507e-19,0.04859,0.048151
-6.7844e-19,0.048587,0.048104
-5.3234e-19,0.048585,0.048058
-3.769e-19,0.048584,0.048011
-2.1227e-19,0.048583,0.047964
-3.8684e-20,0.048583,0.047917
1.4361e-19,0.048583,0.047871
3.343e-19,0.048584,0.047824
5.3302e-19,0.048585,0.047778
7.3938e-19,0.048587,0.047733
9.5291e-19,0.048589,0.047687
1.1731e-18,0.048592,0.047643
1.3994e-18,0.048595,0.047598
1.6312e-18,0.048599,0.047555
1.8677e-18,0.048603,0.047512
2.1084e-18,0.048607,0.047469
2.3524e-18,0.048612,0.047427
2.599e-18,0.048618,0.047386
2.8471e-18,0.048623,0.047345
3.096e-18,0.048629,0.047306
3.3445e-18,0.048636,0.047266
3.5918e-18,0.048642,0.047228
3.8368e-18,0.048649,0.04719
4.0783e-18,0.048656,0.047153
4.3152e-18,0.048664,0.047117
4.5463e-18,0.048671,0.047081
4.7704e-18,0.048679,0.047046
4.9863e-18,0.048687,0.047011
5.1926e-18,0.048695,0.046978
5.3881e-18,0.048703,0.046945
5.5714e-18,0.048711,0.046912
5.7412e-18,0.048719,0.04688
5.8962e-18,0.048727,0.046848
6.035e-18,0.048736,0.046817
6.1561e-18,0.048744,0.046787
6.2584e-18,0.048752,0.046757
6.3404e-18,0.04876,0.046727
6.4008e-18,0.048768,0.046698
6.4383e-18,0.048775,0.046669
6.4515e-18,0.048783,0.04664
6.4394e-18,0.04879,0.046612
6.4006e-18,0.048797,0.046583
6.334e-18,0.048804,0.046555
6.2386e-18,0.04881,0.046527
6.1132e-18,0.048817,0.046499
5.9569e-18,0.048823,0.046471
5.7688e-18,0.048829,0.046444
5.5481e-18,0.048834,0.046416
5.2942e-18,0.048839,0.046388
5.0063e-18,0.048844,0.046359
4.684e-18,0.048849,0.046331
4.3269e-18,0.048854,0.046303
3.9347e-18,0.048858,0.046274
3.5073e-18,0.048862,0.046245
3.0447e-18,0.048866,0.046216
2.5469e-18,0.048869,0.046186
2.0144e-18,0.048872,0.046157
1.4475e-18,0.048876,0.046126
8.4683e-19,0.048879,0.046096
2.1315e-19,0.048881,0.046065
-4.5259e-19,0.048884,0.046034
-1.1493e-18,0.048887,0.046002
-1.8756e-18,0.04889,0.04597
-2.6302e-18,0.048892,0.045937
-3.4112e-18,0.048895,0.045904
-4.2169e-18,0.048898,0.045871
-5.0453e-18,0.048901,0.045837
-5.894e-18,0.048904,0.045803
-6.7607e-18,0.048907,0.045768
-7.6427e-18,0.04891,0.045733
-8.5373e-18,0.048914,0.045698
-9.4413e-18,0.048918,0.045663
-1.0352e-17,0.048922,0.045627
-1.1265e-17,0.048927,0.045591
-1.2178e-17,0.048931,0.045555
-1.3086e-17,0.048937,0.045519
-1.3987e-17,0.048943,0.045483
-1.4875e-17,0.048949,0.045446
-1.5747e-17,0.048956,0.04541
-1.6598e-17,0.048963,0.045374
-1.7423e-17,0.048971,0.045338
-1.8219e-17,0.04898,0.045303
-1.8981e-17,0.048989,0.045267
-1.9703e-17,0.048999,0.045232
-2.0381e-17,0.04901,0.045198
-2.101e-17,0.049021,0.045164
-2.1585e-17,0.049034,0.04513
-2.2101e-17,0.049047,0.045098
-2.2553e-17,0.049061,0.045066
-2.2936e-17,0.049076,0.045035
-2.3246e-17,0.049091,0.045004
-2.3476e-17,0.049108,0.044975
-2.3623e-17,0.049125,0.044947
-2.3682e-17,0.049143,0.044919
-2.3648e-17,0.049162,0.044893
-2.3516e-17,0.049182,0.044868
-2.3283e-17,0.049203,0.044845
-2.2945e-17,0.049225,0.044822
-2.2496e-17,0.049248,0.044801
-2.1935e-17,0.049271,0.044782
-2.1258e-17,0.049296,0.044764
-2.0461e-17,0.049321,0.044747
-1.9542e-17,0.049347,0.044732
-1.8499e-17,0.049373,0.044719
-1.733e-17,0.049401,0.044707
-1.6033e-17,0.049429,0.044697
-1.4607e-17,0.049457,0.044688
-1.3053e-17,0.049487,0.044681
-1.1368e-17,0.049517,0.044675
-9.5553e-18,0.049547,0.044672
-7.6143e-18,0.049578,0.04467
-5.5469e-18,0.049609,0.044669
-3.3553e-18,0.049641,0.04467
-1.0422e-18,0.049672,0.044673
1.389e-18,0.049704,0.044678
3.9343e-18,0.049737,0.044684
6.589e-18,0.049769,0.044692
9.3478e-18,0.049801,0.044701
1.2205e-17,0.049834,0.044713
1.5153e-17,0.049866,0.044725
1.8185e-17,0.049898,0.04474
2.1293e-17,0.04993,0.044756
2.4467e-17,0.049962,0.044773
2.77e-17,0.049993,0.044792
3.0979e-17,0.050024,0.044813
3.4294e-17,0.050055,0.044835
3.7634e-17,0.050085,0.044859
4.0987e-17,0.050114,0.044884
4.4339e-17,0.050143,0.044911
4.7676e-17,0.050171,0.04494
5.0985e-17,0.050198,0.04497
5.4251e-17,0.050224,0.045002
5.7458e-17,0.05025,0.045035
6.0591e-17,0.050274,0.04507
6.3633e-17,0.050298,0.045107
6.6567e-17,0.050321,0.045145
6.9377e-17,0.050342,0.045185
7.2045e-17,0.050363,0.045226
7.4553e-17,0.050382,0.04527
7.6882e-17,0.0504,0.045315
7.9016e-17,0.050416,0.045361
8.0935e-17,0.050432,0.04541
8.2621e-17,0.050446,0.04546
8.4056e-17,0.050459,0.045513
8.5222e-17,0.05047,0.045566
8.6101e-17,0.05048,0.045622
8.6675e-17,0.050489,0.04568
8.6927e-17,0.050496,0.04574
8.6839e-17,0.050501,0.045801
8.6397e-17,0.050506,0.045864
8.5582e-17,0.050508,0.045929
8.4382e-17,0.050509,0.045996
8.2782e-17,0.050509,0.046065
8.0768e-17,0.050507,0.046136
7.8328e-17,0.050504,0.046208
7.5451e-17,0.0505,0.046283
7.2128e-17,0.050493,0.046359
6.8349e-17,0.050486,0.046436
6.4107e-17,0.050477,0.046515
5.9398e-17,0.050467,0.046596
5.4217e-17,0.050455,0.046678
4.8561e-17,0.050442,0.046762
4.243e-17,0.050428,0.046847
3.5826e-17,0.050412,0.046933
2.8752e-17,0.050396,0.04702
2.1213e-17,0.050378,0.047108
1.3217e-17,0.050359,0.047196
4.7744e-18,0.05034,0.047286
-4.1036e-18,0.050319,0.047376
-1.3402e-17,0.050297,0.047466
-2.3104e-17,0.050275,0.047557
-3.3191e-17,0.050252,0.047647
-4.364e-17,0.050228,0.047738
-5.4427e-17,0.050204,0.047828
-6.5525e-17,0.050179,0.047918
-7.6905e-17,0.050154,0.048007
-8.8534e-17,0.050129,0.048096
-1.0038e-16,0.050103,0.048183
-1.124e-16,0.050077,0.04827
-1.2456e-16,0.050051,0.048355
-1.3681e-16,0.050025,0.048438
-1.4911e-16,0.049999,0.04852
-1.6142e-16,0.049973,0.0486
-1.7368e-16,0.049947,0.048678
-1.8584e-16,0.049922,0.048754
-1.9785e-16,0.049897,0.048827
-2.0965e-16,0.049873,0.048898
-2.2118e-16,0.049849,0.048966
-2.3239e-16,0.049825,0.049032
-2.4321e-16,0.049803,0.049094
-2.5357e-16,0.049781,0.049153
-2.6343e-16,0.04976,0.049209
-2.727e-16,0.04974,0.049262
-2.8133e-16,0.049721,0.049311
-2.8924e-16,0.049703,0.049357
-2.9637e-16,0.049686,0.049398
-3.0266e-16,0.04967,0.049437
-3.0803e-16,0.049656,0.049471
-3.1243e-16,0.049643,0.049501
-3.1577e-16,0.04963,0.049527
-3.18e-16,0.04962,0.04955
-3.1906e-16,0.04961,0.049568
-3.1888e-16,0.049602,0.049582
-3.1739e-16,0.049596,0.049592
-3.1456e-16,0.04959,0.049598
-3.1031e-16,0.049587,0.0496
-3.046e-16,0.049584,0.049598
-2.9737e-16,0.049583,0.049592
-2.8859e-16,0.049584,0.049581
-2.782e-16,0.049586,0.049567
-2.6619e-16,0.049589,0.049548
-2.525e-16,0.049594,0.049526
-2.3711e-16,0.049601,0.0495
-2.2002e-16,0.049608,0.04947
-2.0118e-16,0.049617,0.049437
-1.8061e-16,0.049628,0.0494
-1.583e-16,0.04964,0.049359
-1.3424e-16,0.049653,0.049315
-1.0846e-16,0.049667,0.049268
-8.0975e-17,0.049683,0.049218
-5.1805e-17,0.049699,0.049164
-2.0989e-17,0.049717,0.049108
1.1429e-17,0.049736,0.049049
4.5398e-17,0.049756,0.048987
8.0855e-17,0.049777,0.048923
1.1773e-16,0.049798,0.048856
1.5595e-16,0.049821,0.048787
1.9541e-16,0.049844,0.048717
2.3604e-16,0.049868,0.048644
2.777e-16,0.049892,0.048569
3.203e-16,0.049917,0.048493
3.6369e-16,0.049943,0.048416
4.0776e-16,0.049969,0.048337
4.5234e-16,0.049995,0.048257
4.9729e-16,0.050021,0.048175
5.4245e-16,0.050047,0.048094
5.8763e-16,0.050074,0.048011
6.3266e-16,0.0501,0.047928
6.7735e-16,0.050126,0.047844
7.215e-16,0.050152,0.04776
7.6491e-16,0.050177,0.047676
8.0737e-16,0.050202,0.047592
8.4864e-16,0.050226,0.047508
8.8852e-16,0.05025,0.047425
9.2678e-16,0.050273,0.047341
9.6316e-16,0.050295,0.047259
9.9745e-16,0.050316,0.047176
1.0294e-15,0.050337,0.047095
1.0587e-15,0.050356,0.047014
1.0852e-15,0.050374,0.046935
1.1087e-15,0.05039,0.046856
1.1288e-15,0.050405,0.046779
1.1453e-15,0.050419,0.046703
1.158e-15,0.050431,0.046628
1.1667e-15,0.050442,0.046555
1.171e-15,0.05045,0.046483
1.1709e-15,0.050457,0.046412
1.166e-15,0.050462,0.046344
1.1561e-15,0.050465,0.046276
1.1411e-15,0.050466,0.046211
1.1207e-15,0.050465,0.046147
1.0948e-15,0.050462,0.046086
1.0632e-15,0.050457,0.046026
1.0257e-15,0.050449,0.045967
9.8225e-16,0.050439,0.045911
9.3268e-16,0.050427,0.045857
8.7689e-16,0.050412,0.045804
8.1481e-16,0.050395,0.045754
7.4639e-16,0.050375,0.045705
6.7157e-16,0.050352,0.045658
5.9035e-16,0.050327,0.045613
5.0275e-16,0.0503,0.04557
4.088e-16,0.05027,0.045529
3.0857e-16,0.050237,0.04549
2.0216e-16,0.050201,0.045452
8.9689e-17,0.050163,0.045416
-2.8682e-17,0.050123,0.045382
-1.5276e-16,0.050079,0.045349
-2.8234e-16,0.050033,0.045318
-4.1715e-16,0.049985,0.045289
-5.5692e-16,0.049934,0.045261
-7.0131e-16,0.049881,0.045234
-8.4998e-16,0.049825,0.045209
-1.0025e-15,0.049767,0.045185
-1.1585e-15,0.049707,0.045163
-1.3176e-15,0.049644,0.045141
-1.4791e-15,0.04958,0.045121
-1.6426e-15,0.049514,0.045102
-1.8074e-15,0.049445,0.045084
-1.9731e-15,0.049375,0.045067
-2.139e-15,0.049304,0.045052
-2.3044e-15,0.04923,0.045037
-2.4686e-15,0.049156,0.045023
-2.631e-15,0.04908,0.04501
-2.7907e-15,0.049004,0.044997
-2.9469e-15,0.048926,0.044986
-3.099e-15,0.048848,0.044975
-3.246e-15,0.048769,0.044965
-3.3871e-15,0.048689,0.044956
-3.5214e-15,0.04861,0.044948
-3.6482e-15,0.04853,0.04494
-3.7664e-15,0.04845,0.044933
-3.8752e-15,0.048371,0.044927
-3.9737e-15,0.048292,0.044922
-4.061e-15,0.048214,0.044917
-4.1362e-15,0.048137,0.044913
-4.1983e-15,0.04806,0.04491
-4.2465e-15,0.047985,0.044908
-4.28e-15,0.047911,0.044906
-4.2977e-15,0.047839,0.044905
-4.299e-15,0.047769,0.044905
-4.2829e-15,0.0477,0.044906
-4.2488e-15,0.047633,0.044908
-4.1957e-15,0.047569,0.04491
-4.1231e-15,0.047507,0.044914
-4.0302e-15,0.047447,0.044918
-3.9165e-15,0.04739,0.044924
-3.7813e-15,0.047336,0.04493
-3.6242e-15,0.047285,0.044937
-3.4447e-15,0.047236,0.044946
-3.2425e-15,0.047191,0.044955
-3.0171e-15,0.047149,0.044965
-2.7685e-15,0.047111,0.044976
-2.4964e-15,0.047075,0.044989
-2.2008e-15,0.047044,0.045002
-1.8818e-15,0.047016,0.045016
-1.5394e-15,0.046991,0.045032
-1.174e-15,0.046971,0.045048
-7.8584e-16,0.046954,0.045065
-3.7538e-16,0.046941,0.045084
5.681e-17,0.046931,0.045103
5.1005e-16,0.046926,0.045123
9.8355e-16,0.046924,0.045144
1.4764e-15,0.046926,0.045166
1.9875e-15,0.046932,0.045189
2.5158e-15,0.046941,0.045213
3.0599e-15,0.046955,0.045237
3.6184e-15,0.046972,0.045262
4.1898e-15,0.046993,0.045288
4.7724e-15,0.047017,0.045314
5.3644e-15,0.047045,0.045341
5.9638e-15,0.047076,0.045368
6.5686e-15,0.047111,0.045396
7.1767e-15,0.047149,0.045424
7.7857e-15,0.04719,0.045452
8.3932e-15,0.047234,0.045481
8.9966e-15,0.047281,0.04551
9.5934e-15,0.047331,0.045538
1.0181e-14,0.047384,0.045567
1.0756e-14,0.047439,0.045596
1.1316e-14,0.047496,0.045624
1.1858e-14,0.047556,0.045652
1.2378e-14,0.047618,0.04568
1.2874e-14,0.047682,0.045708
1.3343e-14,0.047748,0.045735
1.378e-14,0.047816,0.045761
1.4184e-14,0.047885,0.045787
1.455e-14,0.047955,0.045812
1.4875e-14,0.048027,0.045837
1.5156e-14,0.0481,0.045861
1.5389e-14,0.048173,0.045883
1.5572e-14,0.048247,0.045905
1.5701e-14,0.048322,0.045926
1.5772e-14,0.048397,0.045946
1.5784e-14,0.048472,0.045965
1.5732e-14,0.048547,0.045982
1.5614e-14,0.048621,0.045999
1.5427e-14,0.048696,0.046014
1.5168e-14,0.04877,0.046028
1.4835e-14,0.048843,0.04604
1.4426e-14,0.048915,0.046051
1.3939e-14,0.048987,0.046061
1.3371e-14,0.049057,0.046069
1.2721e-14,0.049126,0.046076
1.1988e-14,0.049193,0.046082
1.117e-14,0.049259,0.046085
1.0267e-14,0.049323,0.046088
9.2772e-15,0.049385,0.046088
8.2016e-15,0.049446,0.046087
7.0399e-15,0.049504,0.046085
5.7925e-15,0.04956,0.046081
4.4602e-15,0.049614,0.046075
3.0443e-15,0.049666,0.046068
1.5464e-15,0.049715,0.046059
-3.1508e-17,0.049762,0.046049
-1.687e-15,0.049806,0.046037
-3.4172e-15,0.049848,0.046024
-5.2188e-15,0.049887,0.046009
-7.088e-15,0.049924,0.045992
-9.0205e-15,0.049958,0.045974
-1.1012e-14,0.049989,0.045955
-1.3057e-14,0.050017,0.045934
-1.5149e-14,0.050043,0.045912
-1.7284e-14,0.050066,0.045888
-1.9453e-14,0.050086,0.045864
-2.1651e-14,0.050104,0.045838
-2.387e-14,0.050119,0.045811
-2.6101e-14,0.050131,0.045782
-2.8336e-14,0.050141,0.045753
-3.0567e-14,0.050148,0.045723
-3.2785e-14,0.050153,0.045691
-3.4979e-14,0.050155,0.045659
-3.7139e-14,0.050155,0.045626
-3.9256e-14,0.050152,0.045593
-4.1318e-14,0.050148,0.045558
-4.3315e-14,0.050141,0.045523
-4.5234e-14,0.050131,0.045488
-4.7066e-14,0.05012,0.045452
-4.8797e-14,0.050107,0.045415
-5.0416e-14,0.050091,0.045378
-5.1911e-14,0.050074,0.045341
-5.327e-14,0.050055,0.045304
-5.4481e-14,0.050034,0.045267
-5.553e-14,0.050012,0.04523
-5.6407e-14,0.049988,0.045193
-5.7099e-14,0.049962,0.045156
-5.7594e-14,0.049935,0.045119
-5.788e-14,0.049907,0.045083
-5.7947e-14,0.049877,0.045047
-5.7782e-14,0.049846,0.045011
-5.7376e-14,0.049814,0.044976
-5.6717e-14,0.04978,0.044941
-5.5797e-14,0.049746,0.044907
-5.4606e-14,0.049711,0.044874
-5.3136e-14,0.049674,0.044841
-5.1378e-14,0.049637,0.044809
-4.9326e-14,0.049599,0.044778
-4.6973e-14,0.04956,0.044748
-4.4315e-14,0.049521,0.044719
-4.1347e-14,0.049481,0.044691
-3.8065e-14,0.04944,0.044663
-3.4468e-14,0.049399,0.044637
-3.0554e-14,0.049357,0.044612
-2.6324e-14,0.049315,0.044588
-2.1779e-14,0.049272,0.044564
-1.6922e-14,0.049229,0.044542
-1.1758e-14,0.049186,0.044521
-6.2915e-15,0.049143,0.044501
-5.3081e-16,0.049099,0.044482
5.5157e-15,0.049055,0.044464
1.1838e-14,0.049011,0.044446
1.8423e-14,0.048967,0.04443
2.5258e-14,0.048923,0.044415
3.2328e-14,0.048879,0.0444
3.9615e-14,0.048835,0.044386
4.7101e-14,0.048791,0.044373
5.4764e-14,0.048748,0.04436
6.2584e-14,0.048704,0.044348
7.0536e-14,0.048661,0.044336
7.8594e-14,0.048618,0.044324
8.6731e-14,0.048575,0.044313
9.4918e-14,0.048533,0.044302
1.0312e-13,0.048491,0.044291
1.1132e-13,0.048449,0.04428
1.1946e-13,0.048408,0.044269
1.2753e-13,0.048367,0.044258
1.3547e-13,0.048326,0.044247
1.4326e-13,0.048286,0.044235
1.5086e-13,0.048247,0.044222
1.5822e-13,0.048208,0.04421
1.653e-13,0.048169,0.044196
1.7206e-13,0.048131,0.044182
1.7845e-13,0.048093,0.044167
1.8445e-13,0.048055,0.044152
1.8999e-13,0.048018,0.044136
1.9503e-13,0.047982,0.044119
1.9953e-13,0.047946,0.044101
2.0345e-13,0.04791,0.044082
2.0674e-13,0.047874,0.044062
2.0936e-13,0.047839,0.044042
2.1126e-13,0.047804,0.04402
2.1239e-13,0.04777,0.043998
2.1273e-13,0.047735,0.043975
2.1222e-13,0.047701,0.043952
2.1083e-13,0.047667,0.043928
2.0851e-13,0.047634,0.043903
2.0524e-13,0.0476,0.043878
2.0098e-13,0.047566,0.043852
1.957e-13,0.047533,0.043826
1.8936e-13,0.0475,0.0438
1.8195e-13,0.047466,0.043774
1.7343e-13,0.047433,0.043748
1.638e-13,0.0474,0.043722
1.5302e-13,0.047366,0.043697
1.411e-13,0.047333,0.043672
1.2802e-13,0.0473,0.043648
1.1378e-13,0.047267,0.043625
9.8383e-14,0.047234,0.043602
8.1825e-14,0.047201,0.043581
6.4121e-14,0.047168,0.043562
4.5285e-14,0.047135,0.043544
2.534e-14,0.047102,0.043527
4.3092e-15,0.04707,0.043513
-1.7774e-14,0.047038,0.0435
-4.0873e-14,0.047006,0.04349
-6.4944e-14,0.046974,0.043482
-8.9938e-14,0.046943,0.043476
-1.158e-13,0.046913,0.043474
-1.4246e-13,0.046883,0.043474
-1.6987e-13,0.046853,0.043477
-1.9793e-13,0.046825,0.043483
-2.2658e-13,0.046797,0.043492
-2.5572e-13,0.04677,0.043504
-2.8526e-13,0.046744,0.04352
-3.1511e-13,0.04672,0.043539
-3.4515e-13,0.046696,0.043562
-3.7527e-13,0.046674,0.043588
-4.0536e-13,0.046653,0.043618
-4.3529e-13,0.046634,0.043652
-4.6493e-13,0.046616,0.043689
-4.9415e-13,0.0466,0.04373
-5.2282e-13,0.046586,0.043774
-5.5078e-13,0.046573,0.043822
-5.7789e-13,0.046563,0.043873
-6.04e-13,0.046555,0.043928
-6.2895e-13,0.046549,0.043986
-6.5259e-13,0.046545,0.044048
-6.7475e-13,0.046544,0.044113
-6.9528e-13,0.046545,0.044181
-7.1401e-13,0.046549,0.044251
-7.3077e-13,0.046555,0.044325
-7.454e-13,0.046564,0.044401
-7.5773e-13,0.046575,0.04448
-7.6761e-13,0.04659,0.044561
-7.7488e-13,0.046607,0.044644
-7.7936e-13,0.046627,0.044729
-7.8092e-13,0.046649,0.044815
-7.7939e-13,0.046675,0.044904
-7.7464e-13,0.046703,0.044993
-7.6652e-13,0.046734,0.045084
-7.5491e-13,0.046768,0.045175
-7.3967e-13,0.046805,0.045267
-7.2068e-13,0.046845,0.045359
-6.9785e-13,0.046887,0.045452
-6.7107e-13,0.046932,0.045544
-6.4026e-13,0.04698,0.045636
-6.0534e-13,0.04703,0.045727
-5.6626e-13,0.047083,0.045818
-5.2296e-13,0.047138,0.045907
-4.7541e-13,0.047195,0.045995
-4.2361e-13,0.047255,0.046081
-3.6753e-13,0.047317,0.046166
-3.0721e-13,0.047381,0.046248
-2.4268e-13,0.047447,0.046328
-1.7399e-13,0.047514,0.046406
-1.0121e-13,0.047583,0.046481
-2.4438e-14,0.047654,0.046552
5.6212e-14,0.047726,0.046621
1.4061e-13,0.0478,0.046686
2.2859e-13,0.047874,0.046748
3.1998e-13,0.04795,0.046806
4.1457e-13,0.048026,0.04686
5.1215e-13,0.048103,0.04691
6.1246e-13,0.048181,0.046955
7.1523e-13,0.04826,0.046997
8.2017e-13,0.048338,0.047033
9.2697e-13,0.048417,0.047065
1.0353e-12,0.048496,0.047093
1.1447e-12,0.048575,0.047115
1.2549e-12,0.048654,0.047133
1.3655e-12,0.048733,0.047146
1.476e-12,0.048811,0.047153
1.5859e-12,0.048889,0.047156
1.6949e-12,0.048967,0.047153
1.8024e-12,0.049044,0.047146
1.9078e-12,0.04912,0.047133
2.0108e-12,0.049195,0.047116
2.1107e-12,0.04927,0.047093
2.2069e-12,0.049343,0.047066
2.299e-12,0.049416,0.047034
2.3864e-12,0.049488,0.046996
2.4683e-12,0.049558,0.046955
2.5444e-12,0.049628,0.046908
2.6139e-12,0.049696,0.046858
2.6762e-12,0.049763,0.046803
2.7308e-12,0.04983,0.046744
2.777e-12,0.049894,0.046681
2.8143e-12,0.049958,0.046614
2.8421e-12,0.05002,0.046544
2.8597e-12,0.050081,0.04647
2.8666e-12,0.050141,0.046394
2.8622e-12,0.0502,0.046314
2.8461e-12,0.050257,0.046232
2.8177e-12,0.050313,0.046147
2.7765e-12,0.050367,0.046061
2.722e-12,0.050421,0.045972
2.6538e-12,0.050473,0.045882
2.5716e-12,0.050524,0.04579
2.4749e-12,0.050573,0.045697
2.3634e-12,0.050621,0.045604
2.2369e-12,0.050669,0.04551
2.0951e-12,0.050714,0.045415
1.9378e-12,0.050759,0.045321
1.765e-12,0.050803,0.045226
1.5765e-12,0.050845,0.045132
1.3724e-12,0.050886,0.045039
1.1527e-12,0.050926,0.044946
9.1746e-13,0.050965,0.044855
6.6695e-13,0.051003,0.044764
4.0142e-13,0.05104,0.044676
1.2118e-13,0.051075,0.044589
-1.7334e-13,0.05111,0.044504
-4.8167e-13,0.051143,0.044421
-8.0323e-13,0.051176,0.04434
-1.1374e-12,0.051207,0.044261
-1.4834e-12,0.051238,0.044185
-1.8404e-12,0.051267,0.044111
-2.2076e-12,0.051296,0.044041
-2.5839e-12,0.051323,0.043973
-2.9683e-12,0.05135,0.043907
-3.3597e-12,0.051375,0.043845
-3.7567e-12,0.0514,0.043786
-4.1581e-12,0.051423,0.04373
-4.5624e-12,0.051445,0.043677
-4.9682e-12,0.051467,0.043628
-5.3739e-12,0.051487,0.043581
-5.7779e-12,0.051506,0.043538
-6.1783e-12,0.051524,0.043498
-6.5735e-12,0.051541,0.043461
-6.9616e-12,0.051556,0.043427
-7.3406e-12,0.051571,0.043397
-7.7086e-12,0.051584,0.043369
-8.0636e-12,0.051596,0.043345
-8.4034e-12,0.051606,0.043324
-8.726e-12,0.051615,0.043306
-9.0292e-12,0.051623,0.043291
-9.3108e-12,0.051629,0.043279
-9.5686e-12,0.051634,0.043269
-9.8004e-12,0.051637,0.043263
-1.0004e-11,0.051638,0.043259
-1.0177e-11,0.051638,0.043258
-1.0318e-11,0.051636,0.04326
-1.0424e-11,0.051632,0.043264
-1.0492e-11,0.051627,0.043271
-1.0522e-11,0.051619,0.04328
-1.0511e-11,0.05161,0.043291
-1.0456e-11,0.051598,0.043304
-1.0357e-11,0.051585,0.04332
-1.0211e-11,0.051569,0.043337
-1.0016e-11,0.051551,0.043357
-9.7717e-12,0.051532,0.043378
-9.4755e-12,0.05151,0.043401
-9.1264e-12,0.051486,0.043426
-8.7231e-12,0.05146,0.043452
-8.2648e-12,0.051431,0.04348
-7.7504e-12,0.051401,0.043509
-7.1794e-12,0.051369,0.043539
-6.5512e-12,0.051334,0.043571
-5.8656e-12,0.051297,0.043603
-5.1226e-12,0.051259,0.043637
-4.3222e-12,0.051218,0.043672
-3.4649e-12,0.051176,0.043708
-2.5514e-12,0.051131,0.043744
-1.5826e-12,0.051085,0.043781
-5.5974e-13,0.051037,0.043819
5.1578e-13,0.050988,0.043857
1.6422e-12,0.050937,0.043896
2.8174e-12,0.050885,0.043935
4.0391e-12,0.050832,0.043974
5.3046e-12,0.050777,0.044014
6.611e-12,0.050722,0.044054
7.955e-12,0.050666,0.044095
9.333e-12,0.050609,0.044135
1.0741e-11,0.050551,0.044175
1.2175e-11,0.050493,0.044216
1.363e-11,0.050435,0.044256
1.5102e-11,0.050376,0.044297
1.6586e-11,0.050318,0.044337
1.8075e-11,0.05026,0.044377
1.9565e-11,0.050202,0.044417
2.1048e-11,0.050145,0.044456
2.252e-11,0.050088,0.044496
2.3973e-11,0.050033,0.044535
2.5401e-11,0.049978,0.044573
2.6796e-11,0.049925,0.044612
2.8152e-11,0.049873,0.04465
2.9461e-11,0.049823,0.044688
3.0715e-11,0.049775,0.044725
3.1906e-11,0.049728,0.044762
3.3027e-11,0.049684,0.044798
3.407e-11,0.049641,0.044834
3.5027e-11,0.049601,0.044869
3.5888e-11,0.049564,0.044904
3.6647e-11,0.049529,0.044939
3.7296e-11,0.049497,0.044972
3.7825e-11,0.049469,0.045006
3.8228e-11,0.049443,0.045038
3.8496e-11,0.04942,0.04507
3.8621e-11,0.0494,0.045101
3.8596e-11,0.049384,0.045131
3.8414e-11,0.049371,0.045161
3.8068e-11,0.049362,0.04519
3.7551e-11,0.049356,0.045218
3.6856e-11,0.049354,0.045245
3.5978e-11,0.049356,0.045271
3.4912e-11,0.049361,0.045297
3.3651e-11,0.04937,0.045321
3.2193e-11,0.049382,0.045345
3.0533e-11,0.049398,0.045367
2.8667e-11,0.049418,0.045389
2.6594e-11,0.049441,0.045409
2.4311e-11,0.049467,0.045429
2.1817e-11,0.049497,0.045447
1.9112e-11,0.049531,0.045464
1.6197e-11,0.049567,0.04548
1.3073e-11,0.049607,0.045495
9.7421e-12,0.04965,0.045509
6.2077e-12,0.049695,0.045522
2.4743e-12,0.049743,0.045534
-1.4531e-12,0.049794,0.045545
-5.5679e-12,0.049848,0.045555
-9.8628e-12,0.049903,0.045563
-1.4329e-11,0.049961,0.045571
-1.8958e-11,0.05002,0.045578
-2.3738e-11,0.050082,0.045584
-2.8657e-11,0.050144,0.045589
-3.3702e-11,0.050208,0.045594
-3.886e-11,0.050274,0.045597
-4.4115e-11,0.05034,0.045601
-4.9449e-11,0.050406,0.045603
-5.4847e-11,0.050474,0.045605
-6.0289e-11,0.050541,0.045607
-6.5754e-11,0.050608,0.045608
-7.1223e-11,0.050676,0.045609
-7.6674e-11,0.050743,0.04561
-8.2082e-11,0.050809,0.045611
-8.7425e-11,0.050874,0.045612
-9.2678e-11,0.050939,0.045613
-9.7814e-11,0.051002,0.045614
-1.0281e-10,0.051064,0.045616
-1.0763e-10,0.051124,0.045618
-1.1226e-10,0.051183,0.04562
-1.1666e-10,0.051239,0.045623
-1.208e-10,0.051293,0.045627
-1.2466e-10,0.051345,0.045632
-1.2821e-10,0.051395,0.045637
-1.3141e-10,0.051442,0.045643
-1.3424e-10,0.051486,0.045651
-1.3667e-10,0.051527,0.045659
-1.3866e-10,0.051566,0.045669
-1.4019e-10,0.051601,0.04568
-1.4123e-10,0.051633,0.045692
-1.4175e-10,0.051661,0.045706
-1.4172e-10,0.051686,0.045721
-1.4112e-10,0.051708,0.045737
-1.3991e-10,0.051726,0.045755
-1.3808e-10,0.051741,0.045775
-1.3561e-10,0.051752,0.045796
-1.3246e-10,0.051759,0.045818
-1.2862e-10,0.051763,0.045843
-1.2407e-10,0.051763,0.045869
-1.188e-10,0.051759,0.045897
-1.1278e-10,0.051751,0.045926
-1.0602e-10,0.05174,0.045957
-9.8491e-11,0.051726,0.04599
-9.0195e-11,0.051707,0.046024
-8.1125e-11,0.051685,0.04606
-7.1281e-11,0.05166,0.046098
-6.0664e-11,0.051631,0.046137
-4.9279e-11,0.051599,0.046177
-3.7134e-11,0.051564,0.046219
-2.424e-11,0.051525,0.046263
-1.0614e-11,0.051484,0.046308
3.726e-12,0.051439,0.046354
1.8757e-11,0.051392,0.046401
3.4453e-11,0.051342,0.04645
5.0782e-11,0.051289,0.046499
6.771e-11,0.051234,0.04655
8.5197e-11,0.051177,0.046601
1.032e-10,0.051118,0.046653
1.2167e-10,0.051056,0.046706
1.4057e-10,0.050993,0.04676
1.5982e-10,0.050928,0.046814
1.7937e-10,0.050862,0.046869
1.9916e-10,0.050794,0.046924
2.1913e-10,0.050725,0.046979
2.3918e-10,0.050656,0.047034
2.5926e-10,0.050585,0.04709
2.7928e-10,0.050514,0.047145
2.9916e-10,0.050443,0.0472
3.188e-10,0.050371,0.047255
3.3812e-10,0.050299,0.047309
3.5703e-10,0.050227,0.047363
3.7542e-10,0.050156,0.047417
3.9321e-10,0.050085,0.04747
4.1027e-10,0.050015,0.047522
4.2652e-10,0.049945,0.047573
4.4185e-10,0.049876,0.047624
4.5614e-10,0.049809,0.047673
4.6929e-10,0.049742,0.047721
4.8119e-10,0.049678,0.047769
4.9173e-10,0.049614,0.047815
5.008e-10,0.049552,0.047859
5.083e-10,0.049492,0.047903
5.141e-10,0.049434,0.047945
5.1812e-10,0.049378,0.047985
5.2023e-10,0.049324,0.048025
5.2035e-10,0.049272,0.048062
5.1837e-10,0.049223,0.048098
5.1419e-10,0.049176,0.048133
5.0773e-10,0.049131,0.048166
4.989e-10,0.049089,0.048197
4.8762e-10,0.049049,0.048227
4.7381e-10,0.049012,0.048255
4.574e-10,0.048978,0.048282
4.3834e-10,0.048946,0.048307
4.1656e-10,0.048917,0.04833
3.9203e-10,0.048891,0.048352
3.647e-10,0.048867,0.048372
3.3456e-10,0.048846,0.048391
3.0158e-10,0.048828,0.048408
2.6575e-10,0.048813,0.048424
2.2708e-10,0.0488,0.048438
1.856e-10,0.048791,0.048451
1.4132e-10,0.048783,0.048463
9.4283e-11,0.048779,0.048474
4.4553e-11,0.048777,0.048483
-7.8055e-12,0.048777,0.048491
-6.2711e-11,0.048781,0.048498
-1.2007e-10,0.048786,0.048504
-1.7976e-10,0.048794,0.048509
-2.4167e-10,0.048805,0.048513
-3.0565e-10,0.048817,0.048516
-3.7154e-10,0.048832,0.048519
-4.3917e-10,0.048849,0.04852
-5.0836e-10,0.048868,0.048521
-5.789e-10,0.04889,0.048521
-6.5057e-10,0.048913,0.04852
-7.2314e-10,0.048938,0.048519
-7.9637e-10,0.048964,0.048517
-8.6997e-10,0.048993,0.048515
-9.4368e-10,0.049023,0.048512
-1.0172e-09,0.049054,0.048509
-1.0902e-09,0.049087,0.048505
-1.1625e-09,0.049121,0.048501
-1.2335e-09,0.049156,0.048496
-1.3031e-09,0.049192,0.048491
-1.3709e-09,0.04923,0.048486
-1.4364e-09,0.049268,0.048481
-1.4994e-09,0.049307,0.048475
-1.5594e-09,0.049347,0.048469
-1.616e-09,0.049387,0.048462
-1.6689e-09,0.049428,0.048455
-1.7177e-09,0.049469,0.048448
-1.7619e-09,0.04951,0.04844
-1.8011e-09,0.049552,0.048432
-1.835e-09,0.049593,0.048424
-1.8632e-09,0.049635,0.048415
-1.8852e-09,0.049676,0.048406
-1.9007e-09,0.049717,0.048396
-1.9092e-09,0.049758,0.048386
-1.9105e-09,0.049799,0.048375
-1.9041e-09,0.049839,0.048363
-1.8896e-09,0.049878,0.048351
-1.8668e-09,0.049917,0.048339
-1.8354e-09,0.049955,0.048325
-1.795e-09,0.049992,0.048311
-1.7453e-09,0.050029,0.048297
-1.6861e-09,0.050064,0.048281
-1.6172e-09,0.050099,0.048264
-1.5384e-09,0.050133,0.048247
-1.4494e-09,0.050165,0.048229
-1.3503e-09,0.050197,0.048209
-1.2407e-09,0.050227,0.048189
-1.1208e-09,0.050256,0.048167
-9.9041e-10,0.050284,0.048145
-8.4961e-10,0.05031,0.048121
-6.9844e-10,0.050335,0.048096
-5.3701e-10,0.050359,0.048069
-3.6545e-10,0.050382,0.048042
-1.8396e-10,0.050403,0.048013
7.1983e-12,0.050423,0.047983
2.0775e-10,0.050441,0.047951
4.1733e-10,0.050458,0.047919
6.3554e-10,0.050474,0.047884
8.6193e-10,0.050488,0.047849
1.096e-09,0.050501,0.047812
1.3371e-09,0.050513,0.047773
1.5847e-09,0.050523,0.047733
1.8381e-09,0.050532,0.047692
2.0966e-09,0.050539,0.047649
2.3593e-09,0.050545,0.047605
2.6254e-09,0.05055,0.04756
2.8939e-09,0.050554,0.047513
3.164e-09,0.050556,0.047465
3.4346e-09,0.050557,0.047416
3.7046e-09,0.050557,0.047365
3.973e-09,0.050556,0.047313
4.2385e-09,0.050554,0.04726
4.4999e-09,0.05055,0.047206
4.756e-09,0.050546,0.047151
5.0055e-09,0.050541,0.047096
5.2471e-09,0.050534,0.047039
5.4793e-09,0.050527,0.046981
5.7008e-09,0.050519,0.046923
5.9101e-09,0.05051,0.046864
6.1058e-09,0.050501,0.046805
6.2865e-09,0.05049,0.046745
6.4507e-09,0.050479,0.046685
6.5969e-09,0.050468,0.046624
6.7236e-09,0.050456,0.046564
6.8293e-09,0.050443,0.046503
6.9127e-09,0.05043,0.046442
6.9722e-09,0.050416,0.046382
7.0064e-09,0.050402,0.046322
7.014e-09,0.050387,0.046263
6.9936e-09,0.050373,0.046204
6.9439e-09,0.050357,0.046145
6.8636e-09,0.050342,0.046088
6.7517e-09,0.050326,0.046031
6.607e-09,0.05031,0.045975
6.4284e-09,0.050294,0.045921
6.215e-09,0.050278,0.045868
5.966e-09,0.050261,0.045816
5.6806e-09,0.050244,0.045765
5.3582e-09,0.050227,0.045716
4.9982e-09,0.05021,0.045669
4.6004e-09,0.050193,0.045623
4.1643e-09,0.050175,0.04558
3.6899e-09,0.050158,0.045538
3.1772e-09,0.05014,0.045498
2.6264e-09,0.050122,0.04546
2.0379e-09,0.050103,0.045425
1.4122e-09,0.050085,0.045391
7.499e-10,0.050066,0.04536
5.2003e-11,0.050047,0.045331
-6.8047e-10,0.050028,0.045305
-1.4463e-09,0.050008,0.04528
-2.2439e-09,0.049988,0.045258
-3.0717e-09,0.049968,0.045239
-3.9279e-09,0.049948,0.045222
-4.8104e-09,0.049927,0.045207
-5.7169e-09,0.049905,0.045195
-6.6448e-09,0.049884,0.045185
-7.5916e-09,0.049861,0.045177
-8.5544e-09,0.049839,0.045172
-9.5299e-09,0.049816,0.045169
-1.0515e-08,0.049792,0.045168
-1.1506e-08,0.049768,0.04517
-1.2499e-08,0.049744,0.045174
-1.3491e-08,0.049719,0.04518
-1.4477e-08,0.049694,0.045189
-1.5453e-08,0.049668,0.045199
-1.6414e-08,0.049642,0.045212
-1.7357e-08,0.049615,0.045226
-1.8275e-08,0.049588,0.045243
-1.9165e-08,0.049561,0.045262
-2.0022e-08,0.049533,0.045282
-2.0839e-08,0.049505,0.045304
-2.1613e-08,0.049476,0.045329
-2.2337e-08,0.049448,0.045354
-2.3007e-08,0.049419,0.045382
-2.3616e-08,0.04939,0.045411
-2.416e-08,0.049361,0.045442
-2.4633e-08,0.049332,0.045475
-2.503e-08,0.049303,0.045508
-2.5345e-08,0.049274,0.045544
-2.5573e-08,0.049245,0.04558
-2.5709e-08,0.049216,0.045618
-2.5748e-08,0.049187,0.045658
-2.5684e-08,0.049159,0.045698
-2.5513e-08,0.049131,0.04574
-2.5231e-08,0.049103,0.045783
-2.4833e-08,0.049076,0.045827
-2.4315e-08,0.049049,0.045873
-2.3673e-08,0.049023,0.045919
-2.2904e-08,0.048997,0.045966
-2.2004e-08,0.048972,0.046014
-2.0971e-08,0.048948,0.046063
-1.9802e-08,0.048924,0.046113
-1.8496e-08,0.048902,0.046164
-1.705e-08,0.04888,0.046216
-1.5464e-08,0.048859,0.046268
-1.3738e-08,0.04884,0.046321
-1.1871e-08,0.048821,0.046375
-9.8641e-09,0.048803,0.046429
-7.7185e-09,0.048787,0.046484
-5.4361e-09,0.048771,0.046539
-3.0192e-09,0.048757,0.046595
-4.7111e-10,0.048744,0.046652
2.2044e-09,0.048732,0.046708
5.0027e-09,0.048722,0.046765
7.9187e-09,0.048712,0.046823
1.0946e-08,0.048704,0.04688
1.4079e-08,0.048698,0.046938
1.7308e-08,0.048693,0.046996
2.0627e-08,0.048689,0.047054
2.4026e-08,0.048686,0.047112
2.7495e-08,0.048685,0.04717
3.1023e-08,0.048686,0.047228
3.46e-08,0.048687,0.047286
3.8214e-08,0.04869,0.047343
4.185e-08,0.048695,0.0474
4.5497e-08,0.048701,0.047457
4.9139e-08,0.048708,0.047513
5.2762e-08,0.048717,0.047569
5.635e-08,0.048727,0.047624
5.9886e-08,0.048739,0.047679
6.3355e-08,0.048752,0.047733
6.6738e-08,0.048766,0.047786
7.0019e-08,0.048782,0.047838
7.3177e-08,0.048799,0.047889
7.6195e-08,0.048817,0.04794
7.9054e-08,0.048837,0.047989
8.1734e-08,0.048858,0.048037
8.4215e-08,0.04888,0.048084
8.6478e-08,0.048903,0.04813
8.8503e-08,0.048928,0.048174
9.027e-08,0.048954,0.048217
9.1758e-08,0.048981,0.048259
9.2949e-08,0.049009,0.048299
9.3823e-08,0.049039,0.048337
9.436e-08,0.049069,0.048375
9.4542e-08,0.049101,0.04841
9.4351e-08,0.049134,0.048444
9.3769e-08,0.049167,0.048476
9.2779e-08,0.049202,0.048507
9.1365e-08,0.049238,0.048535
8.9512e-08,0.049274,0.048562
8.7206e-08,0.049311,0.048587
8.4434e-08,0.04935,0.048611
8.1184e-08,0.049388,0.048633
7.7445e-08,0.049428,0.048652
7.3209e-08,0.049468,0.048671
6.8468e-08,0.049509,0.048687
6.3217e-08,0.049551,0.048701
5.7452e-08,0.049593,0.048714
5.117e-08,0.049635,0.048725
4.4372e-08,0.049678,0.048735
3.706e-08,0.049721,0.048743
2.9237e-08,0.049764,0.048749
2.0911e-08,0.049808,0.048754
1.2091e-08,0.049851,0.048757
2.7865e-09,0.049895,0.048759
-6.9873e-09,0.049939,0.048759
-1.7214e-08,0.049982,0.048758
-2.7876e-08,0.050025,0.048756
-3.895e-08,0.050068,0.048752
-5.0412e-08,0.050111,0.048748
-6.2235e-08,0.050153,0.048742
-7.4389e-08,0.050194,0.048735
-8.6841e-08,0.050235,0.048728
-9.9556e-08,0.050275,0.048719
-1.1249e-07,0.050314,0.04871
-1.2562e-07,0.050352,0.048701
-1.3888e-07,0.050389,0.048691
-1.5223e-07,0.050425,0.04868
-1.6562e-07,0.050459,0.048669
-1.7901e-07,0.050493,0.048657
-1.9233e-07,0.050524,0.048646
-2.0554e-07,0.050555,0.048634
-2.1856e-07,0.050584,0.048622
-2.3134e-07,0.050611,0.048611
-2.4381e-07,0.050636,0.048599
-2.5592e-07,0.050659,0.048588
-2.6759e-07,0.05068,0.048577
-2.7875e-07,0.0507,0.048567
-2.8934e-07,0.050717,0.048557
-2.9928e-07,0.050732,0.048547
-3.085e-07,0.050745,0.048538
-3.1693e-07,0.050755,0.04853
-3.2449e-07,0.050763,0.048523
-3.3112e-07,0.050769,0.048517
-3.3674e-07,0.050772,0.048511
-3.4128e-07,0.050772,0.048507
-3.4466e-07,0.05077,0.048504
-3.4682e-07,0.050765,0.048501
-3.4769e-07,0.050758,0.0485
-3.472e-07,0.050748,0.048501
-3.4528e-07,0.050735,0.048502
-3.4188e-07,0.050719,0.048505
-3.3693e-07,0.0507,0.048509
-3.3038e-07,0.050679,0.048515
-3.2218e-07,0.050655,0.048521
-3.1228e-07,0.050628,0.04853
-3.0063e-07,0.050598,0.04854
-2.872e-07,0.050565,0.048551
-2.7196e-07,0.05053,0.048563
-2.5487e-07,0.050491,0.048578
-2.3591e-07,0.05045,0.048593
-2.1508e-07,0.050407,0.04861
-1.9236e-07,0.050361,0.048628
-1.6775e-07,0.050312,0.048648
-1.4127e-07,0.05026,0.048669
-1.1291e-07,0.050207,0.048692
-8.2718e-08,0.05015,0.048715
-5.0714e-08,0.050092,0.04874
-1.694e-08,0.050031,0.048766
1.8552e-08,0.049968,0.048794
5.5704e-08,0.049904,0.048822
9.4446e-08,0.049837,0.048851
1.347e-07,0.049768,0.048882
1.7637e-07,0.049698,0.048913
2.1937e-07,0.049626,0.048945
2.6358e-07,0.049553,0.048978
3.0888e-07,0.049479,0.049011
3.5515e-07,0.049403,0.049045
4.0223e-07,0.049327,0.04908
4.4999e-07,0.049249,0.049115
4.9826e-07,0.049171,0.04915
5.4686e-07,0.049093,0.049186
5.9563e-07,0.049014,0.049222
6.4436e-07,0.048935,0.049258
6.9286e-07,0.048856,0.049295
7.4091e-07,0.048777,0.049331
7.8831e-07,0.048698,0.049367
8.3483e-07,0.04862,0.049403
8.8023e-07,0.048543,0.049438
9.2427e-07,0.048466,0.049474
9.6671e-07,0.048391,0.049509
1.0073e-06,0.048316,0.049543
1.0458e-06,0.048243,0.049577
1.0819e-06,0.048171,0.049611
1.1153e-06,0.048102,0.049644
1.1459e-06,0.048033,0.049676
1.1733e-06,0.047967,0.049707
1.1972e-06,0.047904,0.049738
1.2175e-06,0.047842,0.049767
1.2337e-06,0.047783,0.049796
1.2458e-06,0.047727,0.049824
1.2533e-06,0.047674,0.049851
1.2561e-06,0.047623,0.049877
1.2539e-06,0.047576,0.049902
1.2465e-06,0.047532,0.049926
1.2336e-06,0.047491,0.049949
1.2151e-06,0.047454,0.049971
1.1906e-06,0.04742,0.049991
1.1601e-06,0.047391,0.050011
1.1233e-06,0.047365,0.05003
1.0802e-06,0.047343,0.050047
1.0304e-06,0.047325,0.050063
9.7403e-07,0.047311,0.050079
9.1087e-07,0.047301,0.050093
8.4085e-07,0.047296,0.050106
7.6394e-07,0.047295,0.050118
6.801e-07,0.047298,0.050129
5.8932e-07,0.047306,0.050139
4.9165e-07,0.047318,0.050148
3.8713e-07,0.047335,0.050156
2.7586e-07,0.047356,0.050163
1.5796e-07,0.047382,0.050169
3.358e-08,0.047412,0.050174
-9.7091e-08,0.047447,0.050179
-2.3383e-07,0.047486,0.050182
-3.7637e-07,0.04753,0.050185
-5.2441e-07,0.047578,0.050187
-6.7763e-07,0.04763,0.050189
-8.3564e-07,0.047686,0.05019
-9.9803e-07,0.047747,0.05019
-1.1644e-06,0.047811,0.050189
-1.3341e-06,0.04788,0.050188
-1.5068e-06,0.047952,0.050187
-1.6818e-06,0.048029,0.050185
-1.8585e-06,0.048108,0.050183
-2.0363e-06,0.048192,0.05018
-2.2145e-06,0.048278,0.050177
-2.3923e-06,0.048368,0.050174
-2.569e-06,0.048461,0.05017
-2.7439e-06,0.048556,0.050166
-2.916e-06,0.048655,0.050162
-3.0845e-06,0.048755,0.050158
-3.2485e-06,0.048858,0.050154
-3.4071e-06,0.048963,0.05015
-3.5594e-06,0.04907,0.050145
-3.7043e-06,0.049178,0.050141
-3.8408e-06,0.049288,0.050137
-3.968e-06,0.049399,0.050132
-4.0848e-06,0.049511,0.050128
-4.1902e-06,0.049623,0.050124
-4.2831e-06,0.049736,0.05012
-4.3624e-06,0.049849,0.050117
-4.427e-06,0.049962,0.050113
-4.4759e-06,0.050075,0.05011
-4.5081e-06,0.050187,0.050107
-4.5224e-06,0.050299,0.050104
-4.5179e-06,0.050409,0.050102
-4.4934e-06,0.050518,0.0501
-4.4481e-06,0.050626,0.050099
-4.3808e-06,0.050731,0.050097
-4.2907e-06,0.050835,0.050097
-4.1769e-06,0.050937,0.050096
-4.0384e-06,0.051036,0.050096
-3.8745e-06,0.051132,0.050096
-3.6843e-06,0.051225,0.050097
-3.4672e-06,0.051316,0.050098
-3.2225e-06,0.051403,0.050099
-2.9495e-06,0.051487,0.050101
-2.6478e-06,0.051567,0.050103
-2.3169e-06,0.051643,0.050106
-1.9565e-06,0.051715,0.050108
-1.5661e-06,0.051783,0.050111
-1.1457e-06,0.051847,0.050114
-6.9514e-07,0.051906,0.050117
-2.1437e-07,0.051961,0.050121
2.965e-07,0.052012,0.050124
8.3728e-07,0.052058,0.050128
1.4077e-06,0.052099,0.050131
2.0073e-06,0.052135,0.050134
2.6356e-06,0.052167,0.050137
3.292e-06,0.052194,0.05014
3.9757e-06,0.052216,0.050143
4.6858e-06,0.052233,0.050145
5.4214e-06,0.052246,0.050147
6.1813e-06,0.052253,0.050148
6.9644e-06,0.052256,0.050149
7.7692e-06,0.052255,0.05015
8.5944e-06,0.052249,0.050149
9.4384e-06,0.052238,0.050149
1.0299e-05,0.052223,0.050147
1.1176e-05,0.052203,0.050144
1.2065e-05,0.05218,0.050141
1.2966e-05,0.052152,0.050137
1.3877e-05,0.05212,0.050132
1.4794e-05,0.052085,0.050126
1.5716e-05,0.052046,0.050119
1.664e-05,0.052003,0.050111
1.7564e-05,0.051958,0.050102
1.8486e-05,0.051909,0.050093
1.9403e-05,0.051857,0.050082
2.0311e-05,0.051802,0.05007
2.121e-05,0.051745,0.050057
2.2095e-05,0.051685,0.050044
2.2964e-05,0.051623,0.050029
2.3815e-05,0.051559,0.050013
2.4645e-05,0.051494,0.049997
2.545e-05,0.051426,0.04998
2.6229e-05,0.051358,0.049962
2.6979e-05,0.051288,0.049944
2.7697e-05,0.051217,0.049925
2.838e-05,0.051145,0.049905
2.9027e-05,0.051073,0.049885
2.9634e-05,0.051,0.049864
3.02e-05,0.050928,0.049844
3.0723e-05,0.050855,0.049823
3.1201e-05,0.050782,0.049802
3.1631e-05,0.05071,0.049781
3.2012e-05,0.050638,0.049761
3.2343e-05,0.050567,0.04974
3.2622e-05,0.050497,0.04972
3.2848e-05,0.050428,0.049701
3.302e-05,0.05036,0.049682
3.3137e-05,0.050293,0.049664
3.32e-05,0.050228,0.049647
3.3207e-05,0.050165,0.049631
3.3158e-05,0.050103,0.049617
3.3054e-05,0.050043,0.049603
3.2895e-05,0.049985,0.049591
3.2682e-05,0.049929,0.049581
3.2414e-05,0.049875,0.049572
3.2094e-05,0.049824,0.049565
3.1722e-05,0.049775,0.04956
3.13e-05,0.049728,0.049557
3.0829e-05,0.049684,0.049557
3.0311e-05,0.049642,0.049558
2.9748e-05,0.049603,0.049562
2.9142e-05,0.049566,0.049568
2.8494e-05,0.049532,0.049577
2.7809e-05,0.049501,0.049588
2.7086e-05,0.049473,0.049602
2.633e-05,0.049447,0.049618
2.5543e-05,0.049424,0.049637
2.4728e-05,0.049404,0.049659
2.3886e-05,0.049386,0.049684
2.3021e-05,0.049371,0.049711
2.2137e-05,0.049359,0.049742
2.1234e-05,0.04935,0.049775
2.0317e-05,0.049343,0.04981
1.9389e-05,0.049339,0.049849
1.8451e-05,0.049337,0.04989
1.7507e-05,0.049338,0.049934
1.656e-05,0.049341,0.049981
1.5612e-05,0.049347,0.05003
1.4666e-05,0.049355,0.050082
1.3724e-05,0.049365,0.050136
1.279e-05,0.049377,0.050193
1.1865e-05,0.049392,0.050252
1.0953e-05,0.049408,0.050313
1.0054e-05,0.049427,0.050376
9.1718e-06,0.049447,0.050441
8.3081e-06,0.04947,0.050508
7.4648e-06,0.049493,0.050577
6.6438e-06,0.049519,0.050647
5.8469e-06,0.049546,0.050719
5.0756e-06,0.049574,0.050792
4.3314e-06,0.049603,0.050866
3.6158e-06,0.049634,0.050941
2.9299e-06,0.049666,0.051017
2.275e-06,0.049698,0.051094
1.6519e-06,0.049732,0.051172
1.0616e-06,0.049766,0.05125
5.0487e-07,0.049801,0.051328
-1.7778e-08,0.049836,0.051407
-5.0581e-07,0.049872,0.051485
-9.5887e-07,0.049908,0.051564
-1.3767e-06,0.049943,0.051642
-1.7592e-06,0.049979,0.05172
-2.1064e-06,0.050015,0.051797
-2.4183e-06,0.050051,0.051873
-2.6953e-06,0.050086,0.051948
-2.9375e-06,0.050121,0.052023
-3.1456e-06,0.050155,0.052096
-3.32e-06,0.050189,0.052168
-3.4613e-06,0.050221,0.052239
-3.5704e-06,0.050253,0.052307
-3.648e-06,0.050284,0.052375
-3.695e-06,0.050314,0.05244
-3.7125e-06,0.050342,0.052504
-3.7016e-06,0.050369,0.052565
-3.6634e-06,0.050395,0.052625
-3.5991e-06,0.050419,0.052682
-3.51e-06,0.050442,0.052737
-3.3975e-06,0.050463,0.052789
-3.2629e-06,0.050482,0.052839
-3.1078e-06,0.050499,0.052887
-2.9337e-06,0.050515,0.052932
-2.742e-06,0.050528,0.052974
-2.5344e-06,0.050539,0.053013
-2.3124e-06,0.050549,0.05305
-2.0778e-06,0.050556,0.053084
-1.8322e-06,0.05056,0.053115
-1.5773e-06,0.050563,0.053144
-1.3147e-06,0.050563,0.05317
-1.0463e-06,0.050561,0.053193
-7.7359e-07,0.050557,0.053213
-4.9841e-07,0.05055,0.05323
-2.2244e-07,0.050541,0.053245
5.2636e-08,0.050529,0.053258
3.2513e-07,0.050515,0.053268
5.9339e-07,0.050498,0.053275
8.5578e-07,0.050479,0.053281
1.1107e-06,0.050458,0.053284
1.3565e-06,0.050434,0.053284
1.5918e-06,0.050408,0.053283
1.8149e-06,0.05038,0.05328
2.0245e-06,0.050349,0.053275
2.2191e-06,0.050316,0.053268
2.3975e-06,0.050281,0.05326
2.5583e-06,0.050244,0.05325
2.7002e-06,0.050205,0.053239
2.8222e-06,0.050164,0.053226
2.9231e-06,0.050121,0.053213
3.002e-06,0.050076,0.053198
3.0578e-06,0.05003,0.053183
3.0898e-06,0.049982,0.053167
3.0972e-06,0.049933,0.05315
3.0793e-06,0.049882,0.053132
3.0355e-06,0.04983,0.053114
2.9654e-06,0.049777,0.053095
2.8685e-06,0.049723,0.053076
2.7446e-06,0.049669,0.053057
2.5936e-06,0.049613,0.053038
2.4153e-06,0.049557,0.053018
2.2098e-06,0.049501,0.052998
1.9773e-06,0.049444,0.052978
1.7181e-06,0.049387,0.052959
1.4325e-06,0.04933,0.052939
1.1212e-06,0.049273,0.052919
7.8473e-07,0.049216,0.052899
4.2391e-07,0.049159,0.05288
3.9649e-08,0.049103,0.05286
-3.6702e-07,0.049047,0.052841
-7.9494e-07,0.048992,0.052821
-1.2428e-06,0.048937,0.052802
-1.7092e-06,0.048883,0.052783
-2.1926e-06,0.04883,0.052764
-2.6913e-06,0.048779,0.052745
-3.2035e-06,0.048728,0.052726
-3.7273e-06,0.048678,0.052707
-4.2606e-06,0.04863,0.052689
-4.8013e-06,0.048582,0.05267
-5.3471e-06,0.048537,0.052652
-5.8955e-06,0.048492,0.052633
-6.4441e-06,0.048449,0.052615
-6.9902e-06,0.048408,0.052597
-7.5312e-06,0.048368,0.052579
-8.0641e-06,0.048329,0.052561
-8.5862e-06,0.048293,0.052543
-9.0944e-06,0.048258,0.052526
-9.5857e-06,0.048225,0.052508
-1.0057e-05,0.048193,0.052491
-1.0505e-05,0.048163,0.052474
-1.0926e-05,0.048135,0.052457
-1.1318e-05,0.048109,0.05244
-1.1676e-05,0.048085,0.052424
-1.1999e-05,0.048063,0.052408
-1.2281e-05,0.048042,0.052392
-1.252e-05,0.048024,0.052377
-1.2712e-05,0.048007,0.052362
-1.2855e-05,0.047993,0.052347
-1.2945e-05,0.04798,0.052333
-1.2978e-05,0.04797,0.05232
-1.2952e-05,0.047962,0.052307
-1.2863e-05,0.047956,0.052294
-1.2708e-05,0.047952,0.052282
-1.2484e-05,0.04795,0.052271
-1.2189e-05,0.04795,0.05226
-1.182e-05,0.047953,0.052249
-1.1375e-05,0.047958,0.05224
-1.085e-05,0.047966,0.05223
-1.0244e-05,0.047975,0.052222
-9.5541e-06,0.047987,0.052214
-8.7794e-06,0.048002,0.052206
-7.918e-06,0.048019,0.0522
-6.9684e-06,0.048038,0.052193
-5.9295e-06,0.04806,0.052188
-4.8004e-06,0.048084,0.052182
-3.5805e-06,0.048111,0.052178
-2.2694e-06,0.04814,0.052173
-8.6705e-07,0.048172,0.052169
6.2626e-07,0.048207,0.052166
2.21e-06,0.048244,0.052163
3.8833e-06,0.048283,0.05216
5.6449e-06,0.048325,0.052158
7.4934e-06,0.04837,0.052156
9.4267e-06,0.048417,0.052155
1.1443e-05,0.048466,0.052153
1.3539e-05,0.048518,0.052152
1.5712e-05,0.048572,0.052151
1.796e-05,0.048628,0.05215
2.0277e-05,0.048687,0.052149
2.2661e-05,0.048748,0.052149
2.5107e-05,0.048811,0.052148
2.761e-05,0.048875,0.052148
3.0165e-05,0.048942,0.052147
3.2767e-05,0.049011,0.052147
3.541e-05,0.049081,0.052146
3.8089e-05,0.049152,0.052146
4.0797e-05,0.049226,0.052145
4.3527e-05,0.0493,0.052145
4.6273e-05,0.049376,0.052145
4.9027e-05,0.049452,0.052144
5.1783e-05,0.04953,0.052144
5.4533e-05,0.049608,0.052143
5.7269e-05,0.049687,0.052143
5.9984e-05,0.049766,0.052142
6.267e-05,0.049845,0.052141
6.5318e-05,0.049924,0.052141
6.7921e-05,0.050004,0.052141
7.0471e-05,0.050082,0.05214
7.2959e-05,0.050161,0.05214
7.5378e-05,0.050238,0.05214
7.772e-05,0.050315,0.05214
7.9977e-05,0.05039,0.05214
8.2142e-05,0.050465,0.05214
8.4207e-05,0.050537,0.05214
8.6164e-05,0.050608,0.052141
8.8008e-05,0.050678,0.052142
8.9731e-05,0.050745,0.052143
9.1327e-05,0.05081,0.052145
9.2791e-05,0.050873,0.052146
9.4117e-05,0.050933,0.052149
9.53e-05,0.05099,0.052151
9.6335e-05,0.051045,0.052154
9.7219e-05,0.051096,0.052158
9.7948e-05,0.051145,0.052161
9.8519e-05,0.05119,0.052166
9.8931e-05,0.051232,0.052171
9.9182e-05,0.051271,0.052176
9.927e-05,0.051306,0.052182
9.9196e-05,0.051337,0.052188
9.8959e-05,0.051365,0.052195
9.8561e-05,0.051389,0.052203
9.8003e-05,0.051409,0.052211
9.7288e-05,0.051425,0.052221
9.6418e-05,0.051437,0.05223
9.5396e-05,0.051446,0.052241
9.4227e-05,0.051451,0.052252
9.2915e-05,0.051451,0.052264
9.1465e-05,0.051448,0.052276
8.9882e-05,0.051441,0.052289
8.8172e-05,0.051431,0.052304
8.6342e-05,0.051416,0.052318
8.4397e-05,0.051398,0.052334
8.2345e-05,0.051376,0.052351
8.0194e-05,0.051351,0.052368
7.7949e-05,0.051323,0.052386
7.5619e-05,0.051291,0.052405
7.3212e-05,0.051256,0.052425
7.0735e-05,0.051218,0.052445
6.8197e-05,0.051177,0.052467
6.5605e-05,0.051133,0.052489
6.2967e-05,0.051087,0.052512
6.0292e-05,0.051038,0.052536
5.7586e-05,0.050987,0.05256
5.4859e-05,0.050933,0.052586
5.2118e-05,0.050878,0.052612
4.937e-05,0.050821,0.052639
4.6623e-05,0.050762,0.052667
4.3883e-05,0.050702,0.052695
4.1159e-05,0.050641,0.052725
3.8456e-05,0.050578,0.052754
3.5781e-05,0.050515,0.052785
3.3141e-05,0.050451,0.052816
3.0541e-05,0.050386,0.052848
2.7986e-05,0.050321,0.05288
2.5483e-05,0.050256,0.052913
2.3036e-05,0.050192,0.052946
2.065e-05,0.050127,0.05298
1.8328e-05,0.050063,0.053014
1.6076e-05,0.049999,0.053048
1.3896e-05,0.049936,0.053082
1.1791e-05,0.049875,0.053117
9.7657e-06,0.049814,0.053152
7.8213e-06,0.049755,0.053186
5.9601e-06,0.049697,0.053221
4.1842e-06,0.04964,0.053255
2.495e-06,0.049586,0.05329
8.937e-07,0.049533,0.053324
-6.1889e-07,0.049483,0.053357
-2.0422e-06,0.049434,0.05339
-3.376e-06,0.049388,0.053423
-4.6203e-06,0.049344,0.053455
-5.7756e-06,0.049302,0.053486
-6.8423e-06,0.049263,0.053517
-7.8214e-06,0.049227,0.053546
-8.7141e-06,0.049193,0.053575
-9.5216e-06,0.049162,0.053602
-1.0246e-05,0.049134,0.053628
-1.0888e-05,0.049108,0.053653
-1.145e-05,0.049086,0.053677
-1.1935e-05,0.049066,0.053699
-1.2344e-05,0.049049,0.05372
-1.2681e-05,0.049035,0.05374
-1.2947e-05,0.049024,0.053758
-1.3146e-05,0.049015,0.053774
-1.3279e-05,0.04901,0.053789
-1.3352e-05,0.049007,0.053802
-1.3365e-05,0.049007,0.053814
-1.3322e-05,0.049009,0.053824
-1.3227e-05,0.049014,0.053832
-1.3082e-05,0.049022,0.053838
-1.289e-05,0.049032,0.053843
-1.2655e-05,0.049044,0.053846
-1.2381e-05,0.049058,0.053848
-1.2069e-05,0.049075,0.053848
-1.1723e-05,0.049093,0.053846
-1.1347e-05,0.049113,0.053844
-1.0943e-05,0.049135,0.053839
-1.0514e-05,0.049159,0.053834
-1.0064e-05,0.049183,0.053827
-9.5949e-06,0.049209,0.053819
-9.1099e-06,0.049236,0.05381
-8.6115e-06,0.049264,0.0538
-8.1026e-06,0.049292,0.053789
-7.5857e-06,0.049321,0.053778
-7.0632e-06,0.04935,0.053766
-6.5374e-06,0.04938,0.053753
-6.0107e-06,0.049409,0.05374
-5.4851e-06,0.049438,0.053727
-4.9628e-06,0.049467,0.053714
-4.4455e-06,0.049495,0.053702
-3.9352e-06,0.049522,0.053689
-3.4335e-06,0.049548,0.053677
-2.942e-06,0.049573,0.053665
-2.4621e-06,0.049596,0.053655
-1.9952e-06,0.049618,0.053645
-1.5425e-06,0.049639,0.053636
-1.1051e-06,0.049657,0.053628
-6.8397e-07,0.049674,0.053621
-2.8004e-07,0.049688,0.053616
1.0595e-07,0.0497,0.053613
4.7334e-07,0.049709,0.053611
8.2156e-07,0.049716,0.053611
1.1502e-06,0.049721,0.053613
1.4588e-06,0.049722,0.053616
1.7472e-06,0.049721,0.053622
2.0152e-06,0.049717,0.05363
2.2627e-06,0.049709,0.053641
2.4897e-06,0.049699,0.053653
2.6963e-06,0.049686,0.053668
2.8827e-06,0.04967,0.053686
3.049e-06,0.049651,0.053706
3.1957e-06,0.049628,0.053728
3.323e-06,0.049603,0.053753
3.4313e-06,0.049575,0.05378
3.5212e-06,0.049544,0.053809
3.5931e-06,0.04951,0.053841
3.6477e-06,0.049473,0.053876
3.6855e-06,0.049434,0.053913
3.7071e-06,0.049392,0.053952
3.7133e-06,0.049348,0.053993
3.7048e-06,0.049302,0.054037
3.6822e-06,0.049254,0.054082
3.6464e-06,0.049204,0.05413
3.598e-06,0.049152,0.05418
3.538e-06,0.049098,0.054231
3.4669e-06,0.049044,0.054285
3.3858e-06,0.048988,0.05434
3.2952e-06,0.048931,0.054396
3.1961e-06,0.048873,0.054454
3.0893e-06,0.048816,0.054513
2.9754e-06,0.048757,0.054574
2.8553e-06,0.048699,0.054635
2.7297e-06,0.048641,0.054698
2.5994e-06,0.048583,0.054761
2.4651e-06,0.048526,0.054825
2.3276e-06,0.04847,0.05489
2.1874e-06,0.048414,0.054955
2.0453e-06,0.04836,0.05502
1.9019e-06,0.048308,0.055086
1.7578e-06,0.048257,0.055152
1.6136e-06,0.048208,0.055217
1.4699e-06,0.048161,0.055283
1.3272e-06,0.048116,0.055348
1.1861e-06,0.048073,0.055412
1.0469e-06,0.048033,0.055476
9.1019e-07,0.047996,0.05554
7.7632e-07,0.047961,0.055603
6.4568e-07,0.047929,0.055664
5.1864e-07,0.047901,0.055725
3.9551e-07,0.047875,0.055785
2.766e-07,0.047852,0.055843
1.6215e-07,0.047833,0.0559
5.2413e-08,0.047817,0.055956
-5.2416e-08,0.047804,0.05601
-1.5216e-07,0.047795,0.056062
-2.4667e-07,0.047789,0.056113
-3.3583e-07,0.047786,0.056161
-4.1954e-07,0.047786,0.056208
-4.9773e-07,0.04779,0.056253
-5.7037e-07,0.047797,0.056296
-6.3742e-07,0.047807,0.056337
-6.9889e-07,0.047821,0.056376
-7.5481e-07,0.047837,0.056413
-8.0522e-07,0.047856,0.056447
-8.5018e-07,0.047879,0.056479
-8.8977e-07,0.047904,0.056509
-9.2409e-07,0.047931,0.056536
-9.5326e-07,0.047961,0.056562
-9.774e-07,0.047994,0.056584
-9.9666e-07,0.048029,0.056605
-1.0112e-06,0.048065,0.056623
-1.0211e-06,0.048104,0.056638
-1.0267e-06,0.048145,0.056651
-1.0281e-06,0.048187,0.056662
-1.0254e-06,0.048231,0.056671
-1.019e-06,0.048276,0.056677
-1.0089e-06,0.048323,0.056681
-9.9539e-07,0.04837,0.056682
-9.7871e-07,0.048418,0.056682
-9.5904e-07,0.048467,0.056679
-9.3661e-07,0.048516,0.056674
-9.1163e-07,0.048566,0.056667
-8.8432e-07,0.048616,0.056659
-8.5488e-07,0.048666,0.056648
-8.2354e-07,0.048716,0.056635
-7.905e-07,0.048766,0.056621
-7.5597e-07,0.048815,0.056605
-7.2015e-07,0.048863,0.056587
-6.8324e-07,0.048911,0.056568
-6.4543e-07,0.048959,0.056548
-6.0691e-07,0.049005,0.056525
-5.6786e-07,0.04905,0.056502
-5.2847e-07,0.049094,0.056478
-4.8888e-07,0.049136,0.056452
-4.4928e-07,0.049177,0.056425
-4.098e-07,0.049217,0.056398
-3.706e-07,0.049255,0.056369
-3.3181e-07,0.049291,0.05634
-2.9356e-07,0.049325,0.05631
-2.5598e-07,0.049357,0.05628
-2.1918e-07,0.049388,0.056249
-1.8326e-07,0.049416,0.056218
-1.4832e-07,0.049442,0.056186
-1.1446e-07,0.049466,0.056154
-8.1737e-08,0.049488,0.056123
-5.024e-08,0.049508,0.056091
-2.0028e-08,0.049525,0.056059
8.8423e-09,0.04954,0.056027
3.6323e-08,0.049552,0.055996
6.2374e-08,0.049562,0.055965
8.6961e-08,0.049569,0.055934
1.1006e-07,0.049574,0.055904
1.3165e-07,0.049577,0.055874
1.5172e-07,0.049577,0.055845
1.7026e-07,0.049574,0.055817
1.8727e-07,0.049569,0.055789
2.0277e-07,0.049561,0.055763
2.1675e-07,0.049551,0.055737
2.2924e-07,0.049538,0.055712
2.4027e-07,0.049523,0.055688
2.4985e-07,0.049505,0.055666
2.5802e-07,0.049485,0.055644
2.6481e-07,0.049463,0.055624
2.7026e-07,0.049438,0.055605
2.7441e-07,0.049411,0.055587
2.7731e-07,0.049382,0.055571
2.7901e-07,0.049351,0.055556
2.7955e-07,0.049318,0.055543
2.7898e-07,0.049282,0.055531
2.7737e-07,0.049245,0.05552
2.7477e-07,0.049206,0.055511
2.7123e-07,0.049165,0.055504
2.6681e-07,0.049122,0.055499
2.6157e-07,0.049078,0.055495
2.5557e-07,0.049033,0.055493
2.4886e-07,0.048986,0.055492
2.4151e-07,0.048937,0.055494
2.3357e-07,0.048888,0.055497
2.2511e-07,0.048838,0.055502
2.1618e-07,0.048786,0.055509
2.0683e-07,0.048734,0.055518
1.9712e-07,0.048681,0.055529
1.8711e-07,0.048628,0.055541
1.7685e-07,0.048574,0.055556
1.6639e-07,0.04852,0.055572
1.5578e-07,0.048466,0.055591
1.4507e-07,0.048412,0.055611
1.343e-07,0.048358,0.055634
1.2351e-07,0.048305,0.055658
1.1276e-07,0.048251,0.055684
1.0208e-07,0.048199,0.055712
9.1506e-08,0.048146,0.055742
8.1076e-08,0.048095,0.055774
7.0823e-08,0.048045,0.055808
6.0778e-08,0.047996,0.055844
5.097e-08,0.047948,0.055881
4.1427e-08,0.047901,0.055921
3.2171e-08,0.047856,0.055961
2.3226e-08,0.047812,0.056004
1.4612e-08,0.04777,0.056048
6.345e-09,0.04773,0.056094
-1.558e-09,0.047691,0.056141
-9.0842e-09,0.047655,0.05619
-1.6222e-08,0.047621,0.05624
-2.2962e-08,0.047589,0.056291
-2.9298e-08,0.047559,0.056343
-3.5223e-08,0.047532,0.056397
-4.0734e-08,0.047507,0.056451
-4.583e-08,0.047485,0.056507
-5.051e-08,0.047465,0.056563
-5.4775e-08,0.047448,0.05662
-5.8629e-08,0.047433,0.056677
-6.2077e-08,0.047422,0.056735
-6.5123e-08,0.047413,0.056794
-6.7775e-08,0.047406,0.056852
-7.0042e-08,0.047403,0.056911
-7.1932e-08,0.047402,0.05697
-7.3456e-08,0.047405,0.057028
-7.4626e-08,0.04741,0.057086
-7.5453e-08,0.047418,0.057144
-7.5951e-08,0.047428,0.057202
-7.6132e-08,0.047442,0.057259
-7.6012e-08,0.047458,0.057314
-7.5604e-08,0.047476,0.057369
-7.4924e-08,0.047497,0.057423
-7.3987e-08,0.047521,0.057476
-7.2808e-08,0.047547,0.057527
-7.1405e-08,0.047576,0.057577
-6.9792e-08,0.047607,0.057625
-6.7986e-08,0.04764,0.057672
-6.6003e-08,0.047675,0.057716
-6.3858e-08,0.047712,0.057759
-6.1568e-08,0.047751,0.057799
-5.9148e-08,0.047791,0.057837
-5.6614e-08,0.047834,0.057872
-5.398e-08,0.047877,0.057905
-5.1262e-08,0.047922,0.057935
-4.8474e-08,0.047968,0.057962
-4.563e-08,0.048016,0.057987
-4.2743e-08,0.048064,0.058008
-3.9828e-08,0.048113,0.058026
-3.6895e-08,0.048162,0.058041
-3.3958e-08,0.048212,0.058053
-3.1028e-08,0.048263,0.058061
-2.8116e-08,0.048313,0.058066
-2.5232e-08,0.048364,0.058068
-2.2387e-08,0.048415,0.058066
-1.9588e-08,0.048465,0.05806
-1.6846e-08,0.048515,0.058051
-1.4167e-08,0.048564,0.058038
-1.1559e-08,0.048613,0.058022
-9.0293e-09,0.048661,0.058002
-6.5834e-09,0.048708,0.057979
-4.2268e-09,0.048754,0.057952
-1.9646e-09,0.048799,0.057922
1.9903e-10,0.048843,0.057888
2.2604e-09,0.048886,0.057851
4.2163e-09,0.048927,0.057811
6.0641e-09,0.048966,0.057768
7.8019e-09,0.049004,0.057722
9.428e-09,0.04904,0.057673
1.0942e-08,0.049075,0.057621
1.2342e-08,0.049107,0.057567
1.3629e-08,0.049138,0.05751
1.4803e-08,0.049167,0.057451
1.5865e-08,0.049194,0.05739
1.6816e-08,0.049219,0.057327
1.7657e-08,0.049241,0.057262
1.8391e-08,0.049262,0.057196
1.902e-08,0.04928,0.057128
1.9546e-08,0.049297,0.057058
1.9972e-08,0.049311,0.056988
2.0301e-08,0.049323,0.056917
2.0536e-08,0.049333,0.056845
2.0681e-08,0.049341,0.056773
2.074e-08,0.049347,0.056701
2.0715e-08,0.04935,0.056628
2.0613e-08,0.049352,0.056556
2.0435e-08,0.049351,0.056484
2.0187e-08,0.049349,0.056413
1.9873e-08,0.049344,0.056342
1.9497e-08,0.049337,0.056273
1.9064e-08,0.049329,0.056204
1.8577e-08,0.049318,0.056137
1.8042e-08,0.049306,0.056072
1.7462e-08,0.049292,0.056008
1.6843e-08,0.049276,0.055945
1.6187e-08,0.049259,0.055885
1.55e-08,0.04924,0.055827
1.4785e-08,0.049219,0.055771
1.4047e-08,0.049197,0.055717
1.3289e-08,0.049173,0.055666
1.2516e-08,0.049148,0.055618
1.1731e-08,0.049121,0.055572
1.0937e-08,0.049093,0.055529
1.0138e-08,0.049064,0.055489
9.3383e-09,0.049034,0.055452
8.5398e-09,0.049003,0.055417
7.7458e-09,0.048971,0.055386
6.9592e-09,0.048937,0.055358
6.1827e-09,0.048903,0.055333
5.4189e-09,0.048868,0.055311
4.67e-09,0.048832,0.055292
3.9382e-09,0.048795,0.055276
3.2256e-09,0.048757,0.055264
2.534e-09,0.048719,0.055254
1.8651e-09,0.04868,0.055247
1.2204e-09,0.048641,0.055244
6.0129e-10,0.048601,0.055243
8.8887e-12,0.04856,0.055245
-5.5575e-10,0.048519,0.05525
-1.0917e-09,0.048478,0.055258
-1.5984e-09,0.048436,0.055268
-2.0751e-09,0.048393,0.055281
-2.5214e-09,0.048351,0.055297
-2.9371e-09,0.048308,0.055315
-3.3219e-09,0.048265,0.055335
-3.6759e-09,0.048221,0.055357
-3.9991e-09,0.048177,0.055382
-4.2917e-09,0.048134,0.055408
-4.554e-09,0.04809,0.055437
-4.7865e-09,0.048046,0.055467
-4.9896e-09,0.048001,0.055499
-5.164e-09,0.047957,0.055533
-5.3103e-09,0.047913,0.055568
-5.4292e-09,0.047869,0.055604
-5.5217e-09,0.047825,0.055641
-5.5885e-09,0.047781,0.05568
-5.6306e-09,0.047738,0.055719
-5.6491e-09,0.047694,0.05576
-5.6449e-09,0.047651,0.055801
-5.6192e-09,0.047609,0.055842
-5.573e-09,0.047566,0.055885
-5.5075e-09,0.047525,0.055927
-5.4239e-09,0.047483,0.05597
-5.3233e-09,0.047443,0.056013
-5.2069e-09,0.047403,0.056056
-5.0759e-09,0.047363,0.056099
-4.9314e-09,0.047325,0.056142
-4.7748e-09,0.047287,0.056185
-4.6071e-09,0.04725,0.056228
-4.4295e-09,0.047214,0.05627
-4.2432e-09,0.047179,0.056312
-4.0492e-09,0.047145,0.056353
-3.8488e-09,0.047112,0.056394
-3.6429e-09,0.047081,0.056434
-3.4327e-09,0.04705,0.056473
-3.2191e-09,0.047021,0.056512
-3.0031e-09,0.046993,0.056549
-2.7857e-09,0.046967,0.056586
-2.5677e-09,0.046941,0.056622
-2.3501e-09,0.046918,0.056657
-2.1336e-09,0.046895,0.056692
-1.9191e-09,0.046875,0.056725
-1.7072e-09,0.046855,0.056757
-1.4987e-09,0.046838,0.056787
-1.2942e-09,0.046821,0.056817
-1.0943e-09,0.046807,0.056846
-8.9963e-10,0.046793,0.056874
-7.1059e-10,0.046782,0.0569
-5.2767e-10,0.046771,0.056925
-3.5131e-10,0.046763,0.056949
-1.8187e-10,0.046755,0.056972
-1.9685e-11,0.04675,0.056994
1.3497e-10,0.046745,0.057015
2.8184e-10,0.046742,0.057034
4.2074e-10,0.04674,0.057052
5.5149e-10,0.04674,0.057069
6.7399e-10,0.04674,0.057085
7.8813e-10,0.046742,0.057099
8.9389e-10,0.046745,0.057112
9.9123e-10,0.046749,0.057125
1.0802e-09,0.046753,0.057135
1.1608e-09,0.046759,0.057145
1.2332e-09,0.046765,0.057154
1.2974e-09,0.046772,0.057161
1.3536e-09,0.046779,0.057167
1.4019e-09,0.046787,0.057173
1.4426e-09,0.046795,0.057177
1.4758e-09,0.046804,0.05718
1.5018e-09,0.046813,0.057181
1.5207e-09,0.046821,0.057182
1.5329e-09,0.04683,0.057182
1.5386e-09,0.046839,0.057181
1.5382e-09,0.046848,0.057179
1.5318e-09,0.046856,0.057176
1.5198e-09,0.046864,0.057172
1.5025e-09,0.046872,0.057167
1.4803e-09,0.04688,0.057161
1.4533e-09,0.046887,0.057154
1.4221e-09,0.046893,0.057147
1.3868e-09,0.046899,0.057139
1.3479e-09,0.046904,0.05713
1.3055e-09,0.046909,0.057121
1.2602e-09,0.046912,0.057111
1.2121e-09,0.046916,0.0571
1.1615e-09,0.046918,0.057089
1.1089e-09,0.04692,0.057077
1.0545e-09,0.046921,0.057065
9.9856e-10,0.046921,0.057053
9.4141e-10,0.046921,0.05704
8.8331e-10,0.04692,0.057027
8.2453e-10,0.046918,0.057014
7.6533e-10,0.046916,0.057001
7.0596e-10,0.046913,0.056987
6.4665e-10,0.04691,0.056973
5.8764e-10,0.046907,0.05696
5.2913e-10,0.046903,0.056946
4.7133e-10,0.046899,0.056933
4.1442e-10,0.046894,0.05692
3.5859e-10,0.04689,0.056907
3.0399e-10,0.046886,0.056894
2.5079e-10,0.046881,0.056881
1.9912e-10,0.046877,0.056869
1.491e-10,0.046873,0.056857
1.0086e-10,0.04687,0.056845
5.449e-11,0.046866,0.056834
1.0088e-11,0.046864,0.056824
-3.2269e-11,0.046862,0.056814
-7.2514e-11,0.046861,0.056805
-1.1059e-10,0.04686,0.056796
-1.4645e-10,0.046861,0.056788
-1.8007e-10,0.046862,0.056781
-2.1141e-10,0.046864,0.056774
-2.4047e-10,0.046868,0.056769
-2.6724e-10,0.046873,0.056764
-2.9172e-10,0.046878,0.05676
-3.1393e-10,0.046886,0.056757
-3.3389e-10,0.046894,0.056754
-3.5162e-10,0.046904,0.056753
-3.6717e-10,0.046915,0.056753
-3.8057e-10,0.046927,0.056753
-3.9187e-10,0.046941,0.056755
-4.0114e-10,0.046956,0.056758
-4.0842e-10,0.046973,0.056761
-4.1379e-10,0.046991,0.056766
-4.1731e-10,0.04701,0.056772
-4.1906e-10,0.04703,0.056779
-4.1911e-10,0.047052,0.056787
-4.1754e-10,0.047075,0.056796
-4.1444e-10,0.047099,0.056807
-4.0989e-10,0.047125,0.056818
-4.0397e-10,0.047151,0.05683
-3.9677e-10,0.047178,0.056844
-3.8838e-10,0.047207,0.056859
-3.7889e-10,0.047236,0.056875
-3.6838e-10,0.047265,0.056892
-3.5694e-10,0.047296,0.05691
-3.4467e-10,0.047327,0.056929
-3.3164e-10,0.047358,0.056949
-3.1795e-10,0.04739,0.056971
-3.0368e-10,0.047422,0.056993
-2.889e-10,0.047454,0.057017
-2.737e-10,0.047486,0.057042
-2.5817e-10,0.047519,0.057067
-2.4236e-10,0.047551,0.057094
-2.2637e-10,0.047582,0.057122
-2.1025e-10,0.047614,0.057151
-1.9408e-10,0.047644,0.057181
-1.7792e-10,0.047675,0.057213
-1.6183e-10,0.047704,0.057245
-1.4587e-10,0.047733,0.057278
-1.301e-10,0.047761,0.057313
-1.1457e-10,0.047788,0.057348
-9.9329e-11,0.047814,0.057385
-8.4418e-11,0.047839,0.057423
-6.9881e-11,0.047862,0.057462
-5.5758e-11,0.047884,0.057502
-4.2082e-11,0.047905,0.057543
-2.8886e-11,0.047924,0.057585
-1.6197e-11,0.047941,0.057628
-4.042e-12,0.047957,0.057673
7.5584e-12,0.047971,0.057718
1.8585e-11,0.047984,0.057765
2.9023e-11,0.047994,0.057813
3.8859e-11,0.048003,0.057862
4.8084e-11,0.04801,0.057912
5.669e-11,0.048015,0.057963
6.4674e-11,0.048018,0.058015
7.2034e-11,0.048019,0.058068
7.8771e-11,0.048018,0.058122
8.4889e-11,0.048015,0.058177
9.0392e-11,0.048009,0.058233
9.5288e-11,0.048002,0.05829
9.9588e-11,0.047994,0.058348
1.033e-10,0.047983,0.058406
1.0644e-10,0.04797,0.058465
1.0903e-10,0.047955,0.058525
1.1107e-10,0.047938,0.058586
1.1259e-10,0.04792,0.058647
1.136e-10,0.0479,0.058709
1.1413e-10,0.047878,0.058771
1.1419e-10,0.047855,0.058834
1.1381e-10,0.04783,0.058896
1.1301e-10,0.047804,0.058959
1.1181e-10,0.047776,0.059022
1.1024e-10,0.047747,0.059085
1.0832e-10,0.047717,0.059147
1.0606e-10,0.047686,0.05921
1.0351e-10,0.047654,0.059272
1.0068e-10,0.047621,0.059333
9.7588e-11,0.047588,0.059394
9.4268e-11,0.047554,0.059454
9.0741e-11,0.047519,0.059513
8.703e-11,0.047484,0.059571
8.3157e-11,0.047449,0.059628
7.9146e-11,0.047415,0.059684
7.5018e-11,0.04738,0.059738
7.0794e-11,0.047345,0.059791
6.6496e-11,0.047311,0.059842
6.2143e-11,0.047278,0.059891
5.7755e-11,0.047245,0.059938
5.3351e-11,0.047213,0.059983
4.8947e-11,0.047182,0.060025
4.4562e-11,0.047152,0.060065
4.021e-11,0.047124,0.060103
3.5908e-11,0.047097,0.060138
3.167e-11,0.047072,0.060171
2.7508e-11,0.047048,0.0602
2.3435e-11,0.047027,0.060227
1.9464e-11,0.047008,0.06025
1.5603e-11,0.046991,0.06027
1.1864e-11,0.046976,0.060287
8.2547e-12,0.046964,0.0603
4.7828e-12,0.046954,0.06031
1.4554e-12,0.046947,0.060317
-1.7215e-12,0.046943,0.060319
-4.7426e-12,0.046942,0.060318
-7.6037e-12,0.046944,0.060314
-1.0301e-11,0.046949,0.060305
-1.2832e-11,0.046958,0.060293
-1.5195e-11,0.04697,0.060276
-1.7389e-11,0.046985,0.060256
-1.9412e-11,0.047004,0.060232
-2.1266e-11,0.047026,0.060204
-2.2951e-11,0.047051,0.060172
-2.4468e-11,0.047081,0.060135
-2.582e-11,0.047113,0.060095
-2.7009e-11,0.04715,0.060051
-2.8038e-11,0.047189,0.060003
-2.891e-11,0.047233,0.059952
-2.9631e-11,0.047279,0.059896
-3.0203e-11,0.04733,0.059836
-3.0632e-11,0.047383,0.059773
-3.0923e-11,0.04744,0.059706
-3.1081e-11,0.047499,0.059636
-3.1112e-11,0.047562,0.059561
-3.1021e-11,0.047628,0.059484
-3.0815e-11,0.047697,0.059403
-3.05e-11,0.047768,0.059319
-3.0082e-11,0.047841,0.059232
-2.9568e-11,0.047917,0.059141
-2.8964e-11,0.047995,0.059048
-2.8277e-11,0.048076,0.058952
-2.7513e-11,0.048157,0.058853
-2.6679e-11,0.048241,0.058752
-2.5782e-11,0.048326,0.058648
-2.4827e-11,0.048412,0.058543
-2.3821e-11,0.048499,0.058435
-2.277e-11,0.048587,0.058325
-2.1681e-11,0.048676,0.058214
-2.056e-11,0.048765,0.058101
-1.9412e-11,0.048854,0.057987
-1.8243e-11,0.048943,0.057872
-1.7059e-11,0.049032,0.057755
-1.5864e-11,0.04912,0.057638
-1.4665e-11,0.049208,0.057521
-1.3465e-11,0.049295,0.057403
-1.2269e-11,0.04938,0.057285
-1.1083e-11,0.049465,0.057168
-9.9091e-12,0.049548,0.05705
-8.7524e-12,0.049629,0.056934
-7.6162e-12,0.049708,0.056818
-6.504e-12,0.049786,0.056703
-5.4189e-12,0.049861,0.056589
-4.3639e-12,0.049934,0.056477
-3.3415e-12,0.050004,0.056366
-2.3543e-12,0.050071,0.056258
-1.4043e-12,0.050136,0.056151
-4.9347e-13,0.050197,0.056048
3.765e-13,0.050256,0.055946
1.2042e-12,0.050311,0.055848
1.9884e-12,0.050363,0.055752
2.7281e-12,0.050411,0.05566
3.4227e-12,0.050456,0.055571
4.0714e-12,0.050498,0.055485
4.674e-12,0.050535,0.055404
5.2303e-12,0.050569,0.055326
5.7403e-12,0.050599,0.055253
6.2043e-12,0.050625,0.055184
6.6226e-12,0.050647,0.055119
6.9957e-12,0.050665,0.055059
7.3244e-12,0.05068,0.055004
7.6094e-12,0.05069,0.054953
7.8517e-12,0.050696,0.054908
8.0524e-12,0.050699,0.054867
8.2126e-12,0.050697,0.054832
8.3337e-12,0.050692,0.054802
8.4169e-12,0.050682,0.054777
8.4638e-12,0.050669,0.054757
8.4759e-12,0.050653,0.054743
8.4548e-12,0.050632,0.054735
8.4021e-12,0.050608,0.054731
8.3194e-12,0.050581,0.054734
8.2086e-12,0.05055,0.054741
8.0713e-12,0.050516,0.054755
7.9094e-12,0.050479,0.054773
7.7246e-12,0.050438,0.054797
7.5187e-12,0.050395,0.054827
7.2935e-12,0.050349,0.054862
7.0507e-12,0.0503,0.054902
6.7922e-12,0.050249,0.054947
6.5196e-12,0.050196,0.054997
6.2347e-12,0.05014,0.055053
5.9391e-12,0.050082,0.055113
5.6345e-12,0.050023,0.055179
5.3225e-12,0.049962,0.055249
5.0046e-12,0.049899,0.055324
4.6824e-12,0.049834,0.055403
4.3572e-12,0.049769,0.055487
4.0305e-12,0.049703,0.055574
3.7036e-12,0.049635,0.055666
3.3778e-12,0.049567,0.055762
3.0542e-12,0.049498,0.055862
2.7341e-12,0.049429,0.055966
2.4184e-12,0.04936,0.056072
2.1082e-12,0.04929,0.056182
1.8045e-12,0.049221,0.056296
1.5081e-12,0.049152,0.056412
1.2197e-12,0.049083,0.056531
9.4023e-13,0.049015,0.056652
6.7022e-13,0.048947,0.056776
4.1029e-13,0.048881,0.056901
1.6099e-13,0.048815,0.057029
-7.7241e-14,0.04875,0.057158
-3.0399e-13,0.048686,0.057289
-5.1893e-13,0.048623,0.057421
-7.2178e-13,0.048562,0.057554
-9.1232e-13,0.048503,0.057688
-1.0904e-12,0.048445,0.057822
-1.2559e-12,0.048388,0.057957
-1.4089e-12,0.048333,0.058092
-1.5492e-12,0.048281,0.058226
-1.6769e-12,0.04823,0.058361
-1.7922e-12,0.048181,0.058494
-1.8952e-12,0.048133,0.058627
-1.9861e-12,0.048089,0.058759
-2.065e-12,0.048046,0.05889
-2.1323e-12,0.048005,0.059019
-2.1881e-12,0.047966,0.059146
-2.233e-12,0.04793,0.059272
-2.2671e-12,0.047896,0.059395
-2.2909e-12,0.047864,0.059517
-2.3047e-12,0.047834,0.059635
-2.309e-12,0.047806,0.059751
-2.3043e-12,0.047781,0.059865
-2.2908e-12,0.047758,0.059975
-2.2692e-12,0.047736,0.060082
-2.2398e-12,0.047717,0.060186
-2.2032e-12,0.047701,0.060286
-2.1598e-12,0.047686,0.060383
-2.1101e-12,0.047673,0.060476
-2.0546e-12,0.047662,0.060565
-1.9938e-12,0.047653,0.06065
-1.9282e-12,0.047646,0.060731
-1.8582e-12,0.047641,0.060808
-1.7843e-12,0.047637,0.060881
-1.707e-12,0.047635,0.060949
-1.6268e-12,0.047635,0.061013
-1.5441e-12,0.047637,0.061073
-1.4593e-12,0.04764,0.061128
-1.3729e-12,0.047644,0.061178
-1.2852e-12,0.04765,0.061225
-1.1967e-12,0.047657,0.061266
-1.1077e-12,0.047665,0.061303
-1.0186e-12,0.047675,0.061336
-9.2982e-13,0.047686,0.061364
-8.416e-13,0.047698,0.061388
-7.5427e-13,0.04771,0.061407
-6.6813e-13,0.047724,0.061422
-5.8346e-13,0.047739,0.061433
-5.0051e-13,0.047755,0.06144
-4.1953e-13,0.047771,0.061442
-3.4073e-13,0.047788,0.061441
-2.6432e-13,0.047806,0.061435
-1.9048e-13,0.047824,0.061426
-1.1936e-13,0.047843,0.061413
-5.1126e-14,0.047862,0.061396
1.4106e-14,0.047881,0.061376
7.6222e-14,0.047901,0.061353
1.3513e-13,0.047922,0.061326
1.9075e-13,0.047942,0.061297
2.4303e-13,0.047963,0.061264
2.9191e-13,0.047983,0.061229
3.3738e-13,0.048004,0.061192
3.7941e-13,0.048025,0.061152
4.1801e-13,0.048045,0.06111
4.5319e-13,0.048065,0.061065
4.8496e-13,0.048086,0.06102
5.1338e-13,0.048105,0.060972
5.3849e-13,0.048125,0.060923
5.6034e-13,0.048144,0.060873
5.7901e-13,0.048162,0.060821
5.9457e-13,0.04818,0.060769
6.071e-13,0.048197,0.060716
6.1671e-13,0.048214,0.060662
6.235e-13,0.04823,0.060609
6.2756e-13,0.048245,0.060554
6.2901e-13,0.048259,0.0605
6.2797e-13,0.048272,0.060446
6.2456e-13,0.048284,0.060393
6.189e-13,0.048295,0.060339
6.1112e-13,0.048305,0.060287
6.0135e-13,0.048314,0.060235
5.8972e-13,0.048321,0.060184
5.7637e-13,0.048328,0.060134
5.6142e-13,0.048333,0.060085
5.4501e-13,0.048337,0.060038
5.2727e-13,0.048339,0.059992
5.0833e-13,0.04834,0.059947
4.8831e-13,0.048339,0.059904
4.6736e-13,0.048337,0.059863
4.4559e-13,0.048334,0.059824
4.2312e-13,0.048329,0.059786
4.0008e-13,0.048323,0.05975
3.7657e-13,0.048315,0.059717
3.5272e-13,0.048305,0.059685
3.2863e-13,0.048294,0.059656
3.044e-13,0.048282,0.059628
2.8014e-13,0.048268,0.059603
2.5593e-13,0.048253,0.05958
2.3188e-13,0.048237,0.059559
2.0806e-13,0.048219,0.059541
1.8455e-13,0.0482,0.059524
1.6144e-13,0.04818,0.05951
1.3879e-13,0.048159,0.059497
1.1667e-13,0.048137,0.059487
9.5134e-14,0.048114,0.059479
7.4244e-14,0.04809,0.059472
5.4049e-14,0.048066,0.059468
3.4594e-14,0.048041,0.059465
1.5918e-14,0.048015,0.059464
-1.9432e-15,0.047989,0.059465
-1.8958e-14,0.047963,0.059467
-3.5102e-14,0.047937,0.059471
-5.0353e-14,0.047912,0.059476
-6.4693e-14,0.047886,0.059482
-7.8112e-14,0.047861,0.05949
-9.06e-14,0.047836,0.059498
-1.0215e-13,0.047812,0.059508
-1.1277e-13,0.047789,0.059518
-1.2245e-13,0.047766,0.059528
-1.3121e-13,0.047745,0.059539
-1.3905e-13,0.047726,0.05955
-1.4599e-13,0.047707,0.059562
-1.5204e-13,0.047691,0.059573
-1.5722e-13,0.047676,0.059585
-1.6155e-13,0.047663,0.059596
-1.6505e-13,0.047652,0.059607
-1.6775e-13,0.047643,0.059617
-1.6968e-13,0.047636,0.059627
-1.7087e-13,0.047632,0.059635
-1.7134e-13,0.04763,0.059643
-1.7113e-13,0.047631,0.05965
-1.7027e-13,0.047634,0.059655
-1.6879e-13,0.04764,0.05966
-1.6674e-13,0.047649,0.059662
-1.6413e-13,0.047661,0.059663
-1.6102e-13,0.047675,0.059663
-1.5743e-13,0.047692,0.05966
-1.534e-13,0.047712,0.059656
-1.4897e-13,0.047735,0.05965
-1.4418e-13,0.047761,0.059641
-1.3905e-13,0.04779,0.059631
-1.3363e-13,0.047821,0.059618
-1.2795e-13,0.047855,0.059602
-1.2204e-13,0.047891,0.059585
-1.1594e-13,0.047931,0.059565
-1.0968e-13,0.047972,0.059542
-1.0329e-13,0.048016,0.059517
-9.6799e-14,0.048062,0.05949
-9.0242e-14,0.048111,0.059459
-8.3644e-14,0.048161,0.059426
-7.7034e-14,0.048213,0.059391
-7.0438e-14,0.048267,0.059353
-6.3879e-14,0.048322,0.059312
-5.7382e-14,0.048378,0.059269
-5.0969e-14,0.048436,0.059223
-4.466e-14,0.048495,0.059175
-3.8475e-14,0.048554,0.059124
-3.2432e-14,0.048614,0.059071
-2.6548e-14,0.048674,0.059015
-2.0838e-14,0.048734,0.058958
-1.5315e-14,0.048795,0.058898
-9.9923e-15,0.048855,0.058836
-4.8811e-15,0.048915,0.058772
9.1539e-18,0.048974,0.058706
4.6698e-15,0.049032,0.058638
9.0938e-15,0.049089,0.058569
1.3275e-14,0.049145,0.058498
1.7209e-14,0.049199,0.058427
2.0892e-14,0.049252,0.058353
2.4322e-14,0.049303,0.058279
2.7496e-14,0.049352,0.058204
3.0416e-14,0.049399,0.058129
3.3082e-14,0.049444,0.058053
3.5495e-14,0.049487,0.057976
3.7658e-14,0.049526,0.0579
3.9575e-14,0.049564,0.057824
4.1249e-14,0.049598,0.057747
4.2685e-14,0.04963,0.057672
4.389e-14,0.049658,0.057597
4.4868e-14,0.049684,0.057522
4.5628e-14,0.049706,0.057449
4.6177e-14,0.049725,0.057377
4.6522e-14,0.049741,0.057307
4.6671e-14,0.049754,0.057238
4.6633e-14,0.049764,0.057171
4.6418e-14,0.04977,0.057105
4.6033e-14,0.049773,0.057042
4.549e-14,0.049772,0.056981
4.4796e-14,0.049769,0.056923
4.3963e-14,0.049762,0.056868
4.2999e-14,0.049752,0.056815
4.1914e-14,0.049739,0.056765
4.0719e-14,0.049723,0.056718
3.9423e-14,0.049704,0.056675
3.8036e-14,0.049682,0.056635
3.6568e-14,0.049658,0.056598
3.5027e-14,0.049631,0.056565
3.3424e-14,0.049601,0.056536
3.1767e-14,0.049569,0.056511
3.0066e-14,0.049534,0.05649
2.8329e-14,0.049498,0.056472
2.6563e-14,0.049459,0.056459
2.4779e-14,0.049418,0.05645
2.2982e-14,0.049376,0.056445
2.1182e-14,0.049332,0.056444
1.9384e-14,0.049287,0.056448
1.7596e-14,0.04924,0.056456
1.5824e-14,0.049193,0.056468
1.4074e-14,0.049144,0.056485
1.2352e-14,0.049095,0.056506
1.0663e-14,0.049045,0.056532
9.0127e-15,0.048994,0.056561
7.4048e-15,0.048943,0.056595
5.8439e-15,0.048892,0.056633
4.3337e-15,0.048841,0.056676
2.8776e-15,0.04879,0.056722
1.4788e-15,0.04874,0.056773
1.3996e-16,0.04869,0.056828
-1.1366e-15,0.04864,0.056886
-2.3489e-15,0.048592,0.056948
-3.4952e-15,0.048544,0.057014
-4.5743e-15,0.048497,0.057083
-5.585e-15,0.048451,0.057156
-6.5269e-15,0.048407,0.057232
-7.3993e-15,0.048364,0.057311
-8.2024e-15,0.048322,0.057393
-8.9361e-15,0.048282,0.057478
-9.6009e-15,0.048244,0.057565
-1.0198e-14,0.048208,0.057655
-1.0727e-14,0.048173,0.057747
-1.119e-14,0.048141,0.057841
-1.1588e-14,0.04811,0.057937
-1.1923e-14,0.048082,0.058034
-1.2197e-14,0.048056,0.058133
-1.241e-14,0.048032,0.058233
-1.2566e-14,0.04801,0.058334
-1.2665e-14,0.04799,0.058435
-1.2712e-14,0.047973,0.058537
-1.2707e-14,0.047958,0.058639
-1.2653e-14,0.047946,0.05874
-1.2554e-14,0.047936,0.058842
-1.241e-14,0.047928,0.058943
-1.2226e-14,0.047923,0.059043
-1.2003e-14,0.04792,0.059142
-1.1744e-14,0.047919,0.05924
-1.1452e-14,0.047921,0.059336
-1.1129e-14,0.047924,0.059431
-1.0779e-14,0.04793,0.059523
-1.0404e-14,0.047938,0.059613
-1.0006e-14,0.047948,0.059701
-9.5887e-15,0.04796,0.059786
-9.1537e-15,0.047975,0.059869
-8.7038e-15,0.04799,0.059948
-8.2415e-15,0.048008,0.060024
-7.7692e-15,0.048027,0.060097
-7.289e-15,0.048048,0.060166
-6.8034e-15,0.048071,0.060231
-6.3142e-15,0.048094,0.060292
-5.8238e-15,0.04812,0.06035
-5.3338e-15,0.048146,0.060403
-4.8464e-15,0.048173,0.060453
-4.3631e-15,0.048202,0.060497
-3.8857e-15,0.048231,0.060538
-3.4157e-15,0.048261,0.060574
-2.9546e-15,0.048291,0.060606
-2.5037e-15,0.048322,0.060633
-2.0644e-15,0.048354,0.060656
-1.6377e-15,0.048386,0.060674
-1.2248e-15,0.048418,0.060688
-8.2646e-16,0.04845,0.060698
-4.4367e-16,0.048482,0.060703
-7.7135e-17,0.048514,0.060703
2.725e-16,0.048546,0.0607
6.0467e-16,0.048577,0.060692
9.1893e-16,0.048608,0.06068
1.2149e-15,0.048639,0.060664
1.4923e-15,0.048669,0.060645
1.7509e-15,0.048698,0.060621
1.9907e-15,0.048726,0.060594
2.2115e-15,0.048754,0.060564
2.4134e-15,0.04878,0.060531
2.5966e-15,0.048806,0.060494
2.7611e-15,0.04883,0.060455
2.9073e-15,0.048854,0.060413
3.0354e-15,0.048876,0.060369
3.1458e-15,0.048897,0.060322
3.2389e-15,0.048916,0.060273
3.3152e-15,0.048934,0.060223
3.3751e-15,0.048951,0.060171
3.4192e-15,0.048966,0.060117
3.448e-15,0.04898,0.060062
3.4622e-15,0.048992,0.060007
3.4624e-15,0.049003,0.05995
3.4492e-15,0.049011,0.059893
3.4234e-15,0.049019,0.059836
3.3855e-15,0.049024,0.059778
3.3364e-15,0.049028,0.05972
3.2768e-15,0.04903,0.059663
3.2073e-15,0.04903,0.059606
3.1287e-15,0.049029,0.059549
3.0418e-15,0.049025,0.059494
2.9472e-15,0.04902,0.059439
2.8457e-15,0.049013,0.059385
2.738e-15,0.049005,0.059332
2.6247e-15,0.048994,0.05928
2.5067e-15,0.048982,0.05923
2.3846e-15,0.048968,0.059181
2.259e-15,0.048952,0.059134
2.1306e-15,0.048935,0.059088
2e-15,0.048916,0.059044
1.8678e-15,0.048894,0.059002
1.7347e-15,0.048872,0.058961
1.6011e-15,0.048847,0.058922
1.4676e-15,0.048821,0.058886
1.3347e-15,0.048793,0.058851
1.2029e-15,0.048764,0.058817
1.0726e-15,0.048733,0.058786
9.4434e-16,0.0487,0.058757
8.1845e-16,0.048666,0.058729
6.9531e-16,0.04863,0.058704
5.7528e-16,0.048593,0.05868
4.5865e-16,0.048555,0.058658
3.4574e-16,0.048515,0.058637
2.3679e-16,0.048474,0.058619
1.3204e-16,0.048432,0.058602
3.1695e-17,0.048388,0.058586
-6.4061e-17,0.048344,0.058572
-1.5508e-16,0.048298,0.058559
-2.4122e-16,0.048252,0.058548
-3.224e-16,0.048204,0.058538
-3.9852e-16,0.048156,0.05853
-4.6953e-16,0.048108,0.058522
-5.354e-16,0.048058,0.058516
-5.9612e-16,0.048008,0.058511
-6.5169e-16,0.047958,0.058507
-7.0214e-16,0.047907,0.058504
-7.4751e-16,0.047856,0.058501
-7.8788e-16,0.047805,0.0585
-8.2332e-16,0.047754,0.058499
-8.5392e-16,0.047702,0.0585
-8.7979e-16,0.047651,0.058501
-9.0106e-16,0.047601,0.058502
-9.1785e-16,0.04755,0.058505
-9.3032e-16,0.0475,0.058508
-9.3863e-16,0.047451,0.058512
-9.4292e-16,0.047403,0.058517
-9.4338e-16,0.047355,0.058522
-9.4018e-16,0.047308,0.058529
-9.3351e-16,0.047262,0.058536
-9.2355e-16,0.047217,0.058544
-9.105e-16,0.047174,0.058552
-8.9456e-16,0.047132,0.058562
-8.7591e-16,0.047091,0.058573
-8.5477e-16,0.047052,0.058584
-8.3132e-16,0.047014,0.058597
-8.0577e-16,0.046978,0.058611
-7.7831e-16,0.046944,0.058626
-7.4915e-16,0.046912,0.058643
-7.1846e-16,0.046882,0.058661
-6.8644e-16,0.046855,0.05868
-6.5329e-16,0.046829,0.058701
-6.1917e-16,0.046805,0.058724
-5.8426e-16,0.046784,0.058748
-5.4875e-16,0.046766,0.058775
-5.1278e-16,0.04675,0.058803
-4.7652e-16,0.046736,0.058833
-4.4014e-16,0.046725,0.058865
-4.0376e-16,0.046717,0.058899
-3.6753e-16,0.046711,0.058935
-3.3159e-16,0.046708,0.058973
-2.9605e-16,0.046708,0.059014
-2.6105e-16,0.046711,0.059056
-2.2667e-16,0.046717,0.059101
-1.9304e-16,0.046725,0.059149
-1.6025e-16,0.046737,0.059198
-1.2837e-16,0.046751,0.05925
-9.7496e-17,0.046769,0.059304
-6.7695e-17,0.046789,0.05936
-3.9031e-17,0.046812,0.059418
-1.1562e-17,0.046838,0.059478
1.4663e-17,0.046867,0.05954
3.96e-17,0.046899,0.059604
6.3215e-17,0.046934,0.05967
8.5477e-17,0.046971,0.059738
1.0637e-16,0.047012,0.059807
1.2586e-16,0.047055,0.059878
1.4396e-16,0.0471,0.059949
1.6066e-16,0.047148,0.060023
1.7595e-16,0.047199,0.060097
1.8985e-16,0.047252,0.060172
2.0236e-16,0.047308,0.060247
2.135e-16,0.047365,0.060323
2.233e-16,0.047425,0.0604
2.3178e-16,0.047487,0.060476
2.3897e-16,0.047551,0.060553
2.449e-16,0.047617,0.060629
2.4961e-16,0.047684,0.060704
2.5314e-16,0.047753,0.06078
2.5552e-16,0.047824,0.060854
2.5681e-16,0.047896,0.060927
2.5705e-16,0.047969,0.060999
2.5628e-16,0.048043,0.06107
2.5457e-16,0.048118,0.061139
2.5195e-16,0.048195,0.061206
2.4849e-16,0.048271,0.061271
2.4423e-16,0.048348,0.061334
2.3923e-16,0.048426,0.061395
2.3354e-16,0.048504,0.061453
2.2722e-16,0.048582,0.061508
2.2032e-16,0.048659,0.061561
2.129e-16,0.048737,0.061611
2.05e-16,0.048814,0.061658
1.9668e-16,0.048891,0.061702
1.88e-16,0.048967,0.061742
1.79e-16,0.049042,0.061779
1.6973e-16,0.049115,0.061813
1.6024e-16,0.049188,0.061843
1.5058e-16,0.04926,0.06187
1.408e-16,0.04933,0.061893
1.3093e-16,0.049398,0.061912
1.2102e-16,0.049465,0.061928
1.111e-16,0.049529,0.06194
1.0123e-16,0.049592,0.061949
9.1424e-17,0.049652,0.061954
8.173e-17,0.04971,0.061956
7.2174e-17,0.049766,0.061954
6.279e-17,0.049819,0.061948
5.3603e-17,0.049869,0.061939
4.4641e-17,0.049917,0.061927
3.5927e-17,0.049962,0.061912
2.7483e-17,0.050003,0.061894
1.933e-17,0.050042,0.061872
1.1484e-17,0.050077,0.061848
3.962e-18,0.050109,0.061821
-3.2225e-18,0.050138,0.061792
-1.0058e-17,0.050163,0.06176
-1.6534e-17,0.050185,0.061726
-2.2643e-17,0.050204,0.06169
-2.8378e-17,0.050219,0.061652
-3.3735e-17,0.050231,0.061612
-3.8711e-17,0.050239,0.061571
-4.3305e-17,0.050243,0.061528
-4.7516e-17,0.050244,0.061484
-5.1348e-17,0.050241,0.061439
-5.4802e-17,0.050235,0.061393
-5.7883e-17,0.050225,0.061347
-6.0597e-17,0.050212,0.0613
-6.2951e-17,0.050195,0.061252
-6.4952e-17,0.050175,0.061205
-6.6609e-17,0.050152,0.061158
-6.7932e-17,0.050125,0.06111
-6.8932e-17,0.050096,0.061064
-6.962e-17,0.050063,0.061018
-7.0008e-17,0.050027,0.060972
-7.0108e-17,0.049988,0.060928
-6.9934e-17,0.049947,0.060884
-6.9499e-17,0.049902,0.060842
-6.8817e-17,0.049855,0.060801
-6.7902e-17,0.049806,0.060762
-6.6769e-17,0.049754,0.060724
-6.5432e-17,0.049701,0.060688
-6.3906e-17,0.049645,0.060654
-6.2206e-17,0.049587,0.060622
-6.0346e-17,0.049527,0.060592
-5.8341e-17,0.049466,0.060564
-5.6206e-17,0.049403,0.060538
-5.3954e-17,0.049339,0.060514
-5.1601e-17,0.049273,0.060493
-4.9159e-17,0.049207,0.060475
-4.6642e-17,0.04914,0.060458
-4.4064e-17,0.049072,0.060444
-4.1437e-17,0.049003,0.060433
-3.8774e-17,0.048934,0.060424
-3.6086e-17,0.048865,0.060418
-3.3385e-17,0.048796,0.060415
-3.0682e-17,0.048727,0.060414
-2.7987e-17,0.048658,0.060415
-2.5311e-17,0.048589,0.060419
-2.2662e-17,0.048521,0.060426
-2.005e-17,0.048454,0.060435
-1.7482e-17,0.048388,0.060446
-1.4967e-17,0.048323,0.06046
-1.2512e-17,0.048258,0.060476
-1.0123e-17,0.048196,0.060495
-7.8067e-18,0.048134,0.060516
-5.5678e-18,0.048074,0.060539
-3.4116e-18,0.048016,0.060564
-1.3424e-18,0.04796,0.060591
6.3586e-19,0.047906,0.06062
2.52e-18,0.047854,0.060651
4.3072e-18,0.047804,0.060683
5.9953e-18,0.047756,0.060718
7.5823e-18,0.047711,0.060753
9.067e-18,0.047668,0.060791
1.0449e-17,0.047628,0.060829
1.1727e-17,0.047591,0.060869
1.2901e-17,0.047557,0.06091
1.3972e-17,0.047525,0.060952
1.4941e-17,0.047496,0.060994
1.5808e-17,0.047471,0.061038
1.6576e-17,0.047448,0.061081
1.7245e-17,0.047429,0.061126
1.7818e-17,0.047413,0.06117
1.8298e-17,0.0474,0.061215
1.8686e-17,0.04739,0.06126
1.8986e-17,0.047384,0.061305
1.92e-17,0.047381,0.061349
1.9333e-17,0.047381,0.061393
1.9386e-17,0.047385,0.061437
1.9364e-17,0.047392,0.06148
1.927e-17,0.047402,0.061522
1.9108e-17,0.047416,0.061563
1.8881e-17,0.047433,0.061603
1.8594e-17,0.047454,0.061642
1.825e-17,0.047477,0.061679
1.7854e-17,0.047505,0.061715
1.7408e-17,0.047535,0.061749
1.6918e-17,0.047568,0.061782
1.6387e-17,0.047605,0.061812
1.5818e-17,0.047645,0.061841
1.5216e-17,0.047688,0.061867
1.4585e-17,0.047734,0.061892
1.3927e-17,0.047782,0.061914
1.3247e-17,0.047834,0.061934
1.2548e-17,0.047888,0.061951
1.1834e-17,0.047945,0.061966
1.1107e-17,0.048004,0.061978
1.0372e-17,0.048066,0.061987
9.6305e-18,0.04813,0.061994
8.886e-18,0.048196,0.061998
8.1414e-18,0.048264,0.062
7.3991e-18,0.048334,0.061998
6.6618e-18,0.048406,0.061994
5.9317e-18,0.04848,0.061986
5.2113e-18,0.048555,0.061976
4.5024e-18,0.048632,0.061963
3.807e-18,0.048709,0.061947
3.127e-18,0.048788,0.061929
2.464e-18,0.048868,0.061908
1.8195e-18,0.048948,0.061884
1.1948e-18,0.049029,0.061857
5.9111e-19,0.04911,0.061828
9.5908e-21,0.049191,0.061796
-5.4884e-19,0.049273,0.061761
-1.0834e-18,0.049354,0.061725
-1.5933e-18,0.049435,0.061686
-2.078e-18,0.049515,0.061645
-2.5371e-18,0.049594,0.061602
-2.9702e-18,0.049673,0.061557
-3.3771e-18,0.04975,0.06151
-3.7576e-18,0.049826,0.061461
-4.1117e-18,0.049901,0.061411
-4.4394e-18,0.049973,0.061359
-4.7408e-18,0.050044,0.061306
-5.0162e-18,0.050113,0.061252
-5.2658e-18,0.05018,0.061197
-5.49e-18,0.050244,0.061141
-5.6891e-18,0.050305,0.061085
-5.8636e-18,0.050364,0.061028
-6.0141e-18,0.050419,0.06097
-6.141e-18,0.050472,0.060912
-6.245e-18,0.050521,0.060854
-6.3266e-18,0.050567,0.060796
-6.3865e-18,0.050609,0.060738
-6.4254e-18,0.050647,0.06068
-6.444e-18,0.050681,0.060623
-6.4429e-18,0.050712,0.060566
-6.4228e-18,0.050738,0.06051
-6.3845e-18,0.05076,0.060455
-6.3288e-18,0.050777,0.060401
-6.2562e-18,0.05079,0.060347
-6.1675e-18,0.050799,0.060295
-6.0634e-18,0.050803,0.060244
-5.9447e-18,0.050802,0.060194
-5.8118e-18,0.050796,0.060145
-5.6657e-18,0.050786,0.060098
-5.5068e-18,0.05077,0.060052
-5.3358e-18,0.05075,0.060008
-5.1534e-18,0.050725,0.059966
-4.9601e-18,0.050696,0.059925
-4.7565e-18,0.050661,0.059886
-4.5431e-18,0.050622,0.059849
-4.3205e-18,0.050578,0.059813
-4.0892e-18,0.050529,0.059779
-3.8497e-18,0.050475,0.059747
-3.6024e-18,0.050418,0.059717
-3.3479e-18,0.050355,0.059689
-3.0866e-18,0.050289,0.059663
-2.8189e-18,0.050218,0.059638
-2.5452e-18,0.050144,0.059615
-2.2659e-18,0.050065,0.059594
-1.9815e-18,0.049983,0.059574
-1.6923e-18,0.049897,0.059557
-1.3987e-18,0.049808,0.05954
-1.1012e-18,0.049716,0.059526
-7.9999e-19,0.049621,0.059513
-4.9561e-19,0.049523,0.059502
-1.8842e-19,0.049423,0.059492
1.2119e-19,0.04932,0.059483
4.3279e-19,0.049215,0.059476
7.4596e-19,0.049109,0.05947
1.0603e-18,0.049001,0.059465
1.3752e-18,0.048892,0.059461
1.6904e-18,0.048782,0.059458
2.0052e-18,0.048672,0.059456
2.3191e-18,0.048561,0.059455
2.6317e-18,0.04845,0.059455
2.9423e-18,0.048339,0.059455
3.2502e-18,0.048228,0.059456
3.555e-18,0.048118,0.059457
3.8557e-18,0.04801,0.059459
4.1519e-18,0.047902,0.059461
4.4427e-18,0.047796,0.059464
4.7273e-18,0.047692,0.059466
5.0049e-18,0.04759,0.059469
5.2747e-18,0.04749,0.059471
5.5358e-18,0.047393,0.059474
5.7873e-18,0.047299,0.059477
6.0282e-18,0.047208,0.059479
6.2576e-18,0.04712,0.059481
6.4744e-18,0.047035,0.059483
6.6775e-18,0.046954,0.059484
6.8661e-18,0.046877,0.059485
7.0388e-18,0.046805,0.059485
7.1948e-18,0.046736,0.059485
7.3327e-18,0.046672,0.059485
7.4516e-18,0.046612,0.059483
7.5502e-18,0.046556,0.059482
7.6274e-18,0.046506,0.059479
7.6821e-18,0.04646,0.059476
7.7132e-18,0.046419,0.059473
7.7195e-18,0.046382,0.059469
7.6999e-18,0.046351,0.059464
7.6533e-18,0.046324,0.059459
7.5788e-18,0.046302,0.059453
7.4752e-18,0.046285,0.059447
7.3417e-18,0.046273,0.05944
7.1773e-18,0.046265,0.059433
6.9812e-18,0.046261,0.059426
6.7525e-18,0.046262,0.059419
6.4905e-18,0.046268,0.059412
6.1947e-18,0.046277,0.059404
5.8644e-18,0.04629,0.059397
5.4992e-18,0.046307,0.059389
5.0988e-18,0.046328,0.059383
4.6628e-18,0.046352,0.059376
4.1913e-18,0.046379,0.05937
3.6842e-18,0.046409,0.059365
3.1416e-18,0.046442,0.05936
2.5639e-18,0.046478,0.059356
1.9513e-18,0.046515,0.059353
1.3047e-18,0.046554,0.059352
6.2455e-19,0.046596,0.059351
-8.8081e-20,0.046638,0.059352
-8.3215e-19,0.046682,0.059355
-1.6064e-18,0.046727,0.059359
-2.4094e-18,0.046772,0.059365
-3.2395e-18,0.046818,0.059373
-4.0949e-18,0.046865,0.059383
-4.9735e-18,0.046911,0.059395
-5.8733e-18,0.046957,0.059409
-6.7918e-18,0.047002,0.059426
-7.7264e-18,0.047047,0.059444
-8.6743e-18,0.047091,0.059466
-9.6325e-18,0.047135,0.05949
-1.0598e-17,0.047176,0.059516
-1.1567e-17,0.047217,0.059546
-1.2537e-17,0.047256,0.059577
-1.3503e-17,0.047294,0.059612
-1.4461e-17,0.04733,0.05965
-1.5408e-17,0.047364,0.05969
-1.634e-17,0.047396,0.059733
-1.7251e-17,0.047426,0.059779
-1.8138e-17,0.047454,0.059827
-1.8995e-17,0.04748,0.059878
-1.9818e-17,0.047504,0.059932
-2.0602e-17,0.047526,0.059989
-2.1343e-17,0.047546,0.060048
-2.2034e-17,0.047564,0.060109
-2.2671e-17,0.04758,0.060173
-2.3249e-17,0.047594,0.060239
-2.3762e-17,0.047606,0.060307
-2.4206e-17,0.047616,0.060377
-2.4575e-17,0.047625,0.060449
-2.4864e-17,0.047632,0.060522
-2.5068e-17,0.047637,0.060597
-2.5182e-17,0.047642,0.060674
-2.5202e-17,0.047644,0.060751
-2.5121e-17,0.047646,0.06083
-2.4937e-17,0.047647,0.060909
-2.4644e-17,0.047647,0.060989
-2.4239e-17,0.047646,0.06107
-2.3717e-17,0.047645,0.061151
-2.3075e-17,0.047644,0.061231
-2.2309e-17,0.047642,0.061312
-2.1417e-17,0.04764,0.061393
-2.0396e-17,0.047639,0.061472
-1.9244e-17,0.047637,0.061551
-1.7958e-17,0.047636,0.061629
-1.6538e-17,0.047636,0.061706
-1.4982e-17,0.047637,0.061782
-1.329e-17,0.047639,0.061856
-1.1462e-17,0.047641,0.061928
-9.4995e-18,0.047645,0.061999
-7.4027e-18,0.047651,0.062067
-5.1738e-18,0.047658,0.062133
-2.8153e-18,0.047666,0.062197
-3.302e-19,0.047677,0.062257
2.2777e-18,0.047689,0.062315
5.0039e-18,0.047703,0.062371
7.8434e-18,0.047719,0.062422
1.079e-17,0.047737,0.062471
1.3838e-17,0.047757,0.062516
1.6979e-17,0.04778,0.062558
2.0206e-17,0.047805,0.062596
2.3509e-17,0.047832,0.06263
2.6879e-17,0.047861,0.062661
3.0306e-17,0.047893,0.062687
3.3779e-17,0.047927,0.06271
3.7287e-17,0.047963,0.062728
4.0816e-17,0.048001,0.062742
4.4353e-17,0.048042,0.062751
4.7885e-17,0.048084,0.062757
5.1397e-17,0.048129,0.062758
5.4875e-17,0.048176,0.062755
5.8301e-17,0.048224,0.062747
6.1661e-17,0.048274,0.062735
6.4937e-17,0.048326,0.062718
6.8111e-17,0.048379,0.062697
7.1167e-17,0.048434,0.062672
7.4085e-17,0.04849,0.062642
7.6848e-17,0.048547,0.062609
7.9437e-17,0.048605,0.062571
8.1832e-17,0.048664,0.062529
8.4014e-17,0.048723,0.062482
8.5964e-17,0.048783,0.062432
8.7663e-17,0.048844,0.062378
8.9091e-17,0.048904,0.062321
9.023e-17,0.048965,0.062259
9.106e-17,0.049025,0.062194
9.1564e-17,0.049086,0.062126
9.1722e-17,0.049145,0.062055
9.1518e-17,0.049204,0.061981
9.0933e-17,0.049263,0.061903
8.9953e-17,0.04932,0.061823
8.8561e-17,0.049376,0.061741
8.6743e-17,0.049431,0.061656
8.4485e-17,0.049485,0.061568
8.1775e-17,0.049537,0.061479
7.8601e-17,0.049587,0.061388
7.4953e-17,0.049636,0.061296
7.0823e-17,0.049682,0.061202
6.6203e-17,0.049727,0.061107
6.1089e-17,0.049769,0.06101
5.5476e-17,0.049809,0.060913
4.9363e-17,0.049846,0.060816
4.2749e-17,0.049881,0.060718
3.5637e-17,0.049914,0.06062
2.8031e-17,0.049944,0.060522
1.9938e-17,0.049971,0.060424
1.1366e-17,0.049995,0.060326
2.3256e-18,0.050016,0.060229
-7.1687e-18,0.050034,0.060133
-1.7101e-17,0.050049,0.060038
-2.7454e-17,0.050062,0.059944
-3.8205e-17,0.050071,0.059851
-4.933e-17,0.050077,0.05976
-6.0804e-17,0.050081,0.05967
-7.2597e-17,0.050081,0.059582
-8.4677e-17,0.050078,0.059496
-9.7009e-17,0.050072,0.059412
-1.0956e-16,0.050063,0.05933
-1.2228e-16,0.050051,0.05925
-1.3513e-16,0.050036,0.059172
-1.4807e-16,0.050018,0.059097
-1.6105e-16,0.049998,0.059025
-1.7401e-16,0.049975,0.058955
-1.8692e-16,0.049949,0.058887
-1.997e-16,0.04992,0.058823
-2.123e-16,0.049889,0.058761
-2.2466e-16,0.049855,0.058702
-2.3673e-16,0.049819,0.058645
-2.4843e-16,0.049781,0.058592
-2.597e-16,0.049741,0.058541
-2.7048e-16,0.049699,0.058493
-2.8069e-16,0.049655,0.058448
-2.9028e-16,0.049609,0.058406
-2.9916e-16,0.049562,0.058367
-3.0727e-16,0.049513,0.05833
-3.1453e-16,0.049462,0.058296
-3.2088e-16,0.049411,0.058265
-3.2625e-16,0.049358,0.058237
-3.3056e-16,0.049304,0.058212
-3.3375e-16,0.04925,0.058189
-3.3575e-16,0.049195,0.058169
-3.3648e-16,0.04914,0.058152
-3.3589e-16,0.049084,0.058137
-3.3392e-16,0.049028,0.058125
-3.305e-16,0.048972,0.058115
-3.2557e-16,0.048916,0.058108
-3.1908e-16,0.04886,0.058103
-3.1098e-16,0.048805,0.0581
-3.0123e-16,0.048751,0.058101
-2.8978e-16,0.048697,0.058103
-2.766e-16,0.048644,0.058108
-2.6164e-16,0.048592,0.058115
-2.4489e-16,0.048541,0.058124
-2.2633e-16,0.048491,0.058136
-2.0594e-16,0.048443,0.05815
-1.8371e-16,0.048396,0.058167
-1.5964e-16,0.048351,0.058185
-1.3375e-16,0.048308,0.058206
-1.0603e-16,0.048267,0.05823
-7.6527e-17,0.048227,0.058255
-4.5259e-17,0.04819,0.058283
-1.2268e-17,0.048154,0.058313
2.2397e-17,0.048121,0.058345
5.8679e-17,0.04809,0.05838
9.6509e-17,0.048061,0.058416
1.3581e-16,0.048035,0.058455
1.765e-16,0.048011,0.058497
2.1848e-16,0.04799,0.05854
2.6164e-16,0.047971,0.058586
3.0587e-16,0.047954,0.058634
3.5104e-16,0.04794,0.058684
3.9702e-16,0.047928,0.058737
4.4365e-16,0.047919,0.058791
4.9079e-16,0.047912,0.058848
5.3826e-16,0.047907,0.058907
5.859e-16,0.047905,0.058968
6.335e-16,0.047905,0.059031
6.809e-16,0.047907,0.059096
7.2787e-16,0.047911,0.059163
7.7421e-16,0.047917,0.059232
8.1971e-16,0.047926,0.059302
8.6413e-16,0.047936,0.059375
9.0724e-16,0.047948,0.059449
9.4881e-16,0.047961,0.059525
9.8858e-16,0.047976,0.059603
1.0263e-15,0.047992,0.059682
1.0618e-15,0.04801,0.059762
1.0947e-15,0.048029,0.059844
1.1248e-15,0.048049,0.059927
1.1518e-15,0.04807,0.060011
1.1755e-15,0.048092,0.060096
1.1956e-15,0.048114,0.060182
1.2119e-15,0.048137,0.060268
1.224e-15,0.04816,0.060355
1.2318e-15,0.048184,0.060442
1.2351e-15,0.048208,0.06053
1.2335e-15,0.048232,0.060618
1.2268e-15,0.048256,0.060705
1.2148e-15,0.04828,0.060793
1.1973e-15,0.048303,0.06088
1.1742e-15,0.048326,0.060966
1.1451e-15,0.048349,0.061051
1.11e-15,0.048371,0.061136
1.0686e-15,0.048392,0.06122
1.0209e-15,0.048412,0.061302
9.6675e-16,0.048432,0.061382
9.0599e-16,0.048451,0.061461
8.3858e-16,0.048469,0.061538
7.6446e-16,0.048485,0.061613
6.836e-16,0.048501,0.061686
5.96e-16,0.048515,0.061756
5.0167e-16,0.048528,0.061823
4.0066e-16,0.04854,0.061888
2.9307e-16,0.048551,0.06195
1.7899e-16,0.04856,0.062009
5.8565e-17,0.048568,0.062065
-6.8023e-17,0.048574,0.062117
-2.0057e-16,0.048579,0.062166
-3.3883e-16,0.048583,0.062211
-4.8253e-16,0.048585,0.062253
-6.3135e-16,0.048586,0.06229
-7.8495e-16,0.048585,0.062324
-9.4294e-16,0.048583,0.062354
-1.1049e-15,0.048579,0.06238
-1.2704e-15,0.048574,0.062402
-1.4388e-15,0.048568,0.062419
-1.6098e-15,0.04856,0.062433
-1.7826e-15,0.048551,0.062442
-1.9568e-15,0.048541,0.062448
-2.1316e-15,0.048529,0.062449
-2.3064e-15,0.048515,0.062446
-2.4805e-15,0.048501,0.062439
-2.6532e-15,0.048485,0.062428
-2.8236e-15,0.048468,0.062414
-2.991e-15,0.048449,0.062395
-3.1545e-15,0.048429,0.062373
-3.3133e-15,0.048409,0.062347
-3.4666e-15,0.048386,0.062317
-3.6134e-15,0.048363,0.062284
-3.7527e-15,0.048339,0.062248
-3.8838e-15,0.048314,0.062209
-4.0057e-15,0.048287,0.062167
-4.1173e-15,0.04826,0.062121
-4.2178e-15,0.048231,0.062073
-4.3062e-15,0.048202,0.062023
-4.3815e-15,0.048172,0.06197
-4.4428e-15,0.048141,0.061916
-4.4891e-15,0.048109,0.061859
-4.5196e-15,0.048076,0.0618
-4.5333e-15,0.048043,0.06174
-4.5294e-15,0.048009,0.061678
-4.5069e-15,0.047975,0.061615
-4.4652e-15,0.04794,0.061552
-4.4033e-15,0.047904,0.061487
-4.3205e-15,0.047869,0.061422
-4.2162e-15,0.047833,0.061356
-4.0897e-15,0.047796,0.06129
-3.9405e-15,0.04776,0.061224
-3.768e-15,0.047723,0.061158
-3.5717e-15,0.047686,0.061092
-3.3513e-15,0.04765,0.061027
-3.1066e-15,0.047613,0.060962
-2.8372e-15,0.047577,0.060898
-2.543e-15,0.047541,0.060835
-2.2242e-15,0.047505,0.060773
-1.8806e-15,0.04747,0.060713
-1.5125e-15,0.047435,0.060653
-1.1201e-15,0.047401,0.060596
-7.0391e-16,0.047368,0.060539
-2.6437e-16,0.047336,0.060485
1.9788e-16,0.047304,0.060432
6.821e-16,0.047274,0.060381
1.1874e-15,0.047245,0.060333
1.7128e-15,0.047216,0.060286
2.2571e-15,0.04719,0.060241
2.8191e-15,0.047164,0.060199
3.3974e-15,0.04714,0.060158
3.9904e-15,0.047118,0.06012
4.5965e-15,0.047097,0.060085
5.2138e-15,0.047078,0.060051
5.8404e-15,0.047061,0.06002
6.4743e-15,0.047046,0.059991
7.1132e-15,0.047032,0.059964
7.7549e-15,0.04702,0.05994
8.3967e-15,0.047011,0.059918
9.0362e-15,0.047003,0.059898
9.6707e-15,0.046998,0.059881
1.0297e-14,0.046994,0.059865
1.0913e-14,0.046993,0.059852
1.1515e-14,0.046993,0.05984
1.21e-14,0.046996,0.059831
1.2665e-14,0.047001,0.059823
1.3207e-14,0.047008,0.059818
1.3721e-14,0.047017,0.059814
1.4206e-14,0.047028,0.059812
1.4657e-14,0.047041,0.059811
1.5071e-14,0.047055,0.059812
1.5445e-14,0.047072,0.059815
1.5774e-14,0.047091,0.059819
1.6056e-14,0.047112,0.059824
1.6287e-14,0.047134,0.05983
1.6463e-14,0.047158,0.059838
1.6582e-14,0.047183,0.059847
1.6639e-14,0.04721,0.059856
1.6632e-14,0.047239,0.059867
1.6557e-14,0.047268,0.059878
1.6411e-14,0.0473,0.059891
1.6192e-14,0.047332,0.059903
1.5897e-14,0.047365,0.059917
1.5523e-14,0.047399,0.059931
1.5068e-14,0.047434,0.059946
1.4529e-14,0.04747,0.059961
1.3905e-14,0.047507,0.059976
1.3194e-14,0.047544,0.059992
1.2395e-14,0.047582,0.060009
1.1506e-14,0.04762,0.060025
1.0527e-14,0.047658,0.060042
9.4575e-15,0.047696,0.06006
8.2969e-15,0.047734,0.060077
7.0455e-15,0.047773,0.060095
5.704e-15,0.047811,0.060113
4.2733e-15,0.047848,0.060132
2.755e-15,0.047886,0.060151
1.1507e-15,0.047923,0.06017
-5.3716e-16,0.047959,0.060189
-2.306e-15,0.047994,0.060209
-4.1526e-15,0.048029,0.060229
-6.0734e-15,0.048063,0.060249
-8.0642e-15,0.048096,0.06027
-1.012e-14,0.048128,0.060292
-1.2237e-14,0.048159,0.060313
-1.4408e-14,0.048188,0.060336
-1.6628e-14,0.048217,0.060359
-1.889e-14,0.048244,0.060382
-2.1187e-14,0.048269,0.060406
-2.3511e-14,0.048294,0.06043
-2.5855e-14,0.048316,0.060455
-2.821e-14,0.048337,0.060481
-3.0566e-14,0.048356,0.060508
-3.2915e-14,0.048374,0.060535
-3.5247e-14,0.04839,0.060563
-3.7551e-14,0.048404,0.060591
-3.9816e-14,0.048416,0.06062
-4.2032e-14,0.048426,0.06065
-4.4187e-14,0.048435,0.060681
-4.627e-14,0.048441,0.060712
-4.8268e-14,0.048446,0.060744
-5.0169e-14,0.048448,0.060776
-5.1961e-14,0.048449,0.06081
-5.3631e-14,0.048447,0.060843
-5.5166e-14,0.048444,0.060878
-5.6554e-14,0.048439,0.060913
-5.7782e-14,0.048431,0.060948
-5.8836e-14,0.048422,0.060984
-5.9705e-14,0.04841,0.06102
-6.0374e-14,0.048397,0.061057
-6.0833e-14,0.048382,0.061094
-6.1068e-14,0.048365,0.061131
-6.1068e-14,0.048346,0.061169
-6.0821e-14,0.048325,0.061206
-6.0316e-14,0.048303,0.061244
-5.9542e-14,0.048279,0.061282
-5.8489e-14,0.048253,0.061319
-5.7147e-14,0.048226,0.061356
-5.5509e-14,0.048198,0.061393
-5.3565e-14,0.048168,0.06143
-5.131e-14,0.048137,0.061466
-4.8735e-14,0.048105,0.061502
-4.5837e-14,0.048071,0.061537
-4.2611e-14,0.048037,0.061571
-3.9053e-14,0.048002,0.061605
-3.5163e-14,0.047966,0.061637
-3.0938e-14,0.04793,0.061669
-2.6381e-14,0.047893,0.061699
-2.1492e-14,0.047855,0.061729
-1.6276e-14,0.047818,0.061757
-1.0737e-14,0.04778,0.061784
-4.8823e-15,0.047742,0.061809
1.2807e-15,0.047705,0.061833
7.742e-15,0.047668,0.061856
1.449e-14,0.047631,0.061876
2.1512e-14,0.047594,0.061895
2.8793e-14,0.047559,0.061913
3.6315e-14,0.047524,0.061928
4.4062e-14,0.04749,0.061942
5.2011e-14,0.047457,0.061954
6.0142e-14,0.047425,0.061964
6.843e-14,0.047395,0.061971
7.6849e-14,0.047366,0.061977
8.5372e-14,0.047338,0.061981
9.397e-14,0.047312,0.061983
1.0261e-13,0.047288,0.061983
1.1126e-13,0.047265,0.06198
1.1989e-13,0.047244,0.061976
1.2846e-13,0.047226,0.06197
1.3693e-13,0.047209,0.061961
1.4526e-13,0.047194,0.061951
1.5342e-13,0.047182,0.061939
1.6135e-13,0.047171,0.061925
1.6903e-13,0.047163,0.061909
1.764e-13,0.047158,0.061892
1.8342e-13,0.047154,0.061872
1.9004e-13,0.047153,0.061851
1.9623e-13,0.047154,0.061829
2.0192e-13,0.047158,0.061805
2.0708e-13,0.047164,0.06178
2.1165e-13,0.047172,0.061753
2.1559e-13,0.047183,0.061725
2.1886e-13,0.047196,0.061697
2.214e-13,0.047211,0.061667
2.2317e-13,0.047229,0.061636
2.2412e-13,0.047249,0.061605
2.2422e-13,0.047271,0.061573
2.2341e-13,0.047296,0.061541
2.2166e-13,0.047322,0.061508
2.1893e-13,0.047351,0.061475
2.1518e-13,0.047381,0.061441
2.1037e-13,0.047413,0.061408
2.0448e-13,0.047447,0.061375
1.9747e-13,0.047483,0.061342
1.8931e-13,0.047521,0.061309
1.7999e-13,0.04756,0.061277
1.6948e-13,0.0476,0.061246
1.5777e-13,0.047641,0.061215
1.4485e-13,0.047684,0.061184
1.307e-13,0.047728,0.061155
1.1532e-13,0.047772,0.061126
9.8727e-14,0.047818,0.061099
8.0914e-14,0.047864,0.061072
6.1897e-14,0.04791,0.061047
4.1692e-14,0.047957,0.061023
2.0325e-14,0.048004,0.061
-2.1771e-15,0.048051,0.060979
-2.5778e-14,0.048097,0.060959
-5.0437e-14,0.048144,0.06094
-7.6107e-14,0.04819,0.060923
-1.0273e-13,0.048235,0.060907
-1.3025e-13,0.04828,0.060892
-1.586e-13,0.048324,0.060879
-1.8771e-13,0.048367,0.060867
-2.1749e-13,0.048409,0.060857
-2.4785e-13,0.048449,0.060848
-2.7871e-13,0.048488,0.060841
-3.0996e-13,0.048525,0.060834
-3.415e-13,0.048561,0.060829
-3.732e-13,0.048595,0.060825
-4.0496e-13,0.048627,0.060823
-4.3665e-13,0.048657,0.060821
-4.6813e-13,0.048685,0.06082
-4.9927e-13,0.04871,0.06082
-5.2992e-13,0.048733,0.060821
-5.5994e-13,0.048754,0.060823
-5.8918e-13,0.048773,0.060825
-6.1747e-13,0.048789,0.060828
-6.4465e-13,0.048802,0.060831
-6.7057e-13,0.048813,0.060835
-6.9505e-13,0.048821,0.060839
-7.1793e-13,0.048827,0.060842
-7.3903e-13,0.04883,0.060846
-7.5819e-13,0.048831,0.06085
-7.7522e-13,0.048829,0.060853
-7.8995e-13,0.048824,0.060856
-8.0221e-13,0.048817,0.060858
-8.1184e-13,0.048807,0.06086
-8.1865e-13,0.048795,0.060861
-8.2249e-13,0.048781,0.060862
-8.232e-13,0.048764,0.060861
-8.2061e-13,0.048745,0.060859
-8.1457e-13,0.048725,0.060857
-8.0494e-13,0.048702,0.060853
-7.9159e-13,0.048677,0.060847
-7.7437e-13,0.048651,0.060841
-7.5318e-13,0.048623,0.060832
-7.2789e-13,0.048593,0.060823
-6.9842e-13,0.048562,0.060811
-6.6467e-13,0.04853,0.060799
-6.2658e-13,0.048497,0.060784
-5.8407e-13,0.048463,0.060768
-5.3711e-13,0.048428,0.06075
-4.8566e-13,0.048392,0.06073
-4.2972e-13,0.048356,0.060708
-3.6929e-13,0.048319,0.060685
-3.0438e-13,0.048282,0.06066
-2.3505e-13,0.048245,0.060633
-1.6136e-13,0.048208,0.060604
-8.3379e-14,0.048171,0.060574
-1.2261e-15,0.048135,0.060542
8.4978e-14,0.048099,0.060509
1.7508e-13,0.048063,0.060474
2.6892e-13,0.048028,0.060438
3.6628e-13,0.047994,0.0604
4.6696e-13,0.047961,0.060361
5.7071e-13,0.047928,0.060322
6.7726e-13,0.047897,0.060281
7.8632e-13,0.047867,0.060239
8.9757e-13,0.047838,0.060196
1.0107e-12,0.047811,0.060153
1.1252e-12,0.047784,0.06011
1.2409e-12,0.04776,0.060066
1.3573e-12,0.047736,0.060022
1.4739e-12,0.047715,0.059979
1.5902e-12,0.047695,0.059935
1.7059e-12,0.047676,0.059893
1.8204e-12,0.047659,0.05985
1.9331e-12,0.047644,0.059809
2.0436e-12,0.047631,0.059769
2.1512e-12,0.047619,0.059729
2.2555e-12,0.047609,0.059692
2.3558e-12,0.047601,0.059656
2.4515e-12,0.047594,0.059622
2.5419e-12,0.047589,0.05959
2.6266e-12,0.047586,0.05956
2.7048e-12,0.047584,0.059532
2.7759e-12,0.047584,0.059508
2.8393e-12,0.047585,0.059486
2.8943e-12,0.047588,0.059467
2.9404e-12,0.047592,0.059451
2.9768e-12,0.047597,0.059439
3.003e-12,0.047603,0.05943
3.0183e-12,0.047611,0.059424
3.0222e-12,0.04762,0.059423
3.014e-12,0.047629,0.059425
2.9932e-12,0.047639,0.059431
2.9594e-12,0.04765,0.059441
2.9119e-12,0.047662,0.059456
2.8502e-12,0.047674,0.059474
2.774e-12,0.047686,0.059497
2.6829e-12,0.047699,0.059525
2.5764e-12,0.047711,0.059556
2.4542e-12,0.047724,0.059592
2.3161e-12,0.047736,0.059633
2.1619e-12,0.047748,0.059678
1.9913e-12,0.04776,0.059727
1.8042e-12,0.047771,0.05978
1.6007e-12,0.047781,0.059838
1.3806e-12,0.04779,0.0599
1.1442e-12,0.047799,0.059966
8.9142e-13,0.047806,0.060036
6.2263e-13,0.047812,0.060109
3.3808e-13,0.047817,0.060187
3.8161e-14,0.047821,0.060268
-2.7668e-13,0.047823,0.060352
-6.0592e-13,0.047824,0.06044
-9.4891e-13,0.047823,0.060531
-1.305e-12,0.04782,0.060625
-1.6732e-12,0.047816,0.060721
-2.0529e-12,0.04781,0.060819
-2.443e-12,0.047802,0.06092
-2.8424e-12,0.047792,0.061023
-3.2499e-12,0.047781,0.061128
-3.6644e-12,0.047768,0.061234
-4.0845e-12,0.047754,0.061341
-4.5088e-12,0.047737,0.061449
-4.9357e-12,0.047719,0.061558
-5.3636e-12,0.0477,0.061667
-5.791e-12,0.047679,0.061776
-6.216e-12,0.047657,0.061885
-6.6368e-12,0.047634,0.061993
-7.0514e-12,0.04761,0.062101
-7.458e-12,0.047584,0.062207
-7.8544e-12,0.047558,0.062313
-8.2386e-12,0.047531,0.062416
-8.6084e-12,0.047504,0.062518
-8.9615e-12,0.047477,0.062618
-9.2959e-12,0.047449,0.062715
-9.6091e-12,0.047422,0.062809
-9.8989e-12,0.047395,0.0629
-1.0163e-11,0.047368,0.062988
-1.0399e-11,0.047342,0.063072
-1.0604e-11,0.047317,0.063153
-1.0777e-11,0.047292,0.06323
-1.0915e-11,0.04727,0.063302
-1.1015e-11,0.047248,0.06337
-1.1076e-11,0.047229,0.063434
-1.1095e-11,0.047211,0.063493
-1.107e-11,0.047195,0.063546
-1.0998e-11,0.047181,0.063595
-1.0879e-11,0.04717,0.063638
-1.0711e-11,0.047161,0.063676
-1.049e-11,0.047155,0.063709
-1.0216e-11,0.047152,0.063736
-9.8878e-12,0.047152,0.063758
-9.5031e-12,0.047154,0.063773
-9.061e-12,0.04716,0.063783
-8.5605e-12,0.047169,0.063788
-8.0008e-12,0.047181,0.063786
-7.3811e-12,0.047196,0.063779
-6.7011e-12,0.047214,0.063766
-5.9605e-12,0.047236,0.063748
-5.1593e-12,0.04726,0.063724
-4.2978e-12,0.047288,0.063694
-3.3765e-12,0.047319,0.06366
-2.3962e-12,0.047353,0.06362
-1.3579e-12,0.047389,0.063575
-2.6299e-13,0.047428,0.063525
8.8688e-13,0.04747,0.06347
2.0898e-12,0.047513,0.06341
3.3435e-12,0.047559,0.063347
4.6454e-12,0.047607,0.063279
5.9926e-12,0.047656,0.063207
7.3819e-12,0.047706,0.063131
8.8098e-12,0.047757,0.063052
1.0272e-11,0.047809,0.062969
1.1765e-11,0.047861,0.062884
1.3284e-11,0.047913,0.062796
1.4825e-11,0.047965,0.062706
1.6381e-11,0.048015,0.062614
1.7947e-11,0.048065,0.062519
1.9518e-11,0.048113,0.062424
2.1087e-11,0.048158,0.062327
2.2648e-11,0.048201,0.062229
2.4195e-11,0.048241,0.062131
2.572e-11,0.048278,0.062033
2.7216e-11,0.04831,0.061935
2.8676e-11,0.048338,0.061837
3.0091e-11,0.048362,0.061741
3.1455e-11,0.04838,0.061645
3.2759e-11,0.048392,0.061551
3.3994e-11,0.048397,0.061459
3.5152e-11,0.048396,0.06137
3.6226e-11,0.048388,0.061282
3.7206e-11,0.048371,0.061198
3.8084e-11,0.048347,0.061117
3.8851e-11,0.048314,0.061039
3.9498e-11,0.048272,0.060965
4.0018e-11,0.048221,0.060895
4.0401e-11,0.04816,0.06083
4.0641e-11,0.048088,0.060769
4.0727e-11,0.048006,0.060713
4.0653e-11,0.047914,0.060662
4.0411e-11,0.04781,0.060617
3.9994e-11,0.047695,0.060578
3.9394e-11,0.047568,0.060544
3.8606e-11,0.04743,0.060516
3.7623e-11,0.04728,0.060495
3.6439e-11,0.047117,0.06048
3.5049e-11,0.046943,0.060471
3.345e-11,0.046756,0.060469
3.1636e-11,0.046557,0.060474
2.9605e-11,0.046346,0.060486
2.7354e-11,0.046123,0.060504
2.4882e-11,0.045888,0.06053
2.2188e-11,0.045641,0.060562
1.9271e-11,0.045383,0.060601
1.6133e-11,0.045113,0.060647
1.2775e-11,0.044832,0.0607
9.1994e-12,0.044541,0.06076
5.411e-12,0.044239,0.060826
1.4142e-12,0.043928,0.060899
-2.7851e-12,0.043607,0.060977
-7.18e-12,0.043278,0.061063
-1.1762e-11,0.04294,0.061154
-1.6523e-11,0.042595,0.06125
-2.145e-11,0.042243,0.061353
-2.6534e-11,0.041885,0.06146
-3.1761e-11,0.041521,0.061572
-3.7117e-11,0.041153,0.061689
-4.2586e-11,0.040782,0.06181
-4.8153e-11,0.040407,0.061935
-5.3799e-11,0.04003,0.062064
-5.9505e-11,0.039653,0.062196
-6.5252e-11,0.039275,0.06233
-7.1018e-11,0.038899,0.062467
-7.678e-11,0.038524,0.062606
-8.2516e-11,0.038153,0.062746
-8.8201e-11,0.037786,0.062887
-9.3809e-11,0.037424,0.063029
-9.9314e-11,0.037069,0.063171
-1.0469e-10,0.036721,0.063312
-1.099e-10,0.036381,0.063453
-1.1493e-10,0.036052,0.063592
-1.1974e-10,0.035733,0.063729
-1.2431e-10,0.035426,0.063864
-1.2859e-10,0.035133,0.063996
-1.3257e-10,0.034853,0.064125
-1.362e-10,0.034589,0.06425
-1.3947e-10,0.034341,0.06437
-1.4233e-10,0.03411,0.064486
-1.4476e-10,0.033898,0.064596
-1.4672e-10,0.033705,0.064701
-1.4818e-10,0.033532,0.064799
-1.4912e-10,0.03338,0.064891
-1.495e-10,0.03325,0.064975
-1.4929e-10,0.033142,0.065053
-1.4847e-10,0.033058,0.065122
-1.4701e-10,0.032999,0.065183
-1.4489e-10,0.032963,0.065236
-1.4207e-10,0.032953,0.06528
-1.3854e-10,0.032969,0.065315
-1.3427e-10,0.03301,0.06534
-1.2926e-10,0.033078,0.065356
-1.2347e-10,0.033172,0.065362
-1.169e-10,0.033293,0.065358
-1.0953e-10,0.033441,0.065343
-1.0136e-10,0.033616,0.065319
-9.2371e-11,0.033818,0.065284
-8.2569e-11,0.034046,0.065239
-7.1951e-11,0.034301,0.065183
-6.0519e-11,0.034581,0.065118
-4.8279e-11,0.034888,0.065041
-3.5241e-11,0.035219,0.064955
-2.1419e-11,0.035575,0.064858
-6.83e-12,0.035955,0.064752
8.5054e-12,0.036358,0.064635
2.4561e-11,0.036783,0.06451
4.1309e-11,0.03723,0.064375
5.8714e-11,0.037697,0.064231
7.6739e-11,0.038184,0.064078
9.534e-11,0.038689,0.063917
1.1447e-10,0.039211,0.063749
1.3408e-10,0.03975,0.063573
1.5412e-10,0.040303,0.063391
1.7452e-10,0.040869,0.063202
1.9521e-10,0.041448,0.063007
2.1614e-10,0.042037,0.062807
2.3722e-10,0.042636,0.062602
2.5839e-10,0.043242,0.062394
2.7955e-10,0.043855,0.062182
3.0062e-10,0.044473,0.061967
3.2151e-10,0.045094,0.061751
3.4213e-10,0.045716,0.061533
3.6238e-10,0.046339,0.061314
3.8217e-10,0.046961,0.061096
4.0138e-10,0.04758,0.060878
4.1992e-10,0.048194,0.060663
4.3767e-10,0.048803,0.060449
4.5453e-10,0.049405,0.060239
4.7038e-10,0.049998,0.060033
4.8511e-10,0.050581,0.059831
4.986e-10,0.051153,0.059635
5.1073e-10,0.051712,0.059444
5.214e-10,0.052258,0.059261
5.3049e-10,0.052788,0.059085
5.3788e-10,0.053303,0.058917
5.4346e-10,0.0538,0.058758
5.4712e-10,0.054278,0.058609
5.4874e-10,0.054738,0.058469
5.4823e-10,0.055178,0.05834
5.4547e-10,0.055596,0.058222
5.4037e-10,0.055994,0.058116
5.3283e-10,0.056369,0.058022
5.2277e-10,0.056721,0.057941
5.101e-10,0.05705,0.057872
4.9475e-10,0.057355,0.057816
4.7663e-10,0.057636,0.057774
4.557e-10,0.057894,0.057746
4.3189e-10,0.058126,0.057731
4.0517e-10,0.058334,0.057731
3.7549e-10,0.058518,0.057744
3.4283e-10,0.058677,0.057772
3.0718e-10,0.058812,0.057814
2.6852e-10,0.058923,0.05787
2.2688e-10,0.05901,0.05794
1.8228e-10,0.059073,0.058023
1.3473e-10,0.059114,0.05812
8.4306e-11,0.059131,0.05823
3.1054e-11,0.059127,0.058353
-2.4946e-11,0.059101,0.058489
-8.3602e-11,0.059054,0.058636
-1.4481e-10,0.058988,0.058795
-2.0844e-10,0.058902,0.058965
-2.7437e-10,0.058797,0.059146
-3.4243e-10,0.058674,0.059336
-4.1246e-10,0.058535,0.059535
-4.8427e-10,0.058379,0.059742
-5.5766e-10,0.058209,0.059958
-6.324e-10,0.058024,0.06018
-7.0827e-10,0.057826,0.060408
-7.8501e-10,0.057616,0.060641
-8.6236e-10,0.057395,0.060878
-9.4002e-10,0.057163,0.061119
-1.0177e-09,0.056923,0.061362
-1.0951e-09,0.056674,0.061607
-1.1719e-09,0.056418,0.061853
-1.2477e-09,0.056156,0.062098
-1.3222e-09,0.055889,0.062342
-1.3951e-09,0.055618,0.062583
-1.4659e-09,0.055344,0.062821
-1.5342e-09,0.055068,0.063055
-1.5997e-09,0.05479,0.063284
-1.6619e-09,0.054512,0.063506
-1.7205e-09,0.054235,0.063722
-1.7751e-09,0.05396,0.063929
-1.8251e-09,0.053687,0.064128
-1.8702e-09,0.053416,0.064317
-1.91e-09,0.05315,0.064495
-1.944e-09,0.052889,0.064662
-1.9719e-09,0.052633,0.064817
-1.9931e-09,0.052384,0.064959
-2.0073e-09,0.052141,0.065087
-2.0141e-09,0.051905,0.065202
-2.0131e-09,0.051678,0.065301
-2.0039e-09,0.051459,0.065385
-1.9861e-09,0.051249,0.065454
-1.9594e-09,0.051048,0.065506
-1.9235e-09,0.050858,0.065541
-1.8781e-09,0.050677,0.06556
-1.8228e-09,0.050507,0.065561
-1.7574e-09,0.050348,0.065545
-1.6817e-09,0.050201,0.065512
-1.5955e-09,0.050064,0.065461
-1.4986e-09,0.049939,0.065393
-1.3908e-09,0.049826,0.065307
-1.2721e-09,0.049724,0.065203
-1.1424e-09,0.049635,0.065083
-1.0018e-09,0.049557,0.064945
-8.501e-10,0.049491,0.064792
-6.8753e-10,0.049436,0.064622
-5.1417e-10,0.049394,0.064436
-3.3021e-10,0.049363,0.064235
-1.3584e-10,0.049343,0.064019
6.8638e-11,0.049335,0.06379
2.8291e-10,0.049338,0.063547
5.0659e-10,0.049352,0.063292
7.3924e-10,0.049376,0.063025
9.8035e-10,0.049411,0.062748
1.2294e-09,0.049455,0.06246
1.4857e-09,0.04951,0.062163
1.7486e-09,0.049573,0.061859
2.0174e-09,0.049646,0.061547
2.2913e-09,0.049727,0.06123
2.5694e-09,0.049817,0.060907
2.8508e-09,0.049914,0.060581
3.1345e-09,0.050018,0.060252
3.4196e-09,0.05013,0.059922
3.7048e-09,0.050248,0.059592
3.9891e-09,0.050371,0.059262
4.2713e-09,0.0505,0.058934
4.5501e-09,0.050635,0.05861
4.8242e-09,0.050773,0.058289
5.0923e-09,0.050916,0.057974
5.353e-09,0.051062,0.057666
5.6049e-09,0.05121,0.057365
5.8466e-09,0.051362,0.057073
6.0765e-09,0.051515,0.056791
6.2931e-09,0.05167,0.056519
6.495e-09,0.051825,0.056259
6.6806e-09,0.051981,0.056012
6.8483e-09,0.052137,0.055778
6.9965e-09,0.052292,0.055558
7.1238e-09,0.052446,0.055353
7.2285e-09,0.052599,0.055164
7.3091e-09,0.052749,0.054992
7.3642e-09,0.052897,0.054836
7.3922e-09,0.053042,0.054698
7.3916e-09,0.053184,0.054578
7.3612e-09,0.053323,0.054476
7.2995e-09,0.053457,0.054393
7.2052e-09,0.053587,0.054328
7.0772e-09,0.053712,0.054283
6.9142e-09,0.053832,0.054256
6.7153e-09,0.053947,0.054249
6.4794e-09,0.054057,0.05426
6.2057e-09,0.05416,0.05429
5.8934e-09,0.054258,0.054339
5.5419e-09,0.054349,0.054406
5.1507e-09,0.054434,0.054491
4.7194e-09,0.054513,0.054593
4.2478e-09,0.054585,0.054712
3.7357e-09,0.054651,0.054847
3.1834e-09,0.05471,0.054998
2.591e-09,0.054762,0.055164
1.9589e-09,0.054808,0.055344
1.2878e-09,0.054847,0.055538
5.7849e-10,0.05488,0.055744
-1.6812e-10,0.054907,0.055961
-9.5083e-10,0.054927,0.056189
-1.7682e-09,0.054941,0.056426
-2.6187e-09,0.05495,0.056671
-3.5005e-09,0.054953,0.056924
-4.4116e-09,0.05495,0.057184
-5.3496e-09,0.054943,0.057448
-6.3123e-09,0.05493,0.057716
-7.2968e-09,0.054913,0.057987
-8.3002e-09,0.054892,0.058259
-9.3195e-09,0.054867,0.058532
-1.0351e-08,0.054838,0.058804
-1.1392e-08,0.054806,0.059074
-1.2438e-08,0.054772,0.059341
-1.3485e-08,0.054735,0.059604
-1.4529e-08,0.054696,0.059861
-1.5566e-08,0.054655,0.060112
-1.6591e-08,0.054613,0.060355
-1.76e-08,0.054569,0.060589
-1.8586e-08,0.054526,0.060814
-1.9547e-08,0.054482,0.061028
-2.0475e-08,0.054438,0.06123
-2.1367e-08,0.054395,0.06142
-2.2215e-08,0.054353,0.061597
-2.3016e-08,0.054313,0.06176
-2.3763e-08,0.054274,0.061908
-2.4451e-08,0.054236,0.062041
-2.5074e-08,0.054202,0.062157
-2.5626e-08,0.054169,0.062257
-2.6102e-08,0.05414,0.06234
-2.6496e-08,0.054114,0.062406
-2.6802e-08,0.054091,0.062453
-2.7014e-08,0.054071,0.062483
-2.7128e-08,0.054056,0.062495
-2.7138e-08,0.054044,0.062488
-2.7038e-08,0.054037,0.062463
-2.6824e-08,0.054033,0.062419
-2.6491e-08,0.054035,0.062357
-2.6035e-08,0.05404,0.062277
-2.5451e-08,0.05405,0.062179
-2.4735e-08,0.054065,0.062063
-2.3884e-08,0.054084,0.061929
-2.2894e-08,0.054108,0.061779
-2.1763e-08,0.054137,0.061612
-2.0488e-08,0.05417,0.061429
-1.9068e-08,0.054208,0.06123
-1.7501e-08,0.05425,0.061017
-1.5785e-08,0.054296,0.060789
-1.3922e-08,0.054347,0.060548
-1.191e-08,0.054401,0.060294
-9.7512e-09,0.05446,0.060028
-7.4465e-09,0.054522,0.059751
-4.9983e-09,0.054587,0.059463
-2.4092e-09,0.054656,0.059166
3.1714e-10,0.054728,0.05886
3.1764e-09,0.054803,0.058546
6.1637e-09,0.054881,0.058225
9.2732e-09,0.054961,0.057898
1.2498e-08,0.055043,0.057567
1.5832e-08,0.055127,0.057231
1.9265e-08,0.055213,0.056892
2.279e-08,0.0553,0.056551
2.6396e-08,0.055388,0.056208
3.0073e-08,0.055477,0.055865
3.381e-08,0.055566,0.055522
3.7593e-08,0.055655,0.05518
4.1411e-08,0.055745,0.05484
4.525e-08,0.055834,0.054504
4.9095e-08,0.055922,0.054171
5.293e-08,0.05601,0.053842
5.6741e-08,0.056096,0.053518
6.051e-08,0.056181,0.0532
6.4219e-08,0.056264,0.052889
6.7852e-08,0.056346,0.052584
7.1389e-08,0.056425,0.052287
7.4811e-08,0.056502,0.051998
7.81e-08,0.056576,0.051718
8.1235e-08,0.056647,0.051447
8.4196e-08,0.056715,0.051185
8.6962e-08,0.05678,0.050933
8.9512e-08,0.056841,0.050691
9.1827e-08,0.056899,0.050459
9.3884e-08,0.056953,0.050238
9.5662e-08,0.057003,0.050028
9.7142e-08,0.057049,0.049828
9.8301e-08,0.05709,0.04964
9.912e-08,0.057127,0.049462
9.9579e-08,0.05716,0.049295
9.9657e-08,0.057188,0.04914
9.9337e-08,0.057211,0.048995
9.8599e-08,0.057229,0.048862
9.7426e-08,0.057242,0.048739
9.5801e-08,0.057251,0.048626
9.3709e-08,0.057254,0.048525
9.1135e-08,0.057252,0.048433
8.8065e-08,0.057246,0.048351
8.4488e-08,0.057234,0.048279
8.0394e-08,0.057216,0.048217
7.5772e-08,0.057194,0.048163
7.0617e-08,0.057167,0.048119
6.4922e-08,0.057134,0.048083
5.8684e-08,0.057096,0.048055
5.1902e-08,0.057053,0.048036
4.4575e-08,0.057006,0.048023
3.6708e-08,0.056953,0.048018
2.8304e-08,0.056895,0.04802
1.9372e-08,0.056833,0.048028
9.9216e-09,0.056765,0.048042
-3.4462e-11,0.056693,0.048062
-1.0481e-08,0.056617,0.048087
-2.1399e-08,0.056536,0.048118
-3.277e-08,0.056451,0.048152
-4.4567e-08,0.056362,0.048192
-5.6766e-08,0.056269,0.048235
-6.9337e-08,0.056172,0.048281
-8.2246e-08,0.056071,0.048331
-9.5459e-08,0.055967,0.048384
-1.0894e-07,0.05586,0.04844
-1.2264e-07,0.055749,0.048498
-1.3652e-07,0.055636,0.048558
-1.5053e-07,0.055519,0.04862
-1.6463e-07,0.055401,0.048684
-1.7875e-07,0.05528,0.048749
-1.9285e-07,0.055157,0.048816
-2.0687e-07,0.055032,0.048883
-2.2073e-07,0.054905,0.048951
-2.3439e-07,0.054777,0.04902
-2.4778e-07,0.054648,0.049089
-2.6082e-07,0.054518,0.049159
-2.7346e-07,0.054387,0.049229
-2.8561e-07,0.054256,0.049299
-2.972e-07,0.054124,0.049369
-3.0817e-07,0.053992,0.049439
-3.1843e-07,0.053861,0.049509
-3.2792e-07,0.05373,0.049578
-3.3654e-07,0.053599,0.049647
-3.4423e-07,0.05347,0.049716
-3.5092e-07,0.053341,0.049785
-3.5651e-07,0.053214,0.049853
-3.6094e-07,0.053087,0.049921
-3.6413e-07,0.052963,0.049988
-3.6601e-07,0.05284,0.050055
-3.6651e-07,0.052719,0.050121
-3.6555e-07,0.0526,0.050187
-3.6308e-07,0.052483,0.050252
-3.5901e-07,0.052369,0.050317
-3.533e-07,0.052257,0.050382
-3.4589e-07,0.052147,0.050446
-3.3671e-07,0.05204,0.05051
-3.2573e-07,0.051936,0.050574
-3.1289e-07,0.051835,0.050637
-2.9817e-07,0.051736,0.050699
-2.8152e-07,0.051641,0.050762
-2.6292e-07,0.051548,0.050824
-2.4235e-07,0.051459,0.050885
-2.1979e-07,0.051372,0.050947
-1.9525e-07,0.051289,0.051008
-1.6871e-07,0.051209,0.051069
-1.4019e-07,0.051132,0.051129
-1.0972e-07,0.051058,0.05119
-7.7308e-08,0.050987,0.051249
-4.3001e-08,0.050919,0.051309
-6.8426e-09,0.050854,0.051368
3.1111e-08,0.050793,0.051427
7.0794e-08,0.050734,0.051485
1.1213e-07,0.050678,0.051542
1.5504e-07,0.050625,0.0516
1.9941e-07,0.050575,0.051656
2.4515e-07,0.050528,0.051712
2.9213e-07,0.050483,0.051767
3.4022e-07,0.050441,0.051821
3.8929e-07,0.050402,0.051875
4.3918e-07,0.050365,0.051927
4.8972e-07,0.050331,0.051979
5.4076e-07,0.050299,0.052029
5.921e-07,0.05027,0.052079
6.4355e-07,0.050242,0.052127
6.949e-07,0.050217,0.052173
7.4595e-07,0.050194,0.052218
7.9646e-07,0.050172,0.052262
8.4621e-07,0.050153,0.052304
8.9496e-07,0.050136,0.052344
9.4247e-07,0.05012,0.052383
9.8846e-07,0.050106,0.052419
1.0327e-06,0.050094,0.052454
1.0749e-06,0.050083,0.052486
1.1148e-06,0.050074,0.052516
1.1521e-06,0.050066,0.052544
1.1865e-06,0.05006,0.052569
1.2178e-06,0.050055,0.052593
1.2457e-06,0.050051,0.052613
1.2699e-06,0.050049,0.052631
1.2901e-06,0.050048,0.052646
1.306e-06,0.050048,0.052659
1.3174e-06,0.050049,0.052669
1.3239e-06,0.050052,0.052676
1.3254e-06,0.050056,0.05268
1.3215e-06,0.050061,0.052681
1.3121e-06,0.050067,0.052679
1.2968e-06,0.050074,0.052674
1.2755e-06,0.050083,0.052666
1.2479e-06,0.050093,0.052655
1.2139e-06,0.050104,0.052641
1.1732e-06,0.050116,0.052624
1.1257e-06,0.050129,0.052604
1.0713e-06,0.050144,0.052581
1.0098e-06,0.05016,0.052554
9.4108e-07,0.050177,0.052525
8.6517e-07,0.050195,0.052493
7.8197e-07,0.050215,0.052458
6.9146e-07,0.050236,0.052419
5.9364e-07,0.050258,0.052378
4.8856e-07,0.050282,0.052335
3.7628e-07,0.050307,0.052288
2.5691e-07,0.050334,0.052239
1.3059e-07,0.050362,0.052188
-2.5176e-09,0.050392,0.052134
-1.422e-07,0.050422,0.052078
-2.8821e-07,0.050455,0.05202
-4.4025e-07,0.050489,0.05196
-5.9802e-07,0.050524,0.051898
-7.6114e-07,0.050561,0.051834
-9.292e-07,0.050599,0.051769
-1.1018e-06,0.050639,0.051702
-1.2783e-06,0.05068,0.051634
-1.4584e-06,0.050723,0.051565
-1.6413e-06,0.050767,0.051496
-1.8266e-06,0.050812,0.051426
-2.0135e-06,0.050858,0.051355
-2.2014e-06,0.050906,0.051284
-2.3894e-06,0.050955,0.051213
-2.5769e-06,0.051005,0.051143
-2.7631e-06,0.051056,0.051072
-2.947e-06,0.051108,0.051003
-3.1278e-06,0.051162,0.050934
-3.3046e-06,0.051215,0.050867
-3.4764e-06,0.05127,0.0508
-3.6423e-06,0.051325,0.050735
-3.8012e-06,0.051381,0.050672
-3.9522e-06,0.051438,0.050611
-4.094e-06,0.051494,0.050552
-4.2258e-06,0.051551,0.050495
-4.3464e-06,0.051609,0.05044
-4.4546e-06,0.051666,0.050389
-4.5494e-06,0.051723,0.05034
-4.6297e-06,0.051779,0.050294
-4.6943e-06,0.051836,0.050252
-4.7421e-06,0.051892,0.050212
-4.772e-06,0.051947,0.050177
-4.7829e-06,0.052001,0.050145
-4.7737e-06,0.052055,0.050116
-4.7434e-06,0.052108,0.050092
-4.6908e-06,0.052159,0.050071
-4.615e-06,0.052209,0.050055
-4.515e-06,0.052258,0.050042
-4.3899e-06,0.052305,0.050034
-4.2387e-06,0.05235,0.05003
-4.0607e-06,0.052393,0.050031
-3.855e-06,0.052435,0.050035
-3.6208e-06,0.052474,0.050044
-3.3576e-06,0.052511,0.050057
-3.0648e-06,0.052546,0.050075
-2.7417e-06,0.052578,0.050097
-2.3881e-06,0.052608,0.050123
-2.0034e-06,0.052635,0.050153
-1.5876e-06,0.052659,0.050187
-1.1403e-06,0.05268,0.050225
-6.6159e-07,0.052699,0.050268
-1.5144e-07,0.052714,0.050314
3.8999e-07,0.052726,0.050364
9.6245e-07,0.052734,0.050417
1.5656e-06,0.05274,0.050474
2.1989e-06,0.052742,0.050535
2.8617e-06,0.05274,0.050599
3.5534e-06,0.052735,0.050665
4.273e-06,0.052726,0.050735
5.0196e-06,0.052714,0.050808
5.7922e-06,0.052698,0.050883
6.5893e-06,0.052679,0.050961
7.4098e-06,0.052655,0.051041
8.2521e-06,0.052628,0.051123
9.1146e-06,0.052598,0.051207
9.9955e-06,0.052564,0.051292
1.0893e-05,0.052526,0.05138
1.1805e-05,0.052484,0.051468
1.273e-05,0.052439,0.051558
1.3665e-05,0.05239,0.051648
1.4608e-05,0.052338,0.05174
1.5557e-05,0.052282,0.051832
1.6509e-05,0.052223,0.051924
1.7462e-05,0.052161,0.052016
1.8412e-05,0.052095,0.052109
1.9358e-05,0.052026,0.052201
2.0296e-05,0.051955,0.052293
2.1224e-05,0.05188,0.052385
2.2138e-05,0.051802,0.052476
2.3037e-05,0.051722,0.052566
2.3916e-05,0.051639,0.052655
2.4774e-05,0.051554,0.052744
2.5607e-05,0.051467,0.052831
2.6411e-05,0.051377,0.052917
2.7186e-05,0.051285,0.053002
2.7926e-05,0.051192,0.053085
2.8631e-05,0.051096,0.053168
2.9297e-05,0.051,0.053248
2.9921e-05,0.050902,0.053327
3.0502e-05,0.050802,0.053405
3.1036e-05,0.050702,0.053481
3.1522e-05,0.050601,0.053556
3.1958e-05,0.050499,0.053629
3.2341e-05,0.050397,0.0537
3.2669e-05,0.050295,0.05377
3.2942e-05,0.050193,0.053839
3.3158e-05,0.050091,0.053906
3.3316e-05,0.049989,0.053971
3.3414e-05,0.049888,0.054036
3.3453e-05,0.049787,0.054099
3.3431e-05,0.049688,0.05416
3.3349e-05,0.04959,0.054221
3.3206e-05,0.049493,0.05428
3.3003e-05,0.049398,0.054338
3.274e-05,0.049304,0.054395
3.2418e-05,0.049213,0.054451
3.2038e-05,0.049123,0.054507
3.1601e-05,0.049036,0.054561
3.1109e-05,0.048952,0.054614
3.0563e-05,0.04887,0.054667
2.9965e-05,0.048791,0.054719
2.9317e-05,0.048715,0.05477
2.8622e-05,0.048642,0.05482
2.7882e-05,0.048573,0.054869
2.7099e-05,0.048507,0.054918
2.6277e-05,0.048444,0.054966
2.5418e-05,0.048386,0.055014
2.4526e-05,0.048331,0.05506
2.3603e-05,0.04828,0.055106
2.2652e-05,0.048233,0.055151
2.1678e-05,0.04819,0.055195
2.0684e-05,0.048152,0.055238
1.9673e-05,0.048118,0.055281
1.8648e-05,0.048088,0.055322
1.7613e-05,0.048062,0.055362
1.6572e-05,0.048041,0.055401
1.5529e-05,0.048025,0.055439
1.4487e-05,0.048013,0.055475
1.3449e-05,0.048005,0.05551
1.2419e-05,0.048002,0.055544
1.14e-05,0.048003,0.055576
1.0397e-05,0.048009,0.055606
9.4115e-06,0.048019,0.055634
8.448e-06,0.048033,0.055661
7.5094e-06,0.048052,0.055685
6.5987e-06,0.048075,0.055707
5.7189e-06,0.048102,0.055727
4.873e-06,0.048133,0.055745
4.0638e-06,0.048168,0.05576
3.2938e-06,0.048207,0.055772
2.5656e-06,0.04825,0.055782
1.8815e-06,0.048297,0.055789
1.2437e-06,0.048347,0.055794
6.5438e-07,0.0484,0.055795
1.1532e-07,0.048457,0.055793
-3.7171e-07,0.048516,0.055789
-8.0516e-07,0.048579,0.055781
-1.1837e-06,0.048645,0.05577
-1.506e-06,0.048713,0.055755
-1.7711e-06,0.048784,0.055737
-1.9782e-06,0.048857,0.055716
-2.1266e-06,0.048932,0.055692
-2.2158e-06,0.04901,0.055664
-2.2456e-06,0.049089,0.055632
-2.2158e-06,0.04917,0.055598
-2.1266e-06,0.049252,0.055559
-1.9782e-06,0.049336,0.055518
-1.7711e-06,0.049421,0.055473
-1.506e-06,0.049507,0.055425
-1.1837e-06,0.049594,0.055373
-8.0516e-07,0.049682,0.055319
-3.7171e-07,0.04977,0.055261
1.1532e-07,0.049859,0.0552
6.5438e-07,0.049947,0.055136
1.2437e-06,0.050036,0.055069
1.8815e-06,0.050125,0.055
2.5656e-06,0.050213,0.054928
3.2938e-06,0.050302,0.054853
4.0638e-06,0.050389,0.054776
4.873e-06,0.050476,0.054697
5.7189e-06,0.050562,0.054616
6.5987e-06,0.050647,0.054532
7.5094e-06,0.050731,0.054447
8.448e-06,0.050814,0.05436
9.4115e-06,0.050896,0.054272
1.0397e-05,0.050976,0.054182
1.14e-05,0.051055,0.054091
1.2419e-05,0.051132,0.053999
1.3449e-05,0.051207,0.053906
1.4487e-05,0.051281,0.053812
1.5529e-05,0.051352,0.053718
1.6572e-05,0.051422,0.053624
1.7613e-05,0.05149,0.053529
1.8648e-05,0.051555,0.053434
1.9673e-05,0.051619,0.05334
2.0684e-05,0.05168,0.053245
2.1678e-05,0.051738,0.053151
2.2652e-05,0.051795,0.053057
2.3603e-05,0.051849,0.052965
2.4526e-05,0.0519,0.052872
2.5418e-05,0.051949,0.052781
2.6277e-05,0.051995,0.052691
2.7099e-05,0.052039,0.052602
2.7882e-05,0.05208,0.052515
2.8622e-05,0.052118,0.052429
2.9317e-05,0.052154,0.052344
2.9965e-05,0.052187,0.052261
3.0563e-05,0.052217,0.052179
3.1109e-05,0.052245,0.0521
3.1601e-05,0.052269,0.052022
3.2038e-05,0.052291,0.051946
3.2418e-05,0.05231,0.051872
3.274e-05,0.052326,0.0518
3.3003e-05,0.05234,0.05173
3.3206e-05,0.052351,0.051663
3.3349e-05,0.052358,0.051597
3.3431e-05,0.052364,0.051533
3.3453e-05,0.052366,0.051472
3.3414e-05,0.052366,0.051413
3.3316e-05,0.052363,0.051356
3.3158e-05,0.052357,0.051301
3.2942e-05,0.052348,0.051248
3.2669e-05,0.052337,0.051198
3.2341e-05,0.052324,0.05115
3.1958e-05,0.052307,0.051103
3.1522e-05,0.052289,0.051059
3.1036e-05,0.052267,0.051017
3.0502e-05,0.052244,0.050978
2.9921e-05,0.052218,0.05094
2.9297e-05,0.052189,0.050904
2.8631e-05,0.052159,0.05087
2.7926e-05,0.052126,0.050838
2.7186e-05,0.052091,0.050808
2.6411e-05,0.052054,0.050779
2.5607e-05,0.052015,0.050753
2.4774e-05,0.051974,0.050728
2.3916e-05,0.051931,0.050705
2.3037e-05,0.051886,0.050684
2.2138e-05,0.05184,0.050664
2.1224e-05,0.051792,0.050645
2.0296e-05,0.051742,0.050629
1.9358e-05,0.051692,0.050613
1.8412e-05,0.051639,0.050599
1.7462e-05,0.051586,0.050587
1.6509e-05,0.051531,0.050576
1.5557e-05,0.051476,0.050566
1.4608e-05,0.051419,0.050557
1.3665e-05,0.051362,0.05055
1.273e-05,0.051303,0.050543
1.1805e-05,0.051245,0.050538
1.0893e-05,0.051185,0.050534
9.9955e-06,0.051125,0.050532
9.1146e-06,0.051065,0.05053
8.2521e-06,0.051005,0.050529
7.4098e-06,0.050944,0.05053
6.5893e-06,0.050883,0.050531
5.7922e-06,0.050822,0.050534
5.0196e-06,0.050762,0.050538
4.273e-06,0.050701,0.050542
3.5534e-06,0.050641,0.050548
2.8617e-06,0.050581,0.050554
2.1989e-06,0.050522,0.050562
1.5656e-06,0.050463,0.050571
9.6245e-07,0.050405,0.05058
3.8999e-07,0.050347,0.050591
-1.5144e-07,0.05029,0.050603
-6.6159e-07,0.050233,0.050615
-1.1403e-06,0.050178,0.050629
-1.5876e-06,0.050123,0.050643
-2.0034e-06,0.050069,0.050659
-2.3881e-06,0.050016,0.050676
-2.7417e-06,0.049963,0.050693
-3.0648e-06,0.049912,0.050712
-3.3576e-06,0.049861,0.050731
-3.6208e-06,0.049812,0.050751
-3.855e-06,0.049763,0.050773
-4.0607e-06,0.049715,0.050795
-4.2387e-06,0.049669,0.050819
-4.3899e-06,0.049623,0.050843
-4.515e-06,0.049578,0.050868
-4.615e-06,0.049534,0.050894
-4.6908e-06,0.04949,0.050921
-4.7434e-06,0.049448,0.050949
-4.7737e-06,0.049406,0.050977
-4.7829e-06,0.049365,0.051007
-4.772e-06,0.049325,0.051037
-4.7421e-06,0.049285,0.051069
-4.6943e-06,0.049246,0.0511
-4.6297e-06,0.049208,0.051133
-4.5494e-06,0.04917,0.051167
-4.4546e-06,0.049133,0.051201
-4.3464e-06,0.049096,0.051236
-4.2258e-06,0.049059,0.051272
-4.094e-06,0.049023,0.051308
-3.9522e-06,0.048987,0.051346
-3.8012e-06,0.048952,0.051384
-3.6423e-06,0.048917,0.051422
-3.4764e-06,0.048882,0.051462
-3.3046e-06,0.048847,0.051502
-3.1278e-06,0.048812,0.051542
-2.947e-06,0.048778,0.051584
-2.7631e-06,0.048743,0.051626
-2.5769e-06,0.048709,0.051669
-2.3894e-06,0.048674,0.051712
-2.2014e-06,0.048639,0.051756
-2.0135e-06,0.048605,0.051801
-1.8266e-06,0.04857,0.051847
-1.6413e-06,0.048535,0.051893
-1.4584e-06,0.0485,0.05194
-1.2783e-06,0.048465,0.051988
-1.1018e-06,0.04843,0.052036
-9.292e-07,0.048394,0.052085
-7.6114e-07,0.048358,0.052135
-5.9802e-07,0.048322,0.052186
-4.4025e-07,0.048286,0.052237
-2.8821e-07,0.04825,0.05229
-1.422e-07,0.048213,0.052343
-2.5176e-09,0.048176,0.052397
1.3059e-07,0.048139,0.052451
2.5691e-07,0.048102,0.052506
3.7628e-07,0.048064,0.052563
4.8856e-07,0.048027,0.052619
5.9364e-07,0.047989,0.052677
6.9146e-07,0.047951,0.052735
7.8197e-07,0.047913,0.052794
8.6517e-07,0.047874,0.052854
9.4108e-07,0.047836,0.052915
1.0098e-06,0.047798,0.052976
1.0713e-06,0.04776,0.053037
1.1257e-06,0.047721,0.0531
1.1732e-06,0.047683,0.053163
1.2139e-06,0.047645,0.053226
1.2479e-06,0.047607,0.05329
1.2755e-06,0.04757,0.053355
1.2968e-06,0.047533,0.05342
1.3121e-06,0.047496,0.053485
1.3215e-06,0.04746,0.053551
1.3254e-06,0.047424,0.053617
1.3239e-06,0.047388,0.053683
1.3174e-06,0.047354,0.05375
1.306e-06,0.04732,0.053817
1.2901e-06,0.047287,0.053883
1.2699e-06,0.047255,0.05395
1.2457e-06,0.047224,0.054017
1.2178e-06,0.047194,0.054084
1.1865e-06,0.047165,0.054151
1.1521e-06,0.047137,0.054218
1.1148e-06,0.047111,0.054285
1.0749e-06,0.047086,0.054351
1.0327e-06,0.047063,0.054417
9.8846e-07,0.047041,0.054482
9.4247e-07,0.047021,0.054547
8.9496e-07,0.047003,0.054611
8.4621e-07,0.046987,0.054675
7.9646e-07,0.046973,0.054738
7.4595e-07,0.046961,0.0548
6.949e-07,0.046951,0.054861
6.4355e-07,0.046943,0.054921
5.921e-07,0.046938,0.05498
5.4076e-07,0.046936,0.055037
4.8972e-07,0.046936,0.055094
4.3918e-07,0.046939,0.055148
3.8929e-07,0.046944,0.055201
3.4022e-07,0.046952,0.055253
2.9213e-07,0.046963,0.055302
2.4515e-07,0.046977,0.055349
1.9941e-07,0.046994,0.055395
1.5504e-07,0.047014,0.055437
1.1213e-07,0.047038,0.055478
7.0794e-08,0.047064,0.055516
3.1111e-08,0.047093,0.055551
-6.8426e-09,0.047126,0.055584
-4.3001e-08,0.047162,0.055613
-7.7308e-08,0.047201,0.055639
-1.0972e-07,0.047243,0.055662
-1.4019e-07,0.047289,0.055682
-1.6871e-07,0.047337,0.055698
-1.9525e-07,0.047389,0.05571
-2.1979e-07,0.047444,0.055719
-2.4235e-07,0.047502,0.055724
-2.6292e-07,0.047563,0.055724
-2.8152e-07,0.047627,0.055721
-2.9817e-07,0.047694,0.055713
-3.1289e-07,0.047763,0.055701
-3.2573e-07,0.047836,0.055684
-3.3671e-07,0.04791,0.055663
-3.4589e-07,0.047988,0.055637
-3.533e-07,0.048067,0.055607
-3.5901e-07,0.048149,0.055571
-3.6308e-07,0.048233,0.055531
-3.6555e-07,0.048319,0.055486
-3.6651e-07,0.048407,0.055436
-3.6601e-07,0.048496,0.055381
-3.6413e-07,0.048587,0.055321
-3.6094e-07,0.04868,0.055256
-3.5651e-07,0.048773,0.055186
-3.5092e-07,0.048867,0.055111
-3.4423e-07,0.048962,0.055031
-3.3654e-07,0.049058,0.054946
-3.2792e-07,0.049154,0.054856
-3.1843e-07,0.049251,0.054762
-3.0817e-07,0.049348,0.054663
-2.972e-07,0.049444,0.054559
-2.8561e-07,0.04954,0.05445
-2.7346e-07,0.049636,0.054337
-2.6082e-07,0.049731,0.054219
-2.4778e-07,0.049825,0.054098
-2.3439e-07,0.049919,0.053972
-2.2073e-07,0.050011,0.053842
-2.0687e-07,0.050101,0.053709
-1.9285e-07,0.050191,0.053572
-1.7875e-07,0.050278,0.053431
-1.6463e-07,0.050364,0.053288
-1.5053e-07,0.050448,0.053141
-1.3652e-07,0.05053,0.052991
-1.2264e-07,0.05061,0.052839
-1.0894e-07,0.050687,0.052684
-9.5459e-08,0.050762,0.052528
-8.2246e-08,0.050835,0.052369
-6.9337e-08,0.050905,0.052209
-5.6766e-08,0.050972,0.052048
-4.4567e-08,0.051037,0.051885
-3.277e-08,0.051098,0.051722
-2.1399e-08,0.051157,0.051559
-1.0481e-08,0.051213,0.051395
-3.4462e-11,0.051266,0.051231
9.9216e-09,0.051316,0.051067
1.9372e-08,0.051363,0.050905
2.8304e-08,0.051407,0.050743
3.6708e-08,0.051448,0.050582
4.4575e-08,0.051487,0.050423
5.1902e-08,0.051522,0.050266
5.8684e-08,0.051554,0.050112
6.4922e-08,0.051583,0.049959
7.0617e-08,0.05161,0.04981
7.5772e-08,0.051633,0.049664
8.0394e-08,0.051654,0.049521
8.4488e-08,0.051672,0.049382
8.8065e-08,0.051688,0.049247
9.1135e-08,0.051701,0.049116
9.3709e-08,0.051711,0.04899
9.5801e-08,0.051719,0.048869
9.7426e-08,0.051724,0.048753
9.8599e-08,0.051728,0.048643
9.9337e-08,0.051729,0.048539
9.9657e-08,0.051728,0.048441
9.9579e-08,0.051724,0.048349
9.912e-08,0.051719,0.048264
9.8301e-08,0.051712,0.048187
9.7142e-08,0.051703,0.048116
9.5662e-08,0.051693,0.048053
9.3884e-08,0.05168,0.047998
9.1827e-08,0.051666,0.047952
8.9512e-08,0.051651,0.047913
8.6962e-08,0.051633,0.047884
8.4196e-08,0.051615,0.047863
8.1235e-08,0.051595,0.047851
7.81e-08,0.051574,0.047849
7.4811e-08,0.051551,0.047856
7.1389e-08,0.051528,0.047874
6.7852e-08,0.051503,0.047901
6.4219e-08,0.051477,0.047939
6.051e-08,0.05145,0.047987
5.6741e-08,0.051422,0.048045
5.293e-08,0.051393,0.048115
4.9095e-08,0.051362,0.048195
4.525e-08,0.051331,0.048286
4.1411e-08,0.051299,0.048389
3.7593e-08,0.051266,0.048502
3.381e-08,0.051232,0.048627
3.0073e-08,0.051197,0.048763
2.6396e-08,0.051162,0.048911
2.279e-08,0.051125,0.04907
1.9265e-08,0.051088,0.04924
1.5832e-08,0.05105,0.049422
1.2498e-08,0.051011,0.049614
9.2732e-09,0.050972,0.049818
6.1637e-09,0.050931,0.050033
3.1764e-09,0.05089,0.050259
3.1714e-10,0.050848,0.050496
-2.4092e-09,0.050806,0.050743
-4.9983e-09,0.050763,0.051001
-7.4465e-09,0.050719,0.051269
-9.7512e-09,0.050675,0.051546
-1.191e-08,0.05063,0.051834
-1.3922e-08,0.050585,0.05213
-1.5785e-08,0.05054,0.052436
-1.7501e-08,0.050493,0.05275
-1.9068e-08,0.050447,0.053072
-2.0488e-08,0.0504,0.053402
-2.1763e-08,0.050353,0.053739
-2.2894e-08,0.050306,0.054083
-2.3884e-08,0.050258,0.054434
-2.4735e-08,0.050211,0.05479
-2.5451e-08,0.050163,0.055152
-2.6035e-08,0.050115,0.055518
-2.6491e-08,0.050068,0.055889
-2.6824e-08,0.050021,0.056264
-2.7038e-08,0.049974,0.056642
-2.7138e-08,0.049927,0.057022
-2.7128e-08,0.049881,0.057404
-2.7014e-08,0.049835,0.057788
-2.6802e-08,0.04979,0.058172
-2.6496e-08,0.049746,0.058557
-2.6102e-08,0.049702,0.05894
-2.5626e-08,0.049659,0.059323
-2.5074e-08,0.049618,0.059704
-2.4451e-08,0.049577,0.060082
-2.3763e-08,0.049537,0.060457
-2.3016e-08,0.049499,0.060829
-2.2215e-08,0.049462,0.061196
-2.1367e-08,0.049427,0.061558
-2.0475e-08,0.049393,0.061915
-1.9547e-08,0.04936,0.062265
-1.8586e-08,0.04933,0.062609
-1.76e-08,0.049301,0.062945
-1.6591e-08,0.049274,0.063274
-1.5566e-08,0.049248,0.063594
-1.4529e-08,0.049225,0.063905
-1.3485e-08,0.049204,0.064207
-1.2438e-08,0.049185,0.064499
-1.1392e-08,0.049167,0.06478
-1.0351e-08,0.049152,0.065051
-9.3195e-09,0.049139,0.06531
-8.3002e-09,0.049129,0.065558
-7.2968e-09,0.04912,0.065794
-6.3123e-09,0.049114,0.066018
-5.3496e-09,0.049109,0.066229
-4.4116e-09,0.049107,0.066427
-3.5005e-09,0.049107,0.066612
-2.6187e-09,0.049109,0.066783
-1.7682e-09,0.049113,0.066941
-9.5083e-10,0.04912,0.067086
-1.6812e-10,0.049128,0.067216
5.7849e-10,0.049138,0.067332
1.2878e-09,0.049149,0.067434
1.9589e-09,0.049163,0.067522
2.591e-09,0.049178,0.067596
3.1834e-09,0.049195,0.067656
3.7357e-09,0.049213,0.067702
4.2478e-09,0.049232,0.067733
4.7194e-09,0.049253,0.067751
5.1507e-09,0.049275,0.067754
5.5419e-09,0.049297,0.067744
5.8934e-09,0.049321,0.067721
6.2057e-09,0.049345,0.067684
6.4794e-09,0.049369,0.067634
6.7153e-09,0.049395,0.067571
6.9142e-09,0.04942,0.067495
7.0772e-09,0.049445,0.067407
7.2052e-09,0.049471,0.067308
7.2995e-09,0.049496,0.067196
7.3612e-09,0.049521,0.067073
7.3916e-09,0.049545,0.06694
7.3922e-09,0.049569,0.066796
7.3642e-09,0.049592,0.066641
7.3091e-09,0.049614,0.066477
7.2285e-09,0.049635,0.066304
7.1238e-09,0.049655,0.066122
6.9965e-09,0.049674,0.065932
6.8483e-09,0.049691,0.065734
6.6806e-09,0.049707,0.065529
6.495e-09,0.049721,0.065316
6.2931e-09,0.049734,0.065098
6.0765e-09,0.049744,0.064873
5.8466e-09,0.049753,0.064643
5.6049e-09,0.04976,0.064408
5.353e-09,0.049764,0.064169
5.0923e-09,0.049767,0.063926
4.8242e-09,0.049768,0.063679
4.5501e-09,0.049766,0.063429
4.2713e-09,0.049762,0.063178
3.9891e-09,0.049756,0.062924
3.7048e-09,0.049748,0.062668
3.4196e-09,0.049738,0.062412
3.1345e-09,0.049725,0.062155
2.8508e-09,0.049711,0.061898
2.5694e-09,0.049694,0.061641
2.2913e-09,0.049675,0.061385
2.0174e-09,0.049655,0.06113
1.7486e-09,0.049632,0.060877
1.4857e-09,0.049608,0.060625
1.2294e-09,0.049581,0.060376
9.8035e-10,0.049553,0.060129
7.3924e-10,0.049524,0.059885
5.0659e-10,0.049493,0.059645
2.8291e-10,0.049461,0.059407
6.8638e-11,0.049428,0.059174
-1.3584e-10,0.049393,0.058944
-3.3021e-10,0.049358,0.058719
-5.1417e-10,0.049322,0.058498
-6.8753e-10,0.049285,0.058281
-8.501e-10,0.049248,0.058069
-1.0018e-09,0.049211,0.057862
-1.1424e-09,0.049173,0.05766
-1.2721e-09,0.049136,0.057464
-1.3908e-09,0.049098,0.057272
-1.4986e-09,0.049061,0.057086
-1.5955e-09,0.049025,0.056905
-1.6817e-09,0.048989,0.05673
-1.7574e-09,0.048954,0.05656
-1.8228e-09,0.048921,0.056395
-1.8781e-09,0.048888,0.056236
-1.9235e-09,0.048857,0.056082
-1.9594e-09,0.048827,0.055934
-1.9861e-09,0.048799,0.055791
-2.0039e-09,0.048773,0.055654
-2.0131e-09,0.048749,0.055521
-2.0141e-09,0.048727,0.055394
-2.0073e-09,0.048708,0.055272
-1.9931e-09,0.048691,0.055154
-1.9719e-09,0.048677,0.055042
-1.944e-09,0.048665,0.054934
-1.91e-09,0.048656,0.054831
-1.8702e-09,0.04865,0.054732
-1.8251e-09,0.048648,0.054637
-1.7751e-09,0.048648,0.054547
-1.7205e-09,0.048652,0.05446
-1.6619e-09,0.048659,0.054377
-1.5997e-09,0.04867,0.054298
-1.5342e-09,0.048684,0.054223
-1.4659e-09,0.048701,0.054151
-1.3951e-09,0.048723,0.054081
-1.3222e-09,0.048748,0.054015
-1.2477e-09,0.048776,0.053952
-1.1719e-09,0.048809,0.053891
-1.0951e-09,0.048845,0.053833
-1.0177e-09,0.048885,0.053777
-9.4002e-10,0.048929,0.053723
-8.6236e-10,0.048976,0.053671
-7.8501e-10,0.049027,0.053621
-7.0827e-10,0.049082,0.053573
-6.324e-10,0.04914,0.053527
-5.5766e-10,0.049202,0.053481
-4.8427e-10,0.049268,0.053438
-4.1246e-10,0.049337,0.053395
-3.4243e-10,0.049409,0.053353
-2.7437e-10,0.049484,0.053313
-2.0844e-10,0.049563,0.053273
-1.4481e-10,0.049644,0.053235
-8.3602e-11,0.049729,0.053197
-2.4946e-11,0.049816,0.053159
3.1054e-11,0.049906,0.053123
8.4306e-11,0.049998,0.053087
1.3473e-10,0.050093,0.053052
1.8228e-10,0.05019,0.053018
2.2688e-10,0.050289,0.052984
2.6852e-10,0.05039,0.05295
3.0718e-10,0.050493,0.052918
3.4283e-10,0.050597,0.052886
3.7549e-10,0.050703,0.052855
4.0517e-10,0.05081,0.052825
4.3189e-10,0.050918,0.052796
4.557e-10,0.051026,0.052768
4.7663e-10,0.051136,0.05274
4.9475e-10,0.051246,0.052715
5.101e-10,0.051356,0.05269
5.2277e-10,0.051467,0.052667
5.3283e-10,0.051577,0.052646
5.4037e-10,0.051688,0.052626
5.4547e-10,0.051797,0.052608
5.4823e-10,0.051906,0.052592
5.4874e-10,0.052015,0.052579
5.4712e-10,0.052122,0.052568
5.4346e-10,0.052228,0.05256
5.3788e-10,0.052333,0.052555
5.3049e-10,0.052436,0.052553
5.214e-10,0.052537,0.052554
5.1073e-10,0.052636,0.052559
4.986e-10,0.052733,0.052568
4.8511e-10,0.052828,0.05258
4.7038e-10,0.05292,0.052597
4.5453e-10,0.053009,0.052619
4.3767e-10,0.053096,0.052645
4.1992e-10,0.053179,0.052676
4.0138e-10,0.053259,0.052713
3.8217e-10,0.053336,0.052755
3.6238e-10,0.053409,0.052803
3.4213e-10,0.053479,0.052857
3.2151e-10,0.053544,0.052917
3.0062e-10,0.053605,0.052984
2.7955e-10,0.053662,0.053058
2.5839e-10,0.053715,0.053138
2.3722e-10,0.053762,0.053226
2.1614e-10,0.053806,0.053321
1.9521e-10,0.053844,0.053424
1.7452e-10,0.053877,0.053534
1.5412e-10,0.053906,0.053653
1.3408e-10,0.053929,0.05378
1.1447e-10,0.053946,0.053915
9.534e-11,0.053959,0.054059
7.6738e-11,0.053965,0.054211
5.8714e-11,0.053966,0.054372
4.1309e-11,0.053962,0.054541
2.4561e-11,0.053952,0.05472
8.5054e-12,0.053936,0.054907
-6.83e-12,0.053914,0.055103
-2.1419e-11,0.053886,0.055309
-3.5241e-11,0.053852,0.055523
-4.8279e-11,0.053813,0.055746
-6.0519e-11,0.053767,0.055978
-7.1951e-11,0.053716,0.056219
-8.2569e-11,0.053659,0.056468
-9.2371e-11,0.053596,0.056726
-1.0136e-10,0.053528,0.056993
-1.0953e-10,0.053454,0.057267
-1.169e-10,0.053375,0.05755
-1.2347e-10,0.05329,0.057841
-1.2926e-10,0.053199,0.058139
-1.3427e-10,0.053104,0.058445
-1.3854e-10,0.053004,0.058758
-1.4207e-10,0.052899,0.059077
-1.4489e-10,0.052789,0.059403
-1.4701e-10,0.052674,0.059735
-1.4847e-10,0.052556,0.060073
-1.4929e-10,0.052433,0.060416
-1.495e-10,0.052306,0.060765
-1.4912e-10,0.052176,0.061118
-1.4818e-10,0.052043,0.061475
-1.4672e-10,0.051906,0.061835
-1.4476e-10,0.051766,0.062199
-1.4233e-10,0.051624,0.062566
-1.3947e-10,0.051479,0.062934
-1.362e-10,0.051332,0.063305
-1.3257e-10,0.051183,0.063677
-1.2859e-10,0.051033,0.064049
-1.2431e-10,0.050882,0.064422
-1.1974e-10,0.050729,0.064794
-1.1493e-10,0.050576,0.065165
-1.099e-10,0.050422,0.065535
-1.0469e-10,0.050268,0.065902
-9.9314e-11,0.050115,0.066267
-9.3809e-11,0.049962,0.066629
-8.8201e-11,0.049809,0.066988
-8.2516e-11,0.049658,0.067341
-7.678e-11,0.049507,0.067691
-7.1018e-11,0.049359,0.068034
-6.5252e-11,0.049212,0.068372
-5.9505e-11,0.049067,0.068704
-5.3799e-11,0.048924,0.069029
-4.8153e-11,0.048784,0.069346
-4.2586e-11,0.048647,0.069655
-3.7117e-11,0.048512,0.069956
-3.1761e-11,0.048381,0.070249
-2.6534e-11,0.048253,0.070532
-2.145e-11,0.048129,0.070806
-1.6523e-11,0.048009,0.071069
-1.1762e-11,0.047892,0.071322
-7.18e-12,0.04778,0.071565
-2.7851e-12,0.047672,0.071796
1.4143e-12,0.047568,0.072016
5.4111e-12,0.047468,0.072224
9.1995e-12,0.047374,0.07242
1.2775e-11,0.047284,0.072604
1.6133e-11,0.047198,0.072776
1.9271e-11,0.047118,0.072935
2.2188e-11,0.047043,0.073081
2.4882e-11,0.046972,0.073215
2.7354e-11,0.046907,0.073335
2.9605e-11,0.046847,0.073442
3.1636e-11,0.046791,0.073536
3.345e-11,0.046741,0.073617
3.5049e-11,0.046697,0.073684
3.6439e-11,0.046657,0.073738
3.7623e-11,0.046622,0.073779
3.8606e-11,0.046592,0.073807
3.9394e-11,0.046568,0.073821
3.9994e-11,0.046548,0.073822
4.0411e-11,0.046534,0.073811
4.0653e-11,0.046524,0.073786
4.0727e-11,0.046519,0.073748
4.0641e-11,0.046519,0.073698
4.0402e-11,0.046523,0.073636
4.0018e-11,0.046532,0.073561
3.9498e-11,0.046546,0.073475
3.8851e-11,0.046564,0.073376
3.8084e-11,0.046586,0.073266
3.7206e-11,0.046612,0.073145
3.6226e-11,0.046643,0.073012
3.5152e-11,0.046677,0.072869
3.3994e-11,0.046715,0.072715
3.2759e-11,0.046758,0.072551
3.1455e-11,0.046803,0.072378
3.0091e-11,0.046853,0.072194
2.8676e-11,0.046906,0.072002
2.7216e-11,0.046962,0.0718
2.572e-11,0.047022,0.07159
2.4195e-11,0.047085,0.071372
2.2648e-11,0.047151,0.071146
2.1087e-11,0.04722,0.070912
1.9518e-11,0.047292,0.070671
1.7947e-11,0.047367,0.070423
1.6381e-11,0.047445,0.070169
1.4825e-11,0.047525,0.069909
1.3284e-11,0.047608,0.069642
1.1765e-11,0.047694,0.069371
1.0272e-11,0.047783,0.069095
8.8098e-12,0.047873,0.068813
7.3818e-12,0.047967,0.068528
5.9925e-12,0.048062,0.068239
4.6453e-12,0.04816,0.067946
3.3433e-12,0.048261,0.06765
2.0896e-12,0.048363,0.067352
8.8672e-13,0.048467,0.067051
-2.6317e-13,0.048573,0.066748
-1.3581e-12,0.048682,0.066443
-2.3964e-12,0.048792,0.066137
-3.3767e-12,0.048904,0.065831
-4.298e-12,0.049017,0.065523
-5.1595e-12,0.049132,0.065216
-5.9607e-12,0.049249,0.064909
-6.7014e-12,0.049366,0.064603
-7.3814e-12,0.049485,0.064298
-8.0011e-12,0.049605,0.063994
-8.5608e-12,0.049727,0.063691
-9.0613e-12,0.049848,0.063391
-9.5034e-12,0.049971,0.063094
-9.8882e-12,0.050094,0.062799
-1.0217e-11,0.050218,0.062508
-1.049e-11,0.050342,0.06222
-1.0711e-11,0.050466,0.061936
-1.088e-11,0.05059,0.061657
-1.0999e-11,0.050714,0.061382
-1.107e-11,0.050837,0.061111
-1.1095e-11,0.05096,0.060847
-1.1076e-11,0.051082,0.060587
-1.1015e-11,0.051204,0.060334
-1.0915e-11,0.051324,0.060087
-1.0777e-11,0.051443,0.059846
-1.0605e-11,0.05156,0.059612
-1.0399e-11,0.051676,0.059385
-1.0163e-11,0.05179,0.059166
-9.8992e-12,0.051902,0.058954
-9.6094e-12,0.052011,0.05875
-9.2962e-12,0.052119,0.058554
-8.9618e-12,0.052223,0.058366
-8.6086e-12,0.052325,0.058186
-8.2388e-12,0.052424,0.058016
-7.8546e-12,0.05252,0.057854
-7.4581e-12,0.052613,0.057701
-7.0516e-12,0.052702,0.057557
-6.6369e-12,0.052788,0.057423
-6.2161e-12,0.05287,0.057298
-5.791e-12,0.052948,0.057183
-5.3637e-12,0.053022,0.057078
-4.9356e-12,0.053091,0.056982
-4.5087e-12,0.053157,0.056896
-4.0844e-12,0.053218,0.05682
-3.6643e-12,0.053274,0.056754
-3.2497e-12,0.053326,0.056699
-2.8421e-12,0.053373,0.056653
-2.4427e-12,0.053415,0.056618
-2.0526e-12,0.053452,0.056593
-1.6729e-12,0.053484,0.056578
-1.3045e-12,0.053511,0.056573
-9.4843e-13,0.053532,0.056578
-6.0539e-13,0.053549,0.056593
-2.7611e-13,0.05356,0.056619
3.8787e-14,0.053566,0.056654
3.3876e-13,0.053566,0.0567
6.2336e-13,0.053561,0.056755
8.922e-13,0.053551,0.056821
1.145e-12,0.053535,0.056896
1.3815e-12,0.053514,0.05698
1.6016e-12,0.053488,0.057074
1.8052e-12,0.053455,0.057178
1.9923e-12,0.053418,0.057291
2.1629e-12,0.053375,0.057413
2.3172e-12,0.053327,0.057544
2.4554e-12,0.053273,0.057684
2.5776e-12,0.053214,0.057833
2.6841e-12,0.05315,0.057991
2.7753e-12,0.053081,0.058156
2.8515e-12,0.053006,0.05833
2.9131e-12,0.052927,0.058513
2.9607e-12,0.052842,0.058702
2.9946e-12,0.052753,0.0589
3.0153e-12,0.052659,0.059105
3.0235e-12,0.05256,0.059317
3.0196e-12,0.052456,0.059536
3.0043e-12,0.052348,0.059762
2.9781e-12,0.052236,0.059995
2.9417e-12,0.052119,0.060233
2.8956e-12,0.051998,0.060478
2.8405e-12,0.051874,0.060728
2.7771e-12,0.051745,0.060984
2.7059e-12,0.051613,0.061245
2.6277e-12,0.051477,0.06151
2.543e-12,0.051337,0.06178
2.4524e-12,0.051194,0.062055
2.3567e-12,0.051049,0.062333
2.2563e-12,0.0509,0.062614
2.152e-12,0.050748,0.062899
2.0442e-12,0.050594,0.063187
1.9336e-12,0.050437,0.063477
1.8208e-12,0.050278,0.063769
1.7062e-12,0.050116,0.064063
1.5904e-12,0.049953,0.064358
1.4739e-12,0.049788,0.064654
1.3572e-12,0.049621,0.06495
1.2407e-12,0.049452,0.065246
1.1249e-12,0.049283,0.065542
1.0102e-12,0.049112,0.065837
8.969e-13,0.04894,0.066131
7.8548e-13,0.048768,0.066423
6.7626e-13,0.048595,0.066713
5.6953e-13,0.048421,0.067
4.6561e-13,0.048248,0.067284
3.6475e-13,0.048074,0.067565
2.672e-13,0.0479,0.067841
1.7318e-13,0.047727,0.068113
8.2886e-14,0.047555,0.06838
-3.5045e-15,0.047383,0.068642
-8.5845e-14,0.047212,0.068898
-1.6401e-13,0.047042,0.069147
-2.3789e-13,0.046874,0.06939
-3.074e-13,0.046707,0.069626
-3.7248e-13,0.046542,0.069854
-4.3309e-13,0.046378,0.070074
-4.8921e-13,0.046217,0.070286
-5.4082e-13,0.046059,0.070489
-5.8794e-13,0.045903,0.070682
-6.3059e-13,0.04575,0.070867
-6.6883e-13,0.045599,0.071041
-7.0271e-13,0.045452,0.071205
-7.323e-13,0.045309,0.071359
-7.5769e-13,0.045169,0.071502
-7.7898e-13,0.045033,0.071634
-7.9627e-13,0.0449,0.071755
-8.097e-13,0.044773,0.071864
-8.1937e-13,0.044649,0.071961
-8.2544e-13,0.044531,0.072046
-8.2805e-13,0.044417,0.07212
-8.2734e-13,0.044308,0.072181
-8.2348e-13,0.044205,0.07223
-8.1662e-13,0.044107,0.072266
-8.0693e-13,0.044015,0.07229
-7.9458e-13,0.043928,0.072301
-7.7973e-13,0.043848,0.0723
-7.6257e-13,0.043774,0.072286
-7.4326e-13,0.043706,0.07226
-7.2197e-13,0.043645,0.072221
-6.9888e-13,0.04359,0.07217
-6.7416e-13,0.043542,0.072107
-6.4798e-13,0.043501,0.072031
-6.2051e-13,0.043467,0.071944
-5.919e-13,0.04344,0.071844
-5.6233e-13,0.043421,0.071733
-5.3194e-13,0.043408,0.071611
-5.009e-13,0.043403,0.071477
-4.6934e-13,0.043406,0.071333
-4.3741e-13,0.043416,0.071177
-4.0526e-13,0.043434,0.071011
-3.73e-13,0.043459,0.070835
-3.4078e-13,0.043492,0.07065
-3.087e-13,0.043533,0.070454
-2.7689e-13,0.043581,0.07025
-2.4545e-13,0.043636,0.070036
-2.1448e-13,0.043699,0.069814
-1.8408e-13,0.043769,0.069585
-1.5434e-13,0.043847,0.069347
-1.2534e-13,0.043932,0.069102
-9.7163e-14,0.044024,0.06885
-6.9867e-14,0.044123,0.068591
-4.3519e-14,0.044229,0.068327
-1.8176e-14,0.044341,0.068056
6.1117e-15,0.04446,0.067781
2.9301e-14,0.044585,0.0675
5.1353e-14,0.044716,0.067215
7.2236e-14,0.044853,0.066925
9.1925e-14,0.044995,0.066632
1.104e-13,0.045143,0.066336
1.2764e-13,0.045296,0.066036
1.4364e-13,0.045454,0.065735
1.5839e-13,0.045617,0.065431
1.719e-13,0.045783,0.065125
1.8416e-13,0.045954,0.064818
1.9519e-13,0.046128,0.064511
2.0499e-13,0.046306,0.064202
2.1359e-13,0.046486,0.063894
2.21e-13,0.04667,0.063585
2.2725e-13,0.046855,0.063278
2.3236e-13,0.047043,0.062971
2.3636e-13,0.047232,0.062665
2.3928e-13,0.047422,0.062361
2.4116e-13,0.047614,0.06206
2.4203e-13,0.047806,0.06176
2.4193e-13,0.047998,0.061463
2.4089e-13,0.04819,0.061169
2.3897e-13,0.048382,0.060878
2.3619e-13,0.048572,0.060591
2.3261e-13,0.048762,0.060307
2.2827e-13,0.04895,0.060028
2.2321e-13,0.049136,0.059753
2.1748e-13,0.049319,0.059482
2.1112e-13,0.049501,0.059217
2.0418e-13,0.049679,0.058957
1.9671e-13,0.049854,0.058702
1.8874e-13,0.050025,0.058453
1.8032e-13,0.050192,0.05821
1.715e-13,0.050355,0.057973
1.6232e-13,0.050514,0.057742
1.5283e-13,0.050668,0.057518
1.4306e-13,0.050816,0.0573
1.3306e-13,0.050959,0.057089
1.2287e-13,0.051097,0.056885
1.1253e-13,0.051229,0.056689
1.0207e-13,0.051354,0.0565
9.1536e-14,0.051474,0.056318
8.0963e-14,0.051587,0.056144
7.0385e-14,0.051693,0.055977
5.9836e-14,0.051792,0.055818
4.9349e-14,0.051884,0.055668
3.8954e-14,0.051969,0.055525
2.8681e-14,0.052047,0.05539
1.8559e-14,0.052118,0.055263
8.6158e-15,0.052181,0.055144
-1.123e-15,0.052236,0.055033
-1.0633e-14,0.052284,0.05493
-1.9889e-14,0.052325,0.054836
-2.8871e-14,0.052358,0.054749
-3.7557e-14,0.052383,0.054671
-4.5926e-14,0.052401,0.054601
-5.3961e-14,0.052411,0.054538
-6.1644e-14,0.052414,0.054484
-6.8958e-14,0.052409,0.054438
-7.5889e-14,0.052397,0.054399
-8.2421e-14,0.052378,0.054368
-8.8543e-14,0.052352,0.054345
-9.4241e-14,0.052319,0.054329
-9.9504e-14,0.052279,0.05432
-1.0432e-13,0.052232,0.054319
-1.0869e-13,0.052179,0.054325
-1.1259e-13,0.05212,0.054338
-1.1602e-13,0.052054,0.054358
-1.1898e-13,0.051983,0.054385
-1.2145e-13,0.051906,0.054418
-1.2344e-13,0.051824,0.054457
-1.2493e-13,0.051737,0.054503
-1.2593e-13,0.051645,0.054555
-1.2644e-13,0.051548,0.054612
-1.2644e-13,0.051447,0.054676
-1.2594e-13,0.051341,0.054744
-1.2495e-13,0.051232,0.054819
-1.2346e-13,0.05112,0.054898
-1.2147e-13,0.051004,0.054982
-1.1898e-13,0.050885,0.055071
-1.1601e-13,0.050763,0.055165
-1.1254e-13,0.050639,0.055263
-1.086e-13,0.050513,0.055365
-1.0418e-13,0.050386,0.055471
-9.9293e-14,0.050256,0.055581
-9.3945e-14,0.050126,0.055694
-8.8145e-14,0.049995,0.055811
-8.1904e-14,0.049863,0.055931
-7.5234e-14,0.049731,0.056054
-6.8145e-14,0.049599,0.05618
-6.0654e-14,0.049467,0.056308
-5.2772e-14,0.049336,0.056438
-4.4518e-14,0.049206,0.056571
-3.5908e-14,0.049077,0.056705
-2.696e-14,0.048949,0.056841
-1.7694e-14,0.048824,0.056979
-8.1325e-15,0.0487,0.057118
1.7033e-15,0.048578,0.057258
1.1789e-14,0.048459,0.057399
2.2099e-14,0.048342,0.057541
3.2607e-14,0.048229,0.057683
4.3284e-14,0.048119,0.057826
5.41e-14,0.048012,0.057969
6.5026e-14,0.047908,0.058111
7.6026e-14,0.047809,0.058254
8.7069e-14,0.047713,0.058396
9.8117e-14,0.047622,0.058537
1.0914e-13,0.047535,0.058678
1.2008e-13,0.047452,0.058818
1.3092e-13,0.047375,0.058957
1.4162e-13,0.047302,0.059094
1.5211e-13,0.047234,0.059231
1.6238e-13,0.047171,0.059365
1.7237e-13,0.047113,0.059498
1.8203e-13,0.04706,0.059629
1.9132e-13,0.047013,0.059758
2.0019e-13,0.046972,0.059885
2.086e-13,0.046935,0.06001
2.165e-13,0.046905,0.060132
2.2384e-13,0.04688,0.060252
2.3057e-13,0.046861,0.060369
2.3664e-13,0.046848,0.060484
2.42e-13,0.04684,0.060595
2.466e-13,0.046839,0.060704
2.5041e-13,0.046843,0.060809
2.5336e-13,0.046853,0.060911
2.5542e-13,0.046868,0.06101
2.5653e-13,0.04689,0.061106
2.5666e-13,0.046917,0.061198
2.5575e-13,0.04695,0.061286
2.5378e-13,0.046989,0.061371
2.507e-13,0.047033,0.061451
2.4647e-13,0.047083,0.061528
2.4107e-13,0.047138,0.061602
2.3445e-13,0.047198,0.061671
2.2659e-13,0.047264,0.061736
2.1747e-13,0.047335,0.061797
2.0706e-13,0.04741,0.061855
1.9535e-13,0.047491,0.061908
1.8233e-13,0.047576,0.061957
1.6797e-13,0.047666,0.062001
1.5229e-13,0.047761,0.062042
1.3527e-13,0.047859,0.062078
1.1692e-13,0.047962,0.06211
9.7263e-14,0.048068,0.062138
7.6303e-14,0.048178,0.062162
5.4063e-14,0.048292,0.062182
3.0573e-14,0.048409,0.062198
5.866e-15,0.048529,0.062209
-2.0019e-14,0.048651,0.062217
-4.7034e-14,0.048776,0.06222
-7.5126e-14,0.048904,0.06222
-1.0424e-13,0.049034,0.062215
-1.343e-13,0.049165,0.062207
-1.6523e-13,0.049298,0.062195
-1.9697e-13,0.049432,0.062179
-2.2941e-13,0.049567,0.06216
-2.6247e-13,0.049703,0.062137
-2.9603e-13,0.04984,0.062111
-3.3e-13,0.049976,0.062082
-3.6426e-13,0.050113,0.062049
-3.9869e-13,0.050249,0.062013
-4.3315e-13,0.050385,0.061975
-4.6751e-13,0.050519,0.061933
-5.0163e-13,0.050652,0.061889
-5.3536e-13,0.050784,0.061842
-5.6855e-13,0.050914,0.061792
-6.0104e-13,0.051041,0.061741
-6.3267e-13,0.051167,0.061687
-6.6326e-13,0.051289,0.061631
-6.9266e-13,0.051409,0.061573
-7.2067e-13,0.051525,0.061513
-7.4713e-13,0.051638,0.061451
-7.7185e-13,0.051747,0.061388
-7.9464e-13,0.051852,0.061324
-8.1533e-13,0.051952,0.061258
-8.3373e-13,0.052049,0.061191
-8.4965e-13,0.05214,0.061123
-8.6291e-13,0.052226,0.061054
-8.7333e-13,0.052308,0.060985
-8.8072e-13,0.052383,0.060914
-8.8491e-13,0.052454,0.060844
-8.8573e-13,0.052518,0.060772
-8.8301e-13,0.052577,0.060701
-8.7658e-13,0.05263,0.060629
-8.663e-13,0.052676,0.060558
-8.5201e-13,0.052717,0.060486
-8.3359e-13,0.052751,0.060414
-8.1089e-13,0.052778,0.060342
-7.838e-13,0.052799,0.060271
-7.5222e-13,0.052814,0.0602
-7.1606e-13,0.052822,0.060129
-6.7523e-13,0.052824,0.060059
-6.2968e-13,0.052818,0.059989
-5.7935e-13,0.052807,0.05992
-5.2421e-13,0.052789,0.059851
-4.6426e-13,0.052765,0.059783
-3.9949e-13,0.052734,0.059716
-3.2993e-13,0.052697,0.059649
-2.5563e-13,0.052654,0.059583
-1.7665e-13,0.052605,0.059517
-9.3092e-14,0.05255,0.059453
-5.0563e-15,0.05249,0.059389
8.7318e-14,0.052424,0.059325
1.8387e-13,0.052353,0.059263
2.8442e-13,0.052277,0.059201
3.8875e-13,0.052196,0.05914
4.9663e-13,0.05211,0.05908
6.0779e-13,0.05202,0.05902
7.2196e-13,0.051926,0.058961
8.3881e-13,0.051828,0.058903
9.5801e-13,0.051727,0.058845
1.0792e-12,0.051622,0.058789
1.202e-12,0.051514,0.058732
1.3259e-12,0.051404,0.058677
1.4506e-12,0.051291,0.058622
1.5755e-12,0.051176,0.058568
1.7002e-12,0.051059,0.058515
1.8241e-12,0.05094,0.058462
1.9468e-12,0.05082,0.05841
2.0676e-12,0.050699,0.058358
2.186e-12,0.050578,0.058307
2.3014e-12,0.050456,0.058257
2.4132e-12,0.050334,0.058207
2.5207e-12,0.050212,0.058158
2.6232e-12,0.050091,0.058109
2.7203e-12,0.04997,0.058061
2.8111e-12,0.049851,0.058014
2.8949e-12,0.049732,0.057967
2.9713e-12,0.049615,0.05792
3.0393e-12,0.0495,0.057875
3.0984e-12,0.049386,0.057829
3.1479e-12,0.049275,0.057784
3.1871e-12,0.049166,0.05774
3.2153e-12,0.04906,0.057696
3.2319e-12,0.048956,0.057653
3.2363e-12,0.048855,0.05761
3.2278e-12,0.048757,0.057568
3.2058e-12,0.048662,0.057526
3.1698e-12,0.04857,0.057484
3.1192e-12,0.048482,0.057443
3.0535e-12,0.048397,0.057402
2.9722e-12,0.048315,0.057362
2.8749e-12,0.048238,0.057322
2.7611e-12,0.048163,0.057282
2.6307e-12,0.048093,0.057242
2.4831e-12,0.048026,0.057203
2.3183e-12,0.047962,0.057164
2.1359e-12,0.047903,0.057126
1.936e-12,0.047847,0.057087
1.7183e-12,0.047795,0.057049
1.4831e-12,0.047746,0.057011
1.2302e-12,0.047702,0.056973
9.5993e-13,0.04766,0.056936
6.7246e-13,0.047623,0.056898
3.6813e-13,0.047588,0.056861
4.7322e-14,0.047557,0.056824
-2.8947e-13,0.04753,0.056787
-6.4166e-13,0.047506,0.05675
-1.0086e-12,0.047485,0.056714
-1.3895e-12,0.047466,0.056678
-1.7836e-12,0.047451,0.056641
-2.1898e-12,0.047439,0.056606
-2.6072e-12,0.047429,0.05657
-3.0346e-12,0.047423,0.056535
-3.4708e-12,0.047418,0.0565
-3.9144e-12,0.047416,0.056466
-4.364e-12,0.047416,0.056432
-4.8181e-12,0.047419,0.056398
-5.2751e-12,0.047423,0.056365
-5.7332e-12,0.047429,0.056333
-6.1908e-12,0.047438,0.056301
-6.6458e-12,0.047447,0.05627
-7.0963e-12,0.047458,0.05624
-7.5403e-12,0.047471,0.056211
-7.9757e-12,0.047485,0.056182
-8.4003e-12,0.0475,0.056155
-8.8118e-12,0.047516,0.056129
-9.208e-12,0.047533,0.056104
-9.5864e-12,0.047551,0.05608
-9.9447e-12,0.04757,0.056058
-1.028e-11,0.047589,0.056037
-1.0591e-11,0.047609,0.056018
-1.0874e-11,0.047629,0.056001
-1.1127e-11,0.04765,0.055985
-1.1348e-11,0.047671,0.055971
-1.1533e-11,0.047692,0.055959
-1.1682e-11,0.047713,0.055949
-1.179e-11,0.047734,0.055942
-1.1855e-11,0.047755,0.055936
-1.1876e-11,0.047777,0.055933
-1.185e-11,0.047798,0.055932
-1.1775e-11,0.047818,0.055933
-1.1649e-11,0.047839,0.055937
-1.1469e-11,0.04786,0.055943
-1.1234e-11,0.04788,0.055952
-1.0942e-11,0.0479,0.055963
-1.0591e-11,0.047919,0.055977
-1.0181e-11,0.047939,0.055993
-9.7086e-12,0.047958,0.056012
-9.1739e-12,0.047977,0.056034
-8.5759e-12,0.047995,0.056058
-7.9137e-12,0.048013,0.056085
-7.1869e-12,0.048031,0.056114
-6.3953e-12,0.048049,0.056145
-5.5388e-12,0.048066,0.056179
-4.6178e-12,0.048083,0.056216
-3.6327e-12,0.048101,0.056254
-2.5845e-12,0.048117,0.056295
-1.4741e-12,0.048134,0.056338
-3.0318e-13,0.048151,0.056383
9.2667e-13,0.048168,0.05643
2.2133e-12,0.048185,0.056478
3.5544e-12,0.048201,0.056528
4.9471e-12,0.048218,0.05658
6.3884e-12,0.048235,0.056633
7.8748e-12,0.048253,0.056687
9.4026e-12,0.04827,0.056743
1.0968e-11,0.048288,0.056799
1.2565e-11,0.048306,0.056856
1.4191e-11,0.048324,0.056914
1.5839e-11,0.048343,0.056972
1.7504e-11,0.048362,0.057031
1.9181e-11,0.048382,0.057089
2.0862e-11,0.048402,0.057148
2.2542e-11,0.048422,0.057206
2.4214e-11,0.048444,0.057265
2.587e-11,0.048465,0.057322
2.7503e-11,0.048488,0.057379
2.9105e-11,0.048511,0.057435
3.0668e-11,0.048534,0.05749
3.2184e-11,0.048558,0.057544
3.3645e-11,0.048583,0.057597
3.5042e-11,0.048609,0.057648
3.6365e-11,0.048635,0.057698
3.7607e-11,0.048662,0.057746
3.8758e-11,0.048689,0.057792
3.9809e-11,0.048717,0.057836
4.075e-11,0.048746,0.057878
4.1574e-11,0.048775,0.057918
4.2269e-11,0.048805,0.057956
4.2828e-11,0.048836,0.057992
4.3241e-11,0.048867,0.058025
4.35e-11,0.048899,0.058055
4.3596e-11,0.048931,0.058083
4.352e-11,0.048964,0.058108
4.3264e-11,0.048998,0.058131
4.2821e-11,0.049032,0.058151
4.2182e-11,0.049066,0.058168
4.1342e-11,0.049101,0.058182
4.0293e-11,0.049136,0.058193
3.903e-11,0.049172,0.058202
3.7547e-11,0.049208,0.058207
3.5838e-11,0.049244,0.05821
3.3901e-11,0.049281,0.05821
3.1731e-11,0.049318,0.058207
2.9326e-11,0.049355,0.058201
2.6684e-11,0.049393,0.058192
2.3805e-11,0.04943,0.05818
2.0687e-11,0.049468,0.058165
1.7331e-11,0.049505,0.058148
1.3741e-11,0.049543,0.058127
9.918e-12,0.04958,0.058104
5.8668e-12,0.049618,0.058079
1.5924e-12,0.049655,0.058051
-2.899e-12,0.049692,0.05802
-7.5997e-12,0.049729,0.057987
-1.2501e-11,0.049766,0.057951
-1.7594e-11,0.049802,0.057913
-2.2865e-11,0.049837,0.057873
-2.8304e-11,0.049872,0.057831
-3.3897e-11,0.049907,0.057786
-3.9628e-11,0.049941,0.05774
-4.548e-11,0.049974,0.057692
-5.1437e-11,0.050006,0.057642
-5.7479e-11,0.050038,0.057591
-6.3587e-11,0.050068,0.057538
-6.9738e-11,0.050098,0.057484
-7.591e-11,0.050126,0.057428
-8.2078e-11,0.050153,0.057372
-8.8219e-11,0.050179,0.057315
-9.4305e-11,0.050204,0.057256
-1.0031e-10,0.050228,0.057198
-1.062e-10,0.050249,0.057138
-1.1196e-10,0.05027,0.057079
-1.1755e-10,0.050289,0.057019
-1.2293e-10,0.050306,0.056959
-1.2809e-10,0.050322,0.056899
-1.3298e-10,0.050335,0.056839
-1.3757e-10,0.050347,0.05678
-1.4183e-10,0.050357,0.056721
-1.4573e-10,0.050365,0.056663
-1.4923e-10,0.050372,0.056606
-1.523e-10,0.050376,0.056549
-1.5491e-10,0.050378,0.056494
-1.5702e-10,0.050378,0.05644
-1.586e-10,0.050376,0.056387
-1.5961e-10,0.050372,0.056335
-1.6003e-10,0.050365,0.056285
-1.5982e-10,0.050357,0.056237
-1.5895e-10,0.050346,0.05619
-1.574e-10,0.050334,0.056145
-1.5514e-10,0.050319,0.056102
-1.5214e-10,0.050302,0.056061
-1.4837e-10,0.050283,0.056022
-1.4382e-10,0.050262,0.055985
-1.3846e-10,0.050239,0.05595
-1.3228e-10,0.050213,0.055917
-1.2526e-10,0.050186,0.055886
-1.1739e-10,0.050157,0.055858
-1.0866e-10,0.050127,0.055832
-9.9057e-11,0.050094,0.055808
-8.858e-11,0.05006,0.055786
-7.723e-11,0.050024,0.055767
-6.5008e-11,0.049986,0.05575
-5.1922e-11,0.049947,0.055734
-3.7981e-11,0.049907,0.055721
-2.32e-11,0.049866,0.05571
-7.5976e-12,0.049823,0.055701
8.8039e-12,0.049779,0.055694
2.5977e-11,0.049734,0.055689
4.3891e-11,0.049688,0.055686
6.251e-11,0.049641,0.055684
8.1793e-11,0.049593,0.055684
1.0169e-10,0.049545,0.055685
1.2216e-10,0.049496,0.055688
1.4315e-10,0.049447,0.055692
1.6459e-10,0.049398,0.055697
1.8642e-10,0.049348,0.055704
2.0857e-10,0.049298,0.055711
2.3096e-10,0.049248,0.05572
2.5353e-10,0.049198,0.055729
2.7618e-10,0.049149,0.055738
2.9883e-10,0.049099,0.055748
3.2139e-10,0.04905,0.055759
3.4376e-10,0.049002,0.055769
3.6584e-10,0.048954,0.05578
3.8753e-10,0.048906,0.05579
4.0871e-10,0.04886,0.055801
4.2929e-10,0.048814,0.055811
4.4915e-10,0.048769,0.055821
4.6817e-10,0.048725,0.05583
4.8623e-10,0.048682,0.055839
5.0322e-10,0.048641,0.055846
5.19e-10,0.0486,0.055853
5.3347e-10,0.048561,0.055859
5.4649e-10,0.048523,0.055864
5.5794e-10,0.048487,0.055868
5.677e-10,0.048452,0.05587
5.7564e-10,0.048419,0.055871
5.8165e-10,0.048387,0.055871
5.856e-10,0.048358,0.055869
5.8738e-10,0.04833,0.055866
5.8687e-10,0.048303,0.055861
5.8396e-10,0.048279,0.055855
5.7855e-10,0.048257,0.055846
5.7053e-10,0.048237,0.055837
5.5981e-10,0.048219,0.055825
5.463e-10,0.048203,0.055812
5.2991e-10,0.048189,0.055797
5.1058e-10,0.048177,0.05578
4.8823e-10,0.048168,0.055761
4.628e-10,0.048161,0.055741
4.3425e-10,0.048156,0.05572
4.0253e-10,0.048154,0.055696
3.6763e-10,0.048154,0.055671
3.2952e-10,0.048156,0.055645
2.8821e-10,0.048161,0.055617
2.4369e-10,0.048168,0.055588
1.96e-10,0.048178,0.055557
1.4516e-10,0.04819,0.055525
9.1237e-11,0.048205,0.055492
3.4287e-11,0.048222,0.055458
-2.5605e-11,0.048242,0.055423
-8.8343e-11,0.048264,0.055387
-1.5381e-10,0.048289,0.055351
-2.2188e-10,0.048316,0.055313
-2.9241e-10,0.048345,0.055275
-3.6523e-10,0.048377,0.055236
-4.4015e-10,0.048411,0.055198
-5.1699e-10,0.048448,0.055158
-5.9552e-10,0.048487,0.055119
-6.755e-10,0.048528,0.055079
-7.567e-10,0.048571,0.05504
-8.3883e-10,0.048617,0.055
-9.2161e-10,0.048665,0.054961
-1.0047e-09,0.048714,0.054922
-1.0879e-09,0.048766,0.054884
-1.1708e-09,0.04882,0.054846
-1.253e-09,0.048875,0.054808
-1.3342e-09,0.048933,0.054772
-1.414e-09,0.048992,0.054736
-1.492e-09,0.049052,0.0547
-1.5678e-09,0.049115,0.054666
-1.641e-09,0.049178,0.054632
-1.7111e-09,0.049243,0.054599
-1.7778e-09,0.04931,0.054567
-1.8407e-09,0.049377,0.054536
-1.8991e-09,0.049446,0.054507
-1.9528e-09,0.049515,0.054478
-2.0012e-09,0.049586,0.05445
-2.0438e-09,0.049657,0.054423
-2.0804e-09,0.049729,0.054397
-2.1103e-09,0.049801,0.054373
-2.1331e-09,0.049874,0.054349
-2.1485e-09,0.049947,0.054326
-2.1559e-09,0.050021,0.054304
-2.155e-09,0.050094,0.054283
-2.1453e-09,0.050167,0.054263
-2.1264e-09,0.05024,0.054244
-2.0981e-09,0.050313,0.054225
-2.0598e-09,0.050386,0.054207
-2.0113e-09,0.050457,0.05419
-1.9524e-09,0.050529,0.054173
-1.8826e-09,0.050599,0.054157
-1.8017e-09,0.050669,0.054141
-1.7096e-09,0.050737,0.054126
-1.6061e-09,0.050804,0.054111
-1.4909e-09,0.05087,0.054096
-1.3641e-09,0.050935,0.054081
-1.2255e-09,0.050998,0.054066
-1.0751e-09,0.051059,0.054052
-9.1298e-10,0.051119,0.054037
-7.3917e-10,0.051177,0.054023
-5.5381e-10,0.051233,0.054008
-3.5709e-10,0.051286,0.053993
-1.4923e-10,0.051338,0.053977
6.9463e-11,0.051387,0.053961
2.9865e-10,0.051434,0.053945
5.3791e-10,0.051479,0.053929
7.8677e-10,0.051521,0.053911
1.0447e-09,0.05156,0.053894
1.3111e-09,0.051596,0.053875
1.5854e-09,0.05163,0.053857
1.8667e-09,0.051661,0.053837
2.1543e-09,0.051689,0.053817
2.4474e-09,0.051714,0.053796
2.745e-09,0.051736,0.053774
3.0462e-09,0.051755,0.053752
3.3499e-09,0.051771,0.053729
3.655e-09,0.051783,0.053705
3.9603e-09,0.051792,0.05368
4.2646e-09,0.051798,0.053654
4.5667e-09,0.051801,0.053628
4.8652e-09,0.051801,0.053601
5.1588e-09,0.051797,0.053573
5.4459e-09,0.05179,0.053545
5.7251e-09,0.05178,0.053516
5.995e-09,0.051766,0.053486
6.2539e-09,0.051749,0.053456
6.5002e-09,0.051729,0.053425
6.7324e-09,0.051706,0.053394
6.9488e-09,0.051679,0.053363
7.1478e-09,0.051649,0.053331
7.3276e-09,0.051616,0.053299
7.4867e-09,0.05158,0.053267
7.6233e-09,0.051541,0.053235
7.7358e-09,0.051499,0.053203
7.8226e-09,0.051455,0.053171
7.8821e-09,0.051407,0.053139
7.9126e-09,0.051356,0.053108
7.9126e-09,0.051303,0.053077
7.8806e-09,0.051247,0.053047
7.8151e-09,0.051189,0.053018
7.7149e-09,0.051128,0.05299
7.5785e-09,0.051065,0.052962
7.4047e-09,0.051,0.052936
7.1924e-09,0.050933,0.052911
6.9406e-09,0.050863,0.052887
6.6484e-09,0.050792,0.052865
6.3148e-09,0.050719,0.052845
5.9393e-09,0.050645,0.052826
5.5213e-09,0.050569,0.05281
5.0604e-09,0.050491,0.052795
4.5564e-09,0.050412,0.052782
4.0091e-09,0.050333,0.052772
3.4186e-09,0.050252,0.052764
2.7852e-09,0.05017,0.052758
2.1094e-09,0.050088,0.052754
1.3918e-09,0.050006,0.052754
6.3318e-10,0.049923,0.052755
-1.6533e-10,0.049839,0.05276
-1.0025e-09,0.049756,0.052767
-1.8768e-09,0.049673,0.052776
-2.7866e-09,0.04959,0.052789
-3.7299e-09,0.049507,0.052804
-4.7046e-09,0.049425,0.052822
-5.7082e-09,0.049343,0.052843
-6.7382e-09,0.049263,0.052866
-7.7917e-09,0.049183,0.052892
-8.8655e-09,0.049104,0.052921
-9.9563e-09,0.049027,0.052953
-1.1061e-08,0.048951,0.052986
-1.2175e-08,0.048876,0.053023
-1.3294e-08,0.048803,0.053062
-1.4415e-08,0.048732,0.053103
-1.5533e-08,0.048663,0.053146
-1.6643e-08,0.048596,0.053192
-1.774e-08,0.048531,0.053239
-1.882e-08,0.048468,0.053289
-1.9877e-08,0.048407,0.05334
-2.0905e-08,0.04835,0.053394
-2.19e-08,0.048294,0.053448
-2.2855e-08,0.048242,0.053504
-2.3764e-08,0.048192,0.053562
-2.4623e-08,0.048145,0.053621
-2.5424e-08,0.048101,0.053681
-2.6161e-08,0.04806,0.053741
-2.6829e-08,0.048023,0.053803
-2.7422e-08,0.047988,0.053866
-2.7933e-08,0.047957,0.053928
-2.8355e-08,0.047929,0.053992
-2.8685e-08,0.047905,0.054056
-2.8914e-08,0.047884,0.054119
-2.9038e-08,0.047867,0.054183
-2.905e-08,0.047853,0.054247
-2.8946e-08,0.047843,0.054311
-2.8719e-08,0.047837,0.054374
-2.8365e-08,0.047834,0.054437
-2.7879e-08,0.047835,0.0545
-2.7256e-08,0.047839,0.054562
-2.6492e-08,0.047847,0.054623
-2.5584e-08,0.047859,0.054683
-2.4527e-08,0.047875,0.054743
-2.3319e-08,0.047894,0.054801
-2.1957e-08,0.047916,0.054859
-2.044e-08,0.047942,0.054915
-1.8765e-08,0.047972,0.05497
-1.6932e-08,0.048005,0.055024
-1.494e-08,0.048042,0.055077
-1.2789e-08,0.048081,0.055128
-1.0481e-08,0.048124,0.055177
-8.0169e-09,0.04817,0.055225
-5.3989e-09,0.04822,0.055272
-2.6301e-09,0.048272,0.055317
2.8562e-10,0.048327,0.05536
3.3438e-09,0.048384,0.055402
6.5391e-09,0.048444,0.055442
9.8652e-09,0.048507,0.05548
1.3315e-08,0.048572,0.055517
1.6881e-08,0.048639,0.055552
2.0555e-08,0.048708,0.055585
2.4326e-08,0.048779,0.055616
2.8185e-08,0.048852,0.055646
3.212e-08,0.048926,0.055674
3.6118e-08,0.049002,0.0557
4.0168e-08,0.049078,0.055724
4.4254e-08,0.049156,0.055746
4.8363e-08,0.049235,0.055767
5.2479e-08,0.049314,0.055786
5.6585e-08,0.049394,0.055803
6.0664e-08,0.049474,0.055818
6.4699e-08,0.049554,0.055832
6.8671e-08,0.049634,0.055843
7.2561e-08,0.049714,0.055854
7.635e-08,0.049793,0.055862
8.0016e-08,0.049872,0.055869
8.3539e-08,0.04995,0.055874
8.6897e-08,0.050027,0.055878
9.007e-08,0.050103,0.05588
9.3035e-08,0.050177,0.05588
9.577e-08,0.05025,0.055879
9.8252e-08,0.050321,0.055876
1.0046e-07,0.050391,0.055872
1.0237e-07,0.050459,0.055866
1.0396e-07,0.050524,0.055859
1.052e-07,0.050587,0.055851
1.0609e-07,0.050648,0.055841
1.0659e-07,0.050707,0.05583
1.0668e-07,0.050763,0.055817
1.0634e-07,0.050816,0.055803
1.0556e-07,0.050866,0.055788
1.0431e-07,0.050914,0.055772
1.0258e-07,0.050959,0.055755
1.0035e-07,0.051,0.055736
9.7607e-08,0.051039,0.055717
9.433e-08,0.051075,0.055696
9.0512e-08,0.051107,0.055674
8.6139e-08,0.051136,0.055652
8.1202e-08,0.051163,0.055628
7.5694e-08,0.051186,0.055604
6.9608e-08,0.051205,0.055578
6.2941e-08,0.051222,0.055552
5.5692e-08,0.051235,0.055525
4.786e-08,0.051246,0.055498
3.9449e-08,0.051253,0.05547
3.0463e-08,0.051257,0.055441
2.0912e-08,0.051258,0.055411
1.0807e-08,0.051257,0.055381
1.59e-10,0.051252,0.05535
-1.1014e-08,0.051245,0.055319
-2.2692e-08,0.051234,0.055288
-3.4854e-08,0.051222,0.055256
-4.7475e-08,0.051206,0.055223
-6.0525e-08,0.051188,0.05519
-7.3974e-08,0.051168,0.055157
-8.7786e-08,0.051146,0.055124
-1.0192e-07,0.051121,0.055091
-1.1635e-07,0.051094,0.055057
-1.3101e-07,0.051066,0.055023
-1.4586e-07,0.051035,0.054989
-1.6086e-07,0.051003,0.054955
-1.7595e-07,0.050969,0.054921
-1.9107e-07,0.050934,0.054887
-2.0616e-07,0.050897,0.054853
-2.2116e-07,0.050859,0.054819
-2.3601e-07,0.05082,0.054785
-2.5063e-07,0.050781,0.054751
-2.6496e-07,0.05074,0.054717
-2.7893e-07,0.050698,0.054684
-2.9246e-07,0.050656,0.054651
-3.0548e-07,0.050613,0.054617
-3.179e-07,0.050571,0.054585
-3.2965e-07,0.050527,0.054552
-3.4065e-07,0.050484,0.05452
-3.5081e-07,0.050441,0.054488
-3.6006e-07,0.050398,0.054456
-3.6831e-07,0.050355,0.054425
-3.7548e-07,0.050313,0.054394
-3.8149e-07,0.050272,0.054363
-3.8625e-07,0.05023,0.054333
-3.8969e-07,0.05019,0.054303
-3.9172e-07,0.050151,0.054273
-3.9228e-07,0.050112,0.054244
-3.9128e-07,0.050075,0.054215
-3.8865e-07,0.050039,0.054186
-3.8433e-07,0.050003,0.054158
-3.7824e-07,0.04997,0.05413
-3.7033e-07,0.049937,0.054103
-3.6054e-07,0.049906,0.054075
-3.4881e-07,0.049877,0.054048
-3.3511e-07,0.049849,0.054022
-3.1937e-07,0.049822,0.053995
-3.0158e-07,0.049797,0.053968
-2.817e-07,0.049773,0.053942
-2.5971e-07,0.049752,0.053916
-2.356e-07,0.049731,0.05389
-2.0935e-07,0.049712,0.053863
-1.8097e-07,0.049695,0.053837
-1.5048e-07,0.049679,0.053811
-1.1788e-07,0.049665,0.053785
-8.3213e-08,0.049652,0.053758
-4.6513e-08,0.04964,0.053731
-7.8306e-09,0.04963,0.053704
3.2776e-08,0.049621,0.053677
7.5236e-08,0.049612,0.053649
1.1947e-07,0.049605,0.053621
1.6538e-07,0.049599,0.053593
2.1287e-07,0.049594,0.053564
2.6182e-07,0.049589,0.053534
3.121e-07,0.049585,0.053504
3.6359e-07,0.049581,0.053474
4.1611e-07,0.049578,0.053442
4.6952e-07,0.049575,0.053411
5.2364e-07,0.049572,0.053378
5.7829e-07,0.049569,0.053345
6.3326e-07,0.049566,0.053311
6.8836e-07,0.049562,0.053276
7.4336e-07,0.049559,0.053241
7.9803e-07,0.049555,0.053205
8.5215e-07,0.04955,0.053168
9.0545e-07,0.049545,0.053131
9.5769e-07,0.049539,0.053093
1.0086e-06,0.049532,0.053054
1.0579e-06,0.049524,0.053014
1.1053e-06,0.049515,0.052974
1.1506e-06,0.049505,0.052933
1.1933e-06,0.049494,0.052892
1.2334e-06,0.049481,0.05285
1.2704e-06,0.049467,0.052807
1.304e-06,0.049453,0.052764
1.3339e-06,0.049436,0.052721
1.3599e-06,0.049419,0.052677
1.3816e-06,0.0494,0.052633
1.3988e-06,0.049379,0.052589
1.4111e-06,0.049358,0.052544
1.4183e-06,0.049335,0.0525
1.42e-06,0.049311,0.052455
1.416e-06,0.049286,0.052411
1.4061e-06,0.049259,0.052367
1.3899e-06,0.049232,0.052323
1.3673e-06,0.049203,0.052279
1.3379e-06,0.049174,0.052236
1.3016e-06,0.049144,0.052193
1.2583e-06,0.049113,0.052151
1.2076e-06,0.049081,0.05211
1.1495e-06,0.049049,0.052069
1.0839e-06,0.049017,0.05203
1.0106e-06,0.048984,0.051991
9.2952e-07,0.048951,0.051953
8.4066e-07,0.048919,0.051917
7.4396e-07,0.048886,0.051882
6.3944e-07,0.048854,0.051849
5.2714e-07,0.048822,0.051817
4.0714e-07,0.048791,0.051786
2.7954e-07,0.04876,0.051758
1.4448e-07,0.048731,0.051731
2.1583e-09,0.048702,0.051705
-1.4721e-07,0.048675,0.051682
-3.0337e-07,0.048648,0.051661
-4.66e-07,0.048623,0.051642
-6.3477e-07,0.0486,0.051625
-8.0928e-07,0.048578,0.05161
-9.8911e-07,0.048558,0.051598
-1.1738e-06,0.04854,0.051588
-1.3627e-06,0.048523,0.05158
-1.5555e-06,0.048509,0.051574
-1.7513e-06,0.048496,0.051571
-1.9497e-06,0.048486,0.05157
-2.1499e-06,0.048478,0.051572
-2.3511e-06,0.048472,0.051576
-2.5525e-06,0.048469,0.051583
-2.7534e-06,0.048467,0.051592
-2.9529e-06,0.048468,0.051604
-3.1501e-06,0.048472,0.051617
-3.344e-06,0.048477,0.051634
-3.5336e-06,0.048485,0.051653
-3.718e-06,0.048495,0.051674
-3.8961e-06,0.048508,0.051697
-4.0668e-06,0.048522,0.051723
-4.229e-06,0.048539,0.051751
-4.3816e-06,0.048557,0.051781
-4.5234e-06,0.048578,0.051814
-4.6533e-06,0.0486,0.051848
-4.7702e-06,0.048624,0.051884
-4.8727e-06,0.04865,0.051923
-4.9598e-06,0.048677,0.051963
-5.0303e-06,0.048705,0.052005
-5.0828e-06,0.048735,0.052048
-5.1164e-06,0.048766,0.052093
-5.1297e-06,0.048798,0.05214
-5.1216e-06,0.04883,0.052188
-5.091e-06,0.048863,0.052237
-5.0369e-06,0.048897,0.052288
-4.958e-06,0.048931,0.05234
-4.8533e-06,0.048965,0.052393
-4.722e-06,0.048999,0.052446
-4.5629e-06,0.049033,0.052501
-4.3753e-06,0.049066,0.052556
-4.1583e-06,0.049099,0.052612
-3.9111e-06,0.049131,0.052668
-3.633e-06,0.049162,0.052724
-3.3234e-06,0.049192,0.052781
-2.9817e-06,0.049221,0.052838
-2.6076e-06,0.049248,0.052895
-2.2006e-06,0.049274,0.052953
-1.7605e-06,0.049298,0.053009
-1.2871e-06,0.049321,0.053066
-7.8037e-07,0.049342,0.053123
-2.4036e-07,0.04936,0.053178
3.3275e-07,0.049377,0.053234
9.3866e-07,0.049392,0.053289
1.577e-06,0.049404,0.053343
2.2471e-06,0.049414,0.053396
2.9484e-06,0.049422,0.053448
3.6801e-06,0.049427,0.053499
4.4411e-06,0.04943,0.05355
5.2306e-06,0.049431,0.053599
6.0471e-06,0.049429,0.053647
6.8894e-06,0.049424,0.053693
7.756e-06,0.049418,0.053738
8.6453e-06,0.049409,0.053782
9.5554e-06,0.049397,0.053824
1.0485e-05,0.049383,0.053865
1.1431e-05,0.049367,0.053904
1.2392e-05,0.049349,0.053942
1.3365e-05,0.049329,0.053977
1.4349e-05,0.049307,0.054011
1.534e-05,0.049282,0.054044
1.6337e-05,0.049256,0.054074
1.7335e-05,0.049229,0.054102
1.8334e-05,0.049199,0.054129
1.9328e-05,0.049169,0.054154
2.0317e-05,0.049136,0.054176
2.1296e-05,0.049103,0.054197
2.2263e-05,0.049068,0.054216
2.3214e-05,0.049033,0.054232
2.4147e-05,0.048996,0.054247
2.5057e-05,0.048959,0.054259
2.5943e-05,0.048922,0.05427
2.68e-05,0.048883,0.054278
2.7626e-05,0.048845,0.054285
2.8417e-05,0.048806,0.054289
2.9171e-05,0.048767,0.054292
2.9884e-05,0.048728,0.054292
3.0554e-05,0.04869,0.054291
3.1177e-05,0.048651,0.054287
3.1751e-05,0.048613,0.054282
3.2274e-05,0.048575,0.054274
3.2742e-05,0.048538,0.054265
3.3154e-05,0.048501,0.054254
3.3508e-05,0.048465,0.054241
3.3801e-05,0.048429,0.054226
3.4032e-05,0.048395,0.05421
3.42e-05,0.048361,0.054192
3.4302e-05,0.048328,0.054172
3.4339e-05,0.048297,0.05415
3.4309e-05,0.048266,0.054128
3.4211e-05,0.048236,0.054103
3.4047e-05,0.048207,0.054077
3.3814e-05,0.048179,0.05405
3.3515e-05,0.048153,0.054021
3.3148e-05,0.048127,0.053992
3.2716e-05,0.048103,0.053961
3.2219e-05,0.048079,0.053928
3.1659e-05,0.048057,0.053895
3.1037e-05,0.048036,0.053861
3.0356e-05,0.048016,0.053826
2.9616e-05,0.047997,0.05379
2.8821e-05,0.047979,0.053753
2.7974e-05,0.047962,0.053715
2.7076e-05,0.047947,0.053677
2.6132e-05,0.047932,0.053638
2.5144e-05,0.047919,0.053599
2.4116e-05,0.047907,0.053559
2.3051e-05,0.047896,0.053519
2.1953e-05,0.047886,0.053479
2.0826e-05,0.047877,0.053438
1.9675e-05,0.047869,0.053397
1.8502e-05,0.047862,0.053356
1.7312e-05,0.047857,0.053315
1.611e-05,0.047852,0.053275
1.49e-05,0.047849,0.053234
1.3686e-05,0.047846,0.053193
1.2473e-05,0.047845,0.053153
1.1266e-05,0.047846,0.053113
1.0068e-05,0.047847,0.053073
8.8838e-06,0.047849,0.053034
7.7187e-06,0.047853,0.052995
6.5767e-06,0.047858,0.052957
5.4622e-06,0.047864,0.052919
4.3795e-06,0.047872,0.052882
3.3328e-06,0.047881,0.052845
2.3265e-06,0.047891,0.05281
1.3644e-06,0.047903,0.052775
4.5066e-07,0.047916,0.05274
-4.1098e-07,0.04793,0.052707
-1.2168e-06,0.047946,0.052674
-1.9632e-06,0.047963,0.052642
-2.6468e-06,0.047982,0.052611
-3.2643e-06,0.048003,0.052581
-3.8127e-06,0.048025,0.052552
-4.2892e-06,0.048048,0.052524
-4.6909e-06,0.048073,0.052496
-5.0155e-06,0.0481,0.05247
-5.2606e-06,0.048129,0.052444
-5.4242e-06,0.048159,0.05242
-5.5046e-06,0.048191,0.052396
-5.5001e-06,0.048224,0.052373
-5.4094e-06,0.048259,0.05235
-5.2314e-06,0.048296,0.052329
-4.9653e-06,0.048335,0.052308
-4.6106e-06,0.048375,0.052289
-4.1668e-06,0.048417,0.05227
-3.6341e-06,0.048461,0.052251
-3.0126e-06,0.048506,0.052234
-2.3029e-06,0.048552,0.052217
-1.5059e-06,0.048601,0.0522
-6.2244e-07,0.048651,0.052185
3.4592e-07,0.048702,0.05217
1.3976e-06,0.048755,0.052155
2.5305e-06,0.048809,0.052141
3.7426e-06,0.048864,0.052127
5.0313e-06,0.04892,0.052114
6.3939e-06,0.048978,0.052101
7.8272e-06,0.049037,0.052088
9.328e-06,0.049097,0.052076
1.0893e-05,0.049157,0.052064
1.2517e-05,0.049219,0.052052
1.4198e-05,0.049281,0.052041
1.593e-05,0.049344,0.052029
1.771e-05,0.049407,0.052018
1.9531e-05,0.04947,0.052007
2.139e-05,0.049534,0.051995
2.3281e-05,0.049598,0.051984
2.5199e-05,0.049662,0.051973
2.7138e-05,0.049725,0.051962
2.9093e-05,0.049789,0.05195
3.1057e-05,0.049852,0.051939
3.3025e-05,0.049914,0.051927
3.4991e-05,0.049976,0.051915
3.6949e-05,0.050037,0.051903
3.8892e-05,0.050097,0.051891
4.0815e-05,0.050156,0.051879
4.2711e-05,0.050214,0.051866
4.4574e-05,0.05027,0.051853
4.6398e-05,0.050325,0.05184
4.8177e-05,0.050379,0.051826
4.9905e-05,0.05043,0.051812
5.1576e-05,0.05048,0.051797
5.3184e-05,0.050528,0.051782
5.4724e-05,0.050573,0.051767
5.6191e-05,0.050617,0.051751
5.7579e-05,0.050658,0.051735
5.8883e-05,0.050697,0.051718
6.0099e-05,0.050733,0.051701
6.1223e-05,0.050767,0.051684
6.225e-05,0.050798,0.051666
6.3177e-05,0.050826,0.051647
6.4e-05,0.050852,0.051628
6.4718e-05,0.050875,0.051609
6.5326e-05,0.050894,0.051589
6.5824e-05,0.050911,0.051569
6.6209e-05,0.050925,0.051548
6.648e-05,0.050936,0.051527
6.6636e-05,0.050944,0.051505
6.6678e-05,0.050949,0.051483
6.6606e-05,0.05095,0.051461
6.6419e-05,0.050949,0.051438
6.6119e-05,0.050945,0.051415
6.5708e-05,0.050937,0.051392
6.5187e-05,0.050927,0.051369
6.4559e-05,0.050914,0.051345
6.3826e-05,0.050897,0.051321
6.2992e-05,0.050878,0.051297
6.206e-05,0.050856,0.051273
6.1033e-05,0.050832,0.05125
5.9916e-05,0.050804,0.051226
5.8713e-05,0.050774,0.051202
5.7429e-05,0.050742,0.051178
5.6068e-05,0.050707,0.051155
5.4636e-05,0.05067,0.051132
5.3137e-05,0.05063,0.05111
5.1577e-05,0.050589,0.051087
4.9961e-05,0.050546,0.051066
4.8295e-05,0.0505,0.051045
4.6584e-05,0.050454,0.051024
4.4833e-05,0.050405,0.051005
4.3049e-05,0.050355,0.050986
4.1237e-05,0.050304,0.050968
3.9403e-05,0.050252,0.050951
3.7551e-05,0.050198,0.050935
3.5687e-05,0.050144,0.05092
3.3817e-05,0.05009,0.050907
3.1946e-05,0.050035,0.050894
3.0079e-05,0.049979,0.050883
2.822e-05,0.049923,0.050873
2.6375e-05,0.049868,0.050865
2.4547e-05,0.049813,0.050858
2.2742e-05,0.049758,0.050853
2.0963e-05,0.049703,0.050849
1.9215e-05,0.049649,0.050847
1.7501e-05,0.049596,0.050847
1.5824e-05,0.049545,0.050848
1.4188e-05,0.049494,0.050851
1.2595e-05,0.049445,0.050856
1.105e-05,0.049397,0.050863
9.553e-06,0.049351,0.050871
8.1078e-06,0.049307,0.050881
6.716e-06,0.049264,0.050893
5.3795e-06,0.049224,0.050907
4.0998e-06,0.049186,0.050922
2.8782e-06,0.04915,0.05094
1.7158e-06,0.049116,0.050959
6.1348e-07,0.049085,0.050979
-4.2811e-07,0.049057,0.051002
-1.4086e-06,0.049031,0.051025
-2.3277e-06,0.049008,0.051051
-3.1855e-06,0.048987,0.051078
-3.9822e-06,0.04897,0.051106
-4.7182e-06,0.048955,0.051136
-5.394e-06,0.048943,0.051166
-6.0103e-06,0.048934,0.051198
-6.5682e-06,0.048928,0.051231
-7.0686e-06,0.048925,0.051265
-7.5127e-06,0.048925,0.0513
-7.9019e-06,0.048928,0.051336
-8.2376e-06,0.048933,0.051372
-8.5215e-06,0.048942,0.051409
-8.7551e-06,0.048953,0.051446
-8.9402e-06,0.048966,0.051484
-9.0788e-06,0.048983,0.051521
-9.1727e-06,0.049002,0.051559
-9.2239e-06,0.049024,0.051596
-9.2345e-06,0.049048,0.051634
-9.2065e-06,0.049074,0.051671
-9.1421e-06,0.049103,0.051708
-9.0435e-06,0.049134,0.051743
-8.9127e-06,0.049167,0.051779
-8.752e-06,0.049202,0.051813
-8.5635e-06,0.049239,0.051847
-8.3495e-06,0.049278,0.051879
-8.112e-06,0.049319,0.05191
-7.8532e-06,0.049361,0.05194
-7.5753e-06,0.049405,0.051968
-7.2803e-06,0.04945,0.051995
-6.9702e-06,0.049496,0.05202
-6.647e-06,0.049544,0.052044
-6.3128e-06,0.049593,0.052065
-5.9692e-06,0.049643,0.052084
-5.6183e-06,0.049694,0.052102
-5.2617e-06,0.049746,0.052117
-4.9012e-06,0.049798,0.05213
-4.5383e-06,0.049852,0.052141
-4.1747e-06,0.049905,0.052149
-3.8118e-06,0.049959,0.052155
-3.4511e-06,0.050014,0.052159
-3.0938e-06,0.050069,0.05216
-2.7411e-06,0.050124,0.052158
-2.3944e-06,0.050179,0.052154
-2.0546e-06,0.050234,0.052147
-1.7228e-06,0.050289,0.052138
-1.3999e-06,0.050343,0.052126
-1.0867e-06,0.050398,0.052111
-7.8404e-07,0.050452,0.052094
-4.9258e-07,0.050506,0.052074
-2.1292e-07,0.050559,0.052052
5.4381e-08,0.050612,0.052027
3.0888e-07,0.050664,0.051999
5.5017e-07,0.050715,0.05197
7.7795e-07,0.050766,0.051937
9.9196e-07,0.050815,0.051903
1.192e-06,0.050864,0.051866
1.378e-06,0.050912,0.051828
1.5498e-06,0.050958,0.051787
1.7076e-06,0.051004,0.051744
1.8512e-06,0.051048,0.051699
1.9808e-06,0.051091,0.051653
2.0967e-06,0.051132,0.051605
2.1989e-06,0.051172,0.051556
2.2877e-06,0.051211,0.051505
2.3634e-06,0.051248,0.051453
2.4264e-06,0.051283,0.0514
2.4769e-06,0.051316,0.051346
2.5155e-06,0.051348,0.051291
2.5424e-06,0.051378,0.051235
2.5582e-06,0.051407,0.051179
2.5632e-06,0.051433,0.051122
2.5581e-06,0.051457,0.051065
2.5432e-06,0.05148,0.051008
2.5192e-06,0.0515,0.050951
2.4864e-06,0.051518,0.050894
2.4456e-06,0.051535,0.050837
2.3971e-06,0.051548,0.050781
2.3416e-06,0.05156,0.050725
2.2796e-06,0.05157,0.05067
2.2117e-06,0.051577,0.050615
2.1383e-06,0.051582,0.050562
2.0601e-06,0.051585,0.050509
1.9775e-06,0.051585,0.050457
1.8911e-06,0.051583,0.050407
1.8014e-06,0.051579,0.050358
1.709e-06,0.051572,0.05031
1.6142e-06,0.051564,0.050263
1.5176e-06,0.051552,0.050219
1.4196e-06,0.051539,0.050175
1.3207e-06,0.051523,0.050134
1.2212e-06,0.051505,0.050094
1.1217e-06,0.051485,0.050056
1.0225e-06,0.051463,0.05002
9.2402e-07,0.051438,0.049985
8.2651e-07,0.051411,0.049953
7.3036e-07,0.051383,0.049922
6.3586e-07,0.051352,0.049894
5.4331e-07,0.051319,0.049867
4.5297e-07,0.051285,0.049843
3.651e-07,0.051249,0.04982
2.7991e-07,0.051211,0.0498
1.9761e-07,0.051171,0.049781
1.1838e-07,0.05113,0.049765
4.2392e-08,0.051088,0.04975
-3.0223e-08,0.051044,0.049737
-9.9338e-08,0.050998,0.049727
-1.6485e-07,0.050952,0.049718
-2.2667e-07,0.050905,0.049711
-2.8474e-07,0.050856,0.049706
-3.3901e-07,0.050807,0.049703
-3.8944e-07,0.050757,0.049701
-4.3602e-07,0.050706,0.049701
-4.7875e-07,0.050655,0.049703
-5.1765e-07,0.050604,0.049706
-5.5274e-07,0.050552,0.049711
-5.8406e-07,0.0505,0.049717
-6.1168e-07,0.050448,0.049725
-6.3566e-07,0.050395,0.049734
-6.5607e-07,0.050344,0.049744
-6.7301e-07,0.050292,0.049755
-6.8657e-07,0.050241,0.049768
-6.9685e-07,0.05019,0.049781
-7.0398e-07,0.05014,0.049795
-7.0807e-07,0.05009,0.049811
-7.0924e-07,0.050041,0.049827
-7.0764e-07,0.049993,0.049843
-7.0339e-07,0.049947,0.049861
-6.9663e-07,0.049901,0.049879
-6.8751e-07,0.049856,0.049897
-6.7618e-07,0.049812,0.049916
-6.6277e-07,0.04977,0.049936
-6.4745e-07,0.049729,0.049956
-6.3036e-07,0.049689,0.049976
-6.1164e-07,0.049651,0.049996
-5.9145e-07,0.049614,0.050016
-5.6993e-07,0.049578,0.050037
-5.4722e-07,0.049545,0.050057
-5.2348e-07,0.049512,0.050078
-4.9883e-07,0.049482,0.050099
-4.7343e-07,0.049453,0.050119
-4.4739e-07,0.049425,0.050139
-4.2085e-07,0.049399,0.05016
-3.9394e-07,0.049375,0.05018
-3.6678e-07,0.049353,0.050199
-3.3947e-07,0.049332,0.050219
-3.1215e-07,0.049313,0.050238
-2.849e-07,0.049296,0.050257
-2.5784e-07,0.04928,0.050276
-2.3105e-07,0.049266,0.050294
-2.0463e-07,0.049253,0.050311
-1.7867e-07,0.049242,0.050329
-1.5323e-07,0.049233,0.050346
-1.284e-07,0.049225,0.050362
-1.0424e-07,0.049219,0.050378
-8.0816e-08,0.049214,0.050393
-5.8178e-08,0.049211,0.050408
-3.6378e-08,0.049209,0.050422
-1.5463e-08,0.049209,0.050436
4.5309e-09,0.04921,0.050449
2.3568e-08,0.049213,0.050462
4.1621e-08,0.049217,0.050473
5.8665e-08,0.049222,0.050484
7.4683e-08,0.049228,0.050495
8.9662e-08,0.049236,0.050504
1.0359e-07,0.049245,0.050513
1.1647e-07,0.049255,0.050522
1.2829e-07,0.049266,0.050529
1.3906e-07,0.049279,0.050536
1.488e-07,0.049292,0.050542
1.575e-07,0.049307,0.050547
1.6518e-07,0.049322,0.050551
1.7187e-07,0.049339,0.050554
1.7759e-07,0.049357,0.050557
1.8235e-07,0.049375,0.050559
1.8618e-07,0.049394,0.05056
1.8912e-07,0.049414,0.05056
1.9119e-07,0.049435,0.050559
1.9242e-07,0.049457,0.050558
1.9286e-07,0.049479,0.050555
1.9253e-07,0.049502,0.050552
1.9148e-07,0.049525,0.050548
1.8973e-07,0.049549,0.050543
1.8734e-07,0.049574,0.050537
1.8434e-07,0.049598,0.05053
1.8077e-07,0.049624,0.050523
1.7667e-07,0.049649,0.050514
1.7208e-07,0.049675,0.050505
1.6704e-07,0.049701,0.050495
1.616e-07,0.049727,0.050484
1.5579e-07,0.049753,0.050472
1.4965e-07,0.049779,0.050459
1.4322e-07,0.049805,0.050445
1.3654e-07,0.049831,0.05043
1.2965e-07,0.049857,0.050415
1.2259e-07,0.049882,0.050399
1.1538e-07,0.049907,0.050382
1.0807e-07,0.049932,0.050364
1.0068e-07,0.049957,0.050345
9.325e-08,0.049981,0.050326
8.5811e-08,0.050004,0.050306
7.8391e-08,0.050027,0.050285
7.1016e-08,0.050049,0.050264
6.3715e-08,0.050071,0.050241
5.651e-08,0.050092,0.050219
4.9426e-08,0.050112,0.050195
4.2483e-08,0.050131,0.050171
3.5703e-08,0.05015,0.050147
2.9104e-08,0.050168,0.050122
2.2702e-08,0.050184,0.050096
1.6513e-08,0.0502,0.05007
1.0551e-08,0.050215,0.050044
4.8277e-09,0.050229,0.050017
-6.4525e-10,0.050242,0.049991
-5.8588e-09,0.050254,0.049964
-1.0805e-08,0.050265,0.049936
-1.5478e-08,0.050275,0.049909
-1.9871e-08,0.050284,0.049881
-2.3982e-08,0.050292,0.049854
-2.7807e-08,0.050299,0.049826
-3.1346e-08,0.050305,0.049799
-3.4597e-08,0.05031,0.049772
-3.7563e-08,0.050314,0.049744
-4.0245e-08,0.050318,0.049717
-4.2646e-08,0.05032,0.04969
-4.4769e-08,0.050322,0.049664
-4.6621e-08,0.050323,0.049637
-4.8206e-08,0.050323,0.049611
-4.9531e-08,0.050322,0.049585
-5.0602e-08,0.050321,0.04956
-5.1429e-08,0.050319,0.049534
-5.2018e-08,0.050317,0.049509
-5.2379e-08,0.050314,0.049485
-5.2522e-08,0.050311,0.049461
-5.2455e-08,0.050308,0.049437
-5.2189e-08,0.050304,0.049413
-5.1735e-08,0.0503,0.04939
-5.1102e-08,0.050297,0.049367
-5.0302e-08,0.050293,0.049344
-4.9346e-08,0.050289,0.049321
-4.8245e-08,0.050285,0.049299
-4.7009e-08,0.050282,0.049277
-4.565e-08,0.050278,0.049255
-4.4179e-08,0.050275,0.049233
-4.2607e-08,0.050273,0.049212
-4.0944e-08,0.050271,0.04919
-3.9202e-08,0.05027,0.049168
-3.739e-08,0.050269,0.049147
-3.5519e-08,0.050269,0.049125
-3.3599e-08,0.050269,0.049103
-3.164e-08,0.05027,0.049081
-2.965e-08,0.050273,0.049059
-2.764e-08,0.050276,0.049037
-2.5618e-08,0.05028,0.049014
-2.3591e-08,0.050285,0.048991
-2.1569e-08,0.050291,0.048968
-1.9559e-08,0.050298,0.048945
-1.7567e-08,0.050306,0.048921
-1.5602e-08,0.050315,0.048897
-1.3668e-08,0.050325,0.048873
-1.1773e-08,0.050337,0.048848
-9.9211e-09,0.050349,0.048824
-8.1179e-09,0.050363,0.048798
-6.368e-09,0.050377,0.048773
-4.6757e-09,0.050393,0.048747
-3.0448e-09,0.05041,0.048721
-1.4787e-09,0.050428,0.048694
1.954e-11,0.050447,0.048668
1.4474e-09,0.050466,0.048641
2.8028e-09,0.050487,0.048615
4.0837e-09,0.050509,0.048588
5.2887e-09,0.050531,0.048561
6.4168e-09,0.050555,0.048535
7.4673e-09,0.050579,0.048508
8.4397e-09,0.050603,0.048482
9.3339e-09,0.050629,0.048456
1.015e-08,0.050655,0.048431
1.0889e-08,0.050681,0.048406
1.1551e-08,0.050708,0.048382
1.2138e-08,0.050735,0.048359
1.265e-08,0.050762,0.048336
1.309e-08,0.05079,0.048315
1.3458e-08,0.050817,0.048294
1.3757e-08,0.050844,0.048275
1.399e-08,0.050872,0.048256
1.4157e-08,0.050899,0.048239
1.4262e-08,0.050926,0.048224
1.4307e-08,0.050952,0.04821
1.4295e-08,0.050978,0.048198
1.4228e-08,0.051003,0.048187
1.411e-08,0.051028,0.048178
1.3943e-08,0.051052,0.048171
1.373e-08,0.051074,0.048166
1.3474e-08,0.051096,0.048163
1.3178e-08,0.051117,0.048162
1.2845e-08,0.051137,0.048163
1.2478e-08,0.051155,0.048166
1.2081e-08,0.051172,0.048172
1.1655e-08,0.051188,0.048179
1.1205e-08,0.051202,0.048189
1.0732e-08,0.051214,0.048201
1.0241e-08,0.051225,0.048215
9.7325e-09,0.051234,0.048231
9.2108e-09,0.051242,0.048249
8.6781e-09,0.051247,0.048269
8.1369e-09,0.051251,0.048292
7.5897e-09,0.051253,0.048316
7.039e-09,0.051252,0.048342
6.487e-09,0.05125,0.04837
5.936e-09,0.051246,0.0484
5.3879e-09,0.05124,0.048431
4.8447e-09,0.051232,0.048464
4.3084e-09,0.051222,0.048498
3.7806e-09,0.051209,0.048533
3.2631e-09,0.051195,0.04857
2.7572e-09,0.051179,0.048607
2.2645e-09,0.051161,0.048646
1.7861e-09,0.051141,0.048685
1.3234e-09,0.051119,0.048725
8.772e-10,0.051096,0.048766
4.486e-10,0.051071,0.048806
3.8382e-11,0.051044,0.048847
-3.5273e-10,0.051015,0.048888
-7.2412e-10,0.050985,0.048929
-1.0753e-09,0.050954,0.04897
-1.4059e-09,0.050921,0.04901
-1.7155e-09,0.050887,0.04905
-2.004e-09,0.050852,0.049089
-2.2712e-09,0.050816,0.049127
-2.5171e-09,0.050779,0.049165
-2.7418e-09,0.050742,0.049201
-2.9453e-09,0.050703,0.049236
-3.128e-09,0.050665,0.049271
-3.29e-09,0.050625,0.049303
-3.4318e-09,0.050586,0.049335
-3.5537e-09,0.050546,0.049364
-3.6561e-09,0.050507,0.049393
-3.7397e-09,0.050467,0.049419
-3.8049e-09,0.050428,0.049444
-3.8524e-09,0.050389,0.049467
-3.8829e-09,0.050351,0.049488
-3.8969e-09,0.050313,0.049507
-3.8952e-09,0.050276,0.049525
-3.8787e-09,0.05024,0.04954
-3.8479e-09,0.050205,0.049553
-3.8038e-09,0.050171,0.049565
-3.7471e-09,0.050139,0.049574
-3.6786e-09,0.050108,0.049581
-3.5991e-09,0.050078,0.049587
-3.5095e-09,0.05005,0.04959
-3.4106e-09,0.050023,0.049591
-3.3031e-09,0.049998,0.049591
-3.188e-09,0.049976,0.049588
-3.066e-09,0.049955,0.049583
-2.9379e-09,0.049936,0.049577
-2.8045e-09,0.049919,0.049569
-2.6666e-09,0.049904,0.049559
-2.5248e-09,0.049892,0.049547
-2.38e-09,0.049882,0.049534
-2.2328e-09,0.049874,0.049519
-2.0839e-09,0.049869,0.049502
-1.9339e-09,0.049866,0.049484
-1.7836e-09,0.049865,0.049464
-1.6334e-09,0.049867,0.049443
-1.484e-09,0.049871,0.049421
-1.3358e-09,0.049878,0.049398
-1.1895e-09,0.049887,0.049373
-1.0455e-09,0.049898,0.049347
-9.0415e-10,0.049912,0.04932
-7.6598e-10,0.049928,0.049292
-6.3135e-10,0.049946,0.049263
-5.006e-10,0.049967,0.049234
-3.7405e-10,0.04999,0.049204
-2.5201e-10,0.050014,0.049173
-1.3472e-10,0.050041,0.049141
-2.2412e-11,0.050069,0.049109
8.4709e-11,0.0501,0.049077
1.8648e-10,0.050132,0.049044
2.8275e-10,0.050165,0.049011
3.7341e-10,0.0502,0.048977
4.5838e-10,0.050237,0.048944
5.376e-10,0.050274,0.04891
6.1103e-10,0.050313,0.048877
6.7865e-10,0.050352,0.048843
7.4049e-10,0.050393,0.048809
7.9657e-10,0.050434,0.048776
8.4695e-10,0.050476,0.048742
8.917e-10,0.050518,0.048709
9.3092e-10,0.05056,0.048676
9.647e-10,0.050602,0.048643
9.9318e-10,0.050644,0.048611
1.0165e-09,0.050687,0.048579
1.0348e-09,0.050728,0.048547
1.0483e-09,0.050769,0.048515
1.0571e-09,0.05081,0.048484
1.0614e-09,0.05085,0.048453
1.0614e-09,0.050888,0.048423
1.0573e-09,0.050926,0.048392
1.0493e-09,0.050962,0.048363
1.0377e-09,0.050997,0.048333
1.0226e-09,0.051031,0.048304
1.0043e-09,0.051063,0.048276
9.8294e-10,0.051093,0.048248
9.5882e-10,0.051122,0.04822
9.3214e-10,0.051148,0.048193
9.0312e-10,0.051172,0.048166
8.7198e-10,0.051195,0.04814
8.3894e-10,0.051215,0.048114
8.0422e-10,0.051232,0.048088
7.6802e-10,0.051248,0.048063
7.3057e-10,0.051261,0.048039
6.9206e-10,0.051271,0.048015
6.5269e-10,0.051279,0.047992
6.1265e-10,0.051284,0.047969
5.7213e-10,0.051287,0.047948
5.313e-10,0.051288,0.047926
4.9034e-10,0.051285,0.047906
4.4942e-10,0.05128,0.047886
4.0868e-10,0.051273,0.047867
3.6829e-10,0.051263,0.047849
3.2836e-10,0.05125,0.047832
2.8905e-10,0.051235,0.047815
2.5047e-10,0.051217,0.0478
2.1273e-10,0.051197,0.047786
1.7594e-10,0.051175,0.047772
1.402e-10,0.05115,0.04776
1.056e-10,0.051123,0.047749
7.2218e-11,0.051093,0.047739
4.0122e-11,0.051062,0.04773
9.3777e-12,0.051028,0.047722
-1.996e-11,0.050993,0.047716
-4.7844e-11,0.050956,0.047711
-7.4235e-11,0.050917,0.047707
-9.9101e-11,0.050876,0.047704
-1.2242e-10,0.050833,0.047703
-1.4417e-10,0.05079,0.047702
-1.6435e-10,0.050744,0.047703
-1.8294e-10,0.050698,0.047706
-1.9996e-10,0.05065,0.047709
-2.154e-10,0.050602,0.047714
-2.293e-10,0.050552,0.04772
-2.4165e-10,0.050501,0.047727
-2.525e-10,0.05045,0.047735
-2.6186e-10,0.050398,0.047744
-2.6978e-10,0.050346,0.047754
-2.7628e-10,0.050294,0.047765
-2.8142e-10,0.050241,0.047776
-2.8522e-10,0.050188,0.047789
-2.8776e-10,0.050134,0.047802
-2.8906e-10,0.050081,0.047817
-2.8919e-10,0.050029,0.047831
-2.8819e-10,0.049976,0.047847
-2.8614e-10,0.049924,0.047862
-2.8307e-10,0.049872,0.047878
-2.7906e-10,0.049821,0.047895
-2.7416e-10,0.049771,0.047912
-2.6844e-10,0.049721,0.047928
-2.6195e-10,0.049673,0.047946
-2.5475e-10,0.049625,0.047963
-2.4691e-10,0.049578,0.04798
-2.3849e-10,0.049533,0.047997
-2.2954e-10,0.049489,0.048013
-2.2013e-10,0.049446,0.04803
-2.1031e-10,0.049404,0.048046
-2.0015e-10,0.049364,0.048062
-1.8968e-10,0.049326,0.048078
-1.7898e-10,0.049289,0.048093
-1.6809e-10,0.049253,0.048108
-1.5706e-10,0.049219,0.048122
-1.4595e-10,0.049187,0.048136
-1.3479e-10,0.049157,0.048149
-1.2364e-10,0.049128,0.048162
-1.1254e-10,0.049102,0.048174
-1.0152e-10,0.049077,0.048185
-9.0631e-11,0.049054,0.048196
-7.9901e-11,0.049033,0.048206
-6.9367e-11,0.049013,0.048215
-5.9061e-11,0.048996,0.048224
-4.901e-11,0.04898,0.048232
-3.9242e-11,0.048967,0.048239
-2.9781e-11,0.048955,0.048246
-2.0649e-11,0.048945,0.048252
-1.1867e-11,0.048937,0.048258
-3.4507e-12,0.048931,0.048263
4.5838e-12,0.048926,0.048268
1.2224e-11,0.048924,0.048272
1.9458e-11,0.048923,0.048275
2.6277e-11,0.048924,0.048279
3.2676e-11,0.048926,0.048281
3.8648e-11,0.048931,0.048284
4.4191e-11,0.048937,0.048286
4.9303e-11,0.048944,0.048288
5.3986e-11,0.048954,0.04829
5.824e-11,0.048964,0.048291
6.2071e-11,0.048977,0.048293
6.5483e-11,0.04899,0.048295
6.8482e-11,0.049006,0.048296
7.1076e-11,0.049022,0.048298
7.3275e-11,0.04904,0.048299
7.5088e-11,0.049059,0.048301
7.6527e-11,0.04908,0.048303
7.7603e-11,0.049101,0.048306
7.833e-11,0.049124,0.048308
7.872e-11,0.049148,0.048311
7.8789e-11,0.049173,0.048314
7.8551e-11,0.049199,0.048318
7.8022e-11,0.049225,0.048322
7.7217e-11,0.049253,0.048326
7.6152e-11,0.049282,0.048331
7.4843e-11,0.049311,0.048337
7.3307e-11,0.049342,0.048342
7.1561e-11,0.049373,0.048349
6.9621e-11,0.049404,0.048356
6.7504e-11,0.049437,0.048363
6.5226e-11,0.049469,0.048371
6.2804e-11,0.049503,0.048379
6.0253e-11,0.049537,0.048388
5.7589e-11,0.049571,0.048398
5.4829e-11,0.049606,0.048408
5.1987e-11,0.049641,0.048418
4.9078e-11,0.049676,0.048429
4.6116e-11,0.049711,0.04844
4.3116e-11,0.049747,0.048451
4.009e-11,0.049782,0.048463
3.7052e-11,0.049818,0.048475
3.4013e-11,0.049854,0.048488
3.0987e-11,0.049889,0.0485
2.7982e-11,0.049925,0.048513
2.5011e-11,0.04996,0.048527
2.2083e-11,0.049995,0.04854
1.9207e-11,0.05003,0.048553
1.6392e-11,0.050064,0.048566
1.3646e-11,0.050098,0.04858
1.0977e-11,0.050132,0.048593
8.3899e-12,0.050164,0.048606
5.8923e-12,0.050197,0.048619
3.4891e-12,0.050228,0.048632
1.1854e-12,0.050259,0.048645
-1.0149e-12,0.050289,0.048657
-3.108e-12,0.050318,0.048669
-5.0908e-12,0.050346,0.048681
-6.961e-12,0.050373,0.048692
-8.7166e-12,0.050399,0.048703
-1.0356e-11,0.050424,0.048713
-1.1879e-11,0.050448,0.048723
-1.3284e-11,0.050471,0.048732
-1.4573e-11,0.050492,0.048741
-1.5745e-11,0.050512,0.048749
-1.6801e-11,0.05053,0.048756
-1.7742e-11,0.050547,0.048762
-1.8572e-11,0.050563,0.048767
-1.929e-11,0.050577,0.048772
-1.9901e-11,0.050589,0.048776
-2.0406e-11,0.0506,0.048779
-2.0809e-11,0.050609,0.048781
-2.1113e-11,0.050616,0.048782
-2.1321e-11,0.050622,0.048782
-2.1437e-11,0.050626,0.048781
-2.1465e-11,0.050628,0.048779
-2.1409e-11,0.050629,0.048776
-2.1274e-11,0.050628,0.048772
-2.1062e-11,0.050625,0.048766
-2.078e-11,0.05062,0.04876
-2.043e-11,0.050613,0.048752
-2.0018e-11,0.050605,0.048744
-1.9549e-11,0.050595,0.048734
-1.9026e-11,0.050583,0.048723
-1.8454e-11,0.05057,0.04871
-1.7838e-11,0.050555,0.048697
-1.7182e-11,0.050538,0.048682
-1.6491e-11,0.05052,0.048666
-1.5769e-11,0.0505,0.048649
-1.5019e-11,0.050479,0.04863
-1.4247e-11,0.050456,0.04861
-1.3457e-11,0.050432,0.048589
-1.2651e-11,0.050406,0.048567
-1.1835e-11,0.05038,0.048544
-1.1011e-11,0.050352,0.048519
-1.0184e-11,0.050323,0.048493
-9.356e-12,0.050293,0.048466
-8.5309e-12,0.050262,0.048437
-7.7117e-12,0.05023,0.048407
-6.9012e-12,0.050198,0.048376
-6.1021e-12,0.050164,0.048343
-5.317e-12,0.050131,0.04831
-4.5483e-12,0.050096,0.048275
-3.7981e-12,0.050061,0.048238
-3.0685e-12,0.050026,0.048201
-2.3613e-12,0.04999,0.048162
-1.6782e-12,0.049954,0.048121
-1.0207e-12,0.049918,0.048079
-3.9008e-13,0.049882,0.048036
2.1243e-13,0.049846,0.047992
7.8584e-13,0.049811,0.047946
1.3293e-12,0.049775,0.047899
1.8422e-12,0.049739,0.047851
2.3238e-12,0.049704,0.047801
2.7739e-12,0.04967,0.047749
3.1923e-12,0.049635,0.047697
3.5786e-12,0.049601,0.047642
3.9331e-12,0.049568,0.047587
4.2557e-12,0.049536,0.04753
4.5468e-12,0.049504,0.047471
4.8067e-12,0.049472,0.047411
5.0359e-12,0.049442,0.04735
5.235e-12,0.049412,0.047287
5.4045e-12,0.049383,0.047223
5.5452e-12,0.049355,0.047157
5.658e-12,0.049328,0.04709
5.7437e-12,0.049302,0.047022
5.8032e-12,0.049277,0.046952
5.8375e-12,0.049252,0.046881
5.8478e-12,0.049229,0.046808
5.835e-12,0.049207,0.046735
5.8003e-12,0.049185,0.04666
5.7449e-12,0.049165,0.046584
5.67e-12,0.049146,0.046506
5.5767e-12,0.049128,0.046428
5.4663e-12,0.04911,0.046349
5.3401e-12,0.049094,0.046268
5.1991e-12,0.049079,0.046187
5.0448e-12,0.049065,0.046105
4.8782e-12,0.049052,0.046022
4.7007e-12,0.04904,0.045939
4.5134e-12,0.049029,0.045855
4.3175e-12,0.049019,0.045771
4.1141e-12,0.04901,0.045686
3.9044e-12,0.049002,0.045601
3.6895e-12,0.048995,0.045516
3.4705e-12,0.04899,0.045431
3.2484e-12,0.048985,0.045346
3.0242e-12,0.048981,0.045261
2.7989e-12,0.048978,0.045176
2.5733e-12,0.048976,0.045093
2.3484e-12,0.048975,0.045009
2.125e-12,0.048975,0.044927
1.9039e-12,0.048976,0.044846
1.6859e-12,0.048978,0.044765
1.4716e-12,0.048981,0.044686
1.2616e-12,0.048985,0.044609
1.0567e-12,0.04899,0.044532
8.5732e-13,0.048996,0.044458
6.6398e-13,0.049003,0.044385
4.7715e-13,0.04901,0.044315
2.9725e-13,0.049019,0.044246
1.2465e-13,0.049029,0.04418
-4.0328e-14,0.049039,0.044116
-1.9741e-13,0.04905,0.044055
-3.4636e-13,0.049063,0.043996
-4.8698e-13,0.049076,0.04394
-6.1913e-13,0.04909,0.043887
-7.4269e-13,0.049104,0.043837
-8.5759e-13,0.04912,0.04379
-9.638e-13,0.049136,0.043746
-1.0613e-12,0.049153,0.043706
-1.1501e-12,0.049171,0.043669
-1.2304e-12,0.049189,0.043635
-1.3021e-12,0.049209,0.043605
-1.3654e-12,0.049228,0.043579
-1.4206e-12,0.049248,0.043556
-1.4676e-12,0.049269,0.043536
-1.5068e-12,0.04929,0.04352
-1.5383e-12,0.049312,0.043508
-1.5625e-12,0.049334,0.0435
-1.5794e-12,0.049356,0.043495
-1.5895e-12,0.049378,0.043494
-1.593e-12,0.049401,0.043496
-1.5902e-12,0.049424,0.043502
-1.5814e-12,0.049447,0.043512
-1.5669e-12,0.049469,0.043525
-1.5471e-12,0.049492,0.043541
-1.5222e-12,0.049515,0.043561
-1.4926e-12,0.049537,0.043583
-1.4587e-12,0.049559,0.043609
-1.4207e-12,0.049581,0.043639
-1.379e-12,0.049603,0.043671
-1.334e-12,0.049624,0.043706
-1.286e-12,0.049644,0.043743
-1.2352e-12,0.049664,0.043784
-1.1821e-12,0.049683,0.043827
-1.1269e-12,0.049702,0.043872
-1.0699e-12,0.04972,0.04392
-1.0115e-12,0.049737,0.04397
-9.5198e-13,0.049753,0.044022
-8.9155e-13,0.049769,0.044075
-8.3052e-13,0.049783,0.044131
-7.6916e-13,0.049797,0.044189
-7.0771e-13,0.049809,0.044248
-6.4641e-13,0.049821,0.044308
-5.8551e-13,0.049831,0.04437
-5.252e-13,0.049841,0.044433
-4.657e-13,0.049849,0.044497
-4.072e-13,0.049856,0.044562
-3.4987e-13,0.049862,0.044627
-2.9389e-13,0.049867,0.044694
-2.394e-13,0.049871,0.044761
-1.8654e-13,0.049873,0.044829
-1.3545e-13,0.049875,0.044896
-8.6231e-14,0.049875,0.044965
-3.8991e-14,0.049874,0.045033
6.1821e-15,0.049872,0.045101
4.9212e-14,0.049869,0.04517
9.0032e-14,0.049864,0.045238
1.2859e-13,0.049859,0.045306
1.6484e-13,0.049852,0.045373
1.9876e-13,0.049845,0.04544
2.3032e-13,0.049836,0.045506
2.5951e-13,0.049827,0.045572
2.8633e-13,0.049816,0.045637
3.1078e-13,0.049805,0.045702
3.329e-13,0.049793,0.045765
3.5269e-13,0.04978,0.045827
3.7019e-13,0.049767,0.045888
3.8545e-13,0.049752,0.045949
3.985e-13,0.049738,0.046007
4.0941e-13,0.049722,0.046065
4.1822e-13,0.049706,0.046121
4.2501e-13,0.04969,0.046176
4.2985e-13,0.049673,0.046229
4.328e-13,0.049657,0.046281
4.3394e-13,0.049639,0.04633
4.3336e-13,0.049622,0.046379
4.3113e-13,0.049605,0.046425
4.2735e-13,0.049587,0.046469
4.221e-13,0.04957,0.046511
4.1547e-13,0.049553,0.046552
4.0754e-13,0.049536,0.04659
3.9842e-13,0.049519,0.046626
3.882e-13,0.049502,0.046659
3.7695e-13,0.049486,0.046691
3.6478e-13,0.04947,0.046719
3.5178e-13,0.049455,0.046746
3.3803e-13,0.04944,0.046769
3.2362e-13,0.049425,0.046791
3.0864e-13,0.049412,0.046809
2.9318e-13,0.049399,0.046825
2.7731e-13,0.049386,0.046838
2.6112e-13,0.049375,0.046848
2.4468e-13,0.049364,0.046856
2.2807e-13,0.049354,0.04686
2.1136e-13,0.049345,0.046861
1.9462e-13,0.049336,0.04686
1.7791e-13,0.049329,0.046856
1.613e-13,0.049322,0.046848
1.4486e-13,0.049317,0.046838
1.2862e-13,0.049312,0.046824
1.1265e-13,0.049308,0.046808
9.6998e-14,0.049306,0.046789
8.1705e-14,0.049304,0.046766
6.6815e-14,0.049303,0.046741
5.2366e-14,0.049304,0.046713
3.8394e-14,0.049305,0.046682
2.4929e-14,0.049307,0.046649
1.2e-14,0.04931,0.046613
-3.685e-16,0.049314,0.046574
-1.2155e-14,0.049319,0.046532
-2.3342e-14,0.049324,0.046489
-3.3913e-14,0.049331,0.046443
-4.3858e-14,0.049338,0.046394
-5.3167e-14,0.049346,0.046344
-6.1834e-14,0.049354,0.046292
-6.9856e-14,0.049363,0.046238
-7.7233e-14,0.049373,0.046182
-8.3966e-14,0.049383,0.046125
-9.0059e-14,0.049394,0.046066
-9.5519e-14,0.049405,0.046006
-1.0035e-13,0.049416,0.045945
-1.0458e-13,0.049427,0.045884
-1.082e-13,0.049439,0.045821
-1.1123e-13,0.049451,0.045758
-1.1369e-13,0.049463,0.045695
-1.156e-13,0.049475,0.045631
-1.1698e-13,0.049486,0.045568
-1.1784e-13,0.049498,0.045505
-1.182e-13,0.049509,0.045442
-1.1809e-13,0.049521,0.045379
-1.1753e-13,0.049532,0.045318
-1.1655e-13,0.049542,0.045257
-1.1516e-13,0.049552,0.045198
-1.1339e-13,0.049562,0.045139
-1.1127e-13,0.049571,0.045082
-1.0882e-13,0.04958,0.045027
-1.0607e-13,0.049587,0.044974
-1.0303e-13,0.049595,0.044922
-9.9745e-14,0.049601,0.044873
-9.6226e-14,0.049607,0.044826
-9.2501e-14,0.049612,0.044781
-8.8595e-14,0.049617,0.044739
-8.4531e-14,0.04962,0.0447
-8.0331e-14,0.049623,0.044663
-7.6019e-14,0.049625,0.04463
-7.1617e-14,0.049625,0.044599
-6.7145e-14,0.049626,0.044571
-6.2624e-14,0.049625,0.044547
-5.8074e-14,0.049623,0.044526
-5.3514e-14,0.049621,0.044509
-4.8961e-14,0.049617,0.044494
-4.4434e-14,0.049613,0.044484
-3.9947e-14,0.049608,0.044477
-3.5518e-14,0.049602,0.044474
-3.1159e-14,0.049596,0.044474
-2.6885e-14,0.049588,0.044478
-2.2707e-14,0.04958,0.044485
-1.8638e-14,0.049571,0.044497
-1.4689e-14,0.049562,0.044511
-1.0868e-14,0.049552,0.04453
-7.1845e-15,0.049541,0.044552
-3.6462e-15,0.04953,0.044578
-2.5989e-16,0.049519,0.044607
2.9685e-15,0.049507,0.04464
6.0339e-15,0.049494,0.044676
8.9322e-15,0.049481,0.044716
1.166e-14,0.049468,0.044758
1.4215e-14,0.049455,0.044804
1.6595e-14,0.049442,0.044853
1.88e-14,0.049428,0.044905
2.0828e-14,0.049414,0.044959
2.2682e-14,0.049401,0.045017
2.436e-14,0.049387,0.045076
2.5867e-14,0.049374,0.045138
2.7202e-14,0.049361,0.045202
2.8371e-14,0.049348,0.045269
2.9375e-14,0.049335,0.045336
3.0218e-14,0.049322,0.045406
3.0906e-14,0.04931,0.045477
3.1442e-14,0.049299,0.045549
3.1832e-14,0.049288,0.045623
3.2081e-14,0.049277,0.045697
3.2195e-14,0.049267,0.045771
3.2179e-14,0.049257,0.045846
3.204e-14,0.049248,0.045922
3.1784e-14,0.04924,0.045997
3.1418e-14,0.049233,0.046072
3.0947e-14,0.049226,0.046146
3.038e-14,0.04922,0.04622
2.9722e-14,0.049215,0.046292
2.898e-14,0.04921,0.046364
2.8161e-14,0.049207,0.046434
2.7273e-14,0.049204,0.046502
2.6321e-14,0.049202,0.046568
2.5312e-14,0.049201,0.046633
2.4253e-14,0.049201,0.046695
2.315e-14,0.049202,0.046754
2.201e-14,0.049203,0.046811
2.0838e-14,0.049206,0.046865
1.9641e-14,0.049209,0.046916
1.8425e-14,0.049213,0.046963
1.7195e-14,0.049217,0.047007
1.5956e-14,0.049223,0.047048
1.4713e-14,0.049229,0.047085
1.3473e-14,0.049236,0.047118
1.2239e-14,0.049243,0.047146
1.1015e-14,0.049251,0.047171
9.8063e-15,0.04926,0.047192
8.6167e-15,0.049269,0.047208
7.4496e-15,0.049279,0.04722
6.3086e-15,0.049289,0.047227
5.1969e-15,0.049299,0.04723
4.1173e-15,0.04931,0.047229
3.0724e-15,0.049321,0.047222
2.0648e-15,0.049333,0.047212
1.0965e-15,0.049344,0.047197
1.6945e-16,0.049355,0.047177
-7.1477e-16,0.049367,0.047153
-1.5547e-15,0.049379,0.047124
-2.3493e-15,0.04939,0.047092
-3.0975e-15,0.049402,0.047055
-3.7987e-15,0.049413,0.047013
-4.4523e-15,0.049424,0.046968
-5.0581e-15,0.049436,0.046919
-5.6159e-15,0.049447,0.046866
-6.126e-15,0.049457,0.04681
-6.5885e-15,0.049468,0.04675
-7.0039e-15,0.049478,0.046686
-7.3728e-15,0.049488,0.04662
-7.696e-15,0.049498,0.046551
-7.9743e-15,0.049508,0.046479
-8.2089e-15,0.049517,0.046405
-8.4008e-15,0.049527,0.046328
-8.5513e-15,0.049536,0.046249
-8.6618e-15,0.049545,0.046169
-8.7338e-15,0.049554,0.046087
-8.7687e-15,0.049562,0.046004
-8.7682e-15,0.049571,0.045919
-8.7339e-15,0.04958,0.045834
-8.6675e-15,0.049589,0.045748
-8.5709e-15,0.049598,0.045662
-8.4458e-15,0.049607,0.045576
-8.294e-15,0.049616,0.045491
-8.1173e-15,0.049626,0.045405
-7.9177e-15,0.049635,0.045321
-7.6969e-15,0.049645,0.045237
-7.4568e-15,0.049656,0.045155
-7.1992e-15,0.049667,0.045074
-6.926e-15,0.049679,0.044994
-6.6389e-15,0.049691,0.044917
-6.3397e-15,0.049703,0.044841
-6.0301e-15,0.049717,0.044769
-5.7118e-15,0.049731,0.044698
-5.3865e-15,0.049745,0.04463
-5.0556e-15,0.049761,0.044566
-4.7208e-15,0.049777,0.044504
-4.3835e-15,0.049794,0.044446
-4.0451e-15,0.049812,0.044391
-3.707e-15,0.049831,0.044339
-3.3705e-15,0.049851,0.044291
-3.0368e-15,0.049871,0.044247
-2.7071e-15,0.049893,0.044207
-2.3824e-15,0.049915,0.044171
-2.0638e-15,0.049939,0.044138
-1.7521e-15,0.049963,0.04411
-1.4484e-15,0.049988,0.044086
-1.1533e-15,0.050014,0.044066
-8.6757e-16,0.05004,0.044051
-5.9194e-16,0.050068,0.044039
-3.2697e-16,0.050096,0.044032
-7.3176e-17,0.050125,0.044029
1.6899e-16,0.050154,0.04403
3.9914e-16,0.050184,0.044035
6.1696e-16,0.050215,0.044044
8.2217e-16,0.050246,0.044057
1.0146e-15,0.050277,0.044073
1.1941e-15,0.050309,0.044094
1.3605e-15,0.050341,0.044118
1.5139e-15,0.050373,0.044146
1.6543e-15,0.050406,0.044177
1.7817e-15,0.050438,0.044211
1.8962e-15,0.050471,0.044249
1.9981e-15,0.050504,0.044289
2.0875e-15,0.050536,0.044332
2.1646e-15,0.050568,0.044378
2.2298e-15,0.0506,0.044426
2.2833e-15,0.050632,0.044477
2.3256e-15,0.050664,0.044529
2.3568e-15,0.050695,0.044584
2.3776e-15,0.050725,0.04464
2.3881e-15,0.050755,0.044698
2.389e-15,0.050785,0.044757
2.3807e-15,0.050814,0.044817
2.3635e-15,0.050842,0.044877
2.3381e-15,0.05087,0.044939
2.3048e-15,0.050897,0.045001
2.2642e-15,0.050923,0.045063
2.2168e-15,0.050949,0.045125
2.1631e-15,0.050973,0.045187
2.1036e-15,0.050997,0.045249
2.0387e-15,0.05102,0.045311
1.969e-15,0.051042,0.045371
1.8951e-15,0.051064,0.045431
1.8172e-15,0.051084,0.04549
1.7361e-15,0.051104,0.045547
1.652e-15,0.051123,0.045604
1.5656e-15,0.051141,0.045658
1.4771e-15,0.051158,0.045711
1.3871e-15,0.051174,0.045763
1.296e-15,0.051189,0.045812
1.2042e-15,0.051203,0.04586
1.112e-15,0.051216,0.045905
1.0199e-15,0.051229,0.045948
9.2815e-16,0.05124,0.045989
8.3715e-16,0.051251,0.046027
7.4719e-16,0.05126,0.046064
6.5858e-16,0.051269,0.046097
5.7158e-16,0.051277,0.046128
4.8647e-16,0.051283,0.046157
4.0347e-16,0.051289,0.046183
3.2282e-16,0.051293,0.046206
2.447e-16,0.051297,0.046227
1.6931e-16,0.0513,0.046245
9.6806e-17,0.051301,0.046261
2.733e-17,0.051302,0.046274
-3.8991e-17,0.051301,0.046285
-1.0205e-16,0.0513,0.046293
-1.6176e-16,0.051297,0.046299
-2.1804e-16,0.051293,0.046302
-2.7083e-16,0.051289,0.046303
-3.2011e-16,0.051283,0.046301
-3.6584e-16,0.051276,0.046298
-4.0802e-16,0.051267,0.046292
-4.4664e-16,0.051258,0.046284
-4.8173e-16,0.051248,0.046274
-5.1331e-16,0.051236,0.046262
-5.4144e-16,0.051224,0.046249
-5.6616e-16,0.05121,0.046233
-5.8754e-16,0.051195,0.046216
-6.0564e-16,0.051179,0.046198
-6.2057e-16,0.051162,0.046178
-6.324e-16,0.051144,0.046156
-6.4124e-16,0.051125,0.046134
-6.472e-16,0.051105,0.04611
-6.5038e-16,0.051084,0.046085
-6.509e-16,0.051062,0.046059
-6.4889e-16,0.051038,0.046032
-6.4448e-16,0.051014,0.046004
-6.3779e-16,0.050989,0.045975
-6.2895e-16,0.050963,0.045946
-6.1811e-16,0.050936,0.045916
-6.0539e-16,0.050908,0.045886
-5.9093e-16,0.050879,0.045856
-5.7488e-16,0.05085,0.045825
-5.5736e-16,0.05082,0.045794
-5.3852e-16,0.050789,0.045763
-5.1849e-16,0.050757,0.045732
-4.974e-16,0.050724,0.0457
-4.7538e-16,0.050691,0.045669
-4.5256e-16,0.050657,0.045638
-4.2907e-16,0.050623,0.045608
-4.0503e-16,0.050588,0.045577
-3.8056e-16,0.050553,0.045547
-3.5576e-16,0.050517,0.045518
-3.3077e-16,0.05048,0.045489
-3.0566e-16,0.050443,0.04546
-2.8056e-16,0.050406,0.045432
-2.5556e-16,0.050368,0.045405
-2.3074e-16,0.050331,0.045378
-2.062e-16,0.050292,0.045352
-1.8202e-16,0.050254,0.045326
-1.5827e-16,0.050215,0.045302
-1.3502e-16,0.050177,0.045278
-1.1235e-16,0.050138,0.045255
-9.0302e-17,0.050099,0.045234
-6.8945e-17,0.05006,0.045212
-4.8324e-17,0.050021,0.045192
-2.8485e-17,0.049982,0.045173
-9.4668e-18,0.049943,0.045155
8.6951e-18,0.049905,0.045137
2.5971e-17,0.049866,0.045121
4.2336e-17,0.049828,0.045106
5.777e-17,0.04979,0.045091
7.2257e-17,0.049752,0.045078
8.5786e-17,0.049715,0.045065
9.8348e-17,0.049678,0.045054
1.0994e-16,0.049641,0.045043
1.2057e-16,0.049605,0.045034
1.3023e-16,0.049569,0.045025
1.3894e-16,0.049534,0.045017
1.467e-16,0.049499,0.04501
1.5354e-16,0.049465,0.045004
1.5946e-16,0.049432,0.044999
1.6449e-16,0.0494,0.044994
1.6865e-16,0.049368,0.044991
1.7196e-16,0.049336,0.044988
1.7445e-16,0.049306,0.044985
1.7616e-16,0.049277,0.044984
1.7711e-16,0.049248,0.044983
1.7733e-16,0.04922,0.044982
1.7685e-16,0.049193,0.044982
1.7572e-16,0.049167,0.044983
1.7396e-16,0.049143,0.044984
1.7162e-16,0.049119,0.044985
1.6872e-16,0.049096,0.044986
1.6531e-16,0.049074,0.044988
1.6142e-16,0.049054,0.04499
1.5709e-16,0.049034,0.044992
1.5236e-16,0.049016,0.044994
1.4726e-16,0.048999,0.044996
1.4184e-16,0.048983,0.044997
1.3612e-16,0.048969,0.044999
1.3015e-16,0.048955,0.045
1.2396e-16,0.048944,0.045001
1.1758e-16,0.048933,0.045001
1.1104e-16,0.048924,0.045001
1.0439e-16,0.048916,0.045
9.7639e-17,0.048909,0.044999
9.0833e-17,0.048904,0.044996
8.3997e-17,0.048901,0.044993
7.7157e-17,0.048899,0.044989
7.0341e-17,0.048898,0.044984
6.3574e-17,0.048898,0.044977
5.688e-17,0.048901,0.04497
5.028e-17,0.048904,0.044961
4.3797e-17,0.048909,0.044951
3.7449e-17,0.048916,0.04494
3.1254e-17,0.048924,0.044927
2.523e-17,0.048933,0.044913
1.9392e-17,0.048944,0.044897
1.3752e-17,0.048956,0.04488
8.3249e-18,0.04897,0.044861
3.1201e-18,0.048985,0.044841
-1.8524e-18,0.049001,0.044819
-6.5843e-18,0.049019,0.044796
-1.1069e-17,0.049037,0.04477
-1.53e-17,0.049057,0.044744
-1.9273e-17,0.049078,0.044715
-2.2986e-17,0.049101,0.044685
-2.6435e-17,0.049124,0.044654
-2.9621e-17,0.049148,0.044621
-3.2543e-17,0.049173,0.044586
-3.5202e-17,0.049199,0.04455
-3.76e-17,0.049226,0.044513
-3.9741e-17,0.049254,0.044474
-4.1628e-17,0.049282,0.044434
-4.3266e-17,0.04931,0.044392
-4.466e-17,0.04934,0.044349
-4.5816e-17,0.049369,0.044306
-4.6741e-17,0.049399,0.044261
-4.7443e-17,0.049429,0.044214
-4.7928e-17,0.049459,0.044167
-4.8206e-17,0.049489,0.04412
-4.8284e-17,0.04952,0.044071
-4.8173e-17,0.04955,0.044021
-4.7881e-17,0.049579,0.043971
-4.7417e-17,0.049609,0.043921
-4.6793e-17,0.049638,0.04387
-4.6017e-17,0.049666,0.043818
-4.51e-17,0.049694,0.043766
-4.4052e-17,0.049721,0.043714
-4.2884e-17,0.049748,0.043662
-4.1604e-17,0.049773,0.04361
-4.0224e-17,0.049798,0.043558
-3.8754e-17,0.049821,0.043505
-3.7203e-17,0.049844,0.043453
-3.5581e-17,0.049865,0.043402
-3.3898e-17,0.049885,0.04335
-3.2163e-17,0.049904,0.043299
-3.0386e-17,0.049921,0.043249
-2.8574e-17,0.049937,0.043199
-2.6738e-17,0.049952,0.043149
-2.4884e-17,0.049965,0.043101
-2.3021e-17,0.049977,0.043053
-2.1158e-17,0.049988,0.043005
-1.9299e-17,0.049997,0.042959
-1.7454e-17,0.050004,0.042914
-1.5628e-17,0.05001,0.042869
-1.3828e-17,0.050014,0.042825
-1.2059e-17,0.050017,0.042783
-1.0326e-17,0.050018,0.042741
-8.6355e-18,0.050018,0.042701
-6.9909e-18,0.050017,0.042662
-5.3967e-18,0.050014,0.042624
-3.8567e-18,0.05001,0.042587
-2.3744e-18,0.050004,0.042552
-9.5281e-19,0.049998,0.042518
4.0541e-19,0.04999,0.042485
1.698e-18,0.049981,0.042454
2.9229e-18,0.049971,0.042424
4.0787e-18,0.04996,0.042395
5.1641e-18,0.049948,0.042368
6.1781e-18,0.049935,0.042343
7.1201e-18,0.049922,0.042319
7.99e-18,0.049908,0.042296
8.7876e-18,0.049893,0.042275
9.5133e-18,0.049878,0.042256
1.0168e-17,0.049863,0.042238
1.0751e-17,0.049847,0.042222
1.1265e-17,0.049832,0.042208
1.1711e-17,0.049816,0.042195
1.209e-17,0.0498,0.042184
1.2404e-17,0.049784,0.042175
1.2654e-17,0.049769,0.042168
1.2843e-17,0.049754,0.042162
1.2973e-17,0.049739,0.042158
1.3046e-17,0.049725,0.042156
1.3064e-17,0.049711,0.042156
1.303e-17,0.049698,0.042158
1.2947e-17,0.049686,0.042161
1.2816e-17,0.049675,0.042166
1.2642e-17,0.049664,0.042173
1.2426e-17,0.049655,0.042182
1.2171e-17,0.049647,0.042192
1.188e-17,0.04964,0.042205
1.1557e-17,0.049634,0.042219
1.1203e-17,0.04963,0.042234
1.0822e-17,0.049627,0.042252
1.0416e-17,0.049626,0.042271
9.9882e-18,0.049626,0.042292
9.5413e-18,0.049628,0.042314
9.0779e-18,0.049631,0.042338
8.6006e-18,0.049636,0.042363
8.112e-18,0.049643,0.042389
7.6146e-18,0.049651,0.042417
7.1106e-18,0.049662,0.042446
6.6026e-18,0.049674,0.042476
6.0926e-18,0.049688,0.042507
5.5828e-18,0.049704,0.04254
5.0752e-18,0.049722,0.042573
4.5719e-18,0.049741,0.042606
4.0746e-18,0.049763,0.042641
3.585e-18,0.049786,0.042675
3.1048e-18,0.049811,0.042711
2.6356e-18,0.049838,0.042746
2.1786e-18,0.049867,0.042782
1.7353e-18,0.049898,0.042818
1.3067e-18,0.04993,0.042853
8.9407e-19,0.049964,0.042888
4.9825e-19,0.05,0.042923
1.2013e-19,0.050038,0.042958
-2.3953e-19,0.050077,0.042992
-5.8008e-19,0.050117,0.043025
-9.0098e-19,0.050159,0.043057
-1.2018e-18,0.050202,0.043089
-1.4821e-18,0.050247,0.043119
-1.7418e-18,0.050292,0.043148
-1.9805e-18,0.050339,0.043175
-2.1984e-18,0.050387,0.043201
-2.3953e-18,0.050435,0.043226
-2.5714e-18,0.050485,0.043249
-2.7269e-18,0.050535,0.04327
-2.862e-18,0.050585,0.043289
-2.9771e-18,0.050636,0.043307
-3.0724e-18,0.050687,0.043322
-3.1486e-18,0.050739,0.043335
-3.2061e-18,0.05079,0.043347
-3.2454e-18,0.050841,0.043356
-3.2672e-18,0.050892,0.043363
-3.2722e-18,0.050942,0.043368
-3.2611e-18,0.050992,0.04337
-3.2346e-18,0.051041,0.043371
-3.1935e-18,0.051089,0.043369
-3.1386e-18,0.051136,0.043365
-3.0708e-18,0.051181,0.043359
-2.9909e-18,0.051225,0.043351
-2.8999e-18,0.051268,0.043341
-2.7986e-18,0.051309,0.043329
-2.6879e-18,0.051348,0.043314
-2.5688e-18,0.051385,0.043299
-2.4422e-18,0.051419,0.043281
-2.3091e-18,0.051451,0.043261
-2.1702e-18,0.051481,0.043241
-2.0267e-18,0.051508,0.043218
-1.8794e-18,0.051532,0.043194
-1.7292e-18,0.051553,0.043169
-1.577e-18,0.051571,0.043143
-1.4236e-18,0.051585,0.043116
-1.27e-18,0.051596,0.043089
-1.117e-18,0.051604,0.04306
-9.6539e-19,0.051608,0.043031
-8.1596e-19,0.051608,0.043001
-6.6948e-19,0.051604,0.042971
-5.2668e-19,0.051596,0.042941
-3.8827e-19,0.051584,0.042911
-2.5492e-19,0.051569,0.042882
-1.2727e-19,0.051549,0.042852
-5.9084e-21,0.051524,0.042823
1.0859e-19,0.051496,0.042794
2.157e-19,0.051463,0.042765
3.1494e-19,0.051426,0.042738
4.0587e-19,0.051384,0.042711
4.8807e-19,0.051339,0.042685
5.612e-19,0.051289,0.04266
6.2493e-19,0.051234,0.042637
6.7898e-19,0.051176,0.042614
7.2314e-19,0.051113,0.042593
7.572e-19,0.051046,0.042573
7.8104e-19,0.050975,0.042554
7.9456e-19,0.0509,0.042536
7.9771e-19,0.050821,0.042521
7.9048e-19,0.050738,0.042506
7.7292e-19,0.050652,0.042493
7.4512e-19,0.050562,0.042482
7.072e-19,0.050469,0.042472
6.5935e-19,0.050372,0.042463
6.0178e-19,0.050272,0.042457
5.3477e-19,0.050169,0.042451
4.5861e-19,0.050064,0.042447
3.7367e-19,0.049956,0.042445
2.8034e-19,0.049845,0.042444
1.7905e-19,0.049732,0.042445
7.0283e-20,0.049617,0.042447
-4.5457e-20,0.049501,0.04245
-1.6761e-19,0.049382,0.042455
-2.956e-19,0.049263,0.042461
-4.2878e-19,0.049142,0.042468
-5.6652e-19,0.04902,0.042477
-7.0811e-19,0.048898,0.042487
-8.5284e-19,0.048775,0.042498
-9.9996e-19,0.048652,0.04251
-1.1487e-18,0.048528,0.042523
-1.2982e-18,0.048405,0.042537
-1.4478e-18,0.048283,0.042552
-1.5965e-18,0.048161,0.042569
-1.7435e-18,0.04804,0.042586
-1.8878e-18,0.04792,0.042604
-2.0288e-18,0.047802,0.042623
-2.1653e-18,0.047686,0.042642
-2.2966e-18,0.047571,0.042663
-2.4217e-18,0.047458,0.042684
-2.5397e-18,0.047348,0.042707
-2.6497e-18,0.04724,0.04273
-2.7507e-18,0.047134,0.042754
-2.842e-18,0.047032,0.042778
-2.9226e-18,0.046933,0.042804
-2.9916e-18,0.046837,0.04283
-3.0482e-18,0.046744,0.042857
-3.0916e-18,0.046655,0.042885
-3.121e-18,0.04657,0.042913
-3.1355e-18,0.046489,0.042943
-3.1346e-18,0.046412,0.042973
-3.1173e-18,0.046339,0.043004
-3.0832e-18,0.04627,0.043036
-3.0316e-18,0.046206,0.043069
-2.962e-18,0.046146,0.043103
-2.8737e-18,0.04609,0.043138
-2.7665e-18,0.04604,0.043174
-2.6398e-18,0.045994,0.043211
-2.4934e-18,0.045953,0.043249
-2.3271e-18,0.045917,0.043288
-2.1406e-18,0.045886,0.043328
-1.9338e-18,0.04586,0.043369
-1.7067e-18,0.045838,0.043412
-1.4594e-18,0.045822,0.043455
-1.192e-18,0.045811,0.0435
-9.048e-19,0.045804,0.043546
-5.9805e-19,0.045803,0.043593
-2.722e-19,0.045806,0.043641
7.2236e-20,0.045815,0.04369
4.3463e-19,0.045828,0.043741
8.1427e-19,0.045846,0.043792
1.2103e-18,0.045869,0.043845
1.6219e-18,0.045896,0.043898
2.0479e-18,0.045928,0.043953
2.4872e-18,0.045964,0.044009
2.9386e-18,0.046005,0.044066
3.4007e-18,0.046049,0.044123
3.872e-18,0.046098,0.044182
4.3511e-18,0.046152,0.044241
4.8362e-18,0.046208,0.044301
5.3256e-18,0.046269,0.044361
5.8173e-18,0.046334,0.044423
6.3095e-18,0.046401,0.044484
6.8001e-18,0.046473,0.044546
7.2869e-18,0.046547,0.044608
7.7677e-18,0.046624,0.04467
8.2403e-18,0.046705,0.044733
8.7021e-18,0.046788,0.044795
9.1508e-18,0.046873,0.044857
9.5838e-18,0.046961,0.044919
9.9986e-18,0.047052,0.044981
1.0393e-17,0.047144,0.045042
1.0763e-17,0.047238,0.045102
1.1107e-17,0.047334,0.045162
1.1423e-17,0.047431,0.04522
1.1706e-17,0.04753,0.045278
1.1956e-17,0.04763,0.045334
1.2168e-17,0.047731,0.04539
1.234e-17,0.047832,0.045444
1.2471e-17,0.047935,0.045496
1.2556e-17,0.048037,0.045547
1.2593e-17,0.04814,0.045597
1.2581e-17,0.048243,0.045644
1.2516e-17,0.048346,0.04569
1.2396e-17,0.048448,0.045734
1.2219e-17,0.04855,0.045776
1.1983e-17,0.048651,0.045815
1.1686e-17,0.048752,0.045853
1.1327e-17,0.048851,0.045888
1.0903e-17,0.048949,0.045921
1.0413e-17,0.049046,0.045952
9.8561e-18,0.049141,0.04598
9.2312e-18,0.049235,0.046006
8.5375e-18,0.049326,0.046029
7.7745e-18,0.049415,0.04605
6.9417e-18,0.049502,0.046068
6.0393e-18,0.049587,0.046084
5.0674e-18,0.049669,0.046097
4.0266e-18,0.049749,0.046108
2.9177e-18,0.049825,0.046116
1.742e-18,0.049899,0.046122
5.0092e-19,0.049969,0.046125
-8.0369e-19,0.050036,0.046126
-2.1697e-18,0.0501,0.046124
-3.5944e-18,0.05016,0.046121
-5.0751e-18,0.050217,0.046115
-6.6084e-18,0.05027,0.046106
-8.1907e-18,0.050319,0.046096
-9.818e-18,0.050365,0.046083
-1.1486e-17,0.050407,0.046069
-1.3189e-17,0.050445,0.046053
-1.4924e-17,0.050479,0.046035
-1.6683e-17,0.050509,0.046015
-1.8461e-17,0.050536,0.045994
-2.0253e-17,0.050558,0.045971
-2.2051e-17,0.050577,0.045946
-2.3848e-17,0.050592,0.045921
-2.5637e-17,0.050603,0.045894
-2.741e-17,0.050611,0.045867
-2.9159e-17,0.050614,0.045838
-3.0877e-17,0.050615,0.045809
-3.2554e-17,0.050612,0.045779
-3.4182e-17,0.050606,0.045748
-3.5752e-17,0.050596,0.045717
-3.7254e-17,0.050584,0.045686
-3.868e-17,0.050569,0.045655
-4.0019e-17,0.050551,0.045623
-4.1261e-17,0.050531,0.045592
-4.2398e-17,0.050509,0.045561
-4.3419e-17,0.050484,0.04553
-4.4315e-17,0.050457,0.0455
-4.5075e-17,0.050429,0.04547
-4.569e-17,0.0504,0.045441
-4.615e-17,0.050369,0.045413
-4.6446e-17,0.050337,0.045386
-4.6569e-17,0.050304,0.04536
-4.6509e-17,0.050271,0.045335
-4.6258e-17,0.050237,0.045311
-4.5807e-17,0.050203,0.045289
-4.5148e-17,0.05017,0.045268
-4.4274e-17,0.050136,0.045249
-4.3178e-17,0.050104,0.045231
-4.1853e-17,0.050072,0.045215
-4.0293e-17,0.050041,0.045201
-3.8493e-17,0.050011,0.045189
-3.6449e-17,0.049983,0.045179
-3.4157e-17,0.049956,0.045171
-3.1613e-17,0.049931,0.045165
-2.8816e-17,0.049908,0.045161
-2.5765e-17,0.049887,0.045159
-2.2459e-17,0.049868,0.045159
-1.8899e-17,0.049852,0.045162
-1.5087e-17,0.049838,0.045167
-1.1027e-17,0.049827,0.045174
-6.7215e-18,0.049818,0.045183
-2.177e-18,0.049813,0.045195
2.6001e-18,0.04981,0.045209
7.602e-18,0.04981,0.045225
1.282e-17,0.049814,0.045243
1.8242e-17,0.04982,0.045263
2.3858e-17,0.04983,0.045285
2.9655e-17,0.049842,0.045309
3.5616e-17,0.049858,0.045334
4.1728e-17,0.049876,0.045362
4.7971e-17,0.049898,0.045391
5.4328e-17,0.049923,0.045422
6.0779e-17,0.049951,0.045454
6.7301e-17,0.049981,0.045487
7.3872e-17,0.050015,0.045522
8.0468e-17,0.050051,0.045558
8.7063e-17,0.050089,0.045594
9.3632e-17,0.05013,0.045631
1.0014e-16,0.050173,0.045669
1.0657e-16,0.050219,0.045708
1.1289e-16,0.050266,0.045746
1.1906e-16,0.050316,0.045785
1.2505e-16,0.050367,0.045824
1.3083e-16,0.050419,0.045862
1.3636e-16,0.050473,0.0459
1.4162e-16,0.050528,0.045938
1.4656e-16,0.050584,0.045975
1.5116e-16,0.05064,0.046012
1.5536e-16,0.050697,0.046047
1.5915e-16,0.050754,0.046081
1.6248e-16,0.050812,0.046115
1.6532e-16,0.050869,0.046146
1.6763e-16,0.050926,0.046177
1.6937e-16,0.050982,0.046206
1.7052e-16,0.051037,0.046233
1.7103e-16,0.051092,0.046258
1.7087e-16,0.051145,0.046282
1.7002e-16,0.051196,0.046303
1.6844e-16,0.051246,0.046323
1.6609e-16,0.051295,0.04634
1.6296e-16,0.051341,0.046356
1.5902e-16,0.051385,0.046369
1.5424e-16,0.051427,0.04638
1.486e-16,0.051466,0.046389
1.4209e-16,0.051503,0.046395
1.3467e-16,0.051537,0.046399
1.2635e-16,0.051568,0.046401
1.1711e-16,0.051596,0.046401
1.0694e-16,0.051621,0.046398
9.5831e-17,0.051643,0.046394
8.3791e-17,0.051662,0.046387
7.0819e-17,0.051677,0.046378
5.6922e-17,0.051689,0.046366
4.2111e-17,0.051697,0.046353
2.64e-17,0.051702,0.046338
9.809e-18,0.051704,0.046321
-7.639e-18,0.051702,0.046302
-2.5915e-17,0.051696,0.046282
-4.4987e-17,0.051688,0.046259
-6.4815e-17,0.051675,0.046235
-8.5358e-17,0.05166,0.04621
-1.0657e-16,0.051641,0.046183
-1.2839e-16,0.051619,0.046156
-1.5077e-16,0.051593,0.046126
-1.7364e-16,0.051565,0.046096
-1.9693e-16,0.051534,0.046065
-2.2058e-16,0.051499,0.046033
-2.445e-16,0.051462,0.046
-2.686e-16,0.051422,0.045967
-2.9281e-16,0.051379,0.045933
-3.1703e-16,0.051334,0.045899
-3.4115e-16,0.051287,0.045864
-3.6509e-16,0.051237,0.045829
-3.8872e-16,0.051185,0.045794
-4.1195e-16,0.051132,0.045759
-4.3466e-16,0.051076,0.045724
-4.5672e-16,0.051019,0.045689
-4.7803e-16,0.05096,0.045654
-4.9845e-16,0.0509,0.04562
-5.1787e-16,0.050838,0.045586
-5.3614e-16,0.050775,0.045552
-5.5315e-16,0.050712,0.045519
-5.6876e-16,0.050647,0.045487
-5.8283e-16,0.050582,0.045455
-5.9524e-16,0.050516,0.045424
-6.0586e-16,0.05045,0.045394
-6.1455e-16,0.050383,0.045365
-6.2118e-16,0.050316,0.045337
-6.2563e-16,0.05025,0.045309
-6.2776e-16,0.050183,0.045283
-6.2746e-16,0.050116,0.045258
-6.2461e-16,0.05005,0.045233
-6.191e-16,0.049984,0.04521
-6.1081e-16,0.049919,0.045188
-5.9964e-16,0.049854,0.045167
-5.8549e-16,0.04979,0.045148
-5.6829e-16,0.049727,0.045129
-5.4793e-16,0.049665,0.045112
-5.2436e-16,0.049603,0.045096
-4.9751e-16,0.049543,0.045081
-4.6732e-16,0.049484,0.045067
-4.3376e-16,0.049427,0.045054
-3.9679e-16,0.04937,0.045043
-3.564e-16,0.049315,0.045033
-3.1257e-16,0.049261,0.045024
-2.6533e-16,0.049209,0.045016
-2.1468e-16,0.049159,0.04501
-1.6067e-16,0.04911,0.045004
-1.0336e-16,0.049062,0.045
-4.28e-17,0.049017,0.044996
2.0912e-17,0.048973,0.044994
8.7677e-17,0.04893,0.044993
1.5737e-16,0.04889,0.044992
2.2987e-16,0.048851,0.044993
3.05e-16,0.048815,0.044995
3.826e-16,0.04878,0.044997
4.6247e-16,0.048747,0.045001
5.4441e-16,0.048715,0.045005
6.2818e-16,0.048686,0.04501
7.1353e-16,0.048659,0.045016
8.0021e-16,0.048633,0.045023
8.8791e-16,0.04861,0.04503
9.7634e-16,0.048588,0.045038
1.0652e-15,0.048568,0.045047
1.1541e-15,0.04855,0.045056
1.2427e-15,0.048534,0.045066
1.3307e-15,0.04852,0.045076
1.4176e-15,0.048508,0.045087
1.503e-15,0.048497,0.045098
1.5866e-15,0.048488,0.045109
1.6679e-15,0.048481,0.045121
1.7464e-15,0.048476,0.045134
1.8218e-15,0.048472,0.045146
1.8935e-15,0.04847,0.045159
1.961e-15,0.048469,0.045172
2.024e-15,0.04847,0.045185
2.0819e-15,0.048473,0.045198
2.1342e-15,0.048477,0.045212
2.1804e-15,0.048482,0.045225
2.2201e-15,0.048489,0.045239
2.2528e-15,0.048497,0.045253
2.278e-15,0.048506,0.045266
2.2952e-15,0.048516,0.04528
2.304e-15,0.048527,0.045294
2.3039e-15,0.04854,0.045307
2.2945e-15,0.048553,0.045321
2.2753e-15,0.048567,0.045334
2.246e-15,0.048582,0.045348
2.2062e-15,0.048598,0.045361
2.1555e-15,0.048614,0.045374
2.0936e-15,0.048631,0.045387
2.0201e-15,0.048648,0.0454
1.9349e-15,0.048665,0.045413
1.8377e-15,0.048683,0.045426
1.7282e-15,0.048701,0.045439
1.6063e-15,0.048719,0.045452
1.472e-15,0.048738,0.045464
1.3251e-15,0.048756,0.045477
1.1656e-15,0.048773,0.045489
9.9353e-16,0.048791,0.045501
8.0897e-16,0.048808,0.045514
6.1205e-16,0.048825,0.045526
4.0297e-16,0.048841,0.045538
1.8195e-16,0.048857,0.04555
-5.068e-17,0.048872,0.045562
-2.9456e-16,0.048886,0.045574
-5.4926e-16,0.048899,0.045586
-8.1428e-16,0.048912,0.045598
-1.0891e-15,0.048923,0.04561
-1.373e-15,0.048933,0.045622
-1.6653e-15,0.048942,0.045634
-1.9653e-15,0.048949,0.045646
-2.2721e-15,0.048955,0.045658
-2.5848e-15,0.04896,0.04567
-2.9025e-15,0.048963,0.045681
-3.2241e-15,0.048965,0.045693
-3.5485e-15,0.048965,0.045705
-3.8745e-15,0.048964,0.045716
-4.2009e-15,0.04896,0.045727
-4.5264e-15,0.048955,0.045739
-4.8496e-15,0.048949,0.045749
-5.1691e-15,0.04894,0.04576
-5.4835e-15,0.04893,0.045771
-5.7911e-15,0.048917,0.045781
-6.0905e-15,0.048903,0.04579
-6.38e-15,0.048887,0.045799
-6.6579e-15,0.04887,0.045808
-6.9227e-15,0.04885,0.045817
-7.1724e-15,0.048829,0.045824
-7.4055e-15,0.048805,0.045831
-7.62e-15,0.048781,0.045838
-7.8144e-15,0.048754,0.045844
-7.9867e-15,0.048726,0.045849
-8.1352e-15,0.048696,0.045853
-8.2581e-15,0.048665,0.045857
-8.3536e-15,0.048632,0.045859
-8.4201e-15,0.048598,0.045861
-8.4558e-15,0.048563,0.045861
-8.4591e-15,0.048526,0.045861
-8.4284e-15,0.048488,0.04586
-8.362e-15,0.04845,0.045857
-8.2586e-15,0.04841,0.045854
-8.1166e-15,0.04837,0.045849
-7.9349e-15,0.048329,0.045844
-7.7121e-15,0.048288,0.045837
-7.4472e-15,0.048246,0.045829
-7.1391e-15,0.048204,0.04582
-6.787e-15,0.048162,0.045809
-6.3901e-15,0.048121,0.045798
-5.9478e-15,0.048079,0.045785
-5.4597e-15,0.048037,0.045771
-4.9254e-15,0.047997,0.045756
-4.345e-15,0.047956,0.04574
-3.7183e-15,0.047917,0.045723
-3.0458e-15,0.047879,0.045705
-2.3279e-15,0.047841,0.045686
-1.5652e-15,0.047805,0.045666
-7.5861e-16,0.047771,0.045645
9.0766e-17,0.047738,0.045623
9.816e-16,0.047707,0.0456
1.9123e-15,0.047678,0.045576
2.8811e-15,0.047651,0.045552
3.886e-15,0.047626,0.045526
4.9247e-15,0.047603,0.045501
5.9945e-15,0.047583,0.045474
7.0929e-15,0.047565,0.045447
8.2166e-15,0.047551,0.04542
9.3624e-15,0.047539,0.045392
1.0527e-14,0.04753,0.045364
1.1706e-14,0.047524,0.045335
1.2896e-14,0.047521,0.045306
1.4092e-14,0.047522,0.045277
1.529e-14,0.047525,0.045247
1.6486e-14,0.047533,0.045218
1.7673e-14,0.047543,0.045188
1.8848e-14,0.047557,0.045158
2.0004e-14,0.047575,0.045128
2.1137e-14,0.047596,0.045098
2.2239e-14,0.047621,0.045068
2.3306e-14,0.047649,0.045038
2.4331e-14,0.047681,0.045008
2.5309e-14,0.047716,0.044979
2.6232e-14,0.047755,0.044949
2.7094e-14,0.047797,0.044919
2.789e-14,0.047843,0.04489
2.8612e-14,0.047892,0.04486
2.9253e-14,0.047944,0.044831
2.9808e-14,0.047999,0.044802
3.027e-14,0.048058,0.044773
3.0632e-14,0.048119,0.044744
3.0888e-14,0.048183,0.044715
3.1032e-14,0.04825,0.044687
3.1057e-14,0.048319,0.044658
3.0958e-14,0.04839,0.04463
3.0729e-14,0.048464,0.044602
3.0365e-14,0.04854,0.044574
2.9859e-14,0.048617,0.044546
2.9208e-14,0.048697,0.044519
2.8407e-14,0.048778,0.044491
2.7452e-14,0.04886,0.044464
2.6338e-14,0.048943,0.044437
2.5063e-14,0.049027,0.04441
2.3624e-14,0.049112,0.044383
2.2019e-14,0.049198,0.044356
2.0246e-14,0.049284,0.04433
1.8303e-14,0.04937,0.044304
1.6191e-14,0.049456,0.044278
1.3909e-14,0.049541,0.044253
1.1459e-14,0.049626,0.044228
8.8412e-15,0.049711,0.044203
6.0593e-15,0.049795,0.044179
3.1158e-15,0.049877,0.044155
1.4742e-17,0.049959,0.044132
-3.239e-15,0.050039,0.044109
-6.6399e-15,0.050118,0.044087
-1.0181e-14,0.050194,0.044066
-1.3856e-14,0.050269,0.044045
-1.7656e-14,0.050342,0.044026
-2.1571e-14,0.050413,0.044007
-2.5592e-14,0.050481,0.043989
-2.9708e-14,0.050547,0.043973
-3.3905e-14,0.050611,0.043957
-3.8173e-14,0.050671,0.043943
-4.2496e-14,0.050729,0.04393
-4.6861e-14,0.050784,0.043918
-5.1251e-14,0.050836,0.043908
-5.5649e-14,0.050885,0.0439
-6.004e-14,0.050931,0.043893
-6.4403e-14,0.050974,0.043887
-6.8721e-14,0.051013,0.043884
-7.2974e-14,0.051049,0.043882
-7.7141e-14,0.051082,0.043882
-8.1202e-14,0.051111,0.043884
-8.5134e-14,0.051137,0.043888
-8.8915e-14,0.051159,0.043894
-9.2523e-14,0.051178,0.043902
-9.5935e-14,0.051194,0.043911
-9.9126e-14,0.051207,0.043923
-1.0207e-13,0.051216,0.043938
-1.0475e-13,0.051221,0.043954
-1.0714e-13,0.051224,0.043972
-1.0922e-13,0.051223,0.043992
-1.1095e-13,0.051219,0.044015
-1.1232e-13,0.051211,0.04404
-1.133e-13,0.051201,0.044066
-1.1388e-13,0.051188,0.044095
-1.1402e-13,0.051171,0.044126
-1.1371e-13,0.051152,0.044158
-1.1292e-13,0.05113,0.044193
-1.1164e-13,0.051106,0.04423
-1.0984e-13,0.051078,0.044268
-1.0751e-13,0.051048,0.044308
-1.0463e-13,0.051016,0.04435
-1.0118e-13,0.050982,0.044393
-9.716e-14,0.050945,0.044439
-9.2545e-14,0.050906,0.044485
-8.7329e-14,0.050865,0.044533
-8.1503e-14,0.050822,0.044583
-7.5061e-14,0.050777,0.044634
-6.7997e-14,0.05073,0.044686
-6.0311e-14,0.050682,0.044739
-5.2003e-14,0.050632,0.044793
-4.3075e-14,0.05058,0.044849
-3.3534e-14,0.050528,0.044905
-2.3387e-14,0.050473,0.044963
-1.2646e-14,0.050418,0.045021
-1.3247e-15,0.050361,0.04508
1.0559e-14,0.050303,0.045139
2.2986e-14,0.050244,0.045199
3.5931e-14,0.050185,0.04526
4.9369e-14,0.050124,0.045322
6.3268e-14,0.050062,0.045383
7.7597e-14,0.05,0.045446
9.2317e-14,0.049937,0.045508
1.0739e-13,0.049874,0.045571
1.2277e-13,0.04981,0.045634
1.3841e-13,0.049745,0.045697
1.5426e-13,0.04968,0.045761
1.7027e-13,0.049615,0.045824
1.8637e-13,0.049549,0.045888
2.0252e-13,0.049484,0.045951
2.1864e-13,0.049418,0.046015
2.3467e-13,0.049352,0.046078
2.5055e-13,0.049286,0.046142
2.6619e-13,0.04922,0.046205
2.8152e-13,0.049155,0.046268
2.9648e-13,0.049089,0.04633
3.1097e-13,0.049025,0.046393
3.2491e-13,0.04896,0.046455
3.3823e-13,0.048896,0.046516
3.5084e-13,0.048833,0.046577
3.6264e-13,0.048771,0.046638
3.7357e-13,0.048709,0.046698
3.8352e-13,0.048649,0.046757
3.9241e-13,0.048589,0.046816
4.0015e-13,0.048531,0.046874
4.0665e-13,0.048474,0.046931
4.1183e-13,0.048418,0.046987
4.156e-13,0.048364,0.047042
4.1788e-13,0.048312,0.047096
4.1857e-13,0.048261,0.04715
4.1761e-13,0.048212,0.047202
4.1492e-13,0.048165,0.047252
4.1041e-13,0.04812,0.047302
4.0402e-13,0.048077,0.04735
3.9568e-13,0.048037,0.047397
3.8533e-13,0.047998,0.047442
3.7292e-13,0.047963,0.047485
3.5838e-13,0.047929,0.047527
3.4168e-13,0.047899,0.047567
3.2277e-13,0.047871,0.047605
3.0163e-13,0.047846,0.047641
2.7823e-13,0.047824,0.047676
2.5255e-13,0.047804,0.047708
2.2459e-13,0.047788,0.047738
1.9434e-13,0.047775,0.047766
1.6181e-13,0.047764,0.047791
1.2703e-13,0.047757,0.047814
9.0025e-14,0.047753,0.047835
5.0831e-14,0.047753,0.047853
9.5021e-15,0.047755,0.047869
-3.3901e-14,0.047761,0.047882
-7.9303e-14,0.04777,0.047892
-1.2662e-13,0.047782,0.0479
-1.7576e-13,0.047797,0.047904
-2.266e-13,0.047815,0.047906
-2.7903e-13,0.047837,0.047906
-3.3292e-13,0.047861,0.047902
-3.8811e-13,0.047889,0.047895
-4.4445e-13,0.047919,0.047886
-5.0177e-13,0.047953,0.047873
-5.5988e-13,0.047989,0.047858
-6.1859e-13,0.048028,0.047839
-6.7769e-13,0.048069,0.047818
-7.3696e-13,0.048113,0.047794
-7.9616e-13,0.048159,0.047767
-8.5506e-13,0.048207,0.047737
-9.1341e-13,0.048258,0.047704
-9.7093e-13,0.04831,0.047668
-1.0274e-12,0.048364,0.04763
-1.0824e-12,0.04842,0.047589
-1.1358e-12,0.048477,0.047546
-1.1872e-12,0.048536,0.0475
-1.2364e-12,0.048596,0.047452
-1.283e-12,0.048656,0.047402
-1.3266e-12,0.048718,0.047349
-1.3671e-12,0.04878,0.047295
-1.4041e-12,0.048842,0.047238
-1.4371e-12,0.048904,0.04718
-1.466e-12,0.048967,0.04712
-1.4904e-12,0.049029,0.047058
-1.51e-12,0.04909,0.046996
-1.5244e-12,0.049151,0.046932
-1.5333e-12,0.049212,0.046867
-1.5366e-12,0.049271,0.046802
-1.5337e-12,0.049329,0.046735
-1.5245e-12,0.049385,0.046669
-1.5087e-12,0.04944,0.046602
-1.486e-12,0.049493,0.046535
-1.4562e-12,0.049544,0.046468
-1.419e-12,0.049592,0.046401
-1.3743e-12,0.049639,0.046335
-1.3218e-12,0.049682,0.04627
-1.2613e-12,0.049723,0.046206
-1.1928e-12,0.049761,0.046142
-1.1161e-12,0.049796,0.046081
-1.0311e-12,0.049828,0.04602
-9.3779e-13,0.049857,0.045961
-8.3606e-13,0.049882,0.045905
-7.2593e-13,0.049903,0.04585
-6.0744e-13,0.049921,0.045798
-4.8066e-13,0.049935,0.045748
-3.457e-13,0.049945,0.0457
-2.0269e-13,0.049952,0.045655
-5.1821e-14,0.049954,0.045614
1.0669e-13,0.049953,0.045575
2.7257e-13,0.049947,0.045539
4.4552e-13,0.049937,0.045507
6.2518e-13,0.049924,0.045478
8.1116e-13,0.049906,0.045452
1.003e-12,0.049884,0.04543
1.2003e-12,0.049858,0.045412
1.4024e-12,0.049829,0.045397
1.6088e-12,0.049795,0.045386
1.8188e-12,0.049758,0.045378
2.0318e-12,0.049717,0.045375
2.2472e-12,0.049672,0.045375
2.464e-12,0.049624,0.045379
2.6815e-12,0.049572,0.045387
2.8989e-12,0.049517,0.045398
3.1153e-12,0.049459,0.045413
3.3298e-12,0.049398,0.045432
3.5413e-12,0.049334,0.045454
3.7489e-12,0.049268,0.045479
3.9516e-12,0.049199,0.045508
4.1484e-12,0.049128,0.04554
4.338e-12,0.049054,0.045575
4.5194e-12,0.048979,0.045614
4.6915e-12,0.048902,0.045655
4.853e-12,0.048824,0.045699
5.0029e-12,0.048744,0.045745
5.14e-12,0.048663,0.045794
5.263e-12,0.048582,0.045845
5.3708e-12,0.0485,0.045899
5.4622e-12,0.048417,0.045954
5.536e-12,0.048334,0.046011
5.591e-12,0.048252,0.04607
5.6262e-12,0.048169,0.04613
5.6403e-12,0.048087,0.046191
5.6323e-12,0.048006,0.046253
5.6012e-12,0.047926,0.046317
5.5458e-12,0.047847,0.046381
5.4653e-12,0.047769,0.046445
5.3588e-12,0.047693,0.04651
5.2253e-12,0.047618,0.046575
5.0641e-12,0.047545,0.046639
4.8746e-12,0.047475,0.046704
4.6559e-12,0.047407,0.046768
4.4077e-12,0.047341,0.046832
4.1294e-12,0.047278,0.046895
3.8208e-12,0.047217,0.046957
3.4814e-12,0.04716,0.047019
3.1113e-12,0.047105,0.047079
2.7104e-12,0.047054,0.047138
2.2788e-12,0.047005,0.047196
1.8167e-12,0.04696,0.047252
1.3246e-12,0.046919,0.047306
8.0279e-13,0.046881,0.04736
2.5208e-13,0.046847,0.047411
-3.2677e-13,0.046816,0.04746
-9.328e-13,0.046789,0.047508
-1.5649e-12,0.046765,0.047554
-2.2218e-12,0.046746,0.047598
-2.902e-12,0.04673,0.04764
-3.6041e-12,0.046718,0.04768
-4.3261e-12,0.04671,0.047717
-5.0662e-12,0.046705,0.047753
-5.8222e-12,0.046704,0.047787
-6.5919e-12,0.046707,0.047818
-7.3729e-12,0.046713,0.047848
-8.1625e-12,0.046723,0.047875
-8.9579e-12,0.046737,0.0479
-9.7563e-12,0.046754,0.047923
-1.0555e-11,0.046775,0.047945
-1.135e-11,0.046799,0.047964
-1.2138e-11,0.046826,0.047981
-1.2916e-11,0.046856,0.047996
-1.368e-11,0.04689,0.048009
-1.4426e-11,0.046926,0.048021
-1.5151e-11,0.046965,0.04803
-1.585e-11,0.047007,0.048038
-1.6519e-11,0.047052,0.048043
-1.7155e-11,0.047099,0.048047
-1.7752e-11,0.047149,0.048049
-1.8307e-11,0.047201,0.048049
-1.8816e-11,0.047255,0.048048
-1.9273e-11,0.047311,0.048045
-1.9675e-11,0.047369,0.04804
-2.0018e-11,0.047429,0.048033
-2.0296e-11,0.047491,0.048025
-2.0505e-11,0.047554,0.048015
-2.0643e-11,0.047619,0.048004
-2.0703e-11,0.047685,0.04799
-2.0683e-11,0.047752,0.047975
-2.0578e-11,0.04782,0.047958
-2.0385e-11,0.04789,0.04794
-2.0099e-11,0.04796,0.04792
-1.9719e-11,0.04803,0.047898
-1.924e-11,0.048102,0.047874
-1.866e-11,0.048174,0.047849
-1.7975e-11,0.048246,0.047821
-1.7184e-11,0.048318,0.047792
-1.6285e-11,0.048391,0.047761
-1.5276e-11,0.048463,0.047728
-1.4155e-11,0.048535,0.047693
-1.2922e-11,0.048608,0.047657
-1.1575e-11,0.048679,0.047618
-1.0116e-11,0.048751,0.047577
-8.5438e-12,0.048822,0.047535
-6.8597e-12,0.048892,0.04749
-5.0649e-12,0.048961,0.047443
-3.1613e-12,0.04903,0.047395
-1.1512e-12,0.049098,0.047344
9.626e-13,0.049164,0.047291
3.1766e-12,0.04923,0.047236
5.4867e-12,0.049294,0.047178
7.8884e-12,0.049357,0.047119
1.0376e-11,0.049419,0.047058
1.2945e-11,0.049479,0.046994
1.5588e-11,0.049538,0.046928
1.8298e-11,0.049594,0.046861
2.1067e-11,0.04965,0.046791
2.3887e-11,0.049703,0.046719
2.675e-11,0.049755,0.046645
2.9646e-11,0.049804,0.04657
3.2564e-11,0.049852,0.046492
3.5494e-11,0.049898,0.046413
3.8425e-11,0.049941,0.046331
4.1345e-11,0.049983,0.046249
4.4242e-11,0.050022,0.046164
4.7102e-11,0.050059,0.046078
4.9913e-11,0.050094,0.04599
5.266e-11,0.050127,0.045901
5.533e-11,0.050158,0.045811
5.7907e-11,0.050186,0.045719
6.0377e-11,0.050212,0.045626
6.2725e-11,0.050236,0.045532
6.4934e-11,0.050258,0.045438
6.699e-11,0.050277,0.045342
6.8876e-11,0.050295,0.045246
7.0576e-11,0.05031,0.045149
7.2075e-11,0.050323,0.045052
7.3356e-11,0.050334,0.044955
7.4404e-11,0.050343,0.044857
7.5202e-11,0.05035,0.04476
7.5735e-11,0.050355,0.044662
7.5989e-11,0.050358,0.044565
7.5947e-11,0.05036,0.044468
7.5597e-11,0.05036,0.044371
7.4924e-11,0.050358,0.044275
7.3914e-11,0.050355,0.04418
7.2556e-11,0.05035,0.044086
7.0838e-11,0.050344,0.043993
6.8748e-11,0.050336,0.043901
6.6278e-11,0.050328,0.04381
6.3418e-11,0.050318,0.043721
6.0161e-11,0.050307,0.043633
5.65e-11,0.050295,0.043547
5.243e-11,0.050283,0.043462
4.7948e-11,0.05027,0.04338
4.3051e-11,0.050256,0.043299
3.7739e-11,0.050241,0.043221
3.2013e-11,0.050226,0.043145
2.5876e-11,0.050211,0.043071
1.9332e-11,0.050196,0.043
1.2387e-11,0.05018,0.042931
5.0502e-12,0.050164,0.042865
-2.6682e-12,0.050148,0.042801
-1.0756e-11,0.050132,0.04274
-1.9198e-11,0.050117,0.042683
-2.7979e-11,0.050101,0.042628
-3.7079e-11,0.050086,0.042576
-4.6477e-11,0.050071,0.042527
-5.6149e-11,0.050056,0.042482
-6.6071e-11,0.050042,0.042439
-7.6215e-11,0.050029,0.0424
-8.6549e-11,0.050015,0.042364
-9.7043e-11,0.050003,0.042332
-1.0766e-10,0.049991,0.042303
-1.1837e-10,0.049979,0.042277
-1.2912e-10,0.049969,0.042255
-1.3988e-10,0.049959,0.042236
-1.5061e-10,0.049949,0.042221
-1.6125e-10,0.04994,0.042209
-1.7177e-10,0.049932,0.042201
-1.8211e-10,0.049924,0.042196
-1.9222e-10,0.049917,0.042194
-2.0205e-10,0.049911,0.042196
-2.1156e-10,0.049905,0.042202
-2.2067e-10,0.0499,0.042211
-2.2934e-10,0.049895,0.042223
-2.3751e-10,0.049891,0.042238
-2.4512e-10,0.049887,0.042257
-2.5211e-10,0.049883,0.042279
-2.5843e-10,0.04988,0.042304
-2.6402e-10,0.049877,0.042333
-2.6881e-10,0.049875,0.042364
-2.7275e-10,0.049872,0.042398
-2.7578e-10,0.04987,0.042436
-2.7785e-10,0.049868,0.042476
-2.789e-10,0.049866,0.042518
-2.7887e-10,0.049863,0.042564
-2.7771e-10,0.049861,0.042612
-2.7537e-10,0.049859,0.042662
-2.718e-10,0.049856,0.042715
-2.6695e-10,0.049853,0.042771
-2.6079e-10,0.04985,0.042828
-2.5327e-10,0.049846,0.042887
-2.4436e-10,0.049842,0.042949
-2.3402e-10,0.049838,0.043012
-2.2222e-10,0.049833,0.043077
-2.0894e-10,0.049828,0.043144
-1.9417e-10,0.049822,0.043212
-1.7788e-10,0.049815,0.043282
-1.6007e-10,0.049808,0.043353
-1.4074e-10,0.049801,0.043425
-1.1989e-10,0.049793,0.043499
-9.7521e-11,0.049784,0.043573
-7.3659e-11,0.049774,0.043648
-4.8325e-11,0.049764,0.043724
-2.1548e-11,0.049754,0.0438
6.6344e-12,0.049743,0.043877
3.6178e-11,0.049731,0.043954
6.703e-11,0.049719,0.044032
9.913e-11,0.049706,0.044109
1.3241e-10,0.049693,0.044187
1.6679e-10,0.049679,0.044264
2.022e-10,0.049665,0.044342
2.3852e-10,0.04965,0.044419
2.7567e-10,0.049636,0.044495
3.1354e-10,0.049621,0.044572
3.52e-10,0.049605,0.044647
3.9094e-10,0.04959,0.044722
4.3021e-10,0.049575,0.044796
4.6967e-10,0.049559,0.044869
5.0918e-10,0.049544,0.044941
5.4857e-10,0.049528,0.045012
5.8769e-10,0.049513,0.045082
6.2636e-10,0.049498,0.04515
6.6439e-10,0.049484,0.045218
7.0162e-10,0.04947,0.045284
7.3783e-10,0.049456,0.045348
7.7285e-10,0.049443,0.045411
8.0647e-10,0.04943,0.045473
8.3848e-10,0.049418,0.045533
8.6868e-10,0.049407,0.045592
8.9685e-10,0.049397,0.045649
9.2279e-10,0.049387,0.045704
9.4627e-10,0.049379,0.045758
9.6707e-10,0.049371,0.04581
9.85e-10,0.049364,0.045861
9.9982e-10,0.049359,0.04591
1.0113e-09,0.049354,0.045957
1.0193e-09,0.049351,0.046003
1.0236e-09,0.049349,0.046047
1.0239e-09,0.049348,0.04609
1.0201e-09,0.049349,0.046131
1.012e-09,0.049351,0.046171
9.9939e-10,0.049354,0.046209
9.8213e-10,0.049359,0.046246
9.6005e-10,0.049365,0.046282
9.3299e-10,0.049372,0.046317
9.0084e-10,0.049382,0.04635
8.6345e-10,0.049392,0.046382
8.2074e-10,0.049404,0.046413
7.726e-10,0.049418,0.046444
7.1896e-10,0.049432,0.046473
6.5978e-10,0.049449,0.046501
5.9502e-10,0.049467,0.046529
5.2466e-10,0.049486,0.046556
4.4872e-10,0.049507,0.046582
3.6722e-10,0.049529,0.046608
2.8022e-10,0.049552,0.046633
1.8781e-10,0.049577,0.046658
9.0087e-11,0.049602,0.046683
-1.2813e-11,0.049629,0.046707
-1.2073e-10,0.049657,0.04673
-2.3347e-10,0.049686,0.046754
-3.5082e-10,0.049716,0.046777
-4.7252e-10,0.049747,0.046801
-5.9831e-10,0.049778,0.046824
-7.2788e-10,0.049811,0.046847
-8.6088e-10,0.049843,0.04687
-9.9695e-10,0.049876,0.046893
-1.1357e-09,0.04991,0.046915
-1.2767e-09,0.049943,0.046938
-1.4194e-09,0.049977,0.046961
-1.5635e-09,0.05001,0.046983
-1.7083e-09,0.050044,0.047006
-1.8533e-09,0.050076,0.047028
-1.998e-09,0.050109,0.04705
-2.1417e-09,0.050141,0.047072
-2.2839e-09,0.050172,0.047094
-2.4238e-09,0.050202,0.047115
-2.5608e-09,0.050231,0.047136
-2.6942e-09,0.050259,0.047157
-2.8233e-09,0.050286,0.047177
-2.9473e-09,0.050311,0.047196
-3.0655e-09,0.050334,0.047215
-3.1771e-09,0.050356,0.047233
-3.2814e-09,0.050376,0.04725
-3.3775e-09,0.050394,0.047266
-3.4647e-09,0.050409,0.047281
-3.5422e-09,0.050423,0.047296
-3.6092e-09,0.050434,0.047308
-3.6649e-09,0.050442,0.04732
-3.7085e-09,0.050449,0.04733
-3.7392e-09,0.050452,0.047339
-3.7564e-09,0.050453,0.047347
-3.7592e-09,0.050451,0.047352
-3.747e-09,0.050446,0.047356
-3.719e-09,0.050438,0.047359
-3.6745e-09,0.050427,0.04736
-3.6131e-09,0.050414,0.047359
-3.534e-09,0.050397,0.047356
-3.4367e-09,0.050377,0.047351
-3.3207e-09,0.050355,0.047344
-3.1856e-09,0.050329,0.047336
-3.0309e-09,0.050301,0.047326
-2.8564e-09,0.050269,0.047313
-2.6617e-09,0.050235,0.047299
-2.4467e-09,0.050198,0.047283
-2.2112e-09,0.050158,0.047266
-1.9552e-09,0.050116,0.047246
-1.6786e-09,0.050071,0.047225
-1.3817e-09,0.050023,0.047202
-1.0645e-09,0.049973,0.047177
-7.2744e-10,0.049921,0.047151
-3.7082e-10,0.049867,0.047124
4.8669e-12,0.049811,0.047095
3.9903e-10,0.049753,0.047065
8.1099e-10,0.049694,0.047034
1.24e-09,0.049633,0.047002
1.685e-09,0.049571,0.046969
2.1452e-09,0.049507,0.046935
2.6194e-09,0.049443,0.046901
3.1063e-09,0.049378,0.046866
3.6046e-09,0.049312,0.04683
4.1129e-09,0.049246,0.046794
4.6296e-09,0.04918,0.046758
5.153e-09,0.049114,0.046722
5.6814e-09,0.049048,0.046686
6.2128e-09,0.048983,0.046651
6.7452e-09,0.048918,0.046615
7.2766e-09,0.048854,0.04658
7.8047e-09,0.048791,0.046546
8.3273e-09,0.04873,0.046512
8.8419e-09,0.048669,0.046479
9.3461e-09,0.048611,0.046447
9.8373e-09,0.048554,0.046416
1.0313e-08,0.048499,0.046386
1.077e-08,0.048446,0.046357
1.1207e-08,0.048395,0.046329
1.1619e-08,0.048346,0.046302
1.2005e-08,0.048301,0.046277
1.2361e-08,0.048257,0.046253
1.2685e-08,0.048217,0.046231
1.2974e-08,0.048179,0.046209
1.3224e-08,0.048144,0.04619
1.3433e-08,0.048112,0.046171
1.3598e-08,0.048083,0.046154
1.3716e-08,0.048058,0.046139
1.3785e-08,0.048035,0.046125
1.3801e-08,0.048016,0.046112
1.3762e-08,0.048,0.046101
1.3666e-08,0.047988,0.04609
1.351e-08,0.047978,0.046082
1.3291e-08,0.047972,0.046074
1.3008e-08,0.04797,0.046067
1.2658e-08,0.04797,0.046062
1.224e-08,0.047974,0.046057
1.1752e-08,0.047981,0.046053
1.1192e-08,0.047992,0.04605
1.0559e-08,0.048005,0.046048
9.8527e-09,0.048022,0.046046
9.0716e-09,0.048042,0.046045
8.2153e-09,0.048065,0.046044
7.2837e-09,0.048091,0.046044
6.2767e-09,0.048121,0.046044
5.1948e-09,0.048153,0.046044
4.0386e-09,0.048188,0.046044
2.8092e-09,0.048225,0.046044
1.5078e-09,0.048266,0.046044
1.3627e-10,0.048309,0.046043
-1.3033e-09,0.048355,0.046043
-2.8086e-09,0.048403,0.046042
-4.3766e-09,0.048454,0.04604
-6.0041e-09,0.048507,0.046038
-7.6874e-09,0.048563,0.046035
-9.4226e-09,0.048621,0.046032
-1.1205e-08,0.048681,0.046028
-1.303e-08,0.048743,0.046023
-1.4892e-08,0.048807,0.046017
-1.6786e-08,0.048874,0.04601
-1.8705e-08,0.048942,0.046002
-2.0643e-08,0.049012,0.045993
-2.2592e-08,0.049084,0.045983
-2.4547e-08,0.049158,0.045973
-2.6498e-08,0.049233,0.045961
-2.8438e-08,0.04931,0.045947
-3.0359e-08,0.049389,0.045933
-3.2252e-08,0.049469,0.045918
-3.4107e-08,0.04955,0.045901
-3.5916e-08,0.049633,0.045884
-3.7669e-08,0.049717,0.045865
-3.9356e-08,0.049802,0.045845
-4.0966e-08,0.049889,0.045824
-4.249e-08,0.049976,0.045801
-4.3918e-08,0.050065,0.045778
-4.5238e-08,0.050154,0.045754
-4.644e-08,0.050244,0.045728
-4.7514e-08,0.050335,0.045702
-4.8448e-08,0.050427,0.045675
-4.9232e-08,0.050519,0.045647
-4.9856e-08,0.050612,0.045617
-5.0309e-08,0.050705,0.045588
-5.0581e-08,0.050798,0.045557
-5.0662e-08,0.050891,0.045525
-5.0542e-08,0.050985,0.045493
-5.0212e-08,0.051078,0.045461
-4.9662e-08,0.051172,0.045428
-4.8884e-08,0.051264,0.045394
-4.787e-08,0.051357,0.04536
-4.6613e-08,0.051449,0.045326
-4.5106e-08,0.05154,0.045292
-4.3341e-08,0.05163,0.045258
-4.1315e-08,0.051719,0.045223
-3.9022e-08,0.051807,0.045189
-3.6458e-08,0.051893,0.045155
-3.362e-08,0.051978,0.045121
-3.0506e-08,0.052062,0.045087
-2.7116e-08,0.052143,0.045054
-2.3449e-08,0.052223,0.045021
-1.9507e-08,0.0523,0.044989
-1.5292e-08,0.052375,0.044958
-1.0807e-08,0.052447,0.044927
-6.0583e-09,0.052516,0.044897
-1.0507e-09,0.052583,0.044869
4.2077e-09,0.052646,0.044841
9.7081e-09,0.052707,0.044814
1.544e-08,0.052764,0.044789
2.1392e-08,0.052817,0.044765
2.755e-08,0.052867,0.044743
3.3901e-08,0.052913,0.044721
4.0427e-08,0.052955,0.044702
4.7111e-08,0.052993,0.044684
5.3933e-08,0.053027,0.044667
6.0874e-08,0.053057,0.044652
6.791e-08,0.053082,0.044639
7.5018e-08,0.053103,0.044627
8.2173e-08,0.05312,0.044618
8.9348e-08,0.053132,0.04461
9.6515e-08,0.053139,0.044604
1.0364e-07,0.053142,0.044599
1.1071e-07,0.05314,0.044597
1.1767e-07,0.053134,0.044596
1.245e-07,0.053123,0.044597
1.3116e-07,0.053108,0.0446
1.3762e-07,0.053088,0.044604
1.4384e-07,0.053063,0.044611
1.4978e-07,0.053035,0.044619
1.5542e-07,0.053002,0.044629
1.607e-07,0.052964,0.04464
1.6559e-07,0.052923,0.044653
1.7006e-07,0.052877,0.044667
1.7405e-07,0.052828,0.044683
1.7754e-07,0.052774,0.0447
1.8048e-07,0.052717,0.044719
1.8284e-07,0.052657,0.044739
1.8457e-07,0.052593,0.04476
1.8565e-07,0.052526,0.044782
1.8602e-07,0.052456,0.044805
1.8567e-07,0.052383,0.044829
1.8454e-07,0.052307,0.044853
1.8261e-07,0.052229,0.044879
1.7985e-07,0.052148,0.044905
1.7623e-07,0.052066,0.044931
1.7171e-07,0.051981,0.044958
1.6628e-07,0.051895,0.044985
1.599e-07,0.051807,0.045012
1.5257e-07,0.051718,0.045039
1.4426e-07,0.051627,0.045066
1.3496e-07,0.051536,0.045092
1.2465e-07,0.051444,0.045119
1.1333e-07,0.051352,0.045145
1.0099e-07,0.05126,0.04517
8.7642e-08,0.051167,0.045195
7.3279e-08,0.051075,0.045218
5.7911e-08,0.050983,0.045241
4.1552e-08,0.050891,0.045263
2.422e-08,0.050801,0.045284
5.9351e-09,0.050711,0.045304
-1.3274e-08,0.050623,0.045322
-3.3376e-08,0.050536,0.045339
-5.4334e-08,0.050451,0.045354
-7.6105e-08,0.050367,0.045368
-9.864e-08,0.050286,0.04538
-1.2189e-07,0.050207,0.045391
-1.4579e-07,0.05013,0.045399
-1.7028e-07,0.050056,0.045406
-1.9528e-07,0.049984,0.045411
-2.2073e-07,0.049916,0.045414
-2.4654e-07,0.04985,0.045415
-2.7263e-07,0.049787,0.045414
-2.989e-07,0.049728,0.045411
-3.2526e-07,0.049672,0.045406
-3.516e-07,0.04962,0.045399
-3.7782e-07,0.049571,0.04539
-4.038e-07,0.049527,0.045378
-4.2943e-07,0.049486,0.045365
-4.5459e-07,0.049448,0.04535
-4.7916e-07,0.049415,0.045332
-5.03e-07,0.049386,0.045313
-5.2598e-07,0.049361,0.045292
-5.4797e-07,0.04934,0.045269
-5.6883e-07,0.049323,0.045244
-5.8842e-07,0.04931,0.045218
-6.066e-07,0.049302,0.045189
-6.2323e-07,0.049297,0.045159
-6.3816e-07,0.049297,0.045128
-6.5125e-07,0.049301,0.045095
-6.6236e-07,0.049309,0.045061
-6.7134e-07,0.04932,0.045025
-6.7805e-07,0.049336,0.044988
-6.8237e-07,0.049355,0.04495
-6.8414e-07,0.049379,0.044911
-6.8324e-07,0.049405,0.044872
-6.7954e-07,0.049436,0.044831
-6.7292e-07,0.049469,0.044789
-6.6326e-07,0.049506,0.044747
-6.5046e-07,0.049546,0.044705
-6.344e-07,0.049588,0.044662
-6.15e-07,0.049634,0.044619
-5.9217e-07,0.049682,0.044575
-5.6583e-07,0.049732,0.044532
-5.3593e-07,0.049785,0.044488
-5.0239e-07,0.04984,0.044445
-4.6519e-07,0.049896,0.044402
-4.2429e-07,0.049954,0.044359
-3.7968e-07,0.050014,0.044316
-3.3136e-07,0.050074,0.044274
-2.7934e-07,0.050136,0.044233
-2.2364e-07,0.050198,0.044192
-1.6432e-07,0.05026,0.044152
-1.0144e-07,0.050323,0.044113
-3.5077e-08,0.050386,0.044075
3.4672e-08,0.050449,0.044038
1.0769e-07,0.050512,0.044002
1.8384e-07,0.050574,0.043967
2.6296e-07,0.050635,0.043933
3.4489e-07,0.050694,0.043901
4.2942e-07,0.050753,0.04387
5.1634e-07,0.05081,0.04384
6.0542e-07,0.050866,0.043812
6.964e-07,0.05092,0.043785
7.8901e-07,0.050971,0.04376
8.8294e-07,0.051021,0.043736
9.7788e-07,0.051068,0.043714
1.0735e-06,0.051112,0.043693
1.1694e-06,0.051154,0.043673
1.2653e-06,0.051193,0.043655
1.3607e-06,0.051229,0.043639
1.4553e-06,0.051262,0.043624
1.5486e-06,0.051291,0.04361
1.6401e-06,0.051318,0.043598
1.7295e-06,0.05134,0.043587
1.8162e-06,0.05136,0.043578
1.8998e-06,0.051376,0.04357
1.9797e-06,0.051388,0.043563
2.0555e-06,0.051396,0.043557
2.1266e-06,0.051401,0.043552
2.1926e-06,0.051402,0.043548
2.2529e-06,0.0514,0.043545
2.3069e-06,0.051393,0.043543
2.3542e-06,0.051383,0.043542
2.3942e-06,0.051369,0.043542
2.4263e-06,0.051352,0.043542
2.4502e-06,0.05133,0.043542
2.4652e-06,0.051306,0.043543
2.471e-06,0.051277,0.043544
2.4669e-06,0.051245,0.043546
2.4525e-06,0.05121,0.043547
2.4274e-06,0.051171,0.043549
2.3911e-06,0.051129,0.04355
2.3432e-06,0.051084,0.043552
2.2835e-06,0.051036,0.043553
2.2114e-06,0.050986,0.043553
2.1267e-06,0.050932,0.043553
2.0292e-06,0.050876,0.043553
1.9185e-06,0.050817,0.043552
1.7945e-06,0.050756,0.04355
1.6571e-06,0.050693,0.043547
1.506e-06,0.050627,0.043543
1.3414e-06,0.05056,0.043538
1.1631e-06,0.050492,0.043532
9.7118e-07,0.050421,0.043524
7.6584e-07,0.050349,0.043515
5.472e-07,0.050277,0.043505
3.1551e-07,0.050203,0.043493
7.1069e-08,0.050128,0.04348
-1.8576e-07,0.050052,0.043465
-4.5452e-07,0.049976,0.043449
-7.3472e-07,0.0499,0.043431
-1.0258e-06,0.049824,0.043411
-1.327e-06,0.049747,0.043389
-1.6377e-06,0.049671,0.043366
-1.957e-06,0.049595,0.043341
-2.284e-06,0.04952,0.043315
-2.6179e-06,0.049445,0.043287
-2.9574e-06,0.049372,0.043257
-3.3016e-06,0.049299,0.043225
-3.6492e-06,0.049227,0.043192
-3.9989e-06,0.049157,0.043158
-4.3494e-06,0.049088,0.043122
-4.6993e-06,0.04902,0.043085
-5.047e-06,0.048954,0.043047
-5.391e-06,0.04889,0.043007
-5.7297e-06,0.048827,0.042967
-6.0613e-06,0.048767,0.042926
-6.3841e-06,0.048708,0.042883
-6.6962e-06,0.048652,0.042841
-6.9959e-06,0.048598,0.042798
-7.2811e-06,0.048545,0.042754
-7.5499e-06,0.048495,0.04271
-7.8004e-06,0.048448,0.042667
-8.0304e-06,0.048402,0.042623
-8.2379e-06,0.048359,0.04258
-8.4208e-06,0.048319,0.042537
-8.577e-06,0.04828,0.042494
-8.7044e-06,0.048244,0.042453
-8.801e-06,0.04821,0.042412
-8.8645e-06,0.048178,0.042373
-8.8929e-06,0.048149,0.042335
-8.8842e-06,0.048122,0.042298
-8.8363e-06,0.048096,0.042263
-8.7472e-06,0.048073,0.04223
-8.615e-06,0.048052,0.042198
-8.4379e-06,0.048033,0.042169
-8.214e-06,0.048016,0.042142
-7.9415e-06,0.048,0.042118
-7.619e-06,0.047986,0.042096
-7.2447e-06,0.047974,0.042076
-6.8174e-06,0.047963,0.04206
-6.3356e-06,0.047954,0.042046
-5.7982e-06,0.047945,0.042036
-5.2041e-06,0.047939,0.042028
-4.5525e-06,0.047933,0.042024
-3.8426e-06,0.047928,0.042024
-3.0737e-06,0.047924,0.042026
-2.2456e-06,0.047921,0.042033
-1.3579e-06,0.047918,0.042043
-4.1057e-07,0.047916,0.042056
5.9615e-07,0.047915,0.042074
1.6619e-06,0.047914,0.042095
2.7862e-06,0.047913,0.04212
3.9683e-06,0.047912,0.042149
5.207e-06,0.047912,0.042182
6.5013e-06,0.047911,0.042218
7.8496e-06,0.047911,0.042259
9.2503e-06,0.04791,0.042303
1.0701e-05,0.047909,0.042351
1.2201e-05,0.047907,0.042403
1.3746e-05,0.047906,0.042458
1.5335e-05,0.047903,0.042517
1.6964e-05,0.047901,0.042579
1.863e-05,0.047898,0.042645
2.0331e-05,0.047894,0.042714
2.2062e-05,0.047889,0.042786
2.382e-05,0.047884,0.042861
2.56e-05,0.047879,0.042939
2.74e-05,0.047872,0.04302
2.9214e-05,0.047865,0.043103
3.1038e-05,0.047858,0.043188
3.2867e-05,0.047849,0.043276
3.4697e-05,0.04784,0.043365
3.6523e-05,0.047831,0.043457
3.8339e-05,0.04782,0.043549
4.0141e-05,0.04781,0.043644
4.1923e-05,0.047798,0.043739
4.368e-05,0.047787,0.043835
4.5406e-05,0.047775,0.043932
4.7098e-05,0.047762,0.044029
4.8748e-05,0.047749,0.044126
5.0352e-05,0.047736,0.044223
5.1904e-05,0.047723,0.04432
5.34e-05,0.04771,0.044417
5.4835e-05,0.047697,0.044513
5.6203e-05,0.047684,0.044607
5.75e-05,0.047671,0.044701
5.8721e-05,0.047659,0.044793
5.9861e-05,0.047647,0.044883
6.0918e-05,0.047635,0.044972
6.1886e-05,0.047624,0.045058
6.2763e-05,0.047614,0.045143
6.3544e-05,0.047605,0.045224
6.4228e-05,0.047597,0.045304
6.481e-05,0.047589,0.04538
6.5291e-05,0.047583,0.045453
6.5666e-05,0.047578,0.045523
6.5935e-05,0.047575,0.04559
6.6097e-05,0.047573,0.045654
6.6151e-05,0.047572,0.045714
6.6097e-05,0.047573,0.04577
6.5935e-05,0.047576,0.045823
6.5666e-05,0.047581,0.045872
6.5291e-05,0.047588,0.045916
6.481e-05,0.047597,0.045957
6.4228e-05,0.047607,0.045994
6.3544e-05,0.04762,0.046027
6.2763e-05,0.047635,0.046056
6.1886e-05,0.047653,0.046081
6.0918e-05,0.047672,0.046102
5.9861e-05,0.047694,0.046119
5.8721e-05,0.047718,0.046132
5.75e-05,0.047745,0.046141
5.6203e-05,0.047774,0.046146
5.4835e-05,0.047805,0.046147
5.34e-05,0.047839,0.046145
5.1904e-05,0.047875,0.046139
5.0352e-05,0.047913,0.04613
4.8748e-05,0.047954,0.046117
4.7098e-05,0.047997,0.046101
4.5406e-05,0.048043,0.046082
4.368e-05,0.04809,0.04606
4.1923e-05,0.04814,0.046035
4.0141e-05,0.048192,0.046008
3.8339e-05,0.048247,0.045979
3.6523e-05,0.048303,0.045947
3.4697e-05,0.048361,0.045913
3.2867e-05,0.048421,0.045877
3.1038e-05,0.048483,0.04584
2.9214e-05,0.048547,0.045801
2.74e-05,0.048613,0.045761
2.56e-05,0.04868,0.04572
2.382e-05,0.048748,0.045678
2.2062e-05,0.048819,0.045636
2.0331e-05,0.04889,0.045593
1.863e-05,0.048963,0.04555
1.6964e-05,0.049037,0.045507
1.5335e-05,0.049112,0.045464
1.3746e-05,0.049188,0.045421
1.2201e-05,0.049265,0.045379
1.0701e-05,0.049343,0.045337
9.2503e-06,0.049422,0.045297
7.8496e-06,0.049501,0.045257
6.5013e-06,0.049581,0.045219
5.207e-06,0.049661,0.045182
3.9683e-06,0.049741,0.045147
2.7862e-06,0.049822,0.045113
1.6619e-06,0.049902,0.045081
5.9615e-07,0.049983,0.045051
-4.1057e-07,0.050063,0.045023
-1.3579e-06,0.050143,0.044998
-2.2456e-06,0.050223,0.044974
-3.0737e-06,0.050302,0.044953
-3.8426e-06,0.050381,0.044934
-4.5525e-06,0.050459,0.044918
-5.2041e-06,0.050536,0.044904
-5.7982e-06,0.050612,0.044893
-6.3356e-06,0.050687,0.044885
-6.8174e-06,0.050761,0.044879
-7.2447e-06,0.050833,0.044876
-7.619e-06,0.050904,0.044875
-7.9415e-06,0.050973,0.044878
-8.214e-06,0.05104,0.044883
-8.4379e-06,0.051106,0.04489
-8.615e-06,0.05117,0.044901
-8.7472e-06,0.051231,0.044914
-8.8363e-06,0.05129,0.044929
-8.8842e-06,0.051347,0.044947
-8.8929e-06,0.051401,0.044968
-8.8645e-06,0.051452,0.044991
-8.801e-06,0.051501,0.045016
-8.7044e-06,0.051546,0.045044
-8.577e-06,0.051589,0.045073
-8.4208e-06,0.051628,0.045105
-8.2379e-06,0.051664,0.045139
-8.0304e-06,0.051697,0.045174
-7.8004e-06,0.051726,0.045211
-7.5499e-06,0.051751,0.04525
-7.2811e-06,0.051773,0.04529
-6.9959e-06,0.051791,0.045332
-6.6962e-06,0.051806,0.045374
-6.3841e-06,0.051816,0.045418
-6.0613e-06,0.051823,0.045463
-5.7297e-06,0.051825,0.045508
-5.391e-06,0.051824,0.045554
-5.047e-06,0.051818,0.0456
-4.6993e-06,0.051808,0.045647
-4.3494e-06,0.051795,0.045694
-3.9989e-06,0.051777,0.045741
-3.6492e-06,0.051755,0.045788
-3.3016e-06,0.051729,0.045835
-2.9574e-06,0.051699,0.045881
-2.6179e-06,0.051666,0.045926
-2.284e-06,0.051628,0.045971
-1.957e-06,0.051587,0.046015
-1.6377e-06,0.051542,0.046059
-1.327e-06,0.051494,0.046101
-1.0258e-06,0.051442,0.046142
-7.3472e-07,0.051387,0.046182
-4.5452e-07,0.051329,0.04622
-1.8576e-07,0.051268,0.046257
7.1069e-08,0.051203,0.046293
3.1551e-07,0.051136,0.046327
5.472e-07,0.051067,0.046359
7.6584e-07,0.050995,0.04639
9.7118e-07,0.050921,0.046418
1.1631e-06,0.050845,0.046445
1.3414e-06,0.050768,0.04647
1.506e-06,0.050689,0.046493
1.6571e-06,0.050608,0.046514
1.7945e-06,0.050526,0.046533
1.9185e-06,0.050444,0.04655
2.0292e-06,0.05036,0.046565
2.1267e-06,0.050277,0.046579
2.2114e-06,0.050193,0.04659
2.2835e-06,0.050109,0.046599
2.3432e-06,0.050025,0.046606
2.3911e-06,0.049941,0.046611
2.4274e-06,0.049859,0.046615
2.4525e-06,0.049777,0.046616
2.4669e-06,0.049696,0.046616
2.471e-06,0.049616,0.046614
2.4652e-06,0.049538,0.04661
2.4502e-06,0.049462,0.046605
2.4263e-06,0.049387,0.046598
2.3942e-06,0.049315,0.046589
2.3542e-06,0.049244,0.046579
2.3069e-06,0.049176,0.046568
2.2529e-06,0.049111,0.046555
2.1926e-06,0.049048,0.046541
2.1266e-06,0.048989,0.046526
2.0555e-06,0.048932,0.046509
1.9797e-06,0.048878,0.046492
1.8998e-06,0.048827,0.046474
1.8162e-06,0.04878,0.046454
1.7295e-06,0.048736,0.046434
1.6401e-06,0.048695,0.046413
1.5486e-06,0.048658,0.046391
1.4553e-06,0.048624,0.046369
1.3607e-06,0.048594,0.046346
1.2653e-06,0.048568,0.046323
1.1694e-06,0.048545,0.046298
1.0735e-06,0.048526,0.046274
9.7788e-07,0.048511,0.046249
8.8294e-07,0.048499,0.046224
7.8901e-07,0.048491,0.046198
6.964e-07,0.048486,0.046172
6.0542e-07,0.048485,0.046146
5.1634e-07,0.048487,0.046119
4.2942e-07,0.048493,0.046092
3.4489e-07,0.048502,0.046065
2.6296e-07,0.048514,0.046038
1.8384e-07,0.04853,0.04601
1.0769e-07,0.048549,0.045983
3.4672e-08,0.04857,0.045955
-3.5077e-08,0.048595,0.045927
-1.0144e-07,0.048622,0.045899
-1.6432e-07,0.048652,0.04587
-2.2364e-07,0.048684,0.045842
-2.7934e-07,0.048719,0.045813
-3.3136e-07,0.048755,0.045784
-3.7968e-07,0.048795,0.045755
-4.2429e-07,0.048836,0.045726
-4.6519e-07,0.048878,0.045696
-5.0239e-07,0.048923,0.045666
-5.3593e-07,0.048969,0.045637
-5.6583e-07,0.049017,0.045607
-5.9217e-07,0.049066,0.045576
-6.15e-07,0.049116,0.045546
-6.344e-07,0.049167,0.045516
-6.5046e-07,0.049219,0.045485
-6.6326e-07,0.049272,0.045454
-6.7292e-07,0.049325,0.045423
-6.7954e-07,0.049379,0.045392
-6.8324e-07,0.049434,0.045361
-6.8414e-07,0.049488,0.04533
-6.8237e-07,0.049543,0.045299
-6.7805e-07,0.049598,0.045267
-6.7134e-07,0.049653,0.045236
-6.6236e-07,0.049707,0.045205
-6.5125e-07,0.049761,0.045174
-6.3816e-07,0.049815,0.045143
-6.2323e-07,0.049869,0.045112
-6.066e-07,0.049922,0.045082
-5.8842e-07,0.049974,0.045051
-5.6883e-07,0.050026,0.045022
-5.4797e-07,0.050077,0.044992
-5.2598e-07,0.050127,0.044963
-5.03e-07,0.050176,0.044934
-4.7916e-07,0.050224,0.044906
-4.5459e-07,0.050271,0.044879
-4.2943e-07,0.050317,0.044852
-4.038e-07,0.050362,0.044826
-3.7782e-07,0.050406,0.0448
-3.516e-07,0.050448,0.044776
-3.2526e-07,0.050489,0.044752
-2.989e-07,0.050529,0.044729
-2.7263e-07,0.050567,0.044708
-2.4654e-07,0.050604,0.044687
-2.2073e-07,0.05064,0.044668
-1.9528e-07,0.050674,0.044649
-1.7028e-07,0.050707,0.044632
-1.4579e-07,0.050738,0.044616
-1.2189e-07,0.050768,0.044602
-9.864e-08,0.050797,0.044589
-7.6105e-08,0.050823,0.044577
-5.4334e-08,0.050849,0.044567
-3.3376e-08,0.050872,0.044558
-1.3274e-08,0.050894,0.044551
5.9351e-09,0.050915,0.044546
2.422e-08,0.050934,0.044542
4.1552e-08,0.050951,0.044539
5.7911e-08,0.050967,0.044539
7.3279e-08,0.050981,0.04454
8.7642e-08,0.050994,0.044543
1.0099e-07,0.051005,0.044547
1.1333e-07,0.051015,0.044553
1.2465e-07,0.051023,0.044561
1.3496e-07,0.05103,0.04457
1.4426e-07,0.051035,0.044581
1.5257e-07,0.051039,0.044594
1.599e-07,0.051041,0.044609
1.6628e-07,0.051042,0.044625
1.7171e-07,0.051042,0.044642
1.7623e-07,0.05104,0.044661
1.7985e-07,0.051037,0.044682
1.8261e-07,0.051033,0.044704
1.8454e-07,0.051027,0.044727
1.8567e-07,0.05102,0.044752
1.8602e-07,0.051012,0.044778
1.8565e-07,0.051003,0.044806
1.8457e-07,0.050993,0.044834
1.8284e-07,0.050982,0.044864
1.8048e-07,0.05097,0.044895
1.7754e-07,0.050957,0.044927
1.7405e-07,0.050944,0.04496
1.7006e-07,0.050929,0.044993
1.6559e-07,0.050913,0.045028
1.607e-07,0.050897,0.045063
1.5542e-07,0.05088,0.045099
1.4978e-07,0.050863,0.045136
1.4384e-07,0.050844,0.045173
1.3762e-07,0.050826,0.045211
1.3116e-07,0.050806,0.045249
1.245e-07,0.050786,0.045287
1.1767e-07,0.050766,0.045325
1.1071e-07,0.050745,0.045364
1.0364e-07,0.050724,0.045403
9.6515e-08,0.050703,0.045441
8.9348e-08,0.050681,0.04548
8.2173e-08,0.050659,0.045518
7.5018e-08,0.050636,0.045556
6.791e-08,0.050614,0.045594
6.0874e-08,0.050591,0.045631
5.3933e-08,0.050568,0.045668
4.7111e-08,0.050545,0.045704
4.0427e-08,0.050522,0.045739
3.3901e-08,0.050499,0.045773
2.755e-08,0.050476,0.045807
2.1392e-08,0.050453,0.045839
1.544e-08,0.05043,0.04587
9.7081e-09,0.050407,0.0459
4.2077e-09,0.050385,0.045929
-1.0507e-09,0.050362,0.045957
-6.0583e-09,0.05034,0.045983
-1.0807e-08,0.050317,0.046007
-1.5292e-08,0.050295,0.04603
-1.9507e-08,0.050274,0.046051
-2.3449e-08,0.050252,0.04607
-2.7116e-08,0.050232,0.046088
-3.0506e-08,0.050211,0.046104
-3.362e-08,0.050191,0.046117
-3.6458e-08,0.050171,0.046129
-3.9022e-08,0.050152,0.046139
-4.1315e-08,0.050133,0.046146
-4.3341e-08,0.050115,0.046152
-4.5106e-08,0.050098,0.046155
-4.6613e-08,0.050081,0.046156
-4.787e-08,0.050065,0.046155
-4.8884e-08,0.050049,0.046151
-4.9662e-08,0.050034,0.046145
-5.0212e-08,0.05002,0.046137
-5.0542e-08,0.050007,0.046127
-5.0662e-08,0.049995,0.046115
-5.0581e-08,0.049983,0.0461
-5.0309e-08,0.049973,0.046083
-4.9856e-08,0.049963,0.046064
-4.9232e-08,0.049954,0.046043
-4.8448e-08,0.049946,0.046019
-4.7514e-08,0.04994,0.045994
-4.644e-08,0.049934,0.045967
-4.5238e-08,0.04993,0.045937
-4.3918e-08,0.049927,0.045907
-4.249e-08,0.049924,0.045874
-4.0966e-08,0.049924,0.04584
-3.9356e-08,0.049924,0.045804
-3.7669e-08,0.049926,0.045767
-3.5916e-08,0.049929,0.045729
-3.4107e-08,0.049933,0.045689
-3.2252e-08,0.049939,0.045649
-3.0359e-08,0.049946,0.045607
-2.8438e-08,0.049955,0.045565
-2.6498e-08,0.049965,0.045523
-2.4547e-08,0.049977,0.04548
-2.2592e-08,0.04999,0.045436
-2.0643e-08,0.050005,0.045393
-1.8705e-08,0.050022,0.04535
-1.6786e-08,0.05004,0.045307
-1.4892e-08,0.050059,0.045264
-1.303e-08,0.05008,0.045222
-1.1205e-08,0.050103,0.04518
-9.4226e-09,0.050127,0.045139
-7.6874e-09,0.050153,0.0451
-6.0041e-09,0.050181,0.045061
-4.3766e-09,0.05021,0.045024
-2.8086e-09,0.05024,0.044988
-1.3033e-09,0.050272,0.044954
1.3627e-10,0.050306,0.044921
1.5078e-09,0.050341,0.04489
2.8092e-09,0.050377,0.044862
4.0386e-09,0.050415,0.044835
5.1948e-09,0.050454,0.044811
6.2767e-09,0.050494,0.044789
7.2837e-09,0.050536,0.044769
8.2153e-09,0.050578,0.044752
9.0716e-09,0.050622,0.044737
9.8527e-09,0.050667,0.044725
1.0559e-08,0.050712,0.044716
1.1192e-08,0.050758,0.04471
1.1752e-08,0.050805,0.044706
1.224e-08,0.050853,0.044705
1.2658e-08,0.050901,0.044707
1.3008e-08,0.050949,0.044713
1.3291e-08,0.050998,0.044721
1.351e-08,0.051047,0.044732
1.3666e-08,0.051096,0.044746
1.3762e-08,0.051145,0.044763
1.3801e-08,0.051194,0.044783
1.3785e-08,0.051242,0.044806
1.3716e-08,0.05129,0.044832
1.3598e-08,0.051337,0.044861
1.3433e-08,0.051384,0.044892
1.3224e-08,0.05143,0.044927
1.2974e-08,0.051475,0.044964
1.2685e-08,0.051519,0.045004
1.2361e-08,0.051562,0.045046
1.2005e-08,0.051603,0.045091
1.1619e-08,0.051643,0.045139
1.1207e-08,0.051681,0.045189
1.077e-08,0.051718,0.045241
1.0313e-08,0.051753,0.045295
9.8373e-09,0.051786,0.045352
9.3461e-09,0.051817,0.04541
8.8419e-09,0.051846,0.04547
8.3273e-09,0.051873,0.045532
7.8047e-09,0.051897,0.045595
7.2766e-09,0.051919,0.04566
6.7452e-09,0.051939,0.045727
6.2128e-09,0.051956,0.045794
5.6814e-09,0.051971,0.045863
5.153e-09,0.051983,0.045932
4.6296e-09,0.051993,0.046002
4.1129e-09,0.051999,0.046073
3.6046e-09,0.052003,0.046144
3.1063e-09,0.052005,0.046215
2.6194e-09,0.052003,0.046286
2.1452e-09,0.051999,0.046357
1.685e-09,0.051991,0.046428
1.24e-09,0.051981,0.046498
8.1099e-10,0.051969,0.046568
3.9903e-10,0.051953,0.046636
4.8669e-12,0.051934,0.046704
-3.7082e-10,0.051913,0.04677
-7.2744e-10,0.051889,0.046835
-1.0645e-09,0.051863,0.046899
-1.3817e-09,0.051834,0.04696
-1.6786e-09,0.051802,0.047019
-1.9552e-09,0.051767,0.047076
-2.2112e-09,0.051731,0.047131
-2.4467e-09,0.051692,0.047183
-2.6617e-09,0.051651,0.047232
-2.8564e-09,0.051607,0.047278
-3.0309e-09,0.051562,0.047321
-3.1856e-09,0.051514,0.047361
-3.3207e-09,0.051465,0.047397
-3.4367e-09,0.051414,0.04743
-3.534e-09,0.051362,0.047458
-3.6131e-09,0.051308,0.047483
-3.6745e-09,0.051253,0.047504
-3.719e-09,0.051197,0.04752
-3.747e-09,0.051139,0.047532
-3.7592e-09,0.051081,0.047539
-3.7564e-09,0.051023,0.047542
-3.7392e-09,0.050964,0.047541
-3.7085e-09,0.050904,0.047534
-3.6649e-09,0.050845,0.047523
-3.6092e-09,0.050785,0.047507
-3.5422e-09,0.050726,0.047486
-3.4647e-09,0.050667,0.047461
-3.3775e-09,0.050609,0.047431
-3.2814e-09,0.050552,0.047396
-3.1771e-09,0.050495,0.047356
-3.0655e-09,0.05044,0.047312
-2.9473e-09,0.050386,0.047263
-2.8233e-09,0.050333,0.047209
-2.6942e-09,0.050283,0.047152
-2.5608e-09,0.050234,0.04709
-2.4238e-09,0.050187,0.047024
-2.2839e-09,0.050142,0.046955
-2.1417e-09,0.050099,0.046881
-1.998e-09,0.050059,0.046805
-1.8533e-09,0.050021,0.046725
-1.7083e-09,0.049987,0.046643
-1.5635e-09,0.049954,0.046557
-1.4194e-09,0.049925,0.04647
-1.2767e-09,0.049899,0.04638
-1.1357e-09,0.049876,0.046289
-9.9695e-10,0.049856,0.046197
-8.6088e-10,0.04984,0.046103
-7.2788e-10,0.049827,0.046009
-5.9831e-10,0.049817,0.045914
-4.7252e-10,0.04981,0.04582
-3.5082e-10,0.049807,0.045726
-2.3347e-10,0.049808,0.045633
-1.2073e-10,0.049811,0.045541
-1.2813e-11,0.049819,0.045451
9.0087e-11,0.049829,0.045363
1.8781e-10,0.049843,0.045277
2.8022e-10,0.04986,0.045194
3.6722e-10,0.049881,0.045114
4.4872e-10,0.049904,0.045038
5.2466e-10,0.049931,0.044966
5.9502e-10,0.04996,0.044898
6.5978e-10,0.049992,0.044835
7.1896e-10,0.050027,0.044777
7.726e-10,0.050065,0.044725
8.2074e-10,0.050104,0.044678
8.6345e-10,0.050146,0.044637
9.0084e-10,0.050191,0.044603
9.3299e-10,0.050237,0.044575
9.6005e-10,0.050285,0.044554
9.8213e-10,0.050334,0.044539
9.9939e-10,0.050385,0.044532
1.012e-09,0.050437,0.044533
1.0201e-09,0.05049,0.044541
1.0239e-09,0.050543,0.044557
1.0236e-09,0.050598,0.04458
1.0193e-09,0.050652,0.044611
1.0113e-09,0.050707,0.04465
9.9982e-10,0.050762,0.044697
9.85e-10,0.050817,0.044751
9.6707e-10,0.050871,0.044814
9.4627e-10,0.050925,0.044883
9.2279e-10,0.050978,0.04496
8.9685e-10,0.051029,0.045045
8.6868e-10,0.05108,0.045136
8.3848e-10,0.051129,0.045234
8.0647e-10,0.051177,0.045339
7.7285e-10,0.051223,0.04545
7.3783e-10,0.051267,0.045567
7.0162e-10,0.051309,0.045689
6.6439e-10,0.051348,0.045816
6.2636e-10,0.051385,0.045948
5.8769e-10,0.05142,0.046084
5.4857e-10,0.051452,0.046223
5.0918e-10,0.051481,0.046366
4.6967e-10,0.051507,0.046511
4.3021e-10,0.05153,0.046659
3.9094e-10,0.051549,0.046808
3.52e-10,0.051565,0.046958
3.1354e-10,0.051578,0.047108
2.7567e-10,0.051588,0.047258
2.3852e-10,0.051593,0.047407
2.022e-10,0.051595,0.047555
1.6679e-10,0.051594,0.047701
1.3241e-10,0.051588,0.047844
9.913e-11,0.051579,0.047983
6.703e-11,0.051566,0.048119
3.6178e-11,0.05155,0.04825
6.6344e-12,0.051529,0.048376
-2.1548e-11,0.051505,0.048497
-4.8325e-11,0.051477,0.048611
-7.3659e-11,0.051445,0.048719
-9.7521e-11,0.05141,0.04882
-1.1989e-10,0.051371,0.048913
-1.4074e-10,0.051328,0.048998
-1.6007e-10,0.051283,0.049075
-1.7788e-10,0.051233,0.049142
-1.9417e-10,0.051181,0.049201
-2.0894e-10,0.051126,0.049251
-2.2222e-10,0.051068,0.04929
-2.3402e-10,0.051007,0.04932
-2.4436e-10,0.050944,0.04934
-2.5327e-10,0.050878,0.04935
-2.6079e-10,0.05081,0.049349
-2.6695e-10,0.05074,0.049339
-2.718e-10,0.050668,0.049318
-2.7537e-10,0.050594,0.049286
-2.7771e-10,0.050519,0.049245
-2.7887e-10,0.050443,0.049194
-2.789e-10,0.050365,0.049133
-2.7785e-10,0.050287,0.049062
-2.7578e-10,0.050208,0.048982
-2.7275e-10,0.050129,0.048893
-2.6881e-10,0.05005,0.048795
-2.6402e-10,0.049971,0.048689
-2.5843e-10,0.049892,0.048575
-2.5211e-10,0.049813,0.048454
-2.4512e-10,0.049735,0.048325
-2.3751e-10,0.049658,0.04819
-2.2934e-10,0.049582,0.048049
-2.2067e-10,0.049508,0.047903
-2.1156e-10,0.049435,0.047752
-2.0205e-10,0.049364,0.047596
-1.9222e-10,0.049295,0.047437
-1.8211e-10,0.049228,0.047274
-1.7177e-10,0.049163,0.047109
-1.6125e-10,0.049101,0.046942
-1.5061e-10,0.049041,0.046774
-1.3988e-10,0.048984,0.046605
-1.2912e-10,0.048931,0.046435
-1.1837e-10,0.04888,0.046266
-1.0766e-10,0.048832,0.046098
-9.7043e-11,0.048788,0.045931
-8.6549e-11,0.048747,0.045766
-7.6215e-11,0.048709,0.045603
-6.6071e-11,0.048676,0.045444
-5.6149e-11,0.048645,0.045287
-4.6477e-11,0.048619,0.045135
-3.7079e-11,0.048596,0.044986
-2.7979e-11,0.048576,0.044842
-1.9198e-11,0.048561,0.044703
-1.0756e-11,0.048549,0.044569
-2.6682e-12,0.048541,0.04444
5.0502e-12,0.048536,0.044318
1.2387e-11,0.048535,0.044201
1.9332e-11,0.048538,0.04409
2.5876e-11,0.048545,0.043985
3.2013e-11,0.048554,0.043887
3.7739e-11,0.048568,0.043796
4.3051e-11,0.048584,0.043712
4.7948e-11,0.048604,0.043634
5.243e-11,0.048627,0.043563
5.65e-11,0.048653,0.043499
6.0161e-11,0.048682,0.043442
6.3418e-11,0.048713,0.043392
6.6278e-11,0.048748,0.043349
6.8748e-11,0.048785,0.043313
7.0838e-11,0.048824,0.043283
7.2556e-11,0.048866,0.043261
7.3914e-11,0.048909,0.043245
7.4924e-11,0.048955,0.043236
7.5597e-11,0.049003,0.043233
7.5947e-11,0.049052,0.043237
7.5989e-11,0.049102,0.043247
7.5735e-11,0.049154,0.043263
7.5202e-11,0.049208,0.043285
7.4404e-11,0.049262,0.043313
7.3356e-11,0.049317,0.043347
7.2075e-11,0.049373,0.043386
7.0576e-11,0.049429,0.043431
6.8876e-11,0.049485,0.043481
6.699e-11,0.049542,0.043535
6.4934e-11,0.049598,0.043595
6.2725e-11,0.049655,0.043659
6.0377e-11,0.04971,0.043728
5.7907e-11,0.049766,0.043801
5.533e-11,0.04982,0.043878
5.266e-11,0.049874,0.043959
4.9913e-11,0.049927,0.044043
4.7102e-11,0.049978,0.044131
4.4242e-11,0.050028,0.044222
4.1345e-11,0.050076,0.044316
3.8425e-11,0.050123,0.044413
3.5494e-11,0.050168,0.044512
3.2564e-11,0.050211,0.044614
2.9646e-11,0.050252,0.044717
2.675e-11,0.050291,0.044823
2.3887e-11,0.050327,0.04493
2.1067e-11,0.050361,0.045039
1.8298e-11,0.050393,0.045149
1.5588e-11,0.050422,0.045259
1.2945e-11,0.050448,0.045371
1.0376e-11,0.050472,0.045483
7.8884e-12,0.050493,0.045595
5.4867e-12,0.050511,0.045708
3.1766e-12,0.050526,0.04582
9.626e-13,0.050538,0.045932
-1.1512e-12,0.050548,0.046044
-3.1613e-12,0.050554,0.046154
-5.0649e-12,0.050558,0.046264
-6.8597e-12,0.050559,0.046373
-8.5438e-12,0.050557,0.04648
-1.0116e-11,0.050552,0.046585
-1.1575e-11,0.050544,0.046689
-1.2922e-11,0.050534,0.04679
-1.4155e-11,0.050521,0.04689
-1.5276e-11,0.050506,0.046987
-1.6285e-11,0.050488,0.047081
-1.7184e-11,0.050468,0.047173
-1.7975e-11,0.050445,0.047262
-1.866e-11,0.050421,0.047347
-1.924e-11,0.050394,0.04743
-1.9719e-11,0.050366,0.047509
-2.0099e-11,0.050336,0.047584
-2.0385e-11,0.050305,0.047656
-2.0578e-11,0.050273,0.047724
-2.0683e-11,0.050239,0.047788
-2.0703e-11,0.050205,0.047848
-2.0643e-11,0.050169,0.047904
-2.0505e-11,0.050134,0.047956
-2.0296e-11,0.050097,0.048003
-2.0018e-11,0.050061,0.048046
-1.9675e-11,0.050025,0.048085
-1.9273e-11,0.049989,0.048119
-1.8816e-11,0.049954,0.048148
-1.8307e-11,0.049919,0.048173
-1.7752e-11,0.049886,0.048194
-1.7155e-11,0.049853,0.04821
-1.6519e-11,0.049822,0.048221
-1.585e-11,0.049792,0.048228
-1.5151e-11,0.049765,0.048231
-1.4426e-11,0.049739,0.048229
-1.368e-11,0.049715,0.048222
-1.2916e-11,0.049693,0.048211
-1.2138e-11,0.049674,0.048196
-1.135e-11,0.049658,0.048177
-1.0555e-11,0.049644,0.048153
-9.7563e-12,0.049634,0.048125
-8.9579e-12,0.049626,0.048094
-8.1625e-12,0.049622,0.048059
-7.3729e-12,0.04962,0.048019
-6.5919e-12,0.049623,0.047977
-5.8222e-12,0.049628,0.047931
-5.0662e-12,0.049637,0.047881
-4.3261e-12,0.04965,0.047828
-3.6041e-12,0.049666,0.047773
-2.902e-12,0.049686,0.047714
-2.2218e-12,0.049709,0.047653
-1.5649e-12,0.049737,0.047589
-9.328e-13,0.049767,0.047522
-3.2677e-13,0.049801,0.047454
2.5208e-13,0.049839,0.047383
8.0279e-13,0.04988,0.047311
1.3246e-12,0.049925,0.047237
1.8167e-12,0.049973,0.047161
2.2788e-12,0.050024,0.047085
2.7104e-12,0.050078,0.047007
3.1113e-12,0.050135,0.046928
3.4814e-12,0.050195,0.046849
3.8208e-12,0.050257,0.046769
4.1294e-12,0.050322,0.046689
4.4077e-12,0.05039,0.046609
4.6559e-12,0.050459,0.046529
4.8746e-12,0.050531,0.046449
5.0641e-12,0.050604,0.04637
5.2253e-12,0.050679,0.046292
5.3588e-12,0.050756,0.046214
5.4653e-12,0.050834,0.046138
5.5458e-12,0.050912,0.046064
5.6012e-12,0.050992,0.045991
5.6323e-12,0.051072,0.04592
5.6403e-12,0.051152,0.04585
5.6262e-12,0.051233,0.045784
5.591e-12,0.051314,0.045719
5.536e-12,0.051394,0.045658
5.4622e-12,0.051474,0.045599
5.3708e-12,0.051554,0.045543
5.263e-12,0.051632,0.04549
5.14e-12,0.051709,0.045441
5.0029e-12,0.051786,0.045395
4.853e-12,0.051861,0.045353
4.6915e-12,0.051934,0.045315
4.5194e-12,0.052005,0.045281
4.338e-12,0.052075,0.045251
4.1484e-12,0.052142,0.045226
3.9517e-12,0.052207,0.045205
3.7489e-12,0.05227,0.045188
3.5413e-12,0.05233,0.045176
3.3298e-12,0.052387,0.045169
3.1153e-12,0.052442,0.045166
2.8989e-12,0.052493,0.045168
2.6815e-12,0.052542,0.045175
2.464e-12,0.052588,0.045187
2.2472e-12,0.05263,0.045204
2.0319e-12,0.052669,0.045226
1.8188e-12,0.052705,0.045252
1.6088e-12,0.052738,0.045284
1.4024e-12,0.052767,0.04532
1.2003e-12,0.052793,0.045362
1.003e-12,0.052815,0.045408
8.1116e-13,0.052834,0.045458
6.2518e-13,0.052849,0.045514
4.4552e-13,0.052861,0.045574
2.7257e-13,0.05287,0.045638
1.0669e-13,0.052875,0.045707
-5.1815e-14,0.052876,0.04578
-2.0268e-13,0.052875,0.045857
-3.4569e-13,0.05287,0.045938
-4.8066e-13,0.052862,0.046022
-6.0743e-13,0.052851,0.046111
-7.2592e-13,0.052837,0.046202
-8.3605e-13,0.05282,0.046297
-9.3779e-13,0.0528,0.046395
-1.0311e-12,0.052777,0.046496
-1.1161e-12,0.052752,0.0466
-1.1928e-12,0.052724,0.046706
-1.2613e-12,0.052693,0.046814
-1.3218e-12,0.052661,0.046924
-1.3743e-12,0.052626,0.047036
-1.419e-12,0.052589,0.04715
-1.4562e-12,0.05255,0.047264
-1.486e-12,0.052509,0.04738
-1.5087e-12,0.052467,0.047497
-1.5245e-12,0.052423,0.047615
-1.5337e-12,0.052378,0.047732
-1.5365e-12,0.052331,0.04785
-1.5333e-12,0.052284,0.047968
-1.5244e-12,0.052235,0.048086
-1.51e-12,0.052185,0.048203
-1.4904e-12,0.052135,0.048319
-1.466e-12,0.052084,0.048434
-1.4371e-12,0.052033,0.048548
-1.4041e-12,0.051981,0.04866
-1.3671e-12,0.051929,0.048771
-1.3266e-12,0.051876,0.048879
-1.283e-12,0.051824,0.048986
-1.2364e-12,0.051772,0.04909
-1.1872e-12,0.05172,0.049192
-1.1358e-12,0.051668,0.049291
-1.0824e-12,0.051617,0.049387
-1.0274e-12,0.051566,0.04948
-9.7094e-13,0.051515,0.049569
-9.1341e-13,0.051466,0.049656
-8.5507e-13,0.051417,0.049738
-7.9617e-13,0.051368,0.049817
-7.3696e-13,0.051321,0.049892
-6.777e-13,0.051274,0.049963
-6.186e-13,0.051228,0.050029
-5.5989e-13,0.051184,0.050092
-5.0178e-13,0.05114,0.05015
-4.4446e-13,0.051097,0.050203
-3.8812e-13,0.051056,0.050252
-3.3293e-13,0.051015,0.050297
-2.7905e-13,0.050976,0.050337
-2.2662e-13,0.050938,0.050372
-1.7577e-13,0.050902,0.050402
-1.2664e-13,0.050866,0.050428
-7.9322e-14,0.050832,0.050449
-3.392e-14,0.050799,0.050465
9.482e-15,0.050767,0.050477
5.0811e-14,0.050737,0.050484
9.0004e-14,0.050708,0.050486
1.2701e-13,0.050681,0.050484
1.6179e-13,0.050655,0.050477
1.9432e-13,0.05063,0.050466
2.2457e-13,0.050607,0.050451
2.5253e-13,0.050585,0.050432
2.7821e-13,0.050564,0.050408
3.0161e-13,0.050545,0.050381
3.2275e-13,0.050527,0.05035
3.4166e-13,0.050511,0.050315
3.5836e-13,0.050496,0.050278
3.7289e-13,0.050483,0.050236
3.8531e-13,0.050471,0.050192
3.9566e-13,0.050461,0.050145
4.04e-13,0.050452,0.050096
4.1039e-13,0.050445,0.050044
4.149e-13,0.050439,0.04999
4.176e-13,0.050435,0.049934
4.1856e-13,0.050432,0.049876
4.1786e-13,0.050431,0.049817
4.1559e-13,0.050431,0.049756
4.1182e-13,0.050433,0.049695
4.0664e-13,0.050437,0.049632
4.0014e-13,0.050442,0.049569
3.924e-13,0.050449,0.049506
3.8351e-13,0.050457,0.049443
3.7357e-13,0.050467,0.049379
3.6264e-13,0.050478,0.049316
3.5084e-13,0.050491,0.049254
3.3823e-13,0.050506,0.049192
3.2492e-13,0.050522,0.049131
3.1098e-13,0.050539,0.049071
2.9649e-13,0.050558,0.049012
2.8154e-13,0.050579,0.048955
2.6621e-13,0.050601,0.048899
2.5057e-13,0.050624,0.048845
2.347e-13,0.050648,0.048793
2.1867e-13,0.050674,0.048744
2.0255e-13,0.050701,0.048696
1.8641e-13,0.050729,0.04865
1.703e-13,0.050758,0.048607
1.543e-13,0.050789,0.048567
1.3845e-13,0.05082,0.048528
1.2281e-13,0.050852,0.048493
1.0744e-13,0.050884,0.04846
9.237e-14,0.050918,0.04843
7.7653e-14,0.050951,0.048403
6.3328e-14,0.050986,0.048379
4.9431e-14,0.05102,0.048358
3.5997e-14,0.051055,0.048339
2.3054e-14,0.05109,0.048324
1.063e-14,0.051125,0.048312
-1.2514e-15,0.051159,0.048302
-1.257e-14,0.051194,0.048296
-2.3309e-14,0.051228,0.048292
-3.3454e-14,0.051261,0.048292
-4.2994e-14,0.051293,0.048294
-5.192e-14,0.051325,0.048299
-6.0228e-14,0.051356,0.048308
-6.7913e-14,0.051386,0.048319
-7.4975e-14,0.051414,0.048333
-8.1417e-14,0.051441,0.048349
-8.7243e-14,0.051467,0.048369
-9.246e-14,0.051491,0.048391
-9.7075e-14,0.051513,0.048415
-1.011e-13,0.051534,0.048443
-1.0455e-13,0.051552,0.048473
-1.0743e-13,0.051569,0.048505
-1.0976e-13,0.051583,0.048539
-1.1156e-13,0.051595,0.048576
-1.1285e-13,0.051605,0.048615
-1.1364e-13,0.051612,0.048656
-1.1396e-13,0.051617,0.0487
-1.1382e-13,0.051619,0.048745
-1.1325e-13,0.051619,0.048792
-1.1227e-13,0.051616,0.048841
-1.1091e-13,0.05161,0.048891
-1.0918e-13,0.051602,0.048943
-1.0712e-13,0.051591,0.048997
-1.0473e-13,0.051577,0.049052
-1.0206e-13,0.05156,0.049108
-9.9122e-14,0.05154,0.049166
-9.5939e-14,0.051518,0.049224
-9.2536e-14,0.051493,0.049284
-8.8938e-14,0.051465,0.049344
-8.5166e-14,0.051434,0.049405
-8.1244e-14,0.051401,0.049467
-7.7195e-14,0.051365,0.049529
-7.3038e-14,0.051326,0.049592
-6.8797e-14,0.051285,0.049655
-6.449e-14,0.051242,0.049718
-6.0138e-14,0.051196,0.049781
-5.576e-14,0.051148,0.049844
-5.1373e-14,0.051097,0.049907
-4.6995e-14,0.051045,0.04997
-4.2643e-14,0.050991,0.050032
-3.8332e-14,0.050935,0.050094
-3.4076e-14,0.050877,0.050155
-2.989e-14,0.050818,0.050216
-2.5786e-14,0.050757,0.050275
-2.1777e-14,0.050696,0.050334
-1.7873e-14,0.050633,0.050391
-1.4085e-14,0.050569,0.050448
-1.042e-14,0.050504,0.050503
-6.8892e-15,0.050439,0.050556
-3.498e-15,0.050373,0.050609
-2.5333e-16,0.050307,0.050659
2.8392e-15,0.050241,0.050708
5.7749e-15,0.050175,0.050755
8.5498e-15,0.05011,0.0508
1.1161e-14,0.050044,0.050843
1.3606e-14,0.04998,0.050884
1.5883e-14,0.049916,0.050923
1.7992e-14,0.049853,0.050959
1.9933e-14,0.049791,0.050993
2.1705e-14,0.049731,0.051025
2.3311e-14,0.049672,0.051054
2.4751e-14,0.049615,0.051081
2.6029e-14,0.04956,0.051105
2.7146e-14,0.049506,0.051127
2.8107e-14,0.049455,0.051146
2.8916e-14,0.049406,0.051162
2.9575e-14,0.04936,0.051175
3.0091e-14,0.049315,0.051186
3.0467e-14,0.049274,0.051194
3.0709e-14,0.049236,0.0512
3.0824e-14,0.0492,0.051202
3.0815e-14,0.049167,0.051202
3.069e-14,0.049137,0.051199
3.0454e-14,0.049111,0.051194
3.0114e-14,0.049088,0.051185
2.9676e-14,0.049068,0.051175
2.9146e-14,0.049051,0.051161
2.8531e-14,0.049038,0.051145
2.7838e-14,0.049028,0.051127
2.7073e-14,0.049021,0.051107
2.6242e-14,0.049018,0.051084
2.5353e-14,0.049018,0.051059
2.441e-14,0.049022,0.051032
2.3421e-14,0.049029,0.051002
2.2392e-14,0.049039,0.050971
2.1328e-14,0.049052,0.050939
2.0236e-14,0.049069,0.050904
1.912e-14,0.049089,0.050868
1.7988e-14,0.049112,0.05083
1.6843e-14,0.049138,0.050791
1.569e-14,0.049166,0.050751
1.4536e-14,0.049198,0.05071
1.3384e-14,0.049232,0.050667
1.2239e-14,0.049268,0.050624
1.1104e-14,0.049307,0.05058
9.9837e-15,0.049348,0.050535
8.8819e-15,0.049391,0.05049
7.8016e-15,0.049437,0.050445
6.746e-15,0.049483,0.050399
5.718e-15,0.049532,0.050353
4.72e-15,0.049582,0.050307
3.7544e-15,0.049633,0.050262
2.8232e-15,0.049685,0.050216
1.9283e-15,0.049737,0.050171
1.0713e-15,0.049791,0.050126
2.5339e-16,0.049845,0.050082
-5.2426e-16,0.049899,0.050038
-1.2608e-15,0.049953,0.049995
-1.9556e-15,0.050008,0.049953
-2.6083e-15,0.050061,0.049912
-3.2185e-15,0.050115,0.049872
-3.7864e-15,0.050167,0.049833
-4.312e-15,0.050219,0.049795
-4.7958e-15,0.05027,0.049759
-5.2381e-15,0.050319,0.049723
-5.6397e-15,0.050367,0.049689
-6.0014e-15,0.050414,0.049656
-6.3242e-15,0.050458,0.049625
-6.609e-15,0.050501,0.049594
-6.8572e-15,0.050542,0.049566
-7.0699e-15,0.05058,0.049539
-7.2485e-15,0.050616,0.049513
-7.3946e-15,0.05065,0.049488
-7.5095e-15,0.050681,0.049466
-7.595e-15,0.05071,0.049444
-7.6527e-15,0.050735,0.049424
-7.6841e-15,0.050758,0.049405
-7.6911e-15,0.050778,0.049388
-7.6753e-15,0.050795,0.049372
-7.6384e-15,0.05081,0.049357
-7.5822e-15,0.050821,0.049343
-7.5083e-15,0.050829,0.049331
-7.4186e-15,0.050834,0.04932
-7.3145e-15,0.050836,0.049309
-7.1978e-15,0.050834,0.0493
-7.0699e-15,0.05083,0.049291
-6.9326e-15,0.050823,0.049283
-6.7871e-15,0.050813,0.049276
-6.635e-15,0.0508,0.049269
-6.4776e-15,0.050784,0.049263
-6.3161e-15,0.050766,0.049257
-6.1518e-15,0.050745,0.049251
-5.9857e-15,0.050721,0.049246
-5.8188e-15,0.050695,0.04924
-5.6522e-15,0.050666,0.049235
-5.4866e-15,0.050635,0.049229
-5.3228e-15,0.050602,0.049224
-5.1614e-15,0.050567,0.049218
-5.003e-15,0.050531,0.049211
-4.8481e-15,0.050492,0.049204
-4.6969e-15,0.050452,0.049197
-4.5499e-15,0.05041,0.049188
-4.407e-15,0.050367,0.04918
-4.2685e-15,0.050323,0.04917
-4.1343e-15,0.050278,0.049159
-4.0043e-15,0.050233,0.049148
-3.8782e-15,0.050186,0.049135
-3.7559e-15,0.050139,0.049122
-3.6369e-15,0.050092,0.049108
-3.5208e-15,0.050045,0.049092
-3.4071e-15,0.049997,0.049076
-3.2951e-15,0.04995,0.049058
-3.1844e-15,0.049903,0.04904
-3.0741e-15,0.049857,0.04902
-2.9634e-15,0.049811,0.049
-2.8517e-15,0.049766,0.048978
-2.7381e-15,0.049722,0.048955
-2.6216e-15,0.049679,0.048932
-2.5014e-15,0.049638,0.048908
-2.3765e-15,0.049597,0.048883
-2.2461e-15,0.049558,0.048857
-2.1092e-15,0.049521,0.048831
-1.9647e-15,0.049486,0.048804
-1.812e-15,0.049452,0.048776
-1.6499e-15,0.049421,0.048749
-1.4776e-15,0.049391,0.048721
-1.2942e-15,0.049364,0.048692
-1.099e-15,0.049339,0.048664
-8.9111e-16,0.049316,0.048636
-6.6987e-16,0.049295,0.048608
-4.3459e-16,0.049277,0.048581
-1.8469e-16,0.049262,0.048554
8.0349e-17,0.049249,0.048527
3.6096e-16,0.049238,0.048501
6.575e-16,0.04923,0.048476
9.7022e-16,0.049225,0.048452
1.2993e-15,0.049222,0.048429
1.6447e-15,0.049222,0.048407
2.0064e-15,0.049224,0.048387
2.3843e-15,0.049229,0.048368
2.7779e-15,0.049236,0.04835
3.187e-15,0.049246,0.048334
3.6109e-15,0.049259,0.04832
4.0489e-15,0.049273,0.048308
4.5003e-15,0.04929,0.048298
4.964e-15,0.049309,0.04829
5.4389e-15,0.049331,0.048284
5.9239e-15,0.049354,0.048281
6.4175e-15,0.04938,0.04828
6.9182e-15,0.049407,0.048281
7.4243e-15,0.049436,0.048285
7.934e-15,0.049467,0.048291
8.4454e-15,0.049499,0.0483
8.9564e-15,0.049533,0.048312
9.4649e-15,0.049567,0.048326
9.9685e-15,0.049604,0.048344
1.0465e-14,0.049641,0.048364
1.0951e-14,0.049679,0.048386
1.1425e-14,0.049717,0.048412
1.1883e-14,0.049757,0.04844
1.2323e-14,0.049797,0.048472
1.2742e-14,0.049837,0.048506
1.3137e-14,0.049877,0.048543
1.3504e-14,0.049917,0.048582
1.3842e-14,0.049957,0.048625
1.4145e-14,0.049997,0.04867
1.4412e-14,0.050036,0.048718
1.4639e-14,0.050075,0.048769
1.4822e-14,0.050113,0.048822
1.496e-14,0.05015,0.048878
1.5047e-14,0.050186,0.048937
1.5082e-14,0.050221,0.048998
1.5061e-14,0.050255,0.049062
1.4982e-14,0.050287,0.049128
1.484e-14,0.050318,0.049196
1.4634e-14,0.050347,0.049266
1.4361e-14,0.050375,0.049339
1.4019e-14,0.0504,0.049414
1.3604e-14,0.050424,0.049491
1.3115e-14,0.050446,0.04957
1.255e-14,0.050465,0.049651
1.1907e-14,0.050483,0.049734
1.1185e-14,0.050498,0.049819
1.0382e-14,0.050511,0.049905
9.4972e-15,0.050522,0.049993
8.5303e-15,0.05053,0.050082
7.4808e-15,0.050535,0.050173
6.3486e-15,0.050539,0.050265
5.1341e-15,0.050539,0.050358
3.8378e-15,0.050537,0.050452
2.4609e-15,0.050533,0.050548
1.0047e-15,0.050525,0.050644
-5.2877e-16,0.050516,0.050741
-2.1374e-15,0.050503,0.050839
-3.8184e-15,0.050488,0.050938
-5.5688e-15,0.05047,0.051037
-7.3848e-15,0.05045,0.051136
-9.2626e-15,0.050426,0.051236
-1.1198e-14,0.050401,0.051336
-1.3185e-14,0.050372,0.051435
-1.5219e-14,0.050341,0.051535
-1.7294e-14,0.050308,0.051635
-1.9404e-14,0.050271,0.051735
-2.1541e-14,0.050233,0.051834
-2.3699e-14,0.050191,0.051933
-2.587e-14,0.050148,0.052031
-2.8045e-14,0.050101,0.052128
-3.0217e-14,0.050053,0.052225
-3.2375e-14,0.050002,0.052321
-3.4511e-14,0.049948,0.052416
-3.6615e-14,0.049893,0.052511
-3.8677e-14,0.049835,0.052604
-4.0686e-14,0.049775,0.052696
-4.2632e-14,0.049713,0.052787
-4.4503e-14,0.049649,0.052877
-4.6288e-14,0.049583,0.052965
-4.7975e-14,0.049515,0.053052
-4.9553e-14,0.049445,0.053138
-5.1011e-14,0.049373,0.053222
-5.2335e-14,0.0493,0.053304
-5.3515e-14,0.049226,0.053385
-5.4537e-14,0.04915,0.053465
-5.5391e-14,0.049072,0.053543
-5.6064e-14,0.048993,0.053619
-5.6545e-14,0.048914,0.053694
-5.6822e-14,0.048833,0.053766
-5.6883e-14,0.048752,0.053838
-5.6719e-14,0.048669,0.053907
-5.6317e-14,0.048587,0.053975
-5.5669e-14,0.048504,0.05404
-5.4765e-14,0.04842,0.054104
-5.3595e-14,0.048337,0.054167
-5.2151e-14,0.048254,0.054227
-5.0425e-14,0.048171,0.054286
-4.8411e-14,0.048088,0.054342
-4.6102e-14,0.048007,0.054397
-4.3494e-14,0.047926,0.054451
-4.058e-14,0.047846,0.054502
-3.736e-14,0.047767,0.054551
-3.3829e-14,0.047689,0.054599
-2.9988e-14,0.047614,0.054645
-2.5836e-14,0.04754,0.054689
-2.1375e-14,0.047468,0.054731
-1.6608e-14,0.047398,0.054771
-1.1538e-14,0.047331,0.054809
-6.1717e-15,0.047266,0.054846
-5.1576e-16,0.047205,0.054881
5.4213e-15,0.047146,0.054913
1.1629e-14,0.04709,0.054944
1.8096e-14,0.047038,0.054973
2.4809e-14,0.04699,0.055
3.1753e-14,0.046945,0.055025
3.8911e-14,0.046905,0.055048
4.6265e-14,0.046868,0.055069
5.3794e-14,0.046836,0.055088
6.1477e-14,0.046808,0.055105
6.9291e-14,0.046785,0.055121
7.721e-14,0.046767,0.055133
8.5207e-14,0.046754,0.055144
9.3254e-14,0.046745,0.055153
1.0132e-13,0.046742,0.05516
1.0938e-13,0.046744,0.055164
1.1739e-13,0.046752,0.055166
1.2532e-13,0.046765,0.055166
1.3313e-13,0.046783,0.055164
1.4079e-13,0.046807,0.05516
1.4826e-13,0.046836,0.055153
1.555e-13,0.04687,0.055144
1.6247e-13,0.04691,0.055132
1.6912e-13,0.046956,0.055118
1.7542e-13,0.047007,0.055102
1.8132e-13,0.047063,0.055083
1.8678e-13,0.047124,0.055062
1.9175e-13,0.047191,0.055039
1.9619e-13,0.047262,0.055013
2.0006e-13,0.047339,0.054985
2.033e-13,0.04742,0.054954
2.0589e-13,0.047505,0.054921
2.0777e-13,0.047595,0.054885
2.0891e-13,0.04769,0.054848
2.0925e-13,0.047788,0.054808
2.0877e-13,0.04789,0.054766
2.0742e-13,0.047995,0.054721
2.0516e-13,0.048104,0.054675
2.0197e-13,0.048216,0.054626
1.978e-13,0.04833,0.054575
1.9262e-13,0.048447,0.054523
1.8641e-13,0.048566,0.054468
1.7914e-13,0.048688,0.054412
1.7079e-13,0.04881,0.054354
1.6134e-13,0.048934,0.054295
1.5077e-13,0.049059,0.054234
1.3907e-13,0.049185,0.054171
1.2623e-13,0.049311,0.054108
1.1225e-13,0.049437,0.054043
9.7124e-14,0.049563,0.053978
8.0862e-14,0.049689,0.053911
6.3473e-14,0.049814,0.053844
4.497e-14,0.049937,0.053777
2.5374e-14,0.050059,0.053709
4.711e-15,0.05018,0.05364
-1.6989e-14,0.050298,0.053572
-3.9689e-14,0.050414,0.053504
-6.3346e-14,0.050528,0.053436
-8.7913e-14,0.050639,0.053368
-1.1333e-13,0.050746,0.053301
-1.3955e-13,0.050851,0.053235
-1.6649e-13,0.050952,0.05317
-1.9408e-13,0.051049,0.053106
-2.2225e-13,0.051142,0.053043
-2.5091e-13,0.051231,0.052982
-2.7996e-13,0.051316,0.052922
-3.0932e-13,0.051396,0.052864
-3.3886e-13,0.051471,0.052808
-3.6849e-13,0.051542,0.052754
-3.981e-13,0.051607,0.052702
-4.2755e-13,0.051668,0.052653
-4.5672e-13,0.051724,0.052606
-4.8548e-13,0.051774,0.052562
-5.1369e-13,0.051819,0.052521
-5.4122e-13,0.051858,0.052483
-5.6791e-13,0.051892,0.052448
-5.9362e-13,0.051921,0.052416
-6.182e-13,0.051944,0.052388
-6.4148e-13,0.051962,0.052363
-6.6332e-13,0.051974,0.052341
-6.8356e-13,0.051981,0.052324
-7.0202e-13,0.051983,0.05231
-7.1856e-13,0.051979,0.0523
-7.33e-13,0.05197,0.052293
-7.452e-13,0.051955,0.052291
-7.5498e-13,0.051936,0.052292
-7.6218e-13,0.051912,0.052298
-7.6667e-13,0.051882,0.052308
-7.6827e-13,0.051848,0.052321
-7.6684e-13,0.05181,0.052339
-7.6224e-13,0.051767,0.052361
-7.5434e-13,0.051719,0.052387
-7.4299e-13,0.051668,0.052416
-7.2809e-13,0.051612,0.05245
-7.095e-13,0.051553,0.052488
-6.8713e-13,0.05149,0.052529
-6.6088e-13,0.051424,0.052574
-6.3066e-13,0.051354,0.052623
-5.9641e-13,0.051282,0.052675
-5.5806e-13,0.051207,0.052731
-5.1556e-13,0.051129,0.05279
-4.6888e-13,0.051049,0.052852
-4.1802e-13,0.050967,0.052918
-3.6295e-13,0.050883,0.052986
-3.0371e-13,0.050797,0.053057
-2.4032e-13,0.05071,0.053131
-1.7284e-13,0.050622,0.053207
-1.0133e-13,0.050533,0.053286
-2.59e-14,0.050443,0.053366
5.3354e-14,0.050353,0.053449
1.3629e-13,0.050263,0.053534
2.2277e-13,0.050173,0.05362
3.126e-13,0.050083,0.053707
4.0559e-13,0.049993,0.053796
5.0152e-13,0.049905,0.053886
6.0014e-13,0.049818,0.053977
7.012e-13,0.049732,0.054069
8.0439e-13,0.049647,0.054161
9.0941e-13,0.049564,0.054254
1.0159e-12,0.049483,0.054346
1.1236e-12,0.049404,0.054439
1.232e-12,0.049328,0.054532
1.3408e-12,0.049254,0.054624
1.4495e-12,0.049183,0.054716
1.5577e-12,0.049115,0.054807
1.6649e-12,0.04905,0.054897
1.7707e-12,0.048988,0.054987
1.8745e-12,0.048929,0.055075
1.9758e-12,0.048874,0.055162
2.0742e-12,0.048823,0.055248
2.169e-12,0.048775,0.055332
2.2597e-12,0.048732,0.055415
2.3457e-12,0.048692,0.055496
2.4265e-12,0.048656,0.055575
2.5015e-12,0.048625,0.055652
2.57e-12,0.048598,0.055727
2.6315e-12,0.048575,0.0558
2.6854e-12,0.048556,0.05587
2.7311e-12,0.048541,0.055939
2.768e-12,0.048531,0.056005
2.7955e-12,0.048525,0.056068
2.8131e-12,0.048524,0.05613
2.8201e-12,0.048527,0.056188
2.8162e-12,0.048534,0.056244
2.8006e-12,0.048545,0.056298
2.7729e-12,0.048561,0.056349
2.7327e-12,0.04858,0.056397
2.6794e-12,0.048604,0.056443
2.6127e-12,0.048631,0.056486
2.5321e-12,0.048662,0.056527
2.4373e-12,0.048697,0.056564
2.328e-12,0.048736,0.0566
2.2038e-12,0.048778,0.056632
2.0647e-12,0.048823,0.056662
1.9104e-12,0.048872,0.05669
1.7407e-12,0.048923,0.056714
1.5557e-12,0.048978,0.056737
1.3552e-12,0.049035,0.056757
1.1394e-12,0.049094,0.056774
9.0837e-13,0.049156,0.056789
6.6228e-13,0.04922,0.056801
4.0139e-13,0.049285,0.056811
1.2604e-13,0.049353,0.056818
-1.6339e-13,0.049422,0.056824
-4.664e-13,0.049492,0.056826
-7.8245e-13,0.049563,0.056827
-1.1109e-12,0.049635,0.056825
-1.451e-12,0.049707,0.056821
-1.802e-12,0.04978,0.056815
-2.163e-12,0.049853,0.056806
-2.5331e-12,0.049926,0.056795
-2.9111e-12,0.049998,0.056782
-3.2959e-12,0.05007,0.056767
-3.6864e-12,0.050141,0.05675
-4.0812e-12,0.050211,0.05673
-4.479e-12,0.05028,0.056709
-4.8782e-12,0.050348,0.056685
-5.2773e-12,0.050413,0.056659
-5.6748e-12,0.050477,0.056632
-6.0689e-12,0.050539,0.056602
-6.4578e-12,0.050598,0.05657
-6.8398e-12,0.050655,0.056536
-7.2129e-12,0.05071,0.0565
-7.5753e-12,0.050762,0.056463
-7.9248e-12,0.05081,0.056423
-8.2595e-12,0.050856,0.056382
-8.5773e-12,0.050899,0.056338
-8.8761e-12,0.050938,0.056293
-9.1537e-12,0.050974,0.056247
-9.4079e-12,0.051006,0.056198
-9.6366e-12,0.051035,0.056148
-9.8376e-12,0.05106,0.056096
-1.0009e-11,0.051082,0.056043
-1.0148e-11,0.051099,0.055988
-1.0253e-11,0.051113,0.055932
-1.0321e-11,0.051123,0.055875
-1.0352e-11,0.05113,0.055816
-1.0341e-11,0.051133,0.055756
-1.0289e-11,0.051131,0.055695
-1.0192e-11,0.051127,0.055633
-1.005e-11,0.051118,0.05557
-9.8595e-12,0.051106,0.055506
-9.62e-12,0.05109,0.055441
-9.3298e-12,0.051071,0.055376
-8.9876e-12,0.051048,0.05531
-8.5921e-12,0.051023,0.055243
-8.1425e-12,0.050994,0.055177
-7.6378e-12,0.050962,0.05511
-7.0774e-12,0.050927,0.055043
-6.4608e-12,0.050889,0.054975
-5.7876e-12,0.050849,0.054908
-5.0579e-12,0.050806,0.054842
-4.2719e-12,0.05076,0.054775
-3.4298e-12,0.050713,0.054709
-2.5325e-12,0.050663,0.054644
-1.5806e-12,0.050612,0.054579
-5.7558e-13,0.050559,0.054516
4.813e-13,0.050504,0.054453
1.5883e-12,0.050448,0.054392
2.7433e-12,0.050391,0.054331
3.9442e-12,0.050332,0.054272
5.1882e-12,0.050273,0.054215
6.4725e-12,0.050213,0.054159
7.7939e-12,0.050152,0.054106
9.1488e-12,0.050091,0.054054
1.0533e-11,0.050029,0.054004
1.1944e-11,0.049968,0.053956
1.3375e-11,0.049906,0.05391
1.4823e-11,0.049844,0.053867
1.6282e-11,0.049783,0.053826
1.7747e-11,0.049722,0.053788
1.9213e-11,0.049662,0.053752
2.0673e-11,0.049602,0.053719
2.2121e-11,0.049543,0.053689
2.3551e-11,0.049484,0.053662
2.4956e-11,0.049427,0.053637
2.633e-11,0.04937,0.053616
2.7665e-11,0.049315,0.053597
2.8953e-11,0.04926,0.053581
3.0189e-11,0.049207,0.053569
3.1362e-11,0.049155,0.053559
3.2467e-11,0.049105,0.053553
3.3495e-11,0.049056,0.053549
3.4438e-11,0.049008,0.053548
3.5288e-11,0.048962,0.053551
3.6037e-11,0.048917,0.053556
3.6678e-11,0.048874,0.053564
3.7202e-11,0.048832,0.053575
3.7601e-11,0.048792,0.053589
3.7868e-11,0.048754,0.053606
3.7994e-11,0.048717,0.053626
3.7974e-11,0.048682,0.053648
3.7799e-11,0.048648,0.053672
3.7462e-11,0.048616,0.053699
3.6957e-11,0.048585,0.053729
3.6278e-11,0.048557,0.05376
3.5419e-11,0.048529,0.053794
3.4374e-11,0.048504,0.05383
3.3139e-11,0.04848,0.053868
3.1709e-11,0.048457,0.053908
3.008e-11,0.048436,0.053949
2.825e-11,0.048416,0.053992
2.6215e-11,0.048398,0.054037
2.3974e-11,0.048381,0.054083
2.1526e-11,0.048366,0.05413
1.887e-11,0.048351,0.054179
1.6007e-11,0.048338,0.054228
1.2938e-11,0.048326,0.054279
9.6658e-12,0.048316,0.05433
6.1935e-12,0.048306,0.054382
2.5251e-12,0.048298,0.054434
-1.3341e-12,0.04829,0.054488
-5.378e-12,0.048284,0.054541
-9.5992e-12,0.048278,0.054595
-1.3989e-11,0.048273,0.054648
-1.8539e-11,0.048269,0.054702
-2.3238e-11,0.048266,0.054756
-2.8075e-11,0.048263,0.05481
-3.3036e-11,0.048261,0.054863
-3.8107e-11,0.048259,0.054917
-4.3275e-11,0.048258,0.054969
-4.8522e-11,0.048257,0.055022
-5.383e-11,0.048257,0.055074
-5.9183e-11,0.048257,0.055125
-6.456e-11,0.048257,0.055175
-6.9941e-11,0.048257,0.055225
-7.5303e-11,0.048258,0.055275
-8.0626e-11,0.048258,0.055323
-8.5884e-11,0.048259,0.055371
-9.1054e-11,0.04826,0.055418
-9.6111e-11,0.04826,0.055464
-1.0103e-10,0.048261,0.055509
-1.0578e-10,0.048261,0.055553
-1.1033e-10,0.048261,0.055597
-1.1467e-10,0.048261,0.05564
-1.1875e-10,0.048261,0.055682
-1.2256e-10,0.048261,0.055723
-1.2606e-10,0.04826,0.055764
-1.2922e-10,0.048259,0.055804
-1.3201e-10,0.048258,0.055843
-1.344e-10,0.048257,0.055882
-1.3638e-10,0.048255,0.055921
-1.3789e-10,0.048253,0.055959
-1.3893e-10,0.048251,0.055997
-1.3945e-10,0.048248,0.056035
-1.3943e-10,0.048245,0.056073
-1.3885e-10,0.048242,0.05611
-1.3768e-10,0.048239,0.056148
-1.359e-10,0.048236,0.056186
-1.3348e-10,0.048232,0.056224
-1.304e-10,0.048228,0.056263
-1.2664e-10,0.048224,0.056302
-1.2218e-10,0.04822,0.056342
-1.1701e-10,0.048216,0.056382
-1.1111e-10,0.048211,0.056423
-1.0447e-10,0.048207,0.056465
-9.7085e-11,0.048203,0.056507
-8.8941e-11,0.048199,0.056551
-8.0037e-11,0.048195,0.056596
-7.037e-11,0.048192,0.056642
-5.9943e-11,0.048188,0.056689
-4.876e-11,0.048185,0.056737
-3.683e-11,0.048182,0.056786
-2.4163e-11,0.04818,0.056837
-1.0774e-11,0.048178,0.056889
3.3172e-12,0.048176,0.056942
1.8089e-11,0.048175,0.056996
3.3515e-11,0.048175,0.057052
4.9565e-11,0.048175,0.057109
6.6205e-11,0.048175,0.057167
8.3397e-11,0.048177,0.057226
1.011e-10,0.048178,0.057287
1.1926e-10,0.048181,0.057348
1.3784e-10,0.048184,0.057411
1.5677e-10,0.048188,0.057474
1.76e-10,0.048193,0.057538
1.9547e-10,0.048199,0.057603
2.151e-10,0.048205,0.057669
2.3484e-10,0.048212,0.057735
2.5459e-10,0.04822,0.057801
2.7429e-10,0.048228,0.057868
2.9385e-10,0.048237,0.057934
3.1318e-10,0.048247,0.058001
3.322e-10,0.048258,0.058068
3.5081e-10,0.04827,0.058134
3.6892e-10,0.048282,0.058201
3.8643e-10,0.048294,0.058266
4.0324e-10,0.048308,0.058331
4.1924e-10,0.048321,0.058395
4.3434e-10,0.048336,0.058458
4.4843e-10,0.048351,0.05852
4.6139e-10,0.048366,0.058581
4.7313e-10,0.048382,0.058641
4.8354e-10,0.048398,0.058699
4.925e-10,0.048414,0.058755
4.9991e-10,0.04843,0.05881
5.0566e-10,0.048447,0.058862
5.0966e-10,0.048464,0.058913
5.1178e-10,0.048481,0.058962
5.1195e-10,0.048497,0.059008
5.1005e-10,0.048514,0.059052
5.06e-10,0.048531,0.059093
4.997e-10,0.048547,0.059132
4.9106e-10,0.048563,0.059168
4.8002e-10,0.048579,0.059201
4.665e-10,0.048594,0.059231
4.5042e-10,0.048609,0.059259
4.3173e-10,0.048623,0.059283
4.1037e-10,0.048637,0.059304
3.863e-10,0.04865,0.059322
3.5948e-10,0.048663,0.059337
3.2989e-10,0.048674,0.059348
2.9751e-10,0.048685,0.059356
2.6233e-10,0.048695,0.05936
2.2436e-10,0.048704,0.059361
1.8361e-10,0.048712,0.059359
1.4011e-10,0.048718,0.059353
9.3905e-11,0.048724,0.059343
4.5043e-11,0.048729,0.05933
-6.4063e-12,0.048733,0.059313
-6.0364e-11,0.048736,0.059293
-1.1673e-10,0.048737,0.059269
-1.7541e-10,0.048737,0.059241
-2.3626e-10,0.048737,0.05921
-2.9916e-10,0.048735,0.059175
-3.6394e-10,0.048732,0.059136
-4.3044e-10,0.048727,0.059094
-4.9847e-10,0.048722,0.059049
-5.6784e-10,0.048716,0.059
-6.3833e-10,0.048708,0.058948
-7.0971e-10,0.0487,0.058892
-7.8173e-10,0.04869,0.058833
-8.5414e-10,0.048679,0.058771
-9.2666e-10,0.048668,0.058706
-9.99e-10,0.048655,0.058637
-1.0709e-09,0.048642,0.058566
-1.1419e-09,0.048627,0.058492
-1.2119e-09,0.048612,0.058414
-1.2804e-09,0.048596,0.058335
-1.3471e-09,0.04858,0.058252
-1.4116e-09,0.048562,0.058167
-1.4736e-09,0.048544,0.058079
-1.5327e-09,0.048526,0.057989
-1.5885e-09,0.048507,0.057897
-1.6407e-09,0.048487,0.057803
-1.6887e-09,0.048467,0.057707
-1.7323e-09,0.048447,0.057609
-1.7711e-09,0.048426,0.057509
-1.8046e-09,0.048405,0.057408
-1.8324e-09,0.048384,0.057305
-1.8542e-09,0.048363,0.0572
-1.8696e-09,0.048341,0.057095
-1.8782e-09,0.04832,0.056988
-1.8796e-09,0.048298,0.056881
-1.8735e-09,0.048276,0.056772
-1.8595e-09,0.048255,0.056663
-1.8373e-09,0.048233,0.056553
-1.8065e-09,0.048211,0.056443
-1.767e-09,0.04819,0.056332
-1.7183e-09,0.048168,0.056221
-1.6603e-09,0.048147,0.05611
-1.5928e-09,0.048126,0.055999
-1.5155e-09,0.048105,0.055888
-1.4282e-09,0.048084,0.055778
-1.3309e-09,0.048063,0.055668
-1.2234e-09,0.048043,0.055558
-1.1056e-09,0.048023,0.055449
-9.776e-10,0.048003,0.055341
-8.3932e-10,0.047983,0.055233
-6.9084e-10,0.047964,0.055126
-5.3226e-10,0.047945,0.055021
-3.6372e-10,0.047926,0.054917
-1.8541e-10,0.047907,0.054814
2.4334e-12,0.047888,0.054712
1.9952e-10,0.04787,0.054612
4.0549e-10,0.047851,0.054513
6.1998e-10,0.047833,0.054416
8.4251e-10,0.047815,0.054321
1.0726e-09,0.047797,0.054228
1.3097e-09,0.047779,0.054137
1.5531e-09,0.047761,0.054048
1.8023e-09,0.047743,0.053961
2.0565e-09,0.047725,0.053877
2.3148e-09,0.047707,0.053795
2.5765e-09,0.047689,0.053715
2.8407e-09,0.047671,0.053638
3.1064e-09,0.047653,0.053564
3.3726e-09,0.047634,0.053493
3.6383e-09,0.047616,0.053425
3.9023e-09,0.047597,0.05336
4.1636e-09,0.047578,0.053298
4.4209e-09,0.04756,0.05324
4.673e-09,0.04754,0.053185
4.9187e-09,0.047521,0.053133
5.1565e-09,0.047502,0.053085
5.3852e-09,0.047482,0.053041
5.6034e-09,0.047463,0.053001
5.8096e-09,0.047443,0.052964
6.0025e-09,0.047423,0.052932
6.1807e-09,0.047403,0.052904
6.3426e-09,0.047382,0.05288
6.4869e-09,0.047362,0.05286
6.612e-09,0.047342,0.052845
6.7165e-09,0.047322,0.052835
6.7991e-09,0.047302,0.052829
6.8582e-09,0.047282,0.052827
6.8925e-09,0.047262,0.052831
6.9006e-09,0.047243,0.052839
6.8812e-09,0.047224,0.052852
6.833e-09,0.047205,0.05287
6.7548e-09,0.047187,0.052893
6.6455e-09,0.047169,0.05292
6.5039e-09,0.047152,0.052953
6.329e-09,0.047136,0.05299
6.1199e-09,0.04712,0.053033
5.8758e-09,0.047106,0.05308
5.5959e-09,0.047093,0.053132
5.2796e-09,0.047081,0.053189
4.9263e-09,0.04707,0.053251
4.5358e-09,0.04706,0.053317
4.1077e-09,0.047052,0.053388
3.6418e-09,0.047046,0.053463
3.1384e-09,0.047041,0.053543
2.5974e-09,0.047039,0.053627
2.0193e-09,0.047038,0.053715
1.4046e-09,0.04704,0.053806
7.539e-10,0.047044,0.053902
6.8137e-11,0.04705,0.054001
-6.5167e-10,0.047059,0.054103
-1.4043e-09,0.04707,0.054208
-2.1883e-09,0.047084,0.054316
-3.002e-09,0.047101,0.054427
-3.8437e-09,0.04712,0.05454
-4.7113e-09,0.047143,0.054654
-5.6025e-09,0.047169,0.054771
-6.515e-09,0.047197,0.054888
-7.4461e-09,0.047229,0.055007
-8.3929e-09,0.047264,0.055126
-9.3524e-09,0.047303,0.055245
-1.0321e-08,0.047344,0.055365
-1.1296e-08,0.047389,0.055484
-1.2273e-08,0.047437,0.055602
-1.3249e-08,0.047488,0.055718
-1.4219e-08,0.047542,0.055834
-1.518e-08,0.047599,0.055947
-1.6126e-08,0.047659,0.056058
-1.7054e-08,0.047722,0.056166
-1.7958e-08,0.047788,0.056271
-1.8834e-08,0.047856,0.056373
-1.9678e-08,0.047927,0.056471
-2.0483e-08,0.048,0.056565
-2.1245e-08,0.048075,0.056654
-2.1959e-08,0.048152,0.056739
-2.2619e-08,0.04823,0.056818
-2.322e-08,0.04831,0.056892
-2.3757e-08,0.048391,0.056961
-2.4224e-08,0.048473,0.057024
-2.4616e-08,0.048555,0.05708
-2.4928e-08,0.048638,0.057131
-2.5155e-08,0.048721,0.057175
-2.5291e-08,0.048804,0.057213
-2.5331e-08,0.048886,0.057243
-2.5271e-08,0.048967,0.057267
-2.5106e-08,0.049047,0.057285
-2.4831e-08,0.049125,0.057295
-2.4442e-08,0.049202,0.057298
-2.3935e-08,0.049276,0.057295
-2.3307e-08,0.049348,0.057284
-2.2553e-08,0.049418,0.057267
-2.1671e-08,0.049484,0.057243
-2.0657e-08,0.049548,0.057213
-1.9511e-08,0.049607,0.057176
-1.8229e-08,0.049663,0.057132
-1.681e-08,0.049716,0.057083
-1.5253e-08,0.049764,0.057027
-1.3558e-08,0.049807,0.056966
-1.1725e-08,0.049846,0.0569
-9.7536e-09,0.04988,0.056828
-7.6461e-09,0.04991,0.056752
-5.4037e-09,0.049934,0.05667
-3.0292e-09,0.049953,0.056585
-5.2537e-10,0.049967,0.056496
2.1038e-09,0.049976,0.056403
4.854e-09,0.04998,0.056307
7.72e-09,0.049978,0.056208
1.0696e-08,0.049971,0.056107
1.3775e-08,0.049958,0.056003
1.695e-08,0.049941,0.055898
2.0213e-08,0.049918,0.055792
2.3555e-08,0.04989,0.055685
2.6967e-08,0.049857,0.055577
3.0437e-08,0.049819,0.055469
3.3955e-08,0.049777,0.055361
3.7509e-08,0.04973,0.055254
4.1087e-08,0.049678,0.055148
4.4674e-08,0.049623,0.055044
4.8257e-08,0.049563,0.054941
5.1822e-08,0.0495,0.054841
5.5353e-08,0.049433,0.054742
5.8834e-08,0.049363,0.054647
6.2248e-08,0.04929,0.054555
6.5579e-08,0.049215,0.054466
6.8809e-08,0.049137,0.05438
7.1919e-08,0.049056,0.054299
7.4892e-08,0.048974,0.054221
7.7709e-08,0.048891,0.054149
8.035e-08,0.048806,0.05408
8.2796e-08,0.04872,0.054017
8.5028e-08,0.048634,0.053958
8.7025e-08,0.048547,0.053904
8.877e-08,0.04846,0.053856
9.0241e-08,0.048374,0.053813
9.142e-08,0.048287,0.053775
9.2287e-08,0.048202,0.053742
9.2824e-08,0.048117,0.053715
9.3012e-08,0.048034,0.053694
9.2833e-08,0.047952,0.053678
9.227e-08,0.047872,0.053667
9.1306e-08,0.047794,0.053662
8.9925e-08,0.047717,0.053662
8.8113e-08,0.047643,0.053668
8.5855e-08,0.047572,0.053679
8.3139e-08,0.047503,0.053695
7.9952e-08,0.047437,0.053715
7.6286e-08,0.047374,0.053741
7.213e-08,0.047314,0.053771
6.7478e-08,0.047257,0.053806
6.2325e-08,0.047203,0.053846
5.6665e-08,0.047153,0.053889
5.0497e-08,0.047105,0.053937
4.3821e-08,0.047062,0.053988
3.6639e-08,0.047021,0.054044
2.8956e-08,0.046985,0.054102
2.0776e-08,0.046951,0.054164
1.211e-08,0.046921,0.05423
2.9676e-09,0.046895,0.054298
-6.6371e-09,0.046872,0.054368
-1.6688e-08,0.046852,0.054442
-2.7167e-08,0.046836,0.054517
-3.8052e-08,0.046823,0.054595
-4.932e-08,0.046813,0.054674
-6.0944e-08,0.046807,0.054756
-7.2894e-08,0.046803,0.054839
-8.5138e-08,0.046803,0.054923
-9.7641e-08,0.046805,0.055008
-1.1037e-07,0.046811,0.055095
-1.2327e-07,0.046819,0.055182
-1.3631e-07,0.046829,0.05527
-1.4945e-07,0.046843,0.055359
-1.6263e-07,0.046858,0.055448
-1.758e-07,0.046876,0.055538
-1.8891e-07,0.046896,0.055627
-2.019e-07,0.046918,0.055717
-2.1472e-07,0.046942,0.055806
-2.273e-07,0.046968,0.055896
-2.3958e-07,0.046996,0.055985
-2.515e-07,0.047025,0.056073
-2.6299e-07,0.047056,0.056162
-2.7398e-07,0.047088,0.056249
-2.8441e-07,0.047121,0.056336
-2.9421e-07,0.047155,0.056422
-3.033e-07,0.047191,0.056508
-3.1161e-07,0.047227,0.056592
-3.1908e-07,0.047263,0.056676
-3.2562e-07,0.047301,0.056759
-3.3118e-07,0.047338,0.056841
-3.3567e-07,0.047377,0.056922
-3.3903e-07,0.047415,0.057002
-3.4118e-07,0.047454,0.05708
-3.4207e-07,0.047492,0.057158
-3.4162e-07,0.047531,0.057234
-3.3977e-07,0.047569,0.057309
-3.3646e-07,0.047607,0.057383
-3.3163e-07,0.047644,0.057456
-3.2523e-07,0.047681,0.057528
-3.172e-07,0.047718,0.057598
-3.075e-07,0.047753,0.057667
-2.9608e-07,0.047788,0.057735
-2.8292e-07,0.047822,0.057801
-2.6796e-07,0.047855,0.057866
-2.512e-07,0.047887,0.05793
-2.326e-07,0.047918,0.057992
-2.1215e-07,0.047947,0.058053
-1.8984e-07,0.047976,0.058113
-1.6568e-07,0.048003,0.058171
-1.3967e-07,0.048028,0.058228
-1.1182e-07,0.048052,0.058284
-8.2162e-08,0.048075,0.058338
-5.0721e-08,0.048096,0.05839
-1.7539e-08,0.048115,0.058442
1.7336e-08,0.048133,0.058491
5.3844e-08,0.048149,0.05854
9.1918e-08,0.048163,0.058586
1.3148e-07,0.048176,0.058632
1.7244e-07,0.048186,0.058675
2.1471e-07,0.048195,0.058718
2.5817e-07,0.048202,0.058758
3.0271e-07,0.048207,0.058797
3.482e-07,0.048211,0.058835
3.945e-07,0.048212,0.058871
4.4147e-07,0.048211,0.058905
4.8894e-07,0.048209,0.058938
5.3675e-07,0.048205,0.058969
5.8471e-07,0.048199,0.058998
6.3265e-07,0.048191,0.059026
6.8037e-07,0.048181,0.059052
7.2765e-07,0.04817,0.059076
7.7429e-07,0.048156,0.059098
8.2007e-07,0.048141,0.059119
8.6476e-07,0.048124,0.059138
9.0811e-07,0.048106,0.059155
9.499e-07,0.048085,0.059171
9.8986e-07,0.048063,0.059184
1.0278e-06,0.04804,0.059196
1.0633e-06,0.048015,0.059206
1.0963e-06,0.047988,0.059215
1.1264e-06,0.04796,0.059221
1.1534e-06,0.047931,0.059226
1.1771e-06,0.0479,0.059229
1.1971e-06,0.047868,0.05923
1.2132e-06,0.047835,0.05923
1.2251e-06,0.047801,0.059228
1.2326e-06,0.047766,0.059224
1.2355e-06,0.04773,0.059218
1.2334e-06,0.047692,0.059211
1.2262e-06,0.047654,0.059203
1.2137e-06,0.047616,0.059193
1.1955e-06,0.047577,0.059181
1.1716e-06,0.047537,0.059169
1.1417e-06,0.047497,0.059154
1.1057e-06,0.047456,0.059139
1.0634e-06,0.047416,0.059122
1.0146e-06,0.047375,0.059105
9.5925e-07,0.047334,0.059086
8.9726e-07,0.047294,0.059066
8.2853e-07,0.047253,0.059045
7.5301e-07,0.047213,0.059024
6.7068e-07,0.047174,0.059002
5.8153e-07,0.047135,0.058979
4.8559e-07,0.047097,0.058955
3.8292e-07,0.04706,0.058931
2.736e-07,0.047023,0.058906
1.5776e-07,0.046988,0.058881
3.5535e-08,0.046954,0.058856
-9.2878e-08,0.046921,0.05883
-2.2726e-07,0.04689,0.058805
-3.6736e-07,0.04686,0.058779
-5.1288e-07,0.046832,0.058753
-6.6349e-07,0.046805,0.058727
-8.1883e-07,0.046781,0.058701
-9.7849e-07,0.046758,0.058676
-1.142e-06,0.046737,0.05865
-1.3089e-06,0.046719,0.058625
-1.4787e-06,0.046702,0.0586
-1.6508e-06,0.046688,0.058576
-1.8246e-06,0.046676,0.058552
-1.9995e-06,0.046666,0.058528
-2.1747e-06,0.046658,0.058504
-2.3496e-06,0.046653,0.058481
-2.5235e-06,0.046651,0.058459
-2.6955e-06,0.04665,0.058437
-2.8648e-06,0.046653,0.058415
-3.0306e-06,0.046657,0.058394
-3.192e-06,0.046664,0.058374
-3.3481e-06,0.046674,0.058353
-3.4979e-06,0.046686,0.058334
-3.6405e-06,0.0467,0.058315
-3.775e-06,0.046717,0.058296
-3.9002e-06,0.046736,0.058277
-4.0152e-06,0.046758,0.058259
-4.1189e-06,0.046781,0.058242
-4.2104e-06,0.046807,0.058224
-4.2885e-06,0.046835,0.058207
-4.3522e-06,0.046865,0.05819
-4.4005e-06,0.046897,0.058174
-4.4322e-06,0.046931,0.058157
-4.4464e-06,0.046966,0.058141
-4.4421e-06,0.047003,0.058125
-4.4181e-06,0.047042,0.058109
-4.3736e-06,0.047083,0.058093
-4.3075e-06,0.047125,0.058076
-4.2189e-06,0.047168,0.05806
-4.107e-06,0.047212,0.058044
-3.9708e-06,0.047258,0.058028
-3.8095e-06,0.047304,0.058011
-3.6224e-06,0.047351,0.057995
-3.4087e-06,0.0474,0.057978
-3.1678e-06,0.047448,0.057961
-2.8991e-06,0.047498,0.057944
-2.6021e-06,0.047547,0.057926
-2.2763e-06,0.047597,0.057908
-1.9213e-06,0.047648,0.05789
-1.5369e-06,0.047698,0.057871
-1.1228e-06,0.047748,0.057852
-6.7893e-07,0.047799,0.057833
-2.0529e-07,0.047849,0.057813
2.9807e-07,0.047898,0.057793
8.3097e-07,0.047947,0.057773
1.3931e-06,0.047996,0.057752
1.9841e-06,0.048044,0.057731
2.6035e-06,0.048091,0.057709
3.2507e-06,0.048137,0.057687
3.9248e-06,0.048183,0.057665
4.6251e-06,0.048227,0.057642
5.3507e-06,0.048271,0.057619
6.1004e-06,0.048313,0.057595
6.8731e-06,0.048354,0.057572
7.6674e-06,0.048394,0.057547
8.4819e-06,0.048432,0.057523
9.3151e-06,0.048469,0.057498
1.0165e-05,0.048504,0.057473
1.1031e-05,0.048538,0.057448
1.191e-05,0.04857,0.057423
1.28e-05,0.048601,0.057397
1.37e-05,0.04863,0.057371
1.4607e-05,0.048657,0.057345
1.5519e-05,0.048683,0.057319
1.6434e-05,0.048707,0.057293
1.7349e-05,0.048729,0.057266
1.8261e-05,0.048749,0.05724
1.917e-05,0.048768,0.057214
2.007e-05,0.048784,0.057187
2.0961e-05,0.048799,0.057161
2.184e-05,0.048812,0.057135
2.2703e-05,0.048824,0.057109
2.3549e-05,0.048833,0.057083
2.4374e-05,0.048841,0.057057
2.5176e-05,0.048847,0.057031
2.5952e-05,0.048852,0.057006
2.67e-05,0.048854,0.056981
2.7417e-05,0.048855,0.056957
2.8101e-05,0.048855,0.056932
2.875e-05,0.048852,0.056909
2.936e-05,0.048849,0.056885
2.9931e-05,0.048843,0.056862
3.0459e-05,0.048837,0.05684
3.0943e-05,0.048828,0.056818
3.1381e-05,0.048819,0.056797
3.1772e-05,0.048808,0.056776
3.2114e-05,0.048796,0.056757
3.2405e-05,0.048783,0.056738
3.2645e-05,0.048768,0.056719
3.2833e-05,0.048753,0.056702
3.2967e-05,0.048737,0.056685
3.3048e-05,0.048719,0.056669
3.3075e-05,0.048701,0.056654
3.3048e-05,0.048682,0.05664
3.2967e-05,0.048662,0.056628
3.2833e-05,0.048642,0.056616
3.2645e-05,0.048621,0.056605
3.2405e-05,0.048599,0.056595
3.2114e-05,0.048577,0.056587
3.1772e-05,0.048555,0.056579
3.1381e-05,0.048533,0.056573
3.0943e-05,0.04851,0.056568
3.0459e-05,0.048487,0.056565
2.9931e-05,0.048465,0.056563
2.936e-05,0.048442,0.056562
2.875e-05,0.04842,0.056562
2.8101e-05,0.048397,0.056564
2.7417e-05,0.048376,0.056567
2.67e-05,0.048354,0.056572
2.5952e-05,0.048333,0.056578
2.5176e-05,0.048313,0.056586
2.4374e-05,0.048293,0.056596
2.3549e-05,0.048274,0.056606
2.2703e-05,0.048255,0.056619
2.184e-05,0.048238,0.056633
2.0961e-05,0.048221,0.056648
2.007e-05,0.048205,0.056666
1.917e-05,0.04819,0.056685
1.8261e-05,0.048176,0.056705
1.7349e-05,0.048163,0.056727
1.6434e-05,0.048152,0.056751
1.5519e-05,0.048141,0.056777
1.4607e-05,0.048132,0.056804
1.37e-05,0.048123,0.056833
1.28e-05,0.048116,0.056863
1.191e-05,0.048111,0.056896
1.1031e-05,0.048106,0.05693
1.0165e-05,0.048103,0.056965
9.3151e-06,0.0481,0.057003
8.4819e-06,0.048099,0.057042
7.6674e-06,0.048099,0.057083
6.8731e-06,0.048101,0.057125
6.1004e-06,0.048103,0.057169
5.3507e-06,0.048107,0.057215
4.6251e-06,0.048111,0.057262
3.9248e-06,0.048117,0.057311
3.2507e-06,0.048123,0.057361
2.6035e-06,0.04813,0.057413
1.9841e-06,0.048138,0.057466
1.3931e-06,0.048147,0.057521
8.3097e-07,0.048157,0.057577
2.9807e-07,0.048167,0.057635
-2.0529e-07,0.048178,0.057694
-6.7893e-07,0.048189,0.057754
-1.1228e-06,0.0482,0.057815
-1.5369e-06,0.048212,0.057877
-1.9213e-06,0.048224,0.05794
-2.2763e-06,0.048236,0.058005
-2.6021e-06,0.048248,0.05807
-2.8991e-06,0.04826,0.058136
-3.1678e-06,0.048272,0.058202
-3.4087e-06,0.048284,0.058269
-3.6224e-06,0.048295,0.058337
-3.8095e-06,0.048306,0.058405
-3.9708e-06,0.048317,0.058473
-4.107e-06,0.048327,0.058542
-4.2189e-06,0.048336,0.058611
-4.3075e-06,0.048345,0.058679
-4.3736e-06,0.048353,0.058748
-4.4181e-06,0.04836,0.058816
-4.4421e-06,0.048366,0.058884
-4.4464e-06,0.048372,0.058951
-4.4322e-06,0.048376,0.059018
-4.4005e-06,0.048379,0.059084
-4.3522e-06,0.048381,0.05915
-4.2885e-06,0.048382,0.059214
-4.2104e-06,0.048381,0.059277
-4.1189e-06,0.04838,0.059339
-4.0152e-06,0.048377,0.0594
-3.9002e-06,0.048372,0.059459
-3.775e-06,0.048366,0.059517
-3.6405e-06,0.048359,0.059573
-3.4979e-06,0.048351,0.059628
-3.3481e-06,0.048341,0.05968
-3.192e-06,0.048329,0.059731
-3.0306e-06,0.048316,0.059779
-2.8648e-06,0.048302,0.059826
-2.6955e-06,0.048286,0.05987
-2.5235e-06,0.048268,0.059912
-2.3496e-06,0.048249,0.059952
-2.1747e-06,0.048229,0.059989
-1.9995e-06,0.048207,0.060024
-1.8246e-06,0.048184,0.060056
-1.6508e-06,0.048159,0.060086
-1.4787e-06,0.048133,0.060113
-1.3089e-06,0.048105,0.060138
-1.142e-06,0.048076,0.060161
-9.7848e-07,0.048046,0.060181
-8.1883e-07,0.048015,0.060198
-6.6349e-07,0.047982,0.060213
-5.1288e-07,0.047949,0.060226
-3.6736e-07,0.047914,0.060236
-2.2726e-07,0.047878,0.060244
-9.2873e-08,0.047842,0.06025
3.554e-08,0.047804,0.060254
1.5776e-07,0.047766,0.060256
2.7361e-07,0.047728,0.060256
3.8293e-07,0.047688,0.060254
4.856e-07,0.047648,0.06025
5.8154e-07,0.047608,0.060245
6.7069e-07,0.047567,0.060238
7.5302e-07,0.047527,0.06023
8.2854e-07,0.047486,0.060221
8.9726e-07,0.047445,0.06021
9.5926e-07,0.047405,0.060199
1.0146e-06,0.047364,0.060187
1.0634e-06,0.047325,0.060174
1.1057e-06,0.047285,0.060161
1.1417e-06,0.047246,0.060148
1.1716e-06,0.047208,0.060134
1.1955e-06,0.047171,0.060121
1.2137e-06,0.047135,0.060107
1.2262e-06,0.0471,0.060094
1.2334e-06,0.047066,0.060081
1.2355e-06,0.047034,0.060068
1.2326e-06,0.047003,0.060056
1.2251e-06,0.046973,0.060045
1.2132e-06,0.046946,0.060035
1.1971e-06,0.04692,0.060025
1.1771e-06,0.046896,0.060017
1.1534e-06,0.046874,0.060009
1.1264e-06,0.046854,0.060003
1.0963e-06,0.046836,0.059999
1.0633e-06,0.046821,0.059995
1.0277e-06,0.046808,0.059993
9.8986e-07,0.046798,0.059992
9.4989e-07,0.04679,0.059993
9.081e-07,0.046785,0.059995
8.6475e-07,0.046782,0.059999
8.2006e-07,0.046782,0.060004
7.7428e-07,0.046786,0.060011
7.2764e-07,0.046791,0.060019
6.8035e-07,0.0468,0.060029
6.3264e-07,0.046812,0.06004
5.847e-07,0.046827,0.060053
5.3673e-07,0.046844,0.060067
4.8892e-07,0.046865,0.060082
4.4145e-07,0.046889,0.060098
3.9449e-07,0.046915,0.060116
3.4818e-07,0.046944,0.060134
3.0269e-07,0.046977,0.060154
2.5815e-07,0.047012,0.060174
2.1469e-07,0.047049,0.060195
1.7242e-07,0.04709,0.060217
1.3146e-07,0.047133,0.06024
9.1898e-08,0.047178,0.060263
5.3824e-08,0.047226,0.060287
1.7315e-08,0.047276,0.060311
-1.7559e-08,0.047329,0.060335
-5.0742e-08,0.047383,0.060359
-8.2183e-08,0.04744,0.060384
-1.1184e-07,0.047498,0.060408
-1.3969e-07,0.047558,0.060433
-1.657e-07,0.047619,0.060457
-1.8986e-07,0.047682,0.06048
-2.1217e-07,0.047746,0.060504
-2.3261e-07,0.047811,0.060526
-2.5121e-07,0.047877,0.060549
-2.6798e-07,0.047943,0.06057
-2.8293e-07,0.04801,0.060591
-2.961e-07,0.048077,0.060611
-3.0751e-07,0.048145,0.06063
-3.1721e-07,0.048212,0.060649
-3.2524e-07,0.048279,0.060666
-3.3164e-07,0.048346,0.060682
-3.3647e-07,0.048412,0.060697
-3.3978e-07,0.048477,0.060711
-3.4162e-07,0.048541,0.060724
-3.4207e-07,0.048604,0.060736
-3.4118e-07,0.048666,0.060746
-3.3903e-07,0.048726,0.060755
-3.3567e-07,0.048785,0.060763
-3.3117e-07,0.048842,0.060769
-3.2562e-07,0.048897,0.060775
-3.1907e-07,0.048949,0.060778
-3.116e-07,0.049,0.060781
-3.0328e-07,0.049048,0.060782
-2.9419e-07,0.049094,0.060782
-2.8439e-07,0.049137,0.06078
-2.7396e-07,0.049177,0.060777
-2.6296e-07,0.049214,0.060773
-2.5147e-07,0.049249,0.060767
-2.3955e-07,0.04928,0.06076
-2.2726e-07,0.049309,0.060752
-2.1468e-07,0.049334,0.060743
-2.0186e-07,0.049356,0.060732
-1.8886e-07,0.049375,0.060721
-1.7575e-07,0.04939,0.060708
-1.6258e-07,0.049403,0.060694
-1.494e-07,0.049411,0.06068
-1.3626e-07,0.049417,0.060664
-1.2321e-07,0.049419,0.060647
-1.1031e-07,0.049418,0.06063
-9.7578e-08,0.049414,0.060612
-8.5073e-08,0.049406,0.060593
-7.2827e-08,0.049395,0.060574
-6.0875e-08,0.049381,0.060554
-4.9249e-08,0.049363,0.060533
-3.798e-08,0.049343,0.060512
-2.7094e-08,0.04932,0.060491
-1.6614e-08,0.049293,0.06047
-6.5619e-09,0.049264,0.060449
3.0433e-09,0.049232,0.060427
1.2186e-08,0.049198,0.060406
2.0852e-08,0.049161,0.060384
2.9031e-08,0.049122,0.060363
3.6714e-08,0.04908,0.060342
4.3895e-08,0.049036,0.060322
5.057e-08,0.04899,0.060302
5.6736e-08,0.048943,0.060282
6.2393e-08,0.048893,0.060263
6.7545e-08,0.048842,0.060245
7.2194e-08,0.048789,0.060228
7.6346e-08,0.048736,0.060211
8.0009e-08,0.048681,0.060195
8.3191e-08,0.048625,0.060181
8.5903e-08,0.048568,0.060167
8.8156e-08,0.04851,0.060154
8.9963e-08,0.048452,0.060142
9.1338e-08,0.048393,0.060131
9.2296e-08,0.048334,0.060121
9.2852e-08,0.048276,0.060112
9.3024e-08,0.048217,0.060105
9.2829e-08,0.048158,0.060098
9.2285e-08,0.0481,0.060093
9.1409e-08,0.048042,0.060088
9.0222e-08,0.047985,0.060085
8.8742e-08,0.047928,0.060082
8.6988e-08,0.047873,0.060081
8.4981e-08,0.047819,0.06008
8.274e-08,0.047765,0.06008
8.0284e-08,0.047714,0.060081
7.7633e-08,0.047663,0.060083
7.4806e-08,0.047614,0.060085
7.1822e-08,0.047567,0.060088
6.8701e-08,0.047522,0.060091
6.5461e-08,0.047479,0.060095
6.2119e-08,0.047438,0.060099
5.8694e-08,0.047399,0.060103
5.5202e-08,0.047362,0.060107
5.1661e-08,0.047328,0.060111
4.8086e-08,0.047296,0.060115
4.4492e-08,0.047267,0.060119
4.0894e-08,0.04724,0.060123
3.7307e-08,0.047216,0.060126
3.3744e-08,0.047195,0.060129
3.0216e-08,0.047177,0.060132
2.6737e-08,0.047161,0.060134
2.3318e-08,0.047149,0.060135
1.9968e-08,0.047139,0.060135
1.6698e-08,0.047133,0.060135
1.3517e-08,0.04713,0.060133
1.0432e-08,0.047129,0.060131
7.4512e-09,0.047132,0.060128
4.5813e-09,0.047138,0.060123
1.8281e-09,0.047147,0.060118
-8.0322e-10,0.047159,0.060111
-3.3081e-09,0.047174,0.060104
-5.6826e-09,0.047193,0.060095
-7.9238e-09,0.047214,0.060085
-1.0029e-08,0.047238,0.060074
-1.1997e-08,0.047266,0.060062
-1.3825e-08,0.047296,0.060048
-1.5514e-08,0.047329,0.060034
-1.7063e-08,0.047365,0.060018
-1.8473e-08,0.047404,0.060002
-1.9745e-08,0.047445,0.059984
-2.088e-08,0.047489,0.059966
-2.188e-08,0.047535,0.059946
-2.2747e-08,0.047584,0.059926
-2.3484e-08,0.047635,0.059905
-2.4095e-08,0.047688,0.059884
-2.4583e-08,0.047743,0.059861
-2.4951e-08,0.047801,0.059839
-2.5203e-08,0.04786,0.059816
-2.5345e-08,0.047921,0.059792
-2.5379e-08,0.047983,0.059768
-2.5312e-08,0.048047,0.059745
-2.5148e-08,0.048112,0.059721
-2.4892e-08,0.048178,0.059697
-2.4549e-08,0.048246,0.059674
-2.4125e-08,0.048314,0.05965
-2.3624e-08,0.048383,0.059627
-2.3053e-08,0.048452,0.059605
-2.2417e-08,0.048522,0.059583
-2.172e-08,0.048593,0.059562
-2.097e-08,0.048663,0.059542
-2.017e-08,0.048733,0.059523
-1.9326e-08,0.048804,0.059504
-1.8444e-08,0.048874,0.059487
-1.7528e-08,0.048943,0.059471
-1.6584e-08,0.049012,0.059457
-1.5617e-08,0.04908,0.059444
-1.4631e-08,0.049148,0.059432
-1.3631e-08,0.049214,0.059422
-1.2623e-08,0.049279,0.059414
-1.1609e-08,0.049343,0.059408
-1.0595e-08,0.049405,0.059403
-9.5834e-09,0.049466,0.0594
-8.5795e-09,0.049525,0.0594
-7.5864e-09,0.049582,0.059401
-6.6076e-09,0.049638,0.059405
-5.6463e-09,0.049691,0.05941
-4.7057e-09,0.049742,0.059418
-3.7885e-09,0.049791,0.059428
-2.8974e-09,0.049837,0.05944
-2.035e-09,0.049881,0.059455
-1.2033e-09,0.049923,0.059472
-4.0447e-10,0.049961,0.059491
3.5965e-10,0.049997,0.059512
1.0874e-09,0.05003,0.059536
1.7775e-09,0.05006,0.059562
2.4285e-09,0.050088,0.05959
3.0394e-09,0.050112,0.05962
3.6094e-09,0.050132,0.059652
4.1378e-09,0.05015,0.059686
4.624e-09,0.050164,0.059723
5.0677e-09,0.050175,0.059761
5.4688e-09,0.050183,0.059801
5.8272e-09,0.050187,0.059842
6.143e-09,0.050188,0.059885
6.4166e-09,0.050185,0.05993
6.6484e-09,0.050179,0.059977
6.8389e-09,0.050169,0.060024
6.9888e-09,0.050156,0.060073
7.0989e-09,0.050139,0.060123
7.1701e-09,0.050119,0.060174
7.2035e-09,0.050095,0.060226
7.2002e-09,0.050068,0.060278
7.1614e-09,0.050037,0.060331
7.0884e-09,0.050003,0.060385
6.9826e-09,0.049965,0.060438
6.8454e-09,0.049924,0.060492
6.6783e-09,0.049879,0.060546
6.4831e-09,0.049832,0.0606
6.2612e-09,0.049781,0.060654
6.0143e-09,0.049727,0.060708
5.7443e-09,0.049669,0.060761
5.4528e-09,0.049609,0.060813
5.1417e-09,0.049546,0.060865
4.8127e-09,0.04948,0.060916
4.4677e-09,0.049412,0.060965
4.1085e-09,0.04934,0.061014
3.7371e-09,0.049267,0.061062
3.3552e-09,0.049191,0.061108
2.9648e-09,0.049112,0.061153
2.5676e-09,0.049032,0.061197
2.1656e-09,0.048949,0.061239
1.7606e-09,0.048865,0.061279
1.3544e-09,0.048779,0.061317
9.4879e-10,0.048691,0.061354
5.4557e-10,0.048602,0.061389
1.4649e-10,0.048512,0.061422
-2.4676e-10,0.048421,0.061453
-6.3247e-10,0.048329,0.061482
-1.009e-09,0.048236,0.061508
-1.3748e-09,0.048142,0.061533
-1.7282e-09,0.048048,0.061556
-2.0678e-09,0.047953,0.061576
-2.3921e-09,0.047859,0.061595
-2.6997e-09,0.047765,0.061611
-2.9892e-09,0.04767,0.061625
-3.2594e-09,0.047577,0.061637
-3.509e-09,0.047483,0.061646
-3.7368e-09,0.047391,0.061654
-3.9418e-09,0.047299,0.061659
-4.1229e-09,0.047209,0.061662
-4.2792e-09,0.047119,0.061663
-4.4098e-09,0.047031,0.061662
-4.5139e-09,0.046945,0.061659
-4.5907e-09,0.04686,0.061654
-4.6396e-09,0.046777,0.061647
-4.66e-09,0.046697,0.061638
-4.6516e-09,0.046618,0.061627
-4.6138e-09,0.046541,0.061615
-4.5464e-09,0.046467,0.0616
-4.4492e-09,0.046396,0.061584
-4.3221e-09,0.046327,0.061566
-4.1651e-09,0.046261,0.061547
-3.9782e-09,0.046197,0.061526
-3.7617e-09,0.046137,0.061503
-3.5159e-09,0.04608,0.061479
-3.2412e-09,0.046026,0.061453
-2.938e-09,0.045975,0.061427
-2.607e-09,0.045928,0.061398
-2.249e-09,0.045884,0.061369
-1.8648e-09,0.045843,0.061338
-1.4552e-09,0.045806,0.061307
-1.0214e-09,0.045773,0.061274
-5.6463e-10,0.045744,0.06124
-8.6064e-11,0.045718,0.061206
4.1286e-10,0.045696,0.06117
9.3062e-10,0.045677,0.061134
1.4656e-09,0.045663,0.061096
2.0161e-09,0.045652,0.061058
2.5802e-09,0.045645,0.06102
3.156e-09,0.045642,0.06098
3.7414e-09,0.045643,0.06094
4.3343e-09,0.045648,0.0609
4.9324e-09,0.045656,0.060859
5.5333e-09,0.045669,0.060817
6.1346e-09,0.045685,0.060775
6.7338e-09,0.045704,0.060733
7.3283e-09,0.045728,0.06069
7.9152e-09,0.045755,0.060647
8.492e-09,0.045785,0.060603
9.0556e-09,0.045819,0.06056
9.6033e-09,0.045856,0.060516
1.0132e-08,0.045897,0.060472
1.0639e-08,0.045941,0.060427
1.1121e-08,0.045988,0.060382
1.1575e-08,0.046037,0.060338
1.1997e-08,0.04609,0.060293
1.2386e-08,0.046146,0.060247
1.2737e-08,0.046204,0.060202
1.3049e-08,0.046265,0.060157
1.3316e-08,0.046328,0.060111
1.3538e-08,0.046394,0.060066
1.371e-08,0.046462,0.06002
1.383e-08,0.046532,0.059974
1.3895e-08,0.046603,0.059928
1.3902e-08,0.046677,0.059883
1.385e-08,0.046752,0.059837
1.3734e-08,0.046828,0.059791
1.3553e-08,0.046906,0.059745
1.3305e-08,0.046985,0.059699
1.2988e-08,0.047064,0.059653
1.2599e-08,0.047145,0.059607
1.2138e-08,0.047226,0.059561
1.1602e-08,0.047307,0.059515
1.0991e-08,0.047389,0.059469
1.0303e-08,0.047471,0.059423
9.5381e-09,0.047552,0.059378
8.6953e-09,0.047633,0.059332
7.7747e-09,0.047714,0.059287
6.7764e-09,0.047794,0.059242
5.7008e-09,0.047874,0.059197
4.5487e-09,0.047952,0.059153
3.3211e-09,0.04803,0.059108
2.0196e-09,0.048106,0.059064
6.4593e-10,0.048181,0.059021
-7.9768e-10,0.048254,0.058978
-2.3087e-09,0.048326,0.058935
-3.8841e-09,0.048396,0.058893
-5.5205e-09,0.048464,0.058851
-7.2143e-09,0.04853,0.05881
-8.9612e-09,0.048593,0.05877
-1.0757e-08,0.048655,0.05873
-1.2596e-08,0.048715,0.058691
-1.4473e-08,0.048772,0.058653
-1.6383e-08,0.048827,0.058616
-1.8318e-08,0.048879,0.058579
-2.0274e-08,0.048929,0.058544
-2.2241e-08,0.048977,0.058509
-2.4214e-08,0.049022,0.058475
-2.6185e-08,0.049065,0.058442
-2.8145e-08,0.049105,0.058411
-3.0085e-08,0.049143,0.05838
-3.1997e-08,0.049178,0.05835
-3.3872e-08,0.049211,0.058322
-3.5701e-08,0.049242,0.058294
-3.7473e-08,0.04927,0.058268
-3.918e-08,0.049296,0.058243
-4.0809e-08,0.04932,0.058219
-4.2353e-08,0.049342,0.058196
-4.3799e-08,0.049361,0.058174
-4.5137e-08,0.049379,0.058154
-4.6357e-08,0.049395,0.058135
-4.7448e-08,0.049408,0.058117
-4.8399e-08,0.04942,0.0581
-4.9199e-08,0.049431,0.058084
-4.9838e-08,0.04944,0.05807
-5.0306e-08,0.049447,0.058057
-5.0592e-08,0.049453,0.058044
-5.0686e-08,0.049458,0.058033
-5.0579e-08,0.049461,0.058024
-5.026e-08,0.049463,0.058015
-4.9722e-08,0.049465,0.058008
-4.8954e-08,0.049465,0.058001
-4.795e-08,0.049465,0.057996
-4.6702e-08,0.049464,0.057992
-4.5203e-08,0.049462,0.057989
-4.3446e-08,0.04946,0.057987
-4.1426e-08,0.049457,0.057986
-3.9139e-08,0.049454,0.057987
-3.658e-08,0.049451,0.057988
-3.3746e-08,0.049448,0.05799
-3.0637e-08,0.049444,0.057994
-2.725e-08,0.049441,0.057998
-2.3585e-08,0.049438,0.058004
-1.9645e-08,0.049435,0.058011
-1.5431e-08,0.049432,0.058018
-1.0947e-08,0.049429,0.058027
-6.1978e-09,0.049427,0.058037
-1.1897e-09,0.049425,0.058048
4.0698e-09,0.049423,0.058059
9.5717e-09,0.049422,0.058072
1.5306e-08,0.049422,0.058086
2.126e-08,0.049422,0.058101
2.7421e-08,0.049423,0.058118
3.3775e-08,0.049424,0.058135
4.0304e-08,0.049426,0.058153
4.6992e-08,0.049428,0.058173
5.3819e-08,0.049431,0.058193
6.0764e-08,0.049435,0.058215
6.7804e-08,0.049439,0.058238
7.4917e-08,0.049444,0.058262
8.2077e-08,0.049449,0.058287
8.9257e-08,0.049455,0.058313
9.6429e-08,0.049461,0.05834
1.0356e-07,0.049468,0.058369
1.1063e-07,0.049475,0.058398
1.176e-07,0.049483,0.058429
1.2443e-07,0.049491,0.058461
1.311e-07,0.049499,0.058494
1.3756e-07,0.049507,0.058528
1.4379e-07,0.049515,0.058563
1.4974e-07,0.049523,0.058599
1.5538e-07,0.049532,0.058636
1.6067e-07,0.04954,0.058674
1.6556e-07,0.049547,0.058712
1.7003e-07,0.049555,0.058752
1.7403e-07,0.049562,0.058792
1.7753e-07,0.049568,0.058833
1.8047e-07,0.049574,0.058875
1.8283e-07,0.049579,0.058917
1.8457e-07,0.049584,0.05896
1.8565e-07,0.049587,0.059003
1.8603e-07,0.04959,0.059047
1.8568e-07,0.049591,0.05909
1.8455e-07,0.049591,0.059134
1.8263e-07,0.04959,0.059179
1.7987e-07,0.049588,0.059223
1.7625e-07,0.049584,0.059267
1.7173e-07,0.049579,0.059311
1.663e-07,0.049572,0.059355
1.5993e-07,0.049564,0.059398
1.526e-07,0.049554,0.059441
1.4429e-07,0.049542,0.059484
1.3499e-07,0.049529,0.059526
1.2468e-07,0.049513,0.059568
1.1336e-07,0.049496,0.059609
1.0103e-07,0.049477,0.059649
8.7679e-08,0.049456,0.059688
7.3316e-08,0.049433,0.059726
5.7949e-08,0.049408,0.059763
4.159e-08,0.049381,0.0598
2.4258e-08,0.049352,0.059835
5.973e-09,0.049322,0.059868
-1.3237e-08,0.049289,0.059901
-3.3339e-08,0.049255,0.059932
-5.4297e-08,0.049219,0.059962
-7.6069e-08,0.049182,0.05999
-9.8605e-08,0.049143,0.060017
-1.2185e-07,0.049102,0.060043
-1.4575e-07,0.04906,0.060067
-1.7024e-07,0.049017,0.060089
-1.9525e-07,0.048973,0.060109
-2.207e-07,0.048927,0.060128
-2.4651e-07,0.048881,0.060146
-2.726e-07,0.048834,0.060161
-2.9887e-07,0.048787,0.060175
-3.2523e-07,0.048739,0.060188
-3.5157e-07,0.048691,0.060198
-3.7779e-07,0.048643,0.060207
-4.0378e-07,0.048594,0.060215
-4.2941e-07,0.048546,0.06022
-4.5457e-07,0.048499,0.060224
-4.7914e-07,0.048452,0.060227
-5.0298e-07,0.048406,0.060228
-5.2596e-07,0.048361,0.060228
-5.4795e-07,0.048317,0.060226
-5.6882e-07,0.048275,0.060223
-5.8841e-07,0.048234,0.060219
-6.0659e-07,0.048194,0.060213
-6.2322e-07,0.048157,0.060206
-6.3815e-07,0.048121,0.060198
-6.5125e-07,0.048088,0.060189
-6.6235e-07,0.048057,0.06018
-6.7134e-07,0.048028,0.060169
-6.7805e-07,0.048002,0.060157
-6.8237e-07,0.047979,0.060145
-6.8414e-07,0.047958,0.060132
-6.8324e-07,0.04794,0.060118
-6.7954e-07,0.047925,0.060104
-6.7292e-07,0.047914,0.06009
-6.6327e-07,0.047905,0.060075
-6.5046e-07,0.0479,0.06006
-6.3441e-07,0.047897,0.060045
-6.1501e-07,0.047898,0.06003
-5.9218e-07,0.047903,0.060015
-5.6584e-07,0.04791,0.06
-5.3593e-07,0.047921,0.059985
-5.024e-07,0.047935,0.059971
-4.652e-07,0.047952,0.059957
-4.243e-07,0.047972,0.059943
-3.7969e-07,0.047996,0.05993
-3.3137e-07,0.048022,0.059918
-2.7935e-07,0.048051,0.059907
-2.2365e-07,0.048083,0.059896
-1.6433e-07,0.048117,0.059886
-1.0145e-07,0.048155,0.059877
-3.5088e-08,0.048194,0.059869
3.4661e-08,0.048236,0.059862
1.0768e-07,0.048279,0.059856
1.8383e-07,0.048325,0.059851
2.6295e-07,0.048372,0.059847
3.4488e-07,0.048421,0.059844
4.2941e-07,0.048471,0.059843
5.1633e-07,0.048523,0.059843
6.0541e-07,0.048575,0.059844
6.9639e-07,0.048628,0.059846
7.89e-07,0.048681,0.05985
8.8293e-07,0.048734,0.059855
9.7787e-07,0.048788,0.059861
1.0735e-06,0.048841,0.059868
1.1694e-06,0.048894,0.059876
1.2653e-06,0.048945,0.059886
1.3607e-06,0.048996,0.059897
1.4553e-06,0.049046,0.059909
1.5486e-06,0.049095,0.059922
1.6401e-06,0.049141,0.059936
1.7295e-06,0.049186,0.059952
1.8162e-06,0.049229,0.059968
1.8998e-06,0.049269,0.059985
1.9797e-06,0.049307,0.060004
2.0555e-06,0.049342,0.060023
2.1266e-06,0.049374,0.060043
2.1926e-06,0.049403,0.060064
2.2529e-06,0.049429,0.060085
2.3069e-06,0.049452,0.060108
2.3542e-06,0.049471,0.060131
2.3941e-06,0.049486,0.060155
2.4263e-06,0.049497,0.06018
2.4502e-06,0.049505,0.060205
2.4652e-06,0.049508,0.060231
2.471e-06,0.049508,0.060257
2.4669e-06,0.049503,0.060284
2.4525e-06,0.049495,0.060312
2.4274e-06,0.049482,0.06034
2.3911e-06,0.049465,0.060368
2.3432e-06,0.049444,0.060398
2.2835e-06,0.049418,0.060427
2.2114e-06,0.049389,0.060457
2.1267e-06,0.049355,0.060488
2.0292e-06,0.049318,0.060519
1.9185e-06,0.049277,0.060551
1.7945e-06,0.049232,0.060583
1.6571e-06,0.049183,0.060616
1.506e-06,0.049131,0.060649
1.3414e-06,0.049076,0.060682
1.1631e-06,0.049017,0.060717
9.7119e-07,0.048956,0.060751
7.6584e-07,0.048891,0.060787
5.4721e-07,0.048824,0.060823
3.1552e-07,0.048755,0.060859
7.1072e-08,0.048684,0.060897
-1.8575e-07,0.04861,0.060935
-4.5452e-07,0.048535,0.060973
-7.3472e-07,0.048458,0.061012
-1.0258e-06,0.04838,0.061052
-1.327e-06,0.048301,0.061093
-1.6377e-06,0.048221,0.061134
-1.957e-06,0.04814,0.061176
-2.284e-06,0.04806,0.061219
-2.6179e-06,0.047979,0.061263
-2.9574e-06,0.047898,0.061307
-3.3016e-06,0.047818,0.061352
-3.6492e-06,0.047738,0.061398
-3.9989e-06,0.04766,0.061445
-4.3494e-06,0.047582,0.061492
-4.6993e-06,0.047506,0.061541
-5.047e-06,0.047431,0.06159
-5.391e-06,0.047358,0.06164
-5.7297e-06,0.047287,0.061691
-6.0613e-06,0.047218,0.061742
-6.384e-06,0.047151,0.061794
-6.6962e-06,0.047087,0.061847
-6.9959e-06,0.047026,0.061901
-7.2811e-06,0.046967,0.061955
-7.5499e-06,0.046911,0.06201
-7.8004e-06,0.046858,0.062066
-8.0304e-06,0.046809,0.062122
-8.2379e-06,0.046763,0.062178
-8.4208e-06,0.04672,0.062236
-8.577e-06,0.04668,0.062293
-8.7044e-06,0.046645,0.062351
-8.801e-06,0.046613,0.062409
-8.8645e-06,0.046585,0.062468
-8.8929e-06,0.04656,0.062526
-8.8842e-06,0.04654,0.062585
-8.8363e-06,0.046523,0.062644
-8.7472e-06,0.046511,0.062702
-8.615e-06,0.046502,0.062761
-8.4379e-06,0.046498,0.062819
-8.214e-06,0.046497,0.062877
-7.9415e-06,0.046501,0.062934
-7.619e-06,0.046508,0.062991
-7.2447e-06,0.04652,0.063047
-6.8174e-06,0.046536,0.063102
-6.3356e-06,0.046555,0.063156
-5.7982e-06,0.046578,0.06321
-5.2041e-06,0.046606,0.063262
-4.5525e-06,0.046637,0.063313
-3.8426e-06,0.046672,0.063362
-3.0737e-06,0.04671,0.06341
-2.2456e-06,0.046752,0.063456
-1.3579e-06,0.046798,0.0635
-4.1057e-07,0.046847,0.063543
5.9615e-07,0.046899,0.063584
1.6619e-06,0.046955,0.063622
2.7862e-06,0.047013,0.063658
3.9683e-06,0.047075,0.063692
5.207e-06,0.047139,0.063724
6.5013e-06,0.047206,0.063753
7.8496e-06,0.047276,0.06378
9.2503e-06,0.047348,0.063803
1.0701e-05,0.047422,0.063824
1.2201e-05,0.047498,0.063843
1.3746e-05,0.047576,0.063858
1.5335e-05,0.047656,0.06387
1.6964e-05,0.047738,0.06388
1.863e-05,0.047821,0.063886
2.0331e-05,0.047906,0.063889
2.2062e-05,0.047991,0.063889
2.382e-05,0.048078,0.063886
2.56e-05,0.048165,0.06388
2.74e-05,0.048253,0.063871
2.9214e-05,0.048341,0.063859
3.1038e-05,0.04843,0.063843
3.2867e-05,0.048519,0.063824
3.4697e-05,0.048607,0.063802
3.6523e-05,0.048696,0.063778
3.8339e-05,0.048784,0.06375
4.0141e-05,0.048871,0.063719
4.1923e-05,0.048958,0.063685
4.368e-05,0.049044,0.063649
4.5406e-05,0.049129,0.063609
4.7098e-05,0.049212,0.063567
4.8748e-05,0.049295,0.063522
5.0352e-05,0.049376,0.063475
5.1904e-05,0.049456,0.063425
5.34e-05,0.049533,0.063373
5.4835e-05,0.04961,0.063318
5.6203e-05,0.049684,0.063262
5.75e-05,0.049756,0.063203
5.8721e-05,0.049827,0.063142
5.9861e-05,0.049895,0.063079
6.0918e-05,0.049961,0.063015
6.1886e-05,0.050024,0.062949
6.2763e-05,0.050085,0.062881
6.3544e-05,0.050144,0.062812
6.4228e-05,0.0502,0.062742
6.481e-05,0.050254,0.06267
6.5291e-05,0.050305,0.062597
6.5666e-05,0.050353,0.062523
6.5935e-05,0.050399,0.062448
6.6097e-05,0.050442,0.062372
6.6151e-05,0.050482,0.062296
6.6097e-05,0.050519,0.062218
6.5935e-05,0.050554,0.062141
6.5666e-05,0.050586,0.062063
6.5291e-05,0.050615,0.061984
6.481e-05,0.050641,0.061905
6.4228e-05,0.050664,0.061826
6.3544e-05,0.050684,0.061747
6.2763e-05,0.050702,0.061667
6.1886e-05,0.050717,0.061588
6.0918e-05,0.050729,0.061509
5.9861e-05,0.050738,0.06143
5.8721e-05,0.050744,0.061351
5.75e-05,0.050748,0.061272
5.6203e-05,0.050749,0.061194
5.4835e-05,0.050747,0.061116
5.34e-05,0.050743,0.061039
5.1904e-05,0.050736,0.060962
5.0352e-05,0.050726,0.060885
4.8748e-05,0.050714,0.06081
4.7098e-05,0.0507,0.060734
4.5406e-05,0.050683,0.06066
4.368e-05,0.050663,0.060586
4.1923e-05,0.050642,0.060513
4.0141e-05,0.050618,0.06044
3.8339e-05,0.050591,0.060369
3.6523e-05,0.050563,0.060298
3.4697e-05,0.050533,0.060228
3.2867e-05,0.0505,0.060159
3.1038e-05,0.050465,0.060091
2.9214e-05,0.050429,0.060024
2.74e-05,0.05039,0.059958
2.56e-05,0.05035,0.059893
2.382e-05,0.050308,0.059828
2.2062e-05,0.050265,0.059765
2.0331e-05,0.05022,0.059703
1.863e-05,0.050173,0.059642
1.6964e-05,0.050125,0.059582
1.5335e-05,0.050076,0.059523
1.3746e-05,0.050025,0.059465
1.2201e-05,0.049974,0.059408
1.0701e-05,0.049921,0.059352
9.2503e-06,0.049867,0.059298
7.8496e-06,0.049812,0.059245
6.5013e-06,0.049757,0.059193
5.207e-06,0.0497,0.059142
3.9683e-06,0.049643,0.059092
2.7862e-06,0.049586,0.059044
1.6619e-06,0.049528,0.058997
5.9615e-07,0.049469,0.058952
-4.1057e-07,0.049411,0.058908
-1.3579e-06,0.049352,0.058865
-2.2456e-06,0.049293,0.058824
-3.0737e-06,0.049233,0.058784
-3.8426e-06,0.049174,0.058747
-4.5525e-06,0.049115,0.05871
-5.2041e-06,0.049056,0.058676
-5.7982e-06,0.048997,0.058643
-6.3356e-06,0.048939,0.058612
-6.8174e-06,0.04888,0.058584
-7.2447e-06,0.048822,0.058557
-7.619e-06,0.048765,0.058532
-7.9415e-06,0.048707,0.058509
-8.214e-06,0.048651,0.058488
-8.4379e-06,0.048594,0.05847
-8.615e-06,0.048539,0.058454
-8.7472e-06,0.048483,0.05844
-8.8363e-06,0.048428,0.058428
-8.8842e-06,0.048374,0.058419
-8.8929e-06,0.048321,0.058413
-8.8645e-06,0.048267,0.058409
-8.801e-06,0.048215,0.058408
-8.7044e-06,0.048163,0.058409
-8.577e-06,0.048111,0.058414
-8.4208e-06,0.04806,0.058421
-8.2379e-06,0.048009,0.05843
-8.0304e-06,0.047959,0.058443
-7.8004e-06,0.047909,0.058459
-7.5499e-06,0.04786,0.058477
-7.2811e-06,0.04781,0.058499
-6.9959e-06,0.047762,0.058523
-6.6962e-06,0.047713,0.05855
-6.3841e-06,0.047665,0.058581
-6.0613e-06,0.047618,0.058614
-5.7297e-06,0.04757,0.05865
-5.391e-06,0.047523,0.058689
-5.047e-06,0.047476,0.058731
-4.6993e-06,0.047429,0.058776
-4.3494e-06,0.047382,0.058824
-3.9989e-06,0.047336,0.058875
-3.6492e-06,0.04729,0.058928
-3.3016e-06,0.047244,0.058984
-2.9574e-06,0.047198,0.059043
-2.6179e-06,0.047153,0.059104
-2.284e-06,0.047108,0.059167
-1.957e-06,0.047063,0.059234
-1.6377e-06,0.047019,0.059302
-1.327e-06,0.046975,0.059372
-1.0258e-06,0.046932,0.059445
-7.3472e-07,0.046889,0.059519
-4.5452e-07,0.046847,0.059596
-1.8576e-07,0.046806,0.059674
7.1069e-08,0.046766,0.059753
3.1551e-07,0.046726,0.059834
5.4721e-07,0.046688,0.059916
7.6584e-07,0.046651,0.06
9.7119e-07,0.046615,0.060084
1.1631e-06,0.046581,0.060169
1.3414e-06,0.046548,0.060254
1.506e-06,0.046517,0.06034
1.6571e-06,0.046488,0.060425
1.7945e-06,0.04646,0.060511
1.9185e-06,0.046435,0.060597
2.0292e-06,0.046412,0.060682
2.1267e-06,0.046392,0.060767
2.2114e-06,0.046374,0.06085
2.2835e-06,0.046359,0.060933
2.3432e-06,0.046346,0.061014
2.3911e-06,0.046337,0.061094
2.4274e-06,0.046331,0.061173
2.4525e-06,0.046328,0.061249
2.4669e-06,0.046329,0.061323
2.471e-06,0.046333,0.061395
2.4652e-06,0.046341,0.061465
2.4502e-06,0.046353,0.061532
2.4263e-06,0.046368,0.061596
2.3942e-06,0.046388,0.061657
2.3542e-06,0.046412,0.061715
2.3069e-06,0.046439,0.06177
2.2529e-06,0.046471,0.06182
2.1926e-06,0.046508,0.061868
2.1266e-06,0.046548,0.061911
2.0555e-06,0.046593,0.061951
1.9797e-06,0.046642,0.061986
1.8998e-06,0.046696,0.062017
1.8162e-06,0.046754,0.062044
1.7295e-06,0.046816,0.062066
1.6402e-06,0.046882,0.062084
1.5486e-06,0.046952,0.062097
1.4553e-06,0.047026,0.062105
1.3607e-06,0.047104,0.062109
1.2653e-06,0.047186,0.062108
1.1694e-06,0.047272,0.062103
1.0735e-06,0.047361,0.062093
9.7788e-07,0.047453,0.062078
8.8294e-07,0.047548,0.062058
7.8901e-07,0.047647,0.062033
6.9641e-07,0.047747,0.062004
6.0543e-07,0.047851,0.061971
5.1635e-07,0.047956,0.061933
4.2942e-07,0.048063,0.061891
3.4489e-07,0.048172,0.061844
2.6296e-07,0.048283,0.061793
1.8384e-07,0.048394,0.061738
1.0769e-07,0.048506,0.06168
3.4673e-08,0.048619,0.061617
-3.5077e-08,0.048731,0.061551
-1.0144e-07,0.048844,0.061482
-1.6433e-07,0.048956,0.061409
-2.2365e-07,0.049067,0.061334
-2.7934e-07,0.049177,0.061255
-3.3136e-07,0.049285,0.061174
-3.7969e-07,0.049392,0.061091
-4.243e-07,0.049496,0.061005
-4.652e-07,0.049598,0.060917
-5.024e-07,0.049698,0.060827
-5.3593e-07,0.049794,0.060736
-5.6584e-07,0.049887,0.060643
-5.9218e-07,0.049976,0.06055
-6.1501e-07,0.050062,0.060455
-6.3441e-07,0.050143,0.060359
-6.5047e-07,0.05022,0.060264
-6.6327e-07,0.050292,0.060167
-6.7293e-07,0.05036,0.060071
-6.7955e-07,0.050422,0.059975
-6.8325e-07,0.050479,0.059879
-6.8415e-07,0.05053,0.059784
-6.8238e-07,0.050576,0.059689
-6.7807e-07,0.050617,0.059596
-6.7136e-07,0.050651,0.059503
-6.6237e-07,0.050679,0.059412
-6.5127e-07,0.050702,0.059323
-6.3818e-07,0.050718,0.059235
-6.2325e-07,0.050728,0.059149
-6.0662e-07,0.050732,0.059065
-5.8844e-07,0.050729,0.058983
-5.6885e-07,0.05072,0.058903
-5.4799e-07,0.050706,0.058826
-5.26e-07,0.050684,0.058751
-5.0302e-07,0.050657,0.058679
-4.7918e-07,0.050624,0.05861
-4.5461e-07,0.050585,0.058544
-4.2945e-07,0.05054,0.058481
-4.0382e-07,0.050489,0.058421
-3.7784e-07,0.050433,0.058365
-3.5162e-07,0.050371,0.058312
-3.2527e-07,0.050304,0.058262
-2.9892e-07,0.050231,0.058216
-2.7265e-07,0.050154,0.058174
-2.4656e-07,0.050072,0.058136
-2.2075e-07,0.049986,0.058101
-1.953e-07,0.049895,0.058071
-1.7029e-07,0.0498,0.058044
-1.458e-07,0.049701,0.058022
-1.219e-07,0.049599,0.058004
-9.865e-08,0.049493,0.05799
-7.6113e-08,0.049384,0.057981
-5.4341e-08,0.049272,0.057977
-3.3381e-08,0.049157,0.057977
-1.3277e-08,0.04904,0.057982
5.934e-09,0.04892,0.057991
2.4221e-08,0.048799,0.058006
4.1556e-08,0.048676,0.058026
5.7917e-08,0.048552,0.058051
7.3287e-08,0.048426,0.058081
8.7653e-08,0.048299,0.058117
1.0101e-07,0.048172,0.058158
1.1335e-07,0.048044,0.058204
1.2467e-07,0.047915,0.058257
1.3498e-07,0.047787,0.058316
1.4428e-07,0.047658,0.05838
1.526e-07,0.04753,0.058451
1.5993e-07,0.047402,0.058528
1.6631e-07,0.047275,0.058611
1.7175e-07,0.047148,0.058701
1.7626e-07,0.047023,0.058798
1.7989e-07,0.046898,0.058901
1.8266e-07,0.046775,0.059012
1.8459e-07,0.046652,0.05913
1.8572e-07,0.046531,0.059255
1.8608e-07,0.046412,0.059387
1.857e-07,0.046293,0.059527
1.8463e-07,0.046176,0.059674
1.829e-07,0.046061,0.059829
1.8055e-07,0.045947,0.059992
1.776e-07,0.045834,0.060163
1.7412e-07,0.045723,0.060342
1.7012e-07,0.045613,0.06053
1.6566e-07,0.045504,0.060725
1.6077e-07,0.045396,0.060929
1.5549e-07,0.04529,0.06114
1.4986e-07,0.045184,0.061361
1.4391e-07,0.04508,0.061589
1.3769e-07,0.044976,0.061826
1.3123e-07,0.044872,0.062072
1.2457e-07,0.044769,0.062326
1.1774e-07,0.044666,0.062588
1.1078e-07,0.044564,0.062858
1.0372e-07,0.044461,0.063137
9.6587e-08,0.044358,0.063423
8.9419e-08,0.044255,0.063718
8.2242e-08,0.04415,0.064021
7.5084e-08,0.044045,0.064331
6.7974e-08,0.043939,0.06465
6.0934e-08,0.043832,0.064975
5.399e-08,0.043724,0.065308
4.7163e-08,0.043613,0.065648
4.0475e-08,0.043501,0.065994
3.3944e-08,0.043388,0.066348
2.7588e-08,0.043272,0.066707
2.1424e-08,0.043153,0.067072
1.5466e-08,0.043033,0.067443
9.7274e-09,0.04291,0.067819
4.2201e-09,0.042784,0.068201
-1.0457e-09,0.042656,0.068586
-6.061e-09,0.042525,0.068976
-1.0818e-08,0.042391,0.06937
-1.5311e-08,0.042255,0.069766
-1.9535e-08,0.042115,0.070166
-2.3487e-08,0.041973,0.070568
-2.7163e-08,0.041827,0.070972
-3.0562e-08,0.041679,0.071377
-3.3686e-08,0.041528,0.071783
-3.6534e-08,0.041375,0.072189
-3.9108e-08,0.041219,0.072595
-4.1412e-08,0.04106,0.073
-4.3449e-08,0.040899,0.073404
-4.5224e-08,0.040736,0.073805
-4.6742e-08,0.040571,0.074204
-4.801e-08,0.040404,0.0746
-4.9035e-08,0.040236,0.074992
-4.9823e-08,0.040067,0.075379
-5.0383e-08,0.039896,0.075761
-5.0724e-08,0.039725,0.076138
-5.0854e-08,0.039554,0.076507
-5.0783e-08,0.039383,0.07687
-5.0521e-08,0.039212,0.077225
-5.0077e-08,0.039041,0.077571
-4.9462e-08,0.038872,0.077909
-4.8686e-08,0.038705,0.078236
-4.7759e-08,0.038539,0.078553
-4.6692e-08,0.038376,0.078859
-4.5496e-08,0.038216,0.079153
-4.4182e-08,0.038059,0.079434
-4.2759e-08,0.037906,0.079702
-4.1239e-08,0.037757,0.079957
-3.9631e-08,0.037614,0.080197
-3.7947e-08,0.037475,0.080422
-3.6195e-08,0.037343,0.080632
-3.4386e-08,0.037217,0.080825
-3.253e-08,0.037097,0.081002
-3.0635e-08,0.036986,0.081161
-2.871e-08,0.036882,0.081303
-2.6765e-08,0.036787,0.081426
-2.4807e-08,0.0367,0.081531
-2.2846e-08,0.036624,0.081616
-2.0887e-08,0.036557,0.081682
-1.8939e-08,0.036501,0.081728
-1.7008e-08,0.036456,0.081753
-1.5101e-08,0.036423,0.081758
-1.3224e-08,0.036402,0.081742
-1.1383e-08,0.036393,0.081705
-9.5827e-09,0.036397,0.081647
-7.8282e-09,0.036414,0.081567
-6.124e-09,0.036445,0.081466
-4.4741e-09,0.03649,0.081342
-2.8822e-09,0.036549,0.081198
-1.3517e-09,0.036623,0.081031
1.1473e-10,0.036712,0.080843
1.5144e-09,0.036816,0.080633
2.8453e-09,0.036936,0.080402
4.1056e-09,0.037071,0.08015
5.2939e-09,0.037223,0.079877
6.4091e-09,0.03739,0.079583
7.4505e-09,0.037573,0.079268
8.4175e-09,0.037773,0.078934
9.3101e-09,0.037989,0.07858
1.0128e-08,0.03822,0.078207
1.0873e-08,0.038468,0.077816
1.1544e-08,0.038733,0.077406
1.2142e-08,0.039012,0.07698
1.267e-08,0.039308,0.076536
1.3128e-08,0.039619,0.076076
1.3517e-08,0.039946,0.075601
1.3839e-08,0.040288,0.075111
1.4097e-08,0.040644,0.074607
1.4292e-08,0.041015,0.074091
1.4427e-08,0.041399,0.073562
1.4503e-08,0.041798,0.073021
1.4523e-08,0.042209,0.072471
1.4489e-08,0.042633,0.071911
1.4405e-08,0.043069,0.071343
1.4272e-08,0.043517,0.070767
1.4093e-08,0.043975,0.070184
1.3871e-08,0.044444,0.069596
1.3608e-08,0.044922,0.069004
1.3308e-08,0.045409,0.068408
1.2972e-08,0.045905,0.06781
1.2604e-08,0.046408,0.067211
1.2207e-08,0.046917,0.066611
1.1782e-08,0.047433,0.066012
1.1332e-08,0.047954,0.065415
1.0861e-08,0.04848,0.06482
1.037e-08,0.049009,0.06423
9.862e-09,0.049541,0.063644
9.3392e-09,0.050074,0.063064
8.8041e-09,0.050609,0.062491
8.2587e-09,0.051145,0.061925
7.7052e-09,0.05168,0.061368
7.1458e-09,0.052213,0.060821
6.5822e-09,0.052745,0.060283
6.0165e-09,0.053273,0.059757
5.4503e-09,0.053798,0.059243
4.8855e-09,0.054319,0.058741
4.3236e-09,0.054834,0.058252
3.7661e-09,0.055343,0.057777
3.2144e-09,0.055846,0.057316
2.6699e-09,0.056341,0.056871
2.1337e-09,0.056828,0.05644
1.6072e-09,0.057306,0.056025
1.0912e-09,0.057775,0.055627
5.8684e-10,0.058235,0.055245
9.4954e-11,0.058684,0.054879
-3.8363e-10,0.059121,0.05453
-8.4817e-10,0.059548,0.054198
-1.298e-09,0.059963,0.053883
-1.7325e-09,0.060365,0.053584
-2.1512e-09,0.060755,0.053303
-2.5535e-09,0.061132,0.053038
-2.9391e-09,0.061496,0.052789
-3.3076e-09,0.061846,0.052557
-3.6587e-09,0.062183,0.052341
-3.9921e-09,0.062507,0.05214
-4.3076e-09,0.062816,0.051955
-4.605e-09,0.063112,0.051783
-4.8842e-09,0.063393,0.051627
-5.1449e-09,0.063661,0.051483
-5.3873e-09,0.063916,0.051353
-5.6111e-09,0.064156,0.051234
-5.8163e-09,0.064383,0.051128
-6.0028e-09,0.064597,0.051032
-6.1708e-09,0.064797,0.050946
-6.32e-09,0.064985,0.05087
-6.4506e-09,0.065161,0.050802
-6.5625e-09,0.065324,0.050742
-6.6557e-09,0.065475,0.050689
-6.7303e-09,0.065615,0.050641
-6.7863e-09,0.065744,0.050599
-6.8235e-09,0.065862,0.050561
-6.8422e-09,0.065971,0.050527
-6.8422e-09,0.066069,0.050495
-6.8235e-09,0.066159,0.050465
-6.7863e-09,0.06624,0.050436
-6.7303e-09,0.066313,0.050408
-6.6557e-09,0.066378,0.050379
-6.5625e-09,0.066436,0.050348
-6.4506e-09,0.066488,0.050316
-6.32e-09,0.066534,0.050281
-6.1708e-09,0.066574,0.050242
-6.0028e-09,0.066609,0.0502
-5.8163e-09,0.06664,0.050154
-5.6111e-09,0.066668,0.050103
-5.3873e-09,0.066691,0.050046
-5.1449e-09,0.066712,0.049984
-4.8842e-09,0.06673,0.049916
-4.605e-09,0.066747,0.049841
-4.3076e-09,0.066761,0.049761
-3.9921e-09,0.066774,0.049673
-3.6587e-09,0.066787,0.049579
-3.3076e-09,0.066798,0.049478
-2.9391e-09,0.06681,0.049371
-2.5535e-09,0.066821,0.049256
-2.1512e-09,0.066832,0.049136
-1.7325e-09,0.066843,0.049009
-1.298e-09,0.066855,0.048875
-8.4817e-10,0.066867,0.048736
-3.8363e-10,0.066879,0.048592
9.4954e-11,0.066892,0.048442
5.8684e-10,0.066905,0.048288
1.0912e-09,0.066919,0.048129
1.6072e-09,0.066932,0.047966
2.1337e-09,0.066946,0.047801
2.6699e-09,0.066959,0.047632
3.2144e-09,0.066972,0.047462
3.7661e-09,0.066984,0.04729
4.3236e-09,0.066994,0.047117
4.8855e-09,0.067004,0.046944
5.4503e-09,0.067011,0.046771
6.0165e-09,0.067015,0.046599
6.5822e-09,0.067017,0.046429
7.1458e-09,0.067016,0.046262
7.7052e-09,0.06701,0.046097
8.2587e-09,0.067,0.045936
8.8041e-09,0.066984,0.04578
9.3392e-09,0.066963,0.045628
9.862e-09,0.066936,0.045482
1.037e-08,0.066901,0.045342
1.0861e-08,0.066859,0.045208
1.1332e-08,0.066809,0.045082
1.1782e-08,0.066749,0.044963
1.2207e-08,0.06668,0.044852
1.2604e-08,0.0666,0.044749
1.2972e-08,0.06651,0.044656
1.3308e-08,0.066408,0.044571
1.3608e-08,0.066293,0.044496
1.3871e-08,0.066165,0.044431
1.4093e-08,0.066024,0.044375
1.4272e-08,0.065869,0.044329
1.4405e-08,0.065699,0.044294
1.4489e-08,0.065514,0.044268
1.4523e-08,0.065313,0.044253
1.4503e-08,0.065096,0.044248
1.4427e-08,0.064862,0.044253
1.4292e-08,0.064612,0.044267
1.4097e-08,0.064343,0.044292
1.3839e-08,0.064057,0.044326
1.3517e-08,0.063754,0.044369
1.3128e-08,0.063432,0.044422
1.267e-08,0.063091,0.044482
1.2142e-08,0.062732,0.044552
1.1544e-08,0.062355,0.044629
1.0873e-08,0.061959,0.044714
1.0128e-08,0.061545,0.044805
9.3101e-09,0.061112,0.044904
8.4175e-09,0.060661,0.045008
7.4505e-09,0.060193,0.045118
6.4091e-09,0.059706,0.045234
5.2939e-09,0.059203,0.045354
4.1056e-09,0.058682,0.045477
2.8453e-09,0.058145,0.045605
1.5144e-09,0.057593,0.045735
1.1473e-10,0.057025,0.045868
-1.3517e-09,0.056442,0.046002
-2.8822e-09,0.055845,0.046138
-4.4741e-09,0.055236,0.046275
-6.124e-09,0.054614,0.046411
-7.8282e-09,0.05398,0.046548
-9.5827e-09,0.053336,0.046684
-1.1383e-08,0.052682,0.046819
-1.3224e-08,0.05202,0.046952
-1.5101e-08,0.05135,0.047082
-1.7008e-08,0.050673,0.047211
-1.8939e-08,0.049991,0.047336
-2.0887e-08,0.049305,0.047459
-2.2846e-08,0.048616,0.047577
-2.4807e-08,0.047925,0.047692
-2.6765e-08,0.047233,0.047803
-2.871e-08,0.046542,0.04791
-3.0635e-08,0.045853,0.048012
-3.253e-08,0.045167,0.048109
-3.4386e-08,0.044486,0.048202
-3.6195e-08,0.04381,0.048289
-3.7947e-08,0.043142,0.048372
-3.9631e-08,0.042482,0.048449
-4.1239e-08,0.041832,0.048522
-4.2759e-08,0.041193,0.04859
-4.4182e-08,0.040566,0.048653
-4.5496e-08,0.039953,0.048711
-4.6692e-08,0.039355,0.048764
-4.7759e-08,0.038772,0.048813
-4.8686e-08,0.038207,0.048857
-4.9462e-08,0.037661,0.048898
-5.0077e-08,0.037134,0.048934
-5.0521e-08,0.036627,0.048967
-5.0783e-08,0.036142,0.048997
-5.0854e-08,0.03568,0.049023
-5.0724e-08,0.035241,0.049047
-5.0383e-08,0.034827,0.049068
-4.9823e-08,0.034438,0.049087
-4.9035e-08,0.034074,0.049104
-4.801e-08,0.033738,0.049119
-4.6742e-08,0.033428,0.049133
-4.5224e-08,0.033147,0.049147
-4.3449e-08,0.032893,0.04916
-4.1412e-08,0.032668,0.049172
-3.9108e-08,0.032473,0.049185
-3.6534e-08,0.032306,0.049198
-3.3686e-08,0.032169,0.049212
-3.0562e-08,0.032061,0.049227
-2.7163e-08,0.031983,0.049244
-2.3487e-08,0.031934,0.049261
-1.9535e-08,0.031914,0.049281
-1.5311e-08,0.031923,0.049303
-1.0818e-08,0.031961,0.049327
-6.061e-09,0.032027,0.049353
-1.0457e-09,0.032121,0.049382
4.2201e-09,0.032242,0.049414
9.7274e-09,0.03239,0.049449
1.5466e-08,0.032563,0.049487
2.1424e-08,0.032762,0.049528
2.7588e-08,0.032985,0.049572
3.3944e-08,0.033231,0.049619
4.0475e-08,0.0335,0.049669
4.7163e-08,0.03379,0.049723
5.399e-08,0.0341,0.049779
6.0934e-08,0.034429,0.049839
6.7974e-08,0.034776,0.049902
7.5084e-08,0.035141,0.049968
8.2242e-08,0.03552,0.050036
8.9419e-08,0.035914,0.050108
9.6587e-08,0.036321,0.050182
1.0372e-07,0.036739,0.050258
1.1078e-07,0.037168,0.050337
1.1774e-07,0.037605,0.050418
1.2457e-07,0.03805,0.050501
1.3123e-07,0.038501,0.050587
1.3769e-07,0.038957,0.050673
1.4391e-07,0.039417,0.050762
1.4986e-07,0.039879,0.050851
1.5549e-07,0.040341,0.050942
1.6077e-07,0.040803,0.051034
1.6566e-07,0.041263,0.051127
1.7012e-07,0.04172,0.05122
1.7412e-07,0.042173,0.051314
1.776e-07,0.042621,0.051408
1.8055e-07,0.043062,0.051503
1.829e-07,0.043495,0.051598
1.8463e-07,0.04392,0.051692
1.857e-07,0.044335,0.051787
1.8608e-07,0.04474,0.051881
1.8572e-07,0.045133,0.051974
1.8459e-07,0.045514,0.052068
1.8266e-07,0.045882,0.05216
1.7989e-07,0.046236,0.052252
1.7626e-07,0.046576,0.052344
1.7175e-07,0.046901,0.052435
1.6631e-07,0.047211,0.052524
1.5993e-07,0.047505,0.052614
1.526e-07,0.047782,0.052702
1.4428e-07,0.048044,0.05279
1.3498e-07,0.048288,0.052876
1.2467e-07,0.048516,0.052962
1.1335e-07,0.048727,0.053048
1.0101e-07,0.048921,0.053132
8.7653e-08,0.049098,0.053216
7.3287e-08,0.049258,0.0533
5.7917e-08,0.049401,0.053383
4.1556e-08,0.049528,0.053465
2.4221e-08,0.049639,0.053547
5.934e-09,0.049733,0.053629
-1.3277e-08,0.049812,0.053711
-3.3381e-08,0.049876,0.053792
-5.4341e-08,0.049925,0.053874
-7.6113e-08,0.04996,0.053956
-9.865e-08,0.049981,0.054038
-1.219e-07,0.049989,0.054121
-1.458e-07,0.049985,0.054204
-1.7029e-07,0.049968,0.054288
-1.953e-07,0.049941,0.054373
-2.2075e-07,0.049902,0.054458
-2.4656e-07,0.049854,0.054545
-2.7265e-07,0.049796,0.054633
-2.9892e-07,0.04973,0.054722
-3.2527e-07,0.049656,0.054812
-3.5162e-07,0.049575,0.054905
-3.7784e-07,0.049487,0.054999
-4.0382e-07,0.049394,0.055094
-4.2945e-07,0.049296,0.055192
-4.5461e-07,0.049193,0.055292
-4.7918e-07,0.049087,0.055394
-5.0302e-07,0.048978,0.055498
-5.26e-07,0.048866,0.055605
-5.4799e-07,0.048753,0.055714
-5.6885e-07,0.048639,0.055826
-5.8844e-07,0.048524,0.05594
-6.0662e-07,0.048409,0.056057
-6.2325e-07,0.048295,0.056177
-6.3818e-07,0.048182,0.056299
-6.5127e-07,0.048071,0.056424
-6.6237e-07,0.047961,0.056553
-6.7136e-07,0.047854,0.056683
-6.7807e-07,0.04775,0.056817
-6.8238e-07,0.047648,0.056954
-6.8415e-07,0.04755,0.057093
-6.8325e-07,0.047456,0.057235
-6.7955e-07,0.047365,0.05738
-6.7293e-07,0.047279,0.057527
-6.6327e-07,0.047196,0.057677
-6.5047e-07,0.047118,0.05783
-6.3441e-07,0.047044,0.057984
-6.1501e-07,0.046975,0.058141
-5.9218e-07,0.04691,0.0583
-5.6584e-07,0.046849,0.058461
-5.3593e-07,0.046793,0.058623
-5.024e-07,0.046742,0.058787
-4.652e-07,0.046694,0.058953
-4.243e-07,0.04665,0.059119
-3.7969e-07,0.046611,0.059287
-3.3136e-07,0.046575,0.059455
-2.7934e-07,0.046543,0.059624
-2.2365e-07,0.046514,0.059793
-1.6433e-07,0.046489,0.059962
-1.0144e-07,0.046467,0.06013
-3.5077e-08,0.046447,0.060298
3.4673e-08,0.04643,0.060466
1.0769e-07,0.046415,0.060632
1.8384e-07,0.046403,0.060797
2.6296e-07,0.046392,0.06096
3.4489e-07,0.046383,0.061121
4.2942e-07,0.046375,0.061279
5.1635e-07,0.046369,0.061436
6.0543e-07,0.046363,0.061589
6.9641e-07,0.046359,0.061739
7.8901e-07,0.046354,0.061885
8.8294e-07,0.04635,0.062028
9.7788e-07,0.046346,0.062166
1.0735e-06,0.046342,0.0623
1.1694e-06,0.046338,0.062429
1.2653e-06,0.046334,0.062553
1.3607e-06,0.046329,0.062672
1.4553e-06,0.046324,0.062785
1.5486e-06,0.046318,0.062893
1.6402e-06,0.046311,0.062994
1.7295e-06,0.046304,0.063089
1.8162e-06,0.046295,0.063177
1.8998e-06,0.046286,0.063259
1.9797e-06,0.046276,0.063333
2.0555e-06,0.046265,0.0634
2.1266e-06,0.046254,0.06346
2.1926e-06,0.046241,0.063513
2.2529e-06,0.046228,0.063557
2.3069e-06,0.046215,0.063594
2.3542e-06,0.0462,0.063623
2.3942e-06,0.046186,0.063644
2.4263e-06,0.046171,0.063656
2.4502e-06,0.046155,0.063661
2.4652e-06,0.04614,0.063657
2.471e-06,0.046125,0.063645
2.4669e-06,0.04611,0.063625
2.4525e-06,0.046096,0.063596
2.4274e-06,0.046082,0.06356
2.3911e-06,0.046069,0.063515
2.3432e-06,0.046056,0.063462
2.2835e-06,0.046045,0.063401
2.2114e-06,0.046035,0.063332
2.1267e-06,0.046026,0.063256
2.0292e-06,0.046019,0.063172
1.9185e-06,0.046014,0.06308
1.7945e-06,0.04601,0.062981
1.6571e-06,0.046009,0.062875
1.506e-06,0.046009,0.062762
1.3414e-06,0.046012,0.062642
1.1631e-06,0.046017,0.062516
9.7119e-07,0.046025,0.062384
7.6584e-07,0.046035,0.062246
5.4721e-07,0.046047,0.062102
3.1551e-07,0.046063,0.061953
7.1069e-08,0.046081,0.061799
-1.8576e-07,0.046101,0.061641
-4.5452e-07,0.046124,0.061477
-7.3472e-07,0.04615,0.06131
-1.0258e-06,0.046178,0.061139
-1.327e-06,0.046209,0.060965
-1.6377e-06,0.046242,0.060788
-1.957e-06,0.046278,0.060608
-2.284e-06,0.046316,0.060426
-2.6179e-06,0.046356,0.060242
-2.9574e-06,0.046398,0.060056
-3.3016e-06,0.046442,0.05987
-3.6492e-06,0.046487,0.059682
-3.9989e-06,0.046535,0.059495
-4.3494e-06,0.046583,0.059307
-4.6993e-06,0.046633,0.05912
-5.047e-06,0.046684,0.058934
-5.391e-06,0.046736,0.058749
-5.7297e-06,0.046788,0.058565
-6.0613e-06,0.04684,0.058384
-6.3841e-06,0.046893,0.058204
-6.6962e-06,0.046946,0.058028
-6.9959e-06,0.046999,0.057855
-7.2811e-06,0.047051,0.057685
-7.5499e-06,0.047102,0.057519
-7.8004e-06,0.047153,0.057356
-8.0304e-06,0.047202,0.057199
-8.2379e-06,0.04725,0.057046
-8.4208e-06,0.047297,0.056898
-8.577e-06,0.047342,0.056755
-8.7044e-06,0.047386,0.056618
-8.801e-06,0.047427,0.056487
-8.8645e-06,0.047466,0.056361
-8.8929e-06,0.047503,0.056242
-8.8842e-06,0.047538,0.05613
-8.8363e-06,0.04757,0.056023
-8.7472e-06,0.0476,0.055924
-8.615e-06,0.047627,0.055832
-8.4379e-06,0.047652,0.055747
-8.214e-06,0.047674,0.055669
-7.9415e-06,0.047693,0.055598
-7.619e-06,0.04771,0.055534
-7.2447e-06,0.047724,0.055478
-6.8174e-06,0.047735,0.055429
-6.3356e-06,0.047743,0.055388
-5.7982e-06,0.04775,0.055354
-5.2041e-06,0.047753,0.055328
-4.5525e-06,0.047755,0.055308
-3.8426e-06,0.047754,0.055296
-3.0737e-06,0.04775,0.055292
-2.2456e-06,0.047745,0.055294
-1.3579e-06,0.047738,0.055303
-4.1057e-07,0.04773,0.05532
5.9615e-07,0.047719,0.055342
1.6619e-06,0.047708,0.055372
2.7862e-06,0.047695,0.055407
3.9683e-06,0.047681,0.055449
5.207e-06,0.047667,0.055497
6.5013e-06,0.047651,0.055551
7.8496e-06,0.047636,0.05561
9.2503e-06,0.04762,0.055674
1.0701e-05,0.047604,0.055743
1.2201e-05,0.047588,0.055818
1.3746e-05,0.047572,0.055896
1.5335e-05,0.047558,0.055979
1.6964e-05,0.047544,0.056066
1.863e-05,0.047531,0.056156
2.0331e-05,0.047519,0.05625
2.2062e-05,0.047508,0.056347
2.382e-05,0.047499,0.056447
2.56e-05,0.047492,0.056549
2.74e-05,0.047486,0.056653
2.9214e-05,0.047483,0.05676
3.1038e-05,0.047481,0.056868
3.2867e-05,0.047482,0.056977
3.4697e-05,0.047485,0.057087
3.6523e-05,0.047491,0.057198
3.8339e-05,0.047499,0.057309
4.0141e-05,0.04751,0.057421
4.1923e-05,0.047524,0.057532
4.368e-05,0.04754,0.057643
4.5406e-05,0.047559,0.057754
4.7098e-05,0.047581,0.057863
4.8748e-05,0.047606,0.057971
5.0352e-05,0.047634,0.058078
5.1904e-05,0.047664,0.058183
5.34e-05,0.047698,0.058286
5.4835e-05,0.047734,0.058387
5.6203e-05,0.047772,0.058485
5.75e-05,0.047814,0.05858
5.8721e-05,0.047858,0.058673
5.9861e-05,0.047904,0.058763
6.0918e-05,0.047953,0.058849
6.1886e-05,0.048004,0.058933
6.2763e-05,0.048057,0.059012
6.3544e-05,0.048113,0.059088
6.4228e-05,0.04817,0.059159
6.481e-05,0.048229,0.059227
6.5291e-05,0.04829,0.059291
6.5666e-05,0.048352,0.05935
6.5935e-05,0.048416,0.059405
6.6097e-05,0.04848,0.059456
6.6151e-05,0.048546,0.059502
6.6097e-05,0.048613,0.059543
6.5935e-05,0.048681,0.05958
6.5666e-05,0.048749,0.059612
6.5291e-05,0.048817,0.05964
6.481e-05,0.048886,0.059663
6.4228e-05,0.048956,0.059681
6.3544e-05,0.049025,0.059694
6.2763e-05,0.049094,0.059703
6.1886e-05,0.049163,0.059708
6.0918e-05,0.049231,0.059707
5.9861e-05,0.049299,0.059703
5.8721e-05,0.049366,0.059694
5.75e-05,0.049432,0.059681
5.6203e-05,0.049498,0.059663
5.4835e-05,0.049562,0.059642
5.34e-05,0.049625,0.059617
5.1904e-05,0.049687,0.059588
5.0352e-05,0.049747,0.059556
4.8748e-05,0.049806,0.05952
4.7098e-05,0.049864,0.059481
4.5406e-05,0.049919,0.059439
4.368e-05,0.049973,0.059394
4.1923e-05,0.050025,0.059347
4.0141e-05,0.050075,0.059297
3.8339e-05,0.050122,0.059245
3.6523e-05,0.050168,0.059191
3.4697e-05,0.050211,0.059136
3.2867e-05,0.050252,0.059079
3.1038e-05,0.050291,0.05902
2.9214e-05,0.050327,0.058961
2.74e-05,0.050361,0.058901
2.56e-05,0.050393,0.05884
2.382e-05,0.050421,0.058779
2.2062e-05,0.050448,0.058718
2.0331e-05,0.050471,0.058657
1.863e-05,0.050492,0.058596
1.6964e-05,0.050511,0.058536
1.5335e-05,0.050527,0.058476
1.3746e-05,0.05054,0.058418
1.2201e-05,0.050551,0.05836
1.0701e-05,0.050559,0.058304
9.2503e-06,0.050564,0.058249
7.8496e-06,0.050567,0.058196
6.5013e-06,0.050568,0.058145
5.207e-06,0.050566,0.058096
3.9683e-06,0.050562,0.058048
2.7862e-06,0.050555,0.058003
1.6619e-06,0.050546,0.057961
5.9615e-07,0.050535,0.05792
-4.1057e-07,0.050523,0.057883
-1.3579e-06,0.050508,0.057847
-2.2456e-06,0.050491,0.057815
-3.0737e-06,0.050472,0.057785
-3.8426e-06,0.050452,0.057759
-4.5525e-06,0.05043,0.057735
-5.2041e-06,0.050407,0.057714
-5.7982e-06,0.050383,0.057695
-6.3356e-06,0.050357,0.05768
-6.8174e-06,0.050331,0.057668
-7.2447e-06,0.050303,0.057659
-7.619e-06,0.050275,0.057652
-7.9415e-06,0.050246,0.057649
-8.214e-06,0.050217,0.057648
-8.4379e-06,0.050188,0.057651
-8.615e-06,0.050158,0.057656
-8.7472e-06,0.050129,0.057664
-8.8363e-06,0.050099,0.057674
-8.8842e-06,0.05007,0.057687
-8.8929e-06,0.050042,0.057703
-8.8645e-06,0.050014,0.057721
-8.801e-06,0.049987,0.057741
-8.7044e-06,0.04996,0.057764
-8.577e-06,0.049935,0.057789
-8.4208e-06,0.049911,0.057815
-8.2379e-06,0.049888,0.057844
-8.0304e-06,0.049866,0.057875
-7.8004e-06,0.049846,0.057907
-7.5499e-06,0.049828,0.05794
-7.2811e-06,0.049811,0.057976
-6.9959e-06,0.049796,0.058012
-6.6962e-06,0.049783,0.05805
-6.3841e-06,0.049772,0.058088
-6.0613e-06,0.049763,0.058128
-5.7297e-06,0.049756,0.058168
-5.391e-06,0.04975,0.058209
-5.047e-06,0.049747,0.05825
-4.6993e-06,0.049746,0.058292
-4.3494e-06,0.049748,0.058333
-3.9989e-06,0.049751,0.058375
-3.6492e-06,0.049756,0.058417
-3.3016e-06,0.049764,0.058459
-2.9574e-06,0.049773,0.0585
-2.6179e-06,0.049784,0.05854
-2.284e-06,0.049798,0.05858
-1.957e-06,0.049813,0.05862
-1.6377e-06,0.04983,0.058658
-1.327e-06,0.049848,0.058696
-1.0258e-06,0.049869,0.058732
-7.3472e-07,0.04989,0.058767
-4.5452e-07,0.049913,0.058801
-1.8576e-07,0.049938,0.058834
7.1069e-08,0.049963,0.058865
3.1551e-07,0.049989,0.058895
5.472e-07,0.050017,0.058923
7.6584e-07,0.050044,0.05895
9.7118e-07,0.050073,0.058975
1.1631e-06,0.050102,0.058998
1.3414e-06,0.05013,0.059019
1.506e-06,0.050159,0.059038
1.6571e-06,0.050188,0.059056
1.7945e-06,0.050217,0.059072
1.9185e-06,0.050245,0.059085
2.0292e-06,0.050272,0.059097
2.1267e-06,0.050298,0.059107
2.2114e-06,0.050324,0.059115
2.2835e-06,0.050348,0.05912
2.3432e-06,0.050371,0.059124
2.3911e-06,0.050392,0.059126
2.4274e-06,0.050412,0.059127
2.4525e-06,0.05043,0.059125
2.4669e-06,0.050445,0.059121
2.471e-06,0.050459,0.059116
2.4652e-06,0.05047,0.059108
2.4502e-06,0.050479,0.059099
2.4263e-06,0.050485,0.059089
2.3942e-06,0.050489,0.059076
2.3542e-06,0.050489,0.059062
2.3069e-06,0.050487,0.059047
2.2529e-06,0.050482,0.05903
2.1926e-06,0.050473,0.059012
2.1266e-06,0.050462,0.058992
2.0555e-06,0.050447,0.058971
1.9797e-06,0.050429,0.058949
1.8998e-06,0.050407,0.058925
1.8162e-06,0.050382,0.058901
1.7295e-06,0.050354,0.058876
1.6401e-06,0.050322,0.058849
1.5486e-06,0.050287,0.058822
1.4553e-06,0.050249,0.058794
1.3607e-06,0.050207,0.058766
1.2653e-06,0.050161,0.058737
1.1694e-06,0.050113,0.058707
1.0735e-06,0.050061,0.058677
9.7788e-07,0.050006,0.058646
8.8294e-07,0.049948,0.058615
7.8901e-07,0.049887,0.058584
6.964e-07,0.049823,0.058553
6.0542e-07,0.049757,0.058522
5.1634e-07,0.049688,0.05849
4.2942e-07,0.049617,0.058459
3.4489e-07,0.049543,0.058428
2.6296e-07,0.049468,0.058397
1.8384e-07,0.04939,0.058366
1.0769e-07,0.049311,0.058336
3.4672e-08,0.04923,0.058306
-3.5077e-08,0.049148,0.058276
-1.0144e-07,0.049065,0.058247
-1.6432e-07,0.048982,0.058219
-2.2364e-07,0.048897,0.058191
-2.7934e-07,0.048813,0.058164
-3.3136e-07,0.048728,0.058137
-3.7968e-07,0.048643,0.058112
-4.2429e-07,0.048559,0.058087
-4.6519e-07,0.048475,0.058063
-5.0239e-07,0.048392,0.05804
-5.3593e-07,0.04831,0.058017
-5.6583e-07,0.04823,0.057996
-5.9217e-07,0.048151,0.057975
-6.15e-07,0.048074,0.057956
-6.344e-07,0.047998,0.057937
-6.5046e-07,0.047925,0.05792
-6.6326e-07,0.047855,0.057903
-6.7292e-07,0.047787,0.057888
-6.7954e-07,0.047722,0.057873
-6.8324e-07,0.04766,0.057859
-6.8414e-07,0.047601,0.057846
-6.8237e-07,0.047545,0.057834
-6.7805e-07,0.047492,0.057823
-6.7134e-07,0.047444,0.057812
-6.6236e-07,0.047399,0.057803
-6.5125e-07,0.047357,0.057794
-6.3816e-07,0.04732,0.057785
-6.2323e-07,0.047286,0.057777
-6.066e-07,0.047257,0.05777
-5.8842e-07,0.047231,0.057763
-5.6883e-07,0.04721,0.057756
-5.4797e-07,0.047192,0.057749
-5.2598e-07,0.047179,0.057743
-5.03e-07,0.047169,0.057736
-4.7916e-07,0.047164,0.05773
-4.5459e-07,0.047163,0.057723
-4.2943e-07,0.047166,0.057716
-4.038e-07,0.047172,0.057708
-3.7782e-07,0.047182,0.0577
-3.516e-07,0.047196,0.057691
-3.2526e-07,0.047214,0.057681
-2.989e-07,0.047235,0.057671
-2.7263e-07,0.047259,0.057659
-2.4654e-07,0.047287,0.057646
-2.2073e-07,0.047317,0.057631
-1.9528e-07,0.047351,0.057615
-1.7028e-07,0.047387,0.057598
-1.4579e-07,0.047426,0.057579
-1.2189e-07,0.047468,0.057557
-9.864e-08,0.047512,0.057534
-7.6105e-08,0.047558,0.057509
-5.4334e-08,0.047605,0.057481
-3.3376e-08,0.047655,0.057451
-1.3274e-08,0.047706,0.057419
5.9351e-09,0.047759,0.057384
2.422e-08,0.047813,0.057346
4.1552e-08,0.047868,0.057306
5.7911e-08,0.047924,0.057262
7.3279e-08,0.047981,0.057216
8.7642e-08,0.048038,0.057167
1.0099e-07,0.048095,0.057115
1.1333e-07,0.048153,0.057059
1.2465e-07,0.048211,0.057001
1.3496e-07,0.048269,0.056939
1.4426e-07,0.048326,0.056875
1.5257e-07,0.048383,0.056807
1.599e-07,0.048439,0.056736
1.6628e-07,0.048494,0.056662
1.7171e-07,0.048549,0.056584
1.7623e-07,0.048603,0.056504
1.7985e-07,0.048655,0.056421
1.8261e-07,0.048706,0.056335
1.8454e-07,0.048756,0.056246
1.8567e-07,0.048804,0.056154
1.8602e-07,0.048851,0.05606
1.8565e-07,0.048896,0.055963
1.8457e-07,0.048939,0.055864
1.8284e-07,0.048981,0.055762
1.8048e-07,0.04902,0.055659
1.7754e-07,0.049058,0.055553
1.7405e-07,0.049094,0.055446
1.7006e-07,0.049127,0.055338
1.6559e-07,0.049159,0.055228
1.607e-07,0.049188,0.055117
1.5542e-07,0.049215,0.055005
1.4978e-07,0.049241,0.054892
1.4384e-07,0.049264,0.054779
1.3762e-07,0.049284,0.054666
1.3116e-07,0.049303,0.054553
1.245e-07,0.04932,0.05444
1.1767e-07,0.049334,0.054328
1.1071e-07,0.049347,0.054216
1.0364e-07,0.049357,0.054106
9.6515e-08,0.049365,0.053998
8.9348e-08,0.049371,0.053891
8.2173e-08,0.049376,0.053786
7.5018e-08,0.049378,0.053683
6.791e-08,0.049379,0.053583
6.0874e-08,0.049378,0.053486
5.3933e-08,0.049375,0.053392
4.7111e-08,0.04937,0.053301
4.0427e-08,0.049364,0.053214
3.3901e-08,0.049356,0.053131
2.755e-08,0.049347,0.053052
2.1392e-08,0.049336,0.052978
1.544e-08,0.049324,0.052908
9.7081e-09,0.049311,0.052843
4.2077e-09,0.049296,0.052784
-1.0507e-09,0.04928,0.05273
-6.0583e-09,0.049263,0.052681
-1.0807e-08,0.049246,0.052639
-1.5292e-08,0.049227,0.052602
-1.9507e-08,0.049207,0.052571
-2.3449e-08,0.049186,0.052547
-2.7116e-08,0.049165,0.052529
-3.0506e-08,0.049143,0.052517
-3.362e-08,0.04912,0.052512
-3.6458e-08,0.049097,0.052514
-3.9022e-08,0.049073,0.052522
-4.1315e-08,0.049049,0.052537
-4.3341e-08,0.049024,0.052559
-4.5106e-08,0.048999,0.052588
-4.6613e-08,0.048974,0.052623
-4.787e-08,0.048949,0.052665
-4.8884e-08,0.048923,0.052714
-4.9662e-08,0.048897,0.052769
-5.0212e-08,0.048872,0.052831
-5.0542e-08,0.048846,0.052899
-5.0662e-08,0.04882,0.052973
-5.0581e-08,0.048794,0.053053
-5.0309e-08,0.048769,0.053139
-4.9856e-08,0.048743,0.053231
-4.9232e-08,0.048718,0.053328
-4.8448e-08,0.048693,0.053431
-4.7514e-08,0.048669,0.053538
-4.644e-08,0.048644,0.05365
-4.5238e-08,0.04862,0.053767
-4.3918e-08,0.048596,0.053888
-4.249e-08,0.048573,0.054013
-4.0966e-08,0.04855,0.054141
-3.9356e-08,0.048528,0.054273
-3.7669e-08,0.048506,0.054407
-3.5916e-08,0.048484,0.054545
-3.4107e-08,0.048463,0.054684
-3.2252e-08,0.048442,0.054826
-3.0359e-08,0.048422,0.05497
-2.8438e-08,0.048402,0.055114
-2.6498e-08,0.048383,0.05526
-2.4547e-08,0.048364,0.055407
-2.2592e-08,0.048346,0.055553
-2.0643e-08,0.048328,0.0557
-1.8705e-08,0.048311,0.055846
-1.6786e-08,0.048294,0.055992
-1.4892e-08,0.048277,0.056137
-1.303e-08,0.048261,0.05628
-1.1205e-08,0.048246,0.056421
-9.4226e-09,0.04823,0.056561
-7.6874e-09,0.048215,0.056698
-6.0041e-09,0.048201,0.056833
-4.3766e-09,0.048186,0.056965
-2.8086e-09,0.048172,0.057093
-1.3033e-09,0.048158,0.057218
1.3627e-10,0.048144,0.05734
1.5078e-09,0.04813,0.057457
2.8092e-09,0.048117,0.05757
4.0386e-09,0.048103,0.057679
5.1948e-09,0.048089,0.057783
6.2767e-09,0.048074,0.057883
7.2837e-09,0.04806,0.057977
8.2153e-09,0.048045,0.058066
9.0716e-09,0.04803,0.05815
9.8527e-09,0.048014,0.058229
1.0559e-08,0.047997,0.058302
1.1192e-08,0.04798,0.058369
1.1752e-08,0.047962,0.058431
1.224e-08,0.047943,0.058486
1.2658e-08,0.047924,0.058536
1.3008e-08,0.047903,0.058581
1.3291e-08,0.047881,0.058619
1.351e-08,0.047858,0.058651
1.3666e-08,0.047833,0.058678
1.3762e-08,0.047807,0.058699
1.3801e-08,0.04778,0.058714
1.3785e-08,0.047751,0.058723
1.3716e-08,0.047721,0.058727
1.3598e-08,0.047688,0.058725
1.3433e-08,0.047655,0.058718
1.3224e-08,0.047619,0.058706
1.2974e-08,0.047582,0.058688
1.2685e-08,0.047542,0.058666
1.2361e-08,0.047501,0.058639
1.2005e-08,0.047458,0.058607
1.1619e-08,0.047413,0.058571
1.1207e-08,0.047366,0.05853
1.077e-08,0.047318,0.058486
1.0313e-08,0.047267,0.058437
9.8373e-09,0.047214,0.058386
9.3461e-09,0.04716,0.05833
8.8419e-09,0.047104,0.058272
8.3273e-09,0.047046,0.058211
7.8047e-09,0.046986,0.058147
7.2766e-09,0.046924,0.05808
6.7452e-09,0.046861,0.058012
6.2128e-09,0.046797,0.057941
5.6814e-09,0.046731,0.057869
5.153e-09,0.046663,0.057795
4.6296e-09,0.046594,0.05772
4.1129e-09,0.046525,0.057644
3.6046e-09,0.046454,0.057568
3.1063e-09,0.046382,0.057491
2.6194e-09,0.046309,0.057414
2.1452e-09,0.046236,0.057336
1.685e-09,0.046162,0.057259
1.24e-09,0.046088,0.057183
8.1099e-10,0.046014,0.057106
3.9903e-10,0.045939,0.057031
4.8669e-12,0.045865,0.056957
-3.7082e-10,0.04579,0.056884
-7.2744e-10,0.045717,0.056812
-1.0645e-09,0.045643,0.056742
-1.3817e-09,0.045571,0.056674
-1.6786e-09,0.045499,0.056607
-1.9552e-09,0.045428,0.056542
-2.2112e-09,0.045359,0.056479
-2.4467e-09,0.04529,0.056418
-2.6617e-09,0.045224,0.05636
-2.8564e-09,0.045158,0.056303
-3.0309e-09,0.045095,0.056249
-3.1856e-09,0.045034,0.056197
-3.3207e-09,0.044975,0.056148
-3.4367e-09,0.044917,0.0561
-3.534e-09,0.044863,0.056055
-3.6131e-09,0.044811,0.056013
-3.6745e-09,0.044761,0.055972
-3.719e-09,0.044714,0.055933
-3.747e-09,0.04467,0.055897
-3.7592e-09,0.044629,0.055863
-3.7564e-09,0.044591,0.05583
-3.7392e-09,0.044556,0.055799
-3.7085e-09,0.044525,0.05577
-3.6649e-09,0.044496,0.055742
-3.6092e-09,0.044471,0.055715
-3.5422e-09,0.04445,0.05569
-3.4647e-09,0.044432,0.055666
-3.3775e-09,0.044417,0.055642
-3.2814e-09,0.044406,0.055619
-3.1771e-09,0.044398,0.055597
-3.0655e-09,0.044394,0.055574
-2.9473e-09,0.044394,0.055552
-2.8233e-09,0.044397,0.05553
-2.6942e-09,0.044404,0.055508
-2.5608e-09,0.044414,0.055485
-2.4238e-09,0.044428,0.055461
-2.2839e-09,0.044445,0.055437
-2.1417e-09,0.044466,0.055412
-1.998e-09,0.04449,0.055386
-1.8533e-09,0.044518,0.055358
-1.7083e-09,0.044549,0.055329
-1.5635e-09,0.044583,0.055298
-1.4194e-09,0.04462,0.055266
-1.2767e-09,0.044661,0.055232
-1.1357e-09,0.044705,0.055196
-9.9695e-10,0.044751,0.055158
-8.6088e-10,0.044801,0.055117
-7.2788e-10,0.044853,0.055075
-5.9831e-10,0.044909,0.05503
-4.7252e-10,0.044967,0.054983
-3.5082e-10,0.045027,0.054934
-2.3347e-10,0.04509,0.054883
-1.2073e-10,0.045156,0.054829
-1.2813e-11,0.045223,0.054773
9.0087e-11,0.045293,0.054714
1.8781e-10,0.045366,0.054654
2.8022e-10,0.04544,0.054591
3.6722e-10,0.045516,0.054526
4.4872e-10,0.045594,0.054459
5.2466e-10,0.045673,0.05439
5.9502e-10,0.045755,0.054319
6.5978e-10,0.045838,0.054247
7.1896e-10,0.045922,0.054173
7.726e-10,0.046008,0.054097
8.2074e-10,0.046094,0.054021
8.6345e-10,0.046183,0.053943
9.0084e-10,0.046272,0.053864
9.3299e-10,0.046362,0.053785
9.6005e-10,0.046453,0.053706
9.8213e-10,0.046544,0.053626
9.9939e-10,0.046637,0.053546
1.012e-09,0.04673,0.053467
1.0201e-09,0.046823,0.053388
1.0239e-09,0.046917,0.053309
1.0236e-09,0.047011,0.053232
1.0193e-09,0.047106,0.053157
1.0113e-09,0.047201,0.053083
9.9982e-10,0.047296,0.05301
9.85e-10,0.047391,0.052941
9.6707e-10,0.047486,0.052873
9.4627e-10,0.047581,0.052809
9.2279e-10,0.047676,0.052747
8.9685e-10,0.047771,0.05269
8.6868e-10,0.047865,0.052636
8.3848e-10,0.047959,0.052586
8.0647e-10,0.048053,0.05254
7.7285e-10,0.048146,0.052499
7.3783e-10,0.048239,0.052463
7.0162e-10,0.048331,0.052433
6.6439e-10,0.048423,0.052408
6.2636e-10,0.048514,0.052389
5.8769e-10,0.048604,0.052376
5.4857e-10,0.048694,0.05237
5.0918e-10,0.048782,0.052371
4.6967e-10,0.04887,0.052378
4.3021e-10,0.048956,0.052393
3.9094e-10,0.049042,0.052416
3.52e-10,0.049126,0.052446
3.1354e-10,0.049209,0.052484
2.7567e-10,0.049291,0.05253
2.3852e-10,0.049372,0.052584
2.022e-10,0.049451,0.052647
1.6679e-10,0.049528,0.052719
1.3241e-10,0.049604,0.0528
9.913e-11,0.049679,0.052889
6.703e-11,0.049751,0.052987
3.6178e-11,0.049821,0.053094
6.6344e-12,0.049889,0.05321
-2.1548e-11,0.049956,0.053335
-4.8325e-11,0.050019,0.05347
-7.3659e-11,0.050081,0.053613
-9.7521e-11,0.050139,0.053765
-1.1989e-10,0.050195,0.053926
-1.4074e-10,0.050249,0.054095
-1.6007e-10,0.050299,0.054273
-1.7788e-10,0.050346,0.05446
-1.9417e-10,0.050389,0.054654
-2.0894e-10,0.050429,0.054857
-2.2222e-10,0.050466,0.055067
-2.3402e-10,0.050498,0.055284
-2.4436e-10,0.050527,0.055508
-2.5327e-10,0.050551,0.055739
-2.6079e-10,0.050571,0.055976
-2.6695e-10,0.050586,0.056219
-2.718e-10,0.050597,0.056467
-2.7537e-10,0.050603,0.05672
-2.7771e-10,0.050603,0.056977
-2.7887e-10,0.050599,0.057239
-2.789e-10,0.050589,0.057503
-2.7785e-10,0.050573,0.05777
-2.7578e-10,0.050552,0.05804
-2.7275e-10,0.050526,0.058311
-2.6881e-10,0.050493,0.058582
-2.6402e-10,0.050454,0.058854
-2.5843e-10,0.05041,0.059126
-2.5211e-10,0.050359,0.059397
-2.4512e-10,0.050302,0.059666
-2.3751e-10,0.050239,0.059932
-2.2934e-10,0.05017,0.060196
-2.2067e-10,0.050094,0.060456
-2.1156e-10,0.050013,0.060711
-2.0205e-10,0.049926,0.060962
-1.9222e-10,0.049832,0.061206
-1.8211e-10,0.049733,0.061445
-1.7177e-10,0.049628,0.061677
-1.6125e-10,0.049517,0.061901
-1.5061e-10,0.049401,0.062117
-1.3988e-10,0.04928,0.062324
-1.2912e-10,0.049155,0.062522
-1.1837e-10,0.049024,0.062711
-1.0766e-10,0.048889,0.062889
-9.7043e-11,0.048751,0.063057
-8.6549e-11,0.048608,0.063214
-7.6215e-11,0.048463,0.063359
-6.6071e-11,0.048314,0.063493
-5.6149e-11,0.048164,0.063615
-4.6477e-11,0.048011,0.063724
-3.7079e-11,0.047857,0.063821
-2.7979e-11,0.047701,0.063905
-1.9198e-11,0.047545,0.063976
-1.0756e-11,0.04739,0.064034
-2.6682e-12,0.047234,0.064079
5.0502e-12,0.04708,0.064111
1.2387e-11,0.046927,0.06413
1.9332e-11,0.046777,0.064135
2.5876e-11,0.046629,0.064128
3.2013e-11,0.046485,0.064108
3.7739e-11,0.046344,0.064075
4.3051e-11,0.046208,0.06403
4.7948e-11,0.046077,0.063972
5.243e-11,0.045952,0.063902
5.65e-11,0.045833,0.063821
6.0161e-11,0.04572,0.063728
6.3418e-11,0.045615,0.063624
6.6278e-11,0.045517,0.063509
6.8748e-11,0.045428,0.063384
7.0838e-11,0.045347,0.063249
7.2556e-11,0.045276,0.063104
7.3914e-11,0.045214,0.06295
7.4924e-11,0.045162,0.062788
7.5597e-11,0.045121,0.062618
7.5947e-11,0.04509,0.06244
7.5989e-11,0.04507,0.062254
7.5735e-11,0.045062,0.062062
7.5202e-11,0.045065,0.061864
7.4404e-11,0.04508,0.06166
7.3356e-11,0.045106,0.06145
7.2075e-11,0.045145,0.061236
7.0576e-11,0.045197,0.061018
6.8876e-11,0.04526,0.060796
6.699e-11,0.045336,0.06057
6.4934e-11,0.045424,0.060341
6.2725e-11,0.045524,0.06011
6.0377e-11,0.045636,0.059876
5.7907e-11,0.045761,0.059641
5.533e-11,0.045897,0.059405
5.266e-11,0.046045,0.059167
4.9913e-11,0.046204,0.058929
4.7102e-11,0.046375,0.05869
4.4242e-11,0.046556,0.058451
4.1345e-11,0.046748,0.058213
3.8425e-11,0.04695,0.057975
3.5494e-11,0.047162,0.057737
3.2564e-11,0.047382,0.0575
2.9646e-11,0.047612,0.057265
2.675e-11,0.04785,0.05703
2.3887e-11,0.048096,0.056797
2.1067e-11,0.048349,0.056565
1.8298e-11,0.048609,0.056335
1.5588e-11,0.048874,0.056107
1.2945e-11,0.049146,0.05588
1.0376e-11,0.049422,0.055656
7.8884e-12,0.049702,0.055433
5.4867e-12,0.049986,0.055211
3.1766e-12,0.050273,0.054992
9.626e-13,0.050562,0.054775
-1.1512e-12,0.050852,0.054559
-3.1613e-12,0.051144,0.054346
-5.0649e-12,0.051435,0.054134
-6.8597e-12,0.051726,0.053924
-8.5438e-12,0.052016,0.053716
-1.0116e-11,0.052304,0.05351
-1.1575e-11,0.05259,0.053305
-1.2922e-11,0.052872,0.053102
-1.4155e-11,0.053151,0.052901
-1.5276e-11,0.053425,0.052702
-1.6285e-11,0.053694,0.052504
-1.7184e-11,0.053957,0.052308
-1.7975e-11,0.054213,0.052113
-1.866e-11,0.054463,0.05192
-1.924e-11,0.054705,0.051728
-1.9719e-11,0.05494,0.051538
-2.0099e-11,0.055165,0.05135
-2.0385e-11,0.055382,0.051164
-2.0578e-11,0.055589,0.050979
-2.0683e-11,0.055786,0.050796
-2.0703e-11,0.055972,0.050615
-2.0643e-11,0.056148,0.050435
-2.0505e-11,0.056313,0.050258
-2.0296e-11,0.056466,0.050083
-2.0018e-11,0.056607,0.049911
-1.9675e-11,0.056737,0.049741
-1.9273e-11,0.056854,0.049574
-1.8816e-11,0.056959,0.049409
-1.8307e-11,0.057052,0.049248
-1.7752e-11,0.057131,0.049091
-1.7155e-11,0.057198,0.048937
-1.6519e-11,0.057253,0.048787
-1.585e-11,0.057294,0.048641
-1.5151e-11,0.057323,0.0485
-1.4426e-11,0.057339,0.048364
-1.368e-11,0.057343,0.048233
-1.2916e-11,0.057334,0.048108
-1.2138e-11,0.057313,0.047988
-1.135e-11,0.05728,0.047876
-1.0555e-11,0.057235,0.04777
-9.7563e-12,0.057179,0.047672
-8.9579e-12,0.057111,0.047581
-8.1625e-12,0.057032,0.047499
-7.3729e-12,0.056943,0.047426
-6.5919e-12,0.056844,0.047362
-5.8222e-12,0.056735,0.047307
-5.0662e-12,0.056616,0.047263
-4.3261e-12,0.056489,0.04723
-3.6041e-12,0.056353,0.047208
-2.902e-12,0.056209,0.047198
-2.2218e-12,0.056058,0.0472
-1.5649e-12,0.055899,0.047215
-9.328e-13,0.055735,0.047243
-3.2677e-13,0.055564,0.047285
2.5208e-13,0.055388,0.047341
8.0279e-13,0.055206,0.047412
1.3246e-12,0.055021,0.047498
1.8167e-12,0.054832,0.0476
2.2788e-12,0.054639,0.047717
2.7104e-12,0.054444,0.047852
3.1113e-12,0.054247,0.048002
3.4814e-12,0.054048,0.048171
3.8208e-12,0.053848,0.048356
4.1294e-12,0.053647,0.048559
4.4077e-12,0.053446,0.04878
4.6559e-12,0.053246,0.049019
4.8746e-12,0.053046,0.049277
5.0641e-12,0.052848,0.049553
5.2253e-12,0.052651,0.049847
5.3588e-12,0.052457,0.05016
5.4653e-12,0.052265,0.050492
5.5458e-12,0.052076,0.050842
5.6012e-12,0.05189,0.05121
5.6323e-12,0.051708,0.051597
5.6403e-12,0.051529,0.052002
5.6262e-12,0.051355,0.052425
5.591e-12,0.051185,0.052865
5.536e-12,0.05102,0.053323
5.4622e-12,0.050859,0.053797
5.3708e-12,0.050704,0.054288
5.263e-12,0.050553,0.054795
5.14e-12,0.050408,0.055317
5.0029e-12,0.050268,0.055853
4.853e-12,0.050133,0.056404
4.6915e-12,0.050004,0.056968
4.5194e-12,0.04988,0.057544
4.338e-12,0.049762,0.058133
4.1484e-12,0.049648,0.058732
3.9516e-12,0.049541,0.059341
3.7489e-12,0.049438,0.059959
3.5413e-12,0.049341,0.060586
3.3298e-12,0.049248,0.061219
3.1153e-12,0.049161,0.061858
2.8989e-12,0.049078,0.062503
2.6815e-12,0.049,0.063151
2.464e-12,0.048926,0.063801
2.2472e-12,0.048856,0.064453
2.0318e-12,0.048791,0.065105
1.8188e-12,0.048729,0.065756
1.6088e-12,0.04867,0.066405
1.4024e-12,0.048616,0.06705
1.2003e-12,0.048564,0.067691
1.003e-12,0.048515,0.068325
8.1116e-13,0.048469,0.068951
6.2518e-13,0.048425,0.069569
4.4552e-13,0.048384,0.070177
2.7257e-13,0.048344,0.070773
1.0669e-13,0.048307,0.071357
-5.1821e-14,0.048271,0.071927
-2.0269e-13,0.048236,0.072483
-3.457e-13,0.048202,0.073022
-4.8066e-13,0.04817,0.073543
-6.0744e-13,0.048138,0.074046
-7.2593e-13,0.048107,0.07453
-8.3606e-13,0.048076,0.074992
-9.3779e-13,0.048046,0.075434
-1.0311e-12,0.048016,0.075852
-1.1161e-12,0.047986,0.076248
-1.1928e-12,0.047956,0.076619
-1.2613e-12,0.047926,0.076965
-1.3218e-12,0.047896,0.077285
-1.3743e-12,0.047865,0.077578
-1.419e-12,0.047834,0.077845
-1.4562e-12,0.047803,0.078085
-1.486e-12,0.047771,0.078296
-1.5087e-12,0.047739,0.078479
-1.5245e-12,0.047707,0.078634
-1.5337e-12,0.047674,0.078759
-1.5366e-12,0.047641,0.078856
-1.5333e-12,0.047607,0.078924
-1.5244e-12,0.047573,0.078963
-1.51e-12,0.047539,0.078973
-1.4904e-12,0.047505,0.078955
-1.466e-12,0.047471,0.078908
-1.4371e-12,0.047436,0.078833
-1.4041e-12,0.047402,0.07873
-1.3671e-12,0.047368,0.0786
-1.3266e-12,0.047335,0.078443
-1.283e-12,0.047302,0.07826
-1.2364e-12,0.047269,0.078052
-1.1872e-12,0.047237,0.077819
-1.1358e-12,0.047207,0.077562
-1.0824e-12,0.047177,0.077281
-1.0274e-12,0.047148,0.076979
-9.7093e-13,0.047121,0.076655
-9.1341e-13,0.047096,0.07631
-8.5506e-13,0.047072,0.075946
-7.9616e-13,0.04705,0.075564
-7.3696e-13,0.047029,0.075165
-6.7769e-13,0.047012,0.074749
-6.1859e-13,0.046996,0.074319
-5.5988e-13,0.046983,0.073874
-5.0177e-13,0.046972,0.073417
-4.4445e-13,0.046964,0.072948
-3.8811e-13,0.04696,0.072469
-3.3292e-13,0.046958,0.071981
-2.7903e-13,0.046959,0.071484
-2.266e-13,0.046963,0.070981
-1.7576e-13,0.046971,0.070473
-1.2662e-13,0.046983,0.06996
-7.9303e-14,0.046997,0.069443
-3.3901e-14,0.047016,0.068925
9.5021e-15,0.047038,0.068405
5.0831e-14,0.047063,0.067886
9.0025e-14,0.047093,0.067368
1.2703e-13,0.047126,0.066852
1.6181e-13,0.047163,0.066339
1.9434e-13,0.047204,0.06583
2.2459e-13,0.047249,0.065327
2.5255e-13,0.047297,0.06483
2.7823e-13,0.047349,0.06434
3.0163e-13,0.047405,0.063858
3.2277e-13,0.047464,0.063384
3.4168e-13,0.047527,0.06292
3.5838e-13,0.047593,0.062466
3.7292e-13,0.047663,0.062023
3.8533e-13,0.047736,0.061592
3.9568e-13,0.047813,0.061172
4.0402e-13,0.047892,0.060766
4.1041e-13,0.047975,0.060372
4.1492e-13,0.04806,0.059993
4.1761e-13,0.048149,0.059627
4.1857e-13,0.048239,0.059276
4.1788e-13,0.048333,0.05894
4.156e-13,0.048428,0.058619
4.1183e-13,0.048526,0.058313
4.0665e-13,0.048626,0.058023
4.0015e-13,0.048728,0.05775
3.9241e-13,0.048831,0.057492
3.8352e-13,0.048936,0.05725
3.7357e-13,0.049043,0.057024
3.6264e-13,0.049151,0.056815
3.5084e-13,0.049259,0.056622
3.3823e-13,0.049369,0.056445
3.2491e-13,0.04948,0.056285
3.1097e-13,0.049591,0.05614
2.9648e-13,0.049702,0.056012
2.8152e-13,0.049814,0.055899
2.6619e-13,0.049926,0.055802
2.5055e-13,0.050038,0.055721
2.3467e-13,0.05015,0.055654
2.1864e-13,0.050261,0.055603
2.0252e-13,0.050371,0.055566
1.8637e-13,0.050481,0.055544
1.7027e-13,0.05059,0.055536
1.5426e-13,0.050698,0.055542
1.3841e-13,0.050805,0.055561
1.2277e-13,0.050911,0.055593
1.0739e-13,0.051015,0.055638
9.2317e-14,0.051117,0.055696
7.7597e-14,0.051217,0.055765
6.3268e-14,0.051316,0.055846
4.9369e-14,0.051412,0.055938
3.5931e-14,0.051506,0.056041
2.2986e-14,0.051598,0.056154
1.0559e-14,0.051687,0.056277
-1.3247e-15,0.051773,0.056409
-1.2646e-14,0.051856,0.05655
-2.3387e-14,0.051937,0.0567
-3.3534e-14,0.052014,0.056858
-4.3075e-14,0.052088,0.057024
-5.2003e-14,0.052159,0.057197
-6.0311e-14,0.052226,0.057376
-6.7997e-14,0.052289,0.057562
-7.5061e-14,0.052349,0.057753
-8.1503e-14,0.052405,0.05795
-8.7329e-14,0.052457,0.058152
-9.2545e-14,0.052505,0.058358
-9.716e-14,0.052548,0.058567
-1.0118e-13,0.052588,0.058781
-1.0463e-13,0.052623,0.058997
-1.0751e-13,0.052654,0.059216
-1.0984e-13,0.052681,0.059437
-1.1164e-13,0.052703,0.059659
-1.1292e-13,0.052721,0.059883
-1.1371e-13,0.052734,0.060107
-1.1402e-13,0.052743,0.060331
-1.1388e-13,0.052747,0.060556
-1.133e-13,0.052747,0.060779
-1.1232e-13,0.052743,0.061002
-1.1095e-13,0.052734,0.061223
-1.0922e-13,0.052721,0.061442
-1.0714e-13,0.052703,0.061659
-1.0475e-13,0.052682,0.061874
-1.0207e-13,0.052656,0.062085
-9.9126e-14,0.052626,0.062293
-9.5935e-14,0.052592,0.062497
-9.2523e-14,0.052555,0.062696
-8.8915e-14,0.052514,0.062892
-8.5134e-14,0.052469,0.063082
-8.1202e-14,0.052421,0.063268
-7.7141e-14,0.05237,0.063448
-7.2974e-14,0.052316,0.063622
-6.8721e-14,0.052258,0.063791
-6.4403e-14,0.052199,0.063953
-6.004e-14,0.052136,0.064109
-5.5649e-14,0.052071,0.064258
-5.1251e-14,0.052004,0.064401
-4.6861e-14,0.051936,0.064536
-4.2496e-14,0.051865,0.064665
-3.8173e-14,0.051793,0.064786
-3.3905e-14,0.05172,0.0649
-2.9708e-14,0.051645,0.065007
-2.5592e-14,0.05157,0.065106
-2.1571e-14,0.051494,0.065197
-1.7656e-14,0.051418,0.065281
-1.3856e-14,0.051341,0.065358
-1.0181e-14,0.051265,0.065427
-6.6399e-15,0.051188,0.065488
-3.239e-15,0.051112,0.065542
1.4743e-17,0.051036,0.065588
3.1158e-15,0.050961,0.065628
6.0593e-15,0.050887,0.06566
8.8412e-15,0.050814,0.065685
1.1459e-14,0.050743,0.065703
1.3909e-14,0.050672,0.065714
1.6191e-14,0.050603,0.065719
1.8303e-14,0.050536,0.065717
2.0246e-14,0.050471,0.06571
2.2019e-14,0.050407,0.065696
2.3624e-14,0.050345,0.065677
2.5063e-14,0.050286,0.065652
2.6338e-14,0.050228,0.065622
2.7452e-14,0.050173,0.065586
2.8407e-14,0.05012,0.065547
2.9208e-14,0.050069,0.065502
2.9859e-14,0.050021,0.065454
3.0365e-14,0.049974,0.065402
3.0729e-14,0.049931,0.065346
3.0958e-14,0.049889,0.065287
3.1057e-14,0.04985,0.065225
3.1032e-14,0.049813,0.06516
3.0888e-14,0.049779,0.065093
3.0632e-14,0.049746,0.065024
3.027e-14,0.049716,0.064953
2.9808e-14,0.049688,0.06488
2.9253e-14,0.049662,0.064806
2.8612e-14,0.049638,0.064732
2.789e-14,0.049616,0.064657
2.7094e-14,0.049596,0.064581
2.6232e-14,0.049577,0.064505
2.5309e-14,0.04956,0.06443
2.4331e-14,0.049545,0.064355
2.3306e-14,0.049531,0.06428
2.2239e-14,0.049519,0.064207
2.1137e-14,0.049507,0.064134
2.0004e-14,0.049497,0.064064
1.8848e-14,0.049488,0.063994
1.7673e-14,0.049479,0.063927
1.6486e-14,0.049472,0.063862
1.529e-14,0.049465,0.063799
1.4092e-14,0.049459,0.063738
1.2896e-14,0.049453,0.06368
1.1706e-14,0.049447,0.063625
1.0527e-14,0.049441,0.063573
9.3624e-15,0.049436,0.063524
8.2166e-15,0.049431,0.063478
7.0929e-15,0.049425,0.063435
5.9945e-15,0.04942,0.063396
4.9247e-15,0.049414,0.06336
3.886e-15,0.049408,0.063328
2.8811e-15,0.049401,0.063299
1.9123e-15,0.049394,0.063274
9.816e-16,0.049386,0.063253
9.0766e-17,0.049378,0.063236
-7.5861e-16,0.049369,0.063222
-1.5652e-15,0.049359,0.063211
-2.3279e-15,0.049349,0.063205
-3.0458e-15,0.049337,0.063202
-3.7183e-15,0.049325,0.063202
-4.345e-15,0.049312,0.063206
-4.9254e-15,0.049299,0.063213
-5.4597e-15,0.049284,0.063224
-5.9478e-15,0.049269,0.063237
-6.3901e-15,0.049253,0.063254
-6.787e-15,0.049236,0.063273
-7.1391e-15,0.049218,0.063296
-7.4472e-15,0.0492,0.06332
-7.7121e-15,0.049181,0.063347
-7.9349e-15,0.049161,0.063376
-8.1166e-15,0.049141,0.063407
-8.2586e-15,0.04912,0.06344
-8.362e-15,0.049099,0.063474
-8.4284e-15,0.049077,0.063509
-8.4591e-15,0.049055,0.063546
-8.4558e-15,0.049033,0.063583
-8.4201e-15,0.04901,0.063621
-8.3536e-15,0.048988,0.063659
-8.2581e-15,0.048965,0.063697
-8.1352e-15,0.048942,0.063736
-7.9867e-15,0.048919,0.063773
-7.8144e-15,0.048897,0.063811
-7.62e-15,0.048874,0.063847
-7.4055e-15,0.048852,0.063882
-7.1724e-15,0.04883,0.063916
-6.9227e-15,0.048809,0.063948
-6.6579e-15,0.048788,0.063979
-6.38e-15,0.048768,0.064007
-6.0905e-15,0.048748,0.064034
-5.7911e-15,0.048729,0.064058
-5.4835e-15,0.04871,0.064079
-5.1691e-15,0.048692,0.064097
-4.8496e-15,0.048675,0.064112
-4.5264e-15,0.048659,0.064125
-4.2009e-15,0.048644,0.064133
-3.8745e-15,0.048629,0.064139
-3.5485e-15,0.048615,0.06414
-3.2241e-15,0.048603,0.064138
-2.9025e-15,0.048591,0.064132
-2.5848e-15,0.04858,0.064121
-2.2721e-15,0.04857,0.064107
-1.9653e-15,0.048561,0.064089
-1.6653e-15,0.048553,0.064066
-1.373e-15,0.048546,0.064039
-1.0891e-15,0.04854,0.064007
-8.1428e-16,0.048534,0.063971
-5.4926e-16,0.04853,0.063931
-2.9456e-16,0.048526,0.063886
-5.0681e-17,0.048524,0.063837
1.8195e-16,0.048522,0.063784
4.0297e-16,0.048521,0.063727
6.1205e-16,0.048521,0.063665
8.0897e-16,0.048522,0.063599
9.9353e-16,0.048524,0.063529
1.1656e-15,0.048526,0.063456
1.3251e-15,0.048529,0.063378
1.472e-15,0.048533,0.063297
1.6063e-15,0.048538,0.063213
1.7282e-15,0.048543,0.063125
1.8377e-15,0.048549,0.063034
1.9349e-15,0.048555,0.06294
2.0201e-15,0.048563,0.062844
2.0936e-15,0.048571,0.062745
2.1555e-15,0.048579,0.062644
2.2062e-15,0.048588,0.062541
2.246e-15,0.048598,0.062436
2.2753e-15,0.048608,0.062329
2.2945e-15,0.048619,0.062222
2.3039e-15,0.048631,0.062113
2.304e-15,0.048643,0.062004
2.2952e-15,0.048656,0.061894
2.278e-15,0.048669,0.061784
2.2528e-15,0.048683,0.061674
2.2201e-15,0.048697,0.061565
2.1804e-15,0.048712,0.061456
2.1342e-15,0.048727,0.061348
2.0819e-15,0.048744,0.061241
2.024e-15,0.04876,0.061136
1.961e-15,0.048778,0.061033
1.8935e-15,0.048795,0.060932
1.8218e-15,0.048814,0.060832
1.7464e-15,0.048833,0.060736
1.6679e-15,0.048853,0.060642
1.5866e-15,0.048873,0.060551
1.503e-15,0.048895,0.060463
1.4176e-15,0.048916,0.060378
1.3307e-15,0.048939,0.060297
1.2427e-15,0.048962,0.06022
1.1541e-15,0.048986,0.060146
1.0652e-15,0.049011,0.060076
9.7634e-16,0.049036,0.060011
8.8791e-16,0.049063,0.059949
8.0021e-16,0.04909,0.059892
7.1354e-16,0.049118,0.059839
6.2818e-16,0.049147,0.059791
5.4441e-16,0.049176,0.059747
4.6248e-16,0.049207,0.059707
3.826e-16,0.049239,0.059672
3.05e-16,0.049271,0.059641
2.2987e-16,0.049305,0.059614
1.5738e-16,0.049339,0.059592
8.7678e-17,0.049375,0.059574
2.0913e-17,0.049412,0.05956
-4.2799e-17,0.049449,0.05955
-1.0336e-16,0.049488,0.059545
-1.6067e-16,0.049528,0.059543
-2.1468e-16,0.049569,0.059545
-2.6533e-16,0.049612,0.05955
-3.1257e-16,0.049655,0.059559
-3.564e-16,0.0497,0.059571
-3.9679e-16,0.049745,0.059586
-4.3376e-16,0.049793,0.059604
-4.6732e-16,0.049841,0.059624
-4.9751e-16,0.04989,0.059648
-5.2436e-16,0.049941,0.059673
-5.4793e-16,0.049993,0.059701
-5.6829e-16,0.050047,0.059731
-5.855e-16,0.050101,0.059763
-5.9964e-16,0.050157,0.059796
-6.1081e-16,0.050214,0.059831
-6.191e-16,0.050272,0.059867
-6.2462e-16,0.050332,0.059904
-6.2747e-16,0.050393,0.059942
-6.2776e-16,0.050454,0.059981
-6.2563e-16,0.050518,0.060021
-6.2118e-16,0.050582,0.060061
-6.1455e-16,0.050647,0.060102
-6.0586e-16,0.050713,0.060143
-5.9525e-16,0.050781,0.060185
-5.8283e-16,0.050849,0.060227
-5.6876e-16,0.050918,0.060269
-5.5315e-16,0.050988,0.060311
-5.3615e-16,0.051058,0.060353
-5.1787e-16,0.05113,0.060395
-4.9846e-16,0.051201,0.060437
-4.7804e-16,0.051274,0.06048
-4.5673e-16,0.051346,0.060522
-4.3466e-16,0.051419,0.060565
-4.1196e-16,0.051492,0.060608
-3.8873e-16,0.051565,0.060651
-3.6509e-16,0.051638,0.060694
-3.4116e-16,0.051711,0.060738
-3.1703e-16,0.051783,0.060782
-2.9282e-16,0.051855,0.060827
-2.6861e-16,0.051926,0.060873
-2.445e-16,0.051997,0.060919
-2.2058e-16,0.052066,0.060966
-1.9694e-16,0.052134,0.061015
-1.7364e-16,0.052201,0.061065
-1.5077e-16,0.052266,0.061116
-1.284e-16,0.05233,0.061168
-1.0657e-16,0.052392,0.061222
-8.5363e-17,0.052452,0.061278
-6.482e-17,0.052509,0.061335
-4.4991e-17,0.052564,0.061395
-2.5919e-17,0.052617,0.061456
-7.6429e-18,0.052666,0.06152
9.8053e-18,0.052713,0.061586
2.6397e-17,0.052756,0.061654
4.2108e-17,0.052797,0.061725
5.692e-17,0.052833,0.061797
7.0817e-17,0.052866,0.061873
8.3789e-17,0.052896,0.061951
9.5829e-17,0.052921,0.062031
1.0694e-16,0.052942,0.062114
1.1711e-16,0.052959,0.062199
1.2635e-16,0.052971,0.062286
1.3467e-16,0.052979,0.062376
1.4209e-16,0.052982,0.062468
1.4861e-16,0.052981,0.062562
1.5425e-16,0.052974,0.062658
1.5903e-16,0.052963,0.062756
1.6297e-16,0.052947,0.062856
1.661e-16,0.052925,0.062957
1.6844e-16,0.052899,0.063059
1.7003e-16,0.052867,0.063163
1.7088e-16,0.052831,0.063268
1.7104e-16,0.052789,0.063373
1.7052e-16,0.052742,0.063479
1.6938e-16,0.05269,0.063584
1.6764e-16,0.052633,0.06369
1.6533e-16,0.052571,0.063796
1.6249e-16,0.052504,0.0639
1.5916e-16,0.052432,0.064004
1.5538e-16,0.052355,0.064107
1.5117e-16,0.052274,0.064209
1.4658e-16,0.052188,0.064308
1.4163e-16,0.052098,0.064406
1.3638e-16,0.052003,0.064501
1.3084e-16,0.051904,0.064593
1.2506e-16,0.051801,0.064683
1.1907e-16,0.051695,0.06477
1.1291e-16,0.051584,0.064853
1.0659e-16,0.051471,0.064932
1.0016e-16,0.051353,0.065008
9.3651e-17,0.051233,0.065079
8.7083e-17,0.05111,0.065147
8.0488e-17,0.050984,0.065209
7.3892e-17,0.050855,0.065267
6.732e-17,0.050724,0.06532
6.0798e-17,0.050591,0.065367
5.4348e-17,0.050456,0.06541
4.7991e-17,0.050319,0.065447
4.1747e-17,0.05018,0.065479
3.5635e-17,0.05004,0.065505
2.9673e-17,0.049899,0.065525
2.3876e-17,0.049757,0.06554
1.826e-17,0.049614,0.065549
1.2836e-17,0.04947,0.065552
7.6177e-18,0.049325,0.06555
2.6148e-18,0.049181,0.065542
-2.1633e-18,0.049036,0.065528
-6.7089e-18,0.048891,0.065508
-1.1015e-17,0.048746,0.065483
-1.5077e-17,0.048601,0.065453
-1.889e-17,0.048456,0.065417
-2.2452e-17,0.048312,0.065376
-2.5759e-17,0.048169,0.06533
-2.8813e-17,0.048026,0.065279
-3.1612e-17,0.047885,0.065223
-3.4157e-17,0.047744,0.065163
-3.6452e-17,0.047604,0.065098
-3.8498e-17,0.047466,0.06503
-4.03e-17,0.047329,0.064957
-4.1862e-17,0.047194,0.064881
-4.319e-17,0.04706,0.064801
-4.4289e-17,0.046928,0.064719
-4.5165e-17,0.046798,0.064633
-4.5826e-17,0.046669,0.064545
-4.628e-17,0.046543,0.064455
-4.6534e-17,0.046419,0.064363
-4.6597e-17,0.046298,0.064269
-4.6477e-17,0.046179,0.064174
-4.6184e-17,0.046063,0.064077
-4.5726e-17,0.045949,0.06398
-4.5114e-17,0.045839,0.063883
-4.4356e-17,0.045731,0.063785
-4.3464e-17,0.045627,0.063688
-4.2445e-17,0.045526,0.063591
-4.1311e-17,0.045429,0.063495
-4.0071e-17,0.045335,0.0634
-3.8734e-17,0.045246,0.063306
-3.7311e-17,0.04516,0.063214
-3.5811e-17,0.045078,0.063124
-3.4244e-17,0.045001,0.063035
-3.2618e-17,0.044929,0.06295
-3.0942e-17,0.044861,0.062866
-2.9226e-17,0.044797,0.062786
-2.7478e-17,0.044739,0.062709
-2.5706e-17,0.044686,0.062635
-2.3918e-17,0.044638,0.062564
-2.2122e-17,0.044595,0.062497
-2.0325e-17,0.044558,0.062433
-1.8534e-17,0.044526,0.062373
-1.6755e-17,0.0445,0.062318
-1.4996e-17,0.04448,0.062266
-1.3261e-17,0.044466,0.062218
-1.1556e-17,0.044457,0.062175
-9.8874e-18,0.044455,0.062135
-8.2586e-18,0.044459,0.0621
-6.6743e-18,0.044468,0.062069
-5.1387e-18,0.044484,0.062043
-3.6554e-18,0.044507,0.06202
-2.2276e-18,0.044535,0.062002
-8.5819e-19,0.044569,0.061988
4.5025e-19,0.04461,0.061978
1.6955e-18,0.044657,0.061972
2.8759e-18,0.044709,0.061969
3.9897e-18,0.044768,0.061971
5.0359e-18,0.044832,0.061976
6.0136e-18,0.044903,0.061985
6.9222e-18,0.044979,0.061997
7.7615e-18,0.04506,0.062012
8.5315e-18,0.045147,0.06203
9.2325e-18,0.045238,0.062051
9.865e-18,0.045335,0.062075
1.043e-17,0.045437,0.062102
1.0928e-17,0.045543,0.062131
1.1361e-17,0.045654,0.062162
1.1729e-17,0.045769,0.062195
1.2035e-17,0.045887,0.06223
1.228e-17,0.04601,0.062267
1.2467e-17,0.046136,0.062305
1.2596e-17,0.046265,0.062345
1.2672e-17,0.046396,0.062386
1.2694e-17,0.046531,0.062428
1.2667e-17,0.046668,0.062471
1.2592e-17,0.046807,0.062515
1.2472e-17,0.046947,0.062559
1.231e-17,0.047089,0.062603
1.2108e-17,0.047232,0.062648
1.1868e-17,0.047376,0.062693
1.1595e-17,0.047521,0.062738
1.1289e-17,0.047666,0.062783
1.0954e-17,0.047811,0.062827
1.0593e-17,0.047955,0.062872
1.0208e-17,0.048099,0.062915
9.8011e-18,0.048242,0.062959
9.3759e-18,0.048383,0.063002
8.9346e-18,0.048523,0.063044
8.4796e-18,0.048661,0.063085
8.0132e-18,0.048798,0.063125
7.5378e-18,0.048932,0.063165
7.0557e-18,0.049063,0.063204
6.569e-18,0.049191,0.063242
6.0799e-18,0.049316,0.063279
5.5902e-18,0.049438,0.063315
5.102e-18,0.049557,0.06335
4.6171e-18,0.049671,0.063384
4.1371e-18,0.049782,0.063418
3.6637e-18,0.049888,0.06345
3.1984e-18,0.04999,0.063481
2.7426e-18,0.050088,0.063511
2.2976e-18,0.050181,0.063541
1.8647e-18,0.050269,0.063569
1.4449e-18,0.050352,0.063596
1.0392e-18,0.05043,0.063623
6.4853e-19,0.050502,0.063649
2.7372e-19,0.05057,0.063674
-8.4562e-20,0.050632,0.063698
-4.257e-19,0.050688,0.063721
-7.4919e-19,0.050739,0.063744
-1.0546e-18,0.050785,0.063766
-1.3416e-18,0.050825,0.063787
-1.61e-18,0.05086,0.063808
-1.8596e-18,0.050889,0.063828
-2.0903e-18,0.050913,0.063847
-2.3021e-18,0.050931,0.063866
-2.4951e-18,0.050944,0.063884
-2.6695e-18,0.050951,0.063901
-2.8253e-18,0.050954,0.063918
-2.963e-18,0.050951,0.063934
-3.0828e-18,0.050944,0.06395
-3.185e-18,0.050931,0.063965
-3.2702e-18,0.050914,0.06398
-3.3388e-18,0.050893,0.063994
-3.3914e-18,0.050867,0.064008
-3.4283e-18,0.050836,0.064021
-3.4504e-18,0.050802,0.064034
-3.4581e-18,0.050764,0.064046
-3.4521e-18,0.050722,0.064057
-3.4331e-18,0.050677,0.064068
-3.4017e-18,0.050628,0.064079
-3.3587e-18,0.050576,0.064089
-3.3048e-18,0.050522,0.064098
-3.2407e-18,0.050465,0.064108
-3.1671e-18,0.050405,0.064116
-3.0847e-18,0.050344,0.064124
-2.9944e-18,0.05028,0.064132
-2.8967e-18,0.050215,0.06414
-2.7924e-18,0.050148,0.064147
-2.6823e-18,0.050079,0.064153
-2.567e-18,0.05001,0.06416
-2.4472e-18,0.04994,0.064166
-2.3236e-18,0.049869,0.064172
-2.1969e-18,0.049797,0.064177
-2.0676e-18,0.049725,0.064183
-1.9365e-18,0.049653,0.064188
-1.804e-18,0.049581,0.064193
-1.6708e-18,0.04951,0.064199
-1.5374e-18,0.049438,0.064204
-1.4043e-18,0.049367,0.06421
-1.2721e-18,0.049297,0.064215
-1.1412e-18,0.049228,0.064221
-1.012e-18,0.049159,0.064227
-8.8501e-19,0.049092,0.064233
-7.6054e-19,0.049025,0.06424
-6.3898e-19,0.04896,0.064247
-5.2067e-19,0.048896,0.064255
-4.059e-19,0.048834,0.064263
-2.9496e-19,0.048773,0.064272
-1.8808e-19,0.048713,0.064281
-8.5497e-20,0.048655,0.064291
1.2603e-20,0.048599,0.064301
1.0605e-19,0.048544,0.064313
1.947e-19,0.048491,0.064325
2.7845e-19,0.04844,0.064338
3.5719e-19,0.04839,0.064351
4.3085e-19,0.048342,0.064366
4.994e-19,0.048296,0.064381
5.6281e-19,0.048252,0.064397
6.2108e-19,0.048209,0.064414
6.7421e-19,0.048168,0.064432
7.2226e-19,0.048129,0.06445
7.6526e-19,0.048091,0.064469
8.033e-19,0.048055,0.064489
8.3645e-19,0.048021,0.06451
8.6483e-19,0.047988,0.064531
8.8854e-19,0.047957,0.064553
9.0772e-19,0.047928,0.064575
9.225e-19,0.0479,0.064598
9.3302e-19,0.047873,0.064622
9.3946e-19,0.047848,0.064645
9.4198e-19,0.047825,0.064669
9.4075e-19,0.047803,0.064694
9.3595e-19,0.047782,0.064718
9.2776e-19,0.047763,0.064742
9.1639e-19,0.047745,0.064767
9.0202e-19,0.047728,0.064791
8.8484e-19,0.047713,0.064815
8.6507e-19,0.047699,0.064838
8.4288e-19,0.047687,0.064862
8.1849e-19,0.047676,0.064884
7.9209e-19,0.047665,0.064906
7.6388e-19,0.047657,0.064928
7.3404e-19,0.047649,0.064949
7.0278e-19,0.047643,0.064968
6.7027e-19,0.047638,0.064987
6.3671e-19,0.047634,0.065005
6.0227e-19,0.047632,0.065021
5.6713e-19,0.04763,0.065037
5.3144e-19,0.04763,0.065051
4.9539e-19,0.047631,0.065064
4.5912e-19,0.047633,0.065075
4.2278e-19,0.047637,0.065085
3.8651e-19,0.047642,0.065093
3.5046e-19,0.047648,0.0651
3.1475e-19,0.047655,0.065105
2.795e-19,0.047663,0.065108
2.4483e-19,0.047673,0.06511
2.1085e-19,0.047684,0.06511
1.7764e-19,0.047696,0.065108
1.4531e-19,0.047709,0.065105
1.1394e-19,0.047723,0.065099
8.3598e-20,0.047739,0.065092
5.4359e-20,0.047755,0.065084
2.6283e-20,0.047773,0.065073
-5.7632e-22,0.047792,0.065061
-2.6173e-20,0.047812,0.065047
-5.0468e-20,0.047833,0.065031
-7.3428e-20,0.047855,0.065013
-9.5027e-20,0.047878,0.064995
-1.1525e-19,0.047903,0.064974
-1.3407e-19,0.047928,0.064952
-1.515e-19,0.047954,0.064929
-1.6752e-19,0.047981,0.064904
-1.8215e-19,0.048009,0.064878
-1.9539e-19,0.048037,0.06485
-2.0725e-19,0.048067,0.064822
-2.1776e-19,0.048097,0.064792
-2.2694e-19,0.048128,0.064762
-2.3481e-19,0.048159,0.064731
-2.4141e-19,0.048191,0.064699
-2.4676e-19,0.048223,0.064666
-2.5092e-19,0.048256,0.064633
-2.5391e-19,0.048289,0.064599
-2.5578e-19,0.048322,0.064565
-2.5658e-19,0.048356,0.064531
-2.5636e-19,0.04839,0.064496
-2.5515e-19,0.048423,0.064462
-2.5302e-19,0.048457,0.064428
-2.5002e-19,0.04849,0.064394
-2.4619e-19,0.048523,0.06436
-2.4159e-19,0.048556,0.064327
-2.3628e-19,0.048588,0.064295
-2.303e-19,0.04862,0.064263
-2.2372e-19,0.048651,0.064232
-2.1659e-19,0.048681,0.064202
-2.0895e-19,0.04871,0.064172
-2.0087e-19,0.048739,0.064144
-1.9239e-19,0.048766,0.064117
-1.8357e-19,0.048792,0.064091
-1.7446e-19,0.048817,0.064067
-1.651e-19,0.04884,0.064044
-1.5555e-19,0.048862,0.064022
-1.4584e-19,0.048882,0.064003
-1.3603e-19,0.048901,0.063984
-1.2615e-19,0.048918,0.063967
-1.1625e-19,0.048933,0.063952
-1.0637e-19,0.048946,0.063939
-9.6539e-20,0.048956,0.063928
-8.6799e-20,0.048965,0.063918
-7.7182e-20,0.048971,0.06391
-6.7719e-20,0.048975,0.063904
-5.8438e-20,0.048977,0.0639
-4.9369e-20,0.048976,0.063898
-4.0534e-20,0.048973,0.063898
-3.1958e-20,0.048967,0.063899
-2.3661e-20,0.048959,0.063903
-1.5663e-20,0.048948,0.063908
-7.9791e-21,0.048934,0.063915
-6.254e-22,0.048918,0.063923
6.3856e-21,0.048899,0.063934
1.3043e-20,0.048878,0.063946
1.9338e-20,0.048854,0.06396
2.5262e-20,0.048827,0.063975
3.0812e-20,0.048798,0.063992
3.5982e-20,0.048767,0.064011
4.0771e-20,0.048733,0.06403
4.5178e-20,0.048696,0.064052
4.9204e-20,0.048658,0.064074
5.2851e-20,0.048617,0.064097
5.6124e-20,0.048574,0.064122
5.9027e-20,0.04853,0.064148
6.1566e-20,0.048483,0.064174
6.3748e-20,0.048435,0.064201
6.5583e-20,0.048386,0.064229
6.7079e-20,0.048335,0.064258
6.8245e-20,0.048283,0.064287
6.9095e-20,0.04823,0.064317
6.9638e-20,0.048177,0.064346
6.9887e-20,0.048122,0.064376
6.9855e-20,0.048068,0.064406
6.9555e-20,0.048013,0.064437
6.9002e-20,0.047958,0.064466
6.8208e-20,0.047904,0.064496
6.7189e-20,0.04785,0.064525
6.5959e-20,0.047796,0.064554
6.4532e-20,0.047744,0.064583
6.2924e-20,0.047693,0.06461
6.1148e-20,0.047643,0.064638
5.922e-20,0.047595,0.064664
5.7155e-20,0.047549,0.064689
5.4966e-20,0.047505,0.064714
5.2668e-20,0.047463,0.064737
5.0274e-20,0.047424,0.064759
4.78e-20,0.047387,0.06478
4.5257e-20,0.047354,0.0648
4.2659e-20,0.047324,0.064819
4.0019e-20,0.047297,0.064837
3.7348e-20,0.047274,0.064853
3.4659e-20,0.047254,0.064867
3.1963e-20,0.047239,0.064881
2.9269e-20,0.047227,0.064893
2.659e-20,0.04722,0.064903
2.3933e-20,0.047217,0.064912
2.131e-20,0.047219,0.06492
1.8727e-20,0.047225,0.064926
1.6193e-20,0.047236,0.064931
1.3715e-20,0.047252,0.064935
1.1302e-20,0.047273,0.064937
8.9573e-21,0.047299,0.064937
6.6886e-21,0.047329,0.064937
4.5005e-21,0.047365,0.064935
2.3979e-21,0.047405,0.064932
3.8461e-22,0.047451,0.064927
-1.5356e-21,0.047501,0.064922
-3.3598e-21,0.047557,0.064915
-5.0855e-21,0.047617,0.064907
-6.7106e-21,0.047682,0.064898
-8.2335e-21,0.047752,0.064888
-9.6533e-21,0.047826,0.064876
-1.0969e-20,0.047905,0.064864
-1.2181e-20,0.047988,0.064851
-1.3289e-20,0.048075,0.064837
-1.4294e-20,0.048166,0.064822
-1.5197e-20,0.048262,0.064806
-1.5998e-20,0.048361,0.064789
-1.6701e-20,0.048463,0.064772
-1.7306e-20,0.048569,0.064754
-1.7816e-20,0.048678,0.064734
-1.8233e-20,0.04879,0.064715
-1.8561e-20,0.048904,0.064694
-1.8801e-20,0.049021,0.064673
-1.8958e-20,0.04914,0.06465
-1.9034e-20,0.049261,0.064627
-1.9034e-20,0.049384,0.064604
-1.896e-20,0.049509,0.064579
-1.8817e-20,0.049634,0.064554
-1.8608e-20,0.049761,0.064528
-1.8336e-20,0.049888,0.064501
-1.8007e-20,0.050015,0.064473
-1.7624e-20,0.050143,0.064444
-1.7191e-20,0.050271,0.064415
-1.6712e-20,0.050398,0.064384
-1.6192e-20,0.050525,0.064352
-1.5633e-20,0.050651,0.06432
-1.504e-20,0.050776,0.064286
-1.4417e-20,0.0509,0.064251
-1.3768e-20,0.051022,0.064214
-1.3096e-20,0.051142,0.064177
-1.2405e-20,0.05126,0.064138
-1.1699e-20,0.051376,0.064098
-1.0981e-20,0.05149,0.064057
-1.0254e-20,0.051601,0.064015
-9.5218e-21,0.051709,0.063971
-8.7873e-21,0.051814,0.063925
-8.0534e-21,0.051916,0.063879
-7.3229e-21,0.052014,0.06383
-6.5984e-21,0.052109,0.063781
-5.8826e-21,0.0522,0.06373
-5.1776e-21,0.052287,0.063678
-4.4858e-21,0.05237,0.063624
-3.8092e-21,0.052449,0.063569
-3.1496e-21,0.052524,0.063513
-2.5088e-21,0.052594,0.063456
-1.8885e-21,0.05266,0.063397
-1.29e-21,0.052722,0.063337
-7.1459e-22,0.052778,0.063277
-1.6344e-22,0.05283,0.063215
3.6247e-22,0.052877,0.063152
8.623e-22,0.05292,0.063089
1.3354e-21,0.052957,0.063025
1.7811e-21,0.05299,0.06296
2.199e-21,0.053018,0.062895
2.5888e-21,0.053041,0.06283
2.9504e-21,0.053059,0.062764
3.2836e-21,0.053072,0.062699
3.5885e-21,0.05308,0.062633
3.8653e-21,0.053084,0.062568
4.1142e-21,0.053082,0.062503
4.3356e-21,0.053076,0.062438
4.5299e-21,0.053066,0.062374
4.6976e-21,0.05305,0.062311
4.8393e-21,0.05303,0.062248
4.9557e-21,0.053006,0.062187
5.0476e-21,0.052977,0.062127
5.1157e-21,0.052945,0.062068
5.1608e-21,0.052907,0.062011
5.184e-21,0.052866,0.061956
5.1861e-21,0.052821,0.061902
5.1681e-21,0.052773,0.06185
5.1311e-21,0.05272,0.0618
5.076e-21,0.052664,0.061753
5.0039e-21,0.052605,0.061707
4.916e-21,0.052542,0.061664
4.8132e-21,0.052477,0.061624
4.6967e-21,0.052408,0.061586
4.5675e-21,0.052337,0.061551
4.4268e-21,0.052263,0.061518
4.2757e-21,0.052187,0.061489
4.1151e-21,0.052108,0.061462
3.9463e-21,0.052027,0.061439
3.7702e-21,0.051944,0.061418
3.5877e-21,0.05186,0.061401
3.4001e-21,0.051774,0.061387
3.2081e-21,0.051686,0.061376
3.0128e-21,0.051597,0.061368
2.815e-21,0.051507,0.061363
2.6157e-21,0.051416,0.061362
2.4156e-21,0.051324,0.061364
2.2156e-21,0.051232,0.061368
2.0165e-21,0.051139,0.061376
1.8189e-21,0.051046,0.061388
1.6236e-21,0.050953,0.061402
1.4313e-21,0.05086,0.061419
1.2424e-21,0.050767,0.061439
1.0576e-21,0.050674,0.061462
8.7737e-22,0.050581,0.061488
7.0224e-22,0.050489,0.061516
5.3262e-22,0.050398,0.061547
3.6891e-22,0.050307,0.061581
2.1146e-22,0.050218,0.061616
6.0587e-23,0.050129,0.061655
-8.3441e-23,0.050041,0.061695
-2.2039e-22,0.049955,0.061737
-3.5006e-22,0.049869,0.061782
-4.7229e-22,0.049785,0.061828
-5.8697e-22,0.049702,0.061875
-6.9401e-22,0.049621,0.061925
-7.9335e-22,0.049541,0.061975
-8.8496e-22,0.049462,0.062027
-9.6887e-22,0.049384,0.06208
-1.0451e-21,0.049308,0.062133
-1.1137e-21,0.049233,0.062188
-1.1749e-21,0.04916,0.062243
-1.2286e-21,0.049087,0.062299
-1.275e-21,0.049016,0.062355
-1.3144e-21,0.048947,0.062411
-1.3469e-21,0.048878,0.062467
-1.3726e-21,0.048811,0.062523
-1.3919e-21,0.048744,0.062579
-1.4048e-21,0.048678,0.062635
-1.4118e-21,0.048614,0.06269
-1.413e-21,0.04855,0.062744
-1.4087e-21,0.048486,0.062798
-1.3991e-21,0.048424,0.062851
-1.3846e-21,0.048362,0.062903
-1.3655e-21,0.0483,0.062954
-1.342e-21,0.048238,0.063004
-1.3144e-21,0.048177,0.063052
-1.2831e-21,0.048116,0.063099
-1.2483e-21,0.048055,0.063145
-1.2103e-21,0.047993,0.063189
-1.1694e-21,0.047932,0.063231
-1.1259e-21,0.04787,0.063272
-1.0801e-21,0.047808,0.063311
-1.0324e-21,0.047745,0.063349
-9.8285e-22,0.047682,0.063384
-9.3187e-22,0.047618,0.063418
-8.7969e-22,0.047554,0.06345
-8.2657e-22,0.047489,0.06348
-7.7276e-22,0.047423,0.063508
-7.1849e-22,0.047357,0.063534
-6.64e-22,0.047289,0.063559
-6.0951e-22,0.047221,0.063581
-5.5523e-22,0.047152,0.063602
-5.0136e-22,0.047082,0.06362
-4.4808e-22,0.047011,0.063637
-3.9557e-22,0.04694,0.063652
-3.4401e-22,0.046868,0.063666
-2.9354e-22,0.046795,0.063677
-2.443e-22,0.046721,0.063687
-1.9644e-22,0.046647,0.063695
-1.5006e-22,0.046573,0.063701
-1.0528e-22,0.046498,0.063706
-6.2202e-23,0.046423,0.063709
-2.0903e-23,0.046347,0.063711
1.8539e-23,0.046272,0.063711
5.6059e-23,0.046197,0.06371
9.1601e-23,0.046122,0.063707
1.2512e-22,0.046047,0.063703
1.5659e-22,0.045973,0.063698
1.8598e-22,0.0459,0.063692
2.1327e-22,0.045828,0.063684
2.3845e-22,0.045756,0.063675
2.6154e-22,0.045686,0.063666
2.8253e-22,0.045618,0.063655
3.0146e-22,0.045551,0.063643
3.1833e-22,0.045485,0.06363
3.3318e-22,0.045422,0.063617
3.4605e-22,0.045361,0.063602
3.5699e-22,0.045302,0.063587
3.6603e-22,0.045246,0.063571
3.7324e-22,0.045192,0.063554
3.7867e-22,0.045141,0.063536
3.8239e-22,0.045093,0.063518
3.8446e-22,0.045049,0.063499
3.8495e-22,0.045007,0.06348
3.8394e-22,0.044969,0.06346
3.8149e-22,0.044935,0.063439
3.7769e-22,0.044904,0.063418
3.7261e-22,0.044877,0.063397
3.6633e-22,0.044854,0.063375
3.5894e-22,0.044835,0.063352
3.5051e-22,0.04482,0.063329
3.4112e-22,0.044809,0.063306
3.3086e-22,0.044802,0.063282
3.1981e-22,0.0448,0.063258
3.0804e-22,0.044801,0.063233
2.9564e-22,0.044807,0.063209
2.8268e-22,0.044818,0.063184
2.6924e-22,0.044832,0.063158
2.5539e-22,0.044851,0.063133
2.4121e-22,0.044873,0.063107
2.2676e-22,0.0449,0.063081
2.1212e-22,0.044931,0.063055
1.9734e-22,0.044966,0.063029
1.825e-22,0.045005,0.063002
1.6766e-22,0.045047,0.062976
1.5286e-22,0.045093,0.062949
1.3817e-22,0.045142,0.062923
1.2364e-22,0.045195,0.062896
1.0931e-22,0.045251,0.06287
9.5232e-23,0.04531,0.062843
8.1449e-23,0.045372,0.062817
6.7998e-23,0.045437,0.06279
5.4917e-23,0.045504,0.062764
4.2238e-23,0.045573,0.062738
2.9991e-23,0.045644,0.062712
1.8203e-23,0.045718,0.062687
6.8984e-24,0.045793,0.062661
-3.9023e-24,0.04587,0.062636
-1.4181e-23,0.045948,0.062611
-2.3923e-23,0.046027,0.062587
-3.3115e-23,0.046107,0.062562
-4.1749e-23,0.046188,0.062538
-4.9816e-23,0.046269,0.062515
-5.7313e-23,0.046351,0.062492
-6.4237e-23,0.046433,0.062469
-7.0588e-23,0.046515,0.062446
-7.6369e-23,0.046597,0.062424
-8.1585e-23,0.046679,0.062403
-8.6242e-23,0.04676,0.062382
-9.0347e-23,0.04684,0.062361
-9.3912e-23,0.04692,0.06234
-9.6948e-23,0.046999,0.06232
-9.9467e-23,0.047077,0.062301
-1.0148e-22,0.047154,0.062281
-1.0302e-22,0.047229,0.062262
-1.0408e-22,0.047304,0.062244
-1.0469e-22,0.047376,0.062226
-1.0487e-22,0.047448,0.062208
-1.0464e-22,0.047517,0.06219
-1.0401e-22,0.047585,0.062172
-1.0302e-22,0.047651,0.062155
-1.0167e-22,0.047716,0.062138
-9.9996e-23,0.047778,0.062121
-9.8013e-23,0.047839,0.062104
-9.5746e-23,0.047897,0.062087
-9.3217e-23,0.047954,0.06207
-9.0447e-23,0.048008,0.062052
-8.7458e-23,0.048061,0.062035
-8.4273e-23,0.048111,0.062018
-8.0912e-23,0.048159,0.062
-7.7397e-23,0.048205,0.061982
-7.3749e-23,0.048248,0.061964
-6.9988e-23,0.04829,0.061946
-6.6133e-23,0.048329,0.061927
-6.2205e-23,0.048366,0.061907
-5.8221e-23,0.048401,0.061887
-5.42e-23,0.048434,0.061867
-5.0159e-23,0.048465,0.061846
-4.6114e-23,0.048493,0.061824
-4.2081e-23,0.04852,0.061801
-3.8075e-23,0.048544,0.061778
-3.411e-23,0.048567,0.061754
-3.02e-23,0.048587,0.061729
-2.6358e-23,0.048606,0.061703
-2.2593e-23,0.048622,0.061676
-1.8919e-23,0.048637,0.061648
-1.5344e-23,0.04865,0.061619
-1.1878e-23,0.048661,0.06159
-8.5282e-24,0.048671,0.061559
-5.3031e-24,0.048679,0.061526
-2.2089e-24,0.048686,0.061493
7.4863e-25,0.048691,0.061459
3.5644e-24,0.048695,0.061423
6.2344e-24,0.048698,0.061386
8.755e-24,0.048699,0.061348
1.1124e-23,0.0487,0.061309
1.3338e-23,0.048699,0.061269
1.5397e-23,0.048698,0.061227
1.7301e-23,0.048696,0.061184
1.9048e-23,0.048693,0.06114
2.064e-23,0.04869,0.061094
2.2077e-23,0.048686,0.061048
2.3362e-23,0.048682,0.061
2.4497e-23,0.048678,0.060951
2.5484e-23,0.048674,0.060901
2.6326e-23,0.04867,0.06085
2.7028e-23,0.048666,0.060798
2.7592e-23,0.048662,0.060745
2.8024e-23,0.048658,0.060691
2.8327e-23,0.048655,0.060637
2.8507e-23,0.048653,0.060581
2.8569e-23,0.048651,0.060525
2.8517e-23,0.04865,0.060469
2.8359e-23,0.048649,0.060412
2.8098e-23,0.04865,0.060355
2.7741e-23,0.048651,0.060297
2.7294e-23,0.048654,0.060239
2.6763e-23,0.048657,0.060181
2.6154e-23,0.048662,0.060124
2.5472e-23,0.048668,0.060066
2.4724e-23,0.048675,0.060009
2.3916e-23,0.048683,0.059952
2.3054e-23,0.048692,0.059896
2.2144e-23,0.048703,0.059841
2.119e-23,0.048715,0.059786
2.02e-23,0.048728,0.059733
1.9179e-23,0.048743,0.05968
1.8131e-23,0.048758,0.059629
1.7063e-23,0.048775,0.059579
1.5979e-23,0.048793,0.059531
1.4885e-23,0.048812,0.059485
1.3784e-23,0.048832,0.05944
1.2682e-23,0.048853,0.059398
1.1583e-23,0.048875,0.059357
1.0491e-23,0.048898,0.059319
9.4094e-24,0.048921,0.059283
8.3424e-24,0.048945,0.05925
7.2934e-24,0.04897,0.05922
6.2656e-24,0.048995,0.059192
5.2618e-24,0.049021,0.059167
4.2848e-24,0.049047,0.059145
3.3372e-24,0.049073,0.059127
2.4212e-24,0.049099,0.059111
1.5388e-24,0.049125,0.059099
6.9196e-25,0.049151,0.05909
-1.1783e-25,0.049177,0.059085
-8.8917e-25,0.049202,0.059084
-1.6209e-24,0.049226,0.059086
-2.312e-24,0.04925,0.059091
-2.9618e-24,0.049274,0.059101
-3.5697e-24,0.049296,0.059114
-4.1353e-24,0.049317,0.059131
-4.6584e-24,0.049338,0.059151
-5.139e-24,0.049357,0.059176
-5.5772e-24,0.049375,0.059204
-5.9734e-24,0.049391,0.059236
-6.328e-24,0.049406,0.059272
-6.6415e-24,0.04942,0.059312
-6.9147e-24,0.049432,0.059355
-7.1485e-24,0.049442,0.059401
-7.3437e-24,0.04945,0.059451
-7.5015e-24,0.049457,0.059505
-7.623e-24,0.049462,0.059562
-7.7093e-24,0.049465,0.059621
-7.762e-24,0.049466,0.059684
-7.7822e-24,0.049466,0.05975
-7.7715e-24,0.049463,0.059819
-7.7313e-24,0.049459,0.05989
-7.6632e-24,0.049452,0.059964
-7.5688e-24,0.049444,0.06004
-7.4497e-24,0.049434,0.060118
-7.3074e-24,0.049422,0.060198
-7.1437e-24,0.049408,0.06028
-6.9601e-24,0.049392,0.060363
-6.7583e-24,0.049375,0.060447
-6.5399e-24,0.049356,0.060533
-6.3065e-24,0.049336,0.06062
-6.0598e-24,0.049314,0.060707
-5.8014e-24,0.049291,0.060795
-5.5327e-24,0.049266,0.060883
-5.2553e-24,0.04924,0.060971
-4.9706e-24,0.049213,0.06106
-4.6802e-24,0.049186,0.061147
-4.3853e-24,0.049157,0.061235
-4.0874e-24,0.049127,0.061321
-3.7877e-24,0.049097,0.061407
-3.4875e-24,0.049066,0.061491
-3.1879e-24,0.049034,0.061574
-2.8901e-24,0.049002,0.061656
-2.5952e-24,0.04897,0.061736
-2.304e-24,0.048938,0.061814
-2.0177e-24,0.048906,0.061891
-1.737e-24,0.048874,0.061965
-1.4628e-24,0.048842,0.062037
-1.1959e-24,0.04881,0.062107
-9.3683e-25,0.048779,0.062174
-6.8633e-25,0.048748,0.062238
-4.4494e-25,0.048718,0.0623
-2.1317e-25,0.048688,0.062359
8.5517e-27,0.04866,0.062415
2.1983e-25,0.048632,0.062469
4.2035e-25,0.048605,0.062519
6.0983e-25,0.048579,0.062567
7.8808e-25,0.048554,0.062611
9.5492e-25,0.04853,0.062652
1.1102e-24,0.048508,0.06269
1.254e-24,0.048486,0.062725
1.3862e-24,0.048466,0.062757
1.5068e-24,0.048447,0.062786
1.616e-24,0.048429,0.062812
1.7138e-24,0.048412,0.062835
1.8004e-24,0.048397,0.062855
1.876e-24,0.048383,0.062872
1.9409e-24,0.04837,0.062886
1.9952e-24,0.048358,0.062898
2.0392e-24,0.048348,0.062906
2.0734e-24,0.048338,0.062912
2.0979e-24,0.04833,0.062916
2.1132e-24,0.048323,0.062916
2.1197e-24,0.048316,0.062915
2.1177e-24,0.048311,0.062911
2.1076e-24,0.048306,0.062905
2.0898e-24,0.048303,0.062897
2.0649e-24,0.0483,0.062887
2.0331e-24,0.048297,0.062876
1.995e-24,0.048296,0.062862
1.951e-24,0.048294,0.062847
1.9016e-24,0.048294,0.062831
1.8471e-24,0.048293,0.062813
1.7881e-24,0.048293,0.062794
1.7249e-24,0.048294,0.062773
1.6581e-24,0.048294,0.062752
1.588e-24,0.048295,0.06273
1.5151e-24,0.048295,0.062707
1.4398e-24,0.048296,0.062684
1.3624e-24,0.048297,0.06266
1.2834e-24,0.048297,0.062636
1.2032e-24,0.048298,0.062611
1.1221e-24,0.048298,0.062587
1.0405e-24,0.048298,0.062562
9.5875e-25,0.048298,0.062537
8.7711e-25,0.048298,0.062513
7.9592e-25,0.048297,0.062489
7.1547e-25,0.048296,0.062465
6.3604e-25,0.048295,0.062441
5.5789e-25,0.048294,0.062418
4.8126e-25,0.048293,0.062396
4.0637e-25,0.048292,0.062374
3.3342e-25,0.04829,0.062353
2.6262e-25,0.048288,0.062333
1.9413e-25,0.048286,0.062313
1.281e-25,0.048285,0.062295
6.4686e-26,0.048283,0.062277
3.9961e-27,0.048281,0.06226
-5.386e-26,0.04828,0.062244
-1.0879e-25,0.048279,0.062229
-1.6072e-25,0.048278,0.062215
-2.096e-25,0.048277,0.062203
-2.5537e-25,0.048277,0.062191
-2.9801e-25,0.048278,0.06218
-3.3749e-25,0.048279,0.06217
-3.7382e-25,0.048282,0.062161
-4.07e-25,0.048284,0.062153
-4.3706e-25,0.048288,0.062146
-4.6401e-25,0.048293,0.06214
-4.8791e-25,0.048299,0.062134
-5.0881e-25,0.048307,0.06213
-5.2676e-25,0.048315,0.062126
-5.4183e-25,0.048326,0.062123
-5.5411e-25,0.048337,0.062121
-5.6367e-25,0.048351,0.062119
-5.7061e-25,0.048366,0.062118
-5.7502e-25,0.048382,0.062117
-5.77e-25,0.048401,0.062117
-5.7667e-25,0.048421,0.062117
-5.7412e-25,0.048444,0.062118
-5.6948e-25,0.048469,0.062118
-5.6286e-25,0.048495,0.062119
-5.5437e-25,0.048524,0.062119
-5.4415e-25,0.048555,0.06212
-5.323e-25,0.048589,0.06212
-5.1896e-25,0.048624,0.06212
-5.0424e-25,0.048662,0.06212
-4.8826e-25,0.048702,0.062119
-4.7115e-25,0.048745,0.062118
-4.5303e-25,0.048789,0.062116
-4.3401e-25,0.048836,0.062114
-4.142e-25,0.048885,0.06211
-3.9373e-25,0.048936,0.062106
-3.727e-25,0.048989,0.062101
-3.5121e-25,0.049045,0.062095
-3.2939e-25,0.049102,0.062088
-3.0731e-25,0.049161,0.06208
-2.8509e-25,0.049222,0.06207
-2.6281e-25,0.049284,0.062059
-2.4056e-25,0.049348,0.062047
-2.1843e-25,0.049413,0.062034
-1.965e-25,0.049479,0.062018
-1.7484e-25,0.049547,0.062002
-1.5352e-25,0.049615,0.061984
-1.3262e-25,0.049684,0.061964
-1.1218e-25,0.049753,0.061942
-9.228e-26,0.049823,0.061919
-7.2957e-26,0.049893,0.061894
-5.4264e-26,0.049962,0.061868
-3.6243e-26,0.050032,0.061839
-1.8931e-26,0.050101,0.061809
-2.3645e-27,0.050169,0.061777
1.3429e-26,0.050237,0.061744
2.8424e-26,0.050303,0.061708
4.2599e-26,0.050368,0.061672
5.5939e-26,0.050431,0.061633
6.843e-26,0.050493,0.061593
8.0064e-26,0.050552,0.061551
9.0836e-26,0.05061,0.061507
1.0074e-25,0.050665,0.061463
1.0979e-25,0.050717,0.061416
1.1798e-25,0.050767,0.061369
1.2532e-25,0.050814,0.06132
1.3182e-25,0.050858,0.06127
1.3751e-25,0.050899,0.061219
1.4238e-25,0.050936,0.061166
1.4646e-25,0.05097,0.061113
1.4978e-25,0.051,0.06106
1.5236e-25,0.051027,0.061005
1.5421e-25,0.05105,0.06095
1.5538e-25,0.051069,0.060895
1.5588e-25,0.051084,0.06084
1.5574e-25,0.051095,0.060784
1.55e-25,0.051102,0.060728
1.5368e-25,0.051105,0.060673
1.5182e-25,0.051104,0.060618
1.4945e-25,0.051099,0.060563
1.4661e-25,0.05109,0.06051
1.4332e-25,0.051077,0.060457
1.3963e-25,0.05106,0.060405
1.3556e-25,0.05104,0.060354
1.3115e-25,0.051015,0.060305
1.2643e-25,0.050986,0.060257
1.2143e-25,0.050954,0.060211
1.162e-25,0.050919,0.060167
1.1075e-25,0.05088,0.060125
1.0513e-25,0.050837,0.060085
9.9359e-26,0.050792,0.060048
9.347e-26,0.050743,0.060013
8.7494e-26,0.050691,0.059981
8.1457e-26,0.050637,0.059952
7.5387e-26,0.05058,0.059926
6.931e-26,0.05052,0.059903
6.3251e-26,0.050458,0.059883
5.7234e-26,0.050394,0.059867
5.1281e-26,0.050327,0.059855
4.5412e-26,0.050259,0.059846
3.965e-26,0.050189,0.059842
3.4011e-26,0.050118,0.059841
2.8513e-26,0.050045,0.059844
2.3173e-26,0.049971,0.059851
1.8004e-26,0.049896,0.059863
1.3022e-26,0.04982,0.059879
8.2362e-27,0.049743,0.059899
3.6591e-27,0.049665,0.059923
-7.0021e-28,0.049587,0.059952
-4.8335e-27,0.049508,0.059985
-8.734e-27,0.04943,0.060023
-1.2396e-26,0.049351,0.060065
-1.5814e-26,0.049272,0.060111
-1.8986e-26,0.049194,0.060162
-2.191e-26,0.049116,0.060217
-2.4583e-26,0.049038,0.060276
-2.7006e-26,0.048961,0.060339
-2.918e-26,0.048885,0.060406
-3.1107e-26,0.048809,0.060477
-3.279e-26,0.048735,0.060552
-3.4232e-26,0.048661,0.06063
-3.5438e-26,0.048589,0.060712
-3.6413e-26,0.048518,0.060796
-3.7163e-26,0.048448,0.060885
-3.7696e-26,0.048379,0.060975
-3.8018e-26,0.048312,0.061069
-3.8137e-26,0.048246,0.061165
-3.8062e-26,0.048182,0.061263
-3.7802e-26,0.04812,0.061364
-3.7366e-26,0.048059,0.061465
-3.6764e-26,0.048001,0.061569
-3.6007e-26,0.047943,0.061673
-3.5105e-26,0.047888,0.061779
-3.4068e-26,0.047835,0.061885
-3.2908e-26,0.047783,0.061991
-3.1636e-26,0.047733,0.062098
-3.0262e-26,0.047685,0.062204
-2.8798e-26,0.047639,0.06231
-2.7256e-26,0.047595,0.062414
-2.5646e-26,0.047553,0.062518
-2.3981e-26,0.047513,0.06262
-2.227e-26,0.047474,0.06272
-2.0526e-26,0.047437,0.062818
-1.8759e-26,0.047402,0.062914
-1.6979e-26,0.047369,0.063007
-1.5198e-26,0.047337,0.063097
-1.3425e-26,0.047307,0.063184
-1.1671e-26,0.047279,0.063267
-9.9442e-27,0.047252,0.063346
-8.2549e-27,0.047227,0.063422
-6.6119e-27,0.047202,0.063493
-5.0235e-27,0.04718,0.063559
-3.498e-27,0.047158,0.06362
-2.043e-27,0.047137,0.063677
-6.6571e-28,0.047118,0.063728
6.2699e-28,0.047099,0.063774
1.8289e-27,0.047081,0.063814
2.9341e-27,0.047064,0.063849
3.9374e-27,0.047047,0.063878
4.834e-27,0.047031,0.063901
5.6197e-27,0.047016,0.063918
6.2908e-27,0.047,0.063929
6.8442e-27,0.046985,0.063933
7.2773e-27,0.046969,0.063932
7.5881e-27,0.046954,0.063924
7.7751e-27,0.046938,0.06391
7.8376e-27,0.046922,0.06389
7.7751e-27,0.046906,0.063864
7.5881e-27,0.046889,0.063832
7.2773e-27,0.046871,0.063794
6.8442e-27,0.046853,0.063751
6.2908e-27,0.046834,0.063701
5.6197e-27,0.046814,0.063646
4.834e-27,0.046792,0.063586
3.9374e-27,0.04677,0.063521
2.9341e-27,0.046746,0.063451
1.8289e-27,0.046721,0.063376
6.2699e-28,0.046695,0.063297
-6.6571e-28,0.046667,0.063214
-2.043e-27,0.046638,0.063126
-3.498e-27,0.046607,0.063036
-5.0235e-27,0.046574,0.062941
-6.6119e-27,0.04654,0.062844
-8.2549e-27,0.046504,0.062745
-9.9442e-27,0.046466,0.062643
-1.1671e-26,0.046426,0.062539
-1.3425e-26,0.046385,0.062433
-1.5198e-26,0.046342,0.062327
-1.6979e-26,0.046297,0.062219
-1.8759e-26,0.04625,0.062111
-2.0526e-26,0.046202,0.062002
-2.227e-26,0.046151,0.061894
-2.3981e-26,0.046099,0.061786
-2.5646e-26,0.046046,0.061679
-2.7256e-26,0.04599,0.061573
-2.8798e-26,0.045933,0.061469
-3.0262e-26,0.045875,0.061367
-3.1636e-26,0.045815,0.061267
-3.2908e-26,0.045754,0.061169
-3.4068e-26,0.045692,0.061074
-3.5105e-26,0.045628,0.060982
-3.6007e-26,0.045563,0.060894
-3.6764e-26,0.045498,0.060809
-3.7366e-26,0.045431,0.060728
-3.7802e-26,0.045364,0.06065
-3.8062e-26,0.045296,0.060578
-3.8137e-26,0.045227,0.060509
-3.8018e-26,0.045158,0.060445
-3.7696e-26,0.045089,0.060386
-3.7163e-26,0.04502,0.060332
-3.6413e-26,0.04495,0.060283
-3.5438e-26,0.044881,0.060238
-3.4232e-26,0.044812,0.060199
-3.279e-26,0.044744,0.060165
-3.1107e-26,0.044676,0.060137
-2.918e-26,0.044609,0.060113
-2.7006e-26,0.044542,0.060095
-2.4583e-26,0.044477,0.060082
-2.191e-26,0.044413,0.060074
-1.8986e-26,0.04435,0.060071
-1.5814e-26,0.044289,0.060074
-1.2396e-26,0.044229,0.060081
-8.734e-27,0.044171,0.060093
-4.8335e-27,0.044115,0.060109
-7.0021e-28,0.044061,0.06013
3.6591e-27,0.044009,0.060155
8.2362e-27,0.04396,0.060184
1.3022e-26,0.043913,0.060218
1.8004e-26,0.043868,0.060255
2.3173e-26,0.043827,0.060295
2.8513e-26,0.043788,0.060339
3.4011e-26,0.043751,0.060386
3.965e-26,0.043718,0.060435
4.5412e-26,0.043688,0.060487
5.1281e-26,0.043661,0.060542
5.7234e-26,0.043637,0.060598
6.3251e-26,0.043616,0.060656
6.931e-26,0.043599,0.060716
7.5387e-26,0.043585,0.060777
8.1457e-26,0.043575,0.060838
8.7494e-26,0.043568,0.060901
9.347e-26,0.043564,0.060964
9.9359e-26,0.043564,0.061027
1.0513e-25,0.043568,0.06109
1.1075e-25,0.043575,0.061152
1.162e-25,0.043585,0.061214
1.2143e-25,0.043599,0.061275
1.2643e-25,0.043617,0.061335
1.3115e-25,0.043638,0.061393
1.3556e-25,0.043662,0.06145
1.3963e-25,0.04369,0.061505
1.4332e-25,0.043721,0.061558
1.4661e-25,0.043756,0.061609
1.4945e-25,0.043794,0.061658
1.5182e-25,0.043835,0.061703
1.5368e-25,0.043879,0.061746
1.55e-25,0.043927,0.061786
1.5574e-25,0.043978,0.061823
1.5588e-25,0.044031,0.061857
1.5538e-25,0.044088,0.061888
1.5421e-25,0.044148,0.061915
1.5236e-25,0.04421,0.061938
1.4978e-25,0.044275,0.061958
1.4646e-25,0.044343,0.061974
1.4238e-25,0.044414,0.061987
1.3751e-25,0.044487,0.061996
1.3182e-25,0.044562,0.062001
1.2532e-25,0.04464,0.062002
1.1798e-25,0.04472,0.062
1.0979e-25,0.044802,0.061994
1.0074e-25,0.044886,0.061984
9.0836e-26,0.044972,0.061971
8.0064e-26,0.04506,0.061954
6.843e-26,0.04515,0.061934
5.5939e-26,0.045241,0.06191
4.2599e-26,0.045334,0.061883
2.8424e-26,0.045428,0.061853
1.3429e-26,0.045523,0.06182
-2.3645e-27,0.04562,0.061784
-1.8931e-26,0.045717,0.061745
-3.6243e-26,0.045816,0.061704
-5.4264e-26,0.045915,0.06166
-7.2957e-26,0.046015,0.061614
-9.228e-26,0.046115,0.061565
-1.1218e-25,0.046215,0.061515
-1.3262e-25,0.046316,0.061463
-1.5352e-25,0.046416,0.06141
-1.7484e-25,0.046517,0.061355
-1.965e-25,0.046617,0.061299
-2.1843e-25,0.046717,0.061242
-2.4056e-25,0.046816,0.061184
-2.6281e-25,0.046914,0.061126
-2.8509e-25,0.047012,0.061067
-3.0731e-25,0.047109,0.061008
-3.2939e-25,0.047204,0.060949
-3.5121e-25,0.047298,0.06089
-3.727e-25,0.047391,0.060831
-3.9373e-25,0.047482,0.060773
-4.142e-25,0.047571,0.060716
-4.3401e-25,0.047658,0.060659
-4.5303e-25,0.047743,0.060604
-4.7115e-25,0.047826,0.060549
-4.8826e-25,0.047907,0.060496
-5.0424e-25,0.047985,0.060445
-5.1896e-25,0.04806,0.060394
-5.323e-25,0.048133,0.060346
-5.4415e-25,0.048203,0.060299
-5.5437e-25,0.04827,0.060255
-5.6286e-25,0.048333,0.060212
-5.6948e-25,0.048394,0.060171
-5.7412e-25,0.048451,0.060133
-5.7667e-25,0.048505,0.060097
-5.77e-25,0.048555,0.060063
-5.7502e-25,0.048602,0.060031
-5.7061e-25,0.048645,0.060002
-5.6367e-25,0.048685,0.059976
-5.5411e-25,0.048721,0.059952
-5.4183e-25,0.048753,0.05993
-5.2676e-25,0.048781,0.059911
-5.0881e-25,0.048805,0.059894
-4.8791e-25,0.048825,0.059881
-4.6401e-25,0.048842,0.059869
-4.3706e-25,0.048855,0.059861
-4.07e-25,0.048864,0.059854
-3.7382e-25,0.048869,0.059851
-3.3749e-25,0.04887,0.05985
-2.9801e-25,0.048868,0.059851
-2.5537e-25,0.048862,0.059855
-2.096e-25,0.048852,0.059861
-1.6072e-25,0.048839,0.059869
-1.0879e-25,0.048822,0.05988
-5.386e-26,0.048802,0.059893
3.9961e-27,0.048778,0.059908
6.4686e-26,0.048751,0.059925
1.281e-25,0.048722,0.059944
1.9413e-25,0.048689,0.059965
2.6262e-25,0.048653,0.059988
3.3342e-25,0.048615,0.060013
4.0637e-25,0.048574,0.060039
4.8126e-25,0.048531,0.060067
5.5789e-25,0.048485,0.060097
6.3604e-25,0.048438,0.060128
7.1547e-25,0.048388,0.06016
7.9592e-25,0.048336,0.060193
8.7711e-25,0.048283,0.060228
9.5875e-25,0.048228,0.060263
1.0405e-24,0.048172,0.060299
1.1221e-24,0.048115,0.060336
1.2032e-24,0.048057,0.060374
1.2834e-24,0.047997,0.060413
1.3624e-24,0.047938,0.060451
1.4398e-24,0.047877,0.06049
1.5151e-24,0.047816,0.06053
1.588e-24,0.047755,0.060569
1.6581e-24,0.047694,0.060608
1.7249e-24,0.047633,0.060648
1.7881e-24,0.047573,0.060687
1.8471e-24,0.047512,0.060725
1.9016e-24,0.047453,0.060763
1.951e-24,0.047394,0.060801
1.995e-24,0.047335,0.060837
2.0331e-24,0.047278,0.060873
2.0649e-24,0.047222,0.060908
2.0898e-24,0.047167,0.060942
2.1076e-24,0.047114,0.060974
2.1177e-24,0.047061,0.061006
2.1197e-24,0.047011,0.061035
2.1132e-24,0.046962,0.061064
2.0979e-24,0.046914,0.061091
2.0734e-24,0.046869,0.061116
2.0392e-24,0.046825,0.061139
1.9952e-24,0.046783,0.061161
1.9409e-24,0.046743,0.06118
1.876e-24,0.046705,0.061198
1.8004e-24,0.046669,0.061213
1.7138e-24,0.046635,0.061227
1.616e-24,0.046603,0.061238
1.5068e-24,0.046573,0.061247
1.3862e-24,0.046546,0.061254
1.254e-24,0.04652,0.061258
1.1102e-24,0.046497,0.061261
9.5492e-25,0.046475,0.061261
7.8808e-25,0.046456,0.061258
6.0983e-25,0.046439,0.061254
4.2035e-25,0.046423,0.061247
2.1983e-25,0.04641,0.061238
8.5517e-27,0.046399,0.061226
-2.1317e-25,0.046389,0.061212
-4.4494e-25,0.046382,0.061196
-6.8633e-25,0.046376,0.061178
-9.3683e-25,0.046372,0.061158
-1.1959e-24,0.04637,0.061135
-1.4628e-24,0.04637,0.061111
-1.737e-24,0.046371,0.061085
-2.0177e-24,0.046373,0.061056
-2.304e-24,0.046378,0.061026
-2.5952e-24,0.046383,0.060995
-2.8901e-24,0.04639,0.060961
-3.1879e-24,0.046399,0.060926
-3.4875e-24,0.046409,0.060889
-3.7877e-24,0.04642,0.060851
-4.0874e-24,0.046432,0.060812
-4.3853e-24,0.046445,0.060771
-4.6802e-24,0.04646,0.060729
-4.9706e-24,0.046475,0.060686
-5.2553e-24,0.046492,0.060642
-5.5327e-24,0.04651,0.060597
-5.8014e-24,0.046528,0.060551
-6.0598e-24,0.046548,0.060504
-6.3065e-24,0.046568,0.060457
-6.5399e-24,0.04659,0.060409
-6.7583e-24,0.046612,0.06036
-6.9601e-24,0.046635,0.060311
-7.1437e-24,0.046659,0.060261
-7.3074e-24,0.046684,0.060212
-7.4497e-24,0.04671,0.060162
-7.5688e-24,0.046736,0.060111
-7.6632e-24,0.046764,0.060061
-7.7313e-24,0.046792,0.060011
-7.7715e-24,0.046821,0.05996
-7.7822e-24,0.046851,0.05991
-7.762e-24,0.046882,0.05986
-7.7093e-24,0.046913,0.05981
-7.623e-24,0.046946,0.05976
-7.5015e-24,0.046979,0.059711
-7.3437e-24,0.047013,0.059661
-7.1485e-24,0.047048,0.059613
-6.9147e-24,0.047084,0.059565
-6.6415e-24,0.047121,0.059517
-6.328e-24,0.047158,0.05947
-5.9734e-24,0.047196,0.059423
-5.5772e-24,0.047236,0.059377
-5.139e-24,0.047276,0.059332
-4.6584e-24,0.047317,0.059287
-4.1353e-24,0.047359,0.059243
-3.5697e-24,0.047401,0.0592
-2.9618e-24,0.047445,0.059157
-2.312e-24,0.047489,0.059116
-1.6209e-24,0.047534,0.059075
-8.8917e-25,0.04758,0.059034
-1.1783e-25,0.047626,0.058995
6.9196e-25,0.047673,0.058956
1.5388e-24,0.047721,0.058918
2.4212e-24,0.04777,0.058881
3.3372e-24,0.047819,0.058845
4.2848e-24,0.047868,0.05881
5.2618e-24,0.047918,0.058775
6.2656e-24,0.047968,0.058741
7.2934e-24,0.048019,0.058708
8.3424e-24,0.04807,0.058675
9.4094e-24,0.048121,0.058643
1.0491e-23,0.048172,0.058612
1.1583e-23,0.048223,0.058582
1.2682e-23,0.048274,0.058552
1.3784e-23,0.048326,0.058522
1.4885e-23,0.048376,0.058493
1.5979e-23,0.048427,0.058465
1.7063e-23,0.048477,0.058437
1.8131e-23,0.048527,0.058409
1.9179e-23,0.048577,0.058382
2.02e-23,0.048625,0.058355
2.119e-23,0.048673,0.058329
2.2144e-23,0.04872,0.058303
2.3054e-23,0.048767,0.058276
2.3916e-23,0.048812,0.05825
2.4724e-23,0.048856,0.058225
2.5472e-23,0.048899,0.058199
2.6154e-23,0.048941,0.058173
2.6763e-23,0.048982,0.058147
2.7294e-23,0.049021,0.058121
2.7741e-23,0.049059,0.058095
2.8098e-23,0.049095,0.058069
2.8359e-23,0.049129,0.058042
2.8517e-23,0.049162,0.058015
2.8569e-23,0.049193,0.057988
2.8507e-23,0.049222,0.057961
2.8327e-23,0.049249,0.057933
2.8024e-23,0.049275,0.057905
2.7592e-23,0.049298,0.057876
2.7028e-23,0.04932,0.057847
2.6326e-23,0.049339,0.057818
2.5484e-23,0.049356,0.057788
2.4497e-23,0.049371,0.057757
2.3362e-23,0.049384,0.057726
2.2077e-23,0.049395,0.057694
2.064e-23,0.049404,0.057662
1.9048e-23,0.04941,0.057629
1.7301e-23,0.049414,0.057596
1.5397e-23,0.049416,0.057562
1.3338e-23,0.049416,0.057527
1.1124e-23,0.049414,0.057492
8.755e-24,0.049409,0.057457
6.2344e-24,0.049403,0.057421
3.5644e-24,0.049394,0.057384
7.4863e-25,0.049383,0.057348
-2.2089e-24,0.04937,0.057311
-5.3031e-24,0.049355,0.057273
-8.5282e-24,0.049339,0.057235
-1.1878e-23,0.04932,0.057198
-1.5344e-23,0.0493,0.05716
-1.8919e-23,0.049277,0.057122
-2.2593e-23,0.049254,0.057084
-2.6358e-23,0.049228,0.057046
-3.02e-23,0.049201,0.057008
-3.411e-23,0.049173,0.056971
-3.8075e-23,0.049143,0.056934
-4.2081e-23,0.049111,0.056897
-4.6114e-23,0.049079,0.056861
-5.0159e-23,0.049045,0.056825
-5.42e-23,0.049011,0.056791
-5.8221e-23,0.048975,0.056757
-6.2205e-23,0.048939,0.056724
-6.6133e-23,0.048902,0.056692
-6.9988e-23,0.048864,0.056662
-7.3749e-23,0.048826,0.056632
-7.7397e-23,0.048787,0.056604
-8.0912e-23,0.048747,0.056578
-8.4273e-23,0.048708,0.056553
-8.7458e-23,0.048668,0.056529
-9.0447e-23,0.048628,0.056508
-9.3217e-23,0.048589,0.056488
-9.5746e-23,0.048549,0.05647
-9.8013e-23,0.04851,0.056454
-9.9996e-23,0.04847,0.05644
-1.0167e-22,0.048432,0.056428
-1.0302e-22,0.048394,0.056419
-1.0401e-22,0.048356,0.056411
-1.0464e-22,0.048319,0.056406
-1.0487e-22,0.048283,0.056404
-1.0469e-22,0.048248,0.056404
-1.0408e-22,0.048214,0.056406
-1.0302e-22,0.048181,0.056411
-1.0148e-22,0.048149,0.056418
-9.9467e-23,0.048118,0.056428
-9.6948e-23,0.048089,0.05644
-9.3912e-23,0.048061,0.056455
-9.0347e-23,0.048034,0.056473
-8.6242e-23,0.048009,0.056493
-8.1585e-23,0.047986,0.056515
-7.6369e-23,0.047964,0.056541
-7.0588e-23,0.047944,0.056568
-6.4237e-23,0.047926,0.056599
-5.7313e-23,0.04791,0.056631
-4.9816e-23,0.047895,0.056666
-4.1749e-23,0.047883,0.056704
-3.3115e-23,0.047872,0.056744
-2.3923e-23,0.047864,0.056786
-1.4181e-23,0.047857,0.056831
-3.9023e-24,0.047853,0.056878
6.8984e-24,0.047851,0.056926
1.8203e-23,0.047851,0.056977
2.9991e-23,0.047853,0.057031
4.2238e-23,0.047857,0.057086
5.4917e-23,0.047863,0.057142
6.7998e-23,0.047872,0.057201
8.1449e-23,0.047883,0.057262
9.5232e-23,0.047895,0.057324
1.0931e-22,0.04791,0.057388
1.2364e-22,0.047927,0.057453
1.3817e-22,0.047947,0.05752
1.5286e-22,0.047968,0.057588
1.6766e-22,0.047991,0.057657
1.825e-22,0.048016,0.057728
1.9734e-22,0.048044,0.057799
2.1212e-22,0.048073,0.057872
2.2676e-22,0.048104,0.057945
2.4121e-22,0.048137,0.05802
2.5539e-22,0.048172,0.058094
2.6924e-22,0.048208,0.05817
2.8268e-22,0.048246,0.058246
2.9564e-22,0.048286,0.058323
3.0804e-22,0.048327,0.058399
3.1981e-22,0.048369,0.058476
3.3086e-22,0.048413,0.058553
3.4112e-22,0.048459,0.05863
3.5051e-22,0.048505,0.058707
3.5894e-22,0.048553,0.058784
3.6633e-22,0.048601,0.05886
3.7261e-22,0.048651,0.058936
3.7769e-22,0.048701,0.059012
3.8149e-22,0.048752,0.059087
3.8394e-22,0.048804,0.059161
3.8495e-22,0.048857,0.059234
3.8446e-22,0.04891,0.059306
3.8239e-22,0.048963,0.059377
3.7867e-22,0.049017,0.059447
3.7324e-22,0.049071,0.059516
3.6603e-22,0.049125,0.059583
3.5699e-22,0.049179,0.059649
3.4605e-22,0.049233,0.059713
3.3318e-22,0.049287,0.059775
3.1833e-22,0.049341,0.059835
3.0146e-22,0.049395,0.059893
2.8253e-22,0.049448,0.05995
2.6154e-22,0.049501,0.060004
2.3845e-22,0.049553,0.060055
2.1327e-22,0.049604,0.060104
1.8598e-22,0.049655,0.060151
1.5659e-22,0.049705,0.060195
1.2512e-22,0.049754,0.060237
9.1601e-23,0.049802,0.060275
5.6059e-23,0.049849,0.060311
1.8539e-23,0.049894,0.060343
-2.0903e-23,0.049939,0.060373
-6.2202e-23,0.049982,0.060399
-1.0528e-22,0.050024,0.060422
-1.5006e-22,0.050065,0.060442
-1.9644e-22,0.050103,0.060458
-2.443e-22,0.050141,0.060471
-2.9354e-22,0.050176,0.060481
-3.4401e-22,0.05021,0.060487
-3.9557e-22,0.050242,0.06049
-4.4808e-22,0.050272,0.060489
-5.0136e-22,0.050301,0.060485
-5.5523e-22,0.050327,0.060477
-6.0951e-22,0.050351,0.060465
-6.64e-22,0.050373,0.060451
-7.1849e-22,0.050393,0.060432
-7.7276e-22,0.05041,0.060411
-8.2657e-22,0.050426,0.060386
-8.7969e-22,0.050438,0.060357
-9.3187e-22,0.050449,0.060326
-9.8285e-22,0.050457,0.060291
-1.0324e-21,0.050463,0.060253
-1.0801e-21,0.050466,0.060212
-1.1259e-21,0.050466,0.060168
-1.1694e-21,0.050464,0.060122
-1.2103e-21,0.05046,0.060073
-1.2483e-21,0.050452,0.060021
-1.2831e-21,0.050442,0.059967
-1.3144e-21,0.05043,0.05991
-1.342e-21,0.050414,0.059852
-1.3655e-21,0.050396,0.059791
-1.3846e-21,0.050376,0.059729
-1.3991e-21,0.050352,0.059664
-1.4087e-21,0.050326,0.059599
-1.413e-21,0.050297,0.059532
-1.4118e-21,0.050265,0.059463
-1.4048e-21,0.050231,0.059394
-1.3919e-21,0.050194,0.059324
-1.3726e-21,0.050154,0.059253
-1.3469e-21,0.050112,0.059181
-1.3144e-21,0.050067,0.05911
-1.275e-21,0.05002,0.059037
-1.2286e-21,0.04997,0.058965
-1.1749e-21,0.049917,0.058893
-1.1137e-21,0.049863,0.058821
-1.0451e-21,0.049805,0.05875
-9.6887e-22,0.049746,0.058679
-8.8496e-22,0.049684,0.058609
-7.9335e-22,0.049621,0.05854
-6.9401e-22,0.049555,0.058471
-5.8697e-22,0.049487,0.058404
-4.7229e-22,0.049417,0.058338
-3.5006e-22,0.049346,0.058273
-2.2039e-22,0.049273,0.058209
-8.3441e-23,0.049198,0.058147
6.0587e-23,0.049122,0.058087
2.1146e-22,0.049044,0.058028
3.6891e-22,0.048966,0.05797
5.3262e-22,0.048886,0.057915
7.0224e-22,0.048805,0.057861
8.7737e-22,0.048723,0.057809
1.0576e-21,0.048641,0.057759
1.2424e-21,0.048558,0.05771
1.4313e-21,0.048474,0.057663
1.6236e-21,0.048391,0.057619
1.8189e-21,0.048307,0.057575
2.0165e-21,0.048223,0.057534
2.2156e-21,0.04814,0.057495
2.4156e-21,0.048056,0.057457
2.6157e-21,0.047974,0.05742
2.815e-21,0.047892,0.057386
3.0128e-21,0.047811,0.057352
3.2081e-21,0.047731,0.05732
3.4001e-21,0.047653,0.05729
3.5877e-21,0.047575,0.057261
3.7702e-21,0.0475,0.057233
3.9463e-21,0.047426,0.057206
4.1151e-21,0.047354,0.05718
4.2757e-21,0.047284,0.057155
4.4268e-21,0.047217,0.05713
4.5675e-21,0.047151,0.057106
4.6967e-21,0.047089,0.057083
4.8132e-21,0.047029,0.05706
4.916e-21,0.046972,0.057038
5.0039e-21,0.046919,0.057015
5.076e-21,0.046868,0.056993
5.1311e-21,0.046821,0.05697
5.1681e-21,0.046778,0.056947
5.1861e-21,0.046738,0.056924
5.184e-21,0.046702,0.056901
5.1608e-21,0.04667,0.056876
5.1157e-21,0.046642,0.056851
5.0476e-21,0.046618,0.056826
4.9557e-21,0.046598,0.056799
4.8393e-21,0.046583,0.056771
4.6976e-21,0.046572,0.056742
4.5299e-21,0.046566,0.056712
4.3356e-21,0.046564,0.056681
4.1142e-21,0.046567,0.056648
3.8653e-21,0.046574,0.056613
3.5885e-21,0.046587,0.056577
3.2836e-21,0.046604,0.056539
2.9504e-21,0.046625,0.056499
2.5888e-21,0.046652,0.056458
2.199e-21,0.046683,0.056415
1.7811e-21,0.046718,0.05637
1.3354e-21,0.046759,0.056322
8.623e-22,0.046803,0.056273
3.6247e-22,0.046853,0.056222
-1.6344e-22,0.046906,0.056169
-7.1459e-22,0.046964,0.056114
-1.29e-21,0.047026,0.056057
-1.8885e-21,0.047092,0.055998
-2.5088e-21,0.047162,0.055937
-3.1496e-21,0.047235,0.055875
-3.8092e-21,0.047312,0.05581
-4.4858e-21,0.047393,0.055744
-5.1776e-21,0.047476,0.055676
-5.8826e-21,0.047563,0.055606
-6.5984e-21,0.047652,0.055535
-7.3229e-21,0.047743,0.055462
-8.0534e-21,0.047837,0.055388
-8.7873e-21,0.047932,0.055314
-9.5218e-21,0.048029,0.055237
-1.0254e-20,0.048128,0.055161
-1.0981e-20,0.048228,0.055083
-1.1699e-20,0.048328,0.055005
-1.2405e-20,0.04843,0.054926
-1.3096e-20,0.048531,0.054847
-1.3768e-20,0.048632,0.054768
-1.4417e-20,0.048734,0.054689
-1.504e-20,0.048834,0.05461
-1.5633e-20,0.048934,0.054532
-1.6192e-20,0.049033,0.054454
-1.6712e-20,0.04913,0.054377
-1.7191e-20,0.049226,0.054301
-1.7624e-20,0.049319,0.054227
-1.8007e-20,0.049411,0.054153
-1.8336e-20,0.0495,0.054082
-1.8608e-20,0.049587,0.054012
-1.8817e-20,0.049671,0.053944
-1.896e-20,0.049752,0.053878
-1.9034e-20,0.049829,0.053814
-1.9034e-20,0.049904,0.053752
-1.8958e-20,0.049975,0.053694
-1.8801e-20,0.050042,0.053638
-1.8561e-20,0.050105,0.053584
-1.8233e-20,0.050165,0.053534
-1.7816e-20,0.050221,0.053487
-1.7306e-20,0.050272,0.053443
-1.6701e-20,0.05032,0.053402
-1.5998e-20,0.050363,0.053365
-1.5197e-20,0.050402,0.053331
-1.4294e-20,0.050437,0.053301
-1.3289e-20,0.050468,0.053274
-1.2181e-20,0.050495,0.053251
-1.0969e-20,0.050517,0.053231
-9.6533e-21,0.050536,0.053215
-8.2335e-21,0.05055,0.053203
-6.7106e-21,0.050561,0.053194
-5.0855e-21,0.050568,0.053189
-3.3598e-21,0.050571,0.053187
-1.5356e-21,0.05057,0.053189
3.8461e-22,0.050565,0.053195
2.3979e-21,0.050558,0.053204
4.5005e-21,0.050546,0.053216
6.6886e-21,0.050532,0.053232
8.9573e-21,0.050515,0.05325
1.1302e-20,0.050495,0.053272
1.3715e-20,0.050472,0.053297
1.6193e-20,0.050446,0.053325
1.8727e-20,0.050418,0.053356
2.131e-20,0.050388,0.053389
2.3933e-20,0.050356,0.053425
2.659e-20,0.050322,0.053464
2.9269e-20,0.050286,0.053504
3.1963e-20,0.050248,0.053548
3.4659e-20,0.050209,0.053593
3.7348e-20,0.050169,0.05364
4.0019e-20,0.050127,0.05369
4.2659e-20,0.050084,0.053741
4.5257e-20,0.050041,0.053794
4.78e-20,0.049997,0.053848
5.0274e-20,0.049952,0.053904
5.2668e-20,0.049907,0.053961
5.4966e-20,0.049862,0.05402
5.7155e-20,0.049816,0.054079
5.922e-20,0.049771,0.05414
6.1148e-20,0.049725,0.054202
6.2924e-20,0.04968,0.054265
6.4532e-20,0.049635,0.054328
6.5959e-20,0.04959,0.054392
6.7189e-20,0.049546,0.054457
6.8208e-20,0.049502,0.054522
6.9002e-20,0.049458,0.054588
6.9555e-20,0.049416,0.054654
6.9855e-20,0.049374,0.054721
6.9887e-20,0.049333,0.054788
6.9638e-20,0.049293,0.054855
6.9095e-20,0.049253,0.054922
6.8245e-20,0.049215,0.05499
6.7079e-20,0.049177,0.055057
6.5583e-20,0.049141,0.055125
6.3748e-20,0.049105,0.055192
6.1566e-20,0.049071,0.05526
5.9027e-20,0.049037,0.055327
5.6124e-20,0.049005,0.055394
5.2851e-20,0.048973,0.055461
4.9204e-20,0.048943,0.055528
4.5178e-20,0.048913,0.055594
4.0771e-20,0.048885,0.05566
3.5982e-20,0.048857,0.055726
3.0812e-20,0.048831,0.055791
2.5262e-20,0.048805,0.055856
1.9338e-20,0.04878,0.05592
1.3043e-20,0.048757,0.055984
6.3856e-21,0.048734,0.056047
-6.254e-22,0.048712,0.056109
-7.9791e-21,0.048691,0.056171
-1.5663e-20,0.04867,0.056232
-2.3661e-20,0.048651,0.056293
-3.1958e-20,0.048632,0.056352
-4.0534e-20,0.048614,0.056411
-4.9369e-20,0.048596,0.056469
-5.8438e-20,0.04858,0.056526
-6.7719e-20,0.048563,0.056582
-7.7182e-20,0.048548,0.056637
-8.6799e-20,0.048533,0.05669
-9.6539e-20,0.048519,0.056743
-1.0637e-19,0.048505,0.056795
-1.1625e-19,0.048492,0.056845
-1.2615e-19,0.048479,0.056894
-1.3603e-19,0.048467,0.056942
-1.4584e-19,0.048455,0.056988
-1.5555e-19,0.048444,0.057034
-1.651e-19,0.048433,0.057077
-1.7446e-19,0.048423,0.05712
-1.8357e-19,0.048413,0.05716
-1.9239e-19,0.048404,0.0572
-2.0087e-19,0.048395,0.057237
-2.0895e-19,0.048386,0.057274
-2.1659e-19,0.048378,0.057308
-2.2372e-19,0.048371,0.057341
-2.303e-19,0.048364,0.057372
-2.3628e-19,0.048358,0.057402
-2.4159e-19,0.048352,0.05743
-2.4619e-19,0.048347,0.057456
-2.5002e-19,0.048342,0.057481
-2.5302e-19,0.048339,0.057503
-2.5515e-19,0.048335,0.057525
-2.5636e-19,0.048333,0.057544
-2.5658e-19,0.048331,0.057562
-2.5578e-19,0.04833,0.057577
-2.5391e-19,0.04833,0.057592
-2.5092e-19,0.048331,0.057604
-2.4676e-19,0.048333,0.057615
-2.4141e-19,0.048335,0.057624
-2.3481e-19,0.048339,0.057632
-2.2694e-19,0.048344,0.057638
-2.1776e-19,0.048349,0.057642
-2.0725e-19,0.048356,0.057645
-1.9539e-19,0.048364,0.057646
-1.8215e-19,0.048373,0.057646
-1.6752e-19,0.048383,0.057644
-1.515e-19,0.048395,0.057641
-1.3407e-19,0.048408,0.057636
-1.1525e-19,0.048422,0.05763
-9.5027e-20,0.048437,0.057623
-7.3428e-20,0.048453,0.057614
-5.0468e-20,0.048471,0.057604
-2.6173e-20,0.04849,0.057592
-5.7632e-22,0.048511,0.05758
2.6283e-20,0.048532,0.057566
5.4359e-20,0.048555,0.057551
8.3598e-20,0.04858,0.057534
1.1394e-19,0.048605,0.057517
1.4531e-19,0.048632,0.057498
1.7764e-19,0.04866,0.057479
2.1085e-19,0.048689,0.057458
2.4483e-19,0.048719,0.057436
2.795e-19,0.048751,0.057414
3.1475e-19,0.048783,0.05739
3.5046e-19,0.048817,0.057365
3.8651e-19,0.048851,0.057339
4.2278e-19,0.048886,0.057312
4.5912e-19,0.048923,0.057284
4.9539e-19,0.048959,0.057255
5.3144e-19,0.048997,0.057225
5.6713e-19,0.049035,0.057194
6.0227e-19,0.049074,0.057163
6.3671e-19,0.049113,0.05713
6.7027e-19,0.049153,0.057096
7.0278e-19,0.049193,0.057061
7.3404e-19,0.049233,0.057025
7.6388e-19,0.049274,0.056988
7.9209e-19,0.049314,0.05695
8.1849e-19,0.049354,0.056911
8.4288e-19,0.049394,0.056872
8.6507e-19,0.049434,0.056831
8.8484e-19,0.049474,0.056789
9.0202e-19,0.049513,0.056747
9.1639e-19,0.049551,0.056703
9.2776e-19,0.049589,0.056659
9.3595e-19,0.049626,0.056614
9.4075e-19,0.049663,0.056568
9.4198e-19,0.049698,0.056521
9.3946e-19,0.049732,0.056474
9.3302e-19,0.049765,0.056426
9.225e-19,0.049797,0.056377
9.0772e-19,0.049828,0.056328
8.8854e-19,0.049857,0.056279
8.6483e-19,0.049884,0.056228
8.3645e-19,0.04991,0.056178
8.033e-19,0.049934,0.056127
7.6526e-19,0.049957,0.056076
7.2226e-19,0.049978,0.056025
6.7421e-19,0.049997,0.055974
6.2108e-19,0.050013,0.055923
5.6281e-19,0.050028,0.055872
4.994e-19,0.050041,0.055821
4.3085e-19,0.050052,0.05577
3.5719e-19,0.050061,0.05572
2.7845e-19,0.050067,0.05567
1.947e-19,0.050071,0.055621
1.0605e-19,0.050074,0.055573
1.2603e-20,0.050074,0.055525
-8.5497e-20,0.050071,0.055478
-1.8808e-19,0.050067,0.055432
-2.9496e-19,0.05006,0.055388
-4.059e-19,0.050051,0.055344
-5.2067e-19,0.05004,0.055302
-6.3898e-19,0.050027,0.055261
-7.6054e-19,0.050012,0.055221
-8.8501e-19,0.049995,0.055183
-1.012e-18,0.049976,0.055147
-1.1412e-18,0.049955,0.055112
-1.2721e-18,0.049932,0.055079
-1.4043e-18,0.049907,0.055048
-1.5374e-18,0.049881,0.055019
-1.6708e-18,0.049853,0.054992
-1.804e-18,0.049824,0.054967
-1.9365e-18,0.049793,0.054944
-2.0676e-18,0.04976,0.054924
-2.1969e-18,0.049727,0.054905
-2.3236e-18,0.049692,0.054889
-2.4472e-18,0.049656,0.054875
-2.567e-18,0.04962,0.054864
-2.6823e-18,0.049582,0.054855
-2.7924e-18,0.049544,0.054848
-2.8967e-18,0.049505,0.054844
-2.9944e-18,0.049466,0.054842
-3.0847e-18,0.049426,0.054843
-3.1671e-18,0.049386,0.054846
-3.2407e-18,0.049346,0.054852
-3.3048e-18,0.049306,0.05486
-3.3587e-18,0.049265,0.05487
-3.4017e-18,0.049226,0.054882
-3.4331e-18,0.049186,0.054897
-3.4521e-18,0.049147,0.054914
-3.4581e-18,0.049108,0.054933
-3.4504e-18,0.049071,0.054955
-3.4283e-18,0.049034,0.054978
-3.3914e-18,0.048997,0.055003
-3.3388e-18,0.048962,0.05503
-3.2702e-18,0.048928,0.055059
-3.185e-18,0.048896,0.055089
-3.0828e-18,0.048864,0.055121
-2.963e-18,0.048834,0.055154
-2.8253e-18,0.048806,0.055189
-2.6695e-18,0.048779,0.055224
-2.4951e-18,0.048754,0.055261
-2.3021e-18,0.048731,0.055298
-2.0903e-18,0.04871,0.055336
-1.8596e-18,0.048691,0.055374
-1.61e-18,0.048675,0.055413
-1.3416e-18,0.04866,0.055451
-1.0546e-18,0.048648,0.05549
-7.4919e-19,0.048638,0.055529
-4.257e-19,0.048631,0.055567
-8.4561e-20,0.048626,0.055604
2.7372e-19,0.048624,0.055641
6.4853e-19,0.048625,0.055676
1.0392e-18,0.048628,0.055711
1.4449e-18,0.048634,0.055744
1.8647e-18,0.048643,0.055776
2.2976e-18,0.048655,0.055806
2.7426e-18,0.04867,0.055834
3.1984e-18,0.048687,0.055861
3.6637e-18,0.048708,0.055885
4.1371e-18,0.048731,0.055907
4.6171e-18,0.048758,0.055926
5.102e-18,0.048787,0.055943
5.5902e-18,0.048819,0.055958
6.0799e-18,0.048855,0.055969
6.569e-18,0.048892,0.055978
7.0557e-18,0.048933,0.055984
7.5378e-18,0.048977,0.055987
8.0132e-18,0.049023,0.055987
8.4796e-18,0.049072,0.055983
8.9346e-18,0.049123,0.055977
9.3759e-18,0.049177,0.055967
9.8011e-18,0.049233,0.055954
1.0208e-17,0.049292,0.055938
1.0593e-17,0.049353,0.055919
1.0954e-17,0.049416,0.055896
1.1289e-17,0.04948,0.055871
1.1595e-17,0.049547,0.055843
1.1868e-17,0.049615,0.055811
1.2108e-17,0.049685,0.055777
1.231e-17,0.049757,0.05574
1.2472e-17,0.049829,0.0557
1.2592e-17,0.049903,0.055658
1.2667e-17,0.049978,0.055613
1.2694e-17,0.050054,0.055566
1.2672e-17,0.05013,0.055517
1.2596e-17,0.050207,0.055467
1.2467e-17,0.050284,0.055414
1.228e-17,0.050361,0.05536
1.2035e-17,0.050439,0.055304
1.1729e-17,0.050516,0.055247
1.1361e-17,0.050593,0.055189
1.0928e-17,0.050669,0.055131
1.043e-17,0.050745,0.055072
9.865e-18,0.05082,0.055012
9.2325e-18,0.050893,0.054953
8.5315e-18,0.050966,0.054893
7.7615e-18,0.051037,0.054833
6.9222e-18,0.051107,0.054774
6.0136e-18,0.051175,0.054716
5.0359e-18,0.051242,0.054659
3.9897e-18,0.051306,0.054602
2.8759e-18,0.051369,0.054547
1.6955e-18,0.051429,0.054493
4.5025e-19,0.051486,0.054441
-8.5819e-19,0.051541,0.054391
-2.2276e-18,0.051594,0.054342
-3.6554e-18,0.051644,0.054296
-5.1387e-18,0.051691,0.054251
-6.6743e-18,0.051735,0.054209
-8.2586e-18,0.051776,0.05417
-9.8874e-18,0.051814,0.054133
-1.1556e-17,0.051849,0.054098
-1.3261e-17,0.051881,0.054067
-1.4996e-17,0.051909,0.054038
-1.6755e-17,0.051934,0.054011
-1.8534e-17,0.051956,0.053988
-2.0325e-17,0.051974,0.053967
-2.2122e-17,0.051989,0.05395
-2.3918e-17,0.052001,0.053935
-2.5706e-17,0.052009,0.053923
-2.7478e-17,0.052014,0.053914
-2.9226e-17,0.052016,0.053908
-3.0942e-17,0.052014,0.053905
-3.2618e-17,0.052009,0.053904
-3.4244e-17,0.052001,0.053906
-3.5811e-17,0.05199,0.053911
-3.7311e-17,0.051975,0.053918
-3.8734e-17,0.051958,0.053927
-4.0071e-17,0.051938,0.053939
-4.1311e-17,0.051915,0.053953
-4.2445e-17,0.051889,0.053969
-4.3464e-17,0.051861,0.053987
-4.4356e-17,0.05183,0.054007
-4.5114e-17,0.051797,0.054029
-4.5726e-17,0.051762,0.054052
-4.6184e-17,0.051724,0.054077
-4.6477e-17,0.051684,0.054102
-4.6597e-17,0.051643,0.054129
-4.6534e-17,0.0516,0.054157
-4.628e-17,0.051555,0.054185
-4.5826e-17,0.051508,0.054215
-4.5165e-17,0.051461,0.054244
-4.4289e-17,0.051412,0.054274
-4.319e-17,0.051362,0.054304
-4.1862e-17,0.051311,0.054334
-4.03e-17,0.051259,0.054364
-3.8498e-17,0.051207,0.054393
-3.6452e-17,0.051154,0.054422
-3.4157e-17,0.051101,0.05445
-3.1612e-17,0.051047,0.054478
-2.8813e-17,0.050994,0.054504
-2.5759e-17,0.05094,0.054529
-2.2452e-17,0.050887,0.054553
-1.889e-17,0.050834,0.054576
-1.5077e-17,0.050781,0.054597
-1.1015e-17,0.050728,0.054616
-6.7089e-18,0.050676,0.054633
-2.1633e-18,0.050625,0.054648
2.6148e-18,0.050574,0.054662
7.6177e-18,0.050524,0.054673
1.2836e-17,0.050475,0.054682
1.826e-17,0.050427,0.054688
2.3876e-17,0.05038,0.054692
2.9673e-17,0.050334,0.054693
3.5635e-17,0.050289,0.054692
4.1747e-17,0.050246,0.054688
4.7991e-17,0.050203,0.054681
5.4348e-17,0.050161,0.054671
6.0798e-17,0.050121,0.054659
6.732e-17,0.050082,0.054644
7.3892e-17,0.050044,0.054626
8.0488e-17,0.050007,0.054605
8.7083e-17,0.049971,0.054581
9.3651e-17,0.049937,0.054555
1.0016e-16,0.049904,0.054526
1.0659e-16,0.049871,0.054494
1.1291e-16,0.04984,0.054459
1.1907e-16,0.04981,0.054422
1.2506e-16,0.049781,0.054382
1.3084e-16,0.049753,0.05434
1.3638e-16,0.049725,0.054295
1.4163e-16,0.049699,0.054249
1.4658e-16,0.049673,0.0542
1.5117e-16,0.049648,0.054149
1.5538e-16,0.049624,0.054096
1.5916e-16,0.0496,0.054042
1.6249e-16,0.049577,0.053986
1.6533e-16,0.049554,0.053929
1.6764e-16,0.049531,0.053871
1.6938e-16,0.049509,0.053811
1.7052e-16,0.049487,0.053751
1.7104e-16,0.049466,0.05369
1.7088e-16,0.049444,0.053628
1.7003e-16,0.049422,0.053567
1.6844e-16,0.049401,0.053505
1.661e-16,0.049379,0.053443
1.6297e-16,0.049357,0.053381
1.5903e-16,0.049335,0.05332
1.5425e-16,0.049313,0.05326
1.4861e-16,0.04929,0.053201
1.4209e-16,0.049268,0.053142
1.3467e-16,0.049244,0.053085
1.2635e-16,0.04922,0.053029
1.1711e-16,0.049196,0.052975
1.0694e-16,0.049172,0.052923
9.5829e-17,0.049146,0.052873
8.3789e-17,0.049121,0.052824
7.0817e-17,0.049094,0.052778
5.692e-17,0.049068,0.052735
4.2108e-17,0.04904,0.052694
2.6397e-17,0.049012,0.052655
9.8053e-18,0.048984,0.052619
-7.6429e-18,0.048955,0.052587
-2.5919e-17,0.048926,0.052557
-4.4991e-17,0.048897,0.05253
-6.482e-17,0.048867,0.052506
-8.5363e-17,0.048836,0.052485
-1.0657e-16,0.048806,0.052467
-1.284e-16,0.048776,0.052452
-1.5077e-16,0.048745,0.05244
-1.7364e-16,0.048714,0.052432
-1.9694e-16,0.048684,0.052426
-2.2058e-16,0.048654,0.052424
-2.445e-16,0.048624,0.052425
-2.6861e-16,0.048594,0.052428
-2.9282e-16,0.048565,0.052434
-3.1703e-16,0.048536,0.052443
-3.4116e-16,0.048509,0.052455
-3.6509e-16,0.048482,0.052469
-3.8873e-16,0.048456,0.052485
-4.1196e-16,0.048431,0.052504
-4.3466e-16,0.048408,0.052525
-4.5673e-16,0.048386,0.052548
-4.7804e-16,0.048365,0.052572
-4.9846e-16,0.048346,0.052599
-5.1787e-16,0.048329,0.052626
-5.3615e-16,0.048313,0.052655
-5.5315e-16,0.0483,0.052685
-5.6876e-16,0.048289,0.052716
-5.8283e-16,0.04828,0.052748
-5.9525e-16,0.048273,0.052781
-6.0586e-16,0.048269,0.052813
-6.1455e-16,0.048267,0.052846
-6.2118e-16,0.048268,0.052879
-6.2563e-16,0.048271,0.052912
-6.2776e-16,0.048277,0.052945
-6.2747e-16,0.048286,0.052977
-6.2462e-16,0.048298,0.053009
-6.191e-16,0.048313,0.05304
-6.1081e-16,0.048331,0.05307
-5.9964e-16,0.048352,0.053098
-5.855e-16,0.048376,0.053126
-5.6829e-16,0.048402,0.053152
-5.4793e-16,0.048432,0.053177
-5.2436e-16,0.048465,0.0532
-4.9751e-16,0.0485,0.053222
-4.6732e-16,0.048539,0.053242
-4.3376e-16,0.04858,0.05326
-3.9679e-16,0.048624,0.053276
-3.564e-16,0.04867,0.05329
-3.1257e-16,0.04872,0.053302
-2.6533e-16,0.048771,0.053311
-2.1468e-16,0.048825,0.053319
-1.6067e-16,0.048881,0.053324
-1.0336e-16,0.04894,0.053327
-4.2799e-17,0.049,0.053328
2.0913e-17,0.049062,0.053326
8.7678e-17,0.049126,0.053322
1.5738e-16,0.049191,0.053316
2.2987e-16,0.049258,0.053307
3.05e-16,0.049326,0.053296
3.826e-16,0.049395,0.053283
4.6248e-16,0.049465,0.053267
5.4441e-16,0.049536,0.05325
6.2818e-16,0.049607,0.05323
7.1354e-16,0.049679,0.053208
8.0021e-16,0.049751,0.053183
8.8791e-16,0.049822,0.053157
9.7634e-16,0.049894,0.053129
1.0652e-15,0.049966,0.053099
1.1541e-15,0.050037,0.053067
1.2427e-15,0.050107,0.053033
1.3307e-15,0.050177,0.052998
1.4176e-15,0.050246,0.052961
1.503e-15,0.050314,0.052922
1.5866e-15,0.050381,0.052883
1.6679e-15,0.050446,0.052841
1.7464e-15,0.05051,0.052799
1.8218e-15,0.050573,0.052755
1.8935e-15,0.050633,0.052711
1.961e-15,0.050692,0.052665
2.024e-15,0.05075,0.052619
2.0819e-15,0.050805,0.052572
2.1342e-15,0.050858,0.052525
2.1804e-15,0.050909,0.052477
2.2201e-15,0.050958,0.052428
2.2528e-15,0.051004,0.05238
2.278e-15,0.051048,0.052331
2.2952e-15,0.05109,0.052283
2.304e-15,0.051129,0.052234
2.3039e-15,0.051166,0.052186
2.2945e-15,0.0512,0.052138
2.2753e-15,0.051232,0.052091
2.246e-15,0.051261,0.052044
2.2062e-15,0.051287,0.051998
2.1555e-15,0.051311,0.051953
2.0936e-15,0.051332,0.051909
2.0201e-15,0.051351,0.051866
1.9349e-15,0.051367,0.051824
1.8377e-15,0.05138,0.051783
1.7282e-15,0.051391,0.051744
1.6063e-15,0.0514,0.051706
1.472e-15,0.051406,0.05167
1.3251e-15,0.051409,0.051635
1.1656e-15,0.05141,0.051602
9.9353e-16,0.051408,0.051571
8.0897e-16,0.051405,0.051542
6.1205e-16,0.051398,0.051515
4.0297e-16,0.05139,0.051489
1.8195e-16,0.05138,0.051466
-5.0681e-17,0.051367,0.051445
-2.9456e-16,0.051352,0.051426
-5.4926e-16,0.051335,0.051409
-8.1428e-16,0.051317,0.051394
-1.0891e-15,0.051296,0.051382
-1.373e-15,0.051274,0.051371
-1.6653e-15,0.05125,0.051363
-1.9653e-15,0.051225,0.051357
-2.2721e-15,0.051198,0.051353
-2.5848e-15,0.05117,0.051351
-2.9025e-15,0.05114,0.051351
-3.2241e-15,0.051109,0.051353
-3.5485e-15,0.051077,0.051357
-3.8745e-15,0.051044,0.051363
-4.2009e-15,0.05101,0.051371
-4.5264e-15,0.050975,0.051381
-4.8496e-15,0.050939,0.051393
-5.1691e-15,0.050902,0.051406
-5.4835e-15,0.050865,0.051421
-5.7911e-15,0.050828,0.051437
-6.0905e-15,0.05079,0.051455
-6.38e-15,0.050751,0.051474
-6.6579e-15,0.050712,0.051494
-6.9227e-15,0.050674,0.051516
-7.1724e-15,0.050634,0.051538
-7.4055e-15,0.050595,0.051561
-7.62e-15,0.050556,0.051585
-7.8144e-15,0.050517,0.05161
-7.9867e-15,0.050478,0.051636
-8.1352e-15,0.05044,0.051661
-8.2581e-15,0.050401,0.051688
-8.3536e-15,0.050363,0.051714
-8.4201e-15,0.050325,0.051741
-8.4558e-15,0.050288,0.051768
-8.4591e-15,0.050251,0.051794
-8.4284e-15,0.050215,0.051821
-8.362e-15,0.050179,0.051847
-8.2586e-15,0.050144,0.051872
-8.1166e-15,0.050109,0.051898
-7.9349e-15,0.050075,0.051922
-7.7121e-15,0.050041,0.051946
-7.4472e-15,0.050008,0.05197
-7.1391e-15,0.049976,0.051992
-6.787e-15,0.049944,0.052014
-6.3901e-15,0.049913,0.052034
-5.9478e-15,0.049883,0.052054
-5.4597e-15,0.049853,0.052072
-4.9254e-15,0.049824,0.05209
-4.345e-15,0.049795,0.052106
-3.7183e-15,0.049767,0.052121
-3.0458e-15,0.04974,0.052134
-2.3279e-15,0.049713,0.052147
-1.5652e-15,0.049686,0.052158
-7.5861e-16,0.049661,0.052168
9.0766e-17,0.049635,0.052176
9.816e-16,0.04961,0.052183
1.9123e-15,0.049586,0.052189
2.8811e-15,0.049561,0.052193
3.886e-15,0.049538,0.052197
4.9247e-15,0.049514,0.052199
5.9945e-15,0.049491,0.0522
7.0929e-15,0.049468,0.0522
8.2166e-15,0.049445,0.052199
9.3624e-15,0.049423,0.052196
1.0527e-14,0.049401,0.052193
1.1706e-14,0.049379,0.052189
1.2896e-14,0.049357,0.052185
1.4092e-14,0.049336,0.052179
1.529e-14,0.049315,0.052174
1.6486e-14,0.049294,0.052167
1.7673e-14,0.049273,0.05216
1.8848e-14,0.049252,0.052153
2.0004e-14,0.049232,0.052146
2.1137e-14,0.049212,0.052139
2.2239e-14,0.049192,0.052132
2.3306e-14,0.049172,0.052125
2.4331e-14,0.049153,0.052118
2.5309e-14,0.049134,0.052111
2.6232e-14,0.049116,0.052105
2.7094e-14,0.049098,0.0521
2.789e-14,0.04908,0.052095
2.8612e-14,0.049063,0.052091
2.9253e-14,0.049047,0.052088
2.9808e-14,0.049031,0.052086
3.027e-14,0.049016,0.052084
3.0632e-14,0.049002,0.052084
3.0888e-14,0.048989,0.052085
3.1032e-14,0.048976,0.052087
3.1057e-14,0.048965,0.052091
3.0958e-14,0.048954,0.052096
3.0729e-14,0.048945,0.052102
3.0365e-14,0.048937,0.052109
2.9859e-14,0.04893,0.052118
2.9208e-14,0.048924,0.052128
2.8407e-14,0.04892,0.05214
2.7452e-14,0.048918,0.052153
2.6338e-14,0.048917,0.052167
2.5063e-14,0.048918,0.052182
2.3624e-14,0.04892,0.052199
2.2019e-14,0.048925,0.052217
2.0246e-14,0.048931,0.052236
1.8303e-14,0.048939,0.052256
1.6191e-14,0.048949,0.052277
1.3909e-14,0.048961,0.052298
1.1459e-14,0.048975,0.052321
8.8412e-15,0.048992,0.052343
6.0593e-15,0.04901,0.052367
3.1158e-15,0.049031,0.05239
1.4742e-17,0.049054,0.052414
-3.239e-15,0.049079,0.052438
-6.6399e-15,0.049107,0.052462
-1.0181e-14,0.049136,0.052485
-1.3856e-14,0.049168,0.052508
-1.7656e-14,0.049202,0.05253
-2.1571e-14,0.049238,0.052552
-2.5592e-14,0.049276,0.052573
-2.9708e-14,0.049316,0.052593
-3.3905e-14,0.049358,0.052611
-3.8173e-14,0.049402,0.052628
-4.2496e-14,0.049448,0.052644
-4.6861e-14,0.049495,0.052658
-5.1251e-14,0.049544,0.052671
-5.5649e-14,0.049595,0.052681
-6.004e-14,0.049647,0.05269
-6.4403e-14,0.0497,0.052696
-6.8721e-14,0.049754,0.0527
-7.2974e-14,0.04981,0.052702
-7.7141e-14,0.049866,0.052702
-8.1202e-14,0.049922,0.052699
-8.5134e-14,0.04998,0.052694
-8.8915e-14,0.050037,0.052686
-9.2523e-14,0.050095,0.052675
-9.5935e-14,0.050153,0.052662
-9.9126e-14,0.050211,0.052646
-1.0207e-13,0.050268,0.052628
-1.0475e-13,0.050325,0.052607
-1.0714e-13,0.050381,0.052583
-1.0922e-13,0.050437,0.052556
-1.1095e-13,0.050491,0.052527
-1.1232e-13,0.050544,0.052495
-1.133e-13,0.050596,0.052461
-1.1388e-13,0.050647,0.052424
-1.1402e-13,0.050696,0.052385
-1.1371e-13,0.050743,0.052344
-1.1292e-13,0.050788,0.0523
-1.1164e-13,0.050831,0.052255
-1.0984e-13,0.050871,0.052207
-1.0751e-13,0.05091,0.052157
-1.0463e-13,0.050945,0.052106
-1.0118e-13,0.050979,0.052053
-9.716e-14,0.051009,0.051998
-9.2545e-14,0.051037,0.051942
-8.7329e-14,0.051062,0.051885
-8.1503e-14,0.051084,0.051827
-7.5061e-14,0.051104,0.051768
-6.7997e-14,0.05112,0.051708
-6.0311e-14,0.051133,0.051648
-5.2003e-14,0.051143,0.051587
-4.3075e-14,0.05115,0.051526
-3.3534e-14,0.051153,0.051465
-2.3387e-14,0.051154,0.051405
-1.2646e-14,0.051152,0.051345
-1.3247e-15,0.051146,0.051285
1.0559e-14,0.051138,0.051226
2.2986e-14,0.051126,0.051168
3.5931e-14,0.051112,0.051112
4.9369e-14,0.051095,0.051056
6.3268e-14,0.051075,0.051002
7.7597e-14,0.051052,0.05095
9.2317e-14,0.051027,0.0509
1.0739e-13,0.050999,0.050852
1.2277e-13,0.050969,0.050807
1.3841e-13,0.050936,0.050763
1.5426e-13,0.050902,0.050723
1.7027e-13,0.050866,0.050685
1.8637e-13,0.050827,0.05065
2.0252e-13,0.050787,0.050618
2.1864e-13,0.050746,0.05059
2.3467e-13,0.050703,0.050564
2.5055e-13,0.050659,0.050543
2.6619e-13,0.050613,0.050525
2.8152e-13,0.050567,0.05051
2.9648e-13,0.05052,0.050499
3.1097e-13,0.050473,0.050492
3.2491e-13,0.050425,0.050489
3.3823e-13,0.050377,0.05049
3.5084e-13,0.050328,0.050495
3.6264e-13,0.05028,0.050504
3.7357e-13,0.050232,0.050517
3.8352e-13,0.050185,0.050533
3.9241e-13,0.050138,0.050554
4.0015e-13,0.050092,0.050578
4.0665e-13,0.050047,0.050607
4.1183e-13,0.050002,0.050639
4.156e-13,0.049959,0.050674
4.1788e-13,0.049918,0.050713
4.1857e-13,0.049878,0.050756
4.1761e-13,0.049839,0.050802
4.1492e-13,0.049803,0.050851
4.1041e-13,0.049768,0.050903
4.0402e-13,0.049735,0.050958
3.9568e-13,0.049704,0.051015
3.8533e-13,0.049675,0.051075
3.7292e-13,0.049649,0.051138
3.5838e-13,0.049625,0.051202
3.4168e-13,0.049604,0.051268
3.2277e-13,0.049585,0.051336
3.0163e-13,0.049568,0.051405
2.7823e-13,0.049554,0.051476
2.5255e-13,0.049543,0.051547
2.2459e-13,0.049535,0.051619
1.9434e-13,0.049529,0.051692
1.6181e-13,0.049526,0.051764
1.2703e-13,0.049526,0.051837
9.0025e-14,0.049528,0.051909
5.0831e-14,0.049534,0.051981
9.5021e-15,0.049542,0.052052
-3.3901e-14,0.049553,0.052122
-7.9303e-14,0.049566,0.052191
-1.2662e-13,0.049582,0.052258
-1.7576e-13,0.049601,0.052323
-2.266e-13,0.049622,0.052387
-2.7903e-13,0.049646,0.052448
-3.3292e-13,0.049672,0.052507
-3.8811e-13,0.049701,0.052563
-4.4445e-13,0.049732,0.052616
-5.0177e-13,0.049765,0.052666
-5.5988e-13,0.0498,0.052714
-6.1859e-13,0.049838,0.052758
-6.7769e-13,0.049877,0.052798
-7.3696e-13,0.049918,0.052835
-7.9616e-13,0.04996,0.052868
-8.5506e-13,0.050005,0.052897
-9.1341e-13,0.05005,0.052923
-9.7093e-13,0.050097,0.052944
-1.0274e-12,0.050146,0.052961
-1.0824e-12,0.050195,0.052974
-1.1358e-12,0.050245,0.052983
-1.1872e-12,0.050296,0.052988
-1.2364e-12,0.050348,0.052989
-1.283e-12,0.050401,0.052985
-1.3266e-12,0.050454,0.052978
-1.3671e-12,0.050507,0.052966
-1.4041e-12,0.05056,0.05295
-1.4371e-12,0.050614,0.052931
-1.466e-12,0.050667,0.052907
-1.4904e-12,0.050721,0.05288
-1.51e-12,0.050774,0.052849
-1.5244e-12,0.050826,0.052814
-1.5333e-12,0.050878,0.052776
-1.5366e-12,0.05093,0.052735
-1.5337e-12,0.050981,0.05269
-1.5245e-12,0.051031,0.052643
-1.5087e-12,0.05108,0.052593
-1.486e-12,0.051127,0.05254
-1.4562e-12,0.051174,0.052485
-1.419e-12,0.05122,0.052428
-1.3743e-12,0.051264,0.052369
-1.3218e-12,0.051307,0.052308
-1.2613e-12,0.051348,0.052246
-1.1928e-12,0.051388,0.052182
-1.1161e-12,0.051426,0.052117
-1.0311e-12,0.051463,0.052052
-9.3779e-13,0.051498,0.051986
-8.3606e-13,0.051531,0.05192
-7.2593e-13,0.051562,0.051853
-6.0744e-13,0.051592,0.051787
-4.8066e-13,0.051619,0.051721
-3.457e-13,0.051645,0.051655
-2.0269e-13,0.051669,0.05159
-5.1821e-14,0.051691,0.051527
1.0669e-13,0.051711,0.051464
2.7257e-13,0.051729,0.051403
4.4552e-13,0.051744,0.051343
6.2518e-13,0.051758,0.051285
8.1116e-13,0.05177,0.051229
1.003e-12,0.05178,0.051176
1.2003e-12,0.051788,0.051124
1.4024e-12,0.051794,0.051074
1.6088e-12,0.051798,0.051027
1.8188e-12,0.051801,0.050982
2.0318e-12,0.051801,0.05094
2.2472e-12,0.051799,0.050901
2.464e-12,0.051796,0.050864
2.6815e-12,0.051791,0.05083
2.8989e-12,0.051784,0.050799
3.1153e-12,0.051775,0.05077
3.3298e-12,0.051764,0.050744
3.5413e-12,0.051752,0.050721
3.7489e-12,0.051739,0.050701
3.9516e-12,0.051724,0.050683
4.1484e-12,0.051707,0.050668
4.338e-12,0.051689,0.050656
4.5194e-12,0.051669,0.050646
4.6915e-12,0.051648,0.050638
4.853e-12,0.051626,0.050633
5.0029e-12,0.051603,0.05063
5.14e-12,0.051578,0.050629
5.263e-12,0.051553,0.05063
5.3708e-12,0.051526,0.050633
5.4622e-12,0.051499,0.050638
5.536e-12,0.05147,0.050644
5.591e-12,0.051441,0.050652
5.6262e-12,0.051411,0.050661
5.6403e-12,0.05138,0.050672
5.6323e-12,0.051349,0.050684
5.6012e-12,0.051317,0.050696
5.5458e-12,0.051285,0.05071
5.4653e-12,0.051252,0.050724
5.3588e-12,0.051219,0.050739
5.2253e-12,0.051185,0.050754
5.0641e-12,0.051152,0.050769
4.8746e-12,0.051118,0.050785
4.6559e-12,0.051084,0.050801
4.4077e-12,0.051051,0.050817
4.1294e-12,0.051017,0.050832
3.8208e-12,0.050984,0.050848
3.4814e-12,0.050951,0.050863
3.1113e-12,0.050918,0.050877
2.7104e-12,0.050886,0.050891
2.2788e-12,0.050854,0.050905
1.8167e-12,0.050822,0.050917
1.3246e-12,0.050792,0.050929
8.0279e-13,0.050762,0.05094
2.5208e-13,0.050733,0.05095
-3.2677e-13,0.050704,0.050959
-9.328e-13,0.050677,0.050967
-1.5649e-12,0.050651,0.050975
-2.2218e-12,0.050626,0.050981
-2.902e-12,0.050602,0.050986
-3.6041e-12,0.050579,0.05099
-4.3261e-12,0.050557,0.050994
-5.0662e-12,0.050537,0.050996
-5.8222e-12,0.050519,0.050997
-6.5919e-12,0.050501,0.050998
-7.3729e-12,0.050486,0.050997
-8.1625e-12,0.050472,0.050996
-8.9579e-12,0.050459,0.050993
-9.7563e-12,0.050449,0.05099
-1.0555e-11,0.05044,0.050986
-1.135e-11,0.050432,0.050982
-1.2138e-11,0.050427,0.050977
-1.2916e-11,0.050423,0.050972
-1.368e-11,0.050422,0.050966
-1.4426e-11,0.050422,0.050959
-1.5151e-11,0.050424,0.050952
-1.585e-11,0.050427,0.050945
-1.6519e-11,0.050433,0.050938
-1.7155e-11,0.050441,0.05093
-1.7752e-11,0.05045,0.050923
-1.8307e-11,0.050461,0.050915
-1.8816e-11,0.050474,0.050907
-1.9273e-11,0.050489,0.050899
-1.9675e-11,0.050506,0.050891
-2.0018e-11,0.050524,0.050883
-2.0296e-11,0.050544,0.050875
-2.0505e-11,0.050565,0.050867
-2.0643e-11,0.050589,0.050859
-2.0703e-11,0.050613,0.050851
-2.0683e-11,0.05064,0.050843
-2.0578e-11,0.050667,0.050835
-2.0385e-11,0.050696,0.050827
-2.0099e-11,0.050726,0.050818
-1.9719e-11,0.050758,0.050809
-1.924e-11,0.050791,0.0508
-1.866e-11,0.050824,0.05079
-1.7975e-11,0.050859,0.050779
-1.7184e-11,0.050895,0.050768
-1.6285e-11,0.050931,0.050756
-1.5276e-11,0.050969,0.050743
-1.4155e-11,0.051007,0.050728
-1.2922e-11,0.051046,0.050713
-1.1575e-11,0.051085,0.050696
-1.0116e-11,0.051125,0.050677
-8.5438e-12,0.051165,0.050657
-6.8597e-12,0.051205,0.050635
-5.0649e-12,0.051246,0.05061
-3.1613e-12,0.051287,0.050583
-1.1512e-12,0.051328,0.050554
9.626e-13,0.05137,0.050522
3.1766e-12,0.051411,0.050488
5.4867e-12,0.051452,0.05045
7.8884e-12,0.051493,0.050409
1.0376e-11,0.051533,0.050365
1.2945e-11,0.051573,0.050318
1.5588e-11,0.051613,0.050267
1.8298e-11,0.051653,0.050212
2.1067e-11,0.051691,0.050153
2.3887e-11,0.051729,0.050091
2.675e-11,0.051767,0.050024
2.9646e-11,0.051803,0.049953
3.2564e-11,0.051839,0.049878
3.5494e-11,0.051874,0.049799
3.8425e-11,0.051908,0.049715
4.1345e-11,0.05194,0.049627
4.4242e-11,0.051971,0.049535
4.7102e-11,0.052002,0.049438
4.9913e-11,0.05203,0.049337
5.266e-11,0.052058,0.049232
5.533e-11,0.052084,0.049122
5.7907e-11,0.052108,0.049008
6.0377e-11,0.052131,0.048891
6.2725e-11,0.052152,0.048769
6.4934e-11,0.052172,0.048643
6.699e-11,0.05219,0.048514
6.8876e-11,0.052206,0.048382
7.0576e-11,0.05222,0.048246
7.2075e-11,0.052232,0.048108
7.3356e-11,0.052242,0.047966
7.4404e-11,0.05225,0.047823
7.5202e-11,0.052257,0.047677
7.5735e-11,0.052261,0.047529
7.5989e-11,0.052263,0.047379
7.5947e-11,0.052263,0.047228
7.5597e-11,0.052261,0.047076
7.4924e-11,0.052257,0.046923
7.3914e-11,0.052251,0.04677
7.2556e-11,0.052243,0.046618
7.0838e-11,0.052233,0.046465
6.8748e-11,0.052221,0.046314
6.6278e-11,0.052206,0.046163
6.3418e-11,0.05219,0.046015
6.0161e-11,0.052172,0.045868
5.65e-11,0.052152,0.045723
5.243e-11,0.05213,0.045582
4.7948e-11,0.052106,0.045443
4.3051e-11,0.05208,0.045308
3.7739e-11,0.052052,0.045177
3.2013e-11,0.052023,0.04505
2.5876e-11,0.051992,0.044928
1.9332e-11,0.051959,0.044811
1.2387e-11,0.051925,0.044699
5.0502e-12,0.05189,0.044593
-2.6682e-12,0.051853,0.044493
-1.0756e-11,0.051814,0.044399
-1.9198e-11,0.051775,0.044311
-2.7979e-11,0.051734,0.04423
-3.7079e-11,0.051692,0.044157
-4.6477e-11,0.051649,0.04409
-5.6149e-11,0.051605,0.044031
-6.6071e-11,0.05156,0.04398
-7.6215e-11,0.051514,0.043937
-8.6549e-11,0.051468,0.043901
-9.7043e-11,0.05142,0.043874
-1.0766e-10,0.051372,0.043854
-1.1837e-10,0.051324,0.043843
-1.2912e-10,0.051275,0.043841
-1.3988e-10,0.051226,0.043846
-1.5061e-10,0.051176,0.04386
-1.6125e-10,0.051126,0.043882
-1.7177e-10,0.051076,0.043912
-1.8211e-10,0.051026,0.043951
-1.9222e-10,0.050976,0.043998
-2.0205e-10,0.050926,0.044052
-2.1156e-10,0.050875,0.044115
-2.2067e-10,0.050825,0.044185
-2.2934e-10,0.050776,0.044263
-2.3751e-10,0.050726,0.044348
-2.4512e-10,0.050677,0.04444
-2.5211e-10,0.050628,0.044539
-2.5843e-10,0.05058,0.044645
-2.6402e-10,0.050532,0.044757
-2.6881e-10,0.050484,0.044875
-2.7275e-10,0.050438,0.045
-2.7578e-10,0.050392,0.045129
-2.7785e-10,0.050346,0.045265
-2.789e-10,0.050301,0.045405
-2.7887e-10,0.050257,0.04555
-2.7771e-10,0.050214,0.045699
-2.7537e-10,0.050171,0.045852
-2.718e-10,0.05013,0.046008
-2.6695e-10,0.050089,0.046168
-2.6079e-10,0.050049,0.046331
-2.5327e-10,0.05001,0.046496
-2.4436e-10,0.049972,0.046664
-2.3402e-10,0.049934,0.046833
-2.2222e-10,0.049898,0.047004
-2.0894e-10,0.049863,0.047176
-1.9417e-10,0.049828,0.047348
-1.7788e-10,0.049794,0.047521
-1.6007e-10,0.049762,0.047694
-1.4074e-10,0.04973,0.047866
-1.1989e-10,0.0497,0.048037
-9.7521e-11,0.04967,0.048208
-7.3659e-11,0.049641,0.048377
-4.8325e-11,0.049613,0.048544
-2.1548e-11,0.049587,0.048709
6.6344e-12,0.049561,0.048871
3.6178e-11,0.049536,0.049031
6.703e-11,0.049512,0.049187
9.913e-11,0.049489,0.04934
1.3241e-10,0.049468,0.04949
1.6679e-10,0.049447,0.049635
2.022e-10,0.049427,0.049776
2.3852e-10,0.049408,0.049912
2.7567e-10,0.04939,0.050044
3.1354e-10,0.049373,0.050171
3.52e-10,0.049357,0.050292
3.9094e-10,0.049342,0.050408
4.3021e-10,0.049329,0.050518
4.6967e-10,0.049316,0.050622
5.0918e-10,0.049304,0.05072
5.4857e-10,0.049293,0.050812
5.8769e-10,0.049282,0.050897
6.2636e-10,0.049273,0.050976
6.6439e-10,0.049265,0.051048
7.0162e-10,0.049258,0.051114
7.3783e-10,0.049251,0.051173
7.7285e-10,0.049245,0.051224
8.0647e-10,0.049241,0.051269
8.3848e-10,0.049237,0.051306
8.6868e-10,0.049233,0.051337
8.9685e-10,0.049231,0.05136
9.2279e-10,0.049229,0.051376
9.4627e-10,0.049227,0.051385
9.6707e-10,0.049227,0.051387
9.85e-10,0.049227,0.051382
9.9982e-10,0.049227,0.051369
1.0113e-09,0.049228,0.05135
1.0193e-09,0.049229,0.051324
1.0236e-09,0.049231,0.05129
1.0239e-09,0.049233,0.05125
1.0201e-09,0.049235,0.051204
1.012e-09,0.049238,0.05115
9.9939e-10,0.049241,0.051091
9.8213e-10,0.049244,0.051024
9.6005e-10,0.049247,0.050952
9.3299e-10,0.049251,0.050874
9.0084e-10,0.049254,0.05079
8.6345e-10,0.049258,0.050701
8.2074e-10,0.049262,0.050606
7.726e-10,0.049265,0.050505
7.1896e-10,0.049269,0.0504
6.5978e-10,0.049273,0.05029
5.9502e-10,0.049276,0.050176
5.2466e-10,0.04928,0.050057
4.4872e-10,0.049283,0.049934
3.6722e-10,0.049287,0.049808
2.8022e-10,0.049291,0.049678
1.8781e-10,0.049294,0.049545
9.0087e-11,0.049298,0.049409
-1.2813e-11,0.049302,0.049271
-1.2073e-10,0.049305,0.04913
-2.3347e-10,0.049309,0.048987
-3.5082e-10,0.049313,0.048843
-4.7252e-10,0.049317,0.048697
-5.9831e-10,0.049322,0.04855
-7.2788e-10,0.049326,0.048402
-8.6088e-10,0.049331,0.048254
-9.9695e-10,0.049336,0.048105
-1.1357e-09,0.049342,0.047957
-1.2767e-09,0.049348,0.047809
-1.4194e-09,0.049354,0.047661
-1.5635e-09,0.049361,0.047515
-1.7083e-09,0.049369,0.04737
-1.8533e-09,0.049377,0.047226
-1.998e-09,0.049386,0.047084
-2.1417e-09,0.049396,0.046944
-2.2839e-09,0.049407,0.046806
-2.4238e-09,0.049419,0.046671
-2.5608e-09,0.049431,0.046539
-2.6942e-09,0.049445,0.046409
-2.8233e-09,0.04946,0.046283
-2.9473e-09,0.049476,0.04616
-3.0655e-09,0.049494,0.046041
-3.1771e-09,0.049512,0.045925
-3.2814e-09,0.049532,0.045813
-3.3775e-09,0.049554,0.045706
-3.4647e-09,0.049577,0.045602
-3.5422e-09,0.049601,0.045503
-3.6092e-09,0.049627,0.045409
-3.6649e-09,0.049654,0.045319
-3.7085e-09,0.049683,0.045233
-3.7392e-09,0.049714,0.045152
-3.7564e-09,0.049746,0.045077
-3.7592e-09,0.04978,0.045005
-3.747e-09,0.049815,0.044939
-3.719e-09,0.049852,0.044878
-3.6745e-09,0.049891,0.044821
-3.6131e-09,0.049931,0.04477
-3.534e-09,0.049972,0.044723
-3.4367e-09,0.050016,0.044681
-3.3207e-09,0.05006,0.044644
-3.1856e-09,0.050106,0.044612
-3.0309e-09,0.050154,0.044585
-2.8564e-09,0.050202,0.044562
-2.6617e-09,0.050252,0.044543
-2.4467e-09,0.050303,0.044529
-2.2112e-09,0.050355,0.04452
-1.9552e-09,0.050408,0.044514
-1.6786e-09,0.050462,0.044513
-1.3817e-09,0.050517,0.044515
-1.0645e-09,0.050572,0.044522
-7.2744e-10,0.050627,0.044532
-3.7082e-10,0.050683,0.044545
4.8669e-12,0.05074,0.044562
3.9903e-10,0.050796,0.044582
8.1099e-10,0.050852,0.044605
1.24e-09,0.050908,0.044631
1.685e-09,0.050964,0.04466
2.1452e-09,0.051019,0.044691
2.6194e-09,0.051074,0.044725
3.1063e-09,0.051127,0.044761
3.6046e-09,0.05118,0.044799
4.1129e-09,0.051232,0.044838
4.6296e-09,0.051283,0.04488
5.153e-09,0.051332,0.044923
5.6814e-09,0.05138,0.044967
6.2128e-09,0.051426,0.045012
6.7452e-09,0.05147,0.045059
7.2766e-09,0.051513,0.045106
7.8047e-09,0.051553,0.045155
8.3273e-09,0.051591,0.045203
8.8419e-09,0.051627,0.045253
9.3461e-09,0.051661,0.045303
9.8373e-09,0.051692,0.045353
1.0313e-08,0.051721,0.045403
1.077e-08,0.051747,0.045453
1.1207e-08,0.05177,0.045503
1.1619e-08,0.05179,0.045553
1.2005e-08,0.051808,0.045603
1.2361e-08,0.051822,0.045652
1.2685e-08,0.051834,0.045701
1.2974e-08,0.051843,0.04575
1.3224e-08,0.051848,0.045798
1.3433e-08,0.051851,0.045845
1.3598e-08,0.05185,0.045892
1.3716e-08,0.051847,0.045938
1.3785e-08,0.05184,0.045984
1.3801e-08,0.05183,0.046028
1.3762e-08,0.051817,0.046072
1.3666e-08,0.051802,0.046115
1.351e-08,0.051783,0.046157
1.3291e-08,0.051761,0.046199
1.3008e-08,0.051737,0.046239
1.2658e-08,0.05171,0.046279
1.224e-08,0.05168,0.046317
1.1752e-08,0.051648,0.046355
1.1192e-08,0.051613,0.046392
1.0559e-08,0.051575,0.046427
9.8527e-09,0.051535,0.046462
9.0716e-09,0.051493,0.046496
8.2153e-09,0.051449,0.046529
7.2837e-09,0.051403,0.04656
6.2767e-09,0.051355,0.046591
5.1948e-09,0.051305,0.046621
4.0386e-09,0.051253,0.04665
2.8092e-09,0.0512,0.046678
1.5078e-09,0.051146,0.046704
1.3627e-10,0.05109,0.04673
-1.3033e-09,0.051033,0.046755
-2.8086e-09,0.050976,0.046779
-4.3766e-09,0.050917,0.046802
-6.0041e-09,0.050858,0.046824
-7.6874e-09,0.050798,0.046845
-9.4226e-09,0.050737,0.046865
-1.1205e-08,0.050677,0.046884
-1.303e-08,0.050616,0.046903
-1.4892e-08,0.050555,0.04692
-1.6786e-08,0.050495,0.046936
-1.8705e-08,0.050434,0.046952
-2.0643e-08,0.050374,0.046967
-2.2592e-08,0.050315,0.04698
-2.4547e-08,0.050256,0.046994
-2.6498e-08,0.050198,0.047006
-2.8438e-08,0.050141,0.047017
-3.0359e-08,0.050085,0.047028
-3.2252e-08,0.05003,0.047038
-3.4107e-08,0.049976,0.047047
-3.5916e-08,0.049923,0.047055
-3.7669e-08,0.049872,0.047063
-3.9356e-08,0.049822,0.04707
-4.0966e-08,0.049774,0.047076
-4.249e-08,0.049728,0.047082
-4.3918e-08,0.049683,0.047087
-4.5238e-08,0.04964,0.047092
-4.644e-08,0.049599,0.047095
-4.7514e-08,0.049559,0.047099
-4.8448e-08,0.049522,0.047101
-4.9232e-08,0.049487,0.047103
-4.9856e-08,0.049453,0.047105
-5.0309e-08,0.049422,0.047106
-5.0581e-08,0.049393,0.047106
-5.0662e-08,0.049366,0.047106
-5.0542e-08,0.049341,0.047105
-5.0212e-08,0.049318,0.047103
-4.9662e-08,0.049297,0.047101
-4.8884e-08,0.049278,0.047098
-4.787e-08,0.049262,0.047095
-4.6613e-08,0.049247,0.04709
-4.5106e-08,0.049235,0.047086
-4.3341e-08,0.049225,0.04708
-4.1315e-08,0.049217,0.047074
-3.9022e-08,0.049211,0.047067
-3.6458e-08,0.049207,0.047059
-3.362e-08,0.049204,0.047051
-3.0506e-08,0.049204,0.047041
-2.7116e-08,0.049206,0.047031
-2.3449e-08,0.04921,0.047021
-1.9507e-08,0.049215,0.047009
-1.5292e-08,0.049222,0.046996
-1.0807e-08,0.049231,0.046983
-6.0583e-09,0.049242,0.046968
-1.0507e-09,0.049254,0.046953
4.2077e-09,0.049268,0.046937
9.7081e-09,0.049284,0.04692
1.544e-08,0.049301,0.046901
2.1392e-08,0.049319,0.046882
2.755e-08,0.049338,0.046862
3.3901e-08,0.049359,0.046841
4.0427e-08,0.049381,0.046819
4.7111e-08,0.049404,0.046796
5.3933e-08,0.049428,0.046771
6.0874e-08,0.049453,0.046746
6.791e-08,0.049479,0.04672
7.5018e-08,0.049506,0.046692
8.2173e-08,0.049533,0.046664
8.9348e-08,0.049562,0.046634
9.6515e-08,0.04959,0.046603
1.0364e-07,0.04962,0.046571
1.1071e-07,0.049649,0.046539
1.1767e-07,0.049679,0.046505
1.245e-07,0.049709,0.04647
1.3116e-07,0.04974,0.046433
1.3762e-07,0.04977,0.046396
1.4384e-07,0.049801,0.046358
1.4978e-07,0.049832,0.046319
1.5542e-07,0.049862,0.046278
1.607e-07,0.049892,0.046237
1.6559e-07,0.049922,0.046195
1.7006e-07,0.049952,0.046152
1.7405e-07,0.049981,0.046108
1.7754e-07,0.05001,0.046063
1.8048e-07,0.050039,0.046017
1.8284e-07,0.050067,0.04597
1.8457e-07,0.050094,0.045923
1.8565e-07,0.050121,0.045875
1.8602e-07,0.050147,0.045826
1.8567e-07,0.050173,0.045776
1.8454e-07,0.050198,0.045727
1.8261e-07,0.050222,0.045676
1.7985e-07,0.050245,0.045625
1.7623e-07,0.050267,0.045574
1.7171e-07,0.050289,0.045523
1.6628e-07,0.050309,0.045471
1.599e-07,0.050329,0.045419
1.5257e-07,0.050348,0.045367
1.4426e-07,0.050366,0.045315
1.3496e-07,0.050383,0.045263
1.2465e-07,0.050399,0.045212
1.1333e-07,0.050414,0.04516
1.0099e-07,0.050428,0.045109
8.7642e-08,0.050441,0.045058
7.3279e-08,0.050453,0.045008
5.7911e-08,0.050464,0.044958
4.1552e-08,0.050474,0.044909
2.422e-08,0.050483,0.044861
5.9351e-09,0.050491,0.044813
-1.3274e-08,0.050498,0.044767
-3.3376e-08,0.050504,0.044721
-5.4334e-08,0.050508,0.044677
-7.6105e-08,0.050511,0.044633
-9.864e-08,0.050514,0.044591
-1.2189e-07,0.050515,0.04455
-1.4579e-07,0.050515,0.04451
-1.7028e-07,0.050513,0.044472
-1.9528e-07,0.050511,0.044435
-2.2073e-07,0.050507,0.0444
-2.4654e-07,0.050502,0.044366
-2.7263e-07,0.050496,0.044333
-2.989e-07,0.050489,0.044303
-3.2526e-07,0.05048,0.044274
-3.516e-07,0.05047,0.044247
-3.7782e-07,0.050459,0.044222
-4.038e-07,0.050447,0.044198
-4.2943e-07,0.050433,0.044176
-4.5459e-07,0.050418,0.044156
-4.7916e-07,0.050402,0.044138
-5.03e-07,0.050385,0.044122
-5.2598e-07,0.050366,0.044108
-5.4797e-07,0.050346,0.044096
-5.6883e-07,0.050325,0.044086
-5.8842e-07,0.050303,0.044077
-6.066e-07,0.050279,0.044071
-6.2323e-07,0.050255,0.044066
-6.3816e-07,0.050229,0.044063
-6.5125e-07,0.050203,0.044063
-6.6236e-07,0.050175,0.044064
-6.7134e-07,0.050146,0.044066
-6.7805e-07,0.050117,0.044071
-6.8237e-07,0.050087,0.044077
-6.8414e-07,0.050056,0.044085
-6.8324e-07,0.050024,0.044095
-6.7954e-07,0.049992,0.044106
-6.7292e-07,0.049959,0.044119
-6.6326e-07,0.049925,0.044134
-6.5046e-07,0.049891,0.04415
-6.344e-07,0.049857,0.044167
-6.15e-07,0.049823,0.044185
-5.9217e-07,0.049789,0.044205
-5.6583e-07,0.049754,0.044226
-5.3593e-07,0.04972,0.044248
-5.0239e-07,0.049685,0.044271
-4.6519e-07,0.049651,0.044295
-4.2429e-07,0.049617,0.04432
-3.7968e-07,0.049584,0.044345
-3.3136e-07,0.049551,0.044372
-2.7934e-07,0.049519,0.044398
-2.2364e-07,0.049487,0.044426
-1.6432e-07,0.049457,0.044454
-1.0144e-07,0.049427,0.044482
-3.5077e-08,0.049398,0.044511
3.4672e-08,0.04937,0.044539
1.0769e-07,0.049343,0.044568
1.8384e-07,0.049317,0.044597
2.6296e-07,0.049292,0.044626
3.4489e-07,0.049269,0.044655
4.2942e-07,0.049247,0.044684
5.1634e-07,0.049226,0.044713
6.0542e-07,0.049207,0.044741
6.964e-07,0.049189,0.044769
7.8901e-07,0.049173,0.044797
8.8294e-07,0.049157,0.044824
9.7788e-07,0.049144,0.044851
1.0735e-06,0.049132,0.044878
1.1694e-06,0.049121,0.044903
1.2653e-06,0.049111,0.044929
1.3607e-06,0.049104,0.044953
1.4553e-06,0.049097,0.044977
1.5486e-06,0.049092,0.045001
1.6401e-06,0.049088,0.045023
1.7295e-06,0.049085,0.045045
1.8162e-06,0.049084,0.045067
1.8998e-06,0.049084,0.045087
1.9797e-06,0.049085,0.045107
2.0555e-06,0.049087,0.045126
2.1266e-06,0.04909,0.045145
2.1926e-06,0.049094,0.045163
2.2529e-06,0.049099,0.04518
2.3069e-06,0.049105,0.045197
2.3542e-06,0.049112,0.045213
2.3942e-06,0.04912,0.045228
2.4263e-06,0.049128,0.045243
2.4502e-06,0.049137,0.045258
2.4652e-06,0.049146,0.045272
2.471e-06,0.049156,0.045285
2.4669e-06,0.049166,0.045298
2.4525e-06,0.049177,0.045311
2.4274e-06,0.049188,0.045323
2.3911e-06,0.0492,0.045335
2.3432e-06,0.049212,0.045347
2.2835e-06,0.049224,0.045358
2.2114e-06,0.049237,0.045369
2.1267e-06,0.04925,0.04538
2.0292e-06,0.049263,0.045391
1.9185e-06,0.049276,0.045402
1.7945e-06,0.049289,0.045412
1.6571e-06,0.049303,0.045423
1.506e-06,0.049317,0.045433
1.3414e-06,0.049331,0.045444
1.1631e-06,0.049345,0.045454
9.7118e-07,0.049359,0.045464
7.6584e-07,0.049374,0.045475
5.472e-07,0.049389,0.045485
3.1551e-07,0.049404,0.045495
7.1069e-08,0.049419,0.045506
-1.8576e-07,0.049434,0.045516
-4.5452e-07,0.04945,0.045526
-7.3472e-07,0.049466,0.045537
-1.0258e-06,0.049482,0.045547
-1.327e-06,0.049498,0.045557
-1.6377e-06,0.049515,0.045567
-1.957e-06,0.049532,0.045577
-2.284e-06,0.049549,0.045587
-2.6179e-06,0.049567,0.045596
-2.9574e-06,0.049584,0.045605
-3.3016e-06,0.049602,0.045614
-3.6492e-06,0.04962,0.045623
-3.9989e-06,0.049639,0.045631
-4.3494e-06,0.049657,0.045639
-4.6993e-06,0.049676,0.045646
-5.047e-06,0.049695,0.045653
-5.391e-06,0.049714,0.045659
-5.7297e-06,0.049733,0.045665
-6.0613e-06,0.049753,0.04567
-6.3841e-06,0.049772,0.045674
-6.6962e-06,0.049791,0.045677
-6.9959e-06,0.049811,0.045679
-7.2811e-06,0.04983,0.04568
-7.5499e-06,0.049849,0.045681
-7.8004e-06,0.049868,0.04568
-8.0304e-06,0.049887,0.045678
-8.2379e-06,0.049905,0.045674
-8.4208e-06,0.049923,0.04567
-8.577e-06,0.049941,0.045664
-8.7044e-06,0.049959,0.045657
-8.801e-06,0.049976,0.045648
-8.8645e-06,0.049992,0.045637
-8.8929e-06,0.050008,0.045626
-8.8842e-06,0.050024,0.045612
-8.8363e-06,0.050039,0.045597
-8.7472e-06,0.050053,0.04558
-8.615e-06,0.050067,0.045561
-8.4379e-06,0.05008,0.045541
-8.214e-06,0.050092,0.045519
-7.9415e-06,0.050103,0.045494
-7.619e-06,0.050114,0.045469
-7.2447e-06,0.050124,0.045441
-6.8174e-06,0.050133,0.045411
-6.3356e-06,0.050141,0.04538
-5.7982e-06,0.050148,0.045346
-5.2041e-06,0.050155,0.045311
-4.5525e-06,0.05016,0.045274
-3.8426e-06,0.050165,0.045235
-3.0737e-06,0.050168,0.045194
-2.2456e-06,0.050171,0.045152
-1.3579e-06,0.050172,0.045108
-4.1057e-07,0.050173,0.045062
5.9615e-07,0.050173,0.045014
1.6619e-06,0.050171,0.044965
2.7862e-06,0.050169,0.044915
3.9683e-06,0.050166,0.044863
5.207e-06,0.050161,0.04481
6.5013e-06,0.050156,0.044755
7.8496e-06,0.05015,0.0447
9.2503e-06,0.050143,0.044643
1.0701e-05,0.050134,0.044585
1.2201e-05,0.050125,0.044527
1.3746e-05,0.050115,0.044468
1.5335e-05,0.050104,0.044408
1.6964e-05,0.050093,0.044348
1.863e-05,0.05008,0.044287
2.0331e-05,0.050066,0.044226
2.2062e-05,0.050052,0.044165
2.382e-05,0.050037,0.044104
2.56e-05,0.050021,0.044044
2.74e-05,0.050004,0.043983
2.9214e-05,0.049987,0.043923
3.1038e-05,0.049969,0.043863
3.2867e-05,0.04995,0.043805
3.4697e-05,0.049931,0.043746
3.6523e-05,0.049911,0.043689
3.8339e-05,0.049891,0.043633
4.0141e-05,0.04987,0.043578
4.1923e-05,0.049849,0.043524
4.368e-05,0.049828,0.043472
4.5406e-05,0.049806,0.043421
4.7098e-05,0.049784,0.043372
4.8748e-05,0.049762,0.043324
5.0352e-05,0.04974,0.043278
5.1904e-05,0.049718,0.043234
5.34e-05,0.049696,0.043192
5.4835e-05,0.049674,0.043152
5.6203e-05,0.049652,0.043114
5.75e-05,0.04963,0.043078
5.8721e-05,0.049608,0.043044
5.9861e-05,0.049586,0.043013
6.0918e-05,0.049565,0.042983
6.1886e-05,0.049543,0.042956
6.2763e-05,0.049522,0.042932
6.3544e-05,0.049502,0.042909
6.4228e-05,0.049481,0.042889
6.481e-05,0.049461,0.042872
6.5291e-05,0.049441,0.042856
6.5666e-05,0.049422,0.042843
6.5935e-05,0.049403,0.042833
6.6097e-05,0.049384,0.042825
6.6151e-05,0.049365,0.042819
6.6097e-05,0.049347,0.042815
6.5935e-05,0.049329,0.042814
6.5666e-05,0.049311,0.042814
6.5291e-05,0.049294,0.042817
6.481e-05,0.049276,0.042822
6.4228e-05,0.049259,0.042829
6.3544e-05,0.049243,0.042838
6.2763e-05,0.049226,0.042849
6.1886e-05,0.049209,0.042862
6.0918e-05,0.049193,0.042876
5.9861e-05,0.049177,0.042893
5.8721e-05,0.049161,0.042911
5.75e-05,0.049144,0.04293
5.6203e-05,0.049128,0.042951
5.4835e-05,0.049113,0.042974
5.34e-05,0.049097,0.042998
5.1904e-05,0.049081,0.043023
5.0352e-05,0.049065,0.043049
4.8748e-05,0.049049,0.043077
4.7098e-05,0.049033,0.043105
4.5406e-05,0.049018,0.043135
4.368e-05,0.049002,0.043165
4.1923e-05,0.048986,0.043197
4.0141e-05,0.048971,0.043229
3.8339e-05,0.048955,0.043261
3.6523e-05,0.04894,0.043295
3.4697e-05,0.048925,0.043329
3.2867e-05,0.04891,0.043363
3.1038e-05,0.048895,0.043398
2.9214e-05,0.04888,0.043433
2.74e-05,0.048866,0.043468
2.56e-05,0.048852,0.043504
2.382e-05,0.048838,0.04354
2.2062e-05,0.048825,0.043576
2.0331e-05,0.048813,0.043612
1.863e-05,0.0488,0.043648
1.6964e-05,0.048789,0.043684
1.5335e-05,0.048778,0.04372
1.3746e-05,0.048768,0.043755
1.2201e-05,0.048758,0.043791
1.0701e-05,0.048749,0.043826
9.2503e-06,0.048742,0.043861
7.8496e-06,0.048735,0.043896
6.5013e-06,0.048728,0.04393
5.207e-06,0.048723,0.043964
3.9683e-06,0.048719,0.043997
2.7862e-06,0.048717,0.044029
1.6619e-06,0.048715,0.044061
5.9615e-07,0.048714,0.044093
-4.1057e-07,0.048715,0.044123
-1.3579e-06,0.048717,0.044153
-2.2456e-06,0.04872,0.044182
-3.0737e-06,0.048724,0.04421
-3.8426e-06,0.04873,0.044238
-4.5525e-06,0.048737,0.044264
-5.2041e-06,0.048746,0.044289
-5.7982e-06,0.048756,0.044313
-6.3356e-06,0.048768,0.044336
-6.8174e-06,0.04878,0.044358
-7.2447e-06,0.048795,0.044378
-7.619e-06,0.048811,0.044398
-7.9415e-06,0.048828,0.044416
-8.214e-06,0.048846,0.044432
-8.4379e-06,0.048866,0.044447
-8.615e-06,0.048888,0.044461
-8.7472e-06,0.048911,0.044474
-8.8363e-06,0.048935,0.044484
-8.8842e-06,0.048961,0.044494
-8.8929e-06,0.048988,0.044502
-8.8645e-06,0.049016,0.044508
-8.801e-06,0.049046,0.044513
-8.7044e-06,0.049077,0.044516
-8.577e-06,0.049109,0.044517
-8.4208e-06,0.049142,0.044518
-8.2379e-06,0.049176,0.044516
-8.0304e-06,0.049212,0.044513
-7.8004e-06,0.049248,0.044509
-7.5499e-06,0.049286,0.044503
-7.2811e-06,0.049325,0.044495
-6.9959e-06,0.049364,0.044487
-6.6962e-06,0.049404,0.044477
-6.3841e-06,0.049446,0.044466
-6.0613e-06,0.049488,0.044453
-5.7297e-06,0.04953,0.044439
-5.391e-06,0.049573,0.044425
-5.047e-06,0.049617,0.044409
-4.6993e-06,0.049661,0.044392
-4.3494e-06,0.049706,0.044375
-3.9989e-06,0.049751,0.044357
-3.6492e-06,0.049796,0.044338
-3.3016e-06,0.049842,0.044319
-2.9574e-06,0.049887,0.044299
-2.6179e-06,0.049933,0.044279
-2.284e-06,0.049978,0.044258
-1.957e-06,0.050023,0.044238
-1.6377e-06,0.050068,0.044217
-1.327e-06,0.050113,0.044196
-1.0258e-06,0.050157,0.044176
-7.3472e-07,0.0502,0.044156
-4.5452e-07,0.050243,0.044136
-1.8576e-07,0.050285,0.044117
7.1069e-08,0.050326,0.044098
3.1551e-07,0.050366,0.04408
5.472e-07,0.050406,0.044062
7.6584e-07,0.050444,0.044046
9.7118e-07,0.05048,0.04403
1.1631e-06,0.050516,0.044015
1.3414e-06,0.05055,0.044002
1.506e-06,0.050582,0.043989
1.6571e-06,0.050613,0.043978
1.7945e-06,0.050642,0.043968
1.9185e-06,0.050669,0.043959
2.0292e-06,0.050695,0.043951
2.1267e-06,0.050719,0.043945
2.2114e-06,0.05074,0.043941
2.2835e-06,0.05076,0.043937
2.3432e-06,0.050777,0.043936
2.3911e-06,0.050792,0.043936
2.4274e-06,0.050805,0.043937
2.4525e-06,0.050816,0.04394
2.4669e-06,0.050824,0.043944
2.471e-06,0.05083,0.04395
2.4652e-06,0.050833,0.043957
2.4502e-06,0.050834,0.043966
2.4263e-06,0.050833,0.043976
2.3942e-06,0.050829,0.043988
2.3542e-06,0.050822,0.044001
2.3069e-06,0.050813,0.044015
2.2529e-06,0.050801,0.044031
2.1926e-06,0.050787,0.044047
2.1266e-06,0.05077,0.044066
2.0555e-06,0.05075,0.044085
1.9797e-06,0.050728,0.044105
1.8998e-06,0.050704,0.044127
1.8162e-06,0.050677,0.044149
1.7295e-06,0.050647,0.044172
1.6401e-06,0.050615,0.044196
1.5486e-06,0.050581,0.044221
1.4553e-06,0.050544,0.044247
1.3607e-06,0.050504,0.044273
1.2653e-06,0.050463,0.0443
1.1694e-06,0.050419,0.044327
1.0735e-06,0.050373,0.044355
9.7788e-07,0.050325,0.044383
8.8294e-07,0.050275,0.044411
7.8901e-07,0.050223,0.04444
6.964e-07,0.05017,0.044469
6.0542e-07,0.050114,0.044498
5.1634e-07,0.050057,0.044527
4.2942e-07,0.049998,0.044556
3.4489e-07,0.049937,0.044585
2.6296e-07,0.049875,0.044613
1.8384e-07,0.049812,0.044642
1.0769e-07,0.049748,0.04467
3.4672e-08,0.049683,0.044698
-3.5077e-08,0.049616,0.044726
-1.0144e-07,0.049549,0.044753
-1.6432e-07,0.049481,0.04478
-2.2364e-07,0.049412,0.044807
-2.7934e-07,0.049343,0.044833
-3.3136e-07,0.049273,0.044858
-3.7968e-07,0.049203,0.044883
-4.2429e-07,0.049132,0.044907
-4.6519e-07,0.049062,0.044931
-5.0239e-07,0.048992,0.044954
-5.3593e-07,0.048921,0.044976
-5.6583e-07,0.048851,0.044998
-5.9217e-07,0.048781,0.045018
-6.15e-07,0.048712,0.045038
-6.344e-07,0.048643,0.045058
-6.5046e-07,0.048575,0.045076
-6.6326e-07,0.048507,0.045093
-6.7292e-07,0.048441,0.04511
-6.7954e-07,0.048375,0.045126
-6.8324e-07,0.04831,0.045141
-6.8414e-07,0.048247,0.045155
-6.8237e-07,0.048184,0.045168
-6.7805e-07,0.048123,0.045181
-6.7134e-07,0.048064,0.045192
-6.6236e-07,0.048005,0.045203
-6.5125e-07,0.047949,0.045213
-6.3816e-07,0.047894,0.045222
-6.2323e-07,0.047841,0.045231
-6.066e-07,0.04779,0.045238
-5.8842e-07,0.04774,0.045245
-5.6883e-07,0.047693,0.045252
-5.4797e-07,0.047648,0.045257
-5.2598e-07,0.047605,0.045262
-5.03e-07,0.047564,0.045267
-4.7916e-07,0.047525,0.045271
-4.5459e-07,0.047489,0.045275
-4.2943e-07,0.047456,0.045278
-4.038e-07,0.047425,0.045281
-3.7782e-07,0.047396,0.045284
-3.516e-07,0.047371,0.045287
-3.2526e-07,0.047348,0.04529
-2.989e-07,0.047327,0.045292
-2.7263e-07,0.04731,0.045295
-2.4654e-07,0.047295,0.045298
-2.2073e-07,0.047284,0.045301
-1.9528e-07,0.047275,0.045305
-1.7028e-07,0.04727,0.045308
-1.4579e-07,0.047267,0.045313
-1.2189e-07,0.047267,0.045318
-9.864e-08,0.047271,0.045323
-7.6105e-08,0.047277,0.045329
-5.4334e-08,0.047287,0.045336
-3.3376e-08,0.047299,0.045344
-1.3274e-08,0.047315,0.045353
5.9351e-09,0.047333,0.045362
2.422e-08,0.047355,0.045373
4.1552e-08,0.047379,0.045385
5.7911e-08,0.047406,0.045398
7.3279e-08,0.047436,0.045412
8.7642e-08,0.047468,0.045428
1.0099e-07,0.047503,0.045444
1.1333e-07,0.047541,0.045462
1.2465e-07,0.047581,0.045481
1.3496e-07,0.047623,0.045502
1.4426e-07,0.047668,0.045524
1.5257e-07,0.047715,0.045547
1.599e-07,0.047763,0.045571
1.6628e-07,0.047814,0.045596
1.7171e-07,0.047866,0.045623
1.7623e-07,0.04792,0.045651
1.7985e-07,0.047976,0.04568
1.8261e-07,0.048033,0.04571
1.8454e-07,0.048091,0.04574
1.8567e-07,0.04815,0.045772
1.8602e-07,0.04821,0.045804
1.8565e-07,0.048271,0.045837
1.8457e-07,0.048332,0.045871
1.8284e-07,0.048394,0.045905
1.8048e-07,0.048456,0.045939
1.7754e-07,0.048518,0.045973
1.7405e-07,0.048581,0.046007
1.7006e-07,0.048643,0.046041
1.6559e-07,0.048705,0.046075
1.607e-07,0.048766,0.046108
1.5542e-07,0.048827,0.046141
1.4978e-07,0.048888,0.046173
1.4384e-07,0.048948,0.046204
1.3762e-07,0.049006,0.046233
1.3116e-07,0.049064,0.046262
1.245e-07,0.049121,0.046288
1.1767e-07,0.049176,0.046314
1.1071e-07,0.049231,0.046337
1.0364e-07,0.049283,0.046358
9.6515e-08,0.049335,0.046377
8.9348e-08,0.049385,0.046394
8.2173e-08,0.049433,0.046408
7.5018e-08,0.049479,0.04642
6.791e-08,0.049524,0.046429
6.0874e-08,0.049567,0.046435
5.3933e-08,0.049608,0.046438
4.7111e-08,0.049648,0.046438
4.0427e-08,0.049685,0.046435
3.3901e-08,0.049721,0.046428
2.755e-08,0.049754,0.046418
2.1392e-08,0.049786,0.046405
1.544e-08,0.049816,0.046388
9.7081e-09,0.049844,0.046368
4.2077e-09,0.04987,0.046344
-1.0507e-09,0.049895,0.046317
-6.0583e-09,0.049917,0.046287
-1.0807e-08,0.049938,0.046253
-1.5292e-08,0.049957,0.046215
-1.9507e-08,0.049974,0.046175
-2.3449e-08,0.04999,0.046131
-2.7116e-08,0.050004,0.046083
-3.0506e-08,0.050016,0.046033
-3.362e-08,0.050027,0.04598
-3.6458e-08,0.050037,0.045924
-3.9022e-08,0.050046,0.045866
-4.1315e-08,0.050053,0.045805
-4.3341e-08,0.050059,0.045742
-4.5106e-08,0.050064,0.045676
-4.6613e-08,0.050068,0.045609
-4.787e-08,0.050071,0.04554
-4.8884e-08,0.050074,0.045469
-4.9662e-08,0.050075,0.045398
-5.0212e-08,0.050077,0.045325
-5.0542e-08,0.050077,0.045251
-5.0662e-08,0.050077,0.045177
-5.0581e-08,0.050077,0.045103
-5.0309e-08,0.050077,0.045028
-4.9856e-08,0.050076,0.044954
-4.9232e-08,0.050076,0.04488
-4.8448e-08,0.050076,0.044807
-4.7514e-08,0.050075,0.044735
-4.644e-08,0.050075,0.044664
-4.5238e-08,0.050076,0.044594
-4.3918e-08,0.050077,0.044526
-4.249e-08,0.050078,0.04446
-4.0966e-08,0.05008,0.044396
-3.9356e-08,0.050083,0.044334
-3.7669e-08,0.050086,0.044275
-3.5916e-08,0.050091,0.044218
-3.4107e-08,0.050096,0.044164
-3.2252e-08,0.050103,0.044114
-3.0359e-08,0.05011,0.044066
-2.8438e-08,0.050119,0.044022
-2.6498e-08,0.050129,0.043981
-2.4547e-08,0.05014,0.043944
-2.2592e-08,0.050153,0.043911
-2.0643e-08,0.050167,0.043881
-1.8705e-08,0.050182,0.043856
-1.6786e-08,0.050199,0.043834
-1.4892e-08,0.050218,0.043816
-1.303e-08,0.050238,0.043802
-1.1205e-08,0.05026,0.043791
-9.4226e-09,0.050283,0.043785
-7.6874e-09,0.050308,0.043783
-6.0041e-09,0.050335,0.043784
-4.3766e-09,0.050363,0.043789
-2.8086e-09,0.050393,0.043798
-1.3033e-09,0.050424,0.043811
1.3628e-10,0.050457,0.043826
1.5078e-09,0.050492,0.043846
2.8092e-09,0.050528,0.043868
4.0386e-09,0.050565,0.043893
5.1948e-09,0.050605,0.043922
6.2767e-09,0.050645,0.043952
7.2837e-09,0.050687,0.043986
8.2153e-09,0.05073,0.044022
9.0716e-09,0.050774,0.044059
9.8527e-09,0.050819,0.044099
1.0559e-08,0.050865,0.044141
1.1192e-08,0.050913,0.044183
1.1752e-08,0.050961,0.044228
1.224e-08,0.051009,0.044273
1.2658e-08,0.051059,0.044319
1.3008e-08,0.051109,0.044365
1.3291e-08,0.05116,0.044412
1.351e-08,0.05121,0.044459
1.3666e-08,0.051261,0.044506
1.3762e-08,0.051313,0.044552
1.3801e-08,0.051364,0.044598
1.3785e-08,0.051415,0.044644
1.3716e-08,0.051465,0.044688
1.3598e-08,0.051516,0.044732
1.3433e-08,0.051566,0.044774
1.3224e-08,0.051615,0.044815
1.2974e-08,0.051664,0.044855
1.2685e-08,0.051712,0.044893
1.2361e-08,0.051758,0.044929
1.2005e-08,0.051804,0.044963
1.1619e-08,0.051849,0.044995
1.1207e-08,0.051892,0.045026
1.077e-08,0.051934,0.045054
1.0313e-08,0.051975,0.045079
9.8373e-09,0.052014,0.045103
9.3461e-09,0.052051,0.045124
8.8419e-09,0.052087,0.045143
8.3273e-09,0.052121,0.045159
7.8047e-09,0.052153,0.045173
7.2766e-09,0.052183,0.045185
6.7452e-09,0.052211,0.045194
6.2128e-09,0.052237,0.045201
5.6814e-09,0.052262,0.045205
5.153e-09,0.052284,0.045207
4.6296e-09,0.052304,0.045207
4.1129e-09,0.052322,0.045205
3.6046e-09,0.052338,0.0452
3.1063e-09,0.052351,0.045193
2.6194e-09,0.052363,0.045184
2.1452e-09,0.052373,0.045173
1.685e-09,0.05238,0.045161
1.2399e-09,0.052386,0.045146
8.1098e-10,0.052389,0.04513
3.9902e-10,0.052391,0.045112
4.8585e-12,0.052391,0.045093
-3.7083e-10,0.052389,0.045073
-7.2745e-10,0.052385,0.045051
-1.0645e-09,0.052379,0.045029
-1.3817e-09,0.052372,0.045005
-1.6787e-09,0.052363,0.044981
-1.9552e-09,0.052353,0.044956
-2.2112e-09,0.052341,0.04493
-2.4467e-09,0.052329,0.044904
-2.6617e-09,0.052315,0.044878
-2.8564e-09,0.052299,0.044853
-3.0309e-09,0.052283,0.044827
-3.1856e-09,0.052266,0.044801
-3.3207e-09,0.052249,0.044776
-3.4367e-09,0.05223,0.044751
-3.534e-09,0.052211,0.044727
-3.6131e-09,0.052192,0.044704
-3.6745e-09,0.052172,0.044683
-3.719e-09,0.052152,0.044662
-3.747e-09,0.052132,0.044642
-3.7592e-09,0.052113,0.044624
-3.7564e-09,0.052093,0.044608
-3.7392e-09,0.052073,0.044593
-3.7085e-09,0.052054,0.04458
-3.6649e-09,0.052036,0.044569
-3.6092e-09,0.052018,0.04456
-3.5422e-09,0.052001,0.044553
-3.4647e-09,0.051985,0.044548
-3.3775e-09,0.05197,0.044545
-3.2813e-09,0.051955,0.044545
-3.1771e-09,0.051942,0.044547
-3.0655e-09,0.051931,0.044552
-2.9473e-09,0.05192,0.044559
-2.8233e-09,0.051911,0.044569
-2.6942e-09,0.051904,0.044582
-2.5608e-09,0.051898,0.044597
-2.4238e-09,0.051894,0.044614
-2.2839e-09,0.051891,0.044634
-2.1417e-09,0.051891,0.044657
-1.998e-09,0.051892,0.044682
-1.8533e-09,0.051895,0.044709
-1.7083e-09,0.0519,0.044739
-1.5634e-09,0.051907,0.044771
-1.4194e-09,0.051915,0.044805
-1.2766e-09,0.051926,0.044842
-1.1357e-09,0.051939,0.04488
-9.9692e-10,0.051954,0.04492
-8.6085e-10,0.051971,0.044962
-7.2785e-10,0.051989,0.045006
-5.9828e-10,0.05201,0.045051
-4.7249e-10,0.052032,0.045097
-3.5078e-10,0.052056,0.045145
-2.3344e-10,0.052082,0.045193
-1.207e-10,0.052109,0.045242
-1.2782e-11,0.052138,0.045292
9.0118e-11,0.052169,0.045343
1.8784e-10,0.052201,0.045393
2.8025e-10,0.052233,0.045444
3.6725e-10,0.052268,0.045494
4.4875e-10,0.052303,0.045544
5.2469e-10,0.052338,0.045593
5.9505e-10,0.052375,0.045642
6.5981e-10,0.052412,0.04569
7.1899e-10,0.052449,0.045737
7.7262e-10,0.052487,0.045782
8.2076e-10,0.052524,0.045826
8.6347e-10,0.052562,0.045868
9.0086e-10,0.052599,0.045909
9.3301e-10,0.052635,0.045947
9.6006e-10,0.052671,0.045984
9.8214e-10,0.052705,0.046018
9.994e-10,0.052739,0.04605
1.012e-09,0.052771,0.046079
1.0201e-09,0.052802,0.046105
1.0239e-09,0.052831,0.046129
1.0236e-09,0.052858,0.04615
1.0193e-09,0.052883,0.046168
1.0113e-09,0.052905,0.046183
9.9981e-10,0.052926,0.046194
9.8498e-10,0.052943,0.046203
9.6706e-10,0.052958,0.046209
9.4624e-10,0.052969,0.046211
9.2276e-10,0.052978,0.04621
8.9682e-10,0.052983,0.046206
8.6865e-10,0.052985,0.046198
8.3845e-10,0.052983,0.046188
8.0643e-10,0.052978,0.046174
7.7281e-10,0.052968,0.046157
7.3778e-10,0.052955,0.046138
7.0156e-10,0.052938,0.046115
6.6433e-10,0.052917,0.04609
6.2629e-10,0.052891,0.046061
5.8762e-10,0.052862,0.046031
5.485e-10,0.052828,0.045997
5.091e-10,0.05279,0.045961
4.6959e-10,0.052747,0.045924
4.3012e-10,0.052701,0.045884
3.9085e-10,0.05265,0.045842
3.5191e-10,0.052595,0.045798
3.1344e-10,0.052536,0.045753
2.7558e-10,0.052472,0.045706
2.3842e-10,0.052405,0.045658
2.0209e-10,0.052334,0.045609
1.6669e-10,0.052258,0.04556
1.323e-10,0.052179,0.045509
9.9019e-11,0.052097,0.045458
6.6918e-11,0.05201,0.045407
3.6065e-11,0.051921,0.045356
6.5206e-12,0.051828,0.045305
-2.1662e-11,0.051732,0.045254
-4.8439e-11,0.051634,0.045203
-7.3772e-11,0.051532,0.045154
-9.7632e-11,0.051429,0.045104
-1.2e-10,0.051323,0.045056
-1.4085e-10,0.051215,0.045009
-1.6018e-10,0.051105,0.044963
-1.7798e-10,0.050994,0.044918
-1.9427e-10,0.050881,0.044875
-2.0904e-10,0.050767,0.044833
-2.2231e-10,0.050653,0.044793
-2.341e-10,0.050538,0.044754
-2.4443e-10,0.050422,0.044718
-2.5334e-10,0.050307,0.044683
-2.6085e-10,0.050192,0.04465
-2.67e-10,0.050078,0.044619
-2.7184e-10,0.049964,0.044591
-2.754e-10,0.049851,0.044564
-2.7773e-10,0.04974,0.044539
-2.7888e-10,0.049631,0.044517
-2.789e-10,0.049523,0.044496
-2.7784e-10,0.049418,0.044478
-2.7576e-10,0.049315,0.044461
-2.7272e-10,0.049214,0.044447
-2.6876e-10,0.049117,0.044434
-2.6395e-10,0.049023,0.044424
-2.5835e-10,0.048932,0.044415
-2.5202e-10,0.048845,0.044408
-2.4501e-10,0.048762,0.044403
-2.3738e-10,0.048683,0.0444
-2.292e-10,0.048608,0.044398
-2.2051e-10,0.048537,0.044398
-2.1139e-10,0.048471,0.0444
-2.0187e-10,0.04841,0.044403
-1.9202e-10,0.048354,0.044407
-1.8189e-10,0.048302,0.044413
-1.7153e-10,0.048256,0.04442
-1.61e-10,0.048215,0.044428
-1.5034e-10,0.04818,0.044437
-1.396e-10,0.04815,0.044447
-1.2882e-10,0.048125,0.044458
-1.1806e-10,0.048106,0.044469
-1.0734e-10,0.048092,0.044482
-9.6705e-11,0.048084,0.044495
-8.6199e-11,0.048082,0.044509
-7.5852e-11,0.048085,0.044524
-6.5698e-11,0.048093,0.044539
-5.5766e-11,0.048107,0.044555
-4.6085e-11,0.048126,0.044571
-3.6679e-11,0.048151,0.044588
-2.7573e-11,0.048181,0.044605
-1.8787e-11,0.048216,0.044622
-1.0341e-11,0.048256,0.04464
-2.2507e-12,0.048301,0.044658
5.4685e-12,0.04835,0.044676
1.2804e-11,0.048404,0.044695
1.9746e-11,0.048463,0.044714
2.6286e-11,0.048526,0.044733
3.2417e-11,0.048592,0.044753
3.8135e-11,0.048663,0.044773
4.3436e-11,0.048737,0.044794
4.8321e-11,0.048815,0.044814
5.2788e-11,0.048896,0.044835
5.6841e-11,0.04898,0.044857
6.0483e-11,0.049067,0.044879
6.3719e-11,0.049156,0.044902
6.6556e-11,0.049247,0.044925
6.9001e-11,0.049341,0.044948
7.1062e-11,0.049436,0.044972
7.275e-11,0.049533,0.044997
7.4076e-11,0.049631,0.045022
7.5051e-11,0.04973,0.045049
7.5687e-11,0.04983,0.045075
7.5998e-11,0.04993,0.045103
7.5998e-11,0.050031,0.045131
7.5701e-11,0.050132,0.045161
7.5123e-11,0.050232,0.045191
7.4277e-11,0.050332,0.045222
7.318e-11,0.050431,0.045254
7.1849e-11,0.050529,0.045286
7.0297e-11,0.050626,0.04532
6.8543e-11,0.050721,0.045355
6.6602e-11,0.050815,0.045391
6.449e-11,0.050906,0.045428
6.2223e-11,0.050996,0.045466
5.9818e-11,0.051083,0.045505
5.7289e-11,0.051167,0.045545
5.4653e-11,0.051249,0.045586
5.1924e-11,0.051328,0.045628
4.9117e-11,0.051403,0.045671
4.6248e-11,0.051476,0.045715
4.3329e-11,0.051544,0.04576
4.0375e-11,0.051609,0.045806
3.7399e-11,0.051671,0.045854
3.4413e-11,0.051728,0.045902
3.1429e-11,0.051782,0.045951
2.8459e-11,0.051831,0.046001
2.5515e-11,0.051876,0.046052
2.2605e-11,0.051917,0.046103
1.9741e-11,0.051953,0.046156
1.6932e-11,0.051985,0.046209
1.4185e-11,0.052013,0.046263
1.1509e-11,0.052036,0.046318
8.9115e-12,0.052054,0.046373
6.3991e-12,0.052068,0.046428
3.9779e-12,0.052078,0.046485
1.6533e-12,0.052082,0.046541
-5.696e-13,0.052083,0.046598
-2.6866e-12,0.052079,0.046655
-4.6939e-12,0.05207,0.046713
-6.5883e-12,0.052057,0.04677
-8.3672e-12,0.05204,0.046828
-1.0029e-11,0.052019,0.046886
-1.1571e-11,0.051993,0.046943
-1.2993e-11,0.051964,0.047001
-1.4295e-11,0.051931,0.047058
-1.5476e-11,0.051894,0.047115
-1.6536e-11,0.051853,0.047172
-1.7477e-11,0.051809,0.047228
-1.83e-11,0.051762,0.047283
-1.9006e-11,0.051711,0.047338
-1.9597e-11,0.051658,0.047392
-2.0075e-11,0.051601,0.047446
-2.0444e-11,0.051542,0.047499
-2.0707e-11,0.051481,0.04755
-2.0865e-11,0.051418,0.047601
-2.0923e-11,0.051352,0.047651
-2.0885e-11,0.051285,0.047699
-2.0755e-11,0.051216,0.047746
-2.0536e-11,0.051145,0.047792
-2.0233e-11,0.051073,0.047837
-1.9851e-11,0.051001,0.04788
-1.9393e-11,0.050927,0.047921
-1.8865e-11,0.050853,0.047961
-1.8271e-11,0.050778,0.048
-1.7617e-11,0.050704,0.048036
-1.6906e-11,0.050629,0.048071
-1.6145e-11,0.050554,0.048104
-1.5337e-11,0.05048,0.048135
-1.4489e-11,0.050406,0.048164
-1.3604e-11,0.050333,0.048191
-1.2688e-11,0.050261,0.048216
-1.1746e-11,0.05019,0.048239
-1.0783e-11,0.05012,0.04826
-9.8027e-12,0.050052,0.048278
-8.8105e-12,0.049985,0.048295
-7.811e-12,0.04992,0.048309
-6.8086e-12,0.049857,0.04832
-5.8077e-12,0.049795,0.04833
-4.8128e-12,0.049736,0.048337
-3.8278e-12,0.049679,0.048341
-2.8569e-12,0.049624,0.048343
-1.904e-12,0.049571,0.048343
-9.7286e-13,0.049521,0.048341
-6.7032e-14,0.049474,0.048336
8.1e-13,0.049429,0.048329
1.6549e-12,0.049386,0.048319
2.4647e-12,0.049347,0.048307
3.2363e-12,0.04931,0.048292
3.9669e-12,0.049275,0.048276
4.654e-12,0.049244,0.048257
5.2952e-12,0.049216,0.048236
5.8881e-12,0.04919,0.048212
6.4309e-12,0.049167,0.048186
6.9215e-12,0.049147,0.048159
7.3584e-12,0.04913,0.048129
7.7401e-12,0.049116,0.048097
8.0652e-12,0.049105,0.048063
8.3328e-12,0.049096,0.048028
8.5419e-12,0.04909,0.04799
8.6918e-12,0.049087,0.047951
8.782e-12,0.049087,0.04791
8.8122e-12,0.04909,0.047868
8.7824e-12,0.049095,0.047824
8.6926e-12,0.049102,0.047778
8.5431e-12,0.049113,0.047732
8.3345e-12,0.049125,0.047684
8.0674e-12,0.049141,0.047635
7.7426e-12,0.049158,0.047585
7.3614e-12,0.049178,0.047534
6.9249e-12,0.049201,0.047482
6.4347e-12,0.049225,0.047429
5.8924e-12,0.049252,0.047376
5.2999e-12,0.04928,0.047322
4.6592e-12,0.049311,0.047268
3.9725e-12,0.049344,0.047214
3.2423e-12,0.049378,0.047159
2.4712e-12,0.049415,0.047104
1.6619e-12,0.049453,0.047049
8.1745e-13,0.049492,0.046995
-5.9114e-14,0.049533,0.04694
-9.6447e-13,0.049576,0.046886
-1.8952e-12,0.04962,0.046833
-2.8476e-12,0.049665,0.046779
-3.818e-12,0.049711,0.046727
-4.8025e-12,0.049758,0.046675
-5.7971e-12,0.049807,0.046625
-6.7974e-12,0.049856,0.046575
-7.7994e-12,0.049905,0.046526
-8.7985e-12,0.049956,0.046478
-9.7903e-12,0.050007,0.046432
-1.077e-11,0.050058,0.046387
-1.1733e-11,0.050109,0.046344
-1.2675e-11,0.050161,0.046302
-1.359e-11,0.050213,0.046262
-1.4475e-11,0.050264,0.046223
-1.5323e-11,0.050316,0.046186
-1.613e-11,0.050367,0.046151
-1.6891e-11,0.050418,0.046118
-1.7601e-11,0.050468,0.046087
-1.8256e-11,0.050517,0.046058
-1.8849e-11,0.050565,0.046031
-1.9377e-11,0.050613,0.046006
-1.9835e-11,0.050659,0.045983
-2.0217e-11,0.050705,0.045962
-2.052e-11,0.050749,0.045944
-2.0739e-11,0.050791,0.045927
-2.087e-11,0.050832,0.045913
-2.0908e-11,0.050872,0.045901
-2.085e-11,0.05091,0.045892
-2.0692e-11,0.050946,0.045884
-2.043e-11,0.05098,0.045879
-2.0062e-11,0.051012,0.045876
-1.9584e-11,0.051042,0.045874
-1.8993e-11,0.05107,0.045875
-1.8288e-11,0.051096,0.045879
-1.7466e-11,0.051119,0.045884
-1.6526e-11,0.051141,0.045891
-1.5466e-11,0.051159,0.0459
-1.4287e-11,0.051176,0.045911
-1.2986e-11,0.05119,0.045923
-1.1565e-11,0.051201,0.045938
-1.0024e-11,0.05121,0.045954
-8.3639e-12,0.051216,0.045972
-6.5864e-12,0.05122,0.045992
-4.6934e-12,0.051221,0.046013
-2.6877e-12,0.05122,0.046036
-5.7237e-13,0.051216,0.04606
1.6489e-12,0.051209,0.046086
3.9716e-12,0.0512,0.046113
6.3911e-12,0.051189,0.046141
8.9016e-12,0.051175,0.04617
1.1497e-11,0.051159,0.046201
1.4171e-11,0.05114,0.046233
1.6916e-11,0.051119,0.046265
1.9723e-11,0.051096,0.046299
2.2585e-11,0.051071,0.046333
2.5493e-11,0.051043,0.046369
2.8435e-11,0.051014,0.046405
3.1403e-11,0.050983,0.046442
3.4384e-11,0.05095,0.046479
3.7368e-11,0.050915,0.046517
4.0342e-11,0.050879,0.046556
4.3294e-11,0.050841,0.046595
4.6211e-11,0.050802,0.046634
4.9078e-11,0.050762,0.046674
5.1883e-11,0.05072,0.046714
5.4609e-11,0.050678,0.046754
5.7244e-11,0.050635,0.046795
5.9771e-11,0.050591,0.046835
6.2175e-11,0.050547,0.046876
6.444e-11,0.050502,0.046917
6.6551e-11,0.050457,0.046957
6.849e-11,0.050411,0.046997
7.0244e-11,0.050366,0.047037
7.1794e-11,0.050321,0.047077
7.3125e-11,0.050276,0.047116
7.4221e-11,0.050231,0.047155
7.5066e-11,0.050187,0.047193
7.5644e-11,0.050144,0.047231
7.5941e-11,0.050102,0.047268
7.5941e-11,0.05006,0.047304
7.5631e-11,0.050019,0.047339
7.4995e-11,0.04998,0.047373
7.4021e-11,0.049942,0.047406
7.2697e-11,0.049905,0.047437
7.101e-11,0.04987,0.047468
6.895e-11,0.049836,0.047497
6.6507e-11,0.049804,0.047524
6.3673e-11,0.049773,0.04755
6.044e-11,0.049744,0.047574
5.6801e-11,0.049718,0.047597
5.2751e-11,0.049693,0.047617
4.8287e-11,0.04967,0.047635
4.3406e-11,0.049649,0.047651
3.8109e-11,0.04963,0.047665
3.2396e-11,0.049613,0.047677
2.627e-11,0.049598,0.047686
1.9735e-11,0.049585,0.047692
1.2798e-11,0.049574,0.047696
5.4681e-12,0.049565,0.047697
-2.2451e-12,0.049558,0.047696
-1.0329e-11,0.049554,0.047691
-1.8769e-11,0.049551,0.047684
-2.7548e-11,0.04955,0.047673
-3.6647e-11,0.049551,0.04766
-4.6045e-11,0.049554,0.047644
-5.572e-11,0.049558,0.047624
-6.5644e-11,0.049564,0.047601
-7.5791e-11,0.049572,0.047575
-8.6129e-11,0.049581,0.047546
-9.6628e-11,0.049592,0.047514
-1.0725e-10,0.049604,0.047478
-1.1796e-10,0.049617,0.04744
-1.2872e-10,0.049631,0.047398
-1.3949e-10,0.049646,0.047353
-1.5022e-10,0.049662,0.047305
-1.6088e-10,0.049679,0.047253
-1.714e-10,0.049697,0.047199
-1.8175e-10,0.049715,0.047142
-1.9187e-10,0.049733,0.047082
-2.0171e-10,0.049752,0.047019
-2.1122e-10,0.049771,0.046953
-2.2034e-10,0.04979,0.046884
-2.2902e-10,0.04981,0.046813
-2.372e-10,0.049829,0.046739
-2.4482e-10,0.049848,0.046663
-2.5183e-10,0.049867,0.046585
-2.5816e-10,0.049885,0.046504
-2.6375e-10,0.049903,0.046422
-2.6856e-10,0.049921,0.046337
-2.7251e-10,0.049937,0.046251
-2.7555e-10,0.049953,0.046163
-2.7763e-10,0.049969,0.046073
-2.7869e-10,0.049983,0.045982
-2.7867e-10,0.049997,0.04589
-2.7752e-10,0.050009,0.045796
-2.7519e-10,0.050021,0.045702
-2.7164e-10,0.050031,0.045607
-2.6681e-10,0.05004,0.045511
-2.6066e-10,0.050048,0.045414
-2.5315e-10,0.050055,0.045317
-2.4425e-10,0.050061,0.04522
-2.3393e-10,0.050066,0.045122
-2.2215e-10,0.050069,0.045025
-2.0889e-10,0.050071,0.044928
-1.9413e-10,0.050072,0.044831
-1.7786e-10,0.050071,0.044734
-1.6007e-10,0.05007,0.044638
-1.4075e-10,0.050067,0.044542
-1.1992e-10,0.050063,0.044448
-9.7569e-11,0.050057,0.044354
-7.3727e-11,0.050051,0.044261
-4.8414e-11,0.050044,0.044169
-2.1658e-11,0.050035,0.044079
6.5035e-12,0.050026,0.04399
3.6025e-11,0.050016,0.043902
6.6854e-11,0.050004,0.043816
9.8931e-11,0.049993,0.043731
1.3219e-10,0.04998,0.043648
1.6655e-10,0.049967,0.043567
2.0192e-10,0.049953,0.043488
2.3823e-10,0.049939,0.043411
2.7535e-10,0.049924,0.043336
3.1319e-10,0.04991,0.043263
3.5163e-10,0.049895,0.043192
3.9054e-10,0.04988,0.043123
4.2978e-10,0.049865,0.043057
4.6922e-10,0.04985,0.042993
5.087e-10,0.049835,0.042932
5.4807e-10,0.049821,0.042873
5.8716e-10,0.049807,0.042817
6.2581e-10,0.049793,0.042764
6.6382e-10,0.049781,0.042714
7.0102e-10,0.049769,0.042666
7.3722e-10,0.049757,0.042622
7.7221e-10,0.049747,0.04258
8.0581e-10,0.049737,0.042541
8.378e-10,0.049729,0.042506
8.6798e-10,0.049722,0.042473
8.9614e-10,0.049716,0.042444
9.2206e-10,0.049711,0.042418
9.4553e-10,0.049708,0.042396
9.6632e-10,0.049706,0.042376
9.8424e-10,0.049706,0.04236
9.9905e-10,0.049708,0.042347
1.0106e-09,0.049711,0.042338
1.0185e-09,0.049715,0.042332
1.0228e-09,0.049722,0.042329
1.0231e-09,0.04973,0.04233
1.0193e-09,0.04974,0.042334
1.0112e-09,0.049753,0.042342
9.9866e-10,0.049766,0.042352
9.8141e-10,0.049782,0.042366
9.5935e-10,0.0498,0.042383
9.3232e-10,0.04982,0.042404
9.0019e-10,0.049842,0.042427
8.6284e-10,0.049865,0.042454
8.2016e-10,0.049891,0.042484
7.7206e-10,0.049918,0.042516
7.1848e-10,0.049948,0.042552
6.5934e-10,0.049979,0.04259
5.9463e-10,0.050011,0.04263
5.2433e-10,0.050046,0.042674
4.4844e-10,0.050082,0.042719
3.6701e-10,0.05012,0.042767
2.8008e-10,0.050159,0.042817
1.8774e-10,0.050199,0.04287
9.0092e-11,0.050241,0.042924
-1.2728e-11,0.050284,0.042979
-1.2056e-10,0.050328,0.043037
-2.3321e-10,0.050372,0.043096
-3.5047e-10,0.050418,0.043156
-4.7209e-10,0.050464,0.043217
-5.9778e-10,0.050511,0.043279
-7.2725e-10,0.050558,0.043343
-8.6015e-10,0.050605,0.043406
-9.9611e-10,0.050653,0.043471
-1.1347e-09,0.0507,0.043535
-1.2756e-09,0.050747,0.0436
-1.4183e-09,0.050794,0.043665
-1.5622e-09,0.05084,0.04373
-1.7069e-09,0.050885,0.043794
-1.8518e-09,0.050929,0.043858
-1.9964e-09,0.050972,0.043922
-2.1401e-09,0.051014,0.043985
-2.2821e-09,0.051055,0.044046
-2.4219e-09,0.051093,0.044107
-2.5588e-09,0.05113,0.044167
-2.6921e-09,0.051165,0.044226
-2.8211e-09,0.051198,0.044284
-2.945e-09,0.051229,0.04434
-3.0631e-09,0.051257,0.044394
-3.1746e-09,0.051282,0.044447
-3.2788e-09,0.051305,0.044499
-3.3749e-09,0.051324,0.044549
-3.4621e-09,0.051341,0.044597
-3.5395e-09,0.051355,0.044643
-3.6064e-09,0.051365,0.044688
-3.6621e-09,0.051372,0.044731
-3.7057e-09,0.051375,0.044772
-3.7364e-09,0.051374,0.044811
-3.7536e-09,0.05137,0.044848
-3.7564e-09,0.051362,0.044884
-3.7442e-09,0.05135,0.044918
-3.7162e-09,0.051335,0.04495
-3.6718e-09,0.051315,0.044981
-3.6104e-09,0.051291,0.04501
-3.5314e-09,0.051263,0.045037
-3.4341e-09,0.051232,0.045063
-3.3183e-09,0.051196,0.045088
-3.1833e-09,0.051156,0.045112
-3.0287e-09,0.051112,0.045134
-2.8543e-09,0.051064,0.045155
-2.6598e-09,0.051012,0.045175
-2.445e-09,0.050957,0.045194
-2.2097e-09,0.050897,0.045212
-1.9538e-09,0.050834,0.04523
-1.6775e-09,0.050768,0.045246
-1.3808e-09,0.050698,0.045263
-1.0639e-09,0.050624,0.045279
-7.2705e-10,0.050547,0.045294
-3.707e-10,0.050468,0.045309
4.6951e-12,0.050385,0.045325
3.9856e-10,0.0503,0.04534
8.102e-10,0.050212,0.045355
1.2388e-09,0.050121,0.04537
1.6836e-09,0.050029,0.045385
2.1434e-09,0.049934,0.045401
2.6172e-09,0.049837,0.045416
3.1037e-09,0.049739,0.045433
3.6017e-09,0.04964,0.045449
4.1096e-09,0.049539,0.045466
4.6259e-09,0.049438,0.045484
5.1489e-09,0.049335,0.045502
5.6769e-09,0.049232,0.045521
6.2079e-09,0.049129,0.04554
6.7399e-09,0.049026,0.045561
7.2709e-09,0.048923,0.045581
7.7986e-09,0.04882,0.045603
8.3208e-09,0.048718,0.045625
8.835e-09,0.048617,0.045648
9.3389e-09,0.048516,0.045671
9.8298e-09,0.048418,0.045696
1.0305e-08,0.04832,0.045721
1.0762e-08,0.048224,0.045746
1.1198e-08,0.048131,0.045773
1.161e-08,0.048039,0.0458
1.1996e-08,0.04795,0.045828
1.2352e-08,0.047863,0.045856
1.2676e-08,0.047779,0.045885
1.2964e-08,0.047698,0.045915
1.3214e-08,0.04762,0.045945
1.3423e-08,0.047545,0.045976
1.3588e-08,0.047473,0.046007
1.3706e-08,0.047405,0.046039
1.3775e-08,0.047341,0.046072
1.3791e-08,0.04728,0.046105
1.3752e-08,0.047224,0.046138
1.3656e-08,0.047171,0.046172
1.35e-08,0.047123,0.046207
1.3281e-08,0.047079,0.046242
1.2998e-08,0.047039,0.046277
1.2649e-08,0.047003,0.046313
1.2231e-08,0.046972,0.046349
1.1743e-08,0.046946,0.046385
1.1184e-08,0.046924,0.046422
1.0551e-08,0.046907,0.04646
9.8456e-09,0.046895,0.046497
9.0651e-09,0.046887,0.046536
8.2095e-09,0.046884,0.046574
7.2786e-09,0.046886,0.046614
6.2725e-09,0.046892,0.046653
5.1914e-09,0.046903,0.046693
4.0361e-09,0.046919,0.046734
2.8076e-09,0.04694,0.046775
1.5072e-09,0.046965,0.046817
1.3676e-10,0.046995,0.046859
-1.3018e-09,0.047029,0.046902
-2.8058e-09,0.047067,0.046946
-4.3726e-09,0.047111,0.046991
-5.9989e-09,0.047158,0.047036
-7.681e-09,0.04721,0.047082
-9.4148e-09,0.047265,0.047129
-1.1196e-08,0.047325,0.047177
-1.302e-08,0.047389,0.047226
-1.488e-08,0.047456,0.047275
-1.6772e-08,0.047528,0.047326
-1.869e-08,0.047602,0.047378
-2.0626e-08,0.04768,0.047432
-2.2575e-08,0.047762,0.047486
-2.4527e-08,0.047846,0.047542
-2.6477e-08,0.047933,0.047599
-2.8416e-08,0.048023,0.047657
-3.0336e-08,0.048116,0.047717
-3.2227e-08,0.048211,0.047778
-3.4081e-08,0.048308,0.047841
-3.5889e-08,0.048407,0.047905
-3.764e-08,0.048507,0.047971
-3.9325e-08,0.04861,0.048038
-4.0935e-08,0.048713,0.048107
-4.2458e-08,0.048818,0.048177
-4.3884e-08,0.048923,0.048249
-4.5204e-08,0.04903,0.048322
-4.6405e-08,0.049136,0.048398
-4.7478e-08,0.049243,0.048474
-4.8411e-08,0.04935,0.048553
-4.9195e-08,0.049456,0.048633
-4.9819e-08,0.049562,0.048714
-5.0272e-08,0.049667,0.048797
-5.0543e-08,0.049771,0.048882
-5.0624e-08,0.049873,0.048968
-5.0504e-08,0.049974,0.049056
-5.0174e-08,0.050074,0.049144
-4.9625e-08,0.050171,0.049235
-4.8848e-08,0.050266,0.049326
-4.7835e-08,0.050358,0.049418
-4.6579e-08,0.050448,0.049512
-4.5072e-08,0.050534,0.049606
-4.331e-08,0.050617,0.049702
-4.1285e-08,0.050697,0.049798
-3.8993e-08,0.050774,0.049894
-3.6431e-08,0.050846,0.049991
-3.3596e-08,0.050914,0.050089
-3.0485e-08,0.050979,0.050186
-2.7097e-08,0.051038,0.050284
-2.3433e-08,0.051094,0.050381
-1.9494e-08,0.051144,0.050478
-1.5282e-08,0.05119,0.050574
-1.0801e-08,0.051231,0.050669
-6.0558e-09,0.051267,0.050763
-1.0521e-09,0.051298,0.050856
4.2023e-09,0.051324,0.050948
9.6985e-09,0.051344,0.051038
1.5426e-08,0.05136,0.051126
2.1373e-08,0.05137,0.051211
2.7527e-08,0.051374,0.051294
3.3873e-08,0.051374,0.051374
4.0394e-08,0.051369,0.051452
4.7073e-08,0.051358,0.051526
5.389e-08,0.051343,0.051596
6.0825e-08,0.051322,0.051662
6.7856e-08,0.051297,0.051724
7.4959e-08,0.051267,0.051782
8.2108e-08,0.051233,0.051835
8.9278e-08,0.051194,0.051883
9.644e-08,0.051151,0.051926
1.0356e-07,0.051104,0.051964
1.1062e-07,0.051053,0.051995
1.1758e-07,0.050999,0.052021
1.244e-07,0.050941,0.05204
1.3106e-07,0.05088,0.052053
1.3751e-07,0.050817,0.052058
1.4373e-07,0.05075,0.052057
1.4967e-07,0.050681,0.052049
1.553e-07,0.05061,0.052034
1.6058e-07,0.050537,0.05201
1.6547e-07,0.050462,0.05198
1.6993e-07,0.050386,0.051941
1.7392e-07,0.050309,0.051894
1.7741e-07,0.05023,0.05184
1.8035e-07,0.050151,0.051777
1.827e-07,0.050071,0.051706
1.8444e-07,0.049992,0.051627
1.8551e-07,0.049912,0.051539
1.8588e-07,0.049832,0.051444
1.8553e-07,0.049752,0.05134
1.844e-07,0.049674,0.051229
1.8248e-07,0.049596,0.051109
1.7972e-07,0.049519,0.050982
1.761e-07,0.049443,0.050847
1.7158e-07,0.049369,0.050705
1.6616e-07,0.049296,0.050556
1.5979e-07,0.049225,0.0504
1.5246e-07,0.049156,0.050238
1.4416e-07,0.049089,0.05007
1.3486e-07,0.049024,0.049896
1.2456e-07,0.048961,0.049717
1.1325e-07,0.048901,0.049533
1.0092e-07,0.048844,0.049344
8.7582e-08,0.048789,0.049152
7.323e-08,0.048738,0.048957
5.7874e-08,0.048689,0.048759
4.1528e-08,0.048643,0.048558
2.4209e-08,0.048601,0.048356
5.9385e-09,0.048561,0.048153
-1.3256e-08,0.048525,0.047949
-3.3343e-08,0.048493,0.047746
-5.4284e-08,0.048464,0.047543
-7.6038e-08,0.048439,0.047341
-9.8557e-08,0.048417,0.047142
-1.2179e-07,0.048398,0.046944
-1.4567e-07,0.048384,0.04675
-1.7014e-07,0.048373,0.046559
-1.9512e-07,0.048366,0.046372
-2.2056e-07,0.048362,0.04619
-2.4635e-07,0.048363,0.046013
-2.7241e-07,0.048367,0.045841
-2.9866e-07,0.048374,0.045675
-3.25e-07,0.048386,0.045516
-3.5132e-07,0.048401,0.045363
-3.7752e-07,0.048419,0.045218
-4.0349e-07,0.048442,0.04508
-4.291e-07,0.048468,0.044949
-4.5424e-07,0.048497,0.044827
-4.7879e-07,0.04853,0.044713
-5.0261e-07,0.048566,0.044607
-5.2557e-07,0.048606,0.04451
-5.4755e-07,0.048649,0.044422
-5.6839e-07,0.048695,0.044342
-5.8797e-07,0.048745,0.044272
-6.0614e-07,0.048797,0.04421
-6.2275e-07,0.048853,0.044158
-6.3767e-07,0.048911,0.044115
-6.5076e-07,0.048972,0.04408
-6.6186e-07,0.049036,0.044055
-6.7083e-07,0.049102,0.044039
-6.7754e-07,0.049171,0.044031
-6.8185e-07,0.049243,0.044032
-6.8363e-07,0.049316,0.044041
-6.8273e-07,0.049392,0.044059
-6.7903e-07,0.04947,0.044085
-6.7242e-07,0.049549,0.044118
-6.6277e-07,0.049631,0.04416
-6.4998e-07,0.049714,0.044208
-6.3393e-07,0.049798,0.044264
-6.1455e-07,0.049884,0.044327
-5.9174e-07,0.049971,0.044396
-5.6542e-07,0.050059,0.044472
-5.3554e-07,0.050147,0.044553
-5.0203e-07,0.050237,0.04464
-4.6486e-07,0.050327,0.044733
-4.24e-07,0.050417,0.04483
-3.7942e-07,0.050507,0.044932
-3.3114e-07,0.050598,0.045039
-2.7915e-07,0.050688,0.045149
-2.235e-07,0.050778,0.045263
-1.6423e-07,0.050868,0.04538
-1.014e-07,0.050957,0.0455
-3.5084e-08,0.051045,0.045623
3.4611e-08,0.051132,0.045747
1.0757e-07,0.051218,0.045874
1.8366e-07,0.051303,0.046001
2.6272e-07,0.051386,0.04613
3.4459e-07,0.051468,0.04626
4.2906e-07,0.051548,0.04639
5.1591e-07,0.051626,0.04652
6.0492e-07,0.051702,0.04665
6.9583e-07,0.051777,0.04678
7.8837e-07,0.051849,0.046908
8.8223e-07,0.051918,0.047035
9.7709e-07,0.051986,0.047161
1.0726e-06,0.052051,0.047285
1.1685e-06,0.052113,0.047407
1.2643e-06,0.052173,0.047527
1.3597e-06,0.05223,0.047645
1.4542e-06,0.052284,0.047759
1.5474e-06,0.052335,0.047871
1.6389e-06,0.052384,0.047979
1.7282e-06,0.05243,0.048084
1.8148e-06,0.052472,0.048185
1.8983e-06,0.052512,0.048283
1.9782e-06,0.052549,0.048376
2.0539e-06,0.052583,0.048466
2.125e-06,0.052614,0.048551
2.1909e-06,0.052642,0.048632
2.2511e-06,0.052668,0.048708
2.3051e-06,0.05269,0.04878
2.3524e-06,0.052709,0.048847
2.3923e-06,0.052726,0.048909
2.4245e-06,0.05274,0.048967
2.4483e-06,0.05275,0.049019
2.4634e-06,0.052758,0.049067
2.4691e-06,0.052764,0.04911
2.465e-06,0.052767,0.049147
2.4506e-06,0.052767,0.04918
2.4255e-06,0.052764,0.049207
2.3893e-06,0.052759,0.04923
2.3415e-06,0.052751,0.049248
2.2817e-06,0.052741,0.04926
2.2097e-06,0.052728,0.049268
2.1251e-06,0.052714,0.04927
2.0277e-06,0.052696,0.049268
1.9171e-06,0.052677,0.049261
1.7932e-06,0.052655,0.04925
1.6558e-06,0.052631,0.049233
1.5049e-06,0.052605,0.049213
1.3404e-06,0.052576,0.049187
1.1622e-06,0.052546,0.049158
9.7049e-07,0.052514,0.049124
7.6531e-07,0.052479,0.049086
5.4684e-07,0.052443,0.049044
3.1533e-07,0.052405,0.048998
7.1072e-08,0.052365,0.048948
-1.8556e-07,0.052324,0.048895
-4.5412e-07,0.05228,0.048839
-7.341e-07,0.052235,0.04878
-1.0249e-06,0.052189,0.048717
-1.3259e-06,0.052141,0.048652
-1.6364e-06,0.052091,0.048584
-1.9554e-06,0.05204,0.048513
-2.2822e-06,0.051988,0.04844
-2.6158e-06,0.051935,0.048366
-2.9551e-06,0.05188,0.048289
-3.299e-06,0.051824,0.048211
-3.6464e-06,0.051767,0.048131
-3.9958e-06,0.051709,0.048051
-4.3461e-06,0.05165,0.047969
-4.6957e-06,0.05159,0.047886
-5.0431e-06,0.051529,0.047803
-5.3868e-06,0.051468,0.04772
-5.7252e-06,0.051406,0.047637
-6.0566e-06,0.051343,0.047554
-6.3791e-06,0.05128,0.047471
-6.6911e-06,0.051216,0.047389
-6.9905e-06,0.051152,0.047307
-7.2755e-06,0.051087,0.047227
-7.5441e-06,0.051022,0.047148
-7.7944e-06,0.050957,0.04707
-8.0242e-06,0.050892,0.046994
-8.2315e-06,0.050826,0.046919
-8.4143e-06,0.050761,0.046847
-8.5704e-06,0.050695,0.046777
-8.6977e-06,0.05063,0.046709
-8.7942e-06,0.050564,0.046644
-8.8576e-06,0.050499,0.046581
-8.886e-06,0.050434,0.046521
-8.8773e-06,0.050369,0.046464
-8.8294e-06,0.050304,0.046411
-8.7404e-06,0.050239,0.04636
-8.6083e-06,0.050175,0.046313
-8.4312e-06,0.050111,0.046269
-8.2075e-06,0.050047,0.046229
-7.9352e-06,0.049984,0.046193
-7.6129e-06,0.049921,0.04616
-7.2389e-06,0.049858,0.046132
-6.8118e-06,0.049796,0.046107
-6.3303e-06,0.049734,0.046086
-5.7933e-06,0.049673,0.046069
-5.1996e-06,0.049612,0.046056
-4.5484e-06,0.049552,0.046048
-3.8389e-06,0.049492,0.046043
-3.0706e-06,0.049433,0.046043
-2.243e-06,0.049374,0.046047
-1.3558e-06,0.049315,0.046054
-4.0917e-07,0.049258,0.046066
5.969e-07,0.049201,0.046083
1.662e-06,0.049144,0.046103
2.7856e-06,0.049088,0.046127
3.9669e-06,0.049033,0.046155
5.2049e-06,0.048978,0.046187
6.4983e-06,0.048924,0.046223
7.8458e-06,0.048871,0.046263
9.2456e-06,0.048818,0.046307
1.0696e-05,0.048766,0.046354
1.2194e-05,0.048715,0.046404
1.3739e-05,0.048665,0.046458
1.5326e-05,0.048616,0.046515
1.6954e-05,0.048568,0.046575
1.862e-05,0.04852,0.046638
2.0319e-05,0.048474,0.046704
2.205e-05,0.048429,0.046773
2.3806e-05,0.048385,0.046844
2.5586e-05,0.048342,0.046918
2.7385e-05,0.048301,0.046994
2.9198e-05,0.048261,0.047072
3.1021e-05,0.048222,0.047152
3.285e-05,0.048185,0.047234
3.4679e-05,0.04815,0.047317
3.6503e-05,0.048116,0.047402
3.8319e-05,0.048085,0.047487
4.012e-05,0.048055,0.047574
4.1901e-05,0.048027,0.047662
4.3657e-05,0.048001,0.04775
4.5383e-05,0.047977,0.047839
4.7074e-05,0.047955,0.047928
4.8724e-05,0.047936,0.048017
5.0327e-05,0.047919,0.048107
5.188e-05,0.047904,0.048196
5.3375e-05,0.047892,0.048284
5.481e-05,0.047883,0.048372
5.6178e-05,0.047876,0.048459
5.7474e-05,0.047872,0.048546
5.8696e-05,0.04787,0.048631
5.9837e-05,0.047872,0.048716
6.0893e-05,0.047876,0.048798
6.1862e-05,0.047884,0.04888
6.2739e-05,0.047894,0.04896
6.3522e-05,0.047907,0.049038
6.4206e-05,0.047923,0.049114
6.479e-05,0.047942,0.049188
6.5271e-05,0.047964,0.04926
6.5648e-05,0.047989,0.04933
6.5918e-05,0.048017,0.049398
6.6082e-05,0.048048,0.049463
6.6137e-05,0.048082,0.049526
6.6085e-05,0.048119,0.049586
6.5925e-05,0.048158,0.049644
6.5658e-05,0.0482,0.049699
6.5285e-05,0.048245,0.049751
6.4807e-05,0.048292,0.049801
6.4227e-05,0.048342,0.049847
6.3546e-05,0.048395,0.049891
6.2768e-05,0.048449,0.049932
6.1894e-05,0.048506,0.04997
6.0929e-05,0.048565,0.050005
5.9875e-05,0.048626,0.050037
5.8738e-05,0.048689,0.050066
5.752e-05,0.048753,0.050092
5.6227e-05,0.04882,0.050115
5.4862e-05,0.048887,0.050136
5.3431e-05,0.048956,0.050153
5.1938e-05,0.049026,0.050167
5.0389e-05,0.049097,0.050179
4.8789e-05,0.049169,0.050187
4.7142e-05,0.049242,0.050193
4.5455e-05,0.049315,0.050196
4.3732e-05,0.049389,0.050197
4.1978e-05,0.049463,0.050194
4.02e-05,0.049537,0.050189
3.8401e-05,0.049612,0.050182
3.6589e-05,0.049686,0.050172
3.4766e-05,0.049759,0.050159
3.2939e-05,0.049833,0.050144
3.1113e-05,0.049905,0.050127
2.9292e-05,0.049977,0.050108
2.748e-05,0.050049,0.050086
2.5683e-05,0.050119,0.050063
2.3905e-05,0.050188,0.050037
2.2149e-05,0.050255,0.05001
2.042e-05,0.050322,0.049981
1.872e-05,0.050387,0.04995
1.7055e-05,0.05045,0.049917
1.5427e-05,0.050511,0.049883
1.3839e-05,0.050571,0.049847
1.2294e-05,0.050629,0.04981
1.0794e-05,0.050685,0.049772
9.3426e-06,0.050738,0.049733
7.9409e-06,0.05079,0.049692
6.5912e-06,0.050839,0.049651
5.2952e-06,0.050886,0.049608
4.0541e-06,0.050931,0.049565
2.8694e-06,0.050973,0.049521
1.7419e-06,0.051012,0.049477
6.7243e-07,0.051049,0.049431
-3.3844e-07,0.051083,0.049386
-1.2904e-06,0.051115,0.04934
-2.1832e-06,0.051144,0.049294
-3.0171e-06,0.05117,0.049248
-3.7921e-06,0.051193,0.049201
-4.5087e-06,0.051214,0.049155
-5.1675e-06,0.051232,0.049109
-5.7692e-06,0.051246,0.049063
-6.3148e-06,0.051258,0.049018
-6.8053e-06,0.051268,0.048973
-7.2418e-06,0.051274,0.048928
-7.6256e-06,0.051277,0.048885
-7.9582e-06,0.051277,0.048842
-8.2411e-06,0.051275,0.0488
-8.4759e-06,0.05127,0.048758
-8.6643e-06,0.051261,0.048718
-8.8081e-06,0.05125,0.048679
-8.9091e-06,0.051237,0.048642
-8.9693e-06,0.05122,0.048605
-8.9905e-06,0.051201,0.048571
-8.9748e-06,0.051178,0.048538
-8.9242e-06,0.051153,0.048506
-8.8408e-06,0.051126,0.048476
-8.7265e-06,0.051096,0.048449
-8.5834e-06,0.051063,0.048423
-8.4137e-06,0.051028,0.048399
-8.2193e-06,0.05099,0.048378
-8.0023e-06,0.050949,0.048359
-7.7646e-06,0.050907,0.048342
-7.5084e-06,0.050862,0.048328
-7.2354e-06,0.050814,0.048316
-6.9477e-06,0.050765,0.048307
-6.647e-06,0.050713,0.0483
-6.3352e-06,0.050659,0.048297
-6.0141e-06,0.050603,0.048296
-5.6852e-06,0.050546,0.048298
-5.3503e-06,0.050486,0.048303
-5.0109e-06,0.050425,0.048311
-4.6685e-06,0.050361,0.048322
-4.3246e-06,0.050297,0.048337
-3.9804e-06,0.050231,0.048354
-3.6373e-06,0.050163,0.048375
-3.2965e-06,0.050094,0.048398
-2.9591e-06,0.050024,0.048425
-2.6261e-06,0.049953,0.048456
-2.2986e-06,0.04988,0.048489
-1.9774e-06,0.049807,0.048525
-1.6634e-06,0.049734,0.048565
-1.3574e-06,0.049659,0.048608
-1.0599e-06,0.049584,0.048654
-7.7172e-07,0.049509,0.048703
-4.9326e-07,0.049434,0.048755
-2.2502e-07,0.049359,0.048809
3.2597e-08,0.049283,0.048867
2.7924e-07,0.049208,0.048928
5.1464e-07,0.049133,0.048991
7.3859e-07,0.049059,0.049056
9.5091e-07,0.048986,0.049125
1.1515e-06,0.048913,0.049195
1.3403e-06,0.048841,0.049268
1.5174e-06,0.04877,0.049343
1.6827e-06,0.048701,0.049419
1.8363e-06,0.048632,0.049498
1.9785e-06,0.048566,0.049578
2.1092e-06,0.048501,0.04966
2.2287e-06,0.048437,0.049742
2.3373e-06,0.048376,0.049827
2.4352e-06,0.048317,0.049912
2.5226e-06,0.048259,0.049998
2.5998e-06,0.048204,0.050084
2.6672e-06,0.048151,0.050171
2.725e-06,0.048101,0.050258
2.7737e-06,0.048054,0.050345
2.8134e-06,0.048008,0.050432
2.8447e-06,0.047966,0.050519
2.8678e-06,0.047927,0.050605
2.8831e-06,0.04789,0.050691
2.8909e-06,0.047857,0.050775
2.8916e-06,0.047826,0.050859
2.8855e-06,0.047799,0.050941
2.873e-06,0.047775,0.051022
2.8543e-06,0.047754,0.051101
2.8298e-06,0.047737,0.051178
2.7998e-06,0.047722,0.051253
2.7646e-06,0.047712,0.051326
2.7243e-06,0.047705,0.051397
2.6794e-06,0.047701,0.051466
2.63e-06,0.047701,0.051531
2.5763e-06,0.047704,0.051594
2.5186e-06,0.047711,0.051654
2.457e-06,0.047722,0.051711
2.3917e-06,0.047736,0.051764
2.3229e-06,0.047754,0.051815
2.2506e-06,0.047775,0.051862
2.175e-06,0.0478,0.051905
2.0961e-06,0.047829,0.051945
2.0141e-06,0.047861,0.051981
1.929e-06,0.047897,0.052013
1.8409e-06,0.047936,0.052041
1.7498e-06,0.047979,0.052065
1.6557e-06,0.048025,0.052086
1.5586e-06,0.048075,0.052102
1.4585e-06,0.048128,0.052114
1.3555e-06,0.048184,0.052123
1.2494e-06,0.048243,0.052127
1.1404e-06,0.048306,0.052127
1.0283e-06,0.048372,0.052124
9.1315e-07,0.04844,0.052116
7.9493e-07,0.048512,0.052104
6.7362e-07,0.048586,0.052089
5.4919e-07,0.048663,0.05207
4.2165e-07,0.048743,0.052047
2.91e-07,0.048825,0.05202
1.5724e-07,0.04891,0.05199
2.0401e-08,0.048996,0.051957
-1.1947e-07,0.049085,0.05192
-2.6232e-07,0.049176,0.05188
-4.0808e-07,0.049268,0.051837
-5.5663e-07,0.049362,0.051792
-7.0788e-07,0.049458,0.051744
-8.6166e-07,0.049555,0.051693
-1.0178e-06,0.049652,0.051641
-1.1761e-06,0.049751,0.051586
-1.3364e-06,0.049851,0.051529
-1.4984e-06,0.049951,0.051471
-1.6617e-06,0.050052,0.051411
-1.8262e-06,0.050152,0.05135
-1.9913e-06,0.050253,0.051288
-2.1568e-06,0.050354,0.051226
-2.3221e-06,0.050454,0.051163
-2.487e-06,0.050554,0.051099
-2.6507e-06,0.050653,0.051036
-2.8129e-06,0.050751,0.050972
-2.9729e-06,0.050848,0.050909
-3.1301e-06,0.050944,0.050847
-3.2839e-06,0.051038,0.050785
-3.4337e-06,0.05113,0.050725
-3.5786e-06,0.051221,0.050665
-3.718e-06,0.051309,0.050608
-3.8511e-06,0.051396,0.050552
-3.9771e-06,0.05148,0.050497
-4.0951e-06,0.051561,0.050445
-4.2044e-06,0.05164,0.050395
-4.304e-06,0.051717,0.050347
-4.393e-06,0.05179,0.050302
-4.4705e-06,0.05186,0.05026
-4.5356e-06,0.051927,0.05022
-4.5874e-06,0.051991,0.050184
-4.6248e-06,0.052051,0.05015
-4.647e-06,0.052108,0.05012
-4.653e-06,0.052161,0.050092
-4.6417e-06,0.052211,0.050069
-4.6124e-06,0.052257,0.050048
-4.5639e-06,0.052299,0.050031
-4.4955e-06,0.052337,0.050018
-4.4061e-06,0.052371,0.050008
-4.295e-06,0.052402,0.050001
-4.1613e-06,0.052429,0.049998
-4.0041e-06,0.052451,0.049999
-3.8228e-06,0.05247,0.050003
-3.6164e-06,0.052485,0.05001
-3.3845e-06,0.052496,0.050021
-3.1262e-06,0.052503,0.050036
-2.8412e-06,0.052506,0.050053
-2.5288e-06,0.052505,0.050074
-2.1886e-06,0.0525,0.050098
-1.8203e-06,0.052492,0.050125
-1.4235e-06,0.052479,0.050155
-9.9813e-07,0.052463,0.050187
-5.4397e-07,0.052444,0.050223
-6.1025e-08,0.052421,0.050261
4.5065e-07,0.052395,0.050301
9.9088e-07,0.052365,0.050343
1.5594e-06,0.052331,0.050388
2.1559e-06,0.052295,0.050435
2.7797e-06,0.052256,0.050483
3.4305e-06,0.052213,0.050533
4.1074e-06,0.052168,0.050585
4.8097e-06,0.052119,0.050638
5.5364e-06,0.052068,0.050692
6.2864e-06,0.052015,0.050747
7.0587e-06,0.051958,0.050803
7.852e-06,0.0519,0.05086
8.6647e-06,0.051839,0.050917
9.4956e-06,0.051776,0.050975
1.0343e-05,0.051711,0.051033
1.1205e-05,0.051644,0.05109
1.208e-05,0.051574,0.051148
1.2966e-05,0.051504,0.051206
1.3861e-05,0.051431,0.051263
1.4762e-05,0.051357,0.051319
1.5669e-05,0.051282,0.051375
1.6578e-05,0.051205,0.05143
1.7486e-05,0.051127,0.051485
1.8393e-05,0.051049,0.051538
1.9294e-05,0.050969,0.05159
2.0188e-05,0.050888,0.051642
2.1072e-05,0.050807,0.051692
2.1944e-05,0.050724,0.05174
2.28e-05,0.050642,0.051788
2.3638e-05,0.050559,0.051834
2.4456e-05,0.050476,0.051878
2.5251e-05,0.050392,0.051921
2.602e-05,0.050309,0.051963
2.6761e-05,0.050226,0.052003
2.7471e-05,0.050143,0.052042
2.8149e-05,0.05006,0.052079
2.879e-05,0.049977,0.052115
2.9394e-05,0.049896,0.05215
2.9958e-05,0.049814,0.052183
3.048e-05,0.049734,0.052215
3.0959e-05,0.049655,0.052245
3.1391e-05,0.049576,0.052274
3.1776e-05,0.049499,0.052302
3.2113e-05,0.049423,0.052329
3.2399e-05,0.049349,0.052355
3.2634e-05,0.049276,0.05238
3.2818e-05,0.049205,0.052404
3.2948e-05,0.049136,0.052427
3.3025e-05,0.049068,0.052449
3.3048e-05,0.049003,0.052471
3.3018e-05,0.04894,0.052492
3.2934e-05,0.048879,0.052513
3.2796e-05,0.04882,0.052533
3.2606e-05,0.048764,0.052553
3.2364e-05,0.04871,0.052572
3.207e-05,0.04866,0.052592
3.1727e-05,0.048612,0.052611
3.1335e-05,0.048566,0.052631
3.0895e-05,0.048524,0.05265
3.041e-05,0.048485,0.05267
2.9881e-05,0.048449,0.05269
2.931e-05,0.048416,0.05271
2.8699e-05,0.048387,0.052731
2.8051e-05,0.04836,0.052752
2.7367e-05,0.048337,0.052774
2.665e-05,0.048318,0.052796
2.5902e-05,0.048301,0.052818
2.5127e-05,0.048289,0.052842
2.4325e-05,0.048279,0.052866
2.3501e-05,0.048273,0.05289
2.2657e-05,0.048271,0.052916
2.1795e-05,0.048271,0.052942
2.0917e-05,0.048275,0.052969
2.0028e-05,0.048283,0.052996
1.9129e-05,0.048293,0.053025
1.8222e-05,0.048307,0.053054
1.7311e-05,0.048324,0.053084
1.6398e-05,0.048344,0.053115
1.5485e-05,0.048367,0.053146
1.4575e-05,0.048393,0.053178
1.367e-05,0.048422,0.053211
1.2772e-05,0.048453,0.053245
1.1883e-05,0.048487,0.053279
1.1006e-05,0.048523,0.053314
1.0143e-05,0.048562,0.053349
9.2945e-06,0.048602,0.053385
8.4632e-06,0.048645,0.053422
7.6506e-06,0.048689,0.053459
6.8582e-06,0.048735,0.053497
6.0874e-06,0.048783,0.053534
5.3395e-06,0.048832,0.053573
4.6157e-06,0.048882,0.053611
3.9171e-06,0.048933,0.05365
3.2446e-06,0.048986,0.053689
2.5991e-06,0.049038,0.053729
1.9813e-06,0.049092,0.053768
1.3918e-06,0.049145,0.053807
8.3111e-07,0.049199,0.053847
2.9958e-07,0.049253,0.053886
-2.0248e-07,0.049307,0.053926
-6.7489e-07,0.04936,0.053965
-1.1176e-06,0.049414,0.054004
-1.5306e-06,0.049466,0.054043
-1.914e-06,0.049518,0.054082
-2.268e-06,0.049568,0.05412
-2.593e-06,0.049618,0.054158
-2.8892e-06,0.049667,0.054195
-3.1572e-06,0.049714,0.054232
-3.3975e-06,0.04976,0.054269
-3.6106e-06,0.049804,0.054305
-3.7972e-06,0.049847,0.05434
-3.9581e-06,0.049888,0.054375
-4.094e-06,0.049928,0.054409
-4.2056e-06,0.049965,0.054442
-4.294e-06,0.05,0.054475
-4.3599e-06,0.050034,0.054507
-4.4044e-06,0.050065,0.054537
-4.4283e-06,0.050095,0.054567
-4.4327e-06,0.050122,0.054597
-4.4185e-06,0.050147,0.054625
-4.3869e-06,0.050169,0.054652
-4.3388e-06,0.05019,0.054678
-4.2753e-06,0.050208,0.054703
-4.1974e-06,0.050224,0.054728
-4.1063e-06,0.050238,0.054751
-4.0028e-06,0.050249,0.054773
-3.8882e-06,0.050259,0.054794
-3.7633e-06,0.050266,0.054813
-3.6293e-06,0.050271,0.054832
-3.4872e-06,0.050274,0.05485
-3.3378e-06,0.050275,0.054866
-3.1822e-06,0.050274,0.054882
-3.0213e-06,0.050271,0.054896
-2.856e-06,0.050266,0.05491
-2.6872e-06,0.050259,0.054922
-2.5157e-06,0.050251,0.054933
-2.3424e-06,0.050241,0.054944
-2.168e-06,0.050229,0.054953
-1.9933e-06,0.050215,0.054962
-1.8189e-06,0.0502,0.05497
-1.6457e-06,0.050184,0.054977
-1.4741e-06,0.050166,0.054984
-1.3048e-06,0.050148,0.054989
-1.1384e-06,0.050128,0.054994
-9.7538e-07,0.050106,0.054999
-8.1621e-07,0.050084,0.055003
-6.6135e-07,0.050061,0.055007
-5.112e-07,0.050037,0.05501
-3.6612e-07,0.050012,0.055013
-2.2645e-07,0.049987,0.055016
-9.2479e-08,0.049961,0.055018
3.554e-08,0.049934,0.055021
1.5739e-07,0.049907,0.055023
2.7288e-07,0.049879,0.055025
3.8186e-07,0.049852,0.055028
4.8421e-07,0.049824,0.05503
5.7985e-07,0.049795,0.055033
6.6872e-07,0.049767,0.055036
7.508e-07,0.049739,0.055039
8.2608e-07,0.04971,0.055042
8.946e-07,0.049682,0.055046
9.564e-07,0.049654,0.05505
1.0116e-06,0.049627,0.055054
1.0602e-06,0.049599,0.055058
1.1024e-06,0.049572,0.055063
1.1383e-06,0.049546,0.055069
1.1681e-06,0.049519,0.055074
1.1919e-06,0.049494,0.055081
1.21e-06,0.049469,0.055087
1.2225e-06,0.049445,0.055094
1.2297e-06,0.049421,0.055101
1.2317e-06,0.049398,0.055108
1.2289e-06,0.049376,0.055115
1.2214e-06,0.049355,0.055123
1.2095e-06,0.049335,0.05513
1.1934e-06,0.049315,0.055138
1.1735e-06,0.049297,0.055146
1.1499e-06,0.049279,0.055153
1.123e-06,0.049263,0.05516
1.0929e-06,0.049247,0.055167
1.06e-06,0.049232,0.055174
1.0246e-06,0.049218,0.05518
9.868e-07,0.049206,0.055186
9.4695e-07,0.049194,0.055191
9.0529e-07,0.049183,0.055196
8.6206e-07,0.049173,0.0552
8.1751e-07,0.049164,0.055202
7.7187e-07,0.049156,0.055204
7.2537e-07,0.049149,0.055205
6.7822e-07,0.049142,0.055205
6.3065e-07,0.049137,0.055204
5.8286e-07,0.049132,0.055201
5.3504e-07,0.049128,0.055197
4.8737e-07,0.049124,0.055192
4.4005e-07,0.049121,0.055185
3.9323e-07,0.049119,0.055177
3.4707e-07,0.049117,0.055168
3.0171e-07,0.049115,0.055156
2.5731e-07,0.049114,0.055144
2.1398e-07,0.049113,0.055129
1.7185e-07,0.049112,0.055113
1.3101e-07,0.049111,0.055095
9.1567e-08,0.04911,0.055076
5.3611e-08,0.04911,0.055055
1.7215e-08,0.049109,0.055033
-1.7551e-08,0.049108,0.055009
-5.0631e-08,0.049106,0.054983
-8.1974e-08,0.049105,0.054956
-1.1154e-07,0.049102,0.054928
-1.393e-07,0.0491,0.054898
-1.6523e-07,0.049097,0.054866
-1.8932e-07,0.049093,0.054834
-2.1155e-07,0.049088,0.054801
-2.3194e-07,0.049083,0.054766
-2.5048e-07,0.049077,0.054731
-2.6719e-07,0.04907,0.054694
-2.821e-07,0.049063,0.054657
-2.9522e-07,0.049054,0.05462
-3.066e-07,0.049045,0.054582
-3.1627e-07,0.049035,0.054543
-3.2427e-07,0.049023,0.054505
-3.3065e-07,0.049011,0.054466
-3.3546e-07,0.048998,0.054428
-3.3876e-07,0.048984,0.05439
-3.406e-07,0.048969,0.054352
-3.4104e-07,0.048953,0.054314
-3.4016e-07,0.048937,0.054278
-3.3801e-07,0.048919,0.054242
-3.3466e-07,0.048901,0.054207
-3.3018e-07,0.048882,0.054174
-3.2464e-07,0.048863,0.054141
-3.1811e-07,0.048842,0.05411
-3.1067e-07,0.048822,0.054081
-3.0238e-07,0.048801,0.054053
-2.9331e-07,0.04878,0.054027
-2.8355e-07,0.048758,0.054003
-2.7314e-07,0.048736,0.053981
-2.6218e-07,0.048715,0.053962
-2.5072e-07,0.048693,0.053944
-2.3884e-07,0.048671,0.053929
-2.2659e-07,0.04865,0.053916
-2.1405e-07,0.048629,0.053906
-2.0127e-07,0.048609,0.053898
-1.8832e-07,0.048589,0.053893
-1.7525e-07,0.04857,0.05389
-1.6212e-07,0.048552,0.05389
-1.4898e-07,0.048535,0.053893
-1.3588e-07,0.048519,0.053899
-1.2288e-07,0.048504,0.053907
-1.1001e-07,0.048491,0.053918
-9.7327e-08,0.048478,0.053932
-8.4862e-08,0.048468,0.053949
-7.2655e-08,0.048459,0.053968
-6.0741e-08,0.048452,0.053989
-4.9153e-08,0.048446,0.054013
-3.792e-08,0.048443,0.05404
-2.7068e-08,0.048441,0.054069
-1.6621e-08,0.048442,0.054101
-6.6009e-09,0.048445,0.054134
2.9742e-09,0.04845,0.05417
1.2088e-08,0.048457,0.054208
2.0728e-08,0.048467,0.054248
2.8882e-08,0.048479,0.054289
3.6542e-08,0.048494,0.054333
4.3701e-08,0.048511,0.054378
5.0356e-08,0.04853,0.054424
5.6505e-08,0.048552,0.054472
6.2147e-08,0.048577,0.054521
6.7284e-08,0.048604,0.054571
7.1921e-08,0.048633,0.054622
7.6064e-08,0.048665,0.054674
7.9718e-08,0.0487,0.054727
8.2894e-08,0.048737,0.05478
8.5602e-08,0.048776,0.054834
8.7852e-08,0.048817,0.054889
8.9658e-08,0.04886,0.054943
9.1034e-08,0.048906,0.054998
9.1995e-08,0.048953,0.055052
9.2555e-08,0.049003,0.055107
9.2733e-08,0.049054,0.055161
9.2545e-08,0.049107,0.055215
9.2009e-08,0.049161,0.055269
9.1144e-08,0.049216,0.055322
8.9968e-08,0.049273,0.055374
8.8501e-08,0.049331,0.055426
8.6761e-08,0.049389,0.055478
8.4769e-08,0.049448,0.055528
8.2544e-08,0.049507,0.055578
8.0105e-08,0.049567,0.055626
7.7471e-08,0.049627,0.055674
7.4663e-08,0.049686,0.055721
7.1699e-08,0.049745,0.055767
6.8597e-08,0.049804,0.055812
6.5377e-08,0.049861,0.055856
6.2056e-08,0.049917,0.055898
5.8652e-08,0.049972,0.05594
5.5181e-08,0.050026,0.055981
5.1661e-08,0.050077,0.05602
4.8107e-08,0.050127,0.056059
4.4534e-08,0.050174,0.056096
4.0957e-08,0.050219,0.056133
3.7391e-08,0.05026,0.056168
3.3847e-08,0.050299,0.056203
3.034e-08,0.050335,0.056236
2.688e-08,0.050368,0.056269
2.3479e-08,0.050397,0.056301
2.0147e-08,0.050422,0.056332
1.6894e-08,0.050443,0.056362
1.3729e-08,0.05046,0.056391
1.0659e-08,0.050473,0.05642
7.6921e-09,0.050482,0.056448
4.8348e-09,0.050487,0.056475
2.0931e-09,0.050487,0.056502
-5.2804e-10,0.050482,0.056528
-3.0241e-09,0.050473,0.056553
-5.3914e-09,0.050459,0.056578
-7.6267e-09,0.05044,0.056603
-9.7278e-09,0.050417,0.056627
-1.1693e-08,0.05039,0.056651
-1.352e-08,0.050357,0.056674
-1.521e-08,0.05032,0.056697
-1.6762e-08,0.050279,0.056719
-1.8176e-08,0.050233,0.056741
-1.9454e-08,0.050183,0.056763
-2.0597e-08,0.050129,0.056784
-2.1607e-08,0.050071,0.056805
-2.2486e-08,0.050009,0.056826
-2.3238e-08,0.049944,0.056847
-2.3864e-08,0.049874,0.056867
-2.4369e-08,0.049802,0.056887
-2.4757e-08,0.049726,0.056906
-2.5031e-08,0.049648,0.056925
-2.5195e-08,0.049567,0.056944
-2.5255e-08,0.049483,0.056962
-2.5215e-08,0.049397,0.05698
-2.5079e-08,0.04931,0.056998
-2.4853e-08,0.04922,0.057015
-2.4542e-08,0.049129,0.057031
-2.4151e-08,0.049037,0.057047
-2.3685e-08,0.048944,0.057063
-2.315e-08,0.04885,0.057078
-2.255e-08,0.048755,0.057092
-2.1892e-08,0.048661,0.057105
-2.118e-08,0.048566,0.057118
-2.042e-08,0.048472,0.05713
-1.9617e-08,0.048378,0.057142
-1.8777e-08,0.048285,0.057152
-1.7903e-08,0.048193,0.057161
-1.7001e-08,0.048101,0.05717
-1.6076e-08,0.048012,0.057177
-1.5133e-08,0.047924,0.057184
-1.4175e-08,0.047837,0.057189
-1.3208e-08,0.047753,0.057193
-1.2235e-08,0.04767,0.057196
-1.1261e-08,0.04759,0.057197
-1.0289e-08,0.047513,0.057197
-9.3227e-09,0.047437,0.057196
-8.3661e-09,0.047365,0.057193
-7.4222e-09,0.047295,0.057189
-6.494e-09,0.047228,0.057183
-5.5842e-09,0.047164,0.057175
-4.6957e-09,0.047103,0.057166
-3.8308e-09,0.047045,0.057155
-2.9917e-09,0.04699,0.057143
-2.1804e-09,0.046938,0.057128
-1.3988e-09,0.04689,0.057112
-6.4849e-10,0.046845,0.057094
6.91e-11,0.046802,0.057074
7.5275e-10,0.046763,0.057053
1.4014e-09,0.046728,0.05703
2.0142e-09,0.046695,0.057005
2.5905e-09,0.046665,0.056978
3.1298e-09,0.046639,0.056949
3.6317e-09,0.046616,0.056919
4.0961e-09,0.046595,0.056887
4.5229e-09,0.046578,0.056854
4.9122e-09,0.046563,0.056819
5.2643e-09,0.046552,0.056782
5.5796e-09,0.046543,0.056744
5.8586e-09,0.046537,0.056705
6.1019e-09,0.046533,0.056665
6.3103e-09,0.046532,0.056623
6.4846e-09,0.046534,0.05658
6.6257e-09,0.046538,0.056536
6.7347e-09,0.046544,0.056492
6.8126e-09,0.046553,0.056446
6.8606e-09,0.046563,0.0564
6.8799e-09,0.046576,0.056354
6.8718e-09,0.046592,0.056307
6.8375e-09,0.046609,0.05626
6.7786e-09,0.046628,0.056212
6.6962e-09,0.046648,0.056165
6.592e-09,0.046671,0.056117
6.4672e-09,0.046695,0.05607
6.3233e-09,0.046721,0.056023
6.1619e-09,0.046749,0.055977
5.9842e-09,0.046778,0.055931
5.7919e-09,0.046809,0.055886
5.5862e-09,0.046841,0.055842
5.3687e-09,0.046875,0.055799
5.1406e-09,0.046909,0.055756
4.9035e-09,0.046945,0.055715
4.6586e-09,0.046983,0.055675
4.4073e-09,0.047021,0.055636
4.1507e-09,0.047061,0.055599
3.8902e-09,0.047102,0.055563
3.6269e-09,0.047143,0.055529
3.362e-09,0.047186,0.055496
3.0966e-09,0.04723,0.055466
2.8317e-09,0.047275,0.055436
2.5683e-09,0.047321,0.055409
2.3074e-09,0.047368,0.055384
2.0499e-09,0.047416,0.05536
1.7965e-09,0.047464,0.055338
1.5481e-09,0.047514,0.055318
1.3054e-09,0.047565,0.0553
1.069e-09,0.047616,0.055284
8.3961e-10,0.047668,0.05527
6.1776e-10,0.047722,0.055258
4.0393e-10,0.047776,0.055247
1.9858e-10,0.047831,0.055239
2.1067e-12,0.047886,0.055232
-1.8516e-10,0.047943,0.055227
-3.6292e-10,0.048,0.055224
-5.3094e-10,0.048058,0.055222
-6.8903e-10,0.048117,0.055222
-8.3704e-10,0.048177,0.055224
-9.7488e-10,0.048238,0.055227
-1.1025e-09,0.048299,0.055232
-1.2199e-09,0.048361,0.055239
-1.327e-09,0.048423,0.055246
-1.4241e-09,0.048487,0.055255
-1.5111e-09,0.04855,0.055266
-1.5881e-09,0.048615,0.055277
-1.6555e-09,0.048679,0.05529
-1.7133e-09,0.048745,0.055304
-1.7618e-09,0.04881,0.055319
-1.8012e-09,0.048876,0.055335
-1.8318e-09,0.048942,0.055351
-1.8539e-09,0.049009,0.055369
-1.8679e-09,0.049075,0.055388
-1.874e-09,0.049142,0.055408
-1.8726e-09,0.049208,0.055428
-1.864e-09,0.049274,0.055449
-1.8486e-09,0.04934,0.055471
-1.8269e-09,0.049406,0.055494
-1.7991e-09,0.049471,0.055517
-1.7657e-09,0.049536,0.055542
-1.7271e-09,0.0496,0.055567
-1.6836e-09,0.049663,0.055592
-1.6357e-09,0.049725,0.055619
-1.5837e-09,0.049787,0.055646
-1.528e-09,0.049847,0.055674
-1.4691e-09,0.049906,0.055703
-1.4073e-09,0.049964,0.055732
-1.343e-09,0.050021,0.055763
-1.2765e-09,0.050076,0.055794
-1.2082e-09,0.05013,0.055826
-1.1384e-09,0.050181,0.055859
-1.0675e-09,0.050231,0.055893
-9.9589e-10,0.050279,0.055929
-9.2376e-10,0.050325,0.055965
-8.5146e-10,0.050369,0.056002
-7.7927e-10,0.050411,0.056041
-7.0746e-10,0.05045,0.05608
-6.363e-10,0.050487,0.056121
-5.6602e-10,0.050522,0.056163
-4.9686e-10,0.050554,0.056207
-4.2904e-10,0.050583,0.056251
-3.6274e-10,0.050609,0.056297
-2.9815e-10,0.050633,0.056345
-2.3545e-10,0.050654,0.056393
-1.7478e-10,0.050672,0.056443
-1.1629e-10,0.050686,0.056495
-6.0091e-11,0.050698,0.056548
-6.2996e-12,0.050707,0.056602
4.4992e-11,0.050712,0.056658
9.3702e-11,0.050714,0.056715
1.3977e-10,0.050713,0.056773
1.8313e-10,0.050709,0.056833
2.2375e-10,0.050701,0.056894
2.6161e-10,0.05069,0.056957
2.9667e-10,0.050676,0.05702
3.2895e-10,0.050659,0.057085
3.5845e-10,0.050638,0.057151
3.8518e-10,0.050614,0.057218
4.0918e-10,0.050586,0.057286
4.3046e-10,0.050556,0.057356
4.491e-10,0.050522,0.057426
4.6512e-10,0.050485,0.057497
4.786e-10,0.050444,0.057569
4.8961e-10,0.050401,0.057641
4.9821e-10,0.050355,0.057714
5.0449e-10,0.050306,0.057788
5.0853e-10,0.050254,0.057862
5.1041e-10,0.0502,0.057937
5.1025e-10,0.050143,0.058012
5.0812e-10,0.050083,0.058087
5.0414e-10,0.050021,0.058163
4.984e-10,0.049957,0.058238
4.9101e-10,0.049891,0.058313
4.8207e-10,0.049822,0.058389
4.717e-10,0.049752,0.058464
4.5999e-10,0.04968,0.058538
4.4706e-10,0.049607,0.058613
4.3301e-10,0.049532,0.058687
4.1796e-10,0.049456,0.05876
4.02e-10,0.049378,0.058832
3.8524e-10,0.0493,0.058904
3.6778e-10,0.049221,0.058975
3.4973e-10,0.049142,0.059045
3.3117e-10,0.049062,0.059114
3.1221e-10,0.048982,0.059181
2.9293e-10,0.048901,0.059248
2.7343e-10,0.048821,0.059313
2.5379e-10,0.048742,0.059377
2.341e-10,0.048662,0.05944
2.1443e-10,0.048584,0.059501
1.9485e-10,0.048506,0.05956
1.7544e-10,0.048429,0.059618
1.5627e-10,0.048354,0.059674
1.3739e-10,0.04828,0.059729
1.1887e-10,0.048207,0.059781
1.0076e-10,0.048137,0.059832
8.3117e-11,0.048068,0.059881
6.5978e-11,0.048002,0.059928
4.9389e-11,0.047938,0.059973
3.3388e-11,0.047876,0.060016
1.8009e-11,0.047817,0.060057
3.2831e-12,0.047761,0.060096
-1.0765e-11,0.047708,0.060133
-2.4112e-11,0.047658,0.060168
-3.674e-11,0.047611,0.060201
-4.8634e-11,0.047568,0.060232
-5.9782e-11,0.047529,0.06026
-7.0176e-11,0.047493,0.060287
-7.9812e-11,0.047461,0.060311
-8.8689e-11,0.047433,0.060333
-9.6807e-11,0.04741,0.060353
-1.0417e-10,0.04739,0.060371
-1.1079e-10,0.047375,0.060387
-1.1667e-10,0.047365,0.060401
-1.2182e-10,0.047358,0.060413
-1.2626e-10,0.047357,0.060422
-1.3001e-10,0.04736,0.060429
-1.3308e-10,0.047367,0.060435
-1.3549e-10,0.04738,0.060438
-1.3727e-10,0.047397,0.060439
-1.3844e-10,0.047418,0.060438
-1.3902e-10,0.047444,0.060435
-1.3903e-10,0.047475,0.06043
-1.3851e-10,0.047511,0.060423
-1.3748e-10,0.047551,0.060414
-1.3596e-10,0.047595,0.060402
-1.34e-10,0.047644,0.060389
-1.3161e-10,0.047698,0.060374
-1.2882e-10,0.047755,0.060357
-1.2567e-10,0.047816,0.060338
-1.2219e-10,0.047882,0.060316
-1.1839e-10,0.047951,0.060293
-1.1432e-10,0.048024,0.060269
-1.1e-10,0.0481,0.060242
-1.0545e-10,0.048179,0.060213
-1.0072e-10,0.048262,0.060183
-9.5814e-11,0.048347,0.06015
-9.0773e-11,0.048436,0.060116
-8.5618e-11,0.048526,0.060081
-8.0375e-11,0.048619,0.060043
-7.5069e-11,0.048714,0.060004
-6.9722e-11,0.048811,0.059963
-6.4357e-11,0.048909,0.059921
-5.8997e-11,0.049008,0.059877
-5.366e-11,0.049109,0.059832
-4.8367e-11,0.04921,0.059785
-4.3136e-11,0.049312,0.059737
-3.7984e-11,0.049414,0.059687
-3.2928e-11,0.049516,0.059637
-2.7982e-11,0.049618,0.059585
-2.316e-11,0.049719,0.059532
-1.8475e-11,0.04982,0.059478
-1.3939e-11,0.04992,0.059423
-9.5626e-12,0.050018,0.059367
-5.3542e-12,0.050115,0.059311
-1.3228e-12,0.05021,0.059253
2.5246e-12,0.050304,0.059195
6.1817e-12,0.050395,0.059137
9.6434e-12,0.050484,0.059078
1.2905e-11,0.05057,0.059018
1.5965e-11,0.050654,0.058958
1.8819e-11,0.050734,0.058899
2.1466e-11,0.050812,0.058839
2.3907e-11,0.050886,0.058779
2.6141e-11,0.050957,0.058719
2.8169e-11,0.051024,0.058659
2.9994e-11,0.051088,0.0586
3.1618e-11,0.051148,0.058541
3.3043e-11,0.051204,0.058482
3.4274e-11,0.051255,0.058424
3.5315e-11,0.051303,0.058367
3.6172e-11,0.051347,0.05831
3.6848e-11,0.051386,0.058255
3.7351e-11,0.051421,0.0582
3.7687e-11,0.051451,0.058147
3.7861e-11,0.051477,0.058094
3.7881e-11,0.051499,0.058043
3.7755e-11,0.051517,0.057993
3.7489e-11,0.051529,0.057945
3.709e-11,0.051538,0.057898
3.6568e-11,0.051542,0.057853
3.5929e-11,0.051542,0.057809
3.5182e-11,0.051537,0.057768
3.4334e-11,0.051529,0.057728
3.3393e-11,0.051516,0.05769
3.2368e-11,0.051499,0.057653
3.1267e-11,0.051478,0.057619
3.0096e-11,0.051453,0.057587
2.8865e-11,0.051424,0.057557
2.758e-11,0.051392,0.05753
2.6249e-11,0.051356,0.057504
2.4879e-11,0.051317,0.057481
2.3478e-11,0.051274,0.05746
2.2052e-11,0.051229,0.057441
2.0608e-11,0.05118,0.057425
1.9152e-11,0.051129,0.05741
1.7691e-11,0.051075,0.057399
1.623e-11,0.051018,0.057389
1.4775e-11,0.050959,0.057382
1.3331e-11,0.050898,0.057377
1.1904e-11,0.050835,0.057374
1.0498e-11,0.05077,0.057374
9.1173e-12,0.050703,0.057375
7.7664e-12,0.050636,0.057379
6.4489e-12,0.050566,0.057385
5.1683e-12,0.050496,0.057393
3.9279e-12,0.050425,0.057403
2.7306e-12,0.050353,0.057414
1.5789e-12,0.050281,0.057428
4.7517e-13,0.050209,0.057443
-5.7861e-13,0.050136,0.05746
-1.5807e-12,0.050063,0.057478
-2.5297e-12,0.049991,0.057498
-3.4245e-12,0.049919,0.057519
-4.264e-12,0.049848,0.057541
-5.0477e-12,0.049777,0.057565
-5.7752e-12,0.049708,0.057589
-6.4464e-12,0.049639,0.057614
-7.0611e-12,0.049572,0.05764
-7.6199e-12,0.049507,0.057667
-8.123e-12,0.049442,0.057694
-8.5713e-12,0.04938,0.057721
-8.9654e-12,0.04932,0.057749
-9.3065e-12,0.049261,0.057777
-9.5958e-12,0.049205,0.057805
-9.8345e-12,0.049151,0.057832
-1.0024e-11,0.049099,0.05786
-1.0166e-11,0.04905,0.057887
-1.0262e-11,0.049003,0.057914
-1.0314e-11,0.048959,0.057941
-1.0324e-11,0.048918,0.057966
-1.0294e-11,0.048879,0.057991
-1.0225e-11,0.048843,0.058016
-1.0121e-11,0.04881,0.058039
-9.9817e-12,0.04878,0.058062
-9.8108e-12,0.048753,0.058084
-9.6101e-12,0.048729,0.058105
-9.3818e-12,0.048707,0.058125
-9.128e-12,0.048688,0.058143
-8.8508e-12,0.048672,0.058161
-8.5526e-12,0.048659,0.058178
-8.2354e-12,0.048649,0.058193
-7.9013e-12,0.048641,0.058207
-7.5523e-12,0.048635,0.058221
-7.1906e-12,0.048632,0.058233
-6.8182e-12,0.048632,0.058244
-6.4368e-12,0.048634,0.058254
-6.0486e-12,0.048637,0.058263
-5.6552e-12,0.048643,0.058271
-5.2584e-12,0.048651,0.058278
-4.8599e-12,0.04866,0.058284
-4.4613e-12,0.048671,0.05829
-4.0642e-12,0.048684,0.058294
-3.67e-12,0.048697,0.058298
-3.2802e-12,0.048712,0.058302
-2.8959e-12,0.048728,0.058304
-2.5184e-12,0.048744,0.058306
-2.1489e-12,0.048761,0.058308
-1.7884e-12,0.048779,0.058309
-1.4379e-12,0.048797,0.05831
-1.0982e-12,0.048815,0.05831
-7.7014e-13,0.048833,0.05831
-4.5448e-13,0.048851,0.058311
-1.5183e-13,0.048868,0.058311
1.3725e-13,0.048885,0.058311
4.1229e-13,0.048901,0.05831
6.7288e-13,0.048916,0.05831
9.187e-13,0.048931,0.058311
1.1495e-12,0.048944,0.058311
1.365e-12,0.048956,0.058311
1.5653e-12,0.048967,0.058312
1.7501e-12,0.048976,0.058313
1.9196e-12,0.048984,0.058314
2.0737e-12,0.04899,0.058316
2.2126e-12,0.048994,0.058318
2.3365e-12,0.048997,0.05832
2.4456e-12,0.048998,0.058323
2.5401e-12,0.048997,0.058326
2.6205e-12,0.048993,0.058329
2.6869e-12,0.048988,0.058333
2.7399e-12,0.048981,0.058337
2.7798e-12,0.048972,0.058342
2.8071e-12,0.048961,0.058346
2.8223e-12,0.048948,0.058352
2.8259e-12,0.048933,0.058357
2.8184e-12,0.048916,0.058363
2.8003e-12,0.048897,0.058369
2.7722e-12,0.048876,0.058375
2.7346e-12,0.048853,0.058381
2.6883e-12,0.048829,0.058388
2.6336e-12,0.048802,0.058394
2.5713e-12,0.048775,0.058401
2.5019e-12,0.048745,0.058407
2.4261e-12,0.048715,0.058414
2.3443e-12,0.048683,0.05842
2.2572e-12,0.04865,0.058426
2.1654e-12,0.048616,0.058432
2.0694e-12,0.048581,0.058438
1.9697e-12,0.048545,0.058443
1.8671e-12,0.048508,0.058448
1.7619e-12,0.048472,0.058453
1.6546e-12,0.048434,0.058457
1.5459e-12,0.048397,0.05846
1.4361e-12,0.04836,0.058464
1.3258e-12,0.048323,0.058466
1.2153e-12,0.048286,0.058469
1.1052e-12,0.04825,0.05847
9.9575e-13,0.048214,0.058471
8.8742e-13,0.04818,0.058472
7.8055e-13,0.048146,0.058471
6.7548e-13,0.048114,0.058471
5.7254e-13,0.048082,0.058469
4.7202e-13,0.048053,0.058468
3.7419e-13,0.048025,0.058465
2.793e-13,0.047999,0.058462
1.8758e-13,0.047975,0.058459
9.9248e-14,0.047954,0.058455
1.4478e-14,0.047934,0.058451
-6.6562e-14,0.047917,0.058446
-1.4373e-13,0.047902,0.058441
-2.169e-13,0.04789,0.058436
-2.8598e-13,0.047881,0.05843
-3.5088e-13,0.047875,0.058424
-4.1153e-13,0.047872,0.058419
-4.679e-13,0.047871,0.058413
-5.1995e-13,0.047874,0.058406
-5.6767e-13,0.04788,0.0584
-6.1107e-13,0.047889,0.058395
-6.5017e-13,0.047901,0.058389
-6.85e-13,0.047916,0.058383
-7.1561e-13,0.047935,0.058378
-7.4206e-13,0.047957,0.058373
-7.6443e-13,0.047982,0.058368
-7.828e-13,0.04801,0.058364
-7.9726e-13,0.048041,0.05836
-8.0792e-13,0.048075,0.058357
-8.149e-13,0.048113,0.058355
-8.1831e-13,0.048153,0.058353
-8.1829e-13,0.048196,0.058352
-8.1496e-13,0.048242,0.058351
-8.0848e-13,0.04829,0.058351
-7.9898e-13,0.048341,0.058352
-7.8661e-13,0.048394,0.058354
-7.7154e-13,0.04845,0.058356
-7.5391e-13,0.048507,0.058359
-7.3389e-13,0.048567,0.058363
-7.1163e-13,0.048628,0.058368
-6.873e-13,0.048691,0.058374
-6.6106e-13,0.048755,0.05838
-6.3307e-13,0.04882,0.058388
-6.0349e-13,0.048886,0.058396
-5.7248e-13,0.048953,0.058405
-5.402e-13,0.049021,0.058414
-5.0682e-13,0.049089,0.058425
-4.7247e-13,0.049157,0.058436
-4.3732e-13,0.049225,0.058447
-4.0152e-13,0.049293,0.05846
-3.652e-13,0.049361,0.058473
-3.2853e-13,0.049428,0.058486
-2.9162e-13,0.049494,0.0585
-2.5462e-13,0.049559,0.058514
-2.1767e-13,0.049623,0.058529
-1.8088e-13,0.049685,0.058545
-1.4438e-13,0.049746,0.05856
-1.0829e-13,0.049805,0.058576
-7.2728e-14,0.049862,0.058592
-3.7794e-14,0.049917,0.058609
-3.5969e-15,0.049969,0.058625
2.9764e-14,0.050019,0.058642
6.2193e-14,0.050067,0.058658
9.36e-14,0.050112,0.058675
1.239e-13,0.050153,0.058691
1.5301e-13,0.050192,0.058707
1.8086e-13,0.050228,0.058723
2.0736e-13,0.05026,0.058739
2.3247e-13,0.050289,0.058754
2.5611e-13,0.050315,0.058769
2.7823e-13,0.050337,0.058784
2.9877e-13,0.050355,0.058798
3.1768e-13,0.05037,0.058811
3.3492e-13,0.050381,0.058824
3.5046e-13,0.050389,0.058837
3.6425e-13,0.050393,0.058848
3.7626e-13,0.050393,0.05886
3.8647e-13,0.050389,0.05887
3.9485e-13,0.050381,0.058879
4.0138e-13,0.05037,0.058888
4.0606e-13,0.050355,0.058896
4.0887e-13,0.050337,0.058903
4.098e-13,0.050314,0.05891
4.0885e-13,0.050289,0.058915
4.0602e-13,0.050259,0.05892
4.0133e-13,0.050227,0.058924
3.9477e-13,0.050191,0.058927
3.8637e-13,0.050152,0.058929
3.7614e-13,0.05011,0.05893
3.641e-13,0.050064,0.05893
3.5029e-13,0.050017,0.05893
3.3473e-13,0.049966,0.058929
3.1745e-13,0.049913,0.058927
2.9851e-13,0.049857,0.058924
2.7794e-13,0.049799,0.058921
2.5579e-13,0.049739,0.058916
2.3211e-13,0.049677,0.058912
2.0697e-13,0.049614,0.058906
1.8042e-13,0.049549,0.058901
1.5253e-13,0.049482,0.058894
1.2338e-13,0.049414,0.058887
9.3031e-14,0.049346,0.05888
6.1575e-14,0.049276,0.058873
2.9094e-14,0.049206,0.058865
-4.3207e-15,0.049135,0.058857
-3.8574e-14,0.049064,0.058849
-7.3566e-14,0.048994,0.05884
-1.0919e-13,0.048923,0.058832
-1.4534e-13,0.048852,0.058824
-1.819e-13,0.048783,0.058816
-2.1875e-13,0.048714,0.058808
-2.5577e-13,0.048645,0.058801
-2.9284e-13,0.048578,0.058794
-3.2981e-13,0.048513,0.058787
-3.6655e-13,0.048448,0.058781
-4.0293e-13,0.048386,0.058775
-4.388e-13,0.048325,0.05877
-4.7402e-13,0.048266,0.058766
-5.0843e-13,0.048209,0.058762
-5.4188e-13,0.048154,0.05876
-5.7422e-13,0.048102,0.058758
-6.0528e-13,0.048053,0.058757
-6.3492e-13,0.048006,0.058757
-6.6296e-13,0.047962,0.058759
-6.8926e-13,0.047921,0.058761
-7.1363e-13,0.047883,0.058765
-7.3593e-13,0.047848,0.05877
-7.5599e-13,0.047816,0.058776
-7.7364e-13,0.047788,0.058784
-7.8874e-13,0.047763,0.058793
-8.0112e-13,0.047741,0.058803
-8.1063e-13,0.047723,0.058815
-8.1712e-13,0.047708,0.058827
-8.2044e-13,0.047697,0.058842
-8.2045e-13,0.047689,0.058857
-8.1701e-13,0.047685,0.058874
-8.1e-13,0.047684,0.058893
-7.993e-13,0.047687,0.058912
-7.8478e-13,0.047694,0.058933
-7.6635e-13,0.047704,0.058955
-7.4391e-13,0.047717,0.058978
-7.1737e-13,0.047734,0.059003
-6.8667e-13,0.047754,0.059028
-6.5173e-13,0.047777,0.059055
-6.1251e-13,0.047803,0.059082
-5.6898e-13,0.047833,0.059111
-5.2112e-13,0.047865,0.05914
-4.6891e-13,0.047901,0.05917
-4.1238e-13,0.047939,0.059201
-3.5154e-13,0.047979,0.059232
-2.8645e-13,0.048023,0.059264
-2.1717e-13,0.048068,0.059296
-1.4378e-13,0.048116,0.059329
-6.6386e-14,0.048166,0.059361
1.4892e-14,0.048218,0.059394
9.991e-14,0.048271,0.059427
1.885e-13,0.048326,0.05946
2.8049e-13,0.048383,0.059493
3.7565e-13,0.048441,0.059525
4.7377e-13,0.048499,0.059557
5.7459e-13,0.048559,0.059589
6.7783e-13,0.048619,0.05962
7.832e-13,0.04868,0.059651
8.9038e-13,0.048742,0.059681
9.9903e-13,0.048803,0.059711
1.1088e-12,0.048864,0.059739
1.2192e-12,0.048925,0.059767
1.33e-12,0.048986,0.059794
1.4407e-12,0.049046,0.05982
1.5508e-12,0.049105,0.059845
1.6598e-12,0.049164,0.059869
1.7673e-12,0.049221,0.059892
1.8729e-12,0.049277,0.059913
1.9758e-12,0.049331,0.059934
2.0757e-12,0.049384,0.059954
2.172e-12,0.049435,0.059972
2.2641e-12,0.049484,0.05999
2.3514e-12,0.049531,0.060006
2.4334e-12,0.049576,0.060021
2.5095e-12,0.049619,0.060036
2.5791e-12,0.049659,0.060049
2.6416e-12,0.049697,0.060061
2.6964e-12,0.049732,0.060072
2.7429e-12,0.049765,0.060083
2.7805e-12,0.049795,0.060092
2.8086e-12,0.049821,0.060101
2.8268e-12,0.049846,0.060109
2.8343e-12,0.049867,0.060116
2.8307e-12,0.049885,0.060123
2.8155e-12,0.0499,0.060129
2.788e-12,0.049913,0.060135
2.748e-12,0.049922,0.06014
2.6948e-12,0.049929,0.060145
2.6281e-12,0.049932,0.06015
2.5475e-12,0.049933,0.060155
2.4527e-12,0.049931,0.06016
2.3432e-12,0.049926,0.060164
2.2189e-12,0.049918,0.060169
2.0796e-12,0.049908,0.060174
1.925e-12,0.049895,0.06018
1.755e-12,0.049879,0.060186
1.5696e-12,0.049861,0.060192
1.3687e-12,0.049841,0.060199
1.1525e-12,0.049819,0.060207
9.2099e-13,0.049794,0.060215
6.7441e-13,0.049768,0.060225
4.1301e-13,0.049739,0.060235
1.3712e-13,0.049709,0.060246
-1.5285e-13,0.049677,0.060258
-4.5643e-13,0.049644,0.060272
-7.7305e-13,0.049609,0.060286
-1.1021e-12,0.049573,0.060302
-1.4428e-12,0.049536,0.060319
-1.7944e-12,0.049497,0.060338
-2.156e-12,0.049458,0.060358
-2.5266e-12,0.049418,0.060379
-2.9053e-12,0.049378,0.060402
-3.2907e-12,0.049337,0.060426
-3.6818e-12,0.049295,0.060452
-4.0771e-12,0.049254,0.060479
-4.4754e-12,0.049212,0.060507
-4.8752e-12,0.04917,0.060537
-5.2749e-12,0.049128,0.060568
-5.6728e-12,0.049086,0.060601
-6.0674e-12,0.049044,0.060635
-6.4568e-12,0.049003,0.06067
-6.8393e-12,0.048963,0.060707
-7.2129e-12,0.048923,0.060744
-7.5756e-12,0.048883,0.060783
-7.9256e-12,0.048845,0.060822
-8.2607e-12,0.048807,0.060863
-8.5788e-12,0.04877,0.060904
-8.8779e-12,0.048734,0.060946
-9.1558e-12,0.0487,0.060988
-9.4104e-12,0.048666,0.061031
-9.6393e-12,0.048634,0.061074
-9.8406e-12,0.048603,0.061117
-1.0012e-11,0.048574,0.06116
-1.0151e-11,0.048546,0.061203
-1.0256e-11,0.048519,0.061246
-1.0325e-11,0.048495,0.061289
-1.0355e-11,0.048471,0.061331
-1.0345e-11,0.04845,0.061372
-1.0293e-11,0.04843,0.061413
-1.0196e-11,0.048413,0.061453
-1.0054e-11,0.048397,0.061491
-9.8637e-12,0.048383,0.061529
-9.6242e-12,0.04837,0.061566
-9.334e-12,0.04836,0.061601
-8.9918e-12,0.048352,0.061634
-8.5963e-12,0.048345,0.061666
-8.1466e-12,0.048341,0.061696
-7.6419e-12,0.048339,0.061725
-7.0814e-12,0.048338,0.061752
-6.4647e-12,0.048339,0.061777
-5.7914e-12,0.048343,0.0618
-5.0616e-12,0.048348,0.061821
-4.2755e-12,0.048355,0.06184
-3.4333e-12,0.048364,0.061857
-2.5358e-12,0.048375,0.061871
-1.5838e-12,0.048387,0.061884
-5.7862e-13,0.048401,0.061895
4.7841e-13,0.048417,0.061904
1.5855e-12,0.048434,0.06191
2.7408e-12,0.048453,0.061915
3.9418e-12,0.048473,0.061918
5.186e-12,0.048494,0.061919
6.4704e-12,0.048516,0.061918
7.792e-12,0.048539,0.061915
9.1471e-12,0.048563,0.061911
1.0532e-11,0.048588,0.061905
1.1942e-11,0.048614,0.061898
1.3374e-11,0.04864,0.061889
1.4822e-11,0.048666,0.061879
1.6281e-11,0.048693,0.061868
1.7746e-11,0.04872,0.061856
1.9212e-11,0.048747,0.061842
2.0672e-11,0.048773,0.061829
2.2121e-11,0.0488,0.061814
2.3551e-11,0.048825,0.061799
2.4956e-11,0.048851,0.061783
2.633e-11,0.048875,0.061768
2.7665e-11,0.048899,0.061752
2.8954e-11,0.048921,0.061736
3.0189e-11,0.048942,0.06172
3.1363e-11,0.048962,0.061704
3.2468e-11,0.048981,0.061689
3.3495e-11,0.048998,0.061675
3.4439e-11,0.049013,0.06166
3.5289e-11,0.049026,0.061647
3.6038e-11,0.049038,0.061634
3.6679e-11,0.049047,0.061622
3.7203e-11,0.049054,0.061612
3.7602e-11,0.049059,0.061602
3.7869e-11,0.049062,0.061593
3.7995e-11,0.049062,0.061585
3.7975e-11,0.04906,0.061579
3.78e-11,0.049056,0.061574
3.7463e-11,0.049048,0.06157
3.6958e-11,0.049038,0.061567
3.6279e-11,0.049026,0.061566
3.542e-11,0.049011,0.061566
3.4375e-11,0.048993,0.061567
3.314e-11,0.048972,0.061569
3.171e-11,0.048949,0.061572
3.0081e-11,0.048923,0.061576
2.8251e-11,0.048895,0.061582
2.6216e-11,0.048864,0.061588
2.3975e-11,0.04883,0.061595
2.1527e-11,0.048794,0.061603
1.8871e-11,0.048755,0.061612
1.6008e-11,0.048714,0.061621
1.2939e-11,0.048671,0.06163
9.6667e-12,0.048625,0.06164
6.1943e-12,0.048578,0.06165
2.5259e-12,0.048528,0.06166
-1.3333e-12,0.048476,0.06167
-5.3772e-12,0.048423,0.061679
-9.5985e-12,0.048367,0.061688
-1.3989e-11,0.048311,0.061697
-1.8539e-11,0.048252,0.061705
-2.3238e-11,0.048193,0.061711
-2.8074e-11,0.048132,0.061717
-3.3035e-11,0.04807,0.061722
-3.8107e-11,0.048008,0.061725
-4.3274e-11,0.047944,0.061727
-4.8521e-11,0.04788,0.061727
-5.383e-11,0.047816,0.061726
-5.9183e-11,0.047751,0.061722
-6.456e-11,0.047686,0.061717
-6.9941e-11,0.047621,0.061709
-7.5303e-11,0.047557,0.0617
-8.0626e-11,0.047492,0.061688
-8.5884e-11,0.047428,0.061673
-9.1054e-11,0.047365,0.061656
-9.6111e-11,0.047303,0.061637
-1.0103e-10,0.047241,0.061615
-1.0578e-10,0.047181,0.06159
-1.1033e-10,0.047122,0.061563
-1.1467e-10,0.047064,0.061532
-1.1875e-10,0.047008,0.061499
-1.2256e-10,0.046953,0.061464
-1.2606e-10,0.0469,0.061425
-1.2922e-10,0.046849,0.061384
-1.3201e-10,0.0468,0.06134
-1.344e-10,0.046754,0.061294
-1.3638e-10,0.046709,0.061244
-1.3789e-10,0.046667,0.061192
-1.3893e-10,0.046627,0.061138
-1.3945e-10,0.046589,0.061081
-1.3943e-10,0.046555,0.061021
-1.3885e-10,0.046522,0.06096
-1.3768e-10,0.046493,0.060896
-1.359e-10,0.046466,0.060829
-1.3348e-10,0.046442,0.060761
-1.304e-10,0.046421,0.060691
-1.2664e-10,0.046403,0.060619
-1.2218e-10,0.046388,0.060545
-1.1701e-10,0.046375,0.060469
-1.1111e-10,0.046366,0.060392
-1.0447e-10,0.04636,0.060314
-9.7085e-11,0.046356,0.060234
-8.8941e-11,0.046356,0.060154
-8.0037e-11,0.046358,0.060072
-7.037e-11,0.046364,0.059989
-5.9943e-11,0.046372,0.059906
-4.8761e-11,0.046383,0.059821
-3.683e-11,0.046397,0.059737
-2.4163e-11,0.046413,0.059652
-1.0774e-11,0.046433,0.059567
3.317e-12,0.046455,0.059481
1.8089e-11,0.046479,0.059396
3.3515e-11,0.046506,0.05931
4.9565e-11,0.046536,0.059225
6.6205e-11,0.046568,0.05914
8.3396e-11,0.046602,0.059056
1.011e-10,0.046638,0.058972
1.1926e-10,0.046676,0.058889
1.3784e-10,0.046717,0.058806
1.5677e-10,0.046759,0.058725
1.76e-10,0.046803,0.058644
1.9547e-10,0.046848,0.058564
2.151e-10,0.046895,0.058486
2.3484e-10,0.046944,0.058409
2.5459e-10,0.046994,0.058333
2.7429e-10,0.047045,0.058258
2.9384e-10,0.047097,0.058185
3.1318e-10,0.04715,0.058114
3.322e-10,0.047203,0.058044
3.5081e-10,0.047258,0.057976
3.6892e-10,0.047313,0.05791
3.8643e-10,0.047368,0.057846
4.0324e-10,0.047424,0.057784
4.1924e-10,0.047479,0.057725
4.3434e-10,0.047535,0.057667
4.4843e-10,0.047591,0.057612
4.6139e-10,0.047646,0.05756
4.7313e-10,0.047702,0.05751
4.8354e-10,0.047756,0.057463
4.925e-10,0.04781,0.057419
4.9991e-10,0.047864,0.057378
5.0566e-10,0.047916,0.05734
5.0966e-10,0.047968,0.057305
5.1178e-10,0.048019,0.057273
5.1195e-10,0.048068,0.057245
5.1005e-10,0.048117,0.05722
5.06e-10,0.048164,0.057199
4.997e-10,0.04821,0.057182
4.9106e-10,0.048254,0.057169
4.8002e-10,0.048297,0.057159
4.665e-10,0.048338,0.057154
4.5042e-10,0.048378,0.057153
4.3173e-10,0.048416,0.057156
4.1037e-10,0.048452,0.057164
3.863e-10,0.048487,0.057176
3.5948e-10,0.04852,0.057193
3.2989e-10,0.048551,0.057214
2.9751e-10,0.04858,0.057241
2.6233e-10,0.048608,0.057272
2.2436e-10,0.048634,0.057308
1.8361e-10,0.048658,0.057349
1.4011e-10,0.04868,0.057395
9.3905e-11,0.0487,0.057445
4.5043e-11,0.048719,0.057501
-6.4063e-12,0.048736,0.057562
-6.0364e-11,0.048751,0.057628
-1.1673e-10,0.048765,0.057699
-1.7541e-10,0.048777,0.057775
-2.3626e-10,0.048788,0.057856
-2.9916e-10,0.048797,0.057942
-3.6394e-10,0.048804,0.058033
-4.3044e-10,0.048811,0.058128
-4.9847e-10,0.048816,0.058228
-5.6784e-10,0.04882,0.058333
-6.3833e-10,0.048822,0.058442
-7.0971e-10,0.048824,0.058555
-7.8173e-10,0.048824,0.058672
-8.5414e-10,0.048824,0.058794
-9.2666e-10,0.048823,0.058919
-9.99e-10,0.048821,0.059047
-1.0709e-09,0.048818,0.059179
-1.1419e-09,0.048815,0.059315
-1.2119e-09,0.048811,0.059453
-1.2804e-09,0.048807,0.059593
-1.3471e-09,0.048802,0.059737
-1.4116e-09,0.048797,0.059882
-1.4736e-09,0.048792,0.060029
-1.5327e-09,0.048786,0.060178
-1.5885e-09,0.048781,0.060328
-1.6407e-09,0.048775,0.060479
-1.6887e-09,0.048769,0.060631
-1.7323e-09,0.048764,0.060783
-1.7711e-09,0.048759,0.060936
-1.8046e-09,0.048753,0.061088
-1.8324e-09,0.048748,0.06124
-1.8542e-09,0.048744,0.061391
-1.8696e-09,0.048739,0.06154
-1.8782e-09,0.048736,0.061689
-1.8796e-09,0.048732,0.061835
-1.8735e-09,0.048729,0.06198
-1.8595e-09,0.048726,0.062122
-1.8373e-09,0.048724,0.062261
-1.8065e-09,0.048723,0.062397
-1.767e-09,0.048722,0.062531
-1.7183e-09,0.048721,0.06266
-1.6603e-09,0.048721,0.062786
-1.5928e-09,0.048722,0.062907
-1.5155e-09,0.048723,0.063025
-1.4282e-09,0.048725,0.063137
-1.3309e-09,0.048727,0.063245
-1.2234e-09,0.04873,0.063348
-1.1056e-09,0.048733,0.063445
-9.776e-10,0.048737,0.063537
-8.3932e-10,0.048742,0.063623
-6.9084e-10,0.048747,0.063704
-5.3226e-10,0.048752,0.063778
-3.6372e-10,0.048758,0.063846
-1.8541e-10,0.048764,0.063908
2.4334e-12,0.048771,0.063964
1.9952e-10,0.048778,0.064013
4.0549e-10,0.048786,0.064055
6.1998e-10,0.048794,0.064091
8.4251e-10,0.048802,0.06412
1.0726e-09,0.048811,0.064142
1.3097e-09,0.048819,0.064157
1.5531e-09,0.048828,0.064165
1.8023e-09,0.048838,0.064167
2.0565e-09,0.048847,0.064161
2.3148e-09,0.048857,0.064149
2.5765e-09,0.048867,0.06413
2.8407e-09,0.048877,0.064104
3.1064e-09,0.048887,0.064072
3.3726e-09,0.048897,0.064033
3.6383e-09,0.048907,0.063987
3.9023e-09,0.048918,0.063935
4.1636e-09,0.048928,0.063876
4.4209e-09,0.048938,0.063812
4.673e-09,0.048948,0.063741
4.9187e-09,0.048959,0.063665
5.1565e-09,0.048969,0.063582
5.3852e-09,0.048979,0.063494
5.6034e-09,0.048988,0.063401
5.8096e-09,0.048998,0.063303
6.0025e-09,0.049007,0.063199
6.1807e-09,0.049016,0.06309
6.3426e-09,0.049025,0.062977
6.4869e-09,0.049034,0.06286
6.612e-09,0.049042,0.062738
6.7165e-09,0.049049,0.062612
6.7991e-09,0.049057,0.062483
6.8582e-09,0.049063,0.06235
6.8925e-09,0.049069,0.062214
6.9006e-09,0.049075,0.062075
6.8812e-09,0.049079,0.061933
6.833e-09,0.049083,0.061788
6.7548e-09,0.049087,0.061642
6.6455e-09,0.049089,0.061493
6.5039e-09,0.04909,0.061342
6.329e-09,0.049091,0.06119
6.1199e-09,0.04909,0.061037
5.8758e-09,0.049089,0.060883
5.5959e-09,0.049086,0.060728
5.2796e-09,0.049082,0.060573
4.9263e-09,0.049076,0.060418
4.5358e-09,0.04907,0.060262
4.1077e-09,0.049062,0.060107
3.6418e-09,0.049052,0.059953
3.1384e-09,0.049041,0.059799
2.5974e-09,0.049029,0.059646
2.0193e-09,0.049015,0.059495
1.4046e-09,0.048999,0.059346
7.539e-10,0.048981,0.059198
6.8137e-11,0.048962,0.059052
-6.5167e-10,0.048941,0.058908
-1.4043e-09,0.048919,0.058767
-2.1883e-09,0.048894,0.058628
-3.002e-09,0.048868,0.058492
-3.8437e-09,0.04884,0.058359
-4.7113e-09,0.04881,0.058229
-5.6025e-09,0.048779,0.058103
-6.515e-09,0.048745,0.05798
-7.4461e-09,0.04871,0.057861
-8.3929e-09,0.048673,0.057746
-9.3524e-09,0.048635,0.057634
-1.0321e-08,0.048594,0.057527
-1.1296e-08,0.048553,0.057424
-1.2273e-08,0.048509,0.057325
-1.3249e-08,0.048464,0.057231
-1.4219e-08,0.048418,0.057141
-1.518e-08,0.04837,0.057056
-1.6126e-08,0.048321,0.056975
-1.7054e-08,0.048271,0.056899
-1.7958e-08,0.04822,0.056828
-1.8834e-08,0.048168,0.056762
-1.9678e-08,0.048114,0.056701
-2.0483e-08,0.04806,0.056645
-2.1245e-08,0.048005,0.056593
-2.1959e-08,0.04795,0.056547
-2.2619e-08,0.047894,0.056506
-2.322e-08,0.047838,0.056469
-2.3757e-08,0.047781,0.056438
-2.4224e-08,0.047725,0.056412
-2.4616e-08,0.047668,0.05639
-2.4928e-08,0.047612,0.056374
-2.5155e-08,0.047555,0.056362
-2.5291e-08,0.047499,0.056356
-2.5331e-08,0.047444,0.056354
-2.5271e-08,0.047389,0.056358
-2.5106e-08,0.047335,0.056366
-2.4831e-08,0.047282,0.056378
-2.4442e-08,0.047229,0.056396
-2.3935e-08,0.047178,0.056418
-2.3307e-08,0.047128,0.056445
-2.2553e-08,0.047079,0.056476
-2.1671e-08,0.047032,0.056511
-2.0657e-08,0.046986,0.056551
-1.9511e-08,0.046942,0.056595
-1.8229e-08,0.0469,0.056643
-1.681e-08,0.046859,0.056695
-1.5253e-08,0.04682,0.056752
-1.3558e-08,0.046783,0.056812
-1.1725e-08,0.046748,0.056875
-9.7536e-09,0.046716,0.056942
-7.6461e-09,0.046685,0.057013
-5.4037e-09,0.046656,0.057087
-3.0292e-09,0.04663,0.057165
-5.2537e-10,0.046606,0.057245
2.1038e-09,0.046585,0.057328
4.854e-09,0.046566,0.057414
7.72e-09,0.046549,0.057503
1.0696e-08,0.046534,0.057594
1.3775e-08,0.046522,0.057688
1.695e-08,0.046512,0.057784
2.0213e-08,0.046505,0.057882
2.3555e-08,0.0465,0.057982
2.6967e-08,0.046497,0.058083
3.0437e-08,0.046497,0.058187
3.3955e-08,0.046499,0.058292
3.7509e-08,0.046504,0.058398
4.1087e-08,0.046511,0.058505
4.4674e-08,0.04652,0.058614
4.8257e-08,0.046531,0.058723
5.1822e-08,0.046544,0.058833
5.5353e-08,0.04656,0.058944
5.8834e-08,0.046577,0.059055
6.2248e-08,0.046596,0.059166
6.5579e-08,0.046618,0.059278
6.8809e-08,0.046641,0.059389
7.1919e-08,0.046666,0.059501
7.4892e-08,0.046693,0.059612
7.7709e-08,0.046721,0.059723
8.035e-08,0.046751,0.059833
8.2796e-08,0.046782,0.059943
8.5028e-08,0.046815,0.060052
8.7025e-08,0.046849,0.060159
8.877e-08,0.046884,0.060266
9.0241e-08,0.046921,0.060372
9.142e-08,0.046958,0.060476
9.2287e-08,0.046996,0.060579
9.2824e-08,0.047035,0.06068
9.3012e-08,0.047074,0.060779
9.2833e-08,0.047115,0.060876
9.227e-08,0.047155,0.060972
9.1306e-08,0.047196,0.061065
8.9925e-08,0.047237,0.061156
8.8113e-08,0.047278,0.061245
8.5855e-08,0.047319,0.061331
8.3139e-08,0.04736,0.061415
7.9952e-08,0.047401,0.061496
7.6286e-08,0.047441,0.061574
7.213e-08,0.047481,0.061649
6.7478e-08,0.04752,0.061722
6.2325e-08,0.047559,0.061791
5.6665e-08,0.047597,0.061857
5.0497e-08,0.047634,0.06192
4.3821e-08,0.047669,0.061979
3.6639e-08,0.047704,0.062035
2.8956e-08,0.047738,0.062087
2.0776e-08,0.04777,0.062136
1.211e-08,0.047801,0.062182
2.9676e-09,0.04783,0.062223
-6.6371e-09,0.047858,0.062261
-1.6688e-08,0.047884,0.062295
-2.7167e-08,0.047908,0.062325
-3.8052e-08,0.04793,0.062351
-4.932e-08,0.047951,0.062374
-6.0944e-08,0.04797,0.062392
-7.2894e-08,0.047987,0.062407
-8.5138e-08,0.048001,0.062418
-9.7641e-08,0.048014,0.062425
-1.1037e-07,0.048025,0.062428
-1.2327e-07,0.048033,0.062427
-1.3631e-07,0.04804,0.062422
-1.4945e-07,0.048044,0.062413
-1.6263e-07,0.048046,0.062401
-1.758e-07,0.048046,0.062385
-1.8891e-07,0.048044,0.062365
-2.019e-07,0.04804,0.062342
-2.1472e-07,0.048034,0.062315
-2.273e-07,0.048026,0.062284
-2.3958e-07,0.048015,0.062251
-2.515e-07,0.048003,0.062214
-2.6299e-07,0.047989,0.062173
-2.7398e-07,0.047974,0.06213
-2.8441e-07,0.047956,0.062084
-2.9421e-07,0.047937,0.062035
-3.033e-07,0.047917,0.061983
-3.1161e-07,0.047895,0.061929
-3.1908e-07,0.047872,0.061873
-3.2562e-07,0.047847,0.061814
-3.3118e-07,0.047822,0.061753
-3.3567e-07,0.047795,0.06169
-3.3903e-07,0.047768,0.061625
-3.4118e-07,0.04774,0.061559
-3.4207e-07,0.047712,0.061492
-3.4162e-07,0.047683,0.061423
-3.3977e-07,0.047654,0.061353
-3.3646e-07,0.047625,0.061283
-3.3163e-07,0.047595,0.061211
-3.2523e-07,0.047566,0.061139
-3.172e-07,0.047538,0.061067
-3.075e-07,0.04751,0.060995
-2.9608e-07,0.047482,0.060923
-2.8292e-07,0.047455,0.060851
-2.6796e-07,0.04743,0.06078
-2.512e-07,0.047405,0.060709
-2.326e-07,0.047382,0.060639
-2.1215e-07,0.04736,0.06057
-1.8984e-07,0.047339,0.060502
-1.6568e-07,0.04732,0.060435
-1.3967e-07,0.047303,0.06037
-1.1182e-07,0.047288,0.060306
-8.2162e-08,0.047275,0.060244
-5.0721e-08,0.047264,0.060183
-1.7539e-08,0.047255,0.060125
1.7336e-08,0.047248,0.060068
5.3844e-08,0.047244,0.060014
9.1918e-08,0.047242,0.059961
1.3148e-07,0.047243,0.059911
1.7244e-07,0.047246,0.059863
2.1471e-07,0.047252,0.059817
2.5817e-07,0.047261,0.059774
3.0271e-07,0.047272,0.059733
3.482e-07,0.047287,0.059694
3.945e-07,0.047304,0.059658
4.4147e-07,0.047323,0.059624
4.8894e-07,0.047346,0.059592
5.3675e-07,0.047371,0.059563
5.8471e-07,0.047398,0.059536
6.3265e-07,0.047429,0.059511
6.8037e-07,0.047462,0.059488
7.2765e-07,0.047498,0.059467
7.7429e-07,0.047536,0.059448
8.2007e-07,0.047577,0.059431
8.6476e-07,0.04762,0.059416
9.0811e-07,0.047665,0.059403
9.499e-07,0.047713,0.059391
9.8986e-07,0.047762,0.05938
1.0278e-06,0.047814,0.059372
1.0633e-06,0.047868,0.059364
1.0963e-06,0.047923,0.059357
1.1264e-06,0.047981,0.059352
1.1534e-06,0.048039,0.059347
1.1771e-06,0.0481,0.059344
1.1971e-06,0.048161,0.059341
1.2132e-06,0.048224,0.059338
1.2251e-06,0.048288,0.059336
1.2326e-06,0.048353,0.059335
1.2355e-06,0.048418,0.059333
1.2334e-06,0.048485,0.059332
1.2262e-06,0.048551,0.059331
1.2137e-06,0.048619,0.05933
1.1955e-06,0.048686,0.059328
1.1716e-06,0.048753,0.059327
1.1417e-06,0.048821,0.059325
1.1057e-06,0.048888,0.059323
1.0634e-06,0.048954,0.05932
1.0146e-06,0.04902,0.059317
9.5925e-07,0.049086,0.059313
8.9726e-07,0.049151,0.059309
8.2853e-07,0.049215,0.059304
7.5301e-07,0.049277,0.059299
6.7068e-07,0.049339,0.059293
5.8153e-07,0.049399,0.059286
4.8559e-07,0.049458,0.059278
3.8292e-07,0.049516,0.05927
2.736e-07,0.049571,0.059261
1.5776e-07,0.049625,0.059252
3.5535e-08,0.049677,0.059241
-9.2878e-08,0.049727,0.05923
-2.2726e-07,0.049775,0.059219
-3.6736e-07,0.049821,0.059207
-5.1288e-07,0.049865,0.059194
-6.6349e-07,0.049907,0.059181
-8.1883e-07,0.049946,0.059168
-9.7849e-07,0.049983,0.059154
-1.142e-06,0.050017,0.059139
-1.3089e-06,0.050049,0.059125
-1.4787e-06,0.050079,0.05911
-1.6508e-06,0.050106,0.059095
-1.8246e-06,0.05013,0.05908
-1.9995e-06,0.050152,0.059064
-2.1747e-06,0.050171,0.059049
-2.3496e-06,0.050187,0.059034
-2.5235e-06,0.050201,0.059019
-2.6955e-06,0.050212,0.059005
-2.8648e-06,0.050221,0.058991
-3.0306e-06,0.050227,0.058977
-3.192e-06,0.05023,0.058963
-3.3481e-06,0.050231,0.058951
-3.4979e-06,0.050229,0.058939
-3.6405e-06,0.050224,0.058927
-3.775e-06,0.050217,0.058916
-3.9002e-06,0.050207,0.058907
-4.0152e-06,0.050195,0.058898
-4.1189e-06,0.050181,0.05889
-4.2104e-06,0.050164,0.058883
-4.2885e-06,0.050144,0.058877
-4.3522e-06,0.050122,0.058872
-4.4005e-06,0.050098,0.058868
-4.4322e-06,0.050071,0.058866
-4.4464e-06,0.050042,0.058865
-4.4421e-06,0.050011,0.058865
-4.4181e-06,0.049977,0.058866
-4.3736e-06,0.049941,0.058869
-4.3075e-06,0.049903,0.058873
-4.2189e-06,0.049863,0.058878
-4.107e-06,0.049821,0.058885
-3.9708e-06,0.049776,0.058893
-3.8095e-06,0.04973,0.058902
-3.6224e-06,0.049681,0.058913
-3.4087e-06,0.049631,0.058925
-3.1678e-06,0.049579,0.058938
-2.8991e-06,0.049525,0.058952
-2.6021e-06,0.049469,0.058968
-2.2763e-06,0.049411,0.058984
-1.9213e-06,0.049352,0.059002
-1.5369e-06,0.049291,0.05902
-1.1228e-06,0.049229,0.05904
-6.7893e-07,0.049166,0.05906
-2.0529e-07,0.049101,0.059081
2.9807e-07,0.049034,0.059102
8.3097e-07,0.048967,0.059124
1.3931e-06,0.048899,0.059147
1.9841e-06,0.04883,0.05917
2.6035e-06,0.04876,0.059192
3.2507e-06,0.048689,0.059216
3.9248e-06,0.048617,0.059239
4.6251e-06,0.048546,0.059261
5.3507e-06,0.048474,0.059284
6.1004e-06,0.048401,0.059306
6.8731e-06,0.048329,0.059327
7.6674e-06,0.048257,0.059348
8.4819e-06,0.048184,0.059368
9.3151e-06,0.048113,0.059387
1.0165e-05,0.048041,0.059405
1.1031e-05,0.047971,0.059421
1.191e-05,0.047901,0.059436
1.28e-05,0.047832,0.05945
1.37e-05,0.047764,0.059462
1.4607e-05,0.047697,0.059472
1.5519e-05,0.047632,0.05948
1.6434e-05,0.047568,0.059486
1.7349e-05,0.047505,0.05949
1.8261e-05,0.047445,0.059492
1.917e-05,0.047387,0.059491
2.007e-05,0.04733,0.059487
2.0961e-05,0.047276,0.059482
2.184e-05,0.047224,0.059473
2.2703e-05,0.047175,0.059461
2.3549e-05,0.047128,0.059447
2.4374e-05,0.047085,0.05943
2.5176e-05,0.047043,0.05941
2.5952e-05,0.047005,0.059386
2.67e-05,0.04697,0.05936
2.7417e-05,0.046939,0.05933
2.8101e-05,0.04691,0.059298
2.875e-05,0.046885,0.059262
2.936e-05,0.046864,0.059223
2.9931e-05,0.046845,0.059181
3.0459e-05,0.046831,0.059135
3.0943e-05,0.04682,0.059087
3.1381e-05,0.046813,0.059035
3.1772e-05,0.04681,0.058981
3.2114e-05,0.04681,0.058923
3.2405e-05,0.046814,0.058862
3.2645e-05,0.046822,0.058799
3.2833e-05,0.046833,0.058732
3.2967e-05,0.046849,0.058663
3.3048e-05,0.046868,0.058591
3.3075e-05,0.046891,0.058517
3.3048e-05,0.046917,0.05844
3.2967e-05,0.046947,0.058361
3.2833e-05,0.046981,0.05828
3.2645e-05,0.047018,0.058197
3.2405e-05,0.047059,0.058111
3.2114e-05,0.047102,0.058024
3.1772e-05,0.047149,0.057936
3.1381e-05,0.047199,0.057845
3.0943e-05,0.047253,0.057754
3.0459e-05,0.047309,0.057661
2.9931e-05,0.047367,0.057568
2.936e-05,0.047428,0.057473
2.875e-05,0.047492,0.057378
2.8101e-05,0.047558,0.057283
2.7417e-05,0.047626,0.057188
2.67e-05,0.047696,0.057092
2.5952e-05,0.047768,0.056996
2.5176e-05,0.047841,0.056901
2.4374e-05,0.047916,0.056807
2.3549e-05,0.047992,0.056713
2.2703e-05,0.048069,0.05662
2.184e-05,0.048147,0.056529
2.0961e-05,0.048225,0.056438
2.007e-05,0.048304,0.05635
1.917e-05,0.048383,0.056263
1.8261e-05,0.048462,0.056177
1.7349e-05,0.048541,0.056095
1.6434e-05,0.04862,0.056014
1.5519e-05,0.048697,0.055936
1.4607e-05,0.048775,0.055861
1.37e-05,0.048851,0.055788
1.28e-05,0.048925,0.055719
1.191e-05,0.048999,0.055652
1.1031e-05,0.049071,0.055589
1.0165e-05,0.049141,0.05553
9.3151e-06,0.049209,0.055474
8.4819e-06,0.049276,0.055422
7.6674e-06,0.049339,0.055375
6.8731e-06,0.049401,0.055331
6.1004e-06,0.04946,0.055291
5.3507e-06,0.049516,0.055256
4.6251e-06,0.04957,0.055225
3.9248e-06,0.04962,0.055199
3.2507e-06,0.049668,0.055177
2.6035e-06,0.049712,0.05516
1.9841e-06,0.049754,0.055148
1.3931e-06,0.049792,0.055141
8.3097e-07,0.049826,0.055138
2.9807e-07,0.049858,0.055141
-2.0529e-07,0.049885,0.055149
-6.7893e-07,0.04991,0.055161
-1.1228e-06,0.049931,0.055179
-1.5369e-06,0.049949,0.055202
-1.9213e-06,0.049963,0.05523
-2.2763e-06,0.049974,0.055263
-2.6021e-06,0.049981,0.055301
-2.8991e-06,0.049986,0.055345
-3.1678e-06,0.049987,0.055393
-3.4087e-06,0.049985,0.055446
-3.6224e-06,0.04998,0.055505
-3.8095e-06,0.049972,0.055568
-3.9708e-06,0.049961,0.055636
-4.107e-06,0.049947,0.055709
-4.2189e-06,0.049931,0.055786
-4.3075e-06,0.049912,0.055868
-4.3736e-06,0.049891,0.055954
-4.4181e-06,0.049868,0.056045
-4.4421e-06,0.049843,0.05614
-4.4464e-06,0.049815,0.056239
-4.4322e-06,0.049786,0.056343
-4.4005e-06,0.049756,0.05645
-4.3522e-06,0.049724,0.056561
-4.2885e-06,0.049691,0.056675
-4.2104e-06,0.049657,0.056793
-4.1189e-06,0.049622,0.056914
-4.0152e-06,0.049586,0.057038
-3.9002e-06,0.049549,0.057165
-3.775e-06,0.049513,0.057295
-3.6405e-06,0.049475,0.057428
-3.4979e-06,0.049438,0.057563
-3.3481e-06,0.049401,0.0577
-3.192e-06,0.049364,0.057839
-3.0306e-06,0.049328,0.05798
-2.8648e-06,0.049292,0.058123
-2.6955e-06,0.049256,0.058268
-2.5235e-06,0.049222,0.058414
-2.3496e-06,0.049188,0.058561
-2.1747e-06,0.049155,0.058709
-1.9995e-06,0.049123,0.058858
-1.8246e-06,0.049092,0.059007
-1.6508e-06,0.049063,0.059157
-1.4787e-06,0.049035,0.059308
-1.3089e-06,0.049008,0.059458
-1.142e-06,0.048983,0.059608
-9.7849e-07,0.048959,0.059759
-8.1883e-07,0.048937,0.059908
-6.6349e-07,0.048916,0.060057
-5.1288e-07,0.048897,0.060206
-3.6736e-07,0.048879,0.060354
-2.2726e-07,0.048863,0.0605
-9.2878e-08,0.048849,0.060646
3.5535e-08,0.048836,0.06079
1.5776e-07,0.048824,0.060932
2.736e-07,0.048814,0.061074
3.8292e-07,0.048806,0.061213
4.8559e-07,0.048799,0.06135
5.8153e-07,0.048793,0.061486
6.7068e-07,0.048788,0.061619
7.5301e-07,0.048785,0.061751
8.2853e-07,0.048783,0.06188
8.9726e-07,0.048782,0.062006
9.5925e-07,0.048782,0.06213
1.0146e-06,0.048783,0.062251
1.0634e-06,0.048785,0.06237
1.1057e-06,0.048788,0.062485
1.1417e-06,0.048791,0.062598
1.1716e-06,0.048795,0.062708
1.1955e-06,0.0488,0.062814
1.2137e-06,0.048805,0.062918
1.2262e-06,0.048811,0.063018
1.2334e-06,0.048817,0.063115
1.2355e-06,0.048823,0.063209
1.2326e-06,0.04883,0.0633
1.2251e-06,0.048837,0.063387
1.2132e-06,0.048845,0.06347
1.1971e-06,0.048852,0.063551
1.1771e-06,0.048859,0.063627
1.1534e-06,0.048867,0.063701
1.1264e-06,0.048874,0.06377
1.0963e-06,0.048882,0.063837
1.0633e-06,0.048889,0.0639
1.0278e-06,0.048897,0.063959
9.8986e-07,0.048904,0.064015
9.499e-07,0.048912,0.064068
9.0811e-07,0.048919,0.064117
8.6476e-07,0.048926,0.064162
8.2007e-07,0.048933,0.064205
7.7429e-07,0.04894,0.064244
7.2765e-07,0.048946,0.06428
6.8037e-07,0.048953,0.064313
6.3265e-07,0.048959,0.064342
5.8471e-07,0.048965,0.064369
5.3675e-07,0.048971,0.064392
4.8894e-07,0.048977,0.064413
4.4147e-07,0.048983,0.06443
3.945e-07,0.048989,0.064445
3.482e-07,0.048994,0.064456
3.0271e-07,0.049,0.064465
2.5817e-07,0.049005,0.064472
2.1471e-07,0.04901,0.064475
1.7244e-07,0.049015,0.064477
1.3148e-07,0.04902,0.064475
9.1917e-08,0.049024,0.064471
5.3843e-08,0.049029,0.064465
1.7335e-08,0.049033,0.064457
-1.754e-08,0.049037,0.064446
-5.0722e-08,0.049041,0.064433
-8.2163e-08,0.049044,0.064418
-1.1182e-07,0.049048,0.064401
-1.3967e-07,0.049051,0.064382
-1.6568e-07,0.049053,0.064361
-1.8984e-07,0.049055,0.064338
-2.1215e-07,0.049057,0.064313
-2.326e-07,0.049058,0.064286
-2.512e-07,0.049059,0.064258
-2.6796e-07,0.049059,0.064228
-2.8292e-07,0.049059,0.064197
-2.9609e-07,0.049058,0.064164
-3.075e-07,0.049056,0.06413
-3.172e-07,0.049053,0.064094
-3.2523e-07,0.04905,0.064057
-3.3163e-07,0.049046,0.064018
-3.3646e-07,0.049041,0.063979
-3.3977e-07,0.049035,0.063938
-3.4162e-07,0.049027,0.063897
-3.4207e-07,0.049019,0.063854
-3.4119e-07,0.04901,0.06381
-3.3903e-07,0.048999,0.063766
-3.3567e-07,0.048988,0.06372
-3.3118e-07,0.048975,0.063674
-3.2563e-07,0.048961,0.063628
-3.1908e-07,0.048946,0.063581
-3.1162e-07,0.04893,0.063533
-3.033e-07,0.048912,0.063485
-2.9421e-07,0.048894,0.063436
-2.8442e-07,0.048874,0.063388
-2.7399e-07,0.048853,0.063339
-2.6299e-07,0.04883,0.06329
-2.515e-07,0.048807,0.063241
-2.3958e-07,0.048782,0.063192
-2.273e-07,0.048757,0.063143
-2.1472e-07,0.04873,0.063095
-2.019e-07,0.048703,0.063046
-1.8891e-07,0.048675,0.062998
-1.758e-07,0.048646,0.062951
-1.6263e-07,0.048616,0.062904
-1.4945e-07,0.048586,0.062857
-1.3631e-07,0.048555,0.062812
-1.2327e-07,0.048524,0.062767
-1.1036e-07,0.048493,0.062722
-9.7639e-08,0.048462,0.062679
-8.5136e-08,0.04843,0.062636
-7.2891e-08,0.048399,0.062595
-6.0941e-08,0.048367,0.062554
-4.9317e-08,0.048336,0.062515
-3.8049e-08,0.048306,0.062476
-2.7164e-08,0.048276,0.062439
-1.6685e-08,0.048247,0.062403
-6.6331e-09,0.048219,0.062368
2.9719e-09,0.048192,0.062334
1.2115e-08,0.048166,0.062302
2.0781e-08,0.048141,0.06227
2.8961e-08,0.048117,0.06224
3.6645e-08,0.048096,0.062212
4.3827e-08,0.048076,0.062185
5.0503e-08,0.048057,0.062159
5.6671e-08,0.048041,0.062134
6.2331e-08,0.048027,0.062111
6.7485e-08,0.048015,0.062089
7.2138e-08,0.048005,0.062068
7.6293e-08,0.047998,0.062049
7.996e-08,0.047993,0.06203
8.3147e-08,0.047991,0.062014
8.5863e-08,0.047992,0.061998
8.8121e-08,0.047995,0.061984
8.9933e-08,0.048001,0.061971
9.1314e-08,0.04801,0.061959
9.2278e-08,0.048022,0.061949
9.2841e-08,0.048037,0.06194
9.302e-08,0.048056,0.061932
9.2832e-08,0.048077,0.061925
9.2296e-08,0.048101,0.061919
9.1428e-08,0.048128,0.061915
9.0249e-08,0.048158,0.061912
8.8778e-08,0.048192,0.06191
8.7033e-08,0.048228,0.061909
8.5035e-08,0.048267,0.06191
8.2803e-08,0.048309,0.061912
8.0356e-08,0.048354,0.061915
7.7715e-08,0.048402,0.061919
7.4898e-08,0.048452,0.061924
7.1925e-08,0.048505,0.061931
6.8814e-08,0.04856,0.061939
6.5583e-08,0.048618,0.061948
6.2252e-08,0.048678,0.061958
5.8837e-08,0.04874,0.06197
5.5355e-08,0.048804,0.061983
5.1823e-08,0.04887,0.061997
4.8258e-08,0.048937,0.062013
4.4673e-08,0.049006,0.06203
4.1085e-08,0.049075,0.062048
3.7507e-08,0.049146,0.062068
3.3952e-08,0.049218,0.062089
3.0433e-08,0.049291,0.062112
2.6961e-08,0.049364,0.062136
2.3549e-08,0.049437,0.062161
2.0206e-08,0.04951,0.062188
1.6942e-08,0.049583,0.062215
1.3765e-08,0.049656,0.062245
1.0685e-08,0.049728,0.062275
7.7078e-09,0.0498,0.062307
4.8406e-09,0.04987,0.062341
2.0892e-09,0.049939,0.062375
-5.412e-10,0.050007,0.062411
-3.0462e-09,0.050073,0.062447
-5.422e-09,0.050138,0.062485
-7.6654e-09,0.050201,0.062524
-9.7742e-09,0.050261,0.062563
-1.1746e-08,0.050319,0.062604
-1.3581e-08,0.050375,0.062645
-1.5277e-08,0.050428,0.062687
-1.6835e-08,0.050478,0.062729
-1.8254e-08,0.050525,0.062772
-1.9537e-08,0.050569,0.062815
-2.0685e-08,0.05061,0.062858
-2.1699e-08,0.050648,0.062901
-2.2582e-08,0.050682,0.062945
-2.3336e-08,0.050713,0.062987
-2.3965e-08,0.05074,0.06303
-2.4472e-08,0.050764,0.063071
-2.4862e-08,0.050783,0.063112
-2.5137e-08,0.0508,0.063152
-2.5302e-08,0.050812,0.063191
-2.5362e-08,0.05082,0.063229
-2.5322e-08,0.050825,0.063265
-2.5185e-08,0.050826,0.0633
-2.4958e-08,0.050823,0.063332
-2.4646e-08,0.050816,0.063363
-2.4253e-08,0.050806,0.063392
-2.3785e-08,0.050792,0.063419
-2.3247e-08,0.050774,0.063443
-2.2645e-08,0.050752,0.063465
-2.1983e-08,0.050728,0.063483
-2.1268e-08,0.0507,0.0635
-2.0504e-08,0.050668,0.063513
-1.9697e-08,0.050633,0.063523
-1.8852e-08,0.050596,0.06353
-1.7973e-08,0.050555,0.063534
-1.7066e-08,0.050512,0.063535
-1.6136e-08,0.050466,0.063532
-1.5187e-08,0.050417,0.063526
-1.4224e-08,0.050366,0.063516
-1.3251e-08,0.050313,0.063504
-1.2272e-08,0.050258,0.063487
-1.1291e-08,0.050201,0.063468
-1.0313e-08,0.050143,0.063444
-9.3405e-09,0.050083,0.063418
-8.3773e-09,0.050022,0.063389
-7.4267e-09,0.049959,0.063356
-6.4916e-09,0.049896,0.06332
-5.5751e-09,0.049832,0.063282
-4.6797e-09,0.049767,0.06324
-3.8079e-09,0.049702,0.063196
-2.9619e-09,0.049637,0.06315
-2.1438e-09,0.049571,0.063101
-1.3554e-09,0.049506,0.063051
-5.9843e-10,0.049442,0.062998
1.2577e-10,0.049378,0.062944
8.1592e-10,0.049314,0.062888
1.4709e-09,0.049252,0.062832
2.09e-09,0.04919,0.062774
2.6723e-09,0.04913,0.062716
3.2174e-09,0.049071,0.062657
3.7248e-09,0.049014,0.062599
4.1945e-09,0.048959,0.06254
4.6263e-09,0.048905,0.062482
5.0204e-09,0.048854,0.062425
5.377e-09,0.048805,0.062369
5.6964e-09,0.048758,0.062314
5.9791e-09,0.048713,0.062261
6.2258e-09,0.048671,0.06221
6.4371e-09,0.048632,0.062161
6.6139e-09,0.048595,0.062114
6.7571e-09,0.048562,0.06207
6.8676e-09,0.048531,0.062029
6.9466e-09,0.048503,0.061991
6.9952e-09,0.048478,0.061957
7.0145e-09,0.048457,0.061926
7.0059e-09,0.048438,0.061899
6.9706e-09,0.048423,0.061875
6.9099e-09,0.048411,0.061856
6.8254e-09,0.048402,0.061842
6.7182e-09,0.048396,0.061832
6.59e-09,0.048394,0.061826
6.442e-09,0.048394,0.061825
6.2758e-09,0.048398,0.061829
6.0928e-09,0.048405,0.061838
5.8944e-09,0.048414,0.061851
5.682e-09,0.048427,0.06187
5.4571e-09,0.048442,0.061893
5.2211e-09,0.04846,0.061921
4.9753e-09,0.04848,0.061955
4.7211e-09,0.048503,0.061993
4.4598e-09,0.048528,0.062036
4.1926e-09,0.048555,0.062083
3.9209e-09,0.048585,0.062135
3.6459e-09,0.048616,0.062192
3.3686e-09,0.048648,0.062253
3.0902e-09,0.048682,0.062318
2.8119e-09,0.048718,0.062388
2.5345e-09,0.048754,0.062461
2.2592e-09,0.048792,0.062537
1.9867e-09,0.04883,0.062618
1.7181e-09,0.048869,0.062701
1.454e-09,0.048908,0.062787
1.1954e-09,0.048947,0.062877
9.4278e-10,0.048986,0.062968
6.9695e-10,0.049025,0.063062
4.5849e-10,0.049064,0.063159
2.2795e-10,0.049102,0.063256
5.8351e-12,0.049139,0.063356
-2.0739e-10,0.049175,0.063456
-4.1132e-10,0.04921,0.063558
-6.056e-10,0.049244,0.06366
-7.8992e-10,0.049277,0.063762
-9.6401e-10,0.049308,0.063865
-1.1277e-09,0.049337,0.063968
-1.2807e-09,0.049364,0.06407
-1.4229e-09,0.049389,0.064171
-1.5544e-09,0.049413,0.064272
-1.6749e-09,0.049434,0.064372
-1.7845e-09,0.049453,0.06447
-1.8831e-09,0.04947,0.064567
-1.971e-09,0.049484,0.064662
-2.048e-09,0.049496,0.064755
-2.1144e-09,0.049505,0.064846
-2.1702e-09,0.049512,0.064934
-2.2157e-09,0.049517,0.06502
-2.2509e-09,0.049519,0.065104
-2.2763e-09,0.049519,0.065184
-2.2918e-09,0.049516,0.065261
-2.2979e-09,0.049511,0.065336
-2.2948e-09,0.049503,0.065407
-2.2827e-09,0.049493,0.065474
-2.2619e-09,0.049481,0.065538
-2.2329e-09,0.049466,0.065599
-2.1958e-09,0.04945,0.065655
-2.151e-09,0.049432,0.065708
-2.0989e-09,0.049411,0.065757
-2.0398e-09,0.049389,0.065803
-1.974e-09,0.049366,0.065844
-1.902e-09,0.049341,0.065881
-1.824e-09,0.049315,0.065915
-1.7405e-09,0.049287,0.065944
-1.6517e-09,0.049258,0.065969
-1.5582e-09,0.049229,0.065991
-1.4602e-09,0.049199,0.066008
-1.3582e-09,0.049168,0.066021
-1.2524e-09,0.049137,0.06603
-1.1434e-09,0.049106,0.066035
-1.0313e-09,0.049074,0.066036
-9.1671e-10,0.049043,0.066033
-7.9987e-10,0.049012,0.066026
-6.8119e-10,0.048981,0.066016
-5.6101e-10,0.048951,0.066001
-4.3971e-10,0.048922,0.065983
-3.1765e-10,0.048894,0.06596
-1.9518e-10,0.048867,0.065935
-7.2655e-11,0.048841,0.065905
4.9573e-11,0.048816,0.065872
1.7116e-10,0.048793,0.065836
2.9174e-10,0.048771,0.065796
4.11e-10,0.048751,0.065753
5.2858e-10,0.048733,0.065707
6.4414e-10,0.048716,0.065657
7.5736e-10,0.048702,0.065605
8.679e-10,0.048689,0.06555
9.7544e-10,0.048679,0.065491
1.0796e-09,0.048671,0.06543
1.1802e-09,0.048665,0.065367
1.2768e-09,0.048661,0.0653
1.3691e-09,0.048659,0.065232
1.4568e-09,0.048659,0.065161
1.5396e-09,0.048662,0.065087
1.6172e-09,0.048666,0.065012
1.6893e-09,0.048673,0.064934
1.7556e-09,0.048682,0.064855
1.8159e-09,0.048692,0.064774
1.8698e-09,0.048705,0.064691
1.9171e-09,0.04872,0.064607
1.9575e-09,0.048736,0.064521
1.9908e-09,0.048754,0.064434
2.0167e-09,0.048773,0.064345
2.035e-09,0.048794,0.064256
2.0454e-09,0.048816,0.064166
2.0478e-09,0.048839,0.064075
2.0419e-09,0.048863,0.063983
2.0276e-09,0.048888,0.063891
2.0047e-09,0.048914,0.063798
1.9731e-09,0.04894,0.063705
1.9326e-09,0.048966,0.063612
1.883e-09,0.048993,0.063518
1.8244e-09,0.049019,0.063425
1.7566e-09,0.049046,0.063333
1.6795e-09,0.049072,0.06324
1.5932e-09,0.049098,0.063148
1.4977e-09,0.049123,0.063057
1.3929e-09,0.049147,0.062966
1.279e-09,0.04917,0.062877
1.1559e-09,0.049192,0.062788
1.0239e-09,0.049213,0.0627
8.8303e-10,0.049232,0.062614
7.3351e-10,0.04925,0.062529
5.7556e-10,0.049266,0.062445
4.0942e-10,0.04928,0.062363
2.3537e-10,0.049293,0.062283
5.3745e-11,0.049303,0.062204
-1.351e-10,0.049311,0.062128
-3.3075e-10,0.049317,0.062053
-5.3278e-10,0.04932,0.06198
-7.407e-10,0.049321,0.061909
-9.5398e-10,0.04932,0.06184
-1.1721e-09,0.049316,0.061774
-1.3943e-09,0.04931,0.061709
-1.6201e-09,0.049301,0.061647
-1.8488e-09,0.04929,0.061588
-2.0796e-09,0.049276,0.06153
-2.3117e-09,0.04926,0.061475
-2.5443e-09,0.049241,0.061423
-2.7767e-09,0.04922,0.061373
-3.0078e-09,0.049197,0.061325
-3.2368e-09,0.049171,0.06128
-3.4627e-09,0.049143,0.061237
-3.6845e-09,0.049113,0.061197
-3.9011e-09,0.049081,0.061159
-4.1117e-09,0.049047,0.061124
-4.3149e-09,0.049012,0.06109
-4.5098e-09,0.048974,0.06106
-4.6953e-09,0.048935,0.061031
-4.8701e-09,0.048895,0.061005
-5.0331e-09,0.048854,0.060982
-5.1832e-09,0.048811,0.06096
-5.3192e-09,0.048768,0.06094
-5.4399e-09,0.048723,0.060923
-5.5442e-09,0.048679,0.060908
-5.6308e-09,0.048633,0.060894
-5.6986e-09,0.048588,0.060883
-5.7465e-09,0.048542,0.060873
-5.7734e-09,0.048497,0.060866
-5.7782e-09,0.048451,0.060859
-5.7599e-09,0.048407,0.060855
-5.7174e-09,0.048362,0.060852
-5.6497e-09,0.048319,0.06085
-5.556e-09,0.048276,0.06085
-5.4353e-09,0.048235,0.060851
-5.287e-09,0.048195,0.060853
-5.1103e-09,0.048156,0.060857
-4.9044e-09,0.048118,0.060861
-4.6689e-09,0.048083,0.060866
-4.4034e-09,0.048049,0.060872
-4.1073e-09,0.048017,0.060878
-3.7804e-09,0.047987,0.060885
-3.4226e-09,0.047959,0.060893
-3.0338e-09,0.047933,0.060901
-2.6141e-09,0.047909,0.060909
-2.1636e-09,0.047888,0.060917
-1.6827e-09,0.047869,0.060925
-1.1718e-09,0.047853,0.060933
-6.3153e-10,0.047839,0.060941
-6.264e-11,0.047827,0.060949
5.3399e-10,0.047818,0.060956
1.1573e-09,0.047811,0.060963
1.8061e-09,0.047807,0.060969
2.479e-09,0.047805,0.060974
3.1745e-09,0.047806,0.060979
3.8909e-09,0.047809,0.060983
4.6264e-09,0.047814,0.060986
5.3788e-09,0.047822,0.060988
6.1461e-09,0.047831,0.060988
6.9259e-09,0.047843,0.060988
7.7155e-09,0.047856,0.060987
8.5124e-09,0.047872,0.060984
9.3138e-09,0.047889,0.06098
1.0116e-08,0.047908,0.060974
1.0917e-08,0.047928,0.060968
1.1713e-08,0.04795,0.060959
1.2501e-08,0.047973,0.06095
1.3276e-08,0.047997,0.060939
1.4035e-08,0.048022,0.060927
1.4775e-08,0.048048,0.060914
1.5491e-08,0.048074,0.060899
1.618e-08,0.048101,0.060883
1.6836e-08,0.048129,0.060866
1.7457e-08,0.048157,0.060848
1.8038e-08,0.048185,0.060828
1.8574e-08,0.048213,0.060808
1.9061e-08,0.048241,0.060787
1.9495e-08,0.048269,0.060765
1.9871e-08,0.048296,0.060742
2.0186e-08,0.048323,0.060719
2.0434e-08,0.048349,0.060695
2.0612e-08,0.048375,0.060671
2.0715e-08,0.0484,0.060647
2.074e-08,0.048423,0.060622
2.0682e-08,0.048446,0.060598
2.0537e-08,0.048468,0.060574
2.0302e-08,0.048489,0.06055
1.9974e-08,0.048508,0.060527
1.9548e-08,0.048527,0.060504
1.9023e-08,0.048544,0.060482
1.8395e-08,0.048559,0.060461
1.7662e-08,0.048573,0.060441
1.6821e-08,0.048586,0.060423
1.5871e-08,0.048598,0.060405
1.481e-08,0.048608,0.06039
1.3638e-08,0.048616,0.060375
1.2352e-08,0.048623,0.060363
1.0953e-08,0.048629,0.060353
9.4414e-09,0.048633,0.060344
7.8172e-09,0.048636,0.060338
6.0815e-09,0.048638,0.060334
4.2359e-09,0.048638,0.060332
2.2824e-09,0.048637,0.060333
2.2362e-10,0.048634,0.060336
-1.9373e-09,0.04863,0.060342
-4.1966e-09,0.048626,0.06035
-6.55e-09,0.04862,0.060361
-8.9927e-09,0.048612,0.060375
-1.1519e-08,0.048604,0.060391
-1.4123e-08,0.048595,0.060411
-1.6798e-08,0.048585,0.060433
-1.9537e-08,0.048574,0.060458
-2.2332e-08,0.048563,0.060486
-2.5173e-08,0.04855,0.060516
-2.8053e-08,0.048537,0.06055
-3.0961e-08,0.048523,0.060586
-3.3887e-08,0.048509,0.060625
-3.682e-08,0.048494,0.060666
-3.9748e-08,0.048478,0.06071
-4.2659e-08,0.048463,0.060756
-4.5541e-08,0.048446,0.060805
-4.8381e-08,0.04843,0.060857
-5.1165e-08,0.048413,0.06091
-5.3879e-08,0.048396,0.060966
-5.6509e-08,0.048379,0.061024
-5.904e-08,0.048362,0.061083
-6.1456e-08,0.048345,0.061145
-6.3743e-08,0.048328,0.061208
-6.5885e-08,0.048311,0.061273
-6.7866e-08,0.048293,0.06134
-6.9669e-08,0.048277,0.061408
-7.128e-08,0.04826,0.061477
-7.2682e-08,0.048243,0.061547
-7.3859e-08,0.048227,0.061619
-7.4795e-08,0.048211,0.061691
-7.5474e-08,0.048195,0.061764
-7.5882e-08,0.04818,0.061837
-7.6004e-08,0.048165,0.061911
-7.5823e-08,0.04815,0.061985
-7.5328e-08,0.048136,0.06206
-7.4503e-08,0.048123,0.062134
-7.3336e-08,0.04811,0.062209
-7.1815e-08,0.048098,0.062283
-6.993e-08,0.048086,0.062357
-6.7668e-08,0.048075,0.06243
-6.5021e-08,0.048065,0.062502
-6.1981e-08,0.048055,0.062574
-5.8541e-08,0.048046,0.062645
-5.4695e-08,0.048038,0.062715
-5.0438e-08,0.048031,0.062783
-4.5767e-08,0.048024,0.062851
-4.0682e-08,0.048018,0.062916
-3.5181e-08,0.048013,0.06298
-2.9268e-08,0.048009,0.063043
-2.2945e-08,0.048005,0.063104
-1.6217e-08,0.048003,0.063162
-9.0931e-09,0.048001,0.063219
-1.5814e-09,0.048,0.063273
6.3067e-09,0.048,0.063325
1.4558e-08,0.048,0.063375
2.3156e-08,0.048001,0.063423
3.2084e-08,0.048003,0.063468
4.1322e-08,0.048006,0.06351
5.0848e-08,0.048009,0.063549
6.0638e-08,0.048013,0.063586
7.0664e-08,0.048018,0.06362
8.0898e-08,0.048023,0.063652
9.1309e-08,0.048029,0.06368
1.0186e-07,0.048035,0.063705
1.1253e-07,0.048041,0.063728
1.2326e-07,0.048047,0.063747
1.3402e-07,0.048054,0.063764
1.4477e-07,0.048061,0.063777
1.5547e-07,0.048068,0.063788
1.6606e-07,0.048076,0.063795
1.765e-07,0.048083,0.063799
1.8675e-07,0.04809,0.063801
1.9674e-07,0.048096,0.063799
2.0643e-07,0.048103,0.063795
2.1576e-07,0.048109,0.063787
2.2468e-07,0.048115,0.063777
2.3313e-07,0.04812,0.063763
2.4105e-07,0.048124,0.063747
2.4839e-07,0.048128,0.063728
2.5509e-07,0.048132,0.063707
2.6108e-07,0.048134,0.063682
2.6631e-07,0.048135,0.063656
2.7073e-07,0.048136,0.063626
2.7426e-07,0.048135,0.063594
2.7686e-07,0.048134,0.06356
2.7848e-07,0.048131,0.063524
2.7904e-07,0.048127,0.063485
2.785e-07,0.048121,0.063444
2.7681e-07,0.048114,0.063401
2.7392e-07,0.048106,0.063356
2.6978e-07,0.048097,0.06331
2.6434e-07,0.048085,0.063261
2.5757e-07,0.048073,0.063211
2.4942e-07,0.048058,0.06316
2.3986e-07,0.048043,0.063107
2.2886e-07,0.048025,0.063053
2.1639e-07,0.048006,0.062997
2.0244e-07,0.047985,0.062941
1.8698e-07,0.047963,0.062883
1.7e-07,0.047939,0.062825
1.5149e-07,0.047913,0.062766
1.3147e-07,0.047885,0.062706
1.0992e-07,0.047856,0.062646
8.6869e-08,0.047826,0.062585
6.233e-08,0.047794,0.062524
3.6331e-08,0.04776,0.062463
8.9042e-09,0.047725,0.062402
-1.991e-08,0.047688,0.062341
-5.0063e-08,0.04765,0.06228
-8.15e-08,0.047611,0.06222
-1.1416e-07,0.047571,0.062159
-1.4796e-07,0.047529,0.0621
-1.8283e-07,0.047486,0.062041
-2.1868e-07,0.047443,0.061983
-2.5541e-07,0.047398,0.061926
-2.9292e-07,0.047353,0.06187
-3.311e-07,0.047307,0.061815
-3.6981e-07,0.04726,0.061762
-4.0894e-07,0.047213,0.06171
-4.4835e-07,0.047165,0.061659
-4.8788e-07,0.047117,0.06161
-5.274e-07,0.047069,0.061562
-5.6672e-07,0.04702,0.061517
-6.057e-07,0.046972,0.061473
-6.4415e-07,0.046924,0.061432
-6.8189e-07,0.046876,0.061393
-7.1873e-07,0.046828,0.061356
-7.5449e-07,0.046781,0.061321
-7.8897e-07,0.046734,0.061289
-8.2195e-07,0.046687,0.061259
-8.5324e-07,0.046642,0.061232
-8.8263e-07,0.046597,0.061208
-9.099e-07,0.046553,0.061187
-9.3484e-07,0.046509,0.061168
-9.5724e-07,0.046467,0.061153
-9.7687e-07,0.046426,0.06114
-9.9354e-07,0.046386,0.061131
-1.007e-06,0.046347,0.061124
-1.0171e-06,0.046309,0.061121
-1.0235e-06,0.046272,0.061121
-1.0262e-06,0.046237,0.061124
-1.0249e-06,0.046203,0.061131
-1.0193e-06,0.046171,0.061141
-1.0094e-06,0.046139,0.061153
-9.9489e-07,0.046109,0.061169
-9.7568e-07,0.046081,0.061189
-9.516e-07,0.046054,0.061211
-9.225e-07,0.046028,0.061236
-8.8825e-07,0.046004,0.061265
-8.4875e-07,0.045981,0.061296
-8.0389e-07,0.04596,0.06133
-7.5359e-07,0.045939,0.061367
-6.9779e-07,0.045921,0.061407
-6.3644e-07,0.045903,0.061449
-5.6953e-07,0.045887,0.061494
-4.9704e-07,0.045872,0.06154
-4.1901e-07,0.045858,0.061589
-3.3547e-07,0.045845,0.06164
-2.4649e-07,0.045834,0.061693
-1.5216e-07,0.045823,0.061747
-5.2616e-08,0.045814,0.061803
5.2007e-08,0.045806,0.06186
1.6153e-07,0.045798,0.061918
2.7575e-07,0.045791,0.061977
3.9444e-07,0.045786,0.062037
5.1733e-07,0.045781,0.062096
6.4413e-07,0.045776,0.062156
7.7451e-07,0.045773,0.062216
9.0813e-07,0.04577,0.062276
1.0446e-06,0.045767,0.062334
1.1835e-06,0.045765,0.062392
1.3244e-06,0.045764,0.062449
1.4668e-06,0.045763,0.062505
1.6102e-06,0.045762,0.062559
1.7541e-06,0.045762,0.062611
1.898e-06,0.045762,0.062661
2.0411e-06,0.045763,0.062709
2.183e-06,0.045763,0.062754
2.3229e-06,0.045764,0.062796
2.4602e-06,0.045766,0.062835
2.5943e-06,0.045767,0.062871
2.7243e-06,0.045769,0.062904
2.8497e-06,0.04577,0.062933
2.9696e-06,0.045772,0.062957
3.0833e-06,0.045775,0.062978
3.19e-06,0.045777,0.062995
3.2889e-06,0.04578,0.063007
3.3793e-06,0.045783,0.063014
3.4603e-06,0.045786,0.063017
3.5312e-06,0.04579,0.063015
3.5912e-06,0.045794,0.063007
3.6395e-06,0.045798,0.062995
3.6753e-06,0.045803,0.062977
3.6979e-06,0.045808,0.062954
3.7064e-06,0.045814,0.062926
3.7003e-06,0.045821,0.062893
3.6787e-06,0.045829,0.062854
3.641e-06,0.045837,0.062809
3.5866e-06,0.045846,0.062759
3.5149e-06,0.045856,0.062704
3.4252e-06,0.045868,0.062643
3.3171e-06,0.04588,0.062577
3.1901e-06,0.045894,0.062506
3.0438e-06,0.045909,0.062429
2.8778e-06,0.045925,0.062347
2.6918e-06,0.045943,0.062261
2.4856e-06,0.045963,0.06217
2.259e-06,0.045985,0.062074
2.012e-06,0.046008,0.061973
1.7446e-06,0.046033,0.061868
1.4568e-06,0.046061,0.061759
1.1488e-06,0.046091,0.061646
8.2081e-07,0.046123,0.06153
4.7327e-07,0.046157,0.06141
1.066e-07,0.046194,0.061287
-2.7863e-07,0.046234,0.061161
-6.8179e-07,0.046276,0.061032
-1.1021e-06,0.046321,0.060901
-1.5386e-06,0.046369,0.060768
-1.9905e-06,0.04642,0.060633
-2.4565e-06,0.046473,0.060496
-2.9355e-06,0.046531,0.060359
-3.426e-06,0.046591,0.06022
-3.9268e-06,0.046654,0.060082
-4.4362e-06,0.046721,0.059942
-4.9524e-06,0.046791,0.059803
-5.4738e-06,0.046864,0.059665
-5.9984e-06,0.046941,0.059527
-6.5242e-06,0.047021,0.05939
-7.0489e-06,0.047105,0.059255
-7.5705e-06,0.047192,0.059122
-8.0865e-06,0.047282,0.05899
-8.5945e-06,0.047376,0.058861
-9.0919e-06,0.047473,0.058734
-9.5761e-06,0.047573,0.058611
-1.0044e-05,0.047677,0.05849
-1.0494e-05,0.047784,0.058373
-1.0922e-05,0.047894,0.05826
-1.1325e-05,0.048007,0.058151
-1.1701e-05,0.048123,0.058045
-1.2046e-05,0.048242,0.057944
-1.2357e-05,0.048363,0.057848
-1.2631e-05,0.048487,0.057757
-1.2866e-05,0.048613,0.05767
-1.3057e-05,0.048742,0.057589
-1.3201e-05,0.048873,0.057512
-1.3297e-05,0.049005,0.057441
-1.3339e-05,0.04914,0.057376
-1.3326e-05,0.049275,0.057316
-1.3254e-05,0.049413,0.057261
-1.3121e-05,0.049551,0.057212
-1.2923e-05,0.04969,0.057169
-1.2657e-05,0.04983,0.057131
-1.2321e-05,0.04997,0.057099
-1.1912e-05,0.05011,0.057073
-1.1428e-05,0.05025,0.057052
-1.0867e-05,0.05039,0.057037
-1.0226e-05,0.050529,0.057028
-9.5034e-06,0.050668,0.057023
-8.6973e-06,0.050805,0.057025
-7.8062e-06,0.05094,0.057031
-6.8288e-06,0.051074,0.057042
-5.7638e-06,0.051206,0.057059
-4.6106e-06,0.051335,0.05708
-3.3683e-06,0.051461,0.057106
-2.0368e-06,0.051585,0.057137
-6.1586e-07,0.051705,0.057172
8.9422e-07,0.051822,0.057211
2.4929e-06,0.051935,0.057254
4.1794e-06,0.052044,0.057301
5.9524e-06,0.052149,0.057352
7.8106e-06,0.052249,0.057407
9.752e-06,0.052344,0.057465
1.1774e-05,0.052434,0.057526
1.3875e-05,0.052518,0.05759
1.6052e-05,0.052597,0.057656
1.8301e-05,0.05267,0.057726
2.0619e-05,0.052737,0.057798
2.3002e-05,0.052798,0.057872
2.5446e-05,0.052853,0.057948
2.7945e-05,0.0529,0.058026
3.0496e-05,0.052942,0.058105
3.3093e-05,0.052976,0.058186
3.573e-05,0.053003,0.058269
3.8401e-05,0.053024,0.058352
4.11e-05,0.053037,0.058437
4.3821e-05,0.053043,0.058522
4.6557e-05,0.053042,0.058608
4.9301e-05,0.053033,0.058695
5.2046e-05,0.053017,0.058781
5.4784e-05,0.052994,0.058868
5.7509e-05,0.052964,0.058955
6.0211e-05,0.052927,0.059042
6.2884e-05,0.052882,0.059129
6.552e-05,0.05283,0.059215
6.811e-05,0.052772,0.059301
7.0646e-05,0.052706,0.059386
7.3122e-05,0.052634,0.059471
7.5528e-05,0.052556,0.059554
7.7857e-05,0.052471,0.059637
8.0101e-05,0.05238,0.059719
8.2252e-05,0.052283,0.0598
8.4304e-05,0.05218,0.059879
8.625e-05,0.052071,0.059958
8.8081e-05,0.051958,0.060035
8.9792e-05,0.051839,0.060111
9.1377e-05,0.051716,0.060185
9.2829e-05,0.051588,0.060258
9.4144e-05,0.051456,0.06033
9.5316e-05,0.05132,0.0604
9.6341e-05,0.051181,0.060469
9.7216e-05,0.051039,0.060536
9.7936e-05,0.050893,0.060602
9.8499e-05,0.050745,0.060666
9.8902e-05,0.050595,0.060729
9.9145e-05,0.050443,0.06079
9.9226e-05,0.05029,0.06085
9.9145e-05,0.050135,0.060908
9.8902e-05,0.04998,0.060965
9.8499e-05,0.049824,0.06102
9.7936e-05,0.049668,0.061074
9.7216e-05,0.049512,0.061127
9.6341e-05,0.049356,0.061179
9.5316e-05,0.049202,0.061229
9.4144e-05,0.049049,0.061278
9.2829e-05,0.048897,0.061326
9.1377e-05,0.048747,0.061372
8.9792e-05,0.048599,0.061418
8.8081e-05,0.048453,0.061463
8.625e-05,0.04831,0.061506
8.4304e-05,0.048169,0.061549
8.2252e-05,0.048032,0.061591
8.0101e-05,0.047898,0.061632
7.7857e-05,0.047768,0.061673
7.5528e-05,0.047641,0.061713
7.3122e-05,0.047518,0.061752
7.0646e-05,0.047399,0.06179
6.811e-05,0.047284,0.061829
6.552e-05,0.047173,0.061866
6.2884e-05,0.047067,0.061903
6.0211e-05,0.046965,0.06194
5.7509e-05,0.046868,0.061977
5.4784e-05,0.046775,0.062013
5.2046e-05,0.046688,0.062049
4.9301e-05,0.046604,0.062085
4.6557e-05,0.046526,0.06212
4.3821e-05,0.046452,0.062155
4.11e-05,0.046383,0.062191
3.8401e-05,0.046319,0.062225
3.573e-05,0.046259,0.06226
3.3093e-05,0.046204,0.062294
3.0496e-05,0.046154,0.062329
2.7945e-05,0.046108,0.062363
2.5446e-05,0.046066,0.062396
2.3002e-05,0.046029,0.06243
2.0619e-05,0.045997,0.062463
1.8301e-05,0.045968,0.062496
1.6052e-05,0.045944,0.062528
1.3875e-05,0.045923,0.06256
1.1774e-05,0.045906,0.062591
9.752e-06,0.045894,0.062622
7.8106e-06,0.045884,0.062652
5.9524e-06,0.045878,0.062681
4.1794e-06,0.045876,0.06271
2.4929e-06,0.045877,0.062738
8.9422e-07,0.045881,0.062764
-6.1586e-07,0.045887,0.06279
-2.0368e-06,0.045897,0.062814
-3.3683e-06,0.045909,0.062837
-4.6106e-06,0.045924,0.062859
-5.7638e-06,0.045941,0.062879
-6.8288e-06,0.045961,0.062898
-7.8062e-06,0.045983,0.062915
-8.6973e-06,0.046007,0.062931
-9.5034e-06,0.046032,0.062944
-1.0226e-05,0.04606,0.062955
-1.0867e-05,0.046089,0.062965
-1.1428e-05,0.04612,0.062972
-1.1912e-05,0.046153,0.062977
-1.2321e-05,0.046187,0.062979
-1.2657e-05,0.046222,0.06298
-1.2923e-05,0.046259,0.062977
-1.3121e-05,0.046297,0.062972
-1.3254e-05,0.046336,0.062964
-1.3326e-05,0.046376,0.062953
-1.3339e-05,0.046417,0.06294
-1.3297e-05,0.04646,0.062923
-1.3201e-05,0.046503,0.062903
-1.3057e-05,0.046548,0.062881
-1.2866e-05,0.046593,0.062855
-1.2631e-05,0.04664,0.062826
-1.2357e-05,0.046688,0.062794
-1.2046e-05,0.046736,0.062758
-1.1701e-05,0.046786,0.06272
-1.1325e-05,0.046837,0.062678
-1.0922e-05,0.046889,0.062633
-1.0494e-05,0.046942,0.062585
-1.0044e-05,0.046997,0.062533
-9.5761e-06,0.047052,0.062478
-9.0919e-06,0.04711,0.062421
-8.5945e-06,0.047168,0.06236
-8.0865e-06,0.047228,0.062296
-7.5705e-06,0.047289,0.062229
-7.0489e-06,0.047353,0.062159
-6.5241e-06,0.047417,0.062087
-5.9984e-06,0.047484,0.062012
-5.4738e-06,0.047552,0.061934
-4.9524e-06,0.047623,0.061854
-4.4361e-06,0.047695,0.061772
-3.9268e-06,0.04777,0.061687
-3.426e-06,0.047846,0.061601
-2.9354e-06,0.047925,0.061513
-2.4565e-06,0.048006,0.061424
-1.9905e-06,0.04809,0.061333
-1.5386e-06,0.048176,0.061241
-1.1021e-06,0.048264,0.061147
-6.8178e-07,0.048356,0.061054
-2.7862e-07,0.048449,0.06096
1.0661e-07,0.048546,0.060865
4.7328e-07,0.048645,0.060771
8.2082e-07,0.048746,0.060677
1.1488e-06,0.048851,0.060583
1.4568e-06,0.048958,0.060491
1.7446e-06,0.049069,0.060399
2.012e-06,0.049182,0.060309
2.259e-06,0.049297,0.060221
2.4856e-06,0.049416,0.060134
2.6918e-06,0.049537,0.06005
2.8778e-06,0.049662,0.059969
3.0438e-06,0.049789,0.05989
3.1901e-06,0.049918,0.059815
3.3171e-06,0.050051,0.059743
3.4252e-06,0.050186,0.059675
3.5149e-06,0.050323,0.059611
3.5866e-06,0.050463,0.059552
3.641e-06,0.050605,0.059497
3.6787e-06,0.05075,0.059447
3.7003e-06,0.050897,0.059402
3.7064e-06,0.051046,0.059363
3.6979e-06,0.051196,0.059329
3.6753e-06,0.051349,0.059302
3.6395e-06,0.051503,0.05928
3.5912e-06,0.051659,0.059265
3.5312e-06,0.051817,0.059257
3.4603e-06,0.051975,0.059256
3.3793e-06,0.052135,0.059261
3.2889e-06,0.052295,0.059274
3.1899e-06,0.052456,0.059294
3.0832e-06,0.052618,0.059322
2.9696e-06,0.052779,0.059358
2.8497e-06,0.052941,0.059401
2.7243e-06,0.053103,0.059452
2.5942e-06,0.053264,0.059511
2.4602e-06,0.053424,0.059578
2.3229e-06,0.053583,0.059653
2.1829e-06,0.053741,0.059737
2.0411e-06,0.053898,0.059828
1.8979e-06,0.054053,0.059928
1.7541e-06,0.054206,0.060035
1.6102e-06,0.054356,0.060151
1.4668e-06,0.054504,0.060275
1.3244e-06,0.054649,0.060407
1.1835e-06,0.054791,0.060547
1.0446e-06,0.05493,0.060694
9.0809e-07,0.055065,0.06085
7.7447e-07,0.055195,0.061013
6.4409e-07,0.055322,0.061183
5.1729e-07,0.055444,0.061361
3.944e-07,0.055561,0.061546
2.7571e-07,0.055673,0.061737
1.6149e-07,0.055779,0.061936
5.1968e-08,0.05588,0.06214
-5.2654e-08,0.055975,0.062352
-1.522e-07,0.056064,0.062569
-2.4652e-07,0.056147,0.062792
-3.355e-07,0.056223,0.06302
-4.1904e-07,0.056293,0.063254
-4.9707e-07,0.056355,0.063493
-5.6956e-07,0.056411,0.063736
-6.3647e-07,0.056459,0.063983
-6.9781e-07,0.0565,0.064235
-7.5361e-07,0.056533,0.06449
-8.039e-07,0.056558,0.064749
-8.4876e-07,0.056576,0.065011
-8.8826e-07,0.056586,0.065275
-9.2251e-07,0.056587,0.065542
-9.516e-07,0.056581,0.065811
-9.7568e-07,0.056567,0.066081
-9.9488e-07,0.056544,0.066352
-1.0094e-06,0.056514,0.066624
-1.0193e-06,0.056475,0.066897
-1.0248e-06,0.056428,0.06717
-1.0262e-06,0.056373,0.067442
-1.0235e-06,0.05631,0.067713
-1.017e-06,0.056239,0.067984
-1.007e-06,0.05616,0.068252
-9.9349e-07,0.056073,0.068519
-9.7682e-07,0.055979,0.068783
-9.5718e-07,0.055877,0.069044
-9.3478e-07,0.055768,0.069303
-9.0983e-07,0.055651,0.069557
-8.8255e-07,0.055528,0.069807
-8.5316e-07,0.055397,0.070052
-8.2186e-07,0.05526,0.070293
-7.8887e-07,0.055117,0.070528
-7.5439e-07,0.054967,0.070757
-7.1863e-07,0.054812,0.07098
-6.8178e-07,0.05465,0.071195
-6.4403e-07,0.054484,0.071404
-6.0558e-07,0.054312,0.071605
-5.666e-07,0.054136,0.071798
-5.2727e-07,0.053955,0.071982
-4.8775e-07,0.05377,0.072157
-4.4821e-07,0.053581,0.072323
-4.088e-07,0.053389,0.072479
-3.6967e-07,0.053194,0.072625
-3.3095e-07,0.052996,0.072761
-2.9277e-07,0.052796,0.072885
-2.5526e-07,0.052595,0.072998
-2.1853e-07,0.052392,0.073099
-1.8268e-07,0.052188,0.073188
-1.4781e-07,0.051984,0.073265
-1.1401e-07,0.051779,0.073329
-8.1351e-08,0.051576,0.07338
-4.9917e-08,0.051373,0.073418
-1.9766e-08,0.051171,0.073443
9.0444e-09,0.050971,0.073453
3.6467e-08,0.050774,0.07345
6.2461e-08,0.05058,0.073433
8.6994e-08,0.050389,0.073401
1.1004e-07,0.050201,0.073355
1.3158e-07,0.050018,0.073295
1.516e-07,0.04984,0.07322
1.7009e-07,0.049667,0.07313
1.8706e-07,0.0495,0.073026
2.0251e-07,0.049339,0.072907
2.1646e-07,0.049185,0.072774
2.2891e-07,0.049038,0.072627
2.399e-07,0.048899,0.072465
2.4944e-07,0.048768,0.072289
2.5757e-07,0.048645,0.072099
2.6433e-07,0.048531,0.071896
2.6975e-07,0.048426,0.071679
2.7388e-07,0.048331,0.071449
2.7675e-07,0.048246,0.071206
2.7842e-07,0.048172,0.070951
2.7894e-07,0.048108,0.070684
2.7836e-07,0.048055,0.070405
2.7673e-07,0.048013,0.070114
2.7411e-07,0.047983,0.069813
2.7055e-07,0.047965,0.069502
2.6612e-07,0.047958,0.069181
2.6086e-07,0.047964,0.068851
2.5485e-07,0.047982,0.068512
2.4813e-07,0.048012,0.068165
2.4077e-07,0.048055,0.067811
2.3283e-07,0.04811,0.06745
2.2435e-07,0.048177,0.067083
2.1541e-07,0.048257,0.06671
2.0606e-07,0.04835,0.066333
1.9635e-07,0.048454,0.065951
1.8634e-07,0.048571,0.065566
1.7608e-07,0.0487,0.065179
1.6562e-07,0.04884,0.06479
1.5501e-07,0.048993,0.064399
1.443e-07,0.049156,0.064008
1.3353e-07,0.049331,0.063617
1.2276e-07,0.049516,0.063227
1.1201e-07,0.049712,0.062838
1.0134e-07,0.049918,0.062452
9.0773e-08,0.050133,0.062069
8.0355e-08,0.050357,0.06169
7.0115e-08,0.05059,0.061315
6.0085e-08,0.050832,0.060945
5.0293e-08,0.051081,0.060581
4.0768e-08,0.051337,0.060223
3.1533e-08,0.051599,0.059872
2.2609e-08,0.051868,0.059528
1.4019e-08,0.052141,0.059193
5.7776e-09,0.05242,0.058866
-2.0977e-09,0.052702,0.058548
-9.594e-09,0.052988,0.058239
-1.67e-08,0.053277,0.057941
-2.3406e-08,0.053568,0.057653
-2.9705e-08,0.05386,0.057375
-3.5592e-08,0.054153,0.057108
-4.1063e-08,0.054445,0.056852
-4.6115e-08,0.054737,0.056608
-5.075e-08,0.055028,0.056376
-5.4968e-08,0.055316,0.056155
-5.8772e-08,0.055601,0.055946
-6.2167e-08,0.055883,0.055749
-6.5159e-08,0.056161,0.055564
-6.7755e-08,0.056434,0.055391
-6.9963e-08,0.056701,0.05523
-7.1792e-08,0.056961,0.05508
-7.3254e-08,0.057215,0.054942
-7.4359e-08,0.057461,0.054816
-7.5119e-08,0.057699,0.0547
-7.5548e-08,0.057929,0.054596
-7.566e-08,0.058148,0.054502
-7.5468e-08,0.058358,0.054419
-7.4987e-08,0.058558,0.054345
-7.4233e-08,0.058746,0.054281
-7.3222e-08,0.058923,0.054226
-7.1968e-08,0.059089,0.054179
-7.0489e-08,0.059241,0.054141
-6.88e-08,0.059381,0.05411
-6.6918e-08,0.059508,0.054086
-6.4858e-08,0.059621,0.054069
-6.2638e-08,0.059721,0.054058
-6.0274e-08,0.059806,0.054052
-5.7781e-08,0.059877,0.054051
-5.5175e-08,0.059933,0.054054
-5.2471e-08,0.059975,0.05406
-4.9685e-08,0.060002,0.05407
-4.6832e-08,0.060014,0.054082
-4.3926e-08,0.06001,0.054096
-4.0981e-08,0.059991,0.054112
-3.801e-08,0.059958,0.054128
-3.5026e-08,0.059908,0.054144
-3.2043e-08,0.059844,0.05416
-2.9071e-08,0.059765,0.054175
-2.6123e-08,0.059671,0.054189
-2.3209e-08,0.059562,0.054201
-2.0339e-08,0.059438,0.054211
-1.7522e-08,0.0593,0.054218
-1.4769e-08,0.059148,0.054222
-1.2087e-08,0.058981,0.054223
-9.4833e-09,0.058802,0.05422
-6.9659e-09,0.058608,0.054214
-4.5409e-09,0.058403,0.054203
-2.2141e-09,0.058184,0.054187
9.2449e-12,0.057953,0.054168
2.1245e-09,0.057711,0.054143
4.1277e-09,0.057458,0.054114
6.0154e-09,0.057193,0.05408
7.7848e-09,0.056919,0.054041
9.4337e-09,0.056635,0.053997
1.096e-08,0.056342,0.053948
1.2363e-08,0.05604,0.053894
1.3643e-08,0.05573,0.053835
1.4797e-08,0.055413,0.053772
1.5828e-08,0.055089,0.053705
1.6736e-08,0.054759,0.053633
1.7522e-08,0.054423,0.053557
1.8188e-08,0.054083,0.053477
1.8735e-08,0.053738,0.053394
1.9167e-08,0.05339,0.053307
1.9486e-08,0.053039,0.053217
1.9695e-08,0.052686,0.053124
1.9797e-08,0.052332,0.053029
1.9797e-08,0.051976,0.052932
1.9698e-08,0.051621,0.052833
1.9505e-08,0.051265,0.052733
1.9222e-08,0.050912,0.052632
1.8853e-08,0.05056,0.052529
1.8403e-08,0.05021,0.052427
1.7878e-08,0.049864,0.052324
1.7283e-08,0.049521,0.052222
1.6622e-08,0.049183,0.052121
1.5901e-08,0.04885,0.05202
1.5125e-08,0.048523,0.051921
1.4301e-08,0.048202,0.051824
1.3433e-08,0.047887,0.051729
1.2527e-08,0.04758,0.051636
1.1588e-08,0.047281,0.051545
1.0622e-08,0.04699,0.051458
9.6344e-09,0.046708,0.051374
8.6307e-09,0.046436,0.051293
7.6163e-09,0.046173,0.051215
6.5963e-09,0.04592,0.051142
5.5761e-09,0.045678,0.051072
4.5607e-09,0.045446,0.051007
3.5551e-09,0.045226,0.050946
2.5642e-09,0.045018,0.050889
1.5927e-09,0.044821,0.050837
6.4515e-10,0.044637,0.050789
-2.7394e-10,0.044464,0.050746
-1.1604e-09,0.044305,0.050708
-2.01e-09,0.044158,0.050675
-2.819e-09,0.044024,0.050646
-3.5837e-09,0.043902,0.050623
-4.3006e-09,0.043794,0.050603
-4.9664e-09,0.043699,0.050589
-5.578e-09,0.043617,0.050579
-6.1326e-09,0.043549,0.050574
-6.6276e-09,0.043493,0.050573
-7.0606e-09,0.043451,0.050577
-7.4296e-09,0.043421,0.050584
-7.7325e-09,0.043405,0.050596
-7.9679e-09,0.043401,0.050612
-8.1344e-09,0.04341,0.050631
-8.2308e-09,0.043432,0.050654
-8.2563e-09,0.043466,0.050681
-8.2103e-09,0.043512,0.05071
-8.0925e-09,0.04357,0.050743
-7.903e-09,0.043639,0.050778
-7.6419e-09,0.043721,0.050816
-7.3098e-09,0.043813,0.050857
-6.9074e-09,0.043916,0.050899
-6.4359e-09,0.04403,0.050944
-5.8966e-09,0.044154,0.05099
-5.2912e-09,0.044288,0.051038
-4.6215e-09,0.044432,0.051087
-3.8898e-09,0.044585,0.051137
-3.0985e-09,0.044746,0.051188
-2.2504e-09,0.044916,0.051239
-1.3484e-09,0.045095,0.051291
-3.9586e-10,0.045281,0.051342
6.0371e-10,0.045474,0.051394
1.6465e-09,0.045674,0.051445
2.7285e-09,0.04588,0.051496
3.8454e-09,0.046092,0.051547
4.9928e-09,0.04631,0.051596
6.1657e-09,0.046533,0.051644
7.3593e-09,0.04676,0.051691
8.5684e-09,0.046992,0.051737
9.7875e-09,0.047227,0.051781
1.1011e-08,0.047466,0.051823
1.2234e-08,0.047707,0.051863
1.3449e-08,0.047951,0.051902
1.4651e-08,0.048196,0.051938
1.5833e-08,0.048443,0.051973
1.699e-08,0.048691,0.052005
1.8115e-08,0.048939,0.052035
1.9201e-08,0.049187,0.052062
2.0241e-08,0.049434,0.052087
2.123e-08,0.049681,0.05211
2.216e-08,0.049926,0.05213
2.3025e-08,0.050169,0.052148
2.3818e-08,0.050409,0.052164
2.4533e-08,0.050647,0.052177
2.5163e-08,0.050882,0.052188
2.5701e-08,0.051113,0.052197
2.6141e-08,0.05134,0.052203
2.6478e-08,0.051563,0.052208
2.6705e-08,0.05178,0.05221
2.6816e-08,0.051993,0.052211
2.6806e-08,0.0522,0.05221
2.6669e-08,0.052401,0.052207
2.6401e-08,0.052595,0.052203
2.5996e-08,0.052783,0.052198
2.5451e-08,0.052964,0.052191
2.4761e-08,0.053138,0.052184
2.3923e-08,0.053305,0.052175
2.2934e-08,0.053463,0.052166
2.1791e-08,0.053614,0.052157
2.0492e-08,0.053757,0.052147
1.9036e-08,0.053891,0.052137
1.742e-08,0.054016,0.052127
1.5646e-08,0.054133,0.052117
1.3712e-08,0.054241,0.052108
1.1621e-08,0.054341,0.052099
9.3724e-09,0.054431,0.05209
6.9696e-09,0.054512,0.052083
4.4151e-09,0.054584,0.052076
1.7126e-09,0.054647,0.052071
-1.1335e-09,0.054701,0.052067
-4.1181e-09,0.054746,0.052065
-7.2351e-09,0.054783,0.052064
-1.0478e-08,0.05481,0.052064
-1.3839e-08,0.054829,0.052067
-1.731e-08,0.054839,0.052071
-2.0881e-08,0.05484,0.052078
-2.4543e-08,0.054834,0.052086
-2.8285e-08,0.05482,0.052097
-3.2094e-08,0.054798,0.05211
-3.5959e-08,0.054768,0.052125
-3.9866e-08,0.054731,0.052143
-4.38e-08,0.054687,0.052163
-4.7748e-08,0.054637,0.052185
-5.1693e-08,0.054581,0.05221
-5.5619e-08,0.054518,0.052238
-5.9509e-08,0.05445,0.052268
-6.3344e-08,0.054377,0.052301
-6.7108e-08,0.054299,0.052336
-7.078e-08,0.054216,0.052373
-7.4341e-08,0.05413,0.052413
-7.7772e-08,0.05404,0.052456
-8.1051e-08,0.053946,0.052501
-8.4158e-08,0.05385,0.052549
-8.7072e-08,0.053752,0.052598
-8.9771e-08,0.053651,0.052651
-9.2235e-08,0.053549,0.052705
-9.4441e-08,0.053446,0.052761
-9.6368e-08,0.053342,0.05282
-9.7995e-08,0.053237,0.052881
-9.9299e-08,0.053132,0.052943
-1.0026e-07,0.053028,0.053008
-1.0086e-07,0.052924,0.053074
-1.0107e-07,0.052821,0.053142
-1.0089e-07,0.05272,0.053211
-1.0027e-07,0.05262,0.053282
-9.9223e-08,0.052522,0.053354
-9.7714e-08,0.052426,0.053427
-9.5731e-08,0.052333,0.053502
-9.3259e-08,0.052242,0.053577
-9.0284e-08,0.052154,0.053653
-8.6793e-08,0.05207,0.05373
-8.2776e-08,0.051988,0.053808
-7.8223e-08,0.05191,0.053886
-7.3126e-08,0.051836,0.053964
-6.748e-08,0.051765,0.054042
-6.128e-08,0.051698,0.054121
-5.4524e-08,0.051634,0.054199
-4.7212e-08,0.051575,0.054277
-3.9348e-08,0.051519,0.054355
-3.0935e-08,0.051468,0.054433
-2.1982e-08,0.05142,0.05451
-1.2497e-08,0.051376,0.054587
-2.4927e-09,0.051336,0.054662
8.0149e-09,0.0513,0.054737
1.9008e-08,0.051267,0.054811
3.0467e-08,0.051238,0.054884
4.2367e-08,0.051212,0.054956
5.4683e-08,0.051189,0.055027
6.7383e-08,0.05117,0.055097
8.0437e-08,0.051153,0.055166
9.3808e-08,0.05114,0.055233
1.0746e-07,0.051129,0.055299
1.2134e-07,0.05112,0.055364
1.3542e-07,0.051113,0.055427
1.4965e-07,0.051108,0.055489
1.6397e-07,0.051105,0.055549
1.7833e-07,0.051104,0.055608
1.9267e-07,0.051104,0.055666
2.0694e-07,0.051104,0.055722
2.2108e-07,0.051106,0.055777
2.3502e-07,0.051108,0.055831
2.4869e-07,0.05111,0.055883
2.6203e-07,0.051112,0.055934
2.7496e-07,0.051114,0.055983
2.8742e-07,0.051115,0.056031
2.9933e-07,0.051116,0.056078
3.1061e-07,0.051115,0.056124
3.2119e-07,0.051114,0.056168
3.3099e-07,0.051111,0.056211
3.3993e-07,0.051106,0.056253
3.4794e-07,0.051099,0.056293
3.5493e-07,0.051091,0.056333
3.6083e-07,0.05108,0.056371
3.6557e-07,0.051067,0.056408
3.6905e-07,0.051052,0.056444
3.7121e-07,0.051034,0.056479
3.7198e-07,0.051013,0.056512
3.7128e-07,0.050989,0.056545
3.6904e-07,0.050962,0.056577
3.6519e-07,0.050932,0.056607
3.5968e-07,0.050899,0.056636
3.5245e-07,0.050862,0.056664
3.4343e-07,0.050822,0.056691
3.3257e-07,0.050779,0.056717
3.1984e-07,0.050733,0.056742
3.0518e-07,0.050684,0.056766
2.8857e-07,0.050631,0.056789
2.6997e-07,0.050575,0.05681
2.4936e-07,0.050516,0.056831
2.2673e-07,0.050453,0.05685
2.0207e-07,0.050388,0.056868
1.7537e-07,0.050319,0.056885
1.4665e-07,0.050248,0.056901
1.1592e-07,0.050174,0.056916
8.3204e-08,0.050097,0.056929
4.8543e-08,0.050018,0.056942
1.1977e-08,0.049937,0.056953
-2.644e-08,0.049853,0.056963
-6.6642e-08,0.049768,0.056973
-1.0856e-07,0.04968,0.056981
-1.521e-07,0.049591,0.056988
-1.9717e-07,0.049501,0.056993
-2.4366e-07,0.049409,0.056998
-2.9146e-07,0.049316,0.057002
-3.4044e-07,0.049223,0.057005
-3.9045e-07,0.049128,0.057007
-4.4135e-07,0.049034,0.057008
-4.9298e-07,0.048939,0.057008
-5.4515e-07,0.048845,0.057007
-5.9769e-07,0.048751,0.057005
-6.5041e-07,0.048657,0.057003
-7.031e-07,0.048564,0.056999
-7.5554e-07,0.048472,0.056995
-8.0751e-07,0.048381,0.05699
-8.5878e-07,0.048292,0.056985
-9.091e-07,0.048204,0.056978
-9.5823e-07,0.048119,0.056971
-1.0059e-06,0.048035,0.056964
-1.0519e-06,0.047954,0.056956
-1.0959e-06,0.047875,0.056947
-1.1376e-06,0.047799,0.056938
-1.1768e-06,0.047725,0.056928
-1.2131e-06,0.047655,0.056918
-1.2464e-06,0.047588,0.056907
-1.2763e-06,0.047525,0.056895
-1.3025e-06,0.047465,0.056884
-1.3247e-06,0.047408,0.056871
-1.3426e-06,0.047356,0.056859
-1.3561e-06,0.047307,0.056845
-1.3647e-06,0.047263,0.056832
-1.3683e-06,0.047223,0.056817
-1.3665e-06,0.047187,0.056803
-1.3591e-06,0.047156,0.056788
-1.3458e-06,0.047129,0.056772
-1.3265e-06,0.047107,0.056756
-1.3009e-06,0.04709,0.056739
-1.2688e-06,0.047077,0.056722
-1.23e-06,0.047069,0.056704
-1.1843e-06,0.047065,0.056686
-1.1317e-06,0.047067,0.056668
-1.0719e-06,0.047073,0.056648
-1.0048e-06,0.047085,0.056629
-9.304e-07,0.047101,0.056608
-8.4861e-07,0.047122,0.056587
-7.5939e-07,0.047147,0.056566
-6.6275e-07,0.047178,0.056544
-5.587e-07,0.047213,0.056521
-4.4731e-07,0.047253,0.056498
-3.2868e-07,0.047297,0.056474
-2.0291e-07,0.047346,0.05645
-7.0183e-08,0.047399,0.056425
6.9314e-08,0.047457,0.0564
2.1535e-07,0.047518,0.056374
3.6764e-07,0.047584,0.056347
5.2589e-07,0.047654,0.05632
6.8974e-07,0.047727,0.056293
8.5881e-07,0.047805,0.056265
1.0327e-06,0.047885,0.056237
1.2108e-06,0.047969,0.056209
1.3928e-06,0.048056,0.05618
1.578e-06,0.048146,0.056151
1.7658e-06,0.048239,0.056122
1.9557e-06,0.048335,0.056093
2.147e-06,0.048433,0.056063
2.3388e-06,0.048533,0.056034
2.5306e-06,0.048635,0.056004
2.7214e-06,0.048739,0.055974
2.9106e-06,0.048844,0.055945
3.0972e-06,0.048951,0.055915
3.2803e-06,0.049059,0.055886
3.459e-06,0.049168,0.055857
3.6324e-06,0.049277,0.055828
3.7996e-06,0.049387,0.0558
3.9594e-06,0.049497,0.055772
4.111e-06,0.049608,0.055745
4.2533e-06,0.049718,0.055718
4.3852e-06,0.049827,0.055691
4.5057e-06,0.049936,0.055665
4.6138e-06,0.050044,0.05564
4.7083e-06,0.050152,0.055616
4.7883e-06,0.050257,0.055593
4.8527e-06,0.050362,0.05557
4.9004e-06,0.050464,0.055548
4.9305e-06,0.050565,0.055528
4.9419e-06,0.050663,0.055508
4.9337e-06,0.05076,0.05549
4.9049e-06,0.050854,0.055472
4.8547e-06,0.050945,0.055456
4.7822e-06,0.051033,0.055442
4.6865e-06,0.051118,0.055428
4.5669e-06,0.051201,0.055416
4.4228e-06,0.051279,0.055406
4.2535e-06,0.051355,0.055397
4.0584e-06,0.051427,0.055389
3.837e-06,0.051495,0.055383
3.589e-06,0.051559,0.055379
3.3141e-06,0.05162,0.055376
3.0121e-06,0.051676,0.055375
2.6827e-06,0.051728,0.055376
2.3261e-06,0.051777,0.055379
1.9424e-06,0.05182,0.055384
1.5317e-06,0.05186,0.05539
1.0944e-06,0.051895,0.055398
6.3103e-07,0.051926,0.055409
1.4215e-07,0.051952,0.055421
-3.7151e-07,0.051974,0.055435
-9.0904e-07,0.051992,0.055451
-1.4694e-06,0.052005,0.055469
-2.0515e-06,0.052013,0.055489
-2.654e-06,0.052017,0.055511
-3.2753e-06,0.052017,0.055536
-3.9139e-06,0.052013,0.055561
-4.5681e-06,0.052004,0.055589
-5.2357e-06,0.051991,0.055619
-5.9149e-06,0.051974,0.055651
-6.6032e-06,0.051954,0.055684
-7.2984e-06,0.051929,0.05572
-7.9979e-06,0.0519,0.055757
-8.6989e-06,0.051868,0.055796
-9.3986e-06,0.051832,0.055836
-1.0094e-05,0.051793,0.055878
-1.0782e-05,0.05175,0.055921
-1.1459e-05,0.051704,0.055966
-1.2123e-05,0.051655,0.056012
-1.2768e-05,0.051604,0.05606
-1.3392e-05,0.051549,0.056108
-1.3992e-05,0.051492,0.056158
-1.4562e-05,0.051433,0.056208
-1.51e-05,0.051371,0.056259
-1.5601e-05,0.051308,0.056311
-1.6061e-05,0.051242,0.056363
-1.6476e-05,0.051175,0.056416
-1.6842e-05,0.051107,0.056469
-1.7154e-05,0.051037,0.056522
-1.7409e-05,0.050965,0.056576
-1.7602e-05,0.050893,0.056629
-1.7729e-05,0.05082,0.056681
-1.7786e-05,0.050746,0.056734
-1.7768e-05,0.050672,0.056785
-1.7673e-05,0.050597,0.056836
-1.7494e-05,0.050522,0.056887
-1.723e-05,0.050448,0.056936
-1.6876e-05,0.050373,0.056984
-1.6428e-05,0.050299,0.05703
-1.5883e-05,0.050225,0.057076
-1.5238e-05,0.050151,0.057119
-1.4489e-05,0.050079,0.057162
-1.3635e-05,0.050007,0.057202
-1.2671e-05,0.049936,0.05724
-1.1596e-05,0.049867,0.057276
-1.0408e-05,0.049798,0.057311
-9.105e-06,0.049731,0.057343
-7.6851e-06,0.049665,0.057372
-6.1474e-06,0.049601,0.057399
-4.4911e-06,0.049538,0.057424
-2.7157e-06,0.049477,0.057447
-8.2115e-07,0.049418,0.057466
1.1923e-06,0.049361,0.057483
3.3239e-06,0.049305,0.057498
5.5725e-06,0.049252,0.05751
7.9366e-06,0.0492,0.057519
1.0414e-05,0.049151,0.057525
1.3003e-05,0.049103,0.057529
1.5699e-05,0.049058,0.05753
1.8501e-05,0.049015,0.057528
2.1403e-05,0.048975,0.057524
2.4402e-05,0.048936,0.057517
2.7492e-05,0.0489,0.057508
3.067e-05,0.048866,0.057496
3.3928e-05,0.048835,0.057481
3.726e-05,0.048806,0.057465
4.0662e-05,0.048779,0.057446
4.4124e-05,0.048755,0.057425
4.7639e-05,0.048733,0.057401
5.1201e-05,0.048713,0.057376
5.48e-05,0.048696,0.057349
5.8428e-05,0.048682,0.057319
6.2076e-05,0.04867,0.057288
6.5735e-05,0.04866,0.057255
6.9395e-05,0.048653,0.057221
7.3046e-05,0.048648,0.057185
7.6678e-05,0.048646,0.057148
8.0282e-05,0.048646,0.057109
8.3846e-05,0.048648,0.057069
8.736e-05,0.048653,0.057028
9.0813e-05,0.048661,0.056986
9.4195e-05,0.048671,0.056943
9.7496e-05,0.048683,0.056898
0.0001007,0.048698,0.056853
0.00010381,0.048715,0.056808
0.0001068,0.048735,0.056761
0.00010967,0.048757,0.056714
0.00011241,0.048781,0.056666
0.000115,0.048808,0.056618
0.00011744,0.048837,0.056569
0.00011972,0.048869,0.056519
0.00012184,0.048903,0.05647
0.00012377,0.048939,0.056419
0.00012553,0.048978,0.056369
0.00012709,0.049019,0.056317
0.00012846,0.049062,0.056266
0.00012962,0.049107,0.056214
0.00013058,0.049155,0.056162
0.00013133,0.049205,0.056109
0.00013187,0.049257,0.056056
0.00013219,0.049312,0.056002
0.0001323,0.049369,0.055948
0.00013219,0.049428,0.055894
0.00013187,0.049489,0.055839
0.00013133,0.049553,0.055783
0.00013058,0.049618,0.055727
0.00012962,0.049686,0.055671
0.00012846,0.049756,0.055613
0.00012709,0.049828,0.055555
0.00012553,0.049902,0.055497
0.00012377,0.049979,0.055438
0.00012184,0.050057,0.055377
0.00011972,0.050137,0.055317
0.00011744,0.05022,0.055255
0.000115,0.050304,0.055193
0.00011241,0.05039,0.055129
0.00010967,0.050478,0.055065
0.0001068,0.050568,0.055
0.00010381,0.05066,0.054935
0.0001007,0.050753,0.054868
9.7496e-05,0.050848,0.054801
9.4195e-05,0.050945,0.054732
9.0813e-05,0.051043,0.054663
8.736e-05,0.051142,0.054593
8.3846e-05,0.051243,0.054523
8.0282e-05,0.051345,0.054452
7.6678e-05,0.051448,0.05438
7.3046e-05,0.051552,0.054308
6.9395e-05,0.051656,0.054235
6.5735e-05,0.051762,0.054162
6.2076e-05,0.051868,0.054088
5.8428e-05,0.051975,0.054014
5.48e-05,0.052081,0.05394
5.1201e-05,0.052188,0.053866
4.7639e-05,0.052295,0.053792
4.4124e-05,0.052402,0.053718
4.0662e-05,0.052508,0.053644
3.726e-05,0.052614,0.053571
3.3928e-05,0.052719,0.053499
3.067e-05,0.052823,0.053427
2.7492e-05,0.052926,0.053356
2.4402e-05,0.053028,0.053286
2.1403e-05,0.053128,0.053218
1.8501e-05,0.053226,0.05315
1.5699e-05,0.053322,0.053084
1.3003e-05,0.053417,0.05302
1.0414e-05,0.053508,0.052958
7.9366e-06,0.053597,0.052898
5.5725e-06,0.053684,0.052841
3.3239e-06,0.053767,0.052786
1.1923e-06,0.053847,0.052733
-8.2114e-07,0.053924,0.052684
-2.7157e-06,0.053997,0.052637
-4.4911e-06,0.054066,0.052594
-6.1474e-06,0.054132,0.052555
-7.6851e-06,0.054193,0.052519
-9.105e-06,0.05425,0.052487
-1.0408e-05,0.054302,0.05246
-1.1596e-05,0.05435,0.052437
-1.2671e-05,0.054394,0.052419
-1.3635e-05,0.054432,0.052405
-1.4489e-05,0.054466,0.052397
-1.5238e-05,0.054495,0.052394
-1.5883e-05,0.054518,0.052396
-1.6428e-05,0.054536,0.052405
-1.6876e-05,0.05455,0.052419
-1.723e-05,0.054557,0.052439
-1.7494e-05,0.05456,0.052466
-1.7673e-05,0.054557,0.052499
-1.7768e-05,0.054549,0.052538
-1.7786e-05,0.054536,0.052585
-1.7729e-05,0.054517,0.052639
-1.7602e-05,0.054494,0.052699
-1.7409e-05,0.054465,0.052767
-1.7154e-05,0.05443,0.052842
-1.6842e-05,0.054391,0.052925
-1.6476e-05,0.054347,0.053016
-1.6061e-05,0.054298,0.053114
-1.5601e-05,0.054245,0.053219
-1.51e-05,0.054187,0.053333
-1.4562e-05,0.054124,0.053454
-1.3992e-05,0.054057,0.053583
-1.3392e-05,0.053986,0.05372
-1.2768e-05,0.053911,0.053865
-1.2123e-05,0.053833,0.054017
-1.1459e-05,0.05375,0.054177
-1.0782e-05,0.053665,0.054344
-1.0094e-05,0.053576,0.054519
-9.3986e-06,0.053484,0.054701
-8.6989e-06,0.05339,0.054889
-7.9979e-06,0.053293,0.055085
-7.2984e-06,0.053194,0.055288
-6.6032e-06,0.053093,0.055496
-5.9149e-06,0.05299,0.055711
-5.2357e-06,0.052886,0.055932
-4.5681e-06,0.05278,0.056158
-3.9139e-06,0.052674,0.056389
-3.2753e-06,0.052567,0.056625
-2.654e-06,0.052459,0.056866
-2.0515e-06,0.052351,0.05711
-1.4694e-06,0.052244,0.057358
-9.0905e-07,0.052136,0.057609
-3.7151e-07,0.052029,0.057863
1.4214e-07,0.051923,0.058119
6.3103e-07,0.051819,0.058376
1.0944e-06,0.051715,0.058635
1.5317e-06,0.051613,0.058894
1.9424e-06,0.051513,0.059153
2.3261e-06,0.051415,0.059411
2.6827e-06,0.051319,0.059668
3.0121e-06,0.051225,0.059924
3.3141e-06,0.051134,0.060177
3.589e-06,0.051046,0.060427
3.837e-06,0.050961,0.060674
4.0584e-06,0.05088,0.060916
4.2535e-06,0.050801,0.061154
4.4228e-06,0.050727,0.061387
4.5669e-06,0.050656,0.061614
4.6865e-06,0.050588,0.061835
4.7822e-06,0.050525,0.062048
4.8547e-06,0.050466,0.062255
4.9049e-06,0.050411,0.062453
4.9337e-06,0.05036,0.062643
4.9419e-06,0.050314,0.062824
4.9305e-06,0.050272,0.062996
4.9004e-06,0.050235,0.063158
4.8527e-06,0.050202,0.06331
4.7883e-06,0.050174,0.063452
4.7083e-06,0.050151,0.063582
4.6138e-06,0.050132,0.063702
4.5057e-06,0.050118,0.06381
4.3852e-06,0.050108,0.063907
4.2533e-06,0.050103,0.063992
4.111e-06,0.050102,0.064066
3.9594e-06,0.050106,0.064127
3.7996e-06,0.050114,0.064176
3.6324e-06,0.050127,0.064213
3.459e-06,0.050143,0.064239
3.2803e-06,0.050164,0.064252
3.0972e-06,0.050189,0.064253
2.9106e-06,0.050218,0.064243
2.7215e-06,0.05025,0.06422
2.5306e-06,0.050286,0.064187
2.3388e-06,0.050325,0.064142
2.147e-06,0.050368,0.064087
1.9558e-06,0.050413,0.06402
1.7659e-06,0.050461,0.063944
1.578e-06,0.050512,0.063858
1.3928e-06,0.050565,0.063762
1.2108e-06,0.050621,0.063657
1.0327e-06,0.050678,0.063543
8.5884e-07,0.050738,0.063421
6.8977e-07,0.050798,0.063292
5.2592e-07,0.05086,0.063156
3.6767e-07,0.050923,0.063012
2.1538e-07,0.050987,0.062863
6.9343e-08,0.051052,0.062708
-7.0154e-08,0.051116,0.062549
-2.0288e-07,0.051181,0.062385
-3.2865e-07,0.051245,0.062217
-4.4729e-07,0.051309,0.062045
-5.5868e-07,0.051373,0.061872
-6.6272e-07,0.051435,0.061696
-7.5937e-07,0.051497,0.061518
-8.4859e-07,0.051556,0.06134
-9.3038e-07,0.051615,0.061162
-1.0048e-06,0.051671,0.060983
-1.0719e-06,0.051725,0.060805
-1.1317e-06,0.051778,0.060629
-1.1843e-06,0.051827,0.060455
-1.23e-06,0.051874,0.060282
-1.2688e-06,0.051919,0.060113
-1.3009e-06,0.05196,0.059946
-1.3265e-06,0.051998,0.059784
-1.3458e-06,0.052033,0.059625
-1.3591e-06,0.052065,0.059471
-1.3665e-06,0.052093,0.059322
-1.3683e-06,0.052118,0.059178
-1.3647e-06,0.052139,0.059039
-1.3561e-06,0.052157,0.058906
-1.3427e-06,0.052171,0.058779
-1.3247e-06,0.052181,0.058658
-1.3025e-06,0.052187,0.058544
-1.2763e-06,0.05219,0.058437
-1.2465e-06,0.052189,0.058336
-1.2132e-06,0.052185,0.058242
-1.1768e-06,0.052176,0.058154
-1.1377e-06,0.052165,0.058074
-1.0959e-06,0.052149,0.058001
-1.052e-06,0.052131,0.057935
-1.006e-06,0.052109,0.057875
-9.5831e-07,0.052084,0.057823
-9.0918e-07,0.052056,0.057777
-8.5886e-07,0.052025,0.057738
-8.076e-07,0.051991,0.057706
-7.5563e-07,0.051955,0.057679
-7.0319e-07,0.051917,0.057659
-6.5051e-07,0.051876,0.057645
-5.978e-07,0.051833,0.057637
-5.4526e-07,0.051789,0.057634
-4.9308e-07,0.051743,0.057636
-4.4146e-07,0.051696,0.057643
-3.9056e-07,0.051647,0.057654
-3.4055e-07,0.051598,0.05767
-2.9157e-07,0.051548,0.05769
-2.4377e-07,0.051498,0.057713
-1.9728e-07,0.051447,0.057739
-1.5221e-07,0.051396,0.057768
-1.0867e-07,0.051346,0.057799
-6.6753e-08,0.051296,0.057833
-2.6549e-08,0.051247,0.057868
1.187e-08,0.051198,0.057904
4.8439e-08,0.051151,0.057941
8.3105e-08,0.051105,0.057979
1.1582e-07,0.05106,0.058016
1.4656e-07,0.051017,0.058054
1.7528e-07,0.050976,0.05809
2.0199e-07,0.050937,0.058125
2.2666e-07,0.0509,0.058159
2.493e-07,0.050865,0.058191
2.6991e-07,0.050833,0.058221
2.8852e-07,0.050803,0.058248
3.0514e-07,0.050776,0.058272
3.1981e-07,0.050752,0.058293
3.3255e-07,0.050731,0.058311
3.4342e-07,0.050713,0.058324
3.5245e-07,0.050698,0.058334
3.597e-07,0.050686,0.058339
3.6522e-07,0.050677,0.058339
3.6908e-07,0.050671,0.058335
3.7133e-07,0.050668,0.058326
3.7205e-07,0.050668,0.058311
3.713e-07,0.050672,0.058291
3.6915e-07,0.050678,0.058266
3.6568e-07,0.050688,0.058235
3.6096e-07,0.0507,0.058198
3.5508e-07,0.050716,0.058155
3.481e-07,0.050734,0.058107
3.4011e-07,0.050755,0.058053
3.3118e-07,0.050778,0.057993
3.214e-07,0.050804,0.057927
3.1084e-07,0.050831,0.057855
2.9957e-07,0.050862,0.057777
2.8768e-07,0.050894,0.057694
2.7524e-07,0.050927,0.057606
2.6232e-07,0.050963,0.057512
2.4899e-07,0.050999,0.057413
2.3534e-07,0.051037,0.057309
2.2141e-07,0.051076,0.057201
2.0729e-07,0.051116,0.057087
1.9303e-07,0.051156,0.05697
1.787e-07,0.051197,0.056849
1.6435e-07,0.051238,0.056723
1.5004e-07,0.051279,0.056595
1.3582e-07,0.051319,0.056463
1.2175e-07,0.051359,0.056329
1.0787e-07,0.051398,0.056193
9.4222e-08,0.051437,0.056055
8.0854e-08,0.051474,0.055915
6.7802e-08,0.05151,0.055774
5.5101e-08,0.051544,0.055632
4.2784e-08,0.051576,0.05549
3.088e-08,0.051606,0.055348
1.9416e-08,0.051635,0.055207
8.4154e-09,0.05166,0.055067
-2.1015e-09,0.051684,0.054929
-1.2117e-08,0.051704,0.054793
-2.1615e-08,0.051722,0.054659
-3.0584e-08,0.051737,0.054528
-3.9015e-08,0.051749,0.054401
-4.6899e-08,0.051757,0.054277
-5.4232e-08,0.051762,0.054158
-6.1013e-08,0.051764,0.054044
-6.724e-08,0.051763,0.053936
-7.2915e-08,0.051757,0.053833
-7.8043e-08,0.051748,0.053736
-8.263e-08,0.051736,0.053646
-8.6683e-08,0.05172,0.053563
-9.0211e-08,0.0517,0.053487
-9.3226e-08,0.051677,0.053419
-9.5741e-08,0.05165,0.05336
-9.7768e-08,0.051619,0.053309
-9.9323e-08,0.051585,0.053267
-1.0042e-07,0.051547,0.053234
-1.0108e-07,0.051506,0.05321
-1.0132e-07,0.051462,0.053197
-1.0116e-07,0.051415,0.053193
-1.0062e-07,0.051365,0.0532
-9.9713e-08,0.051311,0.053218
-9.8465e-08,0.051255,0.053245
-9.6896e-08,0.051197,0.053284
-9.5028e-08,0.051136,0.053334
-9.288e-08,0.051073,0.053394
-9.0476e-08,0.051008,0.053466
-8.7836e-08,0.050941,0.053548
-8.4981e-08,0.050873,0.053642
-8.1932e-08,0.050803,0.053747
-7.8711e-08,0.050732,0.053862
-7.5338e-08,0.050659,0.053989
-7.1832e-08,0.050587,0.054126
-6.8215e-08,0.050513,0.054274
-6.4504e-08,0.05044,0.054431
-6.0718e-08,0.050366,0.054599
-5.6877e-08,0.050292,0.054777
-5.2996e-08,0.050219,0.054965
-4.9093e-08,0.050146,0.055161
-4.5185e-08,0.050074,0.055366
-4.1285e-08,0.050004,0.05558
-3.7409e-08,0.049934,0.055802
-3.3572e-08,0.049866,0.056032
-2.9784e-08,0.049799,0.056268
-2.606e-08,0.049734,0.056511
-2.241e-08,0.049671,0.056761
-1.8845e-08,0.049611,0.057016
-1.5375e-08,0.049552,0.057276
-1.2008e-08,0.049496,0.05754
-8.7531e-09,0.049442,0.057809
-5.6171e-09,0.049391,0.05808
-2.6067e-09,0.049343,0.058355
2.7255e-10,0.049298,0.058631
3.0156e-09,0.049255,0.05891
5.6183e-09,0.049216,0.059189
8.0772e-09,0.049179,0.059468
1.039e-08,0.049146,0.059747
1.2553e-08,0.049116,0.060025
1.4567e-08,0.049089,0.060301
1.6431e-08,0.049065,0.060575
1.8143e-08,0.049044,0.060846
1.9705e-08,0.049027,0.061114
2.1118e-08,0.049013,0.061378
2.2384e-08,0.049001,0.061637
2.3503e-08,0.048993,0.061891
2.448e-08,0.048989,0.06214
2.5316e-08,0.048987,0.062382
2.6015e-08,0.048988,0.062618
2.6582e-08,0.048992,0.062846
2.7019e-08,0.048999,0.063068
2.7332e-08,0.049008,0.063281
2.7525e-08,0.049021,0.063485
2.7602e-08,0.049036,0.063682
2.757e-08,0.049053,0.063869
2.7433e-08,0.049073,0.064046
2.7196e-08,0.049095,0.064215
2.6866e-08,0.04912,0.064373
2.6448e-08,0.049147,0.064521
2.5947e-08,0.049176,0.064659
2.537e-08,0.049207,0.064787
2.4723e-08,0.04924,0.064904
2.401e-08,0.049274,0.06501
2.3238e-08,0.049311,0.065106
2.2413e-08,0.049349,0.065191
2.1541e-08,0.049388,0.065265
2.0626e-08,0.049429,0.065329
1.9675e-08,0.049472,0.065382
1.8692e-08,0.049515,0.065424
1.7684e-08,0.04956,0.065456
1.6655e-08,0.049606,0.065477
1.5609e-08,0.049653,0.065489
1.4553e-08,0.049702,0.06549
1.349e-08,0.049751,0.065481
1.2426e-08,0.049801,0.065463
1.1363e-08,0.049852,0.065435
1.0306e-08,0.049903,0.065398
9.2592e-09,0.049955,0.065352
8.2258e-09,0.050008,0.065298
7.2092e-09,0.050062,0.065235
6.2126e-09,0.050116,0.065164
5.2387e-09,0.050171,0.065085
4.2904e-09,0.050226,0.064998
3.3701e-09,0.050282,0.064905
2.4799e-09,0.050338,0.064804
1.622e-09,0.050395,0.064697
7.9806e-10,0.050451,0.064584
9.7338e-12,0.050509,0.064465
-7.4164e-10,0.050567,0.064341
-1.4549e-09,0.050625,0.064211
-2.1291e-09,0.050683,0.064077
-2.7634e-09,0.050741,0.063938
-3.3573e-09,0.0508,0.063796
-3.9104e-09,0.05086,0.063649
-4.4224e-09,0.050919,0.063499
-4.8934e-09,0.050979,0.063347
-5.3235e-09,0.051038,0.063191
-5.7128e-09,0.051098,0.063033
-6.0618e-09,0.051159,0.062873
-6.3712e-09,0.051219,0.062712
-6.6414e-09,0.051279,0.062549
-6.8733e-09,0.05134,0.062385
-7.0679e-09,0.0514,0.06222
-7.2261e-09,0.051461,0.062055
-7.3491e-09,0.051521,0.061889
-7.4379e-09,0.051582,0.061724
-7.4939e-09,0.051642,0.061558
-7.5184e-09,0.051702,0.061394
-7.5128e-09,0.051762,0.06123
-7.4785e-09,0.051822,0.061067
-7.4169e-09,0.051881,0.060905
-7.3297e-09,0.051941,0.060745
-7.2183e-09,0.051999,0.060586
-7.0844e-09,0.052058,0.060429
-6.9294e-09,0.052115,0.060273
-6.755e-09,0.052172,0.06012
-6.5627e-09,0.052229,0.059968
-6.3542e-09,0.052285,0.059819
-6.1309e-09,0.05234,0.059672
-5.8945e-09,0.052394,0.059527
-5.6465e-09,0.052447,0.059385
-5.3884e-09,0.052499,0.059245
-5.1216e-09,0.05255,0.059108
-4.8476e-09,0.0526,0.058973
-4.5678e-09,0.052648,0.058841
-4.2835e-09,0.052696,0.058711
-3.996e-09,0.052741,0.058584
-3.7066e-09,0.052786,0.058459
-3.4166e-09,0.052828,0.058337
-3.1269e-09,0.052869,0.058217
-2.8388e-09,0.052909,0.0581
-2.5533e-09,0.052946,0.057985
-2.2714e-09,0.052982,0.057873
-1.9939e-09,0.053016,0.057764
-1.7218e-09,0.053047,0.057656
-1.4558e-09,0.053077,0.057551
-1.1966e-09,0.053104,0.057449
-9.4504e-10,0.053129,0.057348
-7.0163e-10,0.053152,0.05725
-4.6694e-10,0.053173,0.057155
-2.4145e-10,0.053191,0.057062
-2.5625e-11,0.053206,0.056971
1.8017e-10,0.053219,0.056882
3.7562e-10,0.053229,0.056796
5.6045e-10,0.053236,0.056712
7.3444e-10,0.053241,0.05663
8.9744e-10,0.053243,0.056551
1.0493e-09,0.053242,0.056475
1.19e-09,0.053238,0.056401
1.3196e-09,0.053232,0.056329
1.4379e-09,0.053222,0.056261
1.5452e-09,0.05321,0.056195
1.6415e-09,0.053194,0.056133
1.7269e-09,0.053175,0.056073
1.8017e-09,0.053154,0.056017
1.866e-09,0.053129,0.055964
1.9201e-09,0.053102,0.055915
1.9643e-09,0.053071,0.055869
1.9988e-09,0.053037,0.055828
2.024e-09,0.053001,0.05579
2.0402e-09,0.052961,0.055757
2.0478e-09,0.052918,0.055729
2.0471e-09,0.052873,0.055705
2.0386e-09,0.052824,0.055686
2.0227e-09,0.052772,0.055673
1.9996e-09,0.052718,0.055665
1.97e-09,0.052661,0.055663
1.9341e-09,0.052601,0.055667
1.8925e-09,0.052538,0.055678
1.8456e-09,0.052473,0.055694
1.7937e-09,0.052405,0.055718
1.7374e-09,0.052334,0.055748
1.677e-09,0.052261,0.055786
1.6129e-09,0.052186,0.055831
1.5457e-09,0.052108,0.055884
1.4757e-09,0.052028,0.055945
1.4032e-09,0.051946,0.056014
1.3288e-09,0.051861,0.056091
1.2527e-09,0.051775,0.056176
1.1754e-09,0.051687,0.056271
1.0971e-09,0.051597,0.056373
1.0184e-09,0.051505,0.056485
9.3934e-10,0.051411,0.056606
8.6041e-10,0.051316,0.056735
7.8188e-10,0.05122,0.056874
7.0401e-10,0.051123,0.057022
6.2708e-10,0.051024,0.057179
5.5135e-10,0.050925,0.057344
4.7705e-10,0.050824,0.057519
4.0439e-10,0.050723,0.057703
3.3359e-10,0.050621,0.057895
2.6482e-10,0.050519,0.058096
1.9826e-10,0.050417,0.058306
1.3406e-10,0.050315,0.058524
7.2356e-11,0.050212,0.058749
1.3269e-11,0.05011,0.058983
-4.3097e-11,0.050009,0.059224
-9.6651e-11,0.049907,0.059472
-1.4732e-10,0.049807,0.059727
-1.9504e-10,0.049708,0.059988
-2.3977e-10,0.049609,0.060255
-2.8148e-10,0.049512,0.060528
-3.2015e-10,0.049416,0.060806
-3.5576e-10,0.049322,0.061089
-3.8834e-10,0.04923,0.061376
-4.1789e-10,0.04914,0.061667
-4.4444e-10,0.049051,0.06196
-4.6803e-10,0.048965,0.062257
-4.8872e-10,0.048882,0.062555
-5.0654e-10,0.048801,0.062855
-5.2158e-10,0.048723,0.063155
-5.3391e-10,0.048647,0.063456
-5.4359e-10,0.048575,0.063756
-5.5073e-10,0.048506,0.064056
-5.5541e-10,0.048441,0.064354
-5.5773e-10,0.048378,0.06465
-5.5779e-10,0.04832,0.064943
-5.557e-10,0.048265,0.065232
-5.5157e-10,0.048214,0.065518
-5.455e-10,0.048166,0.0658
-5.3762e-10,0.048123,0.066076
-5.2803e-10,0.048084,0.066347
-5.1686e-10,0.048049,0.066611
-5.0422e-10,0.048018,0.066869
-4.9023e-10,0.047991,0.06712
-4.7501e-10,0.047969,0.067364
-4.5868e-10,0.04795,0.067599
-4.4134e-10,0.047937,0.067826
-4.2311e-10,0.047927,0.068044
-4.0411e-10,0.047922,0.068253
-3.8444e-10,0.047921,0.068453
-3.6422e-10,0.047924,0.068643
-3.4354e-10,0.047931,0.068823
-3.225e-10,0.047943,0.068992
-3.0121e-10,0.047958,0.069151
-2.7976e-10,0.047978,0.069299
-2.5824e-10,0.048002,0.069437
-2.3673e-10,0.04803,0.069563
-2.1532e-10,0.048061,0.069679
-1.9409e-10,0.048097,0.069783
-1.731e-10,0.048135,0.069877
-1.5243e-10,0.048178,0.069959
-1.3214e-10,0.048224,0.07003
-1.123e-10,0.048273,0.070091
-9.2953e-11,0.048325,0.07014
-7.4158e-11,0.048381,0.070179
-5.5958e-11,0.048439,0.070207
-3.8397e-11,0.0485,0.070224
-2.1512e-11,0.048564,0.070231
-5.3365e-12,0.04863,0.070228
1.01e-11,0.048698,0.070216
2.4774e-11,0.048769,0.070193
3.8663e-11,0.048842,0.070161
5.1752e-11,0.048916,0.070121
6.4027e-11,0.048992,0.070071
7.5479e-11,0.04907,0.070013
8.6103e-11,0.049149,0.069947
9.5896e-11,0.04923,0.069874
1.0486e-10,0.049311,0.069793
1.13e-10,0.049394,0.069704
1.2032e-10,0.049477,0.06961
1.2684e-10,0.04956,0.069508
1.3256e-10,0.049644,0.069401
1.375e-10,0.049729,0.069289
1.4168e-10,0.049813,0.069171
1.4511e-10,0.049897,0.069048
1.4783e-10,0.049981,0.068921
1.4985e-10,0.050065,0.06879
1.5119e-10,0.050148,0.068656
1.5189e-10,0.050231,0.068518
1.5198e-10,0.050313,0.068377
1.5147e-10,0.050394,0.068234
1.504e-10,0.050474,0.068088
1.4881e-10,0.050553,0.067941
1.4671e-10,0.050631,0.067792
1.4415e-10,0.050707,0.067642
1.4115e-10,0.050783,0.067492
1.3775e-10,0.050856,0.06734
1.3398e-10,0.050929,0.067189
1.2987e-10,0.050999,0.067038
1.2545e-10,0.051068,0.066887
1.2075e-10,0.051136,0.066737
1.1581e-10,0.051201,0.066588
1.1066e-10,0.051265,0.06644
1.0532e-10,0.051328,0.066293
9.9826e-11,0.051388,0.066148
9.4204e-11,0.051447,0.066005
8.8484e-11,0.051504,0.065863
8.2691e-11,0.051559,0.065724
7.6851e-11,0.051612,0.065587
7.0989e-11,0.051664,0.065453
6.5128e-11,0.051714,0.065321
5.9291e-11,0.051763,0.065192
5.35e-11,0.05181,0.065065
4.7775e-11,0.051856,0.064942
4.2134e-11,0.0519,0.064821
3.6595e-11,0.051942,0.064704
3.1176e-11,0.051984,0.064589
2.589e-11,0.052024,0.064477
2.0753e-11,0.052063,0.064369
1.5777e-11,0.0521,0.064263
1.0973e-11,0.052137,0.064161
6.3531e-12,0.052173,0.064061
1.9252e-12,0.052208,0.063965
-2.3023e-12,0.052242,0.063871
-6.3226e-12,0.052275,0.063781
-1.013e-11,0.052308,0.063693
-1.3719e-11,0.05234,0.063608
-1.7088e-11,0.052372,0.063526
-2.0232e-11,0.052403,0.063446
-2.315e-11,0.052434,0.063369
-2.5843e-11,0.052464,0.063295
-2.831e-11,0.052495,0.063223
-3.0551e-11,0.052525,0.063153
-3.257e-11,0.052555,0.063085
-3.4369e-11,0.052585,0.06302
-3.595e-11,0.052615,0.062956
-3.7319e-11,0.052645,0.062895
-3.848e-11,0.052675,0.062835
-3.9438e-11,0.052705,0.062777
-4.0199e-11,0.052736,0.06272
-4.0769e-11,0.052766,0.062666
-4.1156e-11,0.052797,0.062612
-4.1366e-11,0.052827,0.06256
-4.1406e-11,0.052858,0.062509
-4.1285e-11,0.052889,0.062459
-4.1011e-11,0.05292,0.06241
-4.0591e-11,0.052951,0.062362
-4.0035e-11,0.052982,0.062315
-3.9351e-11,0.053012,0.062269
-3.8546e-11,0.053043,0.062224
-3.7632e-11,0.053074,0.062179
-3.6615e-11,0.053105,0.062135
-3.5504e-11,0.053135,0.062091
-3.4309e-11,0.053165,0.062048
-3.3038e-11,0.053194,0.062005
-3.1699e-11,0.053223,0.061963
-3.0301e-11,0.053252,0.061921
-2.8852e-11,0.05328,0.06188
-2.7359e-11,0.053307,0.061839
-2.5831e-11,0.053333,0.061798
-2.4275e-11,0.053358,0.061757
-2.2699e-11,0.053382,0.061717
-2.1109e-11,0.053406,0.061678
-1.9513e-11,0.053427,0.061638
-1.7916e-11,0.053448,0.061599
-1.6325e-11,0.053467,0.061561
-1.4746e-11,0.053484,0.061523
-1.3184e-11,0.0535,0.061486
-1.1644e-11,0.053514,0.061449
-1.0132e-11,0.053526,0.061413
-8.6522e-12,0.053536,0.061377
-7.2081e-12,0.053544,0.061343
-5.8041e-12,0.05355,0.061309
-4.4436e-12,0.053553,0.061276
-3.1298e-12,0.053554,0.061245
-1.8656e-12,0.053553,0.061214
-6.5354e-13,0.053549,0.061185
5.0415e-13,0.053542,0.061157
1.6056e-12,0.053533,0.061131
2.6491e-12,0.053521,0.061107
3.6335e-12,0.053506,0.061084
4.5576e-12,0.053488,0.061063
5.4209e-12,0.053467,0.061044
6.2227e-12,0.053443,0.061027
6.9629e-12,0.053416,0.061012
7.6415e-12,0.053387,0.061
8.2589e-12,0.053354,0.06099
8.8154e-12,0.053318,0.060983
9.3118e-12,0.053279,0.060979
9.7491e-12,0.053236,0.060977
1.0128e-11,0.053191,0.060979
1.0451e-11,0.053142,0.060983
1.0718e-11,0.053091,0.060991
1.0931e-11,0.053036,0.061003
1.1092e-11,0.052979,0.061018
1.1202e-11,0.052918,0.061036
1.1265e-11,0.052854,0.061058
1.1281e-11,0.052788,0.061084
1.1252e-11,0.052718,0.061113
1.1182e-11,0.052646,0.061147
1.1072e-11,0.052571,0.061184
1.0924e-11,0.052494,0.061226
1.0742e-11,0.052413,0.061271
1.0526e-11,0.052331,0.061321
1.028e-11,0.052245,0.061374
1.0006e-11,0.052158,0.061432
9.706e-12,0.052068,0.061494
9.3829e-12,0.051976,0.06156
9.0387e-12,0.051882,0.06163
8.6759e-12,0.051785,0.061704
8.2967e-12,0.051687,0.061782
7.9033e-12,0.051588,0.061863
7.4979e-12,0.051486,0.061949
7.0826e-12,0.051383,0.062038
6.6595e-12,0.051279,0.062131
6.2306e-12,0.051173,0.062227
5.7978e-12,0.051066,0.062326
5.363e-12,0.050958,0.062429
4.928e-12,0.050849,0.062534
4.4943e-12,0.050739,0.062643
4.0637e-12,0.050628,0.062754
3.6376e-12,0.050517,0.062867
3.2175e-12,0.050405,0.062982
2.8048e-12,0.050293,0.0631
2.4005e-12,0.050181,0.063219
2.006e-12,0.050069,0.06334
1.6223e-12,0.049956,0.063462
1.2504e-12,0.049844,0.063584
8.9105e-13,0.049733,0.063708
5.4516e-13,0.049621,0.063832
2.134e-13,0.049511,0.063956
-1.0362e-13,0.049401,0.064081
-4.0535e-13,0.049292,0.064204
-6.9136e-13,0.049184,0.064328
-9.6129e-13,0.049077,0.06445
-1.2148e-12,0.048972,0.064571
-1.4518e-12,0.048867,0.064691
-1.6721e-12,0.048765,0.06481
-1.8755e-12,0.048664,0.064926
-2.0622e-12,0.048565,0.06504
-2.2322e-12,0.048467,0.065152
-2.3856e-12,0.048372,0.065262
-2.5226e-12,0.048278,0.065368
-2.6435e-12,0.048187,0.065472
-2.7485e-12,0.048099,0.065573
-2.838e-12,0.048012,0.06567
-2.9123e-12,0.047928,0.065763
-2.9719e-12,0.047847,0.065853
-3.0173e-12,0.047768,0.065939
-3.0489e-12,0.047692,0.06602
-3.0673e-12,0.047619,0.066098
-3.073e-12,0.047549,0.066172
-3.0666e-12,0.047482,0.066241
-3.0487e-12,0.047418,0.066305
-3.0198e-12,0.047357,0.066365
-2.9807e-12,0.047299,0.066421
-2.932e-12,0.047244,0.066471
-2.8742e-12,0.047192,0.066517
-2.808e-12,0.047143,0.066559
-2.7342e-12,0.047098,0.066595
-2.6532e-12,0.047056,0.066627
-2.5658e-12,0.047017,0.066654
-2.4727e-12,0.046982,0.066676
-2.3744e-12,0.046949,0.066693
-2.2715e-12,0.04692,0.066706
-2.1648e-12,0.046895,0.066714
-2.0547e-12,0.046872,0.066718
-1.9418e-12,0.046853,0.066717
-1.8268e-12,0.046836,0.066711
-1.7101e-12,0.046823,0.066701
-1.5923e-12,0.046813,0.066687
-1.4739e-12,0.046806,0.066668
-1.3553e-12,0.046802,0.066645
-1.2372e-12,0.046801,0.066619
-1.1197e-12,0.046803,0.066588
-1.0035e-12,0.046808,0.066553
-8.889e-13,0.046815,0.066515
-7.7623e-13,0.046825,0.066473
-6.6585e-13,0.046838,0.066428
-5.5809e-13,0.046854,0.066379
-4.5324e-13,0.046872,0.066327
-3.5156e-13,0.046892,0.066272
-2.533e-13,0.046915,0.066215
-1.5868e-13,0.046941,0.066154
-6.7882e-14,0.046968,0.06609
1.8912e-14,0.046998,0.066025
1.0156e-13,0.04703,0.065956
1.7993e-13,0.047064,0.065886
2.5394e-13,0.0471,0.065813
3.2349e-13,0.047138,0.065738
3.8852e-13,0.047178,0.065661
4.4901e-13,0.04722,0.065583
5.0493e-13,0.047263,0.065503
5.5627e-13,0.047308,0.065422
6.0306e-13,0.047355,0.065339
6.4533e-13,0.047404,0.065255
6.8313e-13,0.047454,0.06517
7.1652e-13,0.047505,0.065084
7.4558e-13,0.047559,0.064997
7.7041e-13,0.047613,0.064909
7.9109e-13,0.047669,0.064821
8.0776e-13,0.047726,0.064732
8.2053e-13,0.047784,0.064643
8.2954e-13,0.047843,0.064554
8.3493e-13,0.047904,0.064465
8.3684e-13,0.047965,0.064375
8.3545e-13,0.048028,0.064286
8.3089e-13,0.048091,0.064197
8.2335e-13,0.048155,0.064108
8.1299e-13,0.048221,0.06402
7.9998e-13,0.048287,0.063932
7.845e-13,0.048353,0.063845
7.6672e-13,0.04842,0.063759
7.4682e-13,0.048488,0.063673
7.2498e-13,0.048557,0.063589
7.0137e-13,0.048626,0.063505
6.7616e-13,0.048695,0.063423
6.4954e-13,0.048764,0.063341
6.2166e-13,0.048834,0.063261
5.9269e-13,0.048904,0.063183
5.628e-13,0.048974,0.063106
5.3215e-13,0.049045,0.06303
5.0088e-13,0.049115,0.062956
4.6915e-13,0.049185,0.062884
4.3711e-13,0.049255,0.062813
4.0489e-13,0.049325,0.062744
3.7262e-13,0.049394,0.062677
3.4043e-13,0.049463,0.062613
3.0844e-13,0.049532,0.06255
2.7677e-13,0.049601,0.062489
2.4552e-13,0.049668,0.06243
2.148e-13,0.049736,0.062374
1.8469e-13,0.049802,0.06232
1.5528e-13,0.049868,0.062268
1.2667e-13,0.049933,0.062219
9.8905e-14,0.049997,0.062172
7.207e-14,0.050061,0.062128
4.622e-14,0.050123,0.062086
2.1409e-14,0.050184,0.062047
-2.3158e-15,0.050245,0.06201
-2.4914e-14,0.050304,0.061976
-4.6352e-14,0.050362,0.061945
-6.6601e-14,0.050419,0.061917
-8.5639e-14,0.050475,0.061891
-1.0345e-13,0.050529,0.061869
-1.2002e-13,0.050582,0.061849
-1.3535e-13,0.050634,0.061832
-1.4943e-13,0.050684,0.061818
-1.6227e-13,0.050732,0.061808
-1.7388e-13,0.05078,0.0618
-1.8427e-13,0.050825,0.061796
-1.9346e-13,0.050869,0.061794
-2.0146e-13,0.050912,0.061796
-2.0832e-13,0.050953,0.061802
-2.1404e-13,0.050992,0.06181
-2.1867e-13,0.051029,0.061822
-2.2223e-13,0.051065,0.061837
-2.2477e-13,0.051098,0.061856
-2.2632e-13,0.05113,0.061878
-2.2692e-13,0.05116,0.061903
-2.2662e-13,0.051188,0.061932
-2.2545e-13,0.051214,0.061964
-2.2348e-13,0.051238,0.062
-2.2073e-13,0.05126,0.062039
-2.1726e-13,0.05128,0.062082
-2.1311e-13,0.051297,0.062128
-2.0834e-13,0.051313,0.062178
-2.0299e-13,0.051326,0.062231
-1.9711e-13,0.051337,0.062288
-1.9075e-13,0.051345,0.062348
-1.8396e-13,0.051351,0.062411
-1.7677e-13,0.051355,0.062478
-1.6925e-13,0.051356,0.062548
-1.6143e-13,0.051355,0.062621
-1.5336e-13,0.051351,0.062697
-1.4508e-13,0.051344,0.062777
-1.3664e-13,0.051334,0.062859
-1.2808e-13,0.051322,0.062944
-1.1943e-13,0.051307,0.063032
-1.1073e-13,0.05129,0.063123
-1.0202e-13,0.051269,0.063216
-9.3339e-14,0.051246,0.063311
-8.4712e-14,0.051219,0.063409
-7.6174e-14,0.05119,0.063509
-6.7753e-14,0.051158,0.06361
-5.9478e-14,0.051123,0.063713
-5.1373e-14,0.051085,0.063818
-4.3463e-14,0.051044,0.063925
-3.5769e-14,0.051,0.064032
-2.8311e-14,0.050953,0.06414
-2.1108e-14,0.050904,0.064249
-1.4175e-14,0.050851,0.064359
-7.5274e-15,0.050796,0.064469
-1.1773e-15,0.050738,0.064579
4.8644e-15,0.050677,0.064688
1.0589e-14,0.050614,0.064798
1.5988e-14,0.050548,0.064906
2.1057e-14,0.05048,0.065014
2.5791e-14,0.050409,0.065121
3.0189e-14,0.050337,0.065226
3.4247e-14,0.050262,0.065329
3.7968e-14,0.050184,0.065431
4.1353e-14,0.050105,0.065531
4.4404e-14,0.050024,0.065628
4.7126e-14,0.049942,0.065722
4.9525e-14,0.049858,0.065814
5.1606e-14,0.049772,0.065903
5.3377e-14,0.049686,0.065988
5.4846e-14,0.049598,0.06607
5.6023e-14,0.049509,0.066148
5.6918e-14,0.049419,0.066222
5.754e-14,0.049329,0.066292
5.7903e-14,0.049238,0.066358
5.8016e-14,0.049147,0.066419
5.7894e-14,0.049056,0.066476
5.7548e-14,0.048965,0.066527
5.6991e-14,0.048874,0.066574
5.6238e-14,0.048784,0.066616
5.5301e-14,0.048694,0.066652
5.4195e-14,0.048604,0.066683
5.2932e-14,0.048516,0.066708
5.1528e-14,0.048429,0.066728
4.9996e-14,0.048343,0.066743
4.835e-14,0.048258,0.066752
4.6602e-14,0.048175,0.066755
4.4768e-14,0.048094,0.066752
4.2859e-14,0.048014,0.066743
4.0889e-14,0.047937,0.066729
3.887e-14,0.047862,0.066709
3.6815e-14,0.047789,0.066683
3.4735e-14,0.047719,0.066652
3.2642e-14,0.047651,0.066615
3.0546e-14,0.047586,0.066572
2.8459e-14,0.047524,0.066524
2.6389e-14,0.047465,0.06647
2.4346e-14,0.047409,0.066411
2.234e-14,0.047357,0.066346
2.0377e-14,0.047308,0.066277
1.8466e-14,0.047262,0.066202
1.6614e-14,0.04722,0.066123
1.4828e-14,0.047182,0.066039
1.3112e-14,0.047147,0.065951
1.1472e-14,0.047116,0.065858
9.9124e-15,0.047089,0.06576
8.4374e-15,0.047066,0.065659
7.05e-15,0.047047,0.065554
5.7528e-15,0.047032,0.065445
4.5479e-15,0.047021,0.065333
3.4367e-15,0.047014,0.065218
2.4199e-15,0.04701,0.065099
1.4978e-15,0.047011,0.064978
6.701e-16,0.047016,0.064854
-6.4158e-17,0.047025,0.064728
-7.0637e-16,0.047037,0.064599
-1.2585e-15,0.047054,0.064469
-1.7229e-15,0.047074,0.064337
-2.1025e-15,0.047098,0.064203
-2.4007e-15,0.047125,0.064068
-2.6213e-15,0.047156,0.063933
-2.7683e-15,0.047191,0.063796
-2.8464e-15,0.047228,0.063659
-2.8603e-15,0.047269,0.063521
-2.8153e-15,0.047313,0.063384
-2.717e-15,0.04736,0.063246
-2.5709e-15,0.04741,0.063109
-2.383e-15,0.047463,0.062972
-2.1595e-15,0.047518,0.062836
-1.9068e-15,0.047575,0.062701
-1.6312e-15,0.047635,0.062567
-1.3392e-15,0.047696,0.062434
-1.0375e-15,0.04776,0.062303
-7.3276e-16,0.047826,0.062174
-4.3153e-16,0.047892,0.062046
-1.4046e-16,0.047961,0.06192
1.3392e-16,0.048031,0.061797
3.8517e-16,0.048101,0.061676
6.0695e-16,0.048173,0.061557
7.9312e-16,0.048246,0.06144
9.3771e-16,0.048319,0.061327
1.035e-15,0.048392,0.061216
1.0794e-15,0.048466,0.061108
1.0657e-15,0.04854,0.061003
9.8907e-16,0.048614,0.060901
8.4489e-16,0.048688,0.060802
6.2893e-16,0.048762,0.060706
3.3738e-16,0.048835,0.060613
-3.3197e-17,0.048908,0.060524
-4.8577e-16,0.04898,0.060438
-1.0229e-15,0.049052,0.060355
-1.6465e-15,0.049122,0.060276
-2.3583e-15,0.049192,0.0602
-3.1592e-15,0.049261,0.060127
-4.0497e-15,0.049328,0.060057
-5.0297e-15,0.049394,0.059991
-6.0987e-15,0.049459,0.059928
-7.2555e-15,0.049523,0.059869
-8.4981e-15,0.049585,0.059813
-9.8244e-15,0.049645,0.05976
-1.1231e-14,0.049705,0.05971
-1.2715e-14,0.049762,0.059664
-1.4272e-14,0.049818,0.05962
-1.5897e-14,0.049872,0.05958
-1.7584e-14,0.049924,0.059543
-1.9328e-14,0.049975,0.059509
-2.1122e-14,0.050023,0.059478
-2.2959e-14,0.05007,0.059449
-2.4832e-14,0.050115,0.059424
-2.6731e-14,0.050158,0.059402
-2.8648e-14,0.0502,0.059382
-3.0574e-14,0.050239,0.059365
-3.2499e-14,0.050276,0.059351
-3.4412e-14,0.050312,0.059339
-3.6304e-14,0.050346,0.059331
-3.8162e-14,0.050377,0.059324
-3.9975e-14,0.050407,0.059321
-4.1731e-14,0.050435,0.05932
-4.3419e-14,0.050461,0.059321
-4.5025e-14,0.050485,0.059325
-4.6537e-14,0.050507,0.059331
-4.7942e-14,0.050527,0.05934
-4.9227e-14,0.050546,0.059351
-5.038e-14,0.050562,0.059364
-5.1386e-14,0.050577,0.05938
-5.2233e-14,0.05059,0.059398
-5.2908e-14,0.050601,0.059419
-5.3398e-14,0.05061,0.059441
-5.3691e-14,0.050617,0.059466
-5.3774e-14,0.050623,0.059494
-5.3635e-14,0.050627,0.059523
-5.3262e-14,0.05063,0.059555
-5.2645e-14,0.05063,0.059589
-5.1773e-14,0.05063,0.059625
-5.0636e-14,0.050627,0.059663
-4.9224e-14,0.050623,0.059704
-4.7529e-14,0.050618,0.059746
-4.5544e-14,0.050611,0.059791
-4.326e-14,0.050602,0.059838
-4.0673e-14,0.050592,0.059887
-3.7778e-14,0.050581,0.059938
-3.457e-14,0.050568,0.059991
-3.1048e-14,0.050555,0.060047
-2.7209e-14,0.05054,0.060104
-2.3053e-14,0.050523,0.060163
-1.8582e-14,0.050506,0.060224
-1.3798e-14,0.050487,0.060288
-8.706e-15,0.050467,0.060353
-3.3104e-15,0.050447,0.06042
2.3811e-15,0.050425,0.060489
8.3599e-15,0.050402,0.06056
1.4616e-14,0.050378,0.060632
2.1136e-14,0.050354,0.060706
2.7908e-14,0.050328,0.060782
3.4915e-14,0.050302,0.06086
4.2141e-14,0.050275,0.060939
4.9566e-14,0.050247,0.06102
5.717e-14,0.050219,0.061102
6.493e-14,0.050189,0.061186
7.2822e-14,0.05016,0.061271
8.0819e-14,0.050129,0.061358
8.8895e-14,0.050098,0.061445
9.7019e-14,0.050067,0.061534
1.0516e-13,0.050035,0.061624
1.1329e-13,0.050003,0.061715
1.2136e-13,0.049971,0.061807
1.2935e-13,0.049938,0.0619
1.3722e-13,0.049905,0.061993
1.4493e-13,0.049872,0.062088
1.5243e-13,0.049839,0.062182
1.597e-13,0.049806,0.062278
1.6668e-13,0.049772,0.062373
1.7333e-13,0.049739,0.062469
1.7962e-13,0.049706,0.062565
1.8548e-13,0.049673,0.062662
1.9089e-13,0.04964,0.062758
1.958e-13,0.049608,0.062854
2.0016e-13,0.049576,0.06295
2.0392e-13,0.049544,0.063045
2.0704e-13,0.049513,0.06314
2.0948e-13,0.049482,0.063234
2.1119e-13,0.049452,0.063328
2.1213e-13,0.049422,0.063421
2.1225e-13,0.049393,0.063513
2.1153e-13,0.049365,0.063604
2.099e-13,0.049338,0.063694
2.0735e-13,0.049311,0.063782
2.0383e-13,0.049286,0.06387
1.993e-13,0.049261,0.063955
1.9375e-13,0.049237,0.064039
1.8713e-13,0.049215,0.064122
1.7943e-13,0.049193,0.064202
1.7062e-13,0.049173,0.064281
1.6068e-13,0.049153,0.064358
1.4959e-13,0.049135,0.064432
1.3736e-13,0.049118,0.064505
1.2395e-13,0.049103,0.064575
1.0939e-13,0.049089,0.064643
9.3653e-14,0.049076,0.064708
7.6763e-14,0.049064,0.064771
5.8726e-14,0.049054,0.064831
3.9558e-14,0.049045,0.064889
1.9282e-14,0.049037,0.064944
-2.0751e-15,0.049031,0.064996
-2.448e-14,0.049027,0.065045
-4.7894e-14,0.049023,0.065092
-7.2271e-14,0.049021,0.065136
-9.756e-14,0.049021,0.065177
-1.237e-13,0.049022,0.065215
-1.5064e-13,0.049024,0.06525
-1.783e-13,0.049027,0.065282
-2.066e-13,0.049032,0.065312
-2.3546e-13,0.049038,0.065338
-2.648e-13,0.049046,0.065362
-2.9451e-13,0.049054,0.065382
-3.245e-13,0.049064,0.0654
-3.5465e-13,0.049075,0.065416
-3.8486e-13,0.049087,0.065428
-4.15e-13,0.0491,0.065438
-4.4495e-13,0.049114,0.065445
-4.7458e-13,0.049129,0.065449
-5.0375e-13,0.049145,0.065451
-5.3232e-13,0.049162,0.06545
-5.6014e-13,0.04918,0.065447
-5.8708e-13,0.049198,0.065441
-6.1296e-13,0.049216,0.065433
-6.3765e-13,0.049236,0.065423
-6.6097e-13,0.049255,0.06541
-6.8276e-13,0.049275,0.065396
-7.0287e-13,0.049295,0.065379
-7.2113e-13,0.049316,0.065361
-7.3737e-13,0.049336,0.065341
-7.5143e-13,0.049357,0.065319
-7.6315e-13,0.049377,0.065295
-7.7235e-13,0.049398,0.06527
-7.7889e-13,0.049418,0.065243
-7.8259e-13,0.049437,0.065215
-7.8332e-13,0.049457,0.065185
-7.8091e-13,0.049475,0.065154
-7.7522e-13,0.049494,0.065123
-7.6612e-13,0.049511,0.06509
-7.5347e-13,0.049528,0.065056
-7.3715e-13,0.049544,0.065021
-7.1705e-13,0.04956,0.064986
-6.9305e-13,0.049574,0.06495
-6.6507e-13,0.049587,0.064914
-6.3302e-13,0.0496,0.064877
-5.9684e-13,0.049611,0.06484
-5.5645e-13,0.049622,0.064802
-5.1183e-13,0.049631,0.064764
-4.6294e-13,0.049639,0.064726
-4.0976e-13,0.049646,0.064688
-3.5231e-13,0.049652,0.064651
-2.9061e-13,0.049657,0.064613
-2.2469e-13,0.049661,0.064575
-1.5461e-13,0.049664,0.064538
-8.046e-14,0.049666,0.064501
-2.3297e-15,0.049667,0.064465
7.9659e-14,0.049667,0.064429
1.6536e-13,0.049666,0.064393
2.5462e-13,0.049664,0.064358
3.4724e-13,0.049662,0.064324
4.4303e-13,0.049659,0.06429
5.4173e-13,0.049655,0.064258
6.4311e-13,0.049651,0.064225
7.4688e-13,0.049646,0.064194
8.5274e-13,0.049641,0.064163
9.6037e-13,0.049636,0.064134
1.0694e-12,0.049631,0.064105
1.1795e-12,0.049625,0.064077
1.2902e-12,0.04962,0.06405
1.4012e-12,0.049615,0.064023
1.512e-12,0.04961,0.063998
1.6221e-12,0.049605,0.063973
1.7311e-12,0.049601,0.06395
1.8385e-12,0.049597,0.063927
1.9437e-12,0.049594,0.063905
2.0462e-12,0.049591,0.063884
2.1455e-12,0.049589,0.063864
2.241e-12,0.049588,0.063845
2.3321e-12,0.049588,0.063826
2.4184e-12,0.049589,0.063808
2.499e-12,0.049591,0.063791
2.5736e-12,0.049593,0.063775
2.6414e-12,0.049597,0.06376
2.7019e-12,0.049602,0.063745
2.7544e-12,0.049608,0.06373
2.7983e-12,0.049615,0.063717
2.8332e-12,0.049623,0.063704
2.8582e-12,0.049633,0.063691
2.873e-12,0.049643,0.063679
2.8768e-12,0.049655,0.063668
2.8693e-12,0.049667,0.063657
2.8497e-12,0.049681,0.063646
2.8176e-12,0.049695,0.063636
2.7726e-12,0.04971,0.063626
2.7142e-12,0.049726,0.063616
2.6419e-12,0.049743,0.063607
2.5553e-12,0.04976,0.063598
2.4542e-12,0.049778,0.063589
2.3382e-12,0.049796,0.063581
2.2069e-12,0.049815,0.063572
2.0603e-12,0.049834,0.063564
1.8982e-12,0.049853,0.063556
1.7204e-12,0.049872,0.063548
1.5269e-12,0.04989,0.06354
1.3176e-12,0.049909,0.063532
1.0928e-12,0.049927,0.063524
8.5243e-13,0.049944,0.063516
5.968e-13,0.049961,0.063508
3.2617e-13,0.049978,0.063499
4.0896e-14,0.049993,0.063491
-2.5859e-13,0.050007,0.063482
-5.7179e-13,0.05002,0.063473
-8.9809e-13,0.050032,0.063463
-1.2368e-12,0.050043,0.063454
-1.5872e-12,0.050052,0.063444
-1.9485e-12,0.050059,0.063433
-2.3197e-12,0.050065,0.063422
-2.6997e-12,0.050069,0.063411
-3.0876e-12,0.050072,0.063399
-3.482e-12,0.050072,0.063386
-3.8819e-12,0.05007,0.063373
-4.2857e-12,0.050067,0.063359
-4.692e-12,0.050061,0.063345
-5.0994e-12,0.050054,0.063329
-5.5063e-12,0.050044,0.063313
-5.9109e-12,0.050032,0.063296
-6.3115e-12,0.050018,0.063278
-6.7063e-12,0.050002,0.063259
-7.0935e-12,0.049984,0.06324
-7.471e-12,0.049963,0.063219
-7.8369e-12,0.049941,0.063197
-8.1892e-12,0.049916,0.063174
-8.5256e-12,0.04989,0.063151
-8.8442e-12,0.049861,0.063126
-9.1427e-12,0.049831,0.0631
-9.4189e-12,0.049798,0.063073
-9.6706e-12,0.049764,0.063045
-9.8957e-12,0.049729,0.063015
-1.0092e-11,0.049691,0.062985
-1.0257e-11,0.049653,0.062954
-1.0388e-11,0.049613,0.062921
-1.0484e-11,0.049571,0.062888
-1.0543e-11,0.049529,0.062853
-1.0561e-11,0.049485,0.062817
-1.0538e-11,0.04944,0.06278
-1.0471e-11,0.049395,0.062742
-1.0359e-11,0.049349,0.062704
-1.0199e-11,0.049302,0.062664
-9.9896e-12,0.049255,0.062623
-9.7298e-12,0.049208,0.062582
-9.4179e-12,0.04916,0.06254
-9.0525e-12,0.049113,0.062497
-8.6325e-12,0.049065,0.062453
-8.157e-12,0.049018,0.062409
-7.625e-12,0.048971,0.062364
-7.036e-12,0.048925,0.062319
-6.3896e-12,0.048879,0.062273
-5.6855e-12,0.048834,0.062228
-4.9237e-12,0.048789,0.062181
-4.1045e-12,0.048746,0.062135
-3.2284e-12,0.048704,0.062089
-2.2961e-12,0.048663,0.062043
-1.3086e-12,0.048623,0.061997
-2.6713e-13,0.048585,0.061952
8.2667e-13,0.048548,0.061906
1.971e-12,0.048513,0.061862
3.1637e-12,0.04848,0.061818
4.4023e-12,0.048449,0.061774
5.6841e-12,0.04842,0.061732
7.0061e-12,0.048393,0.06169
8.3648e-12,0.048368,0.06165
9.7566e-12,0.048345,0.061611
1.1177e-11,0.048325,0.061573
1.2623e-11,0.048307,0.061536
1.4089e-11,0.048291,0.061501
1.557e-11,0.048279,0.061468
1.7061e-11,0.048268,0.061436
1.8556e-11,0.048261,0.061406
2.005e-11,0.048257,0.061378
2.1537e-11,0.048255,0.061352
2.3009e-11,0.048256,0.061328
2.4461e-11,0.048261,0.061306
2.5886e-11,0.048268,0.061286
2.7276e-11,0.048279,0.061269
2.8624e-11,0.048292,0.061254
2.9923e-11,0.048309,0.061241
3.1165e-11,0.048329,0.06123
3.2342e-11,0.048352,0.061222
3.3446e-11,0.048379,0.061216
3.4469e-11,0.048409,0.061212
3.5404e-11,0.048442,0.061211
3.6241e-11,0.048478,0.061212
3.6973e-11,0.048518,0.061215
3.7591e-11,0.048561,0.06122
3.8088e-11,0.048607,0.061228
3.8455e-11,0.048656,0.061237
3.8685e-11,0.048708,0.061249
3.8769e-11,0.048764,0.061262
3.8701e-11,0.048823,0.061278
3.8474e-11,0.048885,0.061294
3.8079e-11,0.04895,0.061313
3.7511e-11,0.049018,0.061332
3.6764e-11,0.049089,0.061353
3.583e-11,0.049162,0.061375
3.4707e-11,0.049239,0.061398
3.3387e-11,0.049318,0.061422
3.1867e-11,0.0494,0.061446
3.0144e-11,0.049484,0.061471
2.8214e-11,0.049571,0.061496
2.6075e-11,0.04966,0.061521
2.3725e-11,0.049752,0.061545
2.1163e-11,0.049845,0.061569
1.839e-11,0.049941,0.061593
1.5406e-11,0.050039,0.061616
1.2212e-11,0.050138,0.061638
8.8123e-12,0.050239,0.061659
5.2091e-12,0.050342,0.061678
1.4075e-12,0.050446,0.061696
-2.587e-12,0.050551,0.061712
-6.7678e-12,0.050658,0.061727
-1.1127e-11,0.050766,0.061739
-1.5656e-11,0.050874,0.061749
-2.0345e-11,0.050983,0.061756
-2.5182e-11,0.051093,0.061761
-3.0155e-11,0.051204,0.061764
-3.5252e-11,0.051314,0.061763
-4.0457e-11,0.051425,0.06176
-4.5755e-11,0.051535,0.061753
-5.1128e-11,0.051646,0.061744
-5.6559e-11,0.051756,0.061731
-6.203e-11,0.051865,0.061715
-6.7518e-11,0.051974,0.061696
-7.3004e-11,0.052082,0.061674
-7.8465e-11,0.052189,0.061648
-8.3877e-11,0.052294,0.061619
-8.9217e-11,0.052398,0.061586
-9.4459e-11,0.052501,0.061551
-9.9577e-11,0.052602,0.061512
-1.0454e-10,0.0527,0.061469
-1.0933e-10,0.052797,0.061424
-1.1392e-10,0.052891,0.061376
-1.1826e-10,0.052983,0.061325
-1.2235e-10,0.053073,0.061271
-1.2614e-10,0.053159,0.061214
-1.2961e-10,0.053242,0.061156
-1.3272e-10,0.053323,0.061094
-1.3545e-10,0.0534,0.061031
-1.3777e-10,0.053473,0.060966
-1.3964e-10,0.053543,0.060899
-1.4104e-10,0.053609,0.06083
-1.4194e-10,0.053671,0.060761
-1.4231e-10,0.053729,0.06069
-1.4212e-10,0.053783,0.060619
-1.4135e-10,0.053833,0.060547
-1.3997e-10,0.053878,0.060475
-1.3796e-10,0.053918,0.060403
-1.3529e-10,0.053954,0.060332
-1.3194e-10,0.053985,0.060261
-1.2789e-10,0.054012,0.060192
-1.2312e-10,0.054033,0.060123
-1.1763e-10,0.054049,0.060056
-1.1138e-10,0.05406,0.059992
-1.0438e-10,0.054067,0.059929
-9.6613e-11,0.054067,0.059869
-8.8071e-11,0.054063,0.059811
-7.8753e-11,0.054053,0.059757
-6.8657e-11,0.054038,0.059706
-5.7787e-11,0.054018,0.059658
-4.6147e-11,0.053993,0.059615
-3.3748e-11,0.053962,0.059575
-2.0602e-11,0.053926,0.05954
-6.7254e-12,0.053885,0.05951
7.8619e-12,0.053838,0.059484
2.3136e-11,0.053787,0.059464
3.9068e-11,0.05373,0.059448
5.5627e-11,0.053668,0.059438
7.2776e-11,0.053601,0.059433
9.0476e-11,0.05353,0.059434
1.0868e-10,0.053453,0.059441
1.2734e-10,0.053372,0.059454
1.4641e-10,0.053287,0.059472
1.6582e-10,0.053196,0.059497
1.8552e-10,0.053102,0.059528
2.0544e-10,0.053003,0.059564
2.2551e-10,0.052901,0.059607
2.4565e-10,0.052794,0.059655
2.6579e-10,0.052684,0.05971
2.8585e-10,0.05257,0.059771
3.0575e-10,0.052453,0.059837
3.2538e-10,0.052332,0.059909
3.4467e-10,0.052209,0.059987
3.6351e-10,0.052083,0.06007
3.8181e-10,0.051954,0.060158
3.9947e-10,0.051823,0.060251
4.1638e-10,0.051689,0.06035
4.3244e-10,0.051554,0.060453
4.4754e-10,0.051417,0.06056
4.6158e-10,0.051278,0.060672
4.7444e-10,0.051138,0.060788
4.8601e-10,0.050997,0.060907
4.9619e-10,0.050855,0.06103
5.0487e-10,0.050713,0.061155
5.1193e-10,0.05057,0.061284
5.1727e-10,0.050427,0.061415
5.2078e-10,0.050284,0.061548
5.2236e-10,0.050142,0.061683
5.219e-10,0.05,0.06182
5.1931e-10,0.04986,0.061958
5.1449e-10,0.04972,0.062096
5.0735e-10,0.049582,0.062235
4.9782e-10,0.049445,0.062374
4.8579e-10,0.04931,0.062513
4.7122e-10,0.049177,0.062652
4.5401e-10,0.049046,0.062789
4.3413e-10,0.048918,0.062926
4.1151e-10,0.048793,0.06306
3.8612e-10,0.048671,0.063194
3.5791e-10,0.048551,0.063325
3.2686e-10,0.048435,0.063453
2.9297e-10,0.048323,0.063579
2.5622e-10,0.048215,0.063702
2.1662e-10,0.04811,0.063822
1.742e-10,0.04801,0.063939
1.2899e-10,0.047913,0.064052
8.1029e-11,0.047822,0.06416
3.0378e-11,0.047735,0.064265
-2.289e-11,0.047652,0.064366
-7.8688e-11,0.047575,0.064462
-1.3691e-10,0.047503,0.064553
-1.9746e-10,0.047436,0.06464
-2.6018e-10,0.047374,0.064721
-3.2494e-10,0.047318,0.064798
-3.9157e-10,0.047267,0.064869
-4.5991e-10,0.047222,0.064935
-5.2974e-10,0.047182,0.064995
-6.0088e-10,0.047148,0.06505
-6.7309e-10,0.04712,0.0651
-7.4613e-10,0.047097,0.065144
-8.1975e-10,0.047081,0.065182
-8.9368e-10,0.04707,0.065214
-9.6764e-10,0.047065,0.065241
-1.0413e-09,0.047066,0.065263
-1.1144e-09,0.047073,0.065278
-1.1866e-09,0.047085,0.065288
-1.2576e-09,0.047103,0.065293
-1.3269e-09,0.047127,0.065292
-1.3944e-09,0.047156,0.065286
-1.4594e-09,0.047191,0.065274
-1.5218e-09,0.047231,0.065257
-1.5812e-09,0.047276,0.065235
-1.637e-09,0.047326,0.065207
-1.689e-09,0.047382,0.065175
-1.7367e-09,0.047442,0.065138
-1.7797e-09,0.047506,0.065096
-1.8177e-09,0.047576,0.06505
-1.8501e-09,0.047649,0.065
-1.8767e-09,0.047727,0.064945
-1.897e-09,0.047808,0.064887
-1.9107e-09,0.047893,0.064824
-1.9172e-09,0.047982,0.064758
-1.9164e-09,0.048074,0.064689
-1.9078e-09,0.048169,0.064616
-1.891e-09,0.048267,0.064541
-1.8657e-09,0.048367,0.064462
-1.8317e-09,0.048469,0.064382
-1.7886e-09,0.048574,0.064299
-1.7361e-09,0.04868,0.064214
-1.674e-09,0.048788,0.064127
-1.6021e-09,0.048897,0.064039
-1.5202e-09,0.049007,0.063949
-1.4281e-09,0.049118,0.063858
-1.3257e-09,0.049229,0.063767
-1.2128e-09,0.04934,0.063675
-1.0896e-09,0.049451,0.063583
-9.5579e-10,0.049562,0.06349
-8.1158e-10,0.049672,0.063398
-6.5699e-10,0.049782,0.063306
-4.9213e-10,0.04989,0.063216
-3.1716e-10,0.049997,0.063126
-1.323e-10,0.050102,0.063037
6.2208e-11,0.050205,0.062949
2.6604e-10,0.050307,0.062863
4.7883e-10,0.050406,0.062779
7.0016e-10,0.050502,0.062697
9.2957e-10,0.050596,0.062618
1.1665e-09,0.050687,0.062541
1.4104e-09,0.050775,0.062466
1.6606e-09,0.05086,0.062394
1.9164e-09,0.050942,0.062325
2.177e-09,0.05102,0.062259
2.4417e-09,0.051094,0.062197
2.7095e-09,0.051165,0.062137
2.9796e-09,0.051232,0.062082
3.2509e-09,0.051295,0.06203
3.5225e-09,0.051354,0.061981
3.7931e-09,0.05141,0.061937
4.0618e-09,0.051461,0.061896
4.3272e-09,0.051508,0.061859
4.5882e-09,0.051551,0.061826
4.8436e-09,0.05159,0.061797
5.0919e-09,0.051625,0.061772
5.3318e-09,0.051656,0.061751
5.562e-09,0.051683,0.061734
5.7811e-09,0.051706,0.061721
5.9875e-09,0.051726,0.061713
6.1799e-09,0.051741,0.061708
6.3568e-09,0.051753,0.061707
6.5167e-09,0.051761,0.061709
6.6582e-09,0.051766,0.061716
6.7796e-09,0.051768,0.061726
6.8797e-09,0.051767,0.06174
6.9568e-09,0.051762,0.061758
7.0096e-09,0.051755,0.061779
7.0366e-09,0.051744,0.061803
7.0366e-09,0.051732,0.06183
7.0081e-09,0.051717,0.061861
6.9498e-09,0.051699,0.061895
6.8606e-09,0.05168,0.061931
6.7392e-09,0.051658,0.06197
6.5846e-09,0.051635,0.062012
6.3958e-09,0.051611,0.062056
6.1718e-09,0.051585,0.062102
5.9118e-09,0.051558,0.06215
5.6151e-09,0.05153,0.062201
5.2811e-09,0.051501,0.062253
4.9093e-09,0.051471,0.062306
4.4993e-09,0.051441,0.062362
4.051e-09,0.051411,0.062418
3.5642e-09,0.05138,0.062475
3.039e-09,0.05135,0.062534
2.4756e-09,0.051319,0.062593
1.8745e-09,0.05129,0.062652
1.2363e-09,0.05126,0.062712
5.6159e-10,0.051231,0.062772
-1.4859e-10,0.051203,0.062832
-8.9314e-10,0.051176,0.062892
-1.6707e-09,0.05115,0.062952
-2.4799e-09,0.051125,0.063011
-3.3188e-09,0.051102,0.063069
-4.1857e-09,0.051079,0.063127
-5.0782e-09,0.051059,0.063184
-5.9943e-09,0.05104,0.063239
-6.9311e-09,0.051022,0.063293
-7.8861e-09,0.051007,0.063346
-8.8562e-09,0.050993,0.063397
-9.8383e-09,0.050982,0.063447
-1.0829e-08,0.050972,0.063494
-1.1825e-08,0.050965,0.06354
-1.2821e-08,0.05096,0.063584
-1.3815e-08,0.050957,0.063625
-1.4803e-08,0.050956,0.063665
-1.5778e-08,0.050958,0.063702
-1.6739e-08,0.050962,0.063736
-1.7678e-08,0.050968,0.063768
-1.8593e-08,0.050977,0.063798
-1.9477e-08,0.050989,0.063825
-2.0326e-08,0.051002,0.063849
-2.1135e-08,0.051019,0.063871
-2.1898e-08,0.051038,0.06389
-2.261e-08,0.051059,0.063906
-2.3266e-08,0.051082,0.06392
-2.386e-08,0.051109,0.06393
-2.4387e-08,0.051137,0.063938
-2.4841e-08,0.051168,0.063944
-2.5217e-08,0.051201,0.063946
-2.5509e-08,0.051236,0.063946
-2.5713e-08,0.051274,0.063944
-2.5823e-08,0.051313,0.063938
-2.5834e-08,0.051355,0.063931
-2.574e-08,0.051398,0.06392
-2.5539e-08,0.051444,0.063907
-2.5224e-08,0.051491,0.063892
-2.4791e-08,0.051539,0.063875
-2.4237e-08,0.05159,0.063855
-2.3557e-08,0.051641,0.063833
-2.2749e-08,0.051694,0.063809
-2.1809e-08,0.051748,0.063782
-2.0735e-08,0.051804,0.063754
-1.9523e-08,0.05186,0.063724
-1.8174e-08,0.051916,0.063692
-1.6684e-08,0.051974,0.063658
-1.5053e-08,0.052031,0.063623
-1.3281e-08,0.052089,0.063586
-1.1368e-08,0.052148,0.063547
-9.3154e-09,0.052206,0.063507
-7.1237e-09,0.052264,0.063466
-4.7952e-09,0.052321,0.063423
-2.3326e-09,0.052378,0.063379
2.6067e-10,0.052434,0.063334
2.9806e-09,0.052489,0.063288
5.8225e-09,0.052543,0.063242
8.7807e-09,0.052596,0.063194
1.1849e-08,0.052647,0.063145
1.5021e-08,0.052697,0.063096
1.8288e-08,0.052745,0.063046
2.1642e-08,0.052791,0.062996
2.5074e-08,0.052834,0.062945
2.8573e-08,0.052875,0.062894
3.2129e-08,0.052914,0.062842
3.573e-08,0.05295,0.06279
3.9365e-08,0.052983,0.062738
4.3019e-08,0.053013,0.062686
4.6679e-08,0.053039,0.062634
5.033e-08,0.053063,0.062581
5.3958e-08,0.053083,0.062529
5.7546e-08,0.053099,0.062477
6.1078e-08,0.053111,0.062426
6.4538e-08,0.05312,0.062374
6.7906e-08,0.053124,0.062323
7.1166e-08,0.053125,0.062273
7.4299e-08,0.053121,0.062223
7.7286e-08,0.053113,0.062173
8.0107e-08,0.0531,0.062124
8.2743e-08,0.053084,0.062076
8.5175e-08,0.053062,0.062029
8.7381e-08,0.053036,0.061982
8.9343e-08,0.053006,0.061936
9.1041e-08,0.052971,0.061891
9.2454e-08,0.052931,0.061847
9.3562e-08,0.052887,0.061804
9.4347e-08,0.052838,0.061762
9.4789e-08,0.052785,0.061722
9.487e-08,0.052727,0.061682
9.4571e-08,0.052665,0.061643
9.3875e-08,0.052599,0.061606
9.2764e-08,0.052528,0.06157
9.1224e-08,0.052454,0.061536
8.924e-08,0.052375,0.061502
8.6796e-08,0.052292,0.061471
8.3882e-08,0.052206,0.06144
8.0484e-08,0.052116,0.061411
7.6594e-08,0.052023,0.061383
7.2203e-08,0.051926,0.061357
6.7303e-08,0.051826,0.061332
6.189e-08,0.051724,0.061309
5.5959e-08,0.051619,0.061287
4.9511e-08,0.051511,0.061266
4.2544e-08,0.051401,0.061248
3.5063e-08,0.051289,0.06123
2.707e-08,0.051175,0.061214
1.8575e-08,0.05106,0.061199
9.5861e-09,0.050943,0.061185
1.1552e-10,0.050826,0.061173
-9.8221e-09,0.050707,0.061162
-2.021e-08,0.050588,0.061153
-3.1027e-08,0.050469,0.061144
-4.2253e-08,0.050349,0.061137
-5.386e-08,0.05023,0.06113
-6.5822e-08,0.050111,0.061125
-7.8107e-08,0.049993,0.06112
-9.0682e-08,0.049875,0.061117
-1.0351e-07,0.049759,0.061114
-1.1655e-07,0.049645,0.061111
-1.2976e-07,0.049532,0.06111
-1.431e-07,0.04942,0.061108
-1.5652e-07,0.049311,0.061107
-1.6997e-07,0.049204,0.061107
-1.8339e-07,0.0491,0.061106
-1.9674e-07,0.048998,0.061106
-2.0994e-07,0.048899,0.061106
-2.2295e-07,0.048803,0.061105
-2.357e-07,0.04871,0.061105
-2.4813e-07,0.048621,0.061104
-2.6016e-07,0.048534,0.061103
-2.7174e-07,0.048452,0.061101
-2.8279e-07,0.048372,0.061099
-2.9324e-07,0.048297,0.061096
-3.0303e-07,0.048225,0.061093
-3.1207e-07,0.048158,0.061088
-3.203e-07,0.048094,0.061083
-3.2764e-07,0.048034,0.061077
-3.3402e-07,0.047978,0.06107
-3.3937e-07,0.047925,0.061062
-3.4361e-07,0.047877,0.061053
-3.4667e-07,0.047833,0.061043
-3.4849e-07,0.047792,0.061032
-3.4899e-07,0.047755,0.061019
-3.4811e-07,0.047722,0.061005
-3.4578e-07,0.047693,0.06099
-3.4194e-07,0.047667,0.060974
-3.3654e-07,0.047645,0.060957
-3.2952e-07,0.047626,0.060938
-3.2082e-07,0.04761,0.060919
-3.104e-07,0.047597,0.060898
-2.9822e-07,0.047587,0.060876
-2.8424e-07,0.04758,0.060853
-2.6843e-07,0.047576,0.060829
-2.5077e-07,0.047574,0.060804
-2.3123e-07,0.047575,0.060778
-2.098e-07,0.047578,0.060752
-1.8648e-07,0.047583,0.060724
-1.6126e-07,0.047589,0.060696
-1.3416e-07,0.047598,0.060668
-1.0519e-07,0.047608,0.060639
-7.4387e-08,0.047619,0.060609
-4.1775e-08,0.047632,0.06058
-7.4009e-09,0.047646,0.06055
2.8683e-08,0.04766,0.060521
6.6413e-08,0.047675,0.060491
1.0572e-07,0.047691,0.060462
1.4651e-07,0.047708,0.060433
1.8871e-07,0.047725,0.060404
2.322e-07,0.047742,0.060376
2.7688e-07,0.047759,0.060349
3.2262e-07,0.047776,0.060322
3.6929e-07,0.047793,0.060297
4.1674e-07,0.04781,0.060272
4.6482e-07,0.047827,0.060249
5.1337e-07,0.047843,0.060226
5.622e-07,0.047859,0.060205
6.1114e-07,0.047874,0.060185
6.6e-07,0.047889,0.060167
7.0856e-07,0.047904,0.06015
7.5662e-07,0.047918,0.060134
8.0395e-07,0.047931,0.06012
8.5034e-07,0.047944,0.060107
8.9553e-07,0.047957,0.060096
9.393e-07,0.047969,0.060086
9.8139e-07,0.04798,0.060078
1.0215e-06,0.047991,0.060072
1.0595e-06,0.048002,0.060067
1.095e-06,0.048013,0.060063
1.1278e-06,0.048023,0.060061
1.1576e-06,0.048034,0.06006
1.1842e-06,0.048044,0.060061
1.2072e-06,0.048054,0.060063
1.2264e-06,0.048065,0.060065
1.2416e-06,0.048076,0.060069
1.2524e-06,0.048087,0.060074
1.2587e-06,0.048098,0.06008
1.2601e-06,0.04811,0.060087
1.2565e-06,0.048123,0.060095
1.2475e-06,0.048137,0.060103
1.233e-06,0.048151,0.060111
1.2128e-06,0.048166,0.060121
1.1866e-06,0.048183,0.06013
1.1542e-06,0.0482,0.06014
1.1155e-06,0.048219,0.06015
1.0704e-06,0.048239,0.06016
1.0186e-06,0.04826,0.06017
9.6017e-07,0.048283,0.06018
8.9489e-07,0.048307,0.06019
8.2272e-07,0.048332,0.060199
7.4362e-07,0.048359,0.060208
6.5756e-07,0.048388,0.060217
5.6456e-07,0.048418,0.060226
4.6465e-07,0.04845,0.060234
3.579e-07,0.048483,0.060241
2.4441e-07,0.048518,0.060248
1.2431e-07,0.048554,0.060254
-2.2391e-09,0.048592,0.06026
-1.3503e-07,0.048631,0.060265
-2.7383e-07,0.048672,0.060269
-4.1837e-07,0.048714,0.060273
-5.6834e-07,0.048758,0.060276
-7.2338e-07,0.048803,0.060278
-8.8311e-07,0.048849,0.06028
-1.0471e-06,0.048896,0.06028
-1.2149e-06,0.048944,0.060281
-1.386e-06,0.048993,0.06028
-1.5598e-06,0.049044,0.060279
-1.7358e-06,0.049094,0.060277
-1.9133e-06,0.049146,0.060275
-2.0917e-06,0.049198,0.060272
-2.2702e-06,0.049251,0.060269
-2.4482e-06,0.049305,0.060265
-2.6248e-06,0.049358,0.060261
-2.7993e-06,0.049412,0.060257
-2.9708e-06,0.049466,0.060252
-3.1384e-06,0.049521,0.060248
-3.3011e-06,0.049575,0.060243
-3.4582e-06,0.049629,0.060237
-3.6086e-06,0.049683,0.060232
-3.7512e-06,0.049737,0.060227
-3.8852e-06,0.04979,0.060222
-4.0095e-06,0.049844,0.060218
-4.1229e-06,0.049896,0.060213
-4.2246e-06,0.049949,0.060209
-4.3133e-06,0.050001,0.060205
-4.3881e-06,0.050052,0.060202
-4.4478e-06,0.050102,0.060199
-4.4914e-06,0.050152,0.060197
-4.5178e-06,0.050202,0.060196
-4.5259e-06,0.05025,0.060195
-4.5147e-06,0.050298,0.060195
-4.4832e-06,0.050345,0.060196
-4.4303e-06,0.050392,0.060198
-4.3551e-06,0.050437,0.0602
-4.2566e-06,0.050482,0.060204
-4.1339e-06,0.050526,0.060208
-3.9861e-06,0.050569,0.060214
-3.8125e-06,0.050611,0.06022
-3.6122e-06,0.050653,0.060228
-3.3845e-06,0.050693,0.060236
-3.1288e-06,0.050733,0.060246
-2.8445e-06,0.050772,0.060256
-2.531e-06,0.05081,0.060268
-2.188e-06,0.050848,0.06028
-1.815e-06,0.050884,0.060294
-1.4118e-06,0.05092,0.060308
-9.7818e-07,0.050955,0.060324
-5.1409e-07,0.050989,0.06034
-1.9493e-08,0.051023,0.060357
5.0549e-07,0.051056,0.060375
1.0606e-06,0.051088,0.060394
1.6457e-06,0.051119,0.060413
2.2601e-06,0.051149,0.060433
2.9035e-06,0.051179,0.060453
3.5751e-06,0.051208,0.060474
4.2741e-06,0.051236,0.060495
4.9997e-06,0.051264,0.060517
5.7509e-06,0.05129,0.060538
6.5265e-06,0.051316,0.06056
7.3254e-06,0.051341,0.060582
8.146e-06,0.051365,0.060604
8.987e-06,0.051388,0.060626
9.8467e-06,0.05141,0.060648
1.0723e-05,0.051432,0.06067
1.1615e-05,0.051452,0.060691
1.2521e-05,0.051471,0.060712
1.3437e-05,0.05149,0.060732
1.4363e-05,0.051507,0.060752
1.5295e-05,0.051523,0.060771
1.6232e-05,0.051538,0.060789
1.7171e-05,0.051552,0.060807
1.811e-05,0.051565,0.060824
1.9046e-05,0.051577,0.06084
1.9977e-05,0.051587,0.060855
2.09e-05,0.051596,0.060869
2.1812e-05,0.051604,0.060881
2.2711e-05,0.05161,0.060893
2.3593e-05,0.051615,0.060903
2.4457e-05,0.051619,0.060912
2.5299e-05,0.051621,0.06092
2.6117e-05,0.051622,0.060926
2.6908e-05,0.051621,0.060931
2.767e-05,0.051619,0.060935
2.8399e-05,0.051616,0.060937
2.9094e-05,0.051611,0.060937
2.9752e-05,0.051605,0.060936
3.037e-05,0.051597,0.060934
3.0947e-05,0.051588,0.06093
3.148e-05,0.051578,0.060924
3.1967e-05,0.051566,0.060917
3.2407e-05,0.051553,0.060908
3.2798e-05,0.051539,0.060897
3.3138e-05,0.051523,0.060885
3.3426e-05,0.051506,0.060871
3.3661e-05,0.051489,0.060856
3.3842e-05,0.05147,0.060839
3.3968e-05,0.05145,0.060821
3.4038e-05,0.051429,0.060801
3.4053e-05,0.051407,0.06078
3.4011e-05,0.051384,0.060757
3.3914e-05,0.05136,0.060733
3.3761e-05,0.051335,0.060707
3.3553e-05,0.05131,0.060681
3.329e-05,0.051284,0.060652
3.2973e-05,0.051257,0.060623
3.2604e-05,0.05123,0.060592
3.2184e-05,0.051202,0.06056
3.1713e-05,0.051173,0.060527
3.1194e-05,0.051144,0.060493
3.0628e-05,0.051115,0.060458
3.0017e-05,0.051085,0.060422
2.9362e-05,0.051055,0.060385
2.8667e-05,0.051025,0.060347
2.7933e-05,0.050994,0.060308
2.7162e-05,0.050963,0.060269
2.6357e-05,0.050932,0.060229
2.5519e-05,0.050901,0.060188
2.4653e-05,0.050869,0.060147
2.3759e-05,0.050837,0.060105
2.2841e-05,0.050806,0.060063
2.1901e-05,0.050774,0.06002
2.0941e-05,0.050742,0.059977
1.9965e-05,0.05071,0.059934
1.8974e-05,0.050678,0.059891
1.7972e-05,0.050646,0.059848
1.6961e-05,0.050614,0.059804
1.5943e-05,0.050583,0.05976
1.492e-05,0.050551,0.059717
1.3896e-05,0.050519,0.059674
1.2873e-05,0.050488,0.05963
1.1853e-05,0.050456,0.059588
1.0838e-05,0.050425,0.059545
9.8301e-06,0.050394,0.059503
8.8322e-06,0.050364,0.059461
7.846e-06,0.050333,0.059419
6.8736e-06,0.050303,0.059378
5.9168e-06,0.050274,0.059338
4.9776e-06,0.050244,0.059298
4.0578e-06,0.050215,0.059259
3.159e-06,0.050187,0.059221
2.2829e-06,0.050159,0.059184
1.4311e-06,0.050131,0.059147
6.0514e-07,0.050104,0.059111
-1.9368e-07,0.050078,0.059076
-9.6399e-07,0.050053,0.059042
-1.7045e-06,0.050028,0.059008
-2.4141e-06,0.050004,0.058976
-3.0915e-06,0.04998,0.058945
-3.7359e-06,0.049958,0.058914
-4.3461e-06,0.049936,0.058884
-4.9214e-06,0.049916,0.058856
-5.4607e-06,0.049896,0.058828
-5.9635e-06,0.049877,0.058801
-6.4289e-06,0.04986,0.058775
-6.8563e-06,0.049843,0.05875
-7.2451e-06,0.049828,0.058726
-7.5948e-06,0.049814,0.058702
-7.9049e-06,0.049801,0.05868
-8.1749e-06,0.04979,0.058657
-8.4046e-06,0.049779,0.058636
-8.5935e-06,0.04977,0.058615
-8.7415e-06,0.049763,0.058594
-8.8482e-06,0.049757,0.058574
-8.9136e-06,0.049752,0.058555
-8.9375e-06,0.049748,0.058535
-8.9199e-06,0.049746,0.058516
-8.8607e-06,0.049746,0.058497
-8.76e-06,0.049747,0.058478
-8.6179e-06,0.049749,0.05846
-8.4344e-06,0.049753,0.058441
-8.2099e-06,0.049758,0.058422
-7.9444e-06,0.049764,0.058402
-7.6385e-06,0.049772,0.058383
-7.2922e-06,0.049781,0.058363
-6.9062e-06,0.049792,0.058343
-6.4808e-06,0.049803,0.058322
-6.0166e-06,0.049816,0.058301
-5.5142e-06,0.04983,0.05828
-4.9741e-06,0.049845,0.058258
-4.3972e-06,0.049862,0.058235
-3.7841e-06,0.049879,0.058212
-3.1359e-06,0.049897,0.058188
-2.4532e-06,0.049916,0.058164
-1.7373e-06,0.049935,0.05814
-9.8905e-07,0.049956,0.058115
-2.0969e-07,0.049977,0.058089
5.9959e-07,0.049998,0.058064
1.4375e-06,0.05002,0.058038
2.3026e-06,0.050042,0.058011
3.1936e-06,0.050064,0.057985
4.1087e-06,0.050087,0.057959
5.0465e-06,0.050109,0.057932
6.0053e-06,0.050131,0.057906
6.9831e-06,0.050154,0.05788
7.9783e-06,0.050176,0.057855
8.9888e-06,0.050197,0.05783
1.0013e-05,0.050218,0.057805
1.1048e-05,0.050239,0.057782
1.2092e-05,0.050259,0.057759
1.3143e-05,0.050278,0.057738
1.4199e-05,0.050296,0.057718
1.5256e-05,0.050314,0.057699
1.6314e-05,0.05033,0.057682
1.7369e-05,0.050345,0.057666
1.8418e-05,0.05036,0.057653
1.946e-05,0.050373,0.057641
2.0492e-05,0.050384,0.057632
2.151e-05,0.050395,0.057624
2.2513e-05,0.050404,0.05762
2.3498e-05,0.050412,0.057618
2.4462e-05,0.050418,0.057619
2.5402e-05,0.050423,0.057622
2.6316e-05,0.050426,0.057629
2.7201e-05,0.050428,0.057638
2.8056e-05,0.050428,0.057651
2.8876e-05,0.050427,0.057667
2.966e-05,0.050424,0.057686
3.0406e-05,0.050419,0.057709
3.111e-05,0.050413,0.057735
3.1772e-05,0.050406,0.057765
3.2388e-05,0.050397,0.057798
3.2957e-05,0.050386,0.057835
3.3478e-05,0.050374,0.057875
3.3947e-05,0.05036,0.057919
3.4365e-05,0.050345,0.057966
3.4729e-05,0.050329,0.058016
3.5037e-05,0.050311,0.058071
3.529e-05,0.050292,0.058128
3.5487e-05,0.050271,0.058189
3.5625e-05,0.05025,0.058252
3.5706e-05,0.050227,0.058319
3.5729e-05,0.050203,0.058389
3.5693e-05,0.050178,0.058462
3.5598e-05,0.050151,0.058537
3.5446e-05,0.050124,0.058614
3.5236e-05,0.050096,0.058694
3.4969e-05,0.050067,0.058777
3.4646e-05,0.050037,0.058861
3.4268e-05,0.050006,0.058947
3.3836e-05,0.049975,0.059034
3.3351e-05,0.049943,0.059123
3.2815e-05,0.04991,0.059213
3.2229e-05,0.049877,0.059304
3.1596e-05,0.049843,0.059395
3.0916e-05,0.049809,0.059487
3.0193e-05,0.049774,0.059579
2.9427e-05,0.049739,0.059671
2.8621e-05,0.049704,0.059763
2.7777e-05,0.049668,0.059854
2.6898e-05,0.049633,0.059945
2.5985e-05,0.049597,0.060034
2.5042e-05,0.049561,0.060123
2.407e-05,0.049525,0.060209
2.3072e-05,0.049489,0.060295
2.205e-05,0.049453,0.060378
2.1007e-05,0.049417,0.060459
1.9946e-05,0.049382,0.060538
1.8868e-05,0.049346,0.060614
1.7775e-05,0.049311,0.060688
1.6672e-05,0.049276,0.060759
1.5559e-05,0.049242,0.060827
1.444e-05,0.049208,0.060892
1.3316e-05,0.049174,0.060953
1.219e-05,0.049141,0.061012
1.1064e-05,0.049108,0.061066
9.9411e-06,0.049075,0.061117
8.8225e-06,0.049043,0.061165
7.7107e-06,0.049012,0.061208
6.6078e-06,0.048981,0.061248
5.516e-06,0.048951,0.061284
4.4371e-06,0.048922,0.061316
3.3733e-06,0.048894,0.061345
2.3264e-06,0.048866,0.061369
1.2984e-06,0.048839,0.061389
2.9107e-07,0.048813,0.061406
-6.9365e-07,0.048787,0.061419
-1.654e-06,0.048763,0.061428
-2.5884e-06,0.048739,0.061433
-3.4949e-06,0.048717,0.061435
-4.3719e-06,0.048696,0.061433
-5.2179e-06,0.048675,0.061428
-6.0312e-06,0.048656,0.061419
-6.8101e-06,0.048638,0.061408
-7.5533e-06,0.048621,0.061393
-8.2591e-06,0.048606,0.061375
-8.9261e-06,0.048592,0.061355
-9.5528e-06,0.048579,0.061332
-1.0138e-05,0.048567,0.061307
-1.068e-05,0.048557,0.061279
-1.1177e-05,0.048549,0.061249
-1.1628e-05,0.048541,0.061217
-1.2033e-05,0.048536,0.061184
-1.2389e-05,0.048532,0.061149
-1.2695e-05,0.048529,0.061112
-1.295e-05,0.048529,0.061074
-1.3153e-05,0.048529,0.061036
-1.3303e-05,0.048532,0.060996
-1.3398e-05,0.048536,0.060955
-1.3438e-05,0.048542,0.060914
-1.3421e-05,0.048549,0.060873
-1.3347e-05,0.048559,0.060831
-1.3214e-05,0.04857,0.06079
-1.3022e-05,0.048582,0.060748
-1.277e-05,0.048597,0.060707
-1.2457e-05,0.048613,0.060666
-1.2083e-05,0.048631,0.060625
-1.1646e-05,0.04865,0.060585
-1.1148e-05,0.048672,0.060545
-1.0586e-05,0.048695,0.060507
-9.9608e-06,0.048719,0.060469
-9.2725e-06,0.048745,0.060432
-8.5207e-06,0.048773,0.060396
-7.7057e-06,0.048802,0.060362
-6.8275e-06,0.048833,0.060328
-5.8864e-06,0.048865,0.060295
-4.883e-06,0.048899,0.060264
-3.8179e-06,0.048933,0.060234
-2.6918e-06,0.04897,0.060205
-1.5056e-06,0.049007,0.060177
-2.605e-07,0.049045,0.060151
1.0423e-06,0.049085,0.060126
2.4013e-06,0.049125,0.060102
3.8148e-06,0.049167,0.060079
5.2812e-06,0.049209,0.060057
6.7983e-06,0.049252,0.060036
8.3641e-06,0.049296,0.060017
9.976e-06,0.04934,0.059998
1.1632e-05,0.049385,0.05998
1.3328e-05,0.04943,0.059963
1.5062e-05,0.049476,0.059947
1.6831e-05,0.049522,0.059932
1.8632e-05,0.049568,0.059917
2.046e-05,0.049614,0.059903
2.2312e-05,0.04966,0.059889
2.4185e-05,0.049706,0.059875
2.6073e-05,0.049751,0.059862
2.7974e-05,0.049797,0.059849
2.9882e-05,0.049842,0.059836
3.1793e-05,0.049886,0.059822
3.3703e-05,0.04993,0.059809
3.5606e-05,0.049973,0.059796
3.7498e-05,0.050016,0.059782
3.9373e-05,0.050058,0.059768
4.1228e-05,0.050098,0.059753
4.3056e-05,0.050138,0.059738
4.4852e-05,0.050177,0.059722
4.6612e-05,0.050214,0.059706
4.833e-05,0.05025,0.059688
5.0001e-05,0.050285,0.05967
5.162e-05,0.050319,0.059651
5.3183e-05,0.050351,0.059631
5.4683e-05,0.050382,0.05961
5.6116e-05,0.050411,0.059589
5.7479e-05,0.050438,0.059566
5.8765e-05,0.050464,0.059542
5.9971e-05,0.050488,0.059517
6.1093e-05,0.05051,0.05949
6.2126e-05,0.05053,0.059463
6.3068e-05,0.050549,0.059435
6.3915e-05,0.050565,0.059405
6.4663e-05,0.05058,0.059375
6.5311e-05,0.050592,0.059343
6.5855e-05,0.050603,0.05931
6.6295e-05,0.050612,0.059276
6.6628e-05,0.050619,0.059242
6.6852e-05,0.050623,0.059206
6.6968e-05,0.050626,0.059169
6.6975e-05,0.050627,0.059131
6.6873e-05,0.050625,0.059093
6.6662e-05,0.050622,0.059053
6.6343e-05,0.050617,0.059013
6.5917e-05,0.050609,0.058973
6.5387e-05,0.0506,0.058931
6.4754e-05,0.050589,0.058889
6.402e-05,0.050576,0.058847
6.3189e-05,0.050561,0.058804
6.2263e-05,0.050544,0.05876
6.1246e-05,0.050526,0.058717
6.0142e-05,0.050506,0.058673
5.8954e-05,0.050484,0.058629
5.7687e-05,0.05046,0.058585
5.6346e-05,0.050435,0.058541
5.4935e-05,0.050409,0.058497
5.3458e-05,0.050381,0.058453
5.1922e-05,0.050352,0.058409
5.033e-05,0.050321,0.058366
4.8689e-05,0.05029,0.058323
4.7004e-05,0.050257,0.05828
4.5279e-05,0.050223,0.058238
4.352e-05,0.050188,0.058196
4.1733e-05,0.050153,0.058155
3.9923e-05,0.050117,0.058115
3.8095e-05,0.05008,0.058076
3.6254e-05,0.050042,0.058038
3.4406e-05,0.050005,0.058
3.2556e-05,0.049966,0.057964
3.0708e-05,0.049928,0.057928
2.8867e-05,0.049889,0.057894
2.7038e-05,0.049851,0.05786
2.5225e-05,0.049812,0.057829
2.3433e-05,0.049774,0.057798
2.1665e-05,0.049736,0.057768
1.9926e-05,0.049698,0.05774
1.822e-05,0.049661,0.057714
1.6549e-05,0.049624,0.057689
1.4917e-05,0.049588,0.057665
1.3327e-05,0.049553,0.057643
1.1782e-05,0.049519,0.057622
1.0284e-05,0.049486,0.057603
8.8361e-06,0.049454,0.057586
7.4398e-06,0.049423,0.05757
6.0972e-06,0.049393,0.057555
4.8099e-06,0.049365,0.057542
3.5793e-06,0.049338,0.057531
2.4065e-06,0.049313,0.057521
1.2925e-06,0.04929,0.057513
2.3799e-07,0.049268,0.057506
-7.5648e-07,0.049248,0.057501
-1.6906e-06,0.04923,0.057497
-2.5644e-06,0.049213,0.057495
-3.3778e-06,0.049199,0.057494
-4.1312e-06,0.049187,0.057495
-4.8251e-06,0.049177,0.057497
-5.46e-06,0.049169,0.0575
-6.0369e-06,0.049163,0.057504
-6.5565e-06,0.04916,0.05751
-7.0202e-06,0.049159,0.057516
-7.429e-06,0.04916,0.057524
-7.7843e-06,0.049164,0.057533
-8.0877e-06,0.04917,0.057542
-8.3408e-06,0.049178,0.057553
-8.5451e-06,0.049189,0.057564
-8.7025e-06,0.049203,0.057576
-8.8148e-06,0.049219,0.057589
-8.884e-06,0.049238,0.057602
-8.912e-06,0.049259,0.057616
-8.9009e-06,0.049282,0.05763
-8.8527e-06,0.049308,0.057645
-8.7695e-06,0.049337,0.057659
-8.6535e-06,0.049368,0.057674
-8.5068e-06,0.049402,0.057689
-8.3315e-06,0.049438,0.057704
-8.1299e-06,0.049477,0.057719
-7.9039e-06,0.049518,0.057733
-7.6559e-06,0.049561,0.057748
-7.3878e-06,0.049607,0.057762
-7.1017e-06,0.049655,0.057775
-6.7998e-06,0.049706,0.057788
-6.484e-06,0.049759,0.057801
-6.1562e-06,0.049814,0.057812
-5.8184e-06,0.049871,0.057823
-5.4725e-06,0.04993,0.057833
-5.1201e-06,0.049991,0.057842
-4.7632e-06,0.050055,0.05785
-4.4034e-06,0.05012,0.057858
-4.0422e-06,0.050187,0.057864
-3.6812e-06,0.050257,0.057868
-3.3219e-06,0.050327,0.057872
-2.9657e-06,0.0504,0.057874
-2.6139e-06,0.050474,0.057875
-2.2677e-06,0.05055,0.057875
-1.9283e-06,0.050627,0.057873
-1.5968e-06,0.050706,0.05787
-1.2742e-06,0.050786,0.057866
-9.6141e-07,0.050867,0.05786
-6.5929e-07,0.050949,0.057853
-3.686e-07,0.051032,0.057844
-9.0055e-08,0.051116,0.057834
1.7574e-07,0.051201,0.057822
4.2823e-07,0.051287,0.057809
6.6695e-07,0.051373,0.057795
8.9151e-07,0.05146,0.057779
1.1016e-06,0.051547,0.057762
1.2969e-06,0.051634,0.057744
1.4772e-06,0.051722,0.057724
1.6425e-06,0.051809,0.057704
1.7926e-06,0.051896,0.057682
1.9276e-06,0.051983,0.057659
2.0474e-06,0.05207,0.057636
2.1523e-06,0.052156,0.057611
2.2423e-06,0.052241,0.057586
2.3177e-06,0.052326,0.057561
2.3787e-06,0.05241,0.057534
2.4256e-06,0.052492,0.057508
2.4588e-06,0.052573,0.057481
2.4786e-06,0.052653,0.057453
2.4854e-06,0.052731,0.057426
2.4797e-06,0.052808,0.057399
2.462e-06,0.052882,0.057372
2.4328e-06,0.052955,0.057345
2.3926e-06,0.053025,0.057318
2.3419e-06,0.053093,0.057292
2.2814e-06,0.053159,0.057267
2.2116e-06,0.053222,0.057243
2.1331e-06,0.053282,0.057219
2.0467e-06,0.053339,0.057197
1.9528e-06,0.053393,0.057175
1.8522e-06,0.053444,0.057155
1.7454e-06,0.053492,0.057137
1.6333e-06,0.053536,0.05712
1.5163e-06,0.053577,0.057105
1.3952e-06,0.053614,0.057091
1.2706e-06,0.053647,0.057079
1.1432e-06,0.053676,0.057069
1.0137e-06,0.053701,0.057062
8.8257e-07,0.053722,0.057056
7.506e-07,0.053739,0.057053
6.1837e-07,0.053752,0.057052
4.865e-07,0.05376,0.057053
3.556e-07,0.053763,0.057057
2.2624e-07,0.053763,0.057063
9.9022e-08,0.053757,0.057072
-2.5509e-08,0.053747,0.057083
-1.468e-07,0.053733,0.057097
-2.6434e-07,0.053714,0.057114
-3.776e-07,0.05369,0.057133
-4.8612e-07,0.053661,0.057155
-5.8941e-07,0.053628,0.057179
-6.8704e-07,0.05359,0.057206
-7.7858e-07,0.053548,0.057236
-8.6364e-07,0.053501,0.057268
-9.4185e-07,0.053449,0.057302
-1.0129e-06,0.053393,0.057339
-1.0764e-06,0.053333,0.057378
-1.132e-06,0.053268,0.05742
-1.1796e-06,0.0532,0.057464
-1.2189e-06,0.053127,0.05751
-1.2496e-06,0.05305,0.057557
-1.2716e-06,0.052969,0.057607
-1.2847e-06,0.052884,0.057659
-1.2889e-06,0.052796,0.057712
-1.2839e-06,0.052704,0.057767
-1.2698e-06,0.052609,0.057823
-1.2466e-06,0.052511,0.05788
-1.2141e-06,0.05241,0.057939
-1.1726e-06,0.052306,0.057998
-1.1219e-06,0.0522,0.058059
-1.0623e-06,0.052091,0.05812
-9.9383e-07,0.05198,0.058181
-9.167e-07,0.051867,0.058243
-8.311e-07,0.051752,0.058305
-7.3725e-07,0.051636,0.058367
-6.3543e-07,0.051518,0.058429
-5.2594e-07,0.0514,0.058491
-4.091e-07,0.05128,0.058552
-2.8529e-07,0.05116,0.058612
-1.5491e-07,0.05104,0.058672
-1.8379e-08,0.050919,0.058731
1.2383e-07,0.050799,0.058788
2.7121e-07,0.050679,0.058844
4.2325e-07,0.050559,0.058898
5.7939e-07,0.050441,0.058951
7.3903e-07,0.050323,0.059001
9.0156e-07,0.050207,0.05905
1.0663e-06,0.050092,0.059096
1.2327e-06,0.049979,0.05914
1.3999e-06,0.049869,0.059182
1.5672e-06,0.04976,0.059221
1.734e-06,0.049653,0.059257
1.8994e-06,0.04955,0.05929
2.0626e-06,0.049449,0.059319
2.2229e-06,0.049351,0.059346
2.3793e-06,0.049256,0.059369
2.5312e-06,0.049165,0.059389
2.6776e-06,0.049077,0.059405
2.8176e-06,0.048992,0.059418
2.9505e-06,0.048912,0.059427
3.0752e-06,0.048835,0.059432
3.1911e-06,0.048763,0.059433
3.2971e-06,0.048694,0.05943
3.3924e-06,0.04863,0.059423
3.4762e-06,0.04857,0.059412
3.5477e-06,0.048515,0.059398
3.6059e-06,0.048464,0.059379
3.6501e-06,0.048417,0.059356
3.6794e-06,0.048375,0.059329
3.6932e-06,0.048338,0.059299
3.6906e-06,0.048305,0.059264
3.6711e-06,0.048276,0.059225
3.6338e-06,0.048252,0.059183
3.5781e-06,0.048233,0.059137
3.5036e-06,0.048219,0.059087
3.4096e-06,0.048208,0.059034
3.2957e-06,0.048203,0.058977
3.1614e-06,0.048201,0.058917
3.0065e-06,0.048204,0.058854
2.8305e-06,0.048211,0.058788
2.6334e-06,0.048222,0.05872
2.4149e-06,0.048238,0.058648
2.1749e-06,0.048257,0.058574
1.9136e-06,0.04828,0.058498
1.6309e-06,0.048307,0.05842
1.3272e-06,0.048337,0.05834
1.0026e-06,0.048371,0.058259
6.5755e-07,0.048409,0.058176
2.9256e-07,0.04845,0.058092
-9.1798e-08,0.048494,0.058007
-4.9483e-07,0.04854,0.057921
-9.1573e-07,0.04859,0.057835
-1.3536e-06,0.048643,0.057749
-1.8074e-06,0.048698,0.057663
-2.2759e-06,0.048756,0.057577
-2.7581e-06,0.048816,0.057491
-3.2523e-06,0.048878,0.057407
-3.7572e-06,0.048942,0.057324
-4.2712e-06,0.049008,0.057241
-4.7925e-06,0.049076,0.057161
-5.3194e-06,0.049146,0.057082
-5.8497e-06,0.049217,0.057004
-6.3815e-06,0.04929,0.056929
-6.9127e-06,0.049364,0.056856
-7.4408e-06,0.049439,0.056786
-7.9635e-06,0.049515,0.056718
-8.4784e-06,0.049592,0.056653
-8.9829e-06,0.049669,0.05659
-9.4742e-06,0.049748,0.056531
-9.9496e-06,0.049826,0.056474
-1.0406e-05,0.049906,0.056421
-1.0841e-05,0.049985,0.056371
-1.1252e-05,0.050065,0.056324
-1.1635e-05,0.050144,0.05628
-1.1987e-05,0.050224,0.056239
-1.2305e-05,0.050303,0.056202
-1.2586e-05,0.050382,0.056168
-1.2827e-05,0.050461,0.056138
-1.3025e-05,0.050539,0.05611
-1.3176e-05,0.050617,0.056086
-1.3277e-05,0.050694,0.056065
-1.3326e-05,0.050771,0.056047
-1.3318e-05,0.050846,0.056032
-1.3252e-05,0.050921,0.05602
-1.3123e-05,0.050995,0.056011
-1.293e-05,0.051068,0.056004
-1.2669e-05,0.051139,0.056
-1.2338e-05,0.05121,0.055999
-1.1933e-05,0.051279,0.056
-1.1453e-05,0.051347,0.056003
-1.0895e-05,0.051414,0.056009
-1.0258e-05,0.051479,0.056016
-9.5381e-06,0.051543,0.056025
-8.7348e-06,0.051606,0.056036
-7.8462e-06,0.051667,0.056049
-6.871e-06,0.051726,0.056063
-5.808e-06,0.051784,0.056078
-4.6564e-06,0.05184,0.056094
-3.4156e-06,0.051894,0.056111
-2.0853e-06,0.051947,0.05613
-6.6527e-07,0.051999,0.056148
8.441e-07,0.052048,0.056168
2.4423e-06,0.052096,0.056187
4.1285e-06,0.052142,0.056208
5.9015e-06,0.052187,0.056228
7.7598e-06,0.052229,0.056248
9.7015e-06,0.05227,0.056268
1.1724e-05,0.05231,0.056288
1.3826e-05,0.052347,0.056307
1.6004e-05,0.052383,0.056326
1.8254e-05,0.052417,0.056345
2.0573e-05,0.052449,0.056362
2.2957e-05,0.05248,0.056379
2.5402e-05,0.052509,0.056395
2.7903e-05,0.052536,0.05641
3.0455e-05,0.052562,0.056424
3.3054e-05,0.052586,0.056437
3.5692e-05,0.052608,0.056449
3.8365e-05,0.052629,0.056459
4.1066e-05,0.052648,0.056468
4.3789e-05,0.052665,0.056475
4.6527e-05,0.052682,0.056481
4.9273e-05,0.052696,0.056485
5.202e-05,0.052709,0.056488
5.476e-05,0.052721,0.056489
5.7487e-05,0.052731,0.056489
6.0191e-05,0.05274,0.056486
6.2866e-05,0.052748,0.056482
6.5503e-05,0.052754,0.056477
6.8095e-05,0.052759,0.056469
7.0634e-05,0.052762,0.05646
7.3111e-05,0.052765,0.056449
7.5519e-05,0.052766,0.056436
7.7849e-05,0.052766,0.056422
8.0095e-05,0.052765,0.056406
8.2249e-05,0.052763,0.056388
8.4302e-05,0.05276,0.056368
8.6249e-05,0.052756,0.056347
8.8082e-05,0.052751,0.056324
8.9794e-05,0.052745,0.0563
9.138e-05,0.052738,0.056274
9.2834e-05,0.052731,0.056246
9.415e-05,0.052722,0.056217
9.5323e-05,0.052713,0.056186
9.6349e-05,0.052703,0.056154
9.7224e-05,0.052692,0.056121
9.7945e-05,0.052681,0.056086
9.8509e-05,0.052669,0.05605
9.8913e-05,0.052657,0.056012
9.9157e-05,0.052644,0.055974
9.9238e-05,0.052631,0.055934
9.9158e-05,0.052617,0.055893
9.8915e-05,0.052603,0.055851
9.8512e-05,0.052588,0.055808
9.7949e-05,0.052573,0.055764
9.7229e-05,0.052558,0.055719
9.6355e-05,0.052543,0.055674
9.533e-05,0.052528,0.055627
9.4158e-05,0.052513,0.05558
9.2843e-05,0.052497,0.055531
9.1391e-05,0.052482,0.055482
8.9806e-05,0.052467,0.055433
8.8094e-05,0.052451,0.055382
8.6263e-05,0.052436,0.055331
8.4317e-05,0.052422,0.05528
8.2265e-05,0.052407,0.055228
8.0113e-05,0.052393,0.055175
7.7869e-05,0.052379,0.055122
7.5539e-05,0.052366,0.055068
7.3133e-05,0.052353,0.055014
7.0657e-05,0.05234,0.05496
6.812e-05,0.052328,0.054905
6.5529e-05,0.052317,0.05485
6.2893e-05,0.052307,0.054795
6.022e-05,0.052297,0.054739
5.7517e-05,0.052288,0.054683
5.4792e-05,0.052279,0.054627
5.2053e-05,0.052272,0.054571
4.9308e-05,0.052265,0.054515
4.6563e-05,0.052259,0.054459
4.3827e-05,0.052254,0.054402
4.1105e-05,0.05225,0.054346
3.8405e-05,0.052247,0.054289
3.5734e-05,0.052245,0.054233
3.3096e-05,0.052244,0.054177
3.0499e-05,0.052244,0.054121
2.7948e-05,0.052245,0.054065
2.5448e-05,0.052247,0.05401
2.3004e-05,0.05225,0.053955
2.062e-05,0.052253,0.0539
1.8302e-05,0.052258,0.053846
1.6052e-05,0.052264,0.053792
1.3875e-05,0.05227,0.053739
1.1774e-05,0.052278,0.053687
9.7511e-06,0.052286,0.053635
7.8094e-06,0.052295,0.053584
5.9509e-06,0.052305,0.053534
4.1776e-06,0.052316,0.053485
2.4909e-06,0.052327,0.053437
8.9192e-07,0.05234,0.05339
-6.1839e-07,0.052352,0.053344
-2.0395e-06,0.052366,0.053299
-3.3713e-06,0.05238,0.053255
-4.6137e-06,0.052394,0.053213
-5.7671e-06,0.05241,0.053172
-6.8321e-06,0.052425,0.053133
-7.8097e-06,0.052441,0.053095
-8.7009e-06,0.052457,0.053059
-9.507e-06,0.052474,0.053024
-1.023e-05,0.052491,0.052991
-1.0871e-05,0.052508,0.05296
-1.1432e-05,0.052525,0.05293
-1.1916e-05,0.052543,0.052902
-1.2325e-05,0.05256,0.052876
-1.2661e-05,0.052578,0.052852
-1.2926e-05,0.052595,0.05283
-1.3124e-05,0.052613,0.052809
-1.3258e-05,0.05263,0.052791
-1.333e-05,0.052648,0.052775
-1.3343e-05,0.052665,0.05276
-1.33e-05,0.052682,0.052747
-1.3205e-05,0.052699,0.052737
-1.306e-05,0.052715,0.052728
-1.2869e-05,0.052732,0.052721
-1.2634e-05,0.052747,0.052717
-1.236e-05,0.052763,0.052714
-1.2048e-05,0.052778,0.052713
-1.1703e-05,0.052793,0.052713
-1.1327e-05,0.052807,0.052716
-1.0924e-05,0.052821,0.05272
-1.0496e-05,0.052834,0.052726
-1.0046e-05,0.052847,0.052734
-9.5779e-06,0.052859,0.052743
-9.0936e-06,0.05287,0.052754
-8.596e-06,0.052881,0.052766
-8.0879e-06,0.052891,0.052779
-7.5718e-06,0.0529,0.052794
-7.05e-06,0.052909,0.052809
-6.5251e-06,0.052917,0.052826
-5.9992e-06,0.052924,0.052844
-5.4745e-06,0.052931,0.052862
-4.953e-06,0.052936,0.052881
-4.4366e-06,0.052941,0.052901
-3.9271e-06,0.052945,0.052921
-3.4262e-06,0.052948,0.052942
-2.9355e-06,0.05295,0.052963
-2.4565e-06,0.052951,0.052984
-1.9904e-06,0.052951,0.053004
-1.5384e-06,0.052951,0.053025
-1.1018e-06,0.052949,0.053045
-6.8139e-07,0.052946,0.053065
-2.7816e-07,0.052942,0.053084
1.0715e-07,0.052937,0.053103
4.7389e-07,0.052931,0.05312
8.2149e-07,0.052924,0.053137
1.1495e-06,0.052916,0.053153
1.4576e-06,0.052907,0.053167
1.7454e-06,0.052897,0.05318
2.0129e-06,0.052885,0.053192
2.26e-06,0.052872,0.053202
2.4865e-06,0.052858,0.053211
2.6928e-06,0.052843,0.053218
2.8788e-06,0.052826,0.053223
3.0448e-06,0.052809,0.053227
3.1911e-06,0.05279,0.053229
3.3181e-06,0.052769,0.053228
3.4262e-06,0.052747,0.053226
3.5159e-06,0.052724,0.053222
3.5876e-06,0.0527,0.053215
3.642e-06,0.052674,0.053207
3.6797e-06,0.052647,0.053197
3.7013e-06,0.052618,0.053184
3.7074e-06,0.052588,0.053169
3.6988e-06,0.052557,0.053153
3.6762e-06,0.052525,0.053134
3.6404e-06,0.052491,0.053114
3.5921e-06,0.052455,0.053091
3.5321e-06,0.052419,0.053067
3.4611e-06,0.052381,0.05304
3.38e-06,0.052342,0.053012
3.2896e-06,0.052302,0.052982
3.1907e-06,0.052261,0.052951
3.0839e-06,0.052219,0.052918
2.9702e-06,0.052176,0.052884
2.8503e-06,0.052132,0.052848
2.7249e-06,0.052087,0.052811
2.5948e-06,0.052041,0.052773
2.4607e-06,0.051995,0.052733
2.3233e-06,0.051948,0.052693
2.1833e-06,0.051901,0.052652
2.0414e-06,0.051854,0.05261
1.8983e-06,0.051807,0.052567
1.7544e-06,0.051759,0.052524
1.6105e-06,0.051712,0.052481
1.467e-06,0.051665,0.052437
1.3246e-06,0.051618,0.052393
1.1836e-06,0.051572,0.052349
1.0447e-06,0.051527,0.052305
9.0819e-07,0.051483,0.052261
7.7454e-07,0.051439,0.052217
6.4413e-07,0.051397,0.052174
5.173e-07,0.051355,0.052131
3.9438e-07,0.051316,0.052088
2.7567e-07,0.051278,0.052046
1.6143e-07,0.051241,0.052005
5.188e-08,0.051206,0.051964
-5.2764e-08,0.051173,0.051925
-1.5233e-07,0.051142,0.051886
-2.4667e-07,0.051113,0.051848
-3.3567e-07,0.051087,0.051811
-4.1922e-07,0.051062,0.051775
-4.9727e-07,0.05104,0.05174
-5.6977e-07,0.05102,0.051707
-6.3669e-07,0.051003,0.051674
-6.9804e-07,0.050988,0.051643
-7.5385e-07,0.050975,0.051613
-8.0416e-07,0.050965,0.051584
-8.4902e-07,0.050957,0.051556
-8.8853e-07,0.050952,0.051529
-9.2278e-07,0.050949,0.051504
-9.5188e-07,0.050948,0.05148
-9.7596e-07,0.05095,0.051457
-9.9517e-07,0.050953,0.051435
-1.0097e-06,0.050959,0.051414
-1.0196e-06,0.050967,0.051395
-1.0251e-06,0.050977,0.051376
-1.0265e-06,0.050988,0.051359
-1.0238e-06,0.051002,0.051343
-1.0173e-06,0.051017,0.051327
-1.0073e-06,0.051033,0.051313
-9.9377e-07,0.051051,0.0513
-9.771e-07,0.05107,0.051287
-9.5746e-07,0.05109,0.051276
-9.3505e-07,0.051111,0.051265
-9.101e-07,0.051133,0.051255
-8.8282e-07,0.051156,0.051246
-8.5342e-07,0.051179,0.051238
-8.2212e-07,0.051203,0.05123
-7.8912e-07,0.051226,0.051223
-7.5464e-07,0.051251,0.051217
-7.1887e-07,0.051275,0.051211
-6.8201e-07,0.051299,0.051206
-6.4426e-07,0.051323,0.051201
-6.058e-07,0.051347,0.051197
-5.6682e-07,0.05137,0.051193
-5.2748e-07,0.051393,0.051189
-4.8796e-07,0.051415,0.051186
-4.4841e-07,0.051437,0.051184
-4.09e-07,0.051458,0.051181
-3.6986e-07,0.051478,0.051179
-3.3113e-07,0.051498,0.051178
-2.9295e-07,0.051516,0.051176
-2.5543e-07,0.051534,0.051175
-2.1869e-07,0.05155,0.051174
-1.8283e-07,0.051566,0.051173
-1.4795e-07,0.05158,0.051172
-1.1414e-07,0.051593,0.051172
-8.1479e-08,0.051606,0.051171
-5.0037e-08,0.051617,0.051171
-1.9877e-08,0.051627,0.05117
8.9424e-09,0.051636,0.05117
3.6374e-08,0.051644,0.05117
6.2378e-08,0.051651,0.051169
8.6921e-08,0.051657,0.051169
1.0998e-07,0.051663,0.051169
1.3153e-07,0.051667,0.051168
1.5156e-07,0.05167,0.051168
1.7006e-07,0.051673,0.051167
1.8704e-07,0.051675,0.051166
2.0251e-07,0.051676,0.051164
2.1646e-07,0.051677,0.051163
2.2893e-07,0.051676,0.051161
2.3993e-07,0.051676,0.051159
2.4949e-07,0.051675,0.051156
2.5764e-07,0.051674,0.051153
2.6441e-07,0.051672,0.05115
2.6985e-07,0.05167,0.051146
2.7399e-07,0.051668,0.051141
2.7688e-07,0.051665,0.051136
2.7857e-07,0.051663,0.05113
2.7911e-07,0.051661,0.051124
2.7854e-07,0.051658,0.051117
2.7693e-07,0.051656,0.051108
2.7433e-07,0.051654,0.0511
2.7079e-07,0.051652,0.05109
2.6637e-07,0.05165,0.051079
2.6114e-07,0.051649,0.051067
2.5514e-07,0.051648,0.051054
2.4844e-07,0.051647,0.05104
2.411e-07,0.051646,0.051025
2.3318e-07,0.051646,0.051009
2.2472e-07,0.051647,0.050991
2.158e-07,0.051648,0.050972
2.0647e-07,0.051649,0.050952
1.9678e-07,0.051651,0.050931
1.8678e-07,0.051653,0.050908
1.7653e-07,0.051656,0.050884
1.6609e-07,0.05166,0.050858
1.5549e-07,0.051663,0.050831
1.448e-07,0.051668,0.050803
1.3404e-07,0.051673,0.050774
1.2328e-07,0.051678,0.050742
1.1254e-07,0.051684,0.05071
1.0188e-07,0.05169,0.050676
9.1321e-08,0.051697,0.050641
8.0907e-08,0.051705,0.050605
7.0671e-08,0.051712,0.050567
6.0643e-08,0.05172,0.050528
5.0851e-08,0.051729,0.050488
4.1324e-08,0.051737,0.050447
3.2084e-08,0.051746,0.050405
2.3154e-08,0.051755,0.050361
1.4555e-08,0.051765,0.050317
6.3024e-09,0.051774,0.050272
-1.5868e-09,0.051784,0.050226
-9.0995e-09,0.051794,0.05018
-1.6225e-08,0.051804,0.050132
-2.2953e-08,0.051814,0.050085
-2.9277e-08,0.051823,0.050036
-3.5191e-08,0.051833,0.049988
-4.0692e-08,0.051843,0.049939
-4.5778e-08,0.051853,0.04989
-5.0449e-08,0.051862,0.049841
-5.4706e-08,0.051872,0.049792
-5.8552e-08,0.051881,0.049743
-6.1993e-08,0.05189,0.049694
-6.5032e-08,0.051899,0.049646
-6.7679e-08,0.051908,0.049598
-6.9941e-08,0.051916,0.04955
-7.1826e-08,0.051925,0.049503
-7.3347e-08,0.051933,0.049457
-7.4513e-08,0.051941,0.049412
-7.5338e-08,0.051949,0.049368
-7.5833e-08,0.051957,0.049324
-7.6013e-08,0.051964,0.049282
-7.5891e-08,0.051972,0.04924
-7.5483e-08,0.051979,0.0492
-7.4803e-08,0.051986,0.049161
-7.3866e-08,0.051994,0.049124
-7.2689e-08,0.052001,0.049088
-7.1287e-08,0.052009,0.049053
-6.9676e-08,0.052017,0.04902
-6.7872e-08,0.052025,0.048988
-6.5891e-08,0.052033,0.048957
-6.3749e-08,0.052041,0.048929
-6.1462e-08,0.05205,0.048901
-5.9045e-08,0.052059,0.048876
-5.6514e-08,0.052069,0.048851
-5.3885e-08,0.052079,0.048829
-5.1171e-08,0.05209,0.048808
-4.8387e-08,0.052101,0.048788
-4.5547e-08,0.052113,0.04877
-4.2665e-08,0.052125,0.048754
-3.9753e-08,0.052138,0.048739
-3.6826e-08,0.052152,0.048725
-3.3893e-08,0.052167,0.048712
-3.0968e-08,0.052182,0.048701
-2.806e-08,0.052198,0.048692
-2.5181e-08,0.052215,0.048683
-2.234e-08,0.052232,0.048675
-1.9546e-08,0.052251,0.048669
-1.6808e-08,0.05227,0.048664
-1.4134e-08,0.05229,0.048659
-1.1531e-08,0.05231,0.048655
-9.0051e-09,0.052331,0.048652
-6.5634e-09,0.052353,0.04865
-4.2109e-09,0.052376,0.048648
-1.9526e-09,0.052399,0.048646
2.0727e-10,0.052422,0.048645
2.265e-09,0.052446,0.048645
4.2174e-09,0.05247,0.048644
6.0619e-09,0.052495,0.048644
7.7965e-09,0.052519,0.048643
9.4196e-09,0.052544,0.048643
1.093e-08,0.052569,0.048642
1.2328e-08,0.052594,0.048641
1.3612e-08,0.052619,0.04864
1.4784e-08,0.052643,0.048639
1.5844e-08,0.052667,0.048637
1.6793e-08,0.052691,0.048634
1.7633e-08,0.052715,0.048631
1.8365e-08,0.052738,0.048627
1.8993e-08,0.05276,0.048622
1.9517e-08,0.052781,0.048617
1.9942e-08,0.052802,0.048611
2.027e-08,0.052822,0.048604
2.0505e-08,0.05284,0.048596
2.0649e-08,0.052858,0.048587
2.0707e-08,0.052875,0.048577
2.0683e-08,0.052891,0.048566
2.058e-08,0.052905,0.048554
2.0402e-08,0.052918,0.048541
2.0154e-08,0.05293,0.048527
1.9841e-08,0.05294,0.048512
1.9465e-08,0.05295,0.048496
1.9032e-08,0.052957,0.048479
1.8546e-08,0.052964,0.048461
1.8012e-08,0.052969,0.048443
1.7433e-08,0.052973,0.048423
1.6814e-08,0.052975,0.048403
1.6159e-08,0.052976,0.048381
1.5473e-08,0.052975,0.04836
1.4759e-08,0.052973,0.048337
1.4022e-08,0.05297,0.048314
1.3265e-08,0.052966,0.04829
1.2493e-08,0.05296,0.048266
1.1709e-08,0.052954,0.048242
1.0917e-08,0.052946,0.048217
1.0119e-08,0.052937,0.048192
9.3205e-09,0.052927,0.048167
8.5232e-09,0.052916,0.048142
7.7305e-09,0.052904,0.048117
6.9452e-09,0.052892,0.048092
6.1699e-09,0.052878,0.048068
5.4073e-09,0.052865,0.048043
4.6596e-09,0.05285,0.048019
3.9291e-09,0.052835,0.047996
3.2177e-09,0.05282,0.047973
2.5273e-09,0.052805,0.04795
1.8595e-09,0.052789,0.047929
1.216e-09,0.052773,0.047908
5.979e-10,0.052757,0.047887
6.5343e-12,0.052742,0.047868
-5.571e-10,0.052726,0.047849
-1.0921e-09,0.052711,0.047831
-1.5979e-09,0.052696,0.047814
-2.0737e-09,0.052681,0.047797
-2.5192e-09,0.052667,0.047782
-2.9341e-09,0.052654,0.047767
-3.3182e-09,0.052641,0.047753
-3.6715e-09,0.05263,0.04774
-3.994e-09,0.052619,0.047727
-4.2861e-09,0.052609,0.047715
-4.5479e-09,0.052599,0.047704
-4.7799e-09,0.052591,0.047693
-4.9826e-09,0.052584,0.047682
-5.1565e-09,0.052579,0.047672
-5.3025e-09,0.052574,0.047662
-5.4211e-09,0.052571,0.047652
-5.5133e-09,0.052569,0.047642
-5.5799e-09,0.052569,0.047632
-5.6219e-09,0.052569,0.047621
-5.6403e-09,0.052572,0.047611
-5.636e-09,0.052576,0.047599
-5.6103e-09,0.052581,0.047587
-5.5641e-09,0.052587,0.047575
-5.4986e-09,0.052596,0.047561
-5.415e-09,0.052605,0.047546
-5.3145e-09,0.052616,0.047531
-5.1982e-09,0.052629,0.047513
-5.0674e-09,0.052643,0.047495
-4.9231e-09,0.052658,0.047475
-4.7666e-09,0.052675,0.047453
-4.5992e-09,0.052693,0.04743
-4.4218e-09,0.052713,0.047404
-4.2357e-09,0.052734,0.047377
-4.0421e-09,0.052756,0.047347
-3.8419e-09,0.052779,0.047315
-3.6364e-09,0.052804,0.047282
-3.4264e-09,0.05283,0.047245
-3.2132e-09,0.052856,0.047207
-2.9975e-09,0.052884,0.047166
-2.7804e-09,0.052912,0.047122
-2.5628e-09,0.052942,0.047076
-2.3455e-09,0.052972,0.047028
-2.1294e-09,0.053003,0.046977
-1.9152e-09,0.053034,0.046923
-1.7037e-09,0.053066,0.046867
-1.4955e-09,0.053099,0.046809
-1.2914e-09,0.053132,0.046748
-1.0918e-09,0.053165,0.046684
-8.9745e-10,0.053198,0.046619
-7.0872e-10,0.053232,0.046551
-5.2612e-10,0.053265,0.046481
-3.5006e-10,0.053299,0.046409
-1.8092e-10,0.053332,0.046336
-1.9014e-11,0.053365,0.04626
1.3537e-10,0.053397,0.046183
2.8198e-10,0.05343,0.046104
4.2062e-10,0.053461,0.046024
5.5114e-10,0.053492,0.045943
6.7341e-10,0.053522,0.045861
7.8734e-10,0.053551,0.045778
8.929e-10,0.05358,0.045694
9.9005e-10,0.053607,0.04561
1.0788e-09,0.053633,0.045526
1.1593e-09,0.053657,0.045442
1.2315e-09,0.05368,0.045358
1.2956e-09,0.053702,0.045275
1.3517e-09,0.053722,0.045192
1.3999e-09,0.053741,0.045111
1.4405e-09,0.053758,0.04503
1.4736e-09,0.053772,0.044951
1.4995e-09,0.053785,0.044874
1.5184e-09,0.053796,0.044799
1.5306e-09,0.053805,0.044726
1.5362e-09,0.053811,0.044655
1.5357e-09,0.053816,0.044587
1.5293e-09,0.053818,0.044522
1.5174e-09,0.053817,0.044461
1.5001e-09,0.053814,0.044402
1.4778e-09,0.053809,0.044347
1.4509e-09,0.0538,0.044296
1.4197e-09,0.05379,0.044249
1.3845e-09,0.053776,0.044206
1.3456e-09,0.05376,0.044167
1.3033e-09,0.053742,0.044133
1.258e-09,0.05372,0.044103
1.21e-09,0.053696,0.044079
1.1595e-09,0.053669,0.044059
1.107e-09,0.053639,0.044044
1.0526e-09,0.053607,0.044034
9.9677e-10,0.053572,0.044029
9.397e-10,0.053534,0.04403
8.8169e-10,0.053493,0.044036
8.23e-10,0.05345,0.044047
7.6389e-10,0.053404,0.044064
7.0461e-10,0.053355,0.044085
6.454e-10,0.053304,0.044113
5.8648e-10,0.053251,0.044145
5.2806e-10,0.053195,0.044182
4.7036e-10,0.053136,0.044225
4.1354e-10,0.053075,0.044273
3.578e-10,0.053012,0.044326
3.033e-10,0.052947,0.044383
2.5018e-10,0.05288,0.044445
1.986e-10,0.052811,0.044512
1.4867e-10,0.052739,0.044583
1.0051e-10,0.052666,0.044658
5.4221e-11,0.052592,0.044738
9.8965e-12,0.052515,0.044821
-3.2386e-11,0.052437,0.044907
-7.2559e-11,0.052358,0.044997
-1.1057e-10,0.052278,0.04509
-1.4636e-10,0.052196,0.045186
-1.7992e-10,0.052113,0.045285
-2.1121e-10,0.052029,0.045385
-2.4021e-10,0.051945,0.045488
-2.6693e-10,0.051859,0.045593
-2.9136e-10,0.051774,0.045698
-3.1352e-10,0.051687,0.045805
-3.3344e-10,0.051601,0.045913
-3.5114e-10,0.051514,0.046021
-3.6665e-10,0.051428,0.04613
-3.8002e-10,0.051341,0.046238
-3.913e-10,0.051255,0.046346
-4.0054e-10,0.051169,0.046453
-4.0781e-10,0.051084,0.046559
-4.1316e-10,0.050999,0.046663
-4.1667e-10,0.050915,0.046766
-4.1841e-10,0.050832,0.046867
-4.1845e-10,0.05075,0.046965
-4.1688e-10,0.05067,0.04706
-4.1378e-10,0.05059,0.047153
-4.0923e-10,0.050512,0.047243
-4.0331e-10,0.050436,0.047329
-3.9612e-10,0.050361,0.047411
-3.8773e-10,0.050288,0.047489
-3.7825e-10,0.050217,0.047563
-3.6776e-10,0.050148,0.047632
-3.5634e-10,0.050081,0.047697
-3.4408e-10,0.050016,0.047757
-3.3107e-10,0.049953,0.047812
-3.174e-10,0.049893,0.047862
-3.0314e-10,0.049835,0.047906
-2.8839e-10,0.04978,0.047945
-2.7321e-10,0.049727,0.047978
-2.577e-10,0.049677,0.048005
-2.4192e-10,0.049629,0.048026
-2.2595e-10,0.049585,0.048042
-2.0985e-10,0.049543,0.048051
-1.9371e-10,0.049504,0.048055
-1.7757e-10,0.049468,0.048052
-1.6151e-10,0.049434,0.048044
-1.4558e-10,0.049404,0.048029
-1.2984e-10,0.049376,0.048008
-1.1433e-10,0.049352,0.047981
-9.9113e-11,0.049331,0.047947
-8.4226e-11,0.049312,0.047908
-6.9714e-11,0.049297,0.047863
-5.5614e-11,0.049285,0.047812
-4.1961e-11,0.049275,0.047755
-2.8788e-11,0.049269,0.047693
-1.6122e-11,0.049266,0.047625
-3.9876e-12,0.049265,0.047551
7.5923e-12,0.049268,0.047472
1.8599e-11,0.049274,0.047387
2.9018e-11,0.049282,0.047298
3.8837e-11,0.049294,0.047203
4.8044e-11,0.049308,0.047104
5.6635e-11,0.049325,0.047
6.4604e-11,0.049345,0.046891
7.195e-11,0.049368,0.046778
7.8674e-11,0.049394,0.046661
8.4779e-11,0.049422,0.046539
9.0271e-11,0.049453,0.046414
9.5157e-11,0.049487,0.046286
9.9448e-11,0.049523,0.046153
1.0315e-10,0.049561,0.046018
1.0629e-10,0.049602,0.045879
1.0887e-10,0.049646,0.045738
1.109e-10,0.049692,0.045594
1.1242e-10,0.04974,0.045448
1.1343e-10,0.04979,0.045299
1.1395e-10,0.049843,0.045148
1.1401e-10,0.049897,0.044995
1.1363e-10,0.049954,0.044841
1.1283e-10,0.050013,0.044686
1.1163e-10,0.050073,0.044529
1.1006e-10,0.050136,0.044371
1.0814e-10,0.0502,0.044212
1.0589e-10,0.050266,0.044053
1.0334e-10,0.050334,0.043893
1.0051e-10,0.050403,0.043734
9.7422e-11,0.050473,0.043574
9.4107e-11,0.050545,0.043415
9.0584e-11,0.050619,0.043256
8.6878e-11,0.050693,0.043097
8.3011e-11,0.050769,0.04294
7.9005e-11,0.050845,0.042783
7.4883e-11,0.050923,0.042628
7.0666e-11,0.051001,0.042474
6.6374e-11,0.051081,0.042322
6.2028e-11,0.05116,0.042172
5.7647e-11,0.051241,0.042023
5.3249e-11,0.051321,0.041876
4.8853e-11,0.051402,0.041732
4.4474e-11,0.051483,0.04159
4.013e-11,0.051564,0.041451
3.5835e-11,0.051645,0.041314
3.1603e-11,0.051726,0.041181
2.7448e-11,0.051806,0.04105
2.3382e-11,0.051886,0.040922
1.9417e-11,0.051965,0.040798
1.5564e-11,0.052043,0.040677
1.1831e-11,0.052121,0.040559
8.2275e-12,0.052197,0.040446
4.7616e-12,0.052272,0.040335
1.44e-12,0.052345,0.040229
-1.7313e-12,0.052417,0.040127
-4.7471e-12,0.052488,0.040028
-7.603e-12,0.052556,0.039934
-1.0296e-11,0.052622,0.039844
-1.2822e-11,0.052687,0.039759
-1.5181e-11,0.052748,0.039677
-1.737e-11,0.052808,0.039601
-1.939e-11,0.052864,0.039528
-2.124e-11,0.052918,0.039461
-2.2922e-11,0.052969,0.039398
-2.4436e-11,0.053017,0.03934
-2.5785e-11,0.053062,0.039286
-2.6971e-11,0.053104,0.039238
-2.7998e-11,0.053142,0.039194
-2.8868e-11,0.053176,0.039155
-2.9587e-11,0.053208,0.039121
-3.0158e-11,0.053235,0.039092
-3.0585e-11,0.053259,0.039068
-3.0875e-11,0.053279,0.039049
-3.1032e-11,0.053295,0.039035
-3.1063e-11,0.053307,0.039026
-3.0972e-11,0.053316,0.039022
-3.0766e-11,0.05332,0.039023
-3.0451e-11,0.053321,0.039029
-3.0033e-11,0.053317,0.03904
-2.952e-11,0.05331,0.039055
-2.8916e-11,0.053299,0.039076
-2.823e-11,0.053284,0.039101
-2.7467e-11,0.053265,0.03913
-2.6634e-11,0.053243,0.039165
-2.5737e-11,0.053217,0.039204
-2.4784e-11,0.053188,0.039247
-2.3779e-11,0.053155,0.039295
-2.273e-11,0.053119,0.039347
-2.1643e-11,0.053079,0.039403
-2.0523e-11,0.053037,0.039464
-1.9377e-11,0.052992,0.039528
-1.821e-11,0.052944,0.039596
-1.7027e-11,0.052893,0.039668
-1.5834e-11,0.05284,0.039743
-1.4637e-11,0.052785,0.039822
-1.3439e-11,0.052727,0.039905
-1.2245e-11,0.052668,0.03999
-1.1061e-11,0.052607,0.040079
-9.8888e-12,0.052544,0.040171
-8.734e-12,0.05248,0.040265
-7.5997e-12,0.052415,0.040363
-6.4893e-12,0.052349,0.040463
-5.4061e-12,0.052282,0.040565
-4.3528e-12,0.052215,0.04067
-3.3322e-12,0.052148,0.040777
-2.3467e-12,0.05208,0.040886
-1.3983e-12,0.052013,0.040998
-4.891e-13,0.051946,0.041111
3.7934e-13,0.051879,0.041226
1.2056e-12,0.051814,0.041343
1.9884e-12,0.051749,0.041461
2.7268e-12,0.051685,0.041581
3.42e-12,0.051623,0.041702
4.0675e-12,0.051562,0.041825
4.669e-12,0.051503,0.041949
5.2242e-12,0.051446,0.042074
5.7333e-12,0.051391,0.0422
6.1963e-12,0.051338,0.042326
6.6138e-12,0.051288,0.042454
6.9862e-12,0.05124,0.042582
7.3141e-12,0.051194,0.042711
7.5985e-12,0.051152,0.04284
7.8403e-12,0.051112,0.04297
8.0405e-12,0.051075,0.0431
8.2003e-12,0.05104,0.04323
8.321e-12,0.051009,0.04336
8.404e-12,0.050981,0.04349
8.4507e-12,0.050956,0.04362
8.4626e-12,0.050935,0.04375
8.4414e-12,0.050916,0.043879
8.3886e-12,0.0509,0.044008
8.306e-12,0.050888,0.044136
8.1952e-12,0.050879,0.044264
8.0581e-12,0.050873,0.04439
7.8963e-12,0.05087,0.044515
7.7117e-12,0.050869,0.04464
7.506e-12,0.050872,0.044763
7.2811e-12,0.050878,0.044884
7.0387e-12,0.050887,0.045004
6.7805e-12,0.050898,0.045122
6.5083e-12,0.050912,0.045238
6.2238e-12,0.050929,0.045353
5.9286e-12,0.050948,0.045465
5.6245e-12,0.050969,0.045574
5.3129e-12,0.050992,0.045681
4.9955e-12,0.051018,0.045786
4.6738e-12,0.051046,0.045887
4.3491e-12,0.051076,0.045986
4.0229e-12,0.051107,0.046081
3.6965e-12,0.05114,0.046173
3.3712e-12,0.051175,0.046261
3.0481e-12,0.051211,0.046346
2.7285e-12,0.051248,0.046427
2.4134e-12,0.051286,0.046503
2.1037e-12,0.051325,0.046576
1.8005e-12,0.051365,0.046644
1.5045e-12,0.051406,0.046708
1.2167e-12,0.051448,0.046767
9.3764e-13,0.051489,0.046821
6.6809e-13,0.051532,0.04687
4.0862e-13,0.051574,0.046915
1.5975e-13,0.051616,0.046954
-7.806e-14,0.051659,0.046987
-3.0441e-13,0.051701,0.047016
-5.1896e-13,0.051743,0.047038
-7.2144e-13,0.051784,0.047055
-9.1164e-13,0.051825,0.047067
-1.0894e-12,0.051865,0.047073
-1.2546e-12,0.051904,0.047072
-1.4072e-12,0.051942,0.047066
-1.5473e-12,0.05198,0.047054
-1.6748e-12,0.052016,0.047036
-1.7899e-12,0.052051,0.047012
-1.8926e-12,0.052085,0.046982
-1.9833e-12,0.052117,0.046946
-2.0621e-12,0.052148,0.046904
-2.1292e-12,0.052177,0.046856
-2.1849e-12,0.052205,0.046802
-2.2296e-12,0.052231,0.046742
-2.2637e-12,0.052255,0.046677
-2.2874e-12,0.052277,0.046606
-2.3012e-12,0.052298,0.046529
-2.3054e-12,0.052316,0.046446
-2.3006e-12,0.052333,0.046359
-2.2871e-12,0.052347,0.046266
-2.2655e-12,0.05236,0.046168
-2.2361e-12,0.05237,0.046065
-2.1995e-12,0.052378,0.045957
-2.1562e-12,0.052384,0.045845
-2.1066e-12,0.052388,0.045728
-2.0511e-12,0.05239,0.045608
-1.9904e-12,0.05239,0.045483
-1.9249e-12,0.052387,0.045355
-1.855e-12,0.052383,0.045223
-1.7812e-12,0.052376,0.045088
-1.704e-12,0.052367,0.044951
-1.6239e-12,0.052356,0.04481
-1.5413e-12,0.052343,0.044668
-1.4567e-12,0.052328,0.044523
-1.3704e-12,0.052311,0.044377
-1.2828e-12,0.052291,0.04423
-1.1944e-12,0.05227,0.044081
-1.1056e-12,0.052247,0.043932
-1.0167e-12,0.052222,0.043783
-9.2801e-13,0.052196,0.043633
-8.3992e-13,0.052167,0.043484
-7.5273e-13,0.052137,0.043336
-6.6674e-13,0.052106,0.043188
-5.8221e-13,0.052072,0.043042
-4.994e-13,0.052038,0.042898
-4.1855e-13,0.052002,0.042756
-3.3989e-13,0.051964,0.042616
-2.636e-13,0.051925,0.042479
-1.8988e-13,0.051885,0.042345
-1.1889e-13,0.051844,0.042214
-5.0775e-14,0.051801,0.042088
1.4341e-14,0.051758,0.041965
7.6347e-14,0.051714,0.041847
1.3515e-13,0.051669,0.041733
1.9067e-13,0.051623,0.041625
2.4285e-13,0.051576,0.041522
2.9165e-13,0.051528,0.041424
3.3703e-13,0.05148,0.041333
3.7898e-13,0.051432,0.041247
4.175e-13,0.051383,0.041167
4.5261e-13,0.051334,0.041095
4.8433e-13,0.051284,0.041028
5.1269e-13,0.051234,0.040969
5.3774e-13,0.051184,0.040917
5.5954e-13,0.051133,0.040872
5.7817e-13,0.051083,0.040834
5.9369e-13,0.051032,0.040804
6.062e-13,0.050982,0.040781
6.1578e-13,0.050932,0.040766
6.2254e-13,0.050881,0.040758
6.2659e-13,0.050831,0.040759
6.2802e-13,0.050781,0.040767
6.2698e-13,0.050731,0.040782
6.2356e-13,0.050682,0.040806
6.179e-13,0.050633,0.040837
6.1013e-13,0.050584,0.040875
6.0037e-13,0.050536,0.040921
5.8875e-13,0.050488,0.040975
5.7541e-13,0.05044,0.041035
5.6048e-13,0.050394,0.041103
5.4409e-13,0.050347,0.041178
5.2637e-13,0.050301,0.041259
5.0745e-13,0.050256,0.041347
4.8747e-13,0.050211,0.041441
4.6654e-13,0.050167,0.041542
4.448e-13,0.050124,0.041648
4.2237e-13,0.050081,0.04176
3.9936e-13,0.050039,0.041878
3.7589e-13,0.049998,0.042
3.5207e-13,0.049957,0.042127
3.2802e-13,0.049918,0.042259
3.0383e-13,0.049879,0.042395
2.796e-13,0.049841,0.042535
2.5543e-13,0.049804,0.042678
2.3142e-13,0.049768,0.042824
2.0763e-13,0.049733,0.042973
1.8417e-13,0.0497,0.043125
1.6109e-13,0.049667,0.043279
1.3848e-13,0.049635,0.043434
1.164e-13,0.049605,0.043591
9.4899e-14,0.049576,0.043749
7.4045e-14,0.049548,0.043908
5.3884e-14,0.049522,0.044068
3.4462e-14,0.049498,0.044227
1.5819e-14,0.049474,0.044386
-2.0107e-15,0.049453,0.044544
-1.8996e-14,0.049433,0.044702
-3.511e-14,0.049415,0.044859
-5.0333e-14,0.049399,0.045013
-6.4648e-14,0.049385,0.045167
-7.8042e-14,0.049372,0.045318
-9.0506e-14,0.049362,0.045466
-1.0204e-13,0.049354,0.045613
-1.1263e-13,0.049348,0.045756
-1.223e-13,0.049344,0.045896
-1.3104e-13,0.049343,0.046033
-1.3886e-13,0.049344,0.046167
-1.4579e-13,0.049347,0.046297
-1.5182e-13,0.049353,0.046423
-1.5699e-13,0.049361,0.046545
-1.6131e-13,0.049371,0.046663
-1.648e-13,0.049385,0.046777
-1.675e-13,0.0494,0.046886
-1.6942e-13,0.049419,0.046991
-1.7061e-13,0.04944,0.047091
-1.7107e-13,0.049463,0.047187
-1.7086e-13,0.049489,0.047277
-1.7e-13,0.049518,0.047364
-1.6852e-13,0.049549,0.047445
-1.6647e-13,0.049582,0.047521
-1.6386e-13,0.049618,0.047593
-1.6075e-13,0.049657,0.047659
-1.5717e-13,0.049697,0.047721
-1.5315e-13,0.04974,0.047778
-1.4872e-13,0.049785,0.04783
-1.4393e-13,0.049832,0.047878
-1.3881e-13,0.049882,0.04792
-1.334e-13,0.049933,0.047958
-1.2773e-13,0.049986,0.047992
-1.2183e-13,0.05004,0.048021
-1.1573e-13,0.050097,0.048046
-1.0948e-13,0.050154,0.048067
-1.031e-13,0.050214,0.048083
-9.6621e-14,0.050274,0.048096
-9.0074e-14,0.050336,0.048105
-8.3487e-14,0.050398,0.04811
-7.6887e-14,0.050462,0.048111
-7.0301e-14,0.050526,0.048109
-6.3752e-14,0.05059,0.048104
-5.7266e-14,0.050655,0.048096
-5.0863e-14,0.050721,0.048085
-4.4565e-14,0.050786,0.048071
-3.839e-14,0.050852,0.048054
-3.2357e-14,0.050918,0.048035
-2.6483e-14,0.050983,0.048014
-2.0782e-14,0.051047,0.047991
-1.5269e-14,0.051112,0.047966
-9.9556e-15,0.051175,0.047939
-4.8532e-15,0.051238,0.04791
2.8464e-17,0.051299,0.047881
4.6809e-15,0.05136,0.047849
9.0969e-15,0.051419,0.047817
1.3271e-14,0.051477,0.047784
1.7197e-14,0.051534,0.047749
2.0874e-14,0.051588,0.047714
2.4297e-14,0.051641,0.047679
2.7466e-14,0.051693,0.047643
3.038e-14,0.051742,0.047606
3.3041e-14,0.051789,0.04757
3.5449e-14,0.051834,0.047533
3.7607e-14,0.051877,0.047496
3.952e-14,0.051917,0.047459
4.119e-14,0.051955,0.047422
4.2623e-14,0.05199,0.047386
4.3825e-14,0.052023,0.04735
4.4802e-14,0.052053,0.047314
4.5559e-14,0.052081,0.047278
4.6106e-14,0.052105,0.047243
4.645e-14,0.052127,0.047208
4.6598e-14,0.052146,0.047174
4.656e-14,0.052161,0.04714
4.6344e-14,0.052174,0.047107
4.5959e-14,0.052184,0.047075
4.5416e-14,0.05219,0.047043
4.4723e-14,0.052194,0.047012
4.389e-14,0.052194,0.046981
4.2927e-14,0.052192,0.046952
4.1844e-14,0.052186,0.046923
4.065e-14,0.052177,0.046894
3.9356e-14,0.052165,0.046867
3.7971e-14,0.052149,0.04684
3.6505e-14,0.052131,0.046814
3.4966e-14,0.05211,0.046789
3.3365e-14,0.052085,0.046764
3.1711e-14,0.052058,0.04674
3.0012e-14,0.052027,0.046717
2.8277e-14,0.051994,0.046694
2.6515e-14,0.051958,0.046673
2.4733e-14,0.051919,0.046652
2.2939e-14,0.051877,0.046631
2.1141e-14,0.051833,0.046611
1.9346e-14,0.051786,0.046592
1.7561e-14,0.051737,0.046573
1.5792e-14,0.051685,0.046555
1.4045e-14,0.051632,0.046538
1.2326e-14,0.051575,0.04652
1.064e-14,0.051517,0.046504
8.992e-15,0.051457,0.046487
7.3868e-15,0.051395,0.046472
5.8285e-15,0.051332,0.046456
4.3209e-15,0.051267,0.046441
2.8673e-15,0.0512,0.046426
1.4709e-15,0.051132,0.046411
1.3443e-16,0.051063,0.046396
-1.1399e-15,0.050993,0.046381
-2.35e-15,0.050922,0.046367
-3.4943e-15,0.05085,0.046352
-4.5714e-15,0.050778,0.046338
-5.5803e-15,0.050705,0.046323
-6.5204e-15,0.050632,0.046308
-7.3912e-15,0.050559,0.046293
-8.1927e-15,0.050486,0.046278
-8.925e-15,0.050413,0.046262
-9.5885e-15,0.05034,0.046246
-1.0184e-14,0.050268,0.04623
-1.0712e-14,0.050196,0.046213
-1.1174e-14,0.050125,0.046196
-1.1572e-14,0.050055,0.046178
-1.1906e-14,0.049986,0.04616
-1.2179e-14,0.049917,0.046141
-1.2391e-14,0.049851,0.046121
-1.2547e-14,0.049785,0.046101
-1.2646e-14,0.049721,0.04608
-1.2692e-14,0.049659,0.046059
-1.2687e-14,0.049598,0.046037
-1.2633e-14,0.049539,0.046014
-1.2534e-14,0.049483,0.04599
-1.239e-14,0.049428,0.045966
-1.2206e-14,0.049375,0.045941
-1.1983e-14,0.049325,0.045915
-1.1724e-14,0.049277,0.045889
-1.1433e-14,0.049231,0.045862
-1.1111e-14,0.049188,0.045834
-1.0761e-14,0.049147,0.045806
-1.0386e-14,0.049109,0.045777
-9.9891e-15,0.049074,0.045748
-9.572e-15,0.049041,0.045718
-9.1376e-15,0.049011,0.045688
-8.6884e-15,0.048984,0.045657
-8.2268e-15,0.04896,0.045626
-7.7552e-15,0.048938,0.045595
-7.2758e-15,0.048919,0.045564
-6.7908e-15,0.048903,0.045533
-6.3025e-15,0.04889,0.045502
-5.8127e-15,0.04888,0.045471
-5.3236e-15,0.048873,0.04544
-4.8369e-15,0.048868,0.04541
-4.3543e-15,0.048866,0.04538
-3.8777e-15,0.048867,0.04535
-3.4085e-15,0.048871,0.045321
-2.9481e-15,0.048878,0.045293
-2.498e-15,0.048887,0.045265
-2.0594e-15,0.048898,0.045239
-1.6334e-15,0.048913,0.045213
-1.2212e-15,0.04893,0.045189
-8.2355e-16,0.048949,0.045166
-4.4141e-16,0.048971,0.045144
-7.5497e-17,0.048994,0.045124
2.7353e-16,0.049021,0.045105
6.0513e-16,0.049049,0.045088
9.1884e-16,0.04908,0.045073
1.2143e-15,0.049112,0.04506
1.4912e-15,0.049147,0.045049
1.7493e-15,0.049183,0.04504
1.9886e-15,0.049221,0.045033
2.2091e-15,0.04926,0.045028
2.4106e-15,0.049302,0.045026
2.5934e-15,0.049344,0.045026
2.7577e-15,0.049388,0.045029
2.9036e-15,0.049433,0.045034
3.0314e-15,0.049479,0.045042
3.1416e-15,0.049526,0.045053
3.2345e-15,0.049574,0.045067
3.3106e-15,0.049623,0.045083
3.3704e-15,0.049673,0.045102
3.4143e-15,0.049722,0.045125
3.4431e-15,0.049773,0.04515
3.4572e-15,0.049823,0.045178
3.4573e-15,0.049874,0.045209
3.4441e-15,0.049925,0.045243
3.4183e-15,0.049975,0.04528
3.3805e-15,0.050025,0.04532
3.3314e-15,0.050075,0.045363
3.2718e-15,0.050125,0.045409
3.2024e-15,0.050174,0.045458
3.1239e-15,0.050222,0.04551
3.0371e-15,0.050269,0.045564
2.9426e-15,0.050315,0.045622
2.8412e-15,0.05036,0.045682
2.7337e-15,0.050404,0.045744
2.6206e-15,0.050447,0.045809
2.5028e-15,0.050488,0.045877
2.3808e-15,0.050528,0.045947
2.2554e-15,0.050566,0.046019
2.1271e-15,0.050603,0.046093
1.9967e-15,0.050637,0.04617
1.8647e-15,0.05067,0.046248
1.7317e-15,0.050701,0.046328
1.5983e-15,0.05073,0.046409
1.465e-15,0.050756,0.046493
1.3323e-15,0.050781,0.046577
1.2007e-15,0.050803,0.046663
1.0706e-15,0.050823,0.046749
9.4249e-16,0.050841,0.046836
8.1677e-16,0.050856,0.046924
6.9379e-16,0.050869,0.047013
5.7391e-16,0.050879,0.047102
4.5744e-16,0.050887,0.047191
3.4466e-16,0.050893,0.04728
2.3585e-16,0.050896,0.047368
1.3123e-16,0.050897,0.047456
3.1005e-17,0.050895,0.047544
-6.464e-17,0.05089,0.047631
-1.5555e-16,0.050884,0.047716
-2.416e-16,0.050874,0.047801
-3.2269e-16,0.050863,0.047884
-3.9874e-16,0.050849,0.047965
-4.6968e-16,0.050833,0.048045
-5.3549e-16,0.050814,0.048123
-5.9616e-16,0.050793,0.048198
-6.5169e-16,0.05077,0.048271
-7.021e-16,0.050745,0.048342
-7.4745e-16,0.050718,0.04841
-7.878e-16,0.050688,0.048475
-8.2322e-16,0.050657,0.048537
-8.5382e-16,0.050623,0.048596
-8.7969e-16,0.050588,0.048652
-9.0097e-16,0.050551,0.048704
-9.1778e-16,0.050512,0.048753
-9.3026e-16,0.050472,0.048797
-9.3859e-16,0.050429,0.048838
-9.4291e-16,0.050386,0.048875
-9.4339e-16,0.05034,0.048908
-9.4023e-16,0.050294,0.048937
-9.3359e-16,0.050246,0.048961
-9.2367e-16,0.050196,0.048981
-9.1065e-16,0.050146,0.048997
-8.9475e-16,0.050094,0.049008
-8.7614e-16,0.050041,0.049014
-8.5503e-16,0.049987,0.049016
-8.3161e-16,0.049932,0.049013
-8.0609e-16,0.049877,0.049005
-7.7866e-16,0.04982,0.048993
-7.4951e-16,0.049763,0.048975
-7.1885e-16,0.049705,0.048953
-6.8684e-16,0.049646,0.048927
-6.5369e-16,0.049587,0.048895
-6.1958e-16,0.049528,0.048859
-5.8467e-16,0.049468,0.048818
-5.4914e-16,0.049407,0.048772
-5.1315e-16,0.049346,0.048721
-4.7687e-16,0.049286,0.048666
-4.4044e-16,0.049225,0.048607
-4.0402e-16,0.049164,0.048543
-3.6774e-16,0.049102,0.048474
-3.3173e-16,0.049041,0.048401
-2.9613e-16,0.048981,0.048324
-2.6104e-16,0.04892,0.048243
-2.2658e-16,0.04886,0.048158
-1.9285e-16,0.0488,0.048069
-1.5994e-16,0.048741,0.047977
-1.2794e-16,0.048682,0.04788
-9.6939e-17,0.048624,0.047781
-6.6999e-17,0.048566,0.047678
-3.8188e-17,0.04851,0.047572
-1.0562e-17,0.048454,0.047463
1.5826e-17,0.0484,0.047351
4.0936e-17,0.048346,0.047236
6.473e-17,0.048294,0.047119
8.718e-17,0.048243,0.047001
1.0826e-16,0.048194,0.04688
1.2796e-16,0.048146,0.046757
1.4626e-16,0.0481,0.046633
1.6316e-16,0.048055,0.046507
1.7866e-16,0.048013,0.046381
1.9277e-16,0.047972,0.046253
2.055e-16,0.047934,0.046125
2.1686e-16,0.047897,0.045997
2.2687e-16,0.047863,0.045869
2.3556e-16,0.047832,0.04574
2.4295e-16,0.047802,0.045613
2.4909e-16,0.047776,0.045486
2.5399e-16,0.047752,0.04536
2.5771e-16,0.04773,0.045235
2.6027e-16,0.047711,0.045111
2.6174e-16,0.047696,0.044989
2.6214e-16,0.047683,0.04487
2.6152e-16,0.047673,0.044752
2.5994e-16,0.047665,0.044637
2.5745e-16,0.047661,0.044524
2.5409e-16,0.04766,0.044414
2.4992e-16,0.047663,0.044308
2.4498e-16,0.047668,0.044205
2.3934e-16,0.047676,0.044105
2.3305e-16,0.047687,0.044009
2.2615e-16,0.047702,0.043917
2.187e-16,0.047719,0.043829
2.1076e-16,0.04774,0.043746
2.0237e-16,0.047764,0.043666
1.9358e-16,0.04779,0.043592
1.8445e-16,0.04782,0.043522
1.7502e-16,0.047852,0.043456
1.6534e-16,0.047888,0.043396
1.5546e-16,0.047926,0.043341
1.4542e-16,0.047966,0.043291
1.3526e-16,0.04801,0.043246
1.2503e-16,0.048055,0.043206
1.1476e-16,0.048103,0.043172
1.045e-16,0.048154,0.043143
9.4272e-17,0.048206,0.043119
8.4121e-17,0.048261,0.0431
7.4076e-17,0.048317,0.043087
6.4167e-17,0.048375,0.043079
5.4425e-17,0.048434,0.043077
4.4874e-17,0.048496,0.04308
3.5541e-17,0.048558,0.043087
2.6447e-17,0.048621,0.0431
1.7614e-17,0.048686,0.043118
9.0614e-18,0.048751,0.043142
8.059e-19,0.048817,0.04317
-7.1367e-18,0.048883,0.043202
-1.4753e-17,0.04895,0.04324
-2.203e-17,0.049017,0.043282
-2.8959e-17,0.049083,0.043328
-3.553e-17,0.04915,0.043379
-4.1736e-17,0.049216,0.043434
-4.7571e-17,0.049282,0.043492
-5.3031e-17,0.049348,0.043555
-5.8114e-17,0.049412,0.043622
-6.2817e-17,0.049476,0.043692
-6.714e-17,0.049539,0.043765
-7.1084e-17,0.0496,0.043841
-7.465e-17,0.04966,0.043921
-7.7841e-17,0.049719,0.044003
-8.0662e-17,0.049776,0.044088
-8.3116e-17,0.049832,0.044175
-8.5208e-17,0.049886,0.044265
-8.6946e-17,0.049938,0.044357
-8.8335e-17,0.049988,0.04445
-8.9384e-17,0.050036,0.044545
-9.0099e-17,0.050083,0.044642
-9.0489e-17,0.050127,0.044739
-9.0563e-17,0.050169,0.044838
-9.033e-17,0.050208,0.044938
-8.98e-17,0.050246,0.045038
-8.8981e-17,0.050281,0.045139
-8.7884e-17,0.050314,0.045239
-8.6519e-17,0.050344,0.04534
-8.4896e-17,0.050372,0.045441
-8.3025e-17,0.050398,0.045541
-8.0917e-17,0.050421,0.045641
-7.8581e-17,0.050442,0.04574
-7.6029e-17,0.050461,0.045838
-7.327e-17,0.050477,0.045935
-7.0316e-17,0.050491,0.04603
-6.7175e-17,0.050503,0.046124
-6.3858e-17,0.050513,0.046216
-6.0376e-17,0.050521,0.046307
-5.6739e-17,0.050526,0.046395
-5.2956e-17,0.05053,0.046481
-4.9037e-17,0.050531,0.046565
-4.4992e-17,0.050531,0.046647
-4.0832e-17,0.050529,0.046726
-3.6565e-17,0.050525,0.046802
-3.2202e-17,0.05052,0.046876
-2.7751e-17,0.050513,0.046946
-2.3224e-17,0.050505,0.047014
-1.8629e-17,0.050495,0.047078
-1.3976e-17,0.050484,0.04714
-9.2741e-18,0.050472,0.047198
-4.5343e-18,0.050459,0.047253
2.343e-19,0.050445,0.047304
5.0217e-18,0.050431,0.047353
9.8178e-18,0.050415,0.047398
1.4613e-17,0.050399,0.047439
1.9396e-17,0.050383,0.047477
2.4157e-17,0.050366,0.047512
2.8885e-17,0.050349,0.047543
3.357e-17,0.050332,0.047571
3.82e-17,0.050316,0.047596
4.2764e-17,0.050299,0.047618
4.7252e-17,0.050282,0.047636
5.165e-17,0.050266,0.047652
5.5947e-17,0.05025,0.047664
6.0131e-17,0.050235,0.047674
6.4189e-17,0.050221,0.04768
6.8109e-17,0.050207,0.047684
7.1878e-17,0.050194,0.047685
7.5483e-17,0.050182,0.047684
7.891e-17,0.050171,0.047681
8.2146e-17,0.050161,0.047675
8.5178e-17,0.050152,0.047667
8.7991e-17,0.050145,0.047657
9.0572e-17,0.050138,0.047645
9.2906e-17,0.050133,0.047632
9.4979e-17,0.05013,0.047617
9.6779e-17,0.050127,0.047601
9.829e-17,0.050127,0.047584
9.9499e-17,0.050127,0.047565
1.0039e-16,0.050129,0.047546
1.0096e-16,0.050133,0.047526
1.0118e-16,0.050137,0.047505
1.0104e-16,0.050144,0.047484
1.0054e-16,0.050151,0.047463
9.9658e-17,0.050161,0.047442
9.8384e-17,0.050171,0.04742
9.6709e-17,0.050183,0.047399
9.4621e-17,0.050196,0.047378
9.2112e-17,0.05021,0.047357
8.9174e-17,0.050225,0.047337
8.5798e-17,0.050242,0.047318
8.1978e-17,0.050259,0.047299
7.771e-17,0.050278,0.047281
7.2989e-17,0.050297,0.047264
6.7812e-17,0.050317,0.047249
6.2178e-17,0.050337,0.047234
5.6088e-17,0.050359,0.047221
4.9543e-17,0.05038,0.047209
4.2547e-17,0.050402,0.047198
3.5105e-17,0.050425,0.047188
2.7223e-17,0.050447,0.047181
1.8912e-17,0.05047,0.047174
1.0181e-17,0.050492,0.047169
1.044e-18,0.050515,0.047166
-8.4842e-18,0.050537,0.047164
-1.8386e-17,0.050558,0.047164
-2.8643e-17,0.050579,0.047165
-3.9232e-17,0.0506,0.047168
-5.0129e-17,0.05062,0.047172
-6.1309e-17,0.050638,0.047178
-7.2743e-17,0.050656,0.047185
-8.4398e-17,0.050673,0.047194
-9.6243e-17,0.050689,0.047204
-1.0824e-16,0.050704,0.047215
-1.2035e-16,0.050717,0.047228
-1.3254e-16,0.050729,0.047242
-1.4476e-16,0.05074,0.047258
-1.5696e-16,0.050749,0.047274
-1.6911e-16,0.050756,0.047292
-1.8114e-16,0.050762,0.04731
-1.9301e-16,0.050766,0.04733
-2.0467e-16,0.050769,0.047351
-2.1606e-16,0.050769,0.047372
-2.2712e-16,0.050768,0.047394
-2.3779e-16,0.050765,0.047417
-2.4802e-16,0.05076,0.047441
-2.5775e-16,0.050753,0.047465
-2.669e-16,0.050744,0.04749
-2.7543e-16,0.050733,0.047515
-2.8326e-16,0.050721,0.04754
-2.9033e-16,0.050706,0.047566
-2.9659e-16,0.05069,0.047592
-3.0195e-16,0.050672,0.047618
-3.0637e-16,0.050652,0.047644
-3.0977e-16,0.05063,0.04767
-3.121e-16,0.050607,0.047696
-3.133e-16,0.050582,0.047722
-3.1329e-16,0.050555,0.047747
-3.1204e-16,0.050527,0.047773
-3.0947e-16,0.050498,0.047798
-3.0555e-16,0.050468,0.047823
-3.0021e-16,0.050436,0.047847
-2.9341e-16,0.050403,0.047871
-2.8511e-16,0.050369,0.047894
-2.7527e-16,0.050334,0.047917
-2.6385e-16,0.050299,0.047939
-2.5081e-16,0.050263,0.047961
-2.3614e-16,0.050226,0.047982
-2.1982e-16,0.05019,0.048002
-2.0182e-16,0.050153,0.048021
-1.8213e-16,0.050115,0.048039
-1.6076e-16,0.050079,0.048057
-1.3771e-16,0.050042,0.048074
-1.1299e-16,0.050006,0.048089
-8.6608e-17,0.04997,0.048104
-5.8597e-17,0.049935,0.048118
-2.8988e-17,0.049902,0.048131
2.1776e-18,0.049869,0.048143
3.4852e-17,0.049837,0.048154
6.8978e-17,0.049807,0.048163
1.0449e-16,0.049778,0.048172
1.4131e-16,0.049752,0.048179
1.7936e-16,0.049727,0.048186
2.1854e-16,0.049704,0.048191
2.5876e-16,0.049683,0.048195
2.999e-16,0.049664,0.048198
3.4183e-16,0.049648,0.048199
3.8444e-16,0.049634,0.048199
4.2758e-16,0.049623,0.048198
4.7111e-16,0.049614,0.048195
5.1487e-16,0.049609,0.048192
5.5869e-16,0.049606,0.048186
6.024e-16,0.049606,0.04818
6.4582e-16,0.049609,0.048172
6.8877e-16,0.049616,0.048163
7.3103e-16,0.049625,0.048152
7.7242e-16,0.049637,0.048139
8.1272e-16,0.049653,0.048126
8.5171e-16,0.049672,0.04811
8.8918e-16,0.049694,0.048094
9.2489e-16,0.049719,0.048076
9.5862e-16,0.049747,0.048056
9.9014e-16,0.049778,0.048035
1.0192e-15,0.049812,0.048012
1.0456e-15,0.049849,0.047988
1.069e-15,0.049888,0.047962
1.0893e-15,0.049931,0.047935
1.1062e-15,0.049976,0.047907
1.1194e-15,0.050023,0.047877
1.1288e-15,0.050073,0.047846
1.134e-15,0.050126,0.047813
1.135e-15,0.05018,0.047779
1.1314e-15,0.050236,0.047744
1.123e-15,0.050295,0.047707
1.1097e-15,0.050354,0.04767
1.0913e-15,0.050416,0.047631
1.0675e-15,0.050478,0.047591
1.0383e-15,0.050542,0.04755
1.0034e-15,0.050607,0.047508
9.628e-16,0.050672,0.047465
9.1627e-16,0.050738,0.047422
8.6376e-16,0.050805,0.047377
8.0517e-16,0.050871,0.047332
7.4045e-16,0.050938,0.047287
6.6955e-16,0.051004,0.047241
5.9245e-16,0.05107,0.047194
5.0917e-16,0.051135,0.047148
4.1974e-16,0.051199,0.047101
3.2421e-16,0.051262,0.047054
2.2267e-16,0.051324,0.047007
1.1524e-16,0.051384,0.046961
2.0515e-18,0.051443,0.046915
-1.1671e-16,0.051499,0.046869
-2.4085e-16,0.051554,0.046824
-3.7011e-16,0.051607,0.046779
-5.0425e-16,0.051657,0.046736
-6.4294e-16,0.051704,0.046693
-7.8586e-16,0.051749,0.046651
-9.3264e-16,0.051791,0.046611
-1.0829e-15,0.05183,0.046572
-1.2361e-15,0.051865,0.046534
-1.3919e-15,0.051898,0.046498
-1.5497e-15,0.051927,0.046464
-1.7091e-15,0.051953,0.046432
-1.8693e-15,0.051975,0.046401
-2.0299e-15,0.051993,0.046373
-2.1902e-15,0.052008,0.046347
-2.3495e-15,0.052019,0.046323
-2.5072e-15,0.052026,0.046302
-2.6625e-15,0.052029,0.046283
-2.8147e-15,0.052029,0.046266
-2.9629e-15,0.052025,0.046252
-3.1066e-15,0.052017,0.046241
-3.2447e-15,0.052005,0.046232
-3.3764e-15,0.051989,0.046227
-3.5011e-15,0.05197,0.046224
-3.6177e-15,0.051947,0.046224
-3.7254e-15,0.051921,0.046226
-3.8233e-15,0.051891,0.046232
-3.9107e-15,0.051858,0.046241
-3.9865e-15,0.051822,0.046252
-4.0499e-15,0.051783,0.046266
-4.1001e-15,0.051741,0.046283
-4.1361e-15,0.051696,0.046303
-4.1572e-15,0.051648,0.046326
-4.1626e-15,0.051598,0.046351
-4.1513e-15,0.051546,0.046379
-4.1228e-15,0.051492,0.046409
-4.0761e-15,0.051436,0.046442
-4.0107e-15,0.051378,0.046478
-3.9258e-15,0.051319,0.046515
-3.8209e-15,0.051259,0.046555
-3.6954e-15,0.051198,0.046597
-3.5487e-15,0.051136,0.046641
-3.3805e-15,0.051073,0.046687
-3.1903e-15,0.05101,0.046735
-2.9779e-15,0.050947,0.046784
-2.743e-15,0.050884,0.046835
-2.4854e-15,0.050821,0.046887
-2.205e-15,0.050759,0.046941
-1.902e-15,0.050698,0.046996
-1.5763e-15,0.050637,0.047051
-1.2282e-15,0.050578,0.047108
-8.5807e-16,0.05052,0.047165
-4.662e-16,0.050464,0.047223
-5.3147e-17,0.050409,0.047282
3.8046e-16,0.050356,0.04734
8.3387e-16,0.050306,0.047399
1.3062e-15,0.050257,0.047458
1.7966e-15,0.050211,0.047517
2.3038e-15,0.050168,0.047575
2.8267e-15,0.050127,0.047634
3.3639e-15,0.050089,0.047691
3.914e-15,0.050054,0.047748
4.4753e-15,0.050022,0.047805
5.0461e-15,0.049993,0.04786
5.6247e-15,0.049967,0.047915
6.209e-15,0.049945,0.047968
6.7969e-15,0.049926,0.04802
7.3863e-15,0.04991,0.048071
7.9749e-15,0.049897,0.048121
8.5602e-15,0.049888,0.048169
9.1397e-15,0.049882,0.048216
9.7108e-15,0.049879,0.04826
1.0271e-14,0.04988,0.048304
1.0817e-14,0.049884,0.048345
1.1346e-14,0.049891,0.048385
1.1855e-14,0.049902,0.048422
1.2342e-14,0.049915,0.048458
1.2802e-14,0.049932,0.048492
1.3234e-14,0.049952,0.048524
1.3633e-14,0.049974,0.048553
1.3996e-14,0.049999,0.048581
1.4321e-14,0.050027,0.048606
1.4604e-14,0.050057,0.04863
1.4842e-14,0.05009,0.048651
1.5032e-14,0.050125,0.04867
1.517e-14,0.050161,0.048687
1.5254e-14,0.0502,0.048702
1.528e-14,0.05024,0.048715
1.5246e-14,0.050282,0.048725
1.5148e-14,0.050325,0.048734
1.4984e-14,0.05037,0.048741
1.4751e-14,0.050415,0.048745
1.4448e-14,0.050461,0.048748
1.4071e-14,0.050508,0.048749
1.3619e-14,0.050555,0.048747
1.3089e-14,0.050603,0.048744
1.248e-14,0.05065,0.04874
1.1791e-14,0.050697,0.048733
1.102e-14,0.050744,0.048725
1.0167e-14,0.05079,0.048715
9.2302e-15,0.050835,0.048704
8.2103e-15,0.05088,0.048691
7.107e-15,0.050923,0.048677
5.9206e-15,0.050965,0.048661
4.6519e-15,0.051006,0.048644
3.3019e-15,0.051044,0.048625
1.872e-15,0.051081,0.048606
3.6416e-16,0.051117,0.048585
-1.2194e-15,0.051149,0.048563
-2.876e-15,0.05118,0.048539
-4.6026e-15,0.051209,0.048515
-6.3955e-15,0.051235,0.04849
-8.2509e-15,0.051258,0.048464
-1.0164e-14,0.051279,0.048436
-1.2131e-14,0.051297,0.048408
-1.4145e-14,0.051312,0.048379
-1.6201e-14,0.051324,0.048349
-1.8293e-14,0.051333,0.048318
-2.0414e-14,0.05134,0.048287
-2.2557e-14,0.051343,0.048254
-2.4714e-14,0.051343,0.048221
-2.6878e-14,0.05134,0.048187
-2.9039e-14,0.051334,0.048152
-3.119e-14,0.051326,0.048117
-3.332e-14,0.051314,0.048081
-3.542e-14,0.051299,0.048044
-3.748e-14,0.051281,0.048007
-3.9491e-14,0.051261,0.047968
-4.1441e-14,0.051238,0.047929
-4.3319e-14,0.051212,0.04789
-4.5114e-14,0.051183,0.04785
-4.6815e-14,0.051152,0.047809
-4.8411e-14,0.051118,0.047767
-4.989e-14,0.051082,0.047725
-5.124e-14,0.051044,0.047682
-5.2449e-14,0.051004,0.047639
-5.3505e-14,0.050962,0.047595
-5.4397e-14,0.050918,0.04755
-5.5113e-14,0.050872,0.047505
-5.5642e-14,0.050825,0.047459
-5.5971e-14,0.050776,0.047412
-5.6091e-14,0.050726,0.047365
-5.5989e-14,0.050675,0.047318
-5.5656e-14,0.050623,0.04727
-5.5082e-14,0.05057,0.047221
-5.4257e-14,0.050516,0.047172
-5.3171e-14,0.050462,0.047122
-5.1817e-14,0.050407,0.047071
-5.0187e-14,0.050353,0.047021
-4.8274e-14,0.050298,0.046969
-4.6071e-14,0.050243,0.046918
-4.3574e-14,0.050189,0.046865
-4.0777e-14,0.050135,0.046813
-3.7678e-14,0.050081,0.04676
-3.4273e-14,0.050028,0.046707
-3.0563e-14,0.049976,0.046653
-2.6546e-14,0.049925,0.0466
-2.2224e-14,0.049874,0.046546
-1.76e-14,0.049825,0.046491
-1.2676e-14,0.049778,0.046437
-7.459e-15,0.049731,0.046382
-1.9548e-15,0.049686,0.046328
3.8284e-15,0.049643,0.046273
9.8808e-15,0.049601,0.046219
1.6191e-14,0.049561,0.046164
2.2747e-14,0.049523,0.04611
2.9534e-14,0.049487,0.046056
3.6535e-14,0.049453,0.046002
4.3733e-14,0.049421,0.045949
5.1109e-14,0.04939,0.045895
5.8642e-14,0.049362,0.045843
6.6308e-14,0.049336,0.04579
7.4084e-14,0.049312,0.045739
8.1943e-14,0.04929,0.045688
8.9858e-14,0.049269,0.045637
9.7798e-14,0.049251,0.045587
1.0573e-13,0.049235,0.045539
1.1363e-13,0.049221,0.045491
1.2146e-13,0.049209,0.045444
1.2919e-13,0.049198,0.045398
1.3677e-13,0.04919,0.045352
1.4417e-13,0.049182,0.045309
1.5135e-13,0.049177,0.045266
1.5828e-13,0.049173,0.045224
1.649e-13,0.049171,0.045184
1.7119e-13,0.049169,0.045145
1.7709e-13,0.04917,0.045107
1.8257e-13,0.049171,0.045071
1.8758e-13,0.049173,0.045036
1.9208e-13,0.049176,0.045002
1.9602e-13,0.04918,0.04497
1.9936e-13,0.049185,0.04494
2.0206e-13,0.04919,0.04491
2.0408e-13,0.049196,0.044883
2.0537e-13,0.049202,0.044856
2.0589e-13,0.049208,0.044831
2.0561e-13,0.049215,0.044808
2.0448e-13,0.049221,0.044786
2.0247e-13,0.049228,0.044766
1.9955e-13,0.049234,0.044746
1.9567e-13,0.04924,0.044729
1.9081e-13,0.049246,0.044712
1.8493e-13,0.049251,0.044697
1.7803e-13,0.049255,0.044683
1.7006e-13,0.049259,0.04467
1.6101e-13,0.049262,0.044659
1.5086e-13,0.049265,0.044648
1.3961e-13,0.049266,0.044639
1.2723e-13,0.049267,0.04463
1.1373e-13,0.049266,0.044623
9.9112e-14,0.049264,0.044616
8.3369e-14,0.049262,0.044611
6.6513e-14,0.049258,0.044606
4.8559e-14,0.049253,0.044602
2.9524e-14,0.049247,0.044598
9.4322e-15,0.04924,0.044595
-1.1687e-14,0.049231,0.044593
-3.3799e-14,0.049221,0.044591
-5.6863e-14,0.04921,0.04459
-8.0832e-14,0.049198,0.044589
-1.0566e-13,0.049185,0.044588
-1.3127e-13,0.04917,0.044588
-1.5762e-13,0.049154,0.044588
-1.8463e-13,0.049137,0.044588
-2.1222e-13,0.049119,0.044588
-2.4032e-13,0.0491,0.044589
-2.6882e-13,0.04908,0.044589
-2.9764e-13,0.049059,0.04459
-3.2668e-13,0.049037,0.044591
-3.5582e-13,0.049014,0.044592
-3.8496e-13,0.04899,0.044593
-4.1398e-13,0.048966,0.044594
-4.4276e-13,0.048941,0.044595
-4.7116e-13,0.048916,0.044596
-4.9906e-13,0.04889,0.044597
-5.2631e-13,0.048863,0.044598
-5.5277e-13,0.048837,0.0446
-5.783e-13,0.04881,0.044601
-6.0275e-13,0.048783,0.044603
-6.2597e-13,0.048756,0.044605
-6.478e-13,0.048729,0.044606
-6.6808e-13,0.048703,0.044609
-6.8666e-13,0.048677,0.044611
-7.0338e-13,0.048651,0.044614
-7.1808e-13,0.048626,0.044617
-7.306e-13,0.048602,0.044621
-7.4078e-13,0.048578,0.044625
-7.4847e-13,0.048556,0.044629
-7.5351e-13,0.048535,0.044634
-7.5575e-13,0.048514,0.04464
-7.5504e-13,0.048496,0.044647
-7.5125e-13,0.048479,0.044654
-7.4423e-13,0.048463,0.044662
-7.3385e-13,0.048449,0.044671
-7.2e-13,0.048437,0.044681
-7.0256e-13,0.048428,0.044692
-6.8141e-13,0.04842,0.044704
-6.5647e-13,0.048414,0.044718
-6.2765e-13,0.048411,0.044732
-5.9486e-13,0.048411,0.044748
-5.5806e-13,0.048412,0.044766
-5.1719e-13,0.048417,0.044784
-4.7222e-13,0.048424,0.044804
-4.2312e-13,0.048434,0.044826
-3.6989e-13,0.048447,0.04485
-3.1255e-13,0.048463,0.044875
-2.5112e-13,0.048482,0.044901
-1.8564e-13,0.048503,0.04493
-1.162e-13,0.048528,0.04496
-4.2863e-14,0.048556,0.044992
3.4257e-14,0.048587,0.045026
1.1504e-13,0.04862,0.045061
1.9933e-13,0.048657,0.045099
2.8696e-13,0.048697,0.045138
3.7775e-13,0.048739,0.04518
4.7149e-13,0.048785,0.045223
5.6793e-13,0.048833,0.045268
6.6683e-13,0.048883,0.045315
7.679e-13,0.048936,0.045364
8.7084e-13,0.048992,0.045415
9.7532e-13,0.04905,0.045467
1.081e-12,0.04911,0.045522
1.1875e-12,0.049172,0.045578
1.2945e-12,0.049236,0.045636
1.4015e-12,0.049301,0.045695
1.5081e-12,0.049368,0.045756
1.6138e-12,0.049436,0.045819
1.7183e-12,0.049506,0.045883
1.8209e-12,0.049576,0.045948
1.9212e-12,0.049647,0.046014
2.0187e-12,0.049718,0.046082
2.1128e-12,0.04979,0.04615
2.203e-12,0.049862,0.04622
2.2888e-12,0.049934,0.04629
2.3695e-12,0.050006,0.046361
2.4446e-12,0.050077,0.046432
2.5135e-12,0.050147,0.046504
2.5757e-12,0.050216,0.046576
2.6305e-12,0.050285,0.046648
2.6773e-12,0.050352,0.046719
2.7157e-12,0.050417,0.046791
2.7449e-12,0.050481,0.046862
2.7645e-12,0.050543,0.046932
2.7739e-12,0.050603,0.047001
2.7725e-12,0.05066,0.04707
2.7598e-12,0.050716,0.047137
2.7354e-12,0.050768,0.047203
2.6987e-12,0.050818,0.047267
2.6492e-12,0.050865,0.047329
2.5867e-12,0.050909,0.04739
2.5105e-12,0.05095,0.047448
2.4205e-12,0.050988,0.047504
2.3163e-12,0.051022,0.047558
2.1975e-12,0.051053,0.047609
2.0641e-12,0.051081,0.047657
1.9157e-12,0.051105,0.047703
1.7522e-12,0.051125,0.047745
1.5736e-12,0.051141,0.047784
1.3799e-12,0.051154,0.04782
1.171e-12,0.051162,0.047852
9.4717e-13,0.051167,0.047881
7.0844e-13,0.051168,0.047906
4.5509e-13,0.051166,0.047927
1.8742e-13,0.051159,0.047945
-9.418e-14,0.051148,0.047959
-3.8927e-13,0.051134,0.04797
-6.9731e-13,0.051115,0.047976
-1.0177e-12,0.051093,0.047979
-1.3498e-12,0.051068,0.047978
-1.6927e-12,0.051038,0.047974
-2.0457e-12,0.051005,0.047966
-2.4078e-12,0.050969,0.047954
-2.778e-12,0.050929,0.04794
-3.1552e-12,0.050886,0.047921
-3.5382e-12,0.050839,0.0479
-3.9257e-12,0.05079,0.047876
-4.3165e-12,0.050737,0.047849
-4.7091e-12,0.050682,0.047819
-5.1019e-12,0.050624,0.047787
-5.4934e-12,0.050564,0.047753
-5.8821e-12,0.050501,0.047717
-6.266e-12,0.050436,0.047679
-6.6436e-12,0.050369,0.047639
-7.0128e-12,0.0503,0.047598
-7.3719e-12,0.050229,0.047556
-7.7189e-12,0.050157,0.047513
-8.0517e-12,0.050084,0.04747
-8.3684e-12,0.050009,0.047426
-8.6668e-12,0.049933,0.047382
-8.9449e-12,0.049856,0.047338
-9.2004e-12,0.049779,0.047294
-9.4314e-12,0.049702,0.047251
-9.6356e-12,0.049624,0.047209
-9.8109e-12,0.049545,0.047168
-9.9552e-12,0.049467,0.047127
-1.0066e-11,0.049389,0.047088
-1.0142e-11,0.049312,0.047051
-1.0181e-11,0.049234,0.047015
-1.018e-11,0.049158,0.046981
-1.0138e-11,0.049082,0.046949
-1.0053e-11,0.049007,0.046918
-9.9235e-12,0.048933,0.04689
-9.7472e-12,0.04886,0.046864
-9.5228e-12,0.048789,0.04684
-9.2489e-12,0.048718,0.046819
-8.924e-12,0.04865,0.0468
-8.5471e-12,0.048582,0.046783
-8.1171e-12,0.048517,0.046768
-7.6331e-12,0.048453,0.046756
-7.0943e-12,0.04839,0.046746
-6.5004e-12,0.04833,0.046739
-5.8509e-12,0.048272,0.046734
-5.1458e-12,0.048215,0.046731
-4.3852e-12,0.048161,0.04673
-3.5693e-12,0.048108,0.046731
-2.6989e-12,0.048058,0.046735
-1.7747e-12,0.04801,0.04674
-7.9781e-13,0.047964,0.046747
2.3041e-13,0.04792,0.046756
1.3083e-12,0.047879,0.046767
2.434e-12,0.04784,0.046779
3.6053e-12,0.047803,0.046793
4.8197e-12,0.047769,0.046807
6.0745e-12,0.047737,0.046824
7.3664e-12,0.047708,0.046841
8.6921e-12,0.047681,0.046859
1.0048e-11,0.047657,0.046879
1.143e-11,0.047635,0.046899
1.2834e-11,0.047617,0.046919
1.4255e-11,0.047601,0.046941
1.5688e-11,0.047587,0.046962
1.7129e-11,0.047577,0.046985
1.8571e-11,0.04757,0.047007
2.0009e-11,0.047565,0.04703
2.1437e-11,0.047564,0.047053
2.2849e-11,0.047565,0.047076
2.4238e-11,0.04757,0.047099
2.5597e-11,0.047578,0.047122
2.692e-11,0.047589,0.047144
2.8199e-11,0.047604,0.047167
2.9426e-11,0.047622,0.047189
3.0596e-11,0.047643,0.047211
3.1699e-11,0.047668,0.047233
3.2728e-11,0.047696,0.047255
3.3676e-11,0.047728,0.047276
3.4534e-11,0.047764,0.047297
3.5294e-11,0.047803,0.047317
3.595e-11,0.047846,0.047337
3.6492e-11,0.047893,0.047357
3.6914e-11,0.047944,0.047376
3.7207e-11,0.047998,0.047395
3.7364e-11,0.048056,0.047413
3.7377e-11,0.048118,0.047431
3.724e-11,0.048184,0.047449
3.6946e-11,0.048253,0.047466
3.6488e-11,0.048326,0.047483
3.586e-11,0.048403,0.0475
3.5056e-11,0.048483,0.047517
3.407e-11,0.048567,0.047533
3.2899e-11,0.048654,0.047549
3.1536e-11,0.048745,0.047565
2.9979e-11,0.048839,0.04758
2.8224e-11,0.048937,0.047595
2.6268e-11,0.049037,0.047611
2.411e-11,0.04914,0.047626
2.1748e-11,0.049247,0.047641
1.9182e-11,0.049355,0.047655
1.6412e-11,0.049467,0.04767
1.3439e-11,0.04958,0.047685
1.0266e-11,0.049696,0.0477
6.8947e-12,0.049814,0.047714
3.3295e-12,0.049933,0.047729
-4.2471e-13,0.050054,0.047744
-4.3621e-12,0.050176,0.047758
-8.4756e-12,0.050299,0.047773
-1.2757e-11,0.050423,0.047788
-1.7199e-11,0.050547,0.047802
-2.1789e-11,0.050672,0.047817
-2.6517e-11,0.050797,0.047832
-3.1371e-11,0.050922,0.047846
-3.6337e-11,0.051046,0.047861
-4.14e-11,0.051169,0.047875
-4.6546e-11,0.051291,0.047889
-5.1756e-11,0.051412,0.047903
-5.7014e-11,0.051531,0.047917
-6.23e-11,0.051649,0.047931
-6.7595e-11,0.051764,0.047944
-7.2877e-11,0.051877,0.047957
-7.8124e-11,0.051987,0.047969
-8.3314e-11,0.052094,0.047981
-8.8423e-11,0.052198,0.047992
-9.3425e-11,0.052298,0.048003
-9.8296e-11,0.052395,0.048013
-1.0301e-10,0.052487,0.048023
-1.0754e-10,0.052576,0.048031
-1.1186e-10,0.05266,0.048039
-1.1593e-10,0.05274,0.048045
-1.1974e-10,0.052815,0.048051
-1.2326e-10,0.052885,0.048055
-1.2644e-10,0.052951,0.048059
-1.2928e-10,0.053011,0.048061
-1.3173e-10,0.053065,0.048062
-1.3376e-10,0.053115,0.048061
-1.3536e-10,0.053159,0.04806
-1.3649e-10,0.053197,0.048056
-1.3712e-10,0.05323,0.048052
-1.3723e-10,0.053258,0.048046
-1.3679e-10,0.05328,0.048039
-1.3577e-10,0.053296,0.04803
-1.3416e-10,0.053307,0.04802
-1.3192e-10,0.053312,0.048008
-1.2904e-10,0.053312,0.047995
-1.255e-10,0.053307,0.047981
-1.2127e-10,0.053296,0.047966
-1.1635e-10,0.053281,0.047949
-1.1071e-10,0.05326,0.047931
-1.0435e-10,0.053234,0.047912
-9.7248e-11,0.053204,0.047892
-8.9407e-11,0.053169,0.047871
-8.0819e-11,0.05313,0.047849
-7.1481e-11,0.053087,0.047826
-6.1394e-11,0.053039,0.047803
-5.0562e-11,0.052988,0.047779
-3.8993e-11,0.052933,0.047755
-2.6696e-11,0.052874,0.04773
-1.3685e-11,0.052813,0.047705
2.1232e-14,0.052748,0.04768
1.4403e-11,0.052681,0.047656
2.9434e-11,0.052611,0.047631
4.5086e-11,0.052538,0.047606
6.1327e-11,0.052464,0.047582
7.8119e-11,0.052387,0.047559
9.5423e-11,0.052309,0.047536
1.1319e-10,0.05223,0.047514
1.3138e-10,0.052149,0.047492
1.4993e-10,0.052067,0.047472
1.6879e-10,0.051984,0.047453
1.8789e-10,0.051901,0.047435
2.0718e-10,0.051817,0.047418
2.2658e-10,0.051733,0.047402
2.4601e-10,0.051649,0.047388
2.6541e-10,0.051565,0.047376
2.8469e-10,0.051481,0.047365
3.0377e-10,0.051398,0.047355
3.2256e-10,0.051316,0.047347
3.4097e-10,0.051234,0.047341
3.5891e-10,0.051153,0.047336
3.7628e-10,0.051074,0.047333
3.9298e-10,0.050996,0.047332
4.0892e-10,0.05092,0.047333
4.2399e-10,0.050845,0.047335
4.3809e-10,0.050772,0.047338
4.511e-10,0.050701,0.047344
4.6294e-10,0.050631,0.047351
4.7349e-10,0.050564,0.047359
4.8264e-10,0.0505,0.047369
4.9029e-10,0.050437,0.047381
4.9633e-10,0.050377,0.047394
5.0067e-10,0.05032,0.047408
5.0319e-10,0.050265,0.047423
5.0381e-10,0.050213,0.047439
5.0241e-10,0.050163,0.047457
4.9892e-10,0.050116,0.047475
4.9323e-10,0.050073,0.047494
4.8528e-10,0.050032,0.047514
4.7496e-10,0.049994,0.047535
4.6222e-10,0.049959,0.047556
4.4699e-10,0.049928,0.047578
4.2919e-10,0.049899,0.047601
4.0879e-10,0.049874,0.047624
3.8572e-10,0.049851,0.047647
3.5996e-10,0.049832,0.04767
3.3148e-10,0.049816,0.047693
3.0025e-10,0.049803,0.047717
2.6628e-10,0.049793,0.047741
2.2955e-10,0.049787,0.047764
1.9008e-10,0.049783,0.047788
1.4791e-10,0.049782,0.047812
1.0305e-10,0.049785,0.047835
5.5577e-11,0.04979,0.047859
5.5374e-12,0.049798,0.047882
-4.6989e-11,0.049809,0.047906
-1.0191e-10,0.049823,0.047929
-1.5913e-10,0.049839,0.047952
-2.1851e-10,0.049858,0.047975
-2.7994e-10,0.049879,0.047998
-3.4327e-10,0.049903,0.048021
-4.0832e-10,0.049929,0.048045
-4.7492e-10,0.049958,0.048068
-5.4289e-10,0.049988,0.048091
-6.12e-10,0.050021,0.048115
-6.8204e-10,0.050055,0.048139
-7.5278e-10,0.050091,0.048163
-8.2395e-10,0.050128,0.048188
-8.953e-10,0.050167,0.048213
-9.6654e-10,0.050207,0.048238
-1.0374e-09,0.050249,0.048264
-1.1075e-09,0.050291,0.048291
-1.1766e-09,0.050335,0.048318
-1.2444e-09,0.050379,0.048346
-1.3104e-09,0.050423,0.048375
-1.3744e-09,0.050469,0.048405
-1.436e-09,0.050514,0.048436
-1.4949e-09,0.05056,0.048467
-1.5505e-09,0.050606,0.048499
-1.6027e-09,0.050652,0.048533
-1.6509e-09,0.050697,0.048567
-1.6949e-09,0.050742,0.048603
-1.7341e-09,0.050787,0.048639
-1.7683e-09,0.050831,0.048677
-1.797e-09,0.050875,0.048716
-1.8199e-09,0.050917,0.048755
-1.8365e-09,0.050959,0.048796
-1.8465e-09,0.050999,0.048838
-1.8495e-09,0.051038,0.04888
-1.8452e-09,0.051076,0.048924
-1.8333e-09,0.051113,0.048969
-1.8133e-09,0.051148,0.049014
-1.785e-09,0.051182,0.049061
-1.7481e-09,0.051214,0.049108
-1.7023e-09,0.051244,0.049156
-1.6474e-09,0.051273,0.049205
-1.5831e-09,0.0513,0.049254
-1.5093e-09,0.051325,0.049304
-1.4257e-09,0.051348,0.049355
-1.3322e-09,0.051369,0.049406
-1.2287e-09,0.051389,0.049457
-1.1152e-09,0.051407,0.049509
-9.9158e-10,0.051422,0.049561
-8.5786e-10,0.051436,0.049614
-7.1408e-10,0.051448,0.049666
-5.6034e-10,0.051458,0.049719
-3.9676e-10,0.051466,0.049771
-2.2352e-10,0.051473,0.049824
-4.0841e-11,0.051478,0.049876
1.5099e-10,0.051481,0.049928
3.5166e-10,0.051483,0.049979
5.6079e-10,0.051483,0.05003
7.7795e-10,0.051482,0.05008
1.0027e-09,0.05148,0.05013
1.2344e-09,0.051476,0.050179
1.4725e-09,0.051471,0.050227
1.7164e-09,0.051465,0.050274
1.9654e-09,0.051458,0.05032
2.2187e-09,0.051451,0.050365
2.4755e-09,0.051442,0.050409
2.7349e-09,0.051433,0.050451
2.996e-09,0.051424,0.050492
3.2579e-09,0.051414,0.050531
3.5195e-09,0.051404,0.050568
3.7798e-09,0.051393,0.050604
4.0376e-09,0.051383,0.050638
4.2917e-09,0.051373,0.050669
4.541e-09,0.051363,0.050699
4.7843e-09,0.051353,0.050726
5.0201e-09,0.051343,0.050752
5.2473e-09,0.051334,0.050774
5.4644e-09,0.051326,0.050795
5.6702e-09,0.051318,0.050813
5.8631e-09,0.051311,0.050828
6.0418e-09,0.051305,0.050841
6.2049e-09,0.051299,0.05085
6.351e-09,0.051295,0.050858
6.4785e-09,0.051291,0.050862
6.5861e-09,0.051288,0.050863
6.6724e-09,0.051287,0.050862
6.736e-09,0.051286,0.050857
6.7755e-09,0.051287,0.05085
6.7895e-09,0.051288,0.05084
6.7767e-09,0.051291,0.050826
6.7359e-09,0.051295,0.05081
6.6659e-09,0.051299,0.050791
6.5654e-09,0.051305,0.050769
6.4335e-09,0.051311,0.050745
6.269e-09,0.051319,0.050717
6.0711e-09,0.051327,0.050687
5.8389e-09,0.051336,0.050655
5.5717e-09,0.051346,0.05062
5.2688e-09,0.051356,0.050582
4.9296e-09,0.051366,0.050542
4.5539e-09,0.051377,0.0505
4.1412e-09,0.051389,0.050456
3.6914e-09,0.0514,0.050411
3.2046e-09,0.051412,0.050363
2.6808e-09,0.051423,0.050314
2.1204e-09,0.051434,0.050264
1.5238e-09,0.051445,0.050213
8.9174e-10,0.051455,0.05016
2.2491e-10,0.051465,0.050107
-4.7567e-10,0.051474,0.050054
-1.2088e-09,0.051482,0.05
-1.9732e-09,0.051488,0.049946
-2.7672e-09,0.051494,0.049892
-3.5891e-09,0.051499,0.049838
-4.437e-09,0.051502,0.049785
-5.3087e-09,0.051504,0.049733
-6.2018e-09,0.051503,0.049682
-7.1139e-09,0.051502,0.049631
-8.0421e-09,0.051498,0.049583
-8.9834e-09,0.051492,0.049536
-9.9348e-09,0.051485,0.049491
-1.0893e-08,0.051475,0.049448
-1.1854e-08,0.051463,0.049407
-1.2815e-08,0.051448,0.049368
-1.3771e-08,0.051432,0.049333
-1.4718e-08,0.051412,0.0493
-1.5653e-08,0.051391,0.049269
-1.657e-08,0.051367,0.049242
-1.7466e-08,0.05134,0.049219
-1.8335e-08,0.051312,0.049198
-1.9172e-08,0.05128,0.049181
-1.9973e-08,0.051246,0.049168
-2.0733e-08,0.05121,0.049158
-2.1447e-08,0.051171,0.049152
-2.2109e-08,0.05113,0.049149
-2.2714e-08,0.051087,0.049151
-2.3257e-08,0.051042,0.049156
-2.3733e-08,0.050994,0.049165
-2.4136e-08,0.050945,0.049178
-2.4462e-08,0.050893,0.049195
-2.4704e-08,0.05084,0.049216
-2.4859e-08,0.050786,0.04924
-2.4921e-08,0.050729,0.049269
-2.4885e-08,0.050672,0.049301
-2.4746e-08,0.050613,0.049336
-2.4501e-08,0.050554,0.049376
-2.4144e-08,0.050494,0.049418
-2.3673e-08,0.050433,0.049465
-2.3082e-08,0.050371,0.049514
-2.2369e-08,0.05031,0.049567
-2.1531e-08,0.050248,0.049622
-2.0564e-08,0.050187,0.049681
-1.9466e-08,0.050126,0.049742
-1.8235e-08,0.050066,0.049806
-1.687e-08,0.050007,0.049873
-1.537e-08,0.049949,0.049941
-1.3734e-08,0.049892,0.050012
-1.1961e-08,0.049836,0.050085
-1.0053e-08,0.049782,0.05016
-8.01e-09,0.049731,0.050236
-5.8342e-09,0.049681,0.050314
-3.5276e-09,0.049633,0.050393
-1.0932e-09,0.049588,0.050473
1.4655e-09,0.049546,0.050554
4.1443e-09,0.049506,0.050635
6.9383e-09,0.04947,0.050718
9.8418e-09,0.049436,0.0508
1.2849e-08,0.049406,0.050883
1.5951e-08,0.049379,0.050966
1.9143e-08,0.049356,0.051049
2.2413e-08,0.049336,0.051131
2.5755e-08,0.049319,0.051213
2.9157e-08,0.049307,0.051294
3.2608e-08,0.049298,0.051375
3.6097e-08,0.049292,0.051455
3.9613e-08,0.049291,0.051533
4.3141e-08,0.049293,0.051611
4.6669e-08,0.049299,0.051687
5.0182e-08,0.049308,0.051761
5.3664e-08,0.049321,0.051834
5.7102e-08,0.049338,0.051905
6.0477e-08,0.049358,0.051974
6.3775e-08,0.049381,0.052042
6.6976e-08,0.049408,0.052107
7.0065e-08,0.049437,0.052171
7.3023e-08,0.04947,0.052232
7.5831e-08,0.049505,0.05229
7.847e-08,0.049543,0.052347
8.0922e-08,0.049583,0.052401
8.3168e-08,0.049625,0.052452
8.5188e-08,0.049669,0.052501
8.6963e-08,0.049715,0.052547
8.8474e-08,0.049762,0.05259
8.9702e-08,0.04981,0.052631
9.0627e-08,0.04986,0.052669
9.1231e-08,0.04991,0.052705
9.1497e-08,0.04996,0.052737
9.1405e-08,0.050011,0.052767
9.0939e-08,0.050062,0.052794
9.0083e-08,0.050112,0.052818
8.882e-08,0.050162,0.05284
8.7135e-08,0.050211,0.052859
8.5016e-08,0.050259,0.052875
8.2448e-08,0.050305,0.052888
7.942e-08,0.05035,0.052899
7.5922e-08,0.050393,0.052908
7.1945e-08,0.050434,0.052913
6.7481e-08,0.050473,0.052917
6.2524e-08,0.050509,0.052918
5.707e-08,0.050542,0.052916
5.1117e-08,0.050573,0.052913
4.4664e-08,0.0506,0.052907
3.7712e-08,0.050624,0.0529
3.0265e-08,0.050645,0.05289
2.2329e-08,0.050662,0.052879
1.3912e-08,0.050676,0.052865
5.024e-09,0.050686,0.052851
-4.3223e-09,0.050692,0.052834
-1.4112e-08,0.050694,0.052817
-2.4326e-08,0.050692,0.052798
-3.4946e-08,0.050687,0.052778
-4.5947e-08,0.050677,0.052757
-5.7305e-08,0.050664,0.052735
-6.8991e-08,0.050646,0.052713
-8.0974e-08,0.050625,0.05269
-9.322e-08,0.0506,0.052666
-1.0569e-07,0.050571,0.052642
-1.1835e-07,0.050538,0.052618
-1.3116e-07,0.050502,0.052593
-1.4406e-07,0.050463,0.052569
-1.5702e-07,0.05042,0.052545
-1.6999e-07,0.050375,0.052521
-1.8291e-07,0.050326,0.052497
-1.9572e-07,0.050275,0.052474
-2.0837e-07,0.050221,0.052451
-2.2081e-07,0.050165,0.052429
-2.3297e-07,0.050107,0.052408
-2.4478e-07,0.050047,0.052387
-2.5619e-07,0.049985,0.052368
-2.6713e-07,0.049922,0.052349
-2.7752e-07,0.049858,0.052331
-2.8731e-07,0.049794,0.052315
-2.9642e-07,0.049728,0.052299
-3.0478e-07,0.049663,0.052285
-3.1232e-07,0.049597,0.052272
-3.1898e-07,0.049532,0.05226
-3.2467e-07,0.049467,0.05225
-3.2934e-07,0.049403,0.052241
-3.3291e-07,0.049339,0.052233
-3.3531e-07,0.049278,0.052226
-3.3647e-07,0.049217,0.052221
-3.3634e-07,0.049158,0.052217
-3.3484e-07,0.049102,0.052214
-3.3192e-07,0.049047,0.052212
-3.2752e-07,0.048994,0.052212
-3.2159e-07,0.048945,0.052213
-3.1406e-07,0.048897,0.052215
-3.049e-07,0.048853,0.052218
-2.9407e-07,0.048812,0.052222
-2.8151e-07,0.048773,0.052228
-2.6721e-07,0.048738,0.052234
-2.5113e-07,0.048706,0.052241
-2.3325e-07,0.048678,0.052249
-2.1355e-07,0.048652,0.052258
-1.9203e-07,0.04863,0.052268
-1.6868e-07,0.048612,0.052278
-1.4351e-07,0.048597,0.052289
-1.1653e-07,0.048585,0.052301
-8.7765e-08,0.048577,0.052313
-5.7236e-08,0.048572,0.052325
-2.4985e-08,0.04857,0.052338
8.943e-09,0.048571,0.052352
4.4492e-08,0.048575,0.052365
8.1597e-08,0.048582,0.052379
1.2018e-07,0.048591,0.052393
1.6017e-07,0.048604,0.052407
2.0146e-07,0.048618,0.052421
2.4395e-07,0.048635,0.052435
2.8753e-07,0.048654,0.05245
3.3208e-07,0.048675,0.052464
3.7745e-07,0.048697,0.052478
4.2351e-07,0.048721,0.052493
4.701e-07,0.048747,0.052507
5.1707e-07,0.048773,0.052521
5.6423e-07,0.0488,0.052535
6.1141e-07,0.048828,0.05255
6.5841e-07,0.048856,0.052564
7.0503e-07,0.048885,0.052578
7.5107e-07,0.048914,0.052592
7.9632e-07,0.048942,0.052607
8.4053e-07,0.048971,0.052621
8.835e-07,0.048999,0.052636
9.2497e-07,0.049026,0.052651
9.6471e-07,0.049052,0.052666
1.0025e-06,0.049078,0.052682
1.038e-06,0.049102,0.052698
1.071e-06,0.049126,0.052715
1.1013e-06,0.049148,0.052732
1.1286e-06,0.049168,0.05275
1.1526e-06,0.049187,0.052769
1.1731e-06,0.049204,0.052789
1.1899e-06,0.04922,0.052809
1.2026e-06,0.049234,0.052831
1.211e-06,0.049247,0.052854
1.2148e-06,0.049257,0.052878
1.2139e-06,0.049266,0.052904
1.208e-06,0.049273,0.05293
1.1969e-06,0.049278,0.052959
1.1803e-06,0.049282,0.052989
1.1581e-06,0.049283,0.05302
1.13e-06,0.049283,0.053053
1.0959e-06,0.049282,0.053089
1.0557e-06,0.049279,0.053125
1.0092e-06,0.049275,0.053164
9.5622e-07,0.049269,0.053205
8.9673e-07,0.049262,0.053248
8.3063e-07,0.049254,0.053292
7.5787e-07,0.049245,0.053339
6.784e-07,0.049234,0.053388
5.9223e-07,0.049224,0.053438
4.9937e-07,0.049212,0.053491
3.9987e-07,0.0492,0.053546
2.9382e-07,0.049187,0.053602
1.8131e-07,0.049175,0.053661
6.2501e-08,0.049162,0.053721
-6.2441e-08,0.049149,0.053783
-1.9331e-07,0.049136,0.053846
-3.2985e-07,0.049124,0.053912
-4.7179e-07,0.049112,0.053978
-6.1882e-07,0.049101,0.054046
-7.7057e-07,0.049091,0.054115
-9.2666e-07,0.049081,0.054186
-1.0867e-06,0.049073,0.054257
-1.2501e-06,0.049065,0.054329
-1.4165e-06,0.049059,0.054401
-1.5852e-06,0.049054,0.054475
-1.7558e-06,0.049051,0.054548
-1.9275e-06,0.049049,0.054621
-2.0998e-06,0.049049,0.054695
-2.2719e-06,0.049051,0.054768
-2.4432e-06,0.049054,0.054841
-2.6127e-06,0.04906,0.054913
-2.7798e-06,0.049067,0.054985
-2.9436e-06,0.049077,0.055055
-3.1033e-06,0.049089,0.055124
-3.2579e-06,0.049103,0.055192
-3.4065e-06,0.049119,0.055259
-3.5483e-06,0.049137,0.055323
-3.6821e-06,0.049157,0.055386
-3.8072e-06,0.04918,0.055447
-3.9224e-06,0.049205,0.055505
-4.0267e-06,0.049233,0.055562
-4.1191e-06,0.049262,0.055616
-4.1986e-06,0.049294,0.055667
-4.2641e-06,0.049328,0.055715
-4.3146e-06,0.049364,0.055761
-4.3491e-06,0.049402,0.055803
-4.3665e-06,0.049443,0.055842
-4.3658e-06,0.049485,0.055879
-4.346e-06,0.049529,0.055911
-4.3061e-06,0.049575,0.055941
-4.2452e-06,0.049623,0.055967
-4.1623e-06,0.049672,0.05599
-4.0565e-06,0.049723,0.056009
-3.9269e-06,0.049776,0.056024
-3.7728e-06,0.04983,0.056036
-3.5934e-06,0.049885,0.056044
-3.3879e-06,0.049941,0.056049
-3.1557e-06,0.049998,0.05605
-2.8961e-06,0.050056,0.056047
-2.6087e-06,0.050115,0.056041
-2.2929e-06,0.050175,0.056031
-1.9484e-06,0.050235,0.056018
-1.5749e-06,0.050295,0.056001
-1.1721e-06,0.050356,0.055981
-7.3987e-07,0.050416,0.055957
-2.7818e-07,0.050477,0.05593
2.1294e-07,0.050537,0.0559
7.3333e-07,0.050597,0.055867
1.2828e-06,0.050657,0.055832
1.8609e-06,0.050716,0.055793
2.4672e-06,0.050774,0.055751
3.1012e-06,0.050831,0.055707
3.7622e-06,0.050887,0.055661
4.4493e-06,0.050941,0.055612
5.1618e-06,0.050994,0.055561
5.8985e-06,0.051046,0.055508
6.6584e-06,0.051096,0.055453
7.4401e-06,0.051144,0.055397
8.2423e-06,0.05119,0.055339
9.0636e-06,0.051234,0.055279
9.9024e-06,0.051276,0.055219
1.0757e-05,0.051316,0.055157
1.1625e-05,0.051353,0.055095
1.2506e-05,0.051387,0.055031
1.3397e-05,0.051419,0.054968
1.4295e-05,0.051448,0.054904
1.52e-05,0.051474,0.05484
1.6108e-05,0.051497,0.054776
1.7018e-05,0.051517,0.054712
1.7926e-05,0.051533,0.054649
1.8831e-05,0.051547,0.054586
1.9729e-05,0.051557,0.054524
2.0619e-05,0.051564,0.054463
2.1498e-05,0.051568,0.054402
2.2363e-05,0.051568,0.054343
2.3212e-05,0.051565,0.054286
2.4042e-05,0.051558,0.054229
2.4851e-05,0.051548,0.054175
2.5635e-05,0.051534,0.054122
2.6393e-05,0.051516,0.054071
2.7121e-05,0.051496,0.054022
2.7819e-05,0.051471,0.053975
2.8482e-05,0.051444,0.053931
2.9109e-05,0.051413,0.053889
2.9698e-05,0.051378,0.053849
3.0247e-05,0.05134,0.053812
3.0753e-05,0.051299,0.053778
3.1216e-05,0.051255,0.053746
3.1632e-05,0.051208,0.053717
3.2002e-05,0.051158,0.053691
3.2323e-05,0.051104,0.053669
3.2595e-05,0.051048,0.053649
3.2815e-05,0.05099,0.053632
3.2985e-05,0.050929,0.053619
3.3102e-05,0.050865,0.053609
3.3167e-05,0.050799,0.053602
3.318e-05,0.050731,0.053598
3.314e-05,0.050661,0.053598
3.3048e-05,0.050589,0.053602
3.2903e-05,0.050516,0.053608
3.2708e-05,0.050441,0.053618
3.2462e-05,0.050365,0.053632
3.2167e-05,0.050287,0.053649
3.1823e-05,0.050209,0.05367
3.1432e-05,0.05013,0.053693
3.0996e-05,0.05005,0.053721
3.0515e-05,0.04997,0.053752
2.9993e-05,0.04989,0.053786
2.943e-05,0.04981,0.053823
2.8829e-05,0.04973,0.053864
2.8192e-05,0.04965,0.053908
2.752e-05,0.049571,0.053955
2.6817e-05,0.049493,0.054006
2.6084e-05,0.049416,0.054059
2.5324e-05,0.049339,0.054115
2.4539e-05,0.049265,0.054175
2.3731e-05,0.049192,0.054237
2.2903e-05,0.04912,0.054302
2.2058e-05,0.049051,0.054369
2.1197e-05,0.048983,0.054439
2.0323e-05,0.048918,0.054512
1.9439e-05,0.048855,0.054586
1.8546e-05,0.048795,0.054663
1.7647e-05,0.048737,0.054742
1.6744e-05,0.048683,0.054823
1.584e-05,0.048631,0.054905
1.4936e-05,0.048582,0.05499
1.4034e-05,0.048537,0.055075
1.3136e-05,0.048495,0.055162
1.2245e-05,0.048457,0.05525
1.1361e-05,0.048422,0.05534
1.0487e-05,0.04839,0.05543
9.6236e-06,0.048363,0.05552
8.7731e-06,0.048339,0.055611
7.9364e-06,0.048319,0.055703
7.115e-06,0.048303,0.055795
6.31e-06,0.048291,0.055886
5.5224e-06,0.048283,0.055978
4.7533e-06,0.048279,0.056069
4.0037e-06,0.048279,0.056159
3.2742e-06,0.048282,0.056249
2.5657e-06,0.04829,0.056338
1.8787e-06,0.048302,0.056426
1.2139e-06,0.048317,0.056513
5.7168e-07,0.048337,0.056598
-4.7529e-08,0.04836,0.056682
-6.4339e-07,0.048387,0.056764
-1.2157e-06,0.048418,0.056844
-1.7641e-06,0.048452,0.056922
-2.2886e-06,0.048489,0.056998
-2.7891e-06,0.04853,0.057071
-3.2656e-06,0.048574,0.057142
-3.7179e-06,0.048622,0.057211
-4.1463e-06,0.048672,0.057277
-4.5507e-06,0.048725,0.05734
-4.9313e-06,0.048781,0.0574
-5.2882e-06,0.048839,0.057458
-5.6216e-06,0.048899,0.057512
-5.9316e-06,0.048962,0.057563
-6.2184e-06,0.049027,0.057611
-6.4822e-06,0.049094,0.057656
-6.7232e-06,0.049162,0.057698
-6.9416e-06,0.049232,0.057736
-7.1376e-06,0.049303,0.057771
-7.3113e-06,0.049375,0.057803
-7.4629e-06,0.049448,0.057831
-7.5925e-06,0.049521,0.057857
-7.7003e-06,0.049596,0.057878
-7.7864e-06,0.04967,0.057897
-7.8509e-06,0.049745,0.057912
-7.8939e-06,0.049819,0.057925
-7.9154e-06,0.049894,0.057934
-7.9154e-06,0.049968,0.05794
-7.8939e-06,0.050041,0.057943
-7.8509e-06,0.050114,0.057943
-7.7864e-06,0.050185,0.05794
-7.7003e-06,0.050256,0.057934
-7.5925e-06,0.050325,0.057926
-7.4629e-06,0.050394,0.057915
-7.3113e-06,0.05046,0.057902
-7.1376e-06,0.050525,0.057887
-6.9416e-06,0.050588,0.057869
-6.7232e-06,0.05065,0.05785
-6.4822e-06,0.050709,0.057828
-6.2184e-06,0.050766,0.057805
-5.9316e-06,0.050822,0.057779
-5.6216e-06,0.050875,0.057753
-5.2882e-06,0.050925,0.057725
-4.9313e-06,0.050974,0.057696
-4.5507e-06,0.05102,0.057665
-4.1463e-06,0.051063,0.057634
-3.7179e-06,0.051104,0.057602
-3.2656e-06,0.051143,0.057569
-2.7891e-06,0.051178,0.057536
-2.2886e-06,0.051212,0.057502
-1.7641e-06,0.051242,0.057468
-1.2157e-06,0.05127,0.057433
-6.4339e-07,0.051296,0.057399
-4.7529e-08,0.051318,0.057365
5.7168e-07,0.051338,0.057331
1.2139e-06,0.051356,0.057297
1.8787e-06,0.051371,0.057264
2.5657e-06,0.051383,0.057232
3.2742e-06,0.051393,0.057199
4.0037e-06,0.0514,0.057168
4.7533e-06,0.051405,0.057138
5.5224e-06,0.051407,0.057108
6.31e-06,0.051406,0.057079
7.115e-06,0.051403,0.057051
7.9364e-06,0.051398,0.057025
8.7731e-06,0.051391,0.056999
9.6236e-06,0.051381,0.056974
1.0487e-05,0.051368,0.056951
1.1361e-05,0.051354,0.056929
1.2245e-05,0.051337,0.056908
1.3136e-05,0.051318,0.056888
1.4034e-05,0.051298,0.05687
1.4936e-05,0.051275,0.056853
1.584e-05,0.05125,0.056837
1.6744e-05,0.051223,0.056822
1.7647e-05,0.051194,0.056808
1.8546e-05,0.051163,0.056796
1.9439e-05,0.05113,0.056785
2.0323e-05,0.051096,0.056775
2.1197e-05,0.05106,0.056766
2.2058e-05,0.051023,0.056758
2.2903e-05,0.050983,0.056751
2.3731e-05,0.050943,0.056746
2.4539e-05,0.050901,0.056741
2.5324e-05,0.050857,0.056737
2.6084e-05,0.050812,0.056734
2.6817e-05,0.050766,0.056732
2.752e-05,0.050719,0.05673
2.8192e-05,0.050671,0.056729
2.8829e-05,0.050622,0.056729
2.943e-05,0.050571,0.056729
2.9993e-05,0.05052,0.05673
3.0515e-05,0.050468,0.056732
3.0996e-05,0.050415,0.056734
3.1432e-05,0.050362,0.056736
3.1823e-05,0.050308,0.056738
3.2167e-05,0.050253,0.056741
3.2462e-05,0.050198,0.056744
3.2708e-05,0.050143,0.056747
3.2903e-05,0.050087,0.05675
3.3048e-05,0.050031,0.056753
3.314e-05,0.049975,0.056757
3.318e-05,0.049918,0.05676
3.3167e-05,0.049862,0.056763
3.3102e-05,0.049806,0.056767
3.2985e-05,0.049749,0.05677
3.2815e-05,0.049693,0.056774
3.2595e-05,0.049637,0.056777
3.2323e-05,0.049582,0.05678
3.2002e-05,0.049527,0.056784
3.1632e-05,0.049472,0.056787
3.1216e-05,0.049418,0.05679
3.0753e-05,0.049364,0.056794
3.0247e-05,0.049311,0.056797
2.9698e-05,0.049259,0.056801
2.9109e-05,0.049207,0.056805
2.8482e-05,0.049156,0.056809
2.7819e-05,0.049106,0.056814
2.7121e-05,0.049057,0.056819
2.6393e-05,0.04901,0.056824
2.5635e-05,0.048963,0.05683
2.4851e-05,0.048917,0.056836
2.4042e-05,0.048873,0.056844
2.3212e-05,0.048829,0.056851
2.2363e-05,0.048787,0.05686
2.1498e-05,0.048747,0.05687
2.0619e-05,0.048708,0.05688
1.9729e-05,0.048671,0.056892
1.8831e-05,0.048635,0.056905
1.7926e-05,0.0486,0.056919
1.7018e-05,0.048568,0.056934
1.6108e-05,0.048537,0.056951
1.52e-05,0.048508,0.056969
1.4295e-05,0.048481,0.056989
1.3397e-05,0.048456,0.05701
1.2506e-05,0.048432,0.057032
1.1625e-05,0.048411,0.057057
1.0757e-05,0.048392,0.057083
9.9024e-06,0.048375,0.057111
9.0636e-06,0.04836,0.05714
8.2423e-06,0.048347,0.057172
7.4401e-06,0.048336,0.057205
6.6584e-06,0.048327,0.057239
5.8985e-06,0.048321,0.057276
5.1618e-06,0.048317,0.057314
4.4493e-06,0.048315,0.057354
3.7622e-06,0.048315,0.057395
3.1012e-06,0.048318,0.057438
2.4672e-06,0.048323,0.057483
1.8609e-06,0.04833,0.057529
1.2828e-06,0.048339,0.057576
7.3333e-07,0.048351,0.057624
2.1293e-07,0.048364,0.057674
-2.7818e-07,0.04838,0.057724
-7.3988e-07,0.048399,0.057776
-1.1721e-06,0.048419,0.057828
-1.5749e-06,0.048441,0.057881
-1.9484e-06,0.048465,0.057935
-2.2929e-06,0.048492,0.057989
-2.6087e-06,0.04852,0.058043
-2.8961e-06,0.04855,0.058098
-3.1557e-06,0.048582,0.058152
-3.3879e-06,0.048616,0.058206
-3.5934e-06,0.048652,0.05826
-3.7728e-06,0.048689,0.058313
-3.9269e-06,0.048728,0.058366
-4.0565e-06,0.048768,0.058418
-4.1623e-06,0.048809,0.058469
-4.2452e-06,0.048852,0.058519
-4.3061e-06,0.048896,0.058568
-4.346e-06,0.048941,0.058616
-4.3658e-06,0.048987,0.058662
-4.3665e-06,0.049034,0.058706
-4.3491e-06,0.049082,0.058749
-4.3146e-06,0.04913,0.05879
-4.2641e-06,0.049179,0.058829
-4.1986e-06,0.049229,0.058867
-4.1191e-06,0.049279,0.058902
-4.0267e-06,0.049329,0.058935
-3.9224e-06,0.049379,0.058966
-3.8072e-06,0.049429,0.058994
-3.6821e-06,0.049479,0.059021
-3.5483e-06,0.049529,0.059045
-3.4065e-06,0.049578,0.059066
-3.2579e-06,0.049627,0.059086
-3.1033e-06,0.049676,0.059103
-2.9436e-06,0.049724,0.059117
-2.7798e-06,0.049771,0.05913
-2.6127e-06,0.049817,0.059139
-2.4432e-06,0.049863,0.059147
-2.2719e-06,0.049907,0.059152
-2.0998e-06,0.049951,0.059156
-1.9275e-06,0.049993,0.059157
-1.7558e-06,0.050034,0.059156
-1.5852e-06,0.050074,0.059153
-1.4165e-06,0.050113,0.059148
-1.2501e-06,0.05015,0.059141
-1.0867e-06,0.050185,0.059132
-9.2666e-07,0.05022,0.059122
-7.7057e-07,0.050252,0.05911
-6.1881e-07,0.050284,0.059097
-4.7179e-07,0.050313,0.059082
-3.2984e-07,0.050341,0.059066
-1.933e-07,0.050368,0.059049
-6.2433e-08,0.050392,0.059031
6.251e-08,0.050416,0.059012
1.8132e-07,0.050437,0.058992
2.9383e-07,0.050457,0.058972
3.9988e-07,0.050475,0.058951
4.9938e-07,0.050491,0.058929
5.9224e-07,0.050506,0.058908
6.7841e-07,0.050519,0.058885
7.5788e-07,0.05053,0.058863
8.3064e-07,0.05054,0.058841
8.9675e-07,0.050548,0.058819
9.5624e-07,0.050555,0.058796
1.0092e-06,0.05056,0.058775
1.0557e-06,0.050563,0.058753
1.096e-06,0.050565,0.058732
1.13e-06,0.050565,0.058711
1.1581e-06,0.050564,0.058691
1.1803e-06,0.050561,0.058671
1.1969e-06,0.050557,0.058652
1.208e-06,0.050552,0.058634
1.2139e-06,0.050545,0.058616
1.2148e-06,0.050537,0.058599
1.211e-06,0.050527,0.058583
1.2026e-06,0.050517,0.058568
1.1899e-06,0.050505,0.058554
1.1731e-06,0.050492,0.058541
1.1526e-06,0.050477,0.058528
1.1286e-06,0.050462,0.058517
1.1013e-06,0.050446,0.058506
1.071e-06,0.050429,0.058497
1.038e-06,0.05041,0.058488
1.0025e-06,0.050391,0.05848
9.6471e-07,0.050371,0.058473
9.2497e-07,0.05035,0.058467
8.835e-07,0.050329,0.058462
8.4053e-07,0.050306,0.058458
7.9631e-07,0.050283,0.058454
7.5107e-07,0.050259,0.058452
7.0503e-07,0.050235,0.05845
6.584e-07,0.05021,0.058448
6.114e-07,0.050185,0.058448
5.6422e-07,0.050159,0.058448
5.1706e-07,0.050132,0.058448
4.7009e-07,0.050106,0.05845
4.2349e-07,0.050078,0.058451
3.7743e-07,0.050051,0.058453
3.3206e-07,0.050023,0.058456
2.8751e-07,0.049996,0.058459
2.4393e-07,0.049968,0.058462
2.0144e-07,0.04994,0.058466
1.6015e-07,0.049911,0.05847
1.2016e-07,0.049883,0.058474
8.157e-08,0.049855,0.058478
4.4463e-08,0.049827,0.058482
8.9127e-09,0.049798,0.058487
-2.5016e-08,0.04977,0.058491
-5.7269e-08,0.049742,0.058495
-8.7799e-08,0.049715,0.0585
-1.1657e-07,0.049687,0.058504
-1.4355e-07,0.04966,0.058508
-1.6872e-07,0.049633,0.058512
-1.9207e-07,0.049607,0.058516
-2.1359e-07,0.04958,0.058519
-2.3329e-07,0.049555,0.058522
-2.5117e-07,0.049529,0.058525
-2.6725e-07,0.049504,0.058528
-2.8155e-07,0.04948,0.05853
-2.9411e-07,0.049456,0.058532
-3.0494e-07,0.049432,0.058533
-3.141e-07,0.049409,0.058534
-3.2163e-07,0.049387,0.058534
-3.2756e-07,0.049365,0.058534
-3.3196e-07,0.049344,0.058534
-3.3488e-07,0.049324,0.058533
-3.3638e-07,0.049304,0.058531
-3.3651e-07,0.049285,0.058529
-3.3534e-07,0.049267,0.058527
-3.3294e-07,0.049249,0.058524
-3.2937e-07,0.049233,0.05852
-3.247e-07,0.049216,0.058516
-3.19e-07,0.049201,0.058511
-3.1235e-07,0.049186,0.058505
-3.048e-07,0.049173,0.058499
-2.9644e-07,0.049159,0.058493
-2.8732e-07,0.049147,0.058486
-2.7753e-07,0.049135,0.058478
-2.6713e-07,0.049124,0.058469
-2.5619e-07,0.049114,0.05846
-2.4478e-07,0.049105,0.058451
-2.3296e-07,0.049096,0.05844
-2.208e-07,0.049088,0.05843
-2.0836e-07,0.049081,0.058418
-1.957e-07,0.049075,0.058406
-1.8288e-07,0.049069,0.058394
-1.6996e-07,0.049064,0.058381
-1.5699e-07,0.04906,0.058367
-1.4402e-07,0.049056,0.058353
-1.3111e-07,0.049053,0.058339
-1.183e-07,0.049051,0.058324
-1.0563e-07,0.049049,0.058308
-9.3155e-08,0.049048,0.058292
-8.0903e-08,0.049048,0.058276
-6.8914e-08,0.049048,0.058259
-5.7223e-08,0.049049,0.058242
-4.5859e-08,0.04905,0.058225
-3.4852e-08,0.049053,0.058207
-2.4227e-08,0.049056,0.058189
-1.4006e-08,0.049059,0.058171
-4.2117e-09,0.049063,0.058153
5.1398e-09,0.049068,0.058135
1.4033e-08,0.049073,0.058116
2.2455e-08,0.049079,0.058098
3.0395e-08,0.049086,0.05808
3.7846e-08,0.049093,0.058061
4.4801e-08,0.049101,0.058043
5.1258e-08,0.049109,0.058025
5.7214e-08,0.049118,0.058007
6.2671e-08,0.049127,0.057989
6.763e-08,0.049137,0.057971
7.2095e-08,0.049148,0.057954
7.6074e-08,0.049159,0.057937
7.9572e-08,0.04917,0.057921
8.26e-08,0.049182,0.057905
8.5167e-08,0.049194,0.057889
8.7285e-08,0.049207,0.057875
8.8967e-08,0.04922,0.05786
9.0228e-08,0.049233,0.057846
9.1081e-08,0.049247,0.057833
9.1542e-08,0.049261,0.057821
9.1629e-08,0.049275,0.057809
9.1358e-08,0.049289,0.057798
9.0747e-08,0.049303,0.057788
8.9815e-08,0.049317,0.057778
8.8579e-08,0.049331,0.05777
8.7059e-08,0.049345,0.057762
8.5274e-08,0.049359,0.057755
8.3244e-08,0.049373,0.057749
8.0986e-08,0.049387,0.057744
7.8522e-08,0.0494,0.05774
7.5869e-08,0.049413,0.057736
7.3047e-08,0.049425,0.057734
7.0075e-08,0.049437,0.057732
6.6971e-08,0.049448,0.057732
6.3753e-08,0.049459,0.057732
6.0439e-08,0.049469,0.057733
5.7046e-08,0.049478,0.057735
5.359e-08,0.049486,0.057738
5.0089e-08,0.049493,0.057741
4.6557e-08,0.0495,0.057746
4.3009e-08,0.049505,0.057751
3.946e-08,0.04951,0.057757
3.5924e-08,0.049513,0.057763
3.2414e-08,0.049515,0.057771
2.8941e-08,0.049516,0.057779
2.5518e-08,0.049516,0.057787
2.2155e-08,0.049515,0.057796
1.8863e-08,0.049512,0.057806
1.565e-08,0.049509,0.057816
1.2526e-08,0.049504,0.057827
9.4983e-09,0.049497,0.057838
6.5741e-09,0.04949,0.057849
3.7599e-09,0.049481,0.057861
1.0614e-09,0.049471,0.057873
-1.5163e-09,0.04946,0.057885
-3.969e-09,0.049447,0.057897
-6.2929e-09,0.049434,0.057909
-8.485e-09,0.049419,0.057922
-1.0543e-08,0.049403,0.057934
-1.2465e-08,0.049387,0.057946
-1.425e-08,0.049369,0.057958
-1.5898e-08,0.049351,0.05797
-1.7408e-08,0.049332,0.057982
-1.8781e-08,0.049312,0.057993
-2.0017e-08,0.049292,0.058004
-2.1119e-08,0.049271,0.058015
-2.2088e-08,0.049249,0.058025
-2.2927e-08,0.049228,0.058035
-2.3638e-08,0.049206,0.058045
-2.4224e-08,0.049184,0.058054
-2.4688e-08,0.049162,0.058062
-2.5035e-08,0.04914,0.05807
-2.5268e-08,0.049118,0.058077
-2.5391e-08,0.049096,0.058084
-2.5409e-08,0.049075,0.05809
-2.5327e-08,0.049055,0.058095
-2.5149e-08,0.049035,0.0581
-2.488e-08,0.049016,0.058103
-2.4525e-08,0.048997,0.058107
-2.4089e-08,0.04898,0.058109
-2.3577e-08,0.048964,0.058111
-2.2996e-08,0.048948,0.058112
-2.2349e-08,0.048934,0.058113
-2.1642e-08,0.048922,0.058112
-2.0881e-08,0.04891,0.058112
-2.007e-08,0.0489,0.05811
-1.9215e-08,0.048892,0.058108
-1.8321e-08,0.048885,0.058106
-1.7393e-08,0.04888,0.058103
-1.6436e-08,0.048877,0.058099
-1.5455e-08,0.048875,0.058095
-1.4453e-08,0.048875,0.058091
-1.3437e-08,0.048877,0.058087
-1.241e-08,0.04888,0.058082
-1.1377e-08,0.048885,0.058077
-1.0342e-08,0.048893,0.058072
-9.3078e-09,0.048902,0.058067
-8.2794e-09,0.048912,0.058063
-7.2602e-09,0.048925,0.058058
-6.2535e-09,0.048939,0.058053
-5.2625e-09,0.048955,0.058049
-4.2903e-09,0.048973,0.058046
-3.3399e-09,0.048992,0.058042
-2.4137e-09,0.049013,0.05804
-1.5145e-09,0.049035,0.058038
-6.4439e-10,0.049059,0.058037
1.9441e-10,0.049083,0.058037
1e-09,0.04911,0.058037
1.7706e-09,0.049137,0.058039
2.5047e-09,0.049166,0.058042
3.2008e-09,0.049195,0.058046
3.8578e-09,0.049226,0.058051
4.4745e-09,0.049257,0.058058
5.0501e-09,0.049289,0.058066
5.5839e-09,0.049322,0.058075
6.0753e-09,0.049355,0.058086
6.5239e-09,0.049389,0.058098
6.9293e-09,0.049422,0.058113
7.2914e-09,0.049457,0.058128
7.6103e-09,0.049491,0.058146
7.8861e-09,0.049525,0.058165
8.1189e-09,0.04956,0.058185
8.3092e-09,0.049594,0.058208
8.4575e-09,0.049628,0.058232
8.5642e-09,0.049662,0.058258
8.6301e-09,0.049696,0.058285
8.656e-09,0.049729,0.058315
8.6427e-09,0.049761,0.058345
8.5911e-09,0.049793,0.058378
8.5024e-09,0.049825,0.058412
8.3775e-09,0.049856,0.058448
8.2176e-09,0.049886,0.058485
8.0241e-09,0.049915,0.058524
7.7981e-09,0.049944,0.058564
7.541e-09,0.049972,0.058605
7.2542e-09,0.049999,0.058648
6.9393e-09,0.050025,0.058692
6.5975e-09,0.050051,0.058737
6.2306e-09,0.050075,0.058784
5.84e-09,0.050099,0.058831
5.4275e-09,0.050122,0.058879
4.9945e-09,0.050144,0.058928
4.5428e-09,0.050165,0.058978
4.0741e-09,0.050186,0.059029
3.5901e-09,0.050205,0.05908
3.0925e-09,0.050224,0.059131
2.5832e-09,0.050242,0.059183
2.0638e-09,0.05026,0.059235
1.5362e-09,0.050276,0.059288
1.0022e-09,0.050292,0.05934
4.6354e-10,0.050308,0.059393
-7.784e-11,0.050322,0.059446
-6.2014e-10,0.050336,0.059498
-1.1615e-09,0.05035,0.05955
-1.7001e-09,0.050362,0.059602
-2.2341e-09,0.050375,0.059653
-2.7616e-09,0.050387,0.059704
-3.2808e-09,0.050398,0.059754
-3.7898e-09,0.050409,0.059803
-4.2868e-09,0.050419,0.059852
-4.7699e-09,0.050429,0.059899
-5.2374e-09,0.050439,0.059946
-5.6874e-09,0.050448,0.059992
-6.1181e-09,0.050456,0.060036
-6.5277e-09,0.050465,0.06008
-6.9145e-09,0.050472,0.060122
-7.2768e-09,0.05048,0.060163
-7.6128e-09,0.050487,0.060202
-7.921e-09,0.050493,0.060241
-8.1996e-09,0.0505,0.060277
-8.4471e-09,0.050505,0.060313
-8.6619e-09,0.050511,0.060347
-8.8426e-09,0.050515,0.060379
-8.9877e-09,0.05052,0.060409
-9.0959e-09,0.050523,0.060439
-9.1658e-09,0.050526,0.060466
-9.1962e-09,0.050529,0.060492
-9.186e-09,0.050531,0.060516
-9.1341e-09,0.050532,0.060539
-9.0394e-09,0.050532,0.060559
-8.9012e-09,0.050532,0.060579
-8.7186e-09,0.05053,0.060596
-8.4909e-09,0.050528,0.060612
-8.2176e-09,0.050525,0.060626
-7.8983e-09,0.05052,0.060639
-7.5327e-09,0.050515,0.06065
-7.1205e-09,0.050508,0.06066
-6.6617e-09,0.050501,0.060668
-6.1566e-09,0.050491,0.060674
-5.6053e-09,0.050481,0.060679
-5.0082e-09,0.050469,0.060683
-4.3661e-09,0.050455,0.060685
-3.6796e-09,0.05044,0.060685
-2.9497e-09,0.050423,0.060685
-2.1777e-09,0.050404,0.060683
-1.3647e-09,0.050384,0.06068
-5.1236e-10,0.050361,0.060676
3.7762e-10,0.050337,0.06067
1.3033e-09,0.050311,0.060664
2.2626e-09,0.050282,0.060656
3.253e-09,0.050252,0.060647
4.2722e-09,0.050219,0.060638
5.3173e-09,0.050185,0.060628
6.3853e-09,0.050148,0.060617
7.473e-09,0.050109,0.060605
8.5772e-09,0.050067,0.060592
9.694e-09,0.050024,0.060579
1.082e-08,0.049978,0.060565
1.1951e-08,0.04993,0.060551
1.3082e-08,0.04988,0.060537
1.421e-08,0.049827,0.060522
1.5329e-08,0.049773,0.060506
1.6436e-08,0.049716,0.060491
1.7525e-08,0.049657,0.060475
1.859e-08,0.049596,0.060459
1.9628e-08,0.049534,0.060444
2.0632e-08,0.049469,0.060428
2.1596e-08,0.049403,0.060412
2.2516e-08,0.049335,0.060396
2.3386e-08,0.049265,0.060381
2.42e-08,0.049193,0.060366
2.4952e-08,0.049121,0.060351
2.5637e-08,0.049047,0.060337
2.6248e-08,0.048972,0.060322
2.6779e-08,0.048895,0.060309
2.7226e-08,0.048818,0.060296
2.7582e-08,0.04874,0.060283
2.7842e-08,0.048661,0.060271
2.7999e-08,0.048582,0.06026
2.8049e-08,0.048503,0.060249
2.7987e-08,0.048423,0.060238
2.7807e-08,0.048343,0.060229
2.7505e-08,0.048263,0.06022
2.7075e-08,0.048184,0.060212
2.6514e-08,0.048104,0.060204
2.5818e-08,0.048026,0.060198
2.4983e-08,0.047947,0.060192
2.4006e-08,0.04787,0.060186
2.2884e-08,0.047794,0.060182
2.1615e-08,0.047718,0.060178
2.0196e-08,0.047644,0.060174
1.8626e-08,0.047571,0.060172
1.6904e-08,0.0475,0.06017
1.503e-08,0.04743,0.060168
1.3005e-08,0.047362,0.060167
1.0828e-08,0.047296,0.060167
8.5012e-09,0.047231,0.060167
6.0272e-09,0.047169,0.060168
3.4086e-09,0.047109,0.060169
6.4883e-10,0.047051,0.06017
-2.2478e-09,0.046995,0.060172
-5.2762e-09,0.046942,0.060174
-8.4306e-09,0.046892,0.060176
-1.1704e-08,0.046844,0.060178
-1.509e-08,0.046798,0.06018
-1.858e-08,0.046756,0.060183
-2.2164e-08,0.046716,0.060185
-2.5834e-08,0.046678,0.060187
-2.9577e-08,0.046644,0.060189
-3.3384e-08,0.046613,0.060191
-3.7241e-08,0.046584,0.060192
-4.1135e-08,0.046559,0.060193
-4.5053e-08,0.046536,0.060194
-4.898e-08,0.046517,0.060193
-5.2901e-08,0.0465,0.060193
-5.6799e-08,0.046486,0.060191
-6.0657e-08,0.046476,0.060189
-6.4459e-08,0.046468,0.060186
-6.8185e-08,0.046463,0.060182
-7.1818e-08,0.046462,0.060178
-7.5338e-08,0.046463,0.060172
-7.8725e-08,0.046467,0.060165
-8.1959e-08,0.046474,0.060157
-8.502e-08,0.046484,0.060147
-8.7886e-08,0.046497,0.060137
-9.0537e-08,0.046512,0.060125
-9.2952e-08,0.04653,0.060112
-9.5108e-08,0.046551,0.060097
-9.6986e-08,0.046574,0.060081
-9.8562e-08,0.0466,0.060064
-9.9817e-08,0.046629,0.060045
-1.0073e-07,0.04666,0.060025
-1.0128e-07,0.046693,0.060002
-1.0145e-07,0.046729,0.059979
-1.0121e-07,0.046767,0.059954
-1.0055e-07,0.046807,0.059927
-9.9455e-08,0.046849,0.059899
-9.7902e-08,0.046893,0.059869
-9.5876e-08,0.046939,0.059837
-9.3363e-08,0.046987,0.059804
-9.0348e-08,0.047037,0.059769
-8.682e-08,0.047089,0.059733
-8.2766e-08,0.047142,0.059695
-7.8178e-08,0.047197,0.059656
-7.3049e-08,0.047253,0.059615
-6.7371e-08,0.047311,0.059573
-6.1142e-08,0.047369,0.059529
-5.4359e-08,0.04743,0.059484
-4.7022e-08,0.047491,0.059438
-3.9134e-08,0.047553,0.059391
-3.07e-08,0.047616,0.059343
-2.1727e-08,0.04768,0.059293
-1.2224e-08,0.047745,0.059243
-2.2045e-09,0.04781,0.059192
8.3171e-09,0.047876,0.05914
1.9323e-08,0.047942,0.059088
3.0792e-08,0.048009,0.059035
4.2701e-08,0.048076,0.058981
5.5023e-08,0.048143,0.058927
6.7729e-08,0.04821,0.058874
8.0786e-08,0.048276,0.05882
9.4159e-08,0.048343,0.058766
1.0781e-07,0.048409,0.058712
1.217e-07,0.048476,0.058659
1.3577e-07,0.048541,0.058606
1.5e-07,0.048606,0.058554
1.6431e-07,0.04867,0.058503
1.7866e-07,0.048734,0.058453
1.93e-07,0.048797,0.058404
2.0727e-07,0.048859,0.058355
2.2139e-07,0.04892,0.058309
2.3532e-07,0.048979,0.058264
2.4898e-07,0.049038,0.05822
2.6231e-07,0.049095,0.058178
2.7524e-07,0.049151,0.058138
2.8768e-07,0.049206,0.058101
2.9958e-07,0.049259,0.058065
3.1085e-07,0.049311,0.058032
3.2141e-07,0.049361,0.058001
3.312e-07,0.04941,0.057972
3.4013e-07,0.049457,0.057947
3.4812e-07,0.049503,0.057924
3.551e-07,0.049546,0.057903
3.6099e-07,0.049588,0.057886
3.6571e-07,0.049628,0.057872
3.6918e-07,0.049667,0.057861
3.7133e-07,0.049703,0.057853
3.7208e-07,0.049738,0.057848
3.7137e-07,0.049771,0.057846
3.6911e-07,0.049803,0.057848
3.6526e-07,0.049832,0.057852
3.5974e-07,0.04986,0.057861
3.5249e-07,0.049885,0.057872
3.4346e-07,0.04991,0.057887
3.3259e-07,0.049932,0.057905
3.1985e-07,0.049953,0.057927
3.0518e-07,0.049972,0.057951
2.8856e-07,0.049989,0.057979
2.6995e-07,0.050005,0.05801
2.4933e-07,0.050019,0.058044
2.2669e-07,0.050032,0.058082
2.0202e-07,0.050044,0.058122
1.7532e-07,0.050054,0.058165
1.4659e-07,0.050063,0.058211
1.1585e-07,0.05007,0.058259
8.3135e-08,0.050076,0.05831
4.8469e-08,0.050082,0.058364
1.1898e-08,0.050086,0.058419
-2.6522e-08,0.050089,0.058477
-6.6727e-08,0.050091,0.058537
-1.0864e-07,0.050092,0.058599
-1.5219e-07,0.050092,0.058663
-1.9726e-07,0.050092,0.058728
-2.4375e-07,0.05009,0.058794
-2.9156e-07,0.050089,0.058862
-3.4053e-07,0.050086,0.058931
-3.9055e-07,0.050083,0.059
-4.4145e-07,0.050079,0.05907
-4.9307e-07,0.050075,0.059141
-5.4525e-07,0.05007,0.059212
-5.9779e-07,0.050064,0.059283
-6.505e-07,0.050059,0.059354
-7.0319e-07,0.050053,0.059425
-7.5562e-07,0.050046,0.059496
-8.0759e-07,0.050039,0.059566
-8.5886e-07,0.050032,0.059635
-9.0918e-07,0.050024,0.059703
-9.5831e-07,0.050016,0.05977
-1.006e-06,0.050008,0.059836
-1.052e-06,0.05,0.0599
-1.0959e-06,0.049991,0.059963
-1.1377e-06,0.049982,0.060024
-1.1768e-06,0.049972,0.060083
-1.2132e-06,0.049963,0.060141
-1.2465e-06,0.049953,0.060196
-1.2763e-06,0.049943,0.060249
-1.3025e-06,0.049933,0.060299
-1.3247e-06,0.049922,0.060347
-1.3427e-06,0.049912,0.060393
-1.3561e-06,0.049901,0.060436
-1.3647e-06,0.04989,0.060476
-1.3683e-06,0.049879,0.060514
-1.3665e-06,0.049868,0.060549
-1.3591e-06,0.049857,0.060581
-1.3458e-06,0.049846,0.06061
-1.3265e-06,0.049834,0.060637
-1.3009e-06,0.049823,0.06066
-1.2688e-06,0.049812,0.060681
-1.23e-06,0.0498,0.060699
-1.1843e-06,0.049789,0.060714
-1.1317e-06,0.049778,0.060726
-1.0719e-06,0.049767,0.060735
-1.0048e-06,0.049756,0.060742
-9.3039e-07,0.049745,0.060746
-8.486e-07,0.049735,0.060748
-7.5938e-07,0.049725,0.060747
-6.6273e-07,0.049715,0.060743
-5.5868e-07,0.049705,0.060737
-4.473e-07,0.049696,0.060729
-3.2866e-07,0.049687,0.060719
-2.0289e-07,0.049678,0.060707
-7.0162e-08,0.04967,0.060693
6.9336e-08,0.049662,0.060677
2.1537e-07,0.049654,0.060659
3.6767e-07,0.049647,0.060639
5.2592e-07,0.04964,0.060619
6.8977e-07,0.049633,0.060596
8.5883e-07,0.049627,0.060573
1.0327e-06,0.049621,0.060549
1.2108e-06,0.049615,0.060523
1.3928e-06,0.049609,0.060497
1.578e-06,0.049604,0.06047
1.7659e-06,0.049599,0.060443
1.9557e-06,0.049594,0.060415
2.147e-06,0.049589,0.060387
2.3388e-06,0.049584,0.060358
2.5306e-06,0.049579,0.06033
2.7215e-06,0.049574,0.060302
2.9106e-06,0.049568,0.060274
3.0972e-06,0.049563,0.060247
3.2803e-06,0.049556,0.06022
3.459e-06,0.04955,0.060193
3.6324e-06,0.049542,0.060168
3.7996e-06,0.049534,0.060143
3.9594e-06,0.049525,0.06012
4.111e-06,0.049515,0.060098
4.2533e-06,0.049504,0.060077
4.3852e-06,0.049492,0.060057
4.5057e-06,0.049478,0.060039
4.6138e-06,0.049463,0.060023
4.7083e-06,0.049447,0.060008
4.7883e-06,0.049429,0.059996
4.8527e-06,0.049409,0.059985
4.9004e-06,0.049387,0.059977
4.9305e-06,0.049363,0.05997
4.9419e-06,0.049337,0.059967
4.9337e-06,0.049309,0.059965
4.9049e-06,0.049278,0.059966
4.8547e-06,0.049246,0.05997
4.7822e-06,0.04921,0.059977
4.6865e-06,0.049173,0.059986
4.5669e-06,0.049133,0.059998
4.4228e-06,0.04909,0.060014
4.2535e-06,0.049045,0.060032
4.0584e-06,0.048998,0.060053
3.837e-06,0.048948,0.060078
3.589e-06,0.048895,0.060105
3.3141e-06,0.04884,0.060136
3.0121e-06,0.048782,0.06017
2.6827e-06,0.048723,0.060208
2.3261e-06,0.04866,0.060248
1.9424e-06,0.048596,0.060292
1.5317e-06,0.04853,0.060339
1.0944e-06,0.048461,0.06039
6.3103e-07,0.048391,0.060443
1.4214e-07,0.048319,0.0605
-3.7151e-07,0.048245,0.06056
-9.0905e-07,0.04817,0.060623
-1.4694e-06,0.048094,0.060689
-2.0515e-06,0.048016,0.060757
-2.654e-06,0.047938,0.060829
-3.2753e-06,0.04786,0.060903
-3.9139e-06,0.04778,0.06098
-4.5681e-06,0.047701,0.061059
-5.2357e-06,0.047622,0.061141
-5.9149e-06,0.047543,0.061224
-6.6032e-06,0.047464,0.06131
-7.2984e-06,0.047386,0.061398
-7.9979e-06,0.04731,0.061487
-8.6989e-06,0.047234,0.061578
-9.3986e-06,0.04716,0.061671
-1.0094e-05,0.047088,0.061765
-1.0782e-05,0.047017,0.061859
-1.1459e-05,0.046949,0.061955
-1.2123e-05,0.046883,0.062051
-1.2768e-05,0.04682,0.062148
-1.3392e-05,0.04676,0.062245
-1.3992e-05,0.046702,0.062343
-1.4562e-05,0.046648,0.06244
-1.51e-05,0.046598,0.062537
-1.5601e-05,0.04655,0.062633
-1.6061e-05,0.046507,0.062729
-1.6476e-05,0.046468,0.062823
-1.6842e-05,0.046432,0.062917
-1.7154e-05,0.046401,0.063009
-1.7409e-05,0.046374,0.0631
-1.7602e-05,0.046351,0.06319
-1.7729e-05,0.046333,0.063277
-1.7786e-05,0.046319,0.063362
-1.7768e-05,0.046309,0.063445
-1.7673e-05,0.046304,0.063525
-1.7494e-05,0.046304,0.063603
-1.723e-05,0.046308,0.063678
-1.6876e-05,0.046316,0.063749
-1.6428e-05,0.046329,0.063818
-1.5883e-05,0.046346,0.063883
-1.5238e-05,0.046367,0.063944
-1.4489e-05,0.046392,0.064002
-1.3635e-05,0.046422,0.064056
-1.2671e-05,0.046455,0.064105
-1.1596e-05,0.046492,0.06415
-1.0408e-05,0.046533,0.064191
-9.105e-06,0.046577,0.064227
-7.6851e-06,0.046624,0.064259
-6.1474e-06,0.046674,0.064286
-4.4911e-06,0.046727,0.064308
-2.7157e-06,0.046783,0.064325
-8.2114e-07,0.046841,0.064337
1.1923e-06,0.046901,0.064343
3.3239e-06,0.046964,0.064345
5.5725e-06,0.047028,0.064341
7.9366e-06,0.047093,0.064332
1.0414e-05,0.04716,0.064318
1.3003e-05,0.047228,0.064298
1.5699e-05,0.047296,0.064273
1.8501e-05,0.047365,0.064243
2.1403e-05,0.047434,0.064207
2.4402e-05,0.047504,0.064167
2.7492e-05,0.047573,0.064121
3.067e-05,0.047641,0.06407
3.3928e-05,0.047709,0.064014
3.726e-05,0.047775,0.063954
4.0662e-05,0.047841,0.063888
4.4124e-05,0.047905,0.063819
4.7639e-05,0.047967,0.063745
5.1201e-05,0.048028,0.063667
5.48e-05,0.048086,0.063584
5.8428e-05,0.048143,0.063499
6.2076e-05,0.048196,0.063409
6.5735e-05,0.048247,0.063317
6.9395e-05,0.048295,0.063222
7.3046e-05,0.048341,0.063123
7.6678e-05,0.048383,0.063023
8.0282e-05,0.048422,0.062921
8.3846e-05,0.048457,0.062816
8.736e-05,0.048489,0.062711
9.0813e-05,0.048517,0.062604
9.4195e-05,0.048542,0.062497
9.7496e-05,0.048563,0.062389
0.0001007,0.04858,0.062282
0.00010381,0.048593,0.062175
0.0001068,0.048602,0.062069
0.00010967,0.048608,0.061964
0.00011241,0.048609,0.06186
0.000115,0.048606,0.061759
0.00011744,0.0486,0.06166
0.00011972,0.04859,0.061563
0.00012184,0.048576,0.06147
0.00012377,0.048558,0.061381
0.00012553,0.048536,0.061296
0.00012709,0.048511,0.061214
0.00012846,0.048482,0.061138
0.00012962,0.04845,0.061067
0.00013058,0.048415,0.061001
0.00013133,0.048376,0.06094
0.00013187,0.048335,0.060886
0.00013219,0.04829,0.060838
0.0001323,0.048243,0.060797
0.00013219,0.048194,0.060763
0.00013187,0.048141,0.060736
0.00013133,0.048087,0.060717
0.00013058,0.048031,0.060705
0.00012962,0.047972,0.060701
0.00012846,0.047912,0.060704
0.00012709,0.047851,0.060716
0.00012553,0.047788,0.060737
0.00012377,0.047724,0.060765
0.00012184,0.047659,0.060802
0.00011972,0.047594,0.060848
0.00011744,0.047527,0.060902
0.000115,0.047461,0.060964
0.00011241,0.047394,0.061035
0.00010967,0.047327,0.061114
0.0001068,0.047261,0.061202
0.00010381,0.047195,0.061297
0.0001007,0.047129,0.061401
9.7496e-05,0.047064,0.061512
9.4195e-05,0.047,0.061631
9.0813e-05,0.046937,0.061758
8.736e-05,0.046876,0.061892
8.3846e-05,0.046816,0.062032
8.0282e-05,0.046757,0.062179
7.6678e-05,0.0467,0.062333
7.3046e-05,0.046645,0.062493
6.9395e-05,0.046592,0.062658
6.5735e-05,0.046541,0.062829
6.2076e-05,0.046492,0.063004
5.8428e-05,0.046446,0.063184
5.48e-05,0.046402,0.063369
5.1201e-05,0.046361,0.063556
4.7639e-05,0.046323,0.063747
4.4124e-05,0.046287,0.063941
4.0662e-05,0.046255,0.064137
3.726e-05,0.046226,0.064335
3.3928e-05,0.0462,0.064535
3.067e-05,0.046177,0.064735
2.7492e-05,0.046158,0.064935
2.4402e-05,0.046142,0.065136
2.1403e-05,0.04613,0.065335
1.8501e-05,0.046121,0.065534
1.5699e-05,0.046116,0.06573
1.3003e-05,0.046115,0.065925
1.0414e-05,0.046117,0.066116
7.9366e-06,0.046124,0.066304
5.5725e-06,0.046134,0.066489
3.3239e-06,0.046148,0.066669
1.1923e-06,0.046166,0.066844
-8.2114e-07,0.046187,0.067014
-2.7157e-06,0.046213,0.067178
-4.4911e-06,0.046243,0.067336
-6.1474e-06,0.046276,0.067487
-7.6851e-06,0.046313,0.06763
-9.105e-06,0.046354,0.067766
-1.0408e-05,0.046398,0.067894
-1.1596e-05,0.046446,0.068014
-1.2671e-05,0.046498,0.068125
-1.3635e-05,0.046553,0.068226
-1.4489e-05,0.046612,0.068318
-1.5238e-05,0.046674,0.068401
-1.5883e-05,0.046739,0.068473
-1.6428e-05,0.046807,0.068534
-1.6876e-05,0.046878,0.068585
-1.723e-05,0.046952,0.068626
-1.7494e-05,0.047029,0.068655
-1.7673e-05,0.047109,0.068673
-1.7768e-05,0.047191,0.068679
-1.7786e-05,0.047276,0.068675
-1.7729e-05,0.047363,0.068659
-1.7602e-05,0.047452,0.068631
-1.7409e-05,0.047544,0.068592
-1.7154e-05,0.047637,0.068542
-1.6842e-05,0.047733,0.06848
-1.6476e-05,0.04783,0.068407
-1.6061e-05,0.047929,0.068322
-1.5601e-05,0.048029,0.068227
-1.51e-05,0.048131,0.068121
-1.4562e-05,0.048234,0.068004
-1.3992e-05,0.048339,0.067877
-1.3392e-05,0.048444,0.06774
-1.2768e-05,0.048551,0.067593
-1.2123e-05,0.048658,0.067436
-1.1459e-05,0.048767,0.06727
-1.0782e-05,0.048875,0.067095
-1.0094e-05,0.048985,0.066912
-9.3986e-06,0.049095,0.06672
-8.6989e-06,0.049205,0.066521
-7.9979e-06,0.049315,0.066314
-7.2984e-06,0.049426,0.066101
-6.6032e-06,0.049536,0.065881
-5.9149e-06,0.049647,0.065655
-5.2357e-06,0.049757,0.065424
-4.5681e-06,0.049867,0.065188
-3.9139e-06,0.049977,0.064947
-3.2753e-06,0.050085,0.064702
-2.654e-06,0.050194,0.064453
-2.0515e-06,0.050301,0.064201
-1.4694e-06,0.050408,0.063947
-9.0905e-07,0.050514,0.063691
-3.7151e-07,0.050618,0.063433
1.4214e-07,0.050722,0.063174
6.3103e-07,0.050824,0.062914
1.0944e-06,0.050924,0.062654
1.5317e-06,0.051023,0.062394
1.9424e-06,0.051121,0.062134
2.3261e-06,0.051217,0.061876
2.6827e-06,0.05131,0.06162
3.0121e-06,0.051402,0.061365
3.3141e-06,0.051492,0.061113
3.589e-06,0.05158,0.060863
3.837e-06,0.051666,0.060617
4.0584e-06,0.051749,0.060373
4.2535e-06,0.05183,0.060134
4.4228e-06,0.051908,0.059899
4.5669e-06,0.051984,0.059668
4.6865e-06,0.052057,0.059442
4.7822e-06,0.052127,0.05922
4.8547e-06,0.052195,0.059004
4.9049e-06,0.05226,0.058793
4.9337e-06,0.052322,0.058587
4.9419e-06,0.05238,0.058388
4.9305e-06,0.052436,0.058194
4.9004e-06,0.052489,0.058006
4.8527e-06,0.052539,0.057824
4.7883e-06,0.052586,0.057649
4.7083e-06,0.052629,0.05748
4.6138e-06,0.05267,0.057317
4.5057e-06,0.052707,0.057161
4.3852e-06,0.052741,0.057011
4.2533e-06,0.052772,0.056868
4.111e-06,0.0528,0.056732
3.9594e-06,0.052825,0.056602
3.7996e-06,0.052846,0.056479
3.6324e-06,0.052864,0.056362
3.459e-06,0.052879,0.056252
3.2803e-06,0.052891,0.056149
3.0972e-06,0.0529,0.056052
2.9106e-06,0.052906,0.055962
2.7215e-06,0.052909,0.055878
2.5306e-06,0.052909,0.0558
2.3388e-06,0.052906,0.055729
2.147e-06,0.0529,0.055664
1.9558e-06,0.052891,0.055605
1.7659e-06,0.052879,0.055553
1.578e-06,0.052864,0.055506
1.3928e-06,0.052847,0.055466
1.2108e-06,0.052827,0.055431
1.0327e-06,0.052804,0.055402
8.5884e-07,0.052778,0.055379
6.8977e-07,0.05275,0.055362
5.2592e-07,0.052719,0.05535
3.6767e-07,0.052685,0.055344
2.1538e-07,0.052649,0.055344
6.9343e-08,0.052611,0.055348
-7.0154e-08,0.052569,0.055359
-2.0288e-07,0.052526,0.055374
-3.2865e-07,0.05248,0.055395
-4.4729e-07,0.052431,0.055421
-5.5868e-07,0.05238,0.055451
-6.6272e-07,0.052327,0.055488
-7.5937e-07,0.052271,0.055529
-8.4859e-07,0.052213,0.055575
-9.3038e-07,0.052152,0.055625
-1.0048e-06,0.052089,0.055681
-1.0719e-06,0.052024,0.055742
-1.1317e-06,0.051956,0.055807
-1.1843e-06,0.051886,0.055877
-1.23e-06,0.051813,0.055952
-1.2688e-06,0.051739,0.056031
-1.3009e-06,0.051661,0.056115
-1.3265e-06,0.051582,0.056203
-1.3458e-06,0.0515,0.056296
-1.3591e-06,0.051416,0.056393
-1.3665e-06,0.051329,0.056495
-1.3683e-06,0.05124,0.056601
-1.3647e-06,0.051149,0.056711
-1.3561e-06,0.051056,0.056825
-1.3427e-06,0.05096,0.056944
-1.3247e-06,0.050862,0.057066
-1.3025e-06,0.050762,0.057192
-1.2763e-06,0.050659,0.057322
-1.2465e-06,0.050555,0.057456
-1.2132e-06,0.050448,0.057593
-1.1768e-06,0.050339,0.057734
-1.1377e-06,0.050229,0.057878
-1.0959e-06,0.050116,0.058026
-1.052e-06,0.050002,0.058177
-1.006e-06,0.049885,0.05833
-9.5831e-07,0.049768,0.058487
-9.0918e-07,0.049648,0.058646
-8.5886e-07,0.049527,0.058808
-8.076e-07,0.049404,0.058972
-7.5563e-07,0.049281,0.059138
-7.0319e-07,0.049156,0.059306
-6.5051e-07,0.04903,0.059476
-5.978e-07,0.048903,0.059648
-5.4526e-07,0.048775,0.059821
-4.9308e-07,0.048647,0.059995
-4.4146e-07,0.048519,0.06017
-3.9056e-07,0.04839,0.060346
-3.4055e-07,0.048261,0.060522
-2.9157e-07,0.048132,0.060699
-2.4377e-07,0.048003,0.060875
-1.9728e-07,0.047875,0.061051
-1.5221e-07,0.047748,0.061227
-1.0867e-07,0.047622,0.061402
-6.6753e-08,0.047497,0.061576
-2.6549e-08,0.047373,0.061748
1.187e-08,0.047251,0.061919
4.8439e-08,0.047131,0.062088
8.3105e-08,0.047012,0.062255
1.1582e-07,0.046897,0.06242
1.4656e-07,0.046783,0.062581
1.7528e-07,0.046673,0.06274
2.0199e-07,0.046565,0.062896
2.2666e-07,0.046461,0.063048
2.493e-07,0.046361,0.063196
2.6991e-07,0.046264,0.06334
2.8852e-07,0.046171,0.063479
3.0514e-07,0.046082,0.063614
3.1981e-07,0.045997,0.063745
3.3255e-07,0.045917,0.06387
3.4342e-07,0.045842,0.06399
3.5245e-07,0.045772,0.064104
3.597e-07,0.045707,0.064213
3.6522e-07,0.045647,0.064315
3.6908e-07,0.045593,0.064412
3.7133e-07,0.045544,0.064502
3.7205e-07,0.045501,0.064586
3.713e-07,0.045464,0.064664
3.6915e-07,0.045432,0.064734
3.6568e-07,0.045407,0.064798
3.6096e-07,0.045388,0.064855
3.5508e-07,0.045374,0.064905
3.481e-07,0.045367,0.064949
3.4011e-07,0.045366,0.064985
3.3118e-07,0.045371,0.065014
3.214e-07,0.045383,0.065036
3.1084e-07,0.0454,0.065051
2.9957e-07,0.045423,0.065059
2.8768e-07,0.045453,0.065061
2.7524e-07,0.045488,0.065055
2.6232e-07,0.045529,0.065043
2.4899e-07,0.045576,0.065025
2.3534e-07,0.045628,0.065
2.2141e-07,0.045686,0.064968
2.0729e-07,0.045749,0.064931
1.9303e-07,0.045817,0.064888
1.787e-07,0.04589,0.064839
1.6435e-07,0.045968,0.064784
1.5004e-07,0.04605,0.064725
1.3582e-07,0.046136,0.06466
1.2175e-07,0.046227,0.064591
1.0787e-07,0.046321,0.064517
9.4222e-08,0.046418,0.064439
8.0854e-08,0.046519,0.064358
6.7802e-08,0.046623,0.064272
5.5101e-08,0.046729,0.064184
4.2784e-08,0.046838,0.064093
3.088e-08,0.046949,0.063999
1.9416e-08,0.047062,0.063903
8.4154e-09,0.047176,0.063805
-2.1015e-09,0.047292,0.063705
-1.2117e-08,0.047409,0.063604
-2.1615e-08,0.047526,0.063502
-3.0584e-08,0.047644,0.0634
-3.9015e-08,0.047762,0.063297
-4.6899e-08,0.04788,0.063194
-5.4232e-08,0.047998,0.063091
-6.1013e-08,0.048115,0.062989
-6.724e-08,0.048231,0.062888
-7.2915e-08,0.048346,0.062787
-7.8043e-08,0.048459,0.062688
-8.263e-08,0.048571,0.062591
-8.6682e-08,0.048681,0.062495
-9.0211e-08,0.048789,0.062402
-9.3226e-08,0.048895,0.06231
-9.5741e-08,0.048999,0.062221
-9.7768e-08,0.0491,0.062135
-9.9323e-08,0.049198,0.062051
-1.0042e-07,0.049293,0.06197
-1.0108e-07,0.049385,0.061892
-1.0132e-07,0.049474,0.061817
-1.0116e-07,0.04956,0.061746
-1.0062e-07,0.049642,0.061677
-9.9713e-08,0.049721,0.061612
-9.8465e-08,0.049796,0.06155
-9.6896e-08,0.049867,0.061492
-9.5028e-08,0.049935,0.061437
-9.288e-08,0.049999,0.061386
-9.0476e-08,0.05006,0.061338
-8.7836e-08,0.050116,0.061293
-8.4981e-08,0.050169,0.061252
-8.1932e-08,0.050218,0.061214
-7.8711e-08,0.050263,0.061179
-7.5338e-08,0.050305,0.061148
-7.1832e-08,0.050343,0.061119
-6.8215e-08,0.050377,0.061094
-6.4504e-08,0.050408,0.061071
-6.0719e-08,0.050435,0.061051
-5.6877e-08,0.050459,0.061034
-5.2996e-08,0.050479,0.061019
-4.9093e-08,0.050497,0.061007
-4.5185e-08,0.050511,0.060997
-4.1285e-08,0.050523,0.060989
-3.741e-08,0.050531,0.060983
-3.3572e-08,0.050537,0.060979
-2.9784e-08,0.050541,0.060976
-2.606e-08,0.050542,0.060975
-2.241e-08,0.05054,0.060975
-1.8845e-08,0.050537,0.060976
-1.5375e-08,0.050532,0.060978
-1.2008e-08,0.050525,0.060981
-8.7532e-09,0.050516,0.060984
-5.6173e-09,0.050505,0.060988
-2.6068e-09,0.050494,0.060992
2.7244e-10,0.050481,0.060997
3.0155e-09,0.050467,0.061001
5.6182e-09,0.050452,0.061005
8.0771e-09,0.050436,0.061009
1.039e-08,0.05042,0.061012
1.2553e-08,0.050403,0.061015
1.4567e-08,0.050386,0.061017
1.6431e-08,0.050368,0.061018
1.8143e-08,0.050351,0.061018
1.9705e-08,0.050333,0.061017
2.1118e-08,0.050316,0.061015
2.2383e-08,0.050298,0.061011
2.3503e-08,0.050281,0.061007
2.448e-08,0.050265,0.061
2.5316e-08,0.050248,0.060993
2.6015e-08,0.050233,0.060984
2.6582e-08,0.050218,0.060973
2.7019e-08,0.050203,0.060961
2.7332e-08,0.050189,0.060948
2.7525e-08,0.050176,0.060933
2.7602e-08,0.050164,0.060916
2.757e-08,0.050153,0.060898
2.7433e-08,0.050142,0.060878
2.7196e-08,0.050132,0.060857
2.6866e-08,0.050123,0.060835
2.6448e-08,0.050115,0.060812
2.5948e-08,0.050108,0.060787
2.5371e-08,0.050101,0.060761
2.4723e-08,0.050095,0.060734
2.401e-08,0.05009,0.060706
2.3239e-08,0.050085,0.060678
2.2414e-08,0.050081,0.060649
2.1541e-08,0.050078,0.060619
2.0626e-08,0.050075,0.06059
1.9675e-08,0.050073,0.060559
1.8692e-08,0.05007,0.060529
1.7684e-08,0.050068,0.060499
1.6655e-08,0.050067,0.060469
1.561e-08,0.050065,0.06044
1.4553e-08,0.050063,0.060411
1.3491e-08,0.050062,0.060383
1.2426e-08,0.05006,0.060356
1.1363e-08,0.050058,0.06033
1.0306e-08,0.050056,0.060305
9.2596e-09,0.050053,0.060282
8.2262e-09,0.05005,0.06026
7.2096e-09,0.050046,0.06024
6.213e-09,0.050042,0.060222
5.2391e-09,0.050036,0.060206
4.2908e-09,0.050031,0.060192
3.3705e-09,0.050024,0.060181
2.4803e-09,0.050017,0.060172
1.6224e-09,0.050008,0.060165
7.9848e-10,0.049999,0.060161
1.0144e-11,0.049989,0.06016
-7.4123e-10,0.049977,0.060162
-1.4545e-09,0.049965,0.060168
-2.1287e-09,0.049951,0.060176
-2.763e-09,0.049937,0.060187
-3.3569e-09,0.049921,0.060202
-3.91e-09,0.049904,0.06022
-4.4221e-09,0.049886,0.060241
-4.8931e-09,0.049867,0.060265
-5.3232e-09,0.049847,0.060293
-5.7126e-09,0.049826,0.060324
-6.0616e-09,0.049804,0.060359
-6.371e-09,0.049782,0.060397
-6.6412e-09,0.049758,0.060438
-6.8732e-09,0.049733,0.060483
-7.0678e-09,0.049708,0.06053
-7.2261e-09,0.049682,0.060581
-7.3491e-09,0.049656,0.060635
-7.4379e-09,0.049629,0.060692
-7.494e-09,0.049601,0.060751
-7.5185e-09,0.049573,0.060813
-7.513e-09,0.049546,0.060878
-7.4787e-09,0.049517,0.060945
-7.4172e-09,0.049489,0.061014
-7.3301e-09,0.049461,0.061086
-7.2187e-09,0.049434,0.061159
-7.0848e-09,0.049406,0.061234
-6.9299e-09,0.049379,0.061311
-6.7555e-09,0.049353,0.061388
-6.5633e-09,0.049327,0.061467
-6.3548e-09,0.049302,0.061547
-6.1317e-09,0.049278,0.061628
-5.8953e-09,0.049255,0.061709
-5.6474e-09,0.049233,0.06179
-5.3893e-09,0.049212,0.061871
-5.1226e-09,0.049193,0.061952
-4.8486e-09,0.049175,0.062033
-4.5689e-09,0.049159,0.062113
-4.2846e-09,0.049145,0.062192
-3.9972e-09,0.049132,0.06227
-3.7079e-09,0.049122,0.062346
-3.4178e-09,0.049113,0.06242
-3.1283e-09,0.049107,0.062493
-2.8402e-09,0.049103,0.062564
-2.5547e-09,0.049101,0.062632
-2.2728e-09,0.049101,0.062698
-1.9954e-09,0.049104,0.06276
-1.7232e-09,0.04911,0.06282
-1.4573e-09,0.049118,0.062877
-1.1981e-09,0.049129,0.06293
-9.4658e-10,0.049142,0.062979
-7.0317e-10,0.049158,0.063025
-4.6847e-10,0.049177,0.063067
-2.4298e-10,0.049199,0.063104
-2.7134e-11,0.049223,0.063138
1.7869e-10,0.04925,0.063166
3.7416e-10,0.04928,0.063191
5.5903e-10,0.049313,0.06321
7.3307e-10,0.049348,0.063225
8.9611e-10,0.049386,0.063235
1.0481e-09,0.049427,0.063241
1.1888e-09,0.04947,0.063241
1.3185e-09,0.049516,0.063236
1.4369e-09,0.049564,0.063227
1.5443e-09,0.049615,0.063212
1.6406e-09,0.049668,0.063192
1.7262e-09,0.049723,0.063167
1.8011e-09,0.049781,0.063138
1.8655e-09,0.04984,0.063103
1.9197e-09,0.049901,0.063064
1.9641e-09,0.049964,0.06302
1.9987e-09,0.050029,0.062971
2.0241e-09,0.050095,0.062917
2.0405e-09,0.050162,0.06286
2.0482e-09,0.05023,0.062797
2.0478e-09,0.0503,0.062731
2.0394e-09,0.05037,0.062661
2.0237e-09,0.050441,0.062586
2.0008e-09,0.050512,0.062508
1.9714e-09,0.050583,0.062427
1.9358e-09,0.050655,0.062342
1.8944e-09,0.050726,0.062255
1.8476e-09,0.050798,0.062164
1.796e-09,0.050868,0.062071
1.7398e-09,0.050938,0.061975
1.6797e-09,0.051007,0.061877
1.6158e-09,0.051076,0.061777
1.5488e-09,0.051142,0.061676
1.479e-09,0.051208,0.061573
1.4068e-09,0.051271,0.06147
1.3325e-09,0.051333,0.061365
1.2567e-09,0.051393,0.06126
1.1795e-09,0.051451,0.061154
1.1015e-09,0.051507,0.061049
1.0229e-09,0.05156,0.060944
9.4404e-10,0.05161,0.06084
8.6527e-10,0.051658,0.060736
7.8688e-10,0.051702,0.060633
7.0915e-10,0.051744,0.060532
6.3235e-10,0.051782,0.060433
5.5672e-10,0.051817,0.060336
4.8251e-10,0.051849,0.060241
4.0993e-10,0.051878,0.060148
3.3918e-10,0.051902,0.060058
2.7045e-10,0.051923,0.059972
2.039e-10,0.051941,0.059888
1.3969e-10,0.051954,0.059808
7.7957e-11,0.051964,0.059732
1.8814e-11,0.05197,0.059659
-3.7632e-11,0.051973,0.059591
-9.1293e-11,0.051971,0.059527
-1.4209e-10,0.051966,0.059467
-1.8998e-10,0.051956,0.059412
-2.349e-10,0.051943,0.059362
-2.7683e-10,0.051927,0.059317
-3.1574e-10,0.051906,0.059276
-3.5164e-10,0.051882,0.059241
-3.8452e-10,0.051855,0.059211
-4.1441e-10,0.051824,0.059186
-4.4133e-10,0.05179,0.059167
-4.6533e-10,0.051752,0.059152
-4.8644e-10,0.051711,0.059143
-5.0473e-10,0.051668,0.05914
-5.2026e-10,0.051621,0.059141
-5.3311e-10,0.051572,0.059148
-5.4334e-10,0.051521,0.059161
-5.5106e-10,0.051467,0.059178
-5.5635e-10,0.05141,0.059201
-5.593e-10,0.051352,0.059228
-5.6002e-10,0.051292,0.05926
-5.5861e-10,0.051229,0.059298
-5.5518e-10,0.051166,0.059339
-5.4983e-10,0.051101,0.059385
-5.4269e-10,0.051035,0.059436
-5.3386e-10,0.050968,0.059491
-5.2346e-10,0.0509,0.059549
-5.116e-10,0.050831,0.059612
-4.984e-10,0.050762,0.059678
-4.8398e-10,0.050693,0.059747
-4.6844e-10,0.050623,0.05982
-4.519e-10,0.050554,0.059896
-4.3446e-10,0.050485,0.059974
-4.1625e-10,0.050416,0.060055
-3.9736e-10,0.050348,0.060138
-3.779e-10,0.05028,0.060224
-3.5797e-10,0.050214,0.060311
-3.3766e-10,0.050149,0.0604
-3.1707e-10,0.050085,0.06049
-2.9629e-10,0.050022,0.060582
-2.754e-10,0.049961,0.060674
-2.5449e-10,0.049901,0.060768
-2.3363e-10,0.049844,0.060862
-2.129e-10,0.049788,0.060956
-1.9237e-10,0.049734,0.06105
-1.7211e-10,0.049683,0.061145
-1.5216e-10,0.049634,0.061239
-1.326e-10,0.049587,0.061333
-1.1346e-10,0.049543,0.061426
-9.48e-11,0.049501,0.061518
-7.6661e-11,0.049462,0.06161
-5.9079e-11,0.049426,0.0617
-4.2088e-11,0.049392,0.06179
-2.5719e-11,0.049362,0.061877
-9.9966e-12,0.049334,0.061964
5.058e-12,0.04931,0.062048
1.9427e-11,0.049288,0.062131
3.3096e-11,0.04927,0.062212
4.6056e-11,0.049255,0.062291
5.83e-11,0.049242,0.062368
6.9823e-11,0.049233,0.062443
8.0627e-11,0.049228,0.062516
9.0712e-11,0.049225,0.062587
1.0009e-10,0.049226,0.062655
1.0875e-10,0.049229,0.062721
1.1673e-10,0.049236,0.062784
1.2402e-10,0.049246,0.062845
1.3065e-10,0.049258,0.062904
1.3662e-10,0.049274,0.06296
1.4196e-10,0.049293,0.063013
1.4669e-10,0.049314,0.063065
1.5082e-10,0.049338,0.063114
1.5438e-10,0.049365,0.06316
1.5739e-10,0.049394,0.063205
1.5988e-10,0.049426,0.063247
1.6186e-10,0.04946,0.063287
1.6336e-10,0.049496,0.063325
1.6441e-10,0.049534,0.06336
1.6502e-10,0.049574,0.063394
1.6523e-10,0.049616,0.063426
1.6506e-10,0.04966,0.063456
1.6452e-10,0.049705,0.063485
1.6364e-10,0.049751,0.063511
1.6245e-10,0.049798,0.063537
1.6096e-10,0.049847,0.063561
1.5919e-10,0.049896,0.063584
1.5717e-10,0.049945,0.063606
1.5492e-10,0.049995,0.063626
1.5244e-10,0.050046,0.063646
1.4975e-10,0.050096,0.063666
1.4688e-10,0.050146,0.063684
1.4383e-10,0.050196,0.063702
1.4061e-10,0.050246,0.06372
1.3724e-10,0.050294,0.063738
1.3372e-10,0.050342,0.063755
1.3007e-10,0.050389,0.063772
1.2629e-10,0.050435,0.06379
1.2238e-10,0.050479,0.063807
1.1836e-10,0.050522,0.063825
1.1421e-10,0.050563,0.063844
1.0996e-10,0.050602,0.063862
1.0558e-10,0.050639,0.063882
1.0109e-10,0.050674,0.063901
9.6488e-11,0.050707,0.063922
9.1764e-11,0.050737,0.063943
8.6918e-11,0.050764,0.063965
8.1945e-11,0.050789,0.063988
7.6842e-11,0.050811,0.064012
7.1603e-11,0.05083,0.064036
6.6223e-11,0.050846,0.064061
6.0695e-11,0.050859,0.064088
5.5014e-11,0.050869,0.064115
4.9173e-11,0.050876,0.064142
4.3167e-11,0.050879,0.064171
3.6989e-11,0.050879,0.064201
3.0633e-11,0.050875,0.064231
2.4095e-11,0.050868,0.064262
1.7369e-11,0.050858,0.064294
1.0451e-11,0.050844,0.064326
3.3386e-12,0.050827,0.064359
-3.9712e-12,0.050806,0.064392
-1.148e-11,0.050782,0.064425
-1.9187e-11,0.050754,0.064459
-2.7092e-11,0.050723,0.064493
-3.5191e-11,0.050689,0.064527
-4.3482e-11,0.050652,0.064561
-5.1958e-11,0.050612,0.064595
-6.0612e-11,0.050568,0.064629
-6.9435e-11,0.050522,0.064662
-7.8415e-11,0.050473,0.064695
-8.754e-11,0.050421,0.064727
-9.6794e-11,0.050367,0.064758
-1.0616e-10,0.05031,0.064788
-1.1562e-10,0.050251,0.064818
-1.2515e-10,0.05019,0.064846
-1.3473e-10,0.050127,0.064872
-1.4433e-10,0.050062,0.064898
-1.5393e-10,0.049995,0.064921
-1.6349e-10,0.049927,0.064943
-1.7298e-10,0.049858,0.064963
-1.8236e-10,0.049787,0.064981
-1.9161e-10,0.049715,0.064997
-2.0067e-10,0.049643,0.06501
-2.0952e-10,0.04957,0.065021
-2.181e-10,0.049497,0.06503
-2.2638e-10,0.049424,0.065036
-2.343e-10,0.04935,0.065039
-2.4182e-10,0.049277,0.065039
-2.4889e-10,0.049204,0.065037
-2.5546e-10,0.049132,0.065031
-2.6148e-10,0.049061,0.065023
-2.6689e-10,0.04899,0.065011
-2.7164e-10,0.048921,0.064997
-2.7568e-10,0.048852,0.064979
-2.7896e-10,0.048786,0.064958
-2.8141e-10,0.04872,0.064934
-2.83e-10,0.048657,0.064906
-2.8366e-10,0.048596,0.064876
-2.8333e-10,0.048536,0.064842
-2.8198e-10,0.048479,0.064805
-2.7955e-10,0.048424,0.064765
-2.7599e-10,0.048372,0.064721
-2.7126e-10,0.048322,0.064675
-2.6531e-10,0.048275,0.064626
-2.581e-10,0.04823,0.064574
-2.4958e-10,0.048189,0.064519
-2.3974e-10,0.04815,0.064462
-2.2853e-10,0.048115,0.064402
-2.1592e-10,0.048083,0.06434
-2.019e-10,0.048053,0.064276
-1.8643e-10,0.048027,0.064209
-1.6952e-10,0.048004,0.064141
-1.5115e-10,0.047985,0.06407
-1.3131e-10,0.047969,0.063998
-1.1001e-10,0.047956,0.063925
-8.7259e-11,0.047946,0.06385
-6.3068e-11,0.04794,0.063775
-3.7459e-11,0.047937,0.063698
-1.0462e-11,0.047937,0.063621
1.7888e-11,0.04794,0.063543
4.7549e-11,0.047947,0.063465
7.847e-11,0.047956,0.063387
1.1059e-10,0.047969,0.063309
1.4385e-10,0.047984,0.063231
1.7817e-10,0.048003,0.063154
2.1346e-10,0.048024,0.063077
2.4965e-10,0.048047,0.063001
2.8662e-10,0.048074,0.062927
3.2427e-10,0.048102,0.062854
3.6249e-10,0.048133,0.062782
4.0115e-10,0.048166,0.062712
4.4012e-10,0.048202,0.062644
4.7926e-10,0.048239,0.062577
5.1843e-10,0.048277,0.062513
5.5746e-10,0.048317,0.062452
5.9619e-10,0.048359,0.062393
6.3446e-10,0.048402,0.062336
6.7208e-10,0.048446,0.062282
7.0888e-10,0.04849,0.062232
7.4467e-10,0.048536,0.062184
7.7926e-10,0.048582,0.062139
8.1243e-10,0.048628,0.062098
8.44e-10,0.048675,0.06206
8.7375e-10,0.048721,0.062025
9.0147e-10,0.048767,0.061994
9.2696e-10,0.048813,0.061966
9.5e-10,0.048859,0.061942
9.7037e-10,0.048903,0.061921
9.8786e-10,0.048947,0.061903
1.0023e-09,0.04899,0.06189
1.0134e-09,0.049032,0.061879
1.0209e-09,0.049073,0.061873
1.0248e-09,0.049112,0.061869
1.0247e-09,0.04915,0.061869
1.0206e-09,0.049186,0.061872
1.0121e-09,0.04922,0.061879
9.9917e-10,0.049253,0.061889
9.8158e-10,0.049283,0.061901
9.5919e-10,0.049312,0.061917
9.3184e-10,0.049338,0.061936
8.994e-10,0.049363,0.061957
8.6175e-10,0.049385,0.061981
8.1878e-10,0.049406,0.062007
7.7041e-10,0.049424,0.062036
7.1656e-10,0.049439,0.062066
6.5718e-10,0.049453,0.062099
5.9224e-10,0.049465,0.062134
5.2171e-10,0.049474,0.06217
4.4562e-10,0.049481,0.062208
3.6399e-10,0.049486,0.062247
2.7687e-10,0.04949,0.062287
1.8436e-10,0.049491,0.062329
8.6547e-11,0.04949,0.062371
-1.6424e-11,0.049488,0.062414
-1.2439e-10,0.049484,0.062457
-2.3718e-10,0.049479,0.062501
-3.5455e-10,0.049472,0.062545
-4.7627e-10,0.049464,0.062589
-6.0206e-10,0.049455,0.062633
-7.3161e-10,0.049445,0.062677
-8.6459e-10,0.049434,0.062721
-1.0006e-09,0.049422,0.062764
-1.1393e-09,0.04941,0.062806
-1.2802e-09,0.049397,0.062847
-1.4229e-09,0.049384,0.062888
-1.5669e-09,0.049371,0.062928
-1.7116e-09,0.049358,0.062966
-1.8566e-09,0.049345,0.063003
-2.0011e-09,0.049333,0.063039
-2.1448e-09,0.049321,0.063074
-2.2868e-09,0.04931,0.063107
-2.4266e-09,0.0493,0.063139
-2.5634e-09,0.04929,0.063169
-2.6967e-09,0.049282,0.063197
-2.8256e-09,0.049275,0.063224
-2.9495e-09,0.04927,0.063249
-3.0675e-09,0.049266,0.063272
-3.179e-09,0.049264,0.063294
-3.2831e-09,0.049263,0.063313
-3.379e-09,0.049264,0.063332
-3.4661e-09,0.049267,0.063348
-3.5434e-09,0.049272,0.063363
-3.6102e-09,0.049279,0.063376
-3.6657e-09,0.049289,0.063388
-3.7091e-09,0.0493,0.063398
-3.7397e-09,0.049314,0.063407
-3.7567e-09,0.04933,0.063414
-3.7593e-09,0.049348,0.06342
-3.7469e-09,0.049368,0.063425
-3.7187e-09,0.049391,0.063429
-3.6741e-09,0.049415,0.063431
-3.6125e-09,0.049442,0.063433
-3.5332e-09,0.049471,0.063434
-3.4357e-09,0.049503,0.063435
-3.3196e-09,0.049536,0.063435
-3.1843e-09,0.049571,0.063434
-3.0295e-09,0.049608,0.063434
-2.8548e-09,0.049647,0.063433
-2.6599e-09,0.049688,0.063432
-2.4448e-09,0.049731,0.063431
-2.2091e-09,0.049775,0.063431
-1.9529e-09,0.04982,0.063431
-1.6763e-09,0.049867,0.063431
-1.3792e-09,0.049915,0.063432
-1.0619e-09,0.049964,0.063434
-7.2467e-10,0.050014,0.063437
-3.6794e-10,0.050064,0.063441
7.8567e-12,0.050115,0.063446
4.0212e-10,0.050167,0.063452
8.1417e-10,0.050219,0.063459
1.2432e-09,0.050271,0.063468
1.6884e-09,0.050323,0.063479
2.1486e-09,0.050374,0.063491
2.6228e-09,0.050426,0.063504
3.1098e-09,0.050477,0.06352
3.6081e-09,0.050527,0.063537
4.1165e-09,0.050576,0.063555
4.6332e-09,0.050624,0.063576
5.1566e-09,0.050671,0.063598
5.6849e-09,0.050716,0.063622
6.2163e-09,0.05076,0.063648
6.7487e-09,0.050802,0.063676
7.28e-09,0.050842,0.063705
7.808e-09,0.050879,0.063736
8.3305e-09,0.050915,0.063769
8.8451e-09,0.050948,0.063803
9.3492e-09,0.050979,0.063838
9.8403e-09,0.051007,0.063875
1.0316e-08,0.051032,0.063913
1.0773e-08,0.051054,0.063953
1.1209e-08,0.051074,0.063993
1.1622e-08,0.05109,0.064034
1.2007e-08,0.051102,0.064076
1.2363e-08,0.051112,0.064119
1.2687e-08,0.051118,0.064163
1.2975e-08,0.05112,0.064207
1.3225e-08,0.051119,0.064251
1.3434e-08,0.051114,0.064295
1.3599e-08,0.051106,0.064339
1.3717e-08,0.051094,0.064383
1.3785e-08,0.051078,0.064426
1.3801e-08,0.051058,0.064469
1.3762e-08,0.051035,0.064512
1.3665e-08,0.051008,0.064553
1.3508e-08,0.050977,0.064594
1.3289e-08,0.050943,0.064633
1.3006e-08,0.050905,0.064671
1.2655e-08,0.050863,0.064707
1.2237e-08,0.050818,0.064742
1.1748e-08,0.05077,0.064775
1.1188e-08,0.050719,0.064806
1.0555e-08,0.050664,0.064834
9.848e-09,0.050606,0.064861
9.0665e-09,0.050546,0.064885
8.2099e-09,0.050482,0.064907
7.2778e-09,0.050416,0.064926
6.2705e-09,0.050348,0.064943
5.1882e-09,0.050277,0.064957
4.0316e-09,0.050204,0.064968
2.8017e-09,0.050129,0.064976
1.5e-09,0.050053,0.064981
1.2813e-10,0.049974,0.064983
-1.3118e-09,0.049895,0.064982
-2.8174e-09,0.049814,0.064978
-4.3857e-09,0.049732,0.064971
-6.0134e-09,0.04965,0.064961
-7.6971e-09,0.049567,0.064948
-9.4324e-09,0.049483,0.064932
-1.1215e-08,0.0494,0.064913
-1.304e-08,0.049316,0.064891
-1.4903e-08,0.049233,0.064866
-1.6796e-08,0.04915,0.064839
-1.8715e-08,0.049068,0.064808
-2.0653e-08,0.048987,0.064775
-2.2603e-08,0.048907,0.06474
-2.4557e-08,0.048828,0.064702
-2.6508e-08,0.048751,0.064662
-2.8449e-08,0.048675,0.06462
-3.0369e-08,0.048602,0.064576
-3.2262e-08,0.04853,0.06453
-3.4117e-08,0.04846,0.064483
-3.5925e-08,0.048392,0.064434
-3.7678e-08,0.048327,0.064384
-3.9364e-08,0.048265,0.064332
-4.0974e-08,0.048205,0.06428
-4.2498e-08,0.048148,0.064227
-4.3924e-08,0.048094,0.064174
-4.5244e-08,0.048043,0.06412
-4.6445e-08,0.047995,0.064066
-4.7518e-08,0.047951,0.064013
-4.8452e-08,0.047909,0.063959
-4.9235e-08,0.047871,0.063906
-4.9858e-08,0.047837,0.063854
-5.031e-08,0.047805,0.063803
-5.0581e-08,0.047778,0.063753
-5.0661e-08,0.047753,0.063704
-5.0539e-08,0.047732,0.063657
-5.0208e-08,0.047715,0.063611
-4.9657e-08,0.047701,0.063567
-4.8878e-08,0.047691,0.063526
-4.7863e-08,0.047684,0.063486
-4.6604e-08,0.04768,0.063449
-4.5095e-08,0.04768,0.063414
-4.3329e-08,0.047684,0.063382
-4.1301e-08,0.04769,0.063353
-3.9007e-08,0.0477,0.063326
-3.6441e-08,0.047713,0.063303
-3.3602e-08,0.047729,0.063282
-3.0487e-08,0.047748,0.063265
-2.7095e-08,0.047769,0.063251
-2.3427e-08,0.047794,0.06324
-1.9484e-08,0.047821,0.063233
-1.5267e-08,0.047851,0.063229
-1.0781e-08,0.047883,0.063229
-6.0306e-09,0.047917,0.063232
-1.0217e-09,0.047954,0.063238
4.2379e-09,0.047992,0.063248
9.7395e-09,0.048033,0.063261
1.5473e-08,0.048075,0.063277
2.1426e-08,0.048119,0.063297
2.7585e-08,0.048164,0.06332
3.3936e-08,0.04821,0.063346
4.0463e-08,0.048258,0.063375
4.7148e-08,0.048306,0.063407
5.3971e-08,0.048356,0.063442
6.0912e-08,0.048406,0.063479
6.7948e-08,0.048456,0.063519
7.5056e-08,0.048507,0.063561
8.2211e-08,0.048558,0.063606
8.9386e-08,0.04861,0.063652
9.6552e-08,0.048661,0.0637
1.0368e-07,0.048712,0.06375
1.1074e-07,0.048763,0.063801
1.177e-07,0.048813,0.063853
1.2453e-07,0.048863,0.063905
1.3119e-07,0.048912,0.063959
1.3765e-07,0.04896,0.064013
1.4387e-07,0.049008,0.064066
1.4981e-07,0.049054,0.06412
1.5544e-07,0.0491,0.064173
1.6072e-07,0.049145,0.064225
1.6561e-07,0.049188,0.064276
1.7007e-07,0.04923,0.064326
1.7407e-07,0.049271,0.064374
1.7755e-07,0.04931,0.06442
1.8049e-07,0.049348,0.064464
1.8285e-07,0.049385,0.064505
1.8458e-07,0.04942,0.064543
1.8565e-07,0.049453,0.064579
1.8602e-07,0.049485,0.064611
1.8566e-07,0.049516,0.064639
1.8453e-07,0.049545,0.064664
1.8259e-07,0.049572,0.064684
1.7983e-07,0.049598,0.0647
1.762e-07,0.049623,0.064712
1.7168e-07,0.049645,0.064719
1.6624e-07,0.049667,0.064721
1.5986e-07,0.049686,0.064718
1.5252e-07,0.049704,0.06471
1.4421e-07,0.049721,0.064697
1.349e-07,0.049736,0.064678
1.2458e-07,0.04975,0.064654
1.1326e-07,0.049762,0.064624
1.0092e-07,0.049773,0.064589
8.7562e-08,0.049783,0.064548
7.3193e-08,0.049791,0.064501
5.782e-08,0.049798,0.064449
4.1456e-08,0.049803,0.064392
2.4119e-08,0.049807,0.064329
5.8293e-09,0.04981,0.064261
-1.3385e-08,0.049812,0.064188
-3.3491e-08,0.049812,0.064109
-5.4453e-08,0.049811,0.064026
-7.6227e-08,0.04981,0.063938
-9.8766e-08,0.049806,0.063845
-1.2202e-07,0.049802,0.063748
-1.4592e-07,0.049797,0.063647
-1.7041e-07,0.04979,0.063542
-1.9542e-07,0.049782,0.063434
-2.2087e-07,0.049774,0.063322
-2.4668e-07,0.049764,0.063208
-2.7277e-07,0.049753,0.063091
-2.9904e-07,0.049741,0.062971
-3.2539e-07,0.049727,0.06285
-3.5173e-07,0.049713,0.062727
-3.7795e-07,0.049698,0.062602
-4.0393e-07,0.049681,0.062477
-4.2956e-07,0.049664,0.062351
-4.5472e-07,0.049645,0.062225
-4.7928e-07,0.049626,0.062099
-5.0311e-07,0.049605,0.061974
-5.2609e-07,0.049583,0.06185
-5.4807e-07,0.049561,0.061727
-5.6892e-07,0.049537,0.061605
-5.8851e-07,0.049512,0.061486
-6.0668e-07,0.049486,0.061369
-6.233e-07,0.049459,0.061255
-6.3822e-07,0.04943,0.061144
-6.513e-07,0.049401,0.061036
-6.6239e-07,0.049371,0.060932
-6.7136e-07,0.049339,0.060832
-6.7807e-07,0.049307,0.060736
-6.8236e-07,0.049273,0.060645
-6.8412e-07,0.049239,0.060559
-6.832e-07,0.049203,0.060478
-6.7949e-07,0.049167,0.060402
-6.7285e-07,0.049129,0.060331
-6.6318e-07,0.049091,0.060266
-6.5035e-07,0.049051,0.060207
-6.3428e-07,0.049011,0.060154
-6.1486e-07,0.048969,0.060107
-5.9201e-07,0.048927,0.060067
-5.6566e-07,0.048885,0.060032
-5.3573e-07,0.048841,0.060004
-5.0218e-07,0.048797,0.059982
-4.6496e-07,0.048752,0.059967
-4.2404e-07,0.048707,0.059957
-3.7941e-07,0.048661,0.059955
-3.3107e-07,0.048614,0.059958
-2.7902e-07,0.048568,0.059968
-2.2331e-07,0.048521,0.059983
-1.6397e-07,0.048474,0.060005
-1.0107e-07,0.048427,0.060033
-3.4691e-08,0.04838,0.060066
3.5075e-08,0.048333,0.060105
1.0811e-07,0.048287,0.060149
1.8427e-07,0.048241,0.060199
2.6341e-07,0.048195,0.060253
3.4535e-07,0.048151,0.060312
4.2989e-07,0.048107,0.060376
5.1683e-07,0.048064,0.060443
6.0592e-07,0.048022,0.060515
6.969e-07,0.047982,0.060591
7.8951e-07,0.047943,0.060669
8.8344e-07,0.047905,0.060751
9.7839e-07,0.04787,0.060836
1.074e-06,0.047836,0.060924
1.1699e-06,0.047805,0.061013
1.2658e-06,0.047775,0.061105
1.3612e-06,0.047748,0.061198
1.4558e-06,0.047724,0.061292
1.5491e-06,0.047703,0.061388
1.6406e-06,0.047684,0.061484
1.73e-06,0.047669,0.06158
1.8167e-06,0.047656,0.061677
1.9002e-06,0.047647,0.061773
1.9801e-06,0.047642,0.061869
2.0559e-06,0.04764,0.061964
2.127e-06,0.047642,0.062058
2.1929e-06,0.047648,0.06215
2.2531e-06,0.047659,0.062241
2.3071e-06,0.047673,0.06233
2.3543e-06,0.047691,0.062416
2.3943e-06,0.047714,0.0625
2.4264e-06,0.047742,0.062582
2.4503e-06,0.047774,0.06266
2.4652e-06,0.04781,0.062736
2.4709e-06,0.047851,0.062808
2.4667e-06,0.047897,0.062876
2.4523e-06,0.047948,0.062941
2.4271e-06,0.048003,0.063002
2.3908e-06,0.048063,0.063059
2.3429e-06,0.048128,0.063111
2.283e-06,0.048197,0.063159
2.2109e-06,0.048271,0.063203
2.1262e-06,0.04835,0.063242
2.0285e-06,0.048434,0.063277
1.9178e-06,0.048521,0.063307
1.7937e-06,0.048614,0.063332
1.6562e-06,0.04871,0.063352
1.5051e-06,0.048811,0.063367
1.3404e-06,0.048915,0.063378
1.162e-06,0.049024,0.063383
9.7004e-07,0.049136,0.063384
7.6463e-07,0.049252,0.063379
5.4592e-07,0.049371,0.06337
3.1417e-07,0.049493,0.063356
6.9658e-08,0.049618,0.063338
-1.8723e-07,0.049745,0.063315
-4.5606e-07,0.049876,0.063287
-7.3631e-07,0.050008,0.063254
-1.0274e-06,0.050142,0.063218
-1.3287e-06,0.050278,0.063177
-1.6394e-06,0.050415,0.063133
-1.9587e-06,0.050553,0.063084
-2.2858e-06,0.050693,0.063032
-2.6197e-06,0.050832,0.062976
-2.9593e-06,0.050972,0.062917
-3.3035e-06,0.051112,0.062855
-3.6511e-06,0.051251,0.06279
-4.0008e-06,0.051389,0.062722
-4.3513e-06,0.051527,0.062652
-4.7012e-06,0.051663,0.062579
-5.0488e-06,0.051797,0.062505
-5.3928e-06,0.051929,0.062429
-5.7314e-06,0.052059,0.062351
-6.063e-06,0.052187,0.062273
-6.3857e-06,0.052311,0.062193
-6.6978e-06,0.052432,0.062113
-6.9974e-06,0.05255,0.062032
-7.2825e-06,0.052664,0.061952
-7.5513e-06,0.052774,0.061872
-7.8016e-06,0.05288,0.061792
-8.0315e-06,0.052981,0.061713
-8.2389e-06,0.053077,0.061635
-8.4216e-06,0.053168,0.061558
-8.5777e-06,0.053255,0.061483
-8.705e-06,0.053335,0.06141
-8.8013e-06,0.05341,0.061338
-8.8647e-06,0.05348,0.06127
-8.8929e-06,0.053543,0.061204
-8.884e-06,0.053601,0.06114
-8.8358e-06,0.053652,0.06108
-8.7466e-06,0.053697,0.061023
-8.6142e-06,0.053735,0.06097
-8.4368e-06,0.053767,0.06092
-8.2126e-06,0.053793,0.060874
-7.94e-06,0.053812,0.060832
-7.6172e-06,0.053825,0.060794
-7.2427e-06,0.053831,0.06076
-6.8151e-06,0.05383,0.060731
-6.333e-06,0.053823,0.060706
-5.7953e-06,0.05381,0.060686
-5.201e-06,0.05379,0.060671
-4.5491e-06,0.053764,0.06066
-3.8389e-06,0.053731,0.060653
-3.0698e-06,0.053693,0.060652
-2.2414e-06,0.053648,0.060655
-1.3534e-06,0.053598,0.060663
-4.059e-07,0.053542,0.060675
6.0107e-07,0.05348,0.060692
1.6671e-06,0.053413,0.060714
2.7916e-06,0.053341,0.06074
3.9739e-06,0.053263,0.06077
5.2129e-06,0.053181,0.060804
6.5073e-06,0.053095,0.060842
7.8558e-06,0.053004,0.060884
9.2566e-06,0.052909,0.06093
1.0708e-05,0.05281,0.060979
1.2207e-05,0.052708,0.061031
1.3753e-05,0.052602,0.061087
1.5342e-05,0.052493,0.061146
1.6971e-05,0.052381,0.061207
1.8637e-05,0.052267,0.06127
2.0338e-05,0.05215,0.061336
2.2069e-05,0.052031,0.061404
2.3827e-05,0.051911,0.061473
2.5607e-05,0.051789,0.061544
2.7407e-05,0.051665,0.061616
2.9221e-05,0.051541,0.061689
3.1044e-05,0.051416,0.061762
3.2874e-05,0.05129,0.061836
3.4703e-05,0.051164,0.061911
3.6529e-05,0.051038,0.061985
3.8344e-05,0.050912,0.062059
4.0146e-05,0.050787,0.062132
4.1927e-05,0.050663,0.062205
4.3684e-05,0.050539,0.062276
4.541e-05,0.050416,0.062347
4.7101e-05,0.050295,0.062416
4.875e-05,0.050175,0.062483
5.0354e-05,0.050057,0.062549
5.1906e-05,0.049941,0.062612
5.3401e-05,0.049826,0.062674
5.4835e-05,0.049714,0.062733
5.6202e-05,0.049604,0.06279
5.7498e-05,0.049497,0.062845
5.8718e-05,0.049392,0.062896
5.9858e-05,0.049289,0.062945
6.0914e-05,0.04919,0.062991
6.1881e-05,0.049093,0.063034
6.2757e-05,0.048999,0.063074
6.3538e-05,0.048908,0.063111
6.422e-05,0.04882,0.063145
6.4802e-05,0.048735,0.063175
6.5281e-05,0.048653,0.063202
6.5655e-05,0.048575,0.063226
6.5924e-05,0.048499,0.063247
6.6085e-05,0.048427,0.063265
6.6138e-05,0.048358,0.063279
6.6083e-05,0.048292,0.06329
6.592e-05,0.048229,0.063298
6.565e-05,0.048169,0.063303
6.5273e-05,0.048112,0.063304
6.4793e-05,0.048059,0.063303
6.4209e-05,0.048008,0.063299
6.3524e-05,0.04796,0.063292
6.2742e-05,0.047916,0.063282
6.1865e-05,0.047874,0.06327
6.0896e-05,0.047834,0.063255
5.9839e-05,0.047798,0.063238
5.8697e-05,0.047764,0.063218
5.7476e-05,0.047732,0.063196
5.6179e-05,0.047703,0.063172
5.481e-05,0.047677,0.063146
5.3376e-05,0.047652,0.063119
5.1879e-05,0.04763,0.06309
5.0327e-05,0.04761,0.063059
4.8722e-05,0.047592,0.063027
4.7072e-05,0.047576,0.062994
4.5381e-05,0.047561,0.062959
4.3655e-05,0.047548,0.062924
4.1898e-05,0.047537,0.062888
4.0117e-05,0.047528,0.062852
3.8316e-05,0.04752,0.062815
3.65e-05,0.047513,0.062778
3.4676e-05,0.047508,0.062741
3.2847e-05,0.047504,0.062703
3.1019e-05,0.047501,0.062666
2.9196e-05,0.047499,0.062629
2.7383e-05,0.047498,0.062593
2.5585e-05,0.047498,0.062557
2.3806e-05,0.047499,0.062522
2.205e-05,0.047501,0.062488
2.0321e-05,0.047504,0.062454
1.8623e-05,0.047507,0.062422
1.6958e-05,0.047511,0.06239
1.5332e-05,0.047516,0.06236
1.3746e-05,0.047522,0.062331
1.2203e-05,0.047528,0.062304
1.0706e-05,0.047535,0.062278
9.258e-06,0.047543,0.062253
7.8603e-06,0.047551,0.06223
6.5151e-06,0.04756,0.062208
5.224e-06,0.047569,0.062188
3.9885e-06,0.047579,0.06217
2.8098e-06,0.04759,0.062153
1.6889e-06,0.047601,0.062138
6.2658e-07,0.047612,0.062124
-3.7662e-07,0.047625,0.062112
-1.3204e-06,0.047638,0.062102
-2.2045e-06,0.047651,0.062093
-3.029e-06,0.047665,0.062086
-3.7943e-06,0.04768,0.06208
-4.5007e-06,0.047695,0.062076
-5.1488e-06,0.047711,0.062074
-5.7394e-06,0.047728,0.062072
-6.2733e-06,0.047745,0.062072
-6.7518e-06,0.047763,0.062073
-7.1759e-06,0.047782,0.062075
-7.5471e-06,0.047801,0.062079
-7.8666e-06,0.047821,0.062083
-8.1362e-06,0.047841,0.062088
-8.3575e-06,0.047863,0.062094
-8.5322e-06,0.047884,0.062101
-8.6622e-06,0.047907,0.062109
-8.7492e-06,0.04793,0.062117
-8.7954e-06,0.047953,0.062126
-8.8026e-06,0.047977,0.062135
-8.773e-06,0.048002,0.062144
-8.7087e-06,0.048027,0.062154
-8.6116e-06,0.048053,0.062165
-8.484e-06,0.048079,0.062175
-8.328e-06,0.048105,0.062186
-8.1456e-06,0.048132,0.062197
-7.9391e-06,0.048159,0.062208
-7.7104e-06,0.048187,0.062219
-7.4618e-06,0.048215,0.062231
-7.1952e-06,0.048243,0.062243
-6.9127e-06,0.048272,0.062255
-6.6163e-06,0.0483,0.062267
-6.3078e-06,0.048329,0.062279
-5.9891e-06,0.048358,0.062292
-5.6622e-06,0.048386,0.062306
-5.3287e-06,0.048415,0.06232
-4.9903e-06,0.048444,0.062335
-4.6488e-06,0.048473,0.062351
-4.3056e-06,0.048501,0.062367
-3.9623e-06,0.04853,0.062385
-3.6203e-06,0.048558,0.062404
-3.2808e-06,0.048586,0.062425
-2.9453e-06,0.048614,0.062447
-2.6149e-06,0.048641,0.062471
-2.2907e-06,0.048668,0.062498
-1.9737e-06,0.048695,0.062526
-1.6648e-06,0.048722,0.062558
-1.365e-06,0.048748,0.062592
-1.0751e-06,0.048775,0.062629
-7.9566e-07,0.0488,0.06267
-5.2742e-07,0.048826,0.062714
-2.7089e-07,0.048851,0.062762
-2.6569e-08,0.048876,0.062815
2.0515e-07,0.048901,0.062872
4.2394e-07,0.048925,0.062933
6.2953e-07,0.048949,0.063
8.2174e-07,0.048973,0.063073
1.0004e-06,0.048997,0.063151
1.1656e-06,0.049021,0.063235
1.3171e-06,0.049044,0.063325
1.4552e-06,0.049068,0.063422
1.5798e-06,0.049091,0.063526
1.6912e-06,0.049114,0.063636
1.7896e-06,0.049138,0.063755
1.8752e-06,0.049161,0.06388
1.9484e-06,0.049184,0.064014
2.0095e-06,0.049208,0.064156
2.0588e-06,0.049231,0.064305
2.0969e-06,0.049255,0.064464
2.1241e-06,0.049279,0.06463
2.1409e-06,0.049303,0.064806
2.1478e-06,0.049327,0.06499
2.1453e-06,0.049351,0.065183
2.1341e-06,0.049375,0.065385
2.1145e-06,0.049399,0.065596
2.0873e-06,0.049424,0.065816
2.053e-06,0.049448,0.066045
2.0121e-06,0.049473,0.066283
1.9653e-06,0.049498,0.066529
1.9131e-06,0.049522,0.066784
1.8561e-06,0.049546,0.067048
1.795e-06,0.049571,0.06732
1.7303e-06,0.049595,0.0676
1.6625e-06,0.049618,0.067889
1.5923e-06,0.049641,0.068184
1.5201e-06,0.049664,0.068487
1.4466e-06,0.049686,0.068797
1.3722e-06,0.049707,0.069113
1.2974e-06,0.049728,0.069436
1.2227e-06,0.049747,0.069764
1.1486e-06,0.049765,0.070097
1.0755e-06,0.049782,0.070435
1.0037e-06,0.049797,0.070777
9.3382e-07,0.049811,0.071122
8.6605e-07,0.049823,0.07147
8.0077e-07,0.049833,0.071821
7.3828e-07,0.049841,0.072173
6.7886e-07,0.049846,0.072526
6.2275e-07,0.049849,0.07288
5.7018e-07,0.049849,0.073232
5.2133e-07,0.049846,0.073584
4.7636e-07,0.049839,0.073933
4.354e-07,0.04983,0.07428
3.9854e-07,0.049816,0.074623
3.6585e-07,0.049799,0.074962
3.3737e-07,0.049778,0.075295
3.1311e-07,0.049752,0.075623
2.9305e-07,0.049722,0.075944
2.7713e-07,0.049687,0.076257
2.6528e-07,0.049648,0.076561
2.574e-07,0.049603,0.076857
2.5334e-07,0.049553,0.077142
2.5296e-07,0.049497,0.077417
2.5606e-07,0.049436,0.07768
2.6245e-07,0.049369,0.07793
2.7189e-07,0.049296,0.078168
2.8414e-07,0.049217,0.078392
2.9891e-07,0.049131,0.078602
3.1593e-07,0.04904,0.078796
3.3489e-07,0.048941,0.078975
3.5545e-07,0.048837,0.079138
3.7729e-07,0.048725,0.079284
4.0005e-07,0.048607,0.079413
4.2337e-07,0.048482,0.079524
4.4688e-07,0.048351,0.079617
4.702e-07,0.048213,0.079691
4.9294e-07,0.048068,0.079747
5.147e-07,0.047916,0.079783
5.3511e-07,0.047758,0.079801
5.5376e-07,0.047594,0.079799
5.7026e-07,0.047423,0.079777
5.8423e-07,0.047245,0.079736
5.9527e-07,0.047062,0.079675
6.0301e-07,0.046873,0.079595
6.0708e-07,0.046678,0.079495
6.0712e-07,0.046478,0.079375
6.028e-07,0.046272,0.079237
5.9377e-07,0.046061,0.07908
5.7973e-07,0.045846,0.078904
5.6038e-07,0.045626,0.07871
5.3544e-07,0.045403,0.078498
5.0467e-07,0.045175,0.078269
4.6784e-07,0.044944,0.078024
4.2474e-07,0.04471,0.077761
3.7521e-07,0.044474,0.077484
3.191e-07,0.044236,0.077191
2.5629e-07,0.043995,0.076884
1.8671e-07,0.043754,0.076563
1.1031e-07,0.043512,0.076229
2.7082e-08,0.043269,0.075883
-6.2951e-08,0.043027,0.075525
-1.5972e-07,0.042785,0.075157
-2.6313e-07,0.042544,0.074779
-3.7302e-07,0.042305,0.074393
-4.8922e-07,0.042069,0.073998
-6.1149e-07,0.041835,0.073596
-7.3957e-07,0.041604,0.073187
-8.7313e-07,0.041377,0.072773
-1.0118e-06,0.041155,0.072355
-1.1553e-06,0.040937,0.071933
-1.303e-06,0.040725,0.071507
-1.4545e-06,0.040519,0.07108
-1.6092e-06,0.04032,0.070652
-1.7667e-06,0.040127,0.070223
-1.9262e-06,0.039942,0.069795
-2.087e-06,0.039765,0.069367
-2.2486e-06,0.039597,0.068942
-2.4101e-06,0.039438,0.068519
-2.5708e-06,0.039288,0.0681
-2.7298e-06,0.039149,0.067684
-2.8863e-06,0.03902,0.067273
-3.0394e-06,0.038902,0.066867
-3.1882e-06,0.038796,0.066467
-3.3316e-06,0.038702,0.066073
-3.4688e-06,0.03862,0.065685
-3.5987e-06,0.038551,0.065304
-3.7203e-06,0.038495,0.064931
-3.8325e-06,0.038453,0.064565
-3.9344e-06,0.038425,0.064207
-4.0247e-06,0.038411,0.063858
-4.1025e-06,0.038412,0.063516
-4.1665e-06,0.038427,0.063183
-4.2159e-06,0.038458,0.062858
-4.2494e-06,0.038504,0.062541
-4.266e-06,0.038566,0.062233
-4.2645e-06,0.038644,0.061933
-4.2441e-06,0.038738,0.061642
-4.2035e-06,0.038848,0.061358
-4.1419e-06,0.038975,0.061082
-4.0582e-06,0.039118,0.060814
-3.9516e-06,0.039278,0.060553
-3.821e-06,0.039454,0.060299
-3.6657e-06,0.039647,0.060052
-3.4848e-06,0.039856,0.059811
-3.2776e-06,0.040082,0.059576
-3.0433e-06,0.040325,0.059346
-2.7815e-06,0.040583,0.059122
-2.4914e-06,0.040858,0.058902
-2.1727e-06,0.041149,0.058687
-1.8248e-06,0.041456,0.058475
-1.4476e-06,0.041778,0.058266
-1.0407e-06,0.042116,0.05806
-6.0398e-07,0.042468,0.057856
-1.3745e-07,0.042835,0.057654
3.5886e-07,0.043216,0.057453
8.8482e-07,0.043611,0.057254
1.4401e-06,0.044019,0.057054
2.0245e-06,0.04444,0.056854
2.6373e-06,0.044873,0.056654
3.2781e-06,0.045318,0.056453
3.9461e-06,0.045774,0.056251
4.6405e-06,0.046241,0.056047
5.3603e-06,0.046717,0.055841
6.1045e-06,0.047202,0.055632
6.8719e-06,0.047697,0.055421
7.6612e-06,0.048198,0.055207
8.471e-06,0.048707,0.05499
9.2997e-06,0.049222,0.054769
1.0146e-05,0.049743,0.054545
1.1007e-05,0.050268,0.054318
1.1883e-05,0.050797,0.054087
1.277e-05,0.051329,0.053852
1.3666e-05,0.051864,0.053613
1.457e-05,0.052399,0.053371
1.548e-05,0.052935,0.053125
1.6392e-05,0.053471,0.052876
1.7305e-05,0.054005,0.052623
1.8216e-05,0.054537,0.052367
1.9123e-05,0.055065,0.052108
2.0022e-05,0.05559,0.051846
2.0912e-05,0.05611,0.051581
2.179e-05,0.056624,0.051315
2.2653e-05,0.057131,0.051047
2.3498e-05,0.05763,0.050777
2.4323e-05,0.058121,0.050506
2.5125e-05,0.058603,0.050235
2.5902e-05,0.059074,0.049963
2.665e-05,0.059534,0.049692
2.7368e-05,0.059983,0.049421
2.8053e-05,0.060418,0.049152
2.8702e-05,0.060841,0.048885
2.9314e-05,0.061249,0.048621
2.9885e-05,0.061642,0.048359
3.0415e-05,0.062019,0.048101
3.0901e-05,0.06238,0.047847
3.134e-05,0.062724,0.047598
3.1733e-05,0.06305,0.047354
3.2076e-05,0.063358,0.047117
3.2369e-05,0.063647,0.046886
3.2611e-05,0.063916,0.046662
3.2801e-05,0.064166,0.046446
3.2937e-05,0.064396,0.046239
3.302e-05,0.064604,0.046041
3.3049e-05,0.064792,0.045852
3.3024e-05,0.064959,0.045673
3.2945e-05,0.065103,0.045505
3.2813e-05,0.065226,0.045348
3.2627e-05,0.065327,0.045203
3.2389e-05,0.065405,0.04507
3.2099e-05,0.065462,0.04495
3.1759e-05,0.065496,0.044842
3.137e-05,0.065507,0.044748
3.0934e-05,0.065497,0.044668
3.0452e-05,0.065464,0.044602
2.9925e-05,0.065409,0.044551
2.9356e-05,0.065333,0.044514
2.8747e-05,0.065236,0.044492
2.8101e-05,0.065117,0.044485
2.7418e-05,0.064978,0.044493
2.6702e-05,0.064818,0.044517
2.5956e-05,0.064639,0.044556
2.518e-05,0.064441,0.04461
2.438e-05,0.064224,0.04468
2.3556e-05,0.063989,0.044766
2.2711e-05,0.063737,0.044866
2.1849e-05,0.063469,0.044982
2.0971e-05,0.063185,0.045112
2.0081e-05,0.062886,0.045257
1.9181e-05,0.062574,0.045417
1.8273e-05,0.062248,0.045591
1.7361e-05,0.06191,0.045778
1.6446e-05,0.061561,0.045979
1.5532e-05,0.061202,0.046193
1.4621e-05,0.060834,0.04642
1.3714e-05,0.060458,0.046658
1.2814e-05,0.060074,0.046908
1.1924e-05,0.059685,0.047169
1.1045e-05,0.059291,0.047441
1.0179e-05,0.058892,0.047722
9.3292e-06,0.058491,0.048012
8.4959e-06,0.058089,0.048311
7.6812e-06,0.057685,0.048618
6.8867e-06,0.057282,0.048932
6.1138e-06,0.056881,0.049252
5.3637e-06,0.056482,0.049579
4.6379e-06,0.056086,0.04991
3.9371e-06,0.055694,0.050246
3.2626e-06,0.055308,0.050585
2.615e-06,0.054928,0.050927
1.9951e-06,0.054556,0.051271
1.4036e-06,0.054191,0.051617
8.4096e-07,0.053835,0.051963
3.0752e-07,0.053488,0.05231
-1.964e-07,0.053151,0.052656
-6.7062e-07,0.052826,0.053
-1.1151e-06,0.052511,0.053342
-1.5297e-06,0.052209,0.053682
-1.9147e-06,0.051919,0.054018
-2.2703e-06,0.051641,0.05435
-2.5967e-06,0.051378,0.054678
-2.8944e-06,0.051127,0.055
-3.1637e-06,0.050891,0.055317
-3.4052e-06,0.050668,0.055627
-3.6194e-06,0.05046,0.055931
-3.8071e-06,0.050266,0.056227
-3.969e-06,0.050086,0.056515
-4.1057e-06,0.049921,0.056796
-4.2182e-06,0.049769,0.057067
-4.3073e-06,0.049633,0.05733
-4.3739e-06,0.04951,0.057584
-4.4189e-06,0.049401,0.057828
-4.4433e-06,0.049306,0.058063
-4.4482e-06,0.049223,0.058287
-4.4344e-06,0.049154,0.058501
-4.403e-06,0.049098,0.058705
-4.3551e-06,0.049054,0.058898
-4.2917e-06,0.049022,0.05908
-4.2139e-06,0.049001,0.059252
-4.1228e-06,0.048991,0.059413
-4.0193e-06,0.048992,0.059563
-3.9045e-06,0.049002,0.059702
-3.7795e-06,0.049022,0.05983
-3.6453e-06,0.049051,0.059948
-3.5028e-06,0.049088,0.060055
-3.3531e-06,0.049132,0.060152
-3.1971e-06,0.049185,0.060238
-3.0358e-06,0.049243,0.060314
-2.87e-06,0.049308,0.060379
-2.7007e-06,0.049378,0.060435
-2.5287e-06,0.049454,0.060482
-2.3548e-06,0.049534,0.060518
-2.1798e-06,0.049617,0.060546
-2.0044e-06,0.049704,0.060565
-1.8294e-06,0.049794,0.060575
-1.6555e-06,0.049887,0.060576
-1.4832e-06,0.049981,0.06057
-1.3132e-06,0.050077,0.060556
-1.1461e-06,0.050174,0.060535
-9.8232e-07,0.050271,0.060506
-8.224e-07,0.050369,0.060471
-6.6678e-07,0.050467,0.06043
-5.1587e-07,0.050564,0.060382
-3.7004e-07,0.050661,0.060329
-2.2961e-07,0.050756,0.060271
-9.4879e-08,0.05085,0.060208
3.3892e-08,0.050942,0.06014
1.5648e-07,0.051033,0.060069
2.7271e-07,0.051121,0.059993
3.8242e-07,0.051208,0.059914
4.8548e-07,0.051291,0.059833
5.8183e-07,0.051373,0.059748
6.7138e-07,0.051452,0.059662
7.5413e-07,0.051528,0.059573
8.3005e-07,0.051601,0.059483
8.992e-07,0.051671,0.059392
9.616e-07,0.051739,0.0593
1.0173e-06,0.051804,0.059208
1.0665e-06,0.051866,0.059115
1.1092e-06,0.051925,0.059022
1.1457e-06,0.051981,0.05893
1.1759e-06,0.052034,0.058838
1.2002e-06,0.052085,0.058748
1.2187e-06,0.052133,0.058658
1.2316e-06,0.052178,0.05857
1.2391e-06,0.052221,0.058483
1.2415e-06,0.052261,0.058399
1.2389e-06,0.052299,0.058316
1.2316e-06,0.052335,0.058235
1.2199e-06,0.052368,0.058157
1.204e-06,0.0524,0.058082
1.1842e-06,0.052429,0.058009
1.1607e-06,0.052457,0.057939
1.1338e-06,0.052483,0.057871
1.1038e-06,0.052507,0.057807
1.0709e-06,0.05253,0.057745
1.0354e-06,0.052551,0.057687
9.9745e-07,0.052571,0.057632
9.5744e-07,0.05259,0.05758
9.1558e-07,0.052608,0.057531
8.721e-07,0.052624,0.057485
8.2726e-07,0.05264,0.057442
7.8128e-07,0.052654,0.057403
7.344e-07,0.052668,0.057366
6.8684e-07,0.052681,0.057333
6.388e-07,0.052693,0.057303
5.905e-07,0.052704,0.057276
5.4213e-07,0.052715,0.057251
4.9388e-07,0.052725,0.05723
4.4592e-07,0.052735,0.057211
3.9842e-07,0.052744,0.057195
3.5155e-07,0.052753,0.057182
3.0545e-07,0.052761,0.057171
2.6026e-07,0.052769,0.057163
2.1611e-07,0.052776,0.057157
1.7312e-07,0.052784,0.057153
1.3139e-07,0.05279,0.057152
9.1032e-08,0.052796,0.057153
5.2129e-08,0.052802,0.057156
1.476e-08,0.052808,0.057161
-2.1004e-08,0.052813,0.057168
-5.5102e-08,0.052818,0.057177
-8.7482e-08,0.052822,0.057188
-1.181e-07,0.052826,0.057201
-1.4693e-07,0.05283,0.057216
-1.7393e-07,0.052833,0.057232
-1.991e-07,0.052836,0.05725
-2.2242e-07,0.052838,0.05727
-2.4389e-07,0.052839,0.057291
-2.6351e-07,0.052841,0.057314
-2.8129e-07,0.052841,0.057339
-2.9725e-07,0.052841,0.057365
-3.1141e-07,0.052841,0.057393
-3.2381e-07,0.05284,0.057422
-3.3446e-07,0.052838,0.057453
-3.4342e-07,0.052835,0.057486
-3.5072e-07,0.052832,0.05752
-3.5642e-07,0.052828,0.057556
-3.6055e-07,0.052824,0.057594
-3.6317e-07,0.052819,0.057633
-3.6435e-07,0.052813,0.057675
-3.6413e-07,0.052806,0.057717
-3.6257e-07,0.052799,0.057762
-3.5975e-07,0.052791,0.057809
-3.5572e-07,0.052782,0.057857
-3.5055e-07,0.052772,0.057907
-3.443e-07,0.052762,0.057959
-3.3704e-07,0.052751,0.058013
-3.2884e-07,0.052739,0.058069
-3.1976e-07,0.052726,0.058126
-3.0988e-07,0.052713,0.058186
-2.9925e-07,0.052699,0.058248
-2.8794e-07,0.052685,0.058311
-2.7602e-07,0.05267,0.058376
-2.6355e-07,0.052654,0.058443
-2.5059e-07,0.052638,0.058512
-2.372e-07,0.052622,0.058583
-2.2345e-07,0.052605,0.058655
-2.0939e-07,0.052587,0.058729
-1.9507e-07,0.052569,0.058804
-1.8056e-07,0.052551,0.058881
-1.659e-07,0.052533,0.058959
-1.5114e-07,0.052514,0.059039
-1.3634e-07,0.052495,0.05912
-1.2153e-07,0.052476,0.059201
-1.0676e-07,0.052457,0.059284
-9.2084e-08,0.052437,0.059368
-7.7528e-08,0.052418,0.059452
-6.3134e-08,0.052398,0.059536
-4.8937e-08,0.052379,0.059621
-3.4972e-08,0.05236,0.059707
-2.127e-08,0.05234,0.059792
-7.8604e-09,0.052321,0.059877
5.2295e-09,0.052302,0.059961
1.7974e-08,0.052283,0.060045
3.0349e-08,0.052264,0.060129
4.2332e-08,0.052245,0.060211
5.3904e-08,0.052226,0.060292
6.5045e-08,0.052208,0.060372
7.5739e-08,0.052189,0.060451
8.5969e-08,0.05217,0.060528
9.5722e-08,0.052152,0.060603
1.0499e-07,0.052133,0.060675
1.1375e-07,0.052115,0.060746
1.2199e-07,0.052096,0.060814
1.2972e-07,0.052078,0.06088
1.3692e-07,0.052059,0.060942
1.4357e-07,0.05204,0.061002
1.4969e-07,0.052022,0.061059
1.5525e-07,0.052002,0.061112
1.6026e-07,0.051983,0.061162
1.6471e-07,0.051964,0.061208
1.6859e-07,0.051944,0.06125
1.7191e-07,0.051924,0.061289
1.7466e-07,0.051903,0.061324
1.7684e-07,0.051882,0.061354
1.7845e-07,0.051861,0.06138
1.7948e-07,0.05184,0.061402
1.7994e-07,0.051818,0.06142
1.7982e-07,0.051795,0.061432
1.7912e-07,0.051773,0.061441
1.7785e-07,0.051749,0.061444
1.7601e-07,0.051726,0.061443
1.736e-07,0.051702,0.061438
1.7061e-07,0.051678,0.061427
1.6706e-07,0.051653,0.061412
1.6294e-07,0.051628,0.061391
1.5825e-07,0.051603,0.061366
1.5301e-07,0.051577,0.061337
1.4722e-07,0.051551,0.061302
1.4087e-07,0.051525,0.061263
1.3399e-07,0.051499,0.061218
1.2656e-07,0.051473,0.061169
1.1861e-07,0.051446,0.061116
1.1014e-07,0.05142,0.061058
1.0116e-07,0.051393,0.060995
9.1685e-08,0.051367,0.060928
8.1721e-08,0.051341,0.060857
7.1283e-08,0.051315,0.060781
6.0388e-08,0.051289,0.060701
4.905e-08,0.051264,0.060617
3.7288e-08,0.051239,0.06053
2.5122e-08,0.051214,0.060438
1.2572e-08,0.051189,0.060343
-3.3954e-10,0.051165,0.060245
-1.3587e-08,0.051141,0.060143
-2.7145e-08,0.051118,0.060038
-4.0983e-08,0.051096,0.05993
-5.5073e-08,0.051073,0.059819
-6.9382e-08,0.051052,0.059706
-8.3874e-08,0.051031,0.05959
-9.8514e-08,0.05101,0.059472
-1.1326e-07,0.05099,0.059352
-1.2808e-07,0.05097,0.05923
-1.4292e-07,0.050951,0.059107
-1.5774e-07,0.050932,0.058982
-1.7249e-07,0.050914,0.058857
-1.8713e-07,0.050896,0.05873
-2.016e-07,0.050878,0.058603
-2.1584e-07,0.050861,0.058475
-2.2981e-07,0.050844,0.058347
-2.4345e-07,0.050827,0.05822
-2.5669e-07,0.050811,0.058092
-2.6948e-07,0.050794,0.057966
-2.8176e-07,0.050778,0.05784
-2.9346e-07,0.050762,0.057715
-3.0452e-07,0.050745,0.057592
-3.1487e-07,0.050729,0.05747
-3.2445e-07,0.050712,0.057351
-3.3319e-07,0.050695,0.057233
-3.4102e-07,0.050678,0.057118
-3.4788e-07,0.05066,0.057005
-3.537e-07,0.050642,0.056896
-3.5841e-07,0.050623,0.056789
-3.6196e-07,0.050604,0.056686
-3.6426e-07,0.050584,0.056586
-3.6527e-07,0.050563,0.05649
-3.6491e-07,0.050542,0.056398
-3.6314e-07,0.05052,0.056309
-3.5988e-07,0.050497,0.056225
-3.551e-07,0.050473,0.056146
-3.4872e-07,0.050448,0.056071
-3.4072e-07,0.050423,0.056
-3.3103e-07,0.050396,0.055935
-3.1963e-07,0.050369,0.055874
-3.0647e-07,0.05034,0.055818
-2.9152e-07,0.05031,0.055768
-2.7476e-07,0.05028,0.055722
-2.5617e-07,0.050248,0.055681
-2.3574e-07,0.050215,0.055646
-2.1345e-07,0.050182,0.055615
-1.893e-07,0.050147,0.05559
-1.633e-07,0.050112,0.05557
-1.3547e-07,0.050075,0.055555
-1.0583e-07,0.050038,0.055545
-7.4395e-08,0.05,0.055539
-4.1217e-08,0.049961,0.055539
-6.3394e-09,0.049922,0.055544
3.0183e-08,0.049882,0.055553
6.8286e-08,0.049841,0.055566
1.0789e-07,0.0498,0.055584
1.4892e-07,0.049758,0.055606
1.9128e-07,0.049716,0.055633
2.3487e-07,0.049674,0.055663
2.7956e-07,0.049631,0.055697
3.2524e-07,0.049589,0.055734
3.7178e-07,0.049546,0.055775
4.1903e-07,0.049504,0.055819
4.6683e-07,0.049462,0.055867
5.1503e-07,0.04942,0.055916
5.6345e-07,0.049378,0.055969
6.1191e-07,0.049337,0.056024
6.6022e-07,0.049297,0.056081
7.0817e-07,0.049257,0.05614
7.5556e-07,0.049218,0.0562
8.0217e-07,0.04918,0.056263
8.4778e-07,0.049143,0.056326
8.9216e-07,0.049107,0.056391
9.3506e-07,0.049072,0.056457
9.7624e-07,0.049038,0.056523
1.0155e-06,0.049006,0.05659
1.0525e-06,0.048976,0.056658
1.087e-06,0.048946,0.056726
1.1187e-06,0.048919,0.056794
1.1475e-06,0.048893,0.056862
1.173e-06,0.048869,0.05693
1.195e-06,0.048847,0.056997
1.2132e-06,0.048826,0.057065
1.2274e-06,0.048808,0.057131
1.2372e-06,0.048792,0.057198
1.2425e-06,0.048778,0.057263
1.243e-06,0.048766,0.057328
1.2385e-06,0.048756,0.057392
1.2287e-06,0.048748,0.057455
1.2134e-06,0.048743,0.057518
1.1924e-06,0.04874,0.057579
1.1655e-06,0.048739,0.057639
1.1326e-06,0.048741,0.057699
1.0934e-06,0.048745,0.057758
1.0479e-06,0.048752,0.057815
9.9583e-07,0.048761,0.057872
9.3715e-07,0.048773,0.057928
8.7177e-07,0.048786,0.057983
7.9961e-07,0.048803,0.058037
7.2064e-07,0.048822,0.05809
6.3485e-07,0.048843,0.058142
5.4225e-07,0.048867,0.058194
4.4288e-07,0.048893,0.058245
3.3682e-07,0.048922,0.058295
2.2415e-07,0.048953,0.058344
1.0503e-07,0.048986,0.058393
-2.0375e-08,0.049022,0.058441
-1.5187e-07,0.04906,0.058489
-2.8921e-07,0.0491,0.058536
-4.3213e-07,0.049143,0.058582
-5.8031e-07,0.049188,0.058628
-7.3339e-07,0.049235,0.058673
-8.91e-07,0.049284,0.058717
-1.0527e-06,0.049335,0.058761
-1.218e-06,0.049388,0.058804
-1.3865e-06,0.049444,0.058847
-1.5575e-06,0.049501,0.058889
-1.7306e-06,0.04956,0.05893
-1.905e-06,0.049621,0.05897
-2.0801e-06,0.049683,0.059009
-2.2552e-06,0.049748,0.059048
-2.4296e-06,0.049813,0.059085
-2.6026e-06,0.049881,0.059122
-2.7732e-06,0.04995,0.059157
-2.9407e-06,0.05002,0.059191
-3.1042e-06,0.050092,0.059223
-3.2628e-06,0.050165,0.059254
-3.4155e-06,0.05024,0.059283
-3.5615e-06,0.050315,0.059311
-3.6997e-06,0.050391,0.059337
-3.8291e-06,0.050469,0.05936
-3.9487e-06,0.050547,0.059382
-4.0575e-06,0.050626,0.059402
-4.1545e-06,0.050706,0.059419
-4.2385e-06,0.050787,0.059435
-4.3085e-06,0.050868,0.059447
-4.3635e-06,0.050949,0.059457
-4.4023e-06,0.051031,0.059465
-4.424e-06,0.051113,0.05947
-4.4274e-06,0.051195,0.059472
-4.4116e-06,0.051277,0.059471
-4.3754e-06,0.051359,0.059467
-4.3181e-06,0.051441,0.05946
-4.2384e-06,0.051522,0.05945
-4.1356e-06,0.051603,0.059438
-4.0087e-06,0.051684,0.059422
-3.8568e-06,0.051763,0.059403
-3.6792e-06,0.051842,0.05938
-3.475e-06,0.05192,0.059355
-3.2436e-06,0.051996,0.059327
-2.9844e-06,0.052072,0.059295
-2.6967e-06,0.052146,0.059261
-2.38e-06,0.052219,0.059224
-2.0339e-06,0.05229,0.059183
-1.658e-06,0.052359,0.05914
-1.2521e-06,0.052426,0.059095
-8.1592e-07,0.052492,0.059046
-3.4944e-07,0.052555,0.058995
1.4737e-07,0.052616,0.058942
6.7441e-07,0.052675,0.058887
1.2315e-06,0.052732,0.058829
1.8183e-06,0.052785,0.058769
2.4344e-06,0.052836,0.058708
3.0793e-06,0.052885,0.058645
3.7523e-06,0.05293,0.05858
4.4528e-06,0.052973,0.058514
5.1797e-06,0.053012,0.058447
5.9323e-06,0.053048,0.058379
6.7092e-06,0.053081,0.05831
7.5094e-06,0.053111,0.05824
8.3315e-06,0.053138,0.05817
9.1741e-06,0.053161,0.0581
1.0036e-05,0.05318,0.058029
1.0914e-05,0.053196,0.057959
1.1808e-05,0.053209,0.057889
1.2716e-05,0.053218,0.057819
1.3635e-05,0.053223,0.05775
1.4564e-05,0.053225,0.057682
1.55e-05,0.053224,0.057614
1.6441e-05,0.053219,0.057548
1.7385e-05,0.05321,0.057483
1.833e-05,0.053198,0.057419
1.9272e-05,0.053182,0.057356
2.021e-05,0.053163,0.057295
2.114e-05,0.053141,0.057235
2.2061e-05,0.053115,0.057177
2.2969e-05,0.053086,0.057121
2.3862e-05,0.053054,0.057067
2.4738e-05,0.05302,0.057014
2.5593e-05,0.052982,0.056963
2.6426e-05,0.052941,0.056914
2.7232e-05,0.052898,0.056866
2.8011e-05,0.052853,0.056821
2.8759e-05,0.052805,0.056777
2.9474e-05,0.052755,0.056735
3.0153e-05,0.052703,0.056695
3.0795e-05,0.052649,0.056656
3.1397e-05,0.052594,0.056619
3.1957e-05,0.052537,0.056583
3.2473e-05,0.052479,0.056549
3.2943e-05,0.05242,0.056516
3.3366e-05,0.05236,0.056484
3.374e-05,0.052299,0.056453
3.4063e-05,0.052238,0.056423
3.4336e-05,0.052176,0.056394
3.4556e-05,0.052115,0.056366
3.4722e-05,0.052054,0.056338
3.4835e-05,0.051993,0.056311
3.4894e-05,0.051933,0.056284
3.4897e-05,0.051873,0.056257
3.4846e-05,0.051815,0.056231
3.4741e-05,0.051757,0.056205
3.4581e-05,0.051701,0.056178
3.4367e-05,0.051647,0.056152
3.41e-05,0.051595,0.056125
3.3781e-05,0.051544,0.056098
3.341e-05,0.051496,0.05607
3.2988e-05,0.05145,0.056042
3.2517e-05,0.051406,0.056013
3.1998e-05,0.051365,0.055984
3.1432e-05,0.051327,0.055954
3.0821e-05,0.051292,0.055924
3.0166e-05,0.05126,0.055892
2.947e-05,0.051232,0.055861
2.8734e-05,0.051206,0.055828
2.7959e-05,0.051184,0.055795
2.7148e-05,0.051166,0.055761
2.6302e-05,0.051151,0.055727
2.5424e-05,0.051139,0.055692
2.4516e-05,0.051132,0.055656
2.3579e-05,0.051128,0.055621
2.2615e-05,0.051128,0.055585
2.1627e-05,0.051132,0.055549
2.0617e-05,0.05114,0.055513
1.9586e-05,0.051151,0.055477
1.8537e-05,0.051167,0.055442
1.7472e-05,0.051186,0.055407
1.6392e-05,0.051209,0.055372
1.53e-05,0.051236,0.055339
1.4198e-05,0.051267,0.055306
1.3087e-05,0.051302,0.055275
1.197e-05,0.05134,0.055245
1.0848e-05,0.051382,0.055216
9.7234e-06,0.051427,0.055189
8.598e-06,0.051476,0.055164
7.4737e-06,0.051528,0.055141
6.3523e-06,0.051583,0.055121
5.2354e-06,0.051642,0.055103
4.125e-06,0.051703,0.055088
3.0228e-06,0.051767,0.055076
1.9306e-06,0.051834,0.055067
8.5008e-07,0.051904,0.055061
-2.1697e-07,0.051976,0.055058
-1.2688e-06,0.052051,0.05506
-2.3037e-06,0.052127,0.055064
-3.3198e-06,0.052206,0.055073
-4.3156e-06,0.052286,0.055086
-5.289e-06,0.052368,0.055103
-6.2386e-06,0.052452,0.055124
-7.1623e-06,0.052537,0.05515
-8.0584e-06,0.052623,0.05518
-8.9252e-06,0.05271,0.055214
-9.7607e-06,0.052797,0.055253
-1.0563e-05,0.052886,0.055297
-1.1331e-05,0.052974,0.055345
-1.2061e-05,0.053063,0.055397
-1.2753e-05,0.053152,0.055454
-1.3404e-05,0.05324,0.055516
-1.4012e-05,0.053328,0.055581
-1.4576e-05,0.053415,0.055651
-1.5092e-05,0.053502,0.055726
-1.5561e-05,0.053587,0.055804
-1.5978e-05,0.053672,0.055886
-1.6342e-05,0.053755,0.055972
-1.6652e-05,0.053836,0.056062
-1.6905e-05,0.053915,0.056155
-1.7098e-05,0.053992,0.056252
-1.7231e-05,0.054067,0.056351
-1.7301e-05,0.05414,0.056453
-1.7306e-05,0.05421,0.056558
-1.7244e-05,0.054278,0.056665
-1.7113e-05,0.054342,0.056774
-1.6912e-05,0.054403,0.056885
-1.6638e-05,0.054461,0.056998
-1.629e-05,0.054516,0.057112
-1.5867e-05,0.054567,0.057226
-1.5366e-05,0.054615,0.057342
-1.4786e-05,0.054658,0.057457
-1.4126e-05,0.054698,0.057573
-1.3386e-05,0.054734,0.057688
-1.2562e-05,0.054766,0.057803
-1.1656e-05,0.054793,0.057917
-1.0666e-05,0.054816,0.05803
-9.5916e-06,0.054835,0.058141
-8.4323e-06,0.054849,0.058251
-7.188e-06,0.054859,0.058358
-5.8589e-06,0.054864,0.058463
-4.4451e-06,0.054865,0.058566
-2.9472e-06,0.054861,0.058665
-1.366e-06,0.054853,0.058762
2.9767e-07,0.05484,0.058855
2.0424e-06,0.054823,0.058945
3.8667e-06,0.054801,0.059031
5.7688e-06,0.054775,0.059113
7.7465e-06,0.054744,0.059191
9.7974e-06,0.054709,0.059264
1.1919e-05,0.05467,0.059333
1.4108e-05,0.054627,0.059397
1.6361e-05,0.054579,0.059456
1.8675e-05,0.054528,0.059511
2.1046e-05,0.054473,0.05956
2.3469e-05,0.054414,0.059605
2.594e-05,0.054351,0.059644
2.8455e-05,0.054285,0.059678
3.1007e-05,0.054216,0.059707
3.3592e-05,0.054144,0.05973
3.6205e-05,0.054069,0.059748
3.8838e-05,0.05399,0.059761
4.1487e-05,0.05391,0.059769
4.4144e-05,0.053827,0.059771
4.6803e-05,0.053741,0.059768
4.9457e-05,0.053654,0.05976
5.21e-05,0.053564,0.059746
5.4724e-05,0.053473,0.059728
5.7321e-05,0.053381,0.059705
5.9886e-05,0.053287,0.059677
6.2409e-05,0.053193,0.059645
6.4883e-05,0.053097,0.059607
6.7302e-05,0.053001,0.059566
6.9658e-05,0.052905,0.05952
7.1943e-05,0.052808,0.05947
7.4149e-05,0.052711,0.059417
7.627e-05,0.052615,0.059359
7.8299e-05,0.052519,0.059298
8.0228e-05,0.052423,0.059234
8.2052e-05,0.052328,0.059167
8.3763e-05,0.052235,0.059096
8.5356e-05,0.052142,0.059023
8.6825e-05,0.052051,0.058947
8.8164e-05,0.051961,0.058869
8.9369e-05,0.051873,0.058789
9.0436e-05,0.051786,0.058707
9.136e-05,0.051702,0.058624
9.2137e-05,0.051619,0.058539
9.2766e-05,0.051539,0.058453
9.3244e-05,0.051461,0.058366
9.3569e-05,0.051385,0.058278
9.374e-05,0.051312,0.05819
9.3757e-05,0.051241,0.058101
9.3621e-05,0.051173,0.058012
9.3331e-05,0.051108,0.057924
9.2891e-05,0.051045,0.057835
9.2301e-05,0.050985,0.057748
9.1566e-05,0.050928,0.057661
9.0689e-05,0.050873,0.057575
8.9674e-05,0.050822,0.05749
8.8526e-05,0.050773,0.057406
8.7251e-05,0.050726,0.057324
8.5855e-05,0.050683,0.057244
8.4344e-05,0.050642,0.057165
8.2726e-05,0.050604,0.057088
8.1008e-05,0.050568,0.057013
7.9199e-05,0.050534,0.056941
7.7306e-05,0.050503,0.05687
7.5338e-05,0.050474,0.056802
7.3304e-05,0.050447,0.056737
7.1214e-05,0.050422,0.056674
6.9076e-05,0.050399,0.056613
6.69e-05,0.050378,0.056556
6.4696e-05,0.050358,0.0565
6.2472e-05,0.05034,0.056448
6.024e-05,0.050322,0.056398
5.8007e-05,0.050306,0.056351
5.5784e-05,0.050291,0.056307
5.358e-05,0.050277,0.056265
5.1403e-05,0.050263,0.056226
4.9263e-05,0.05025,0.056189
4.7168e-05,0.050237,0.056156
4.5127e-05,0.050224,0.056124
4.3147e-05,0.050211,0.056095
4.1236e-05,0.050198,0.056068
3.9401e-05,0.050185,0.056044
3.7648e-05,0.050171,0.056021
3.5985e-05,0.050156,0.056001
3.4416e-05,0.050141,0.055983
3.2947e-05,0.050125,0.055966
3.1582e-05,0.050108,0.055951
3.0327e-05,0.05009,0.055938
2.9184e-05,0.050071,0.055926
2.8157e-05,0.050051,0.055915
2.7248e-05,0.05003,0.055905
2.6459e-05,0.050007,0.055897
2.5792e-05,0.049982,0.055889
2.5247e-05,0.049957,0.055883
2.4824e-05,0.04993,0.055876
2.4523e-05,0.049901,0.055871
2.4343e-05,0.049871,0.055866
2.4283e-05,0.04984,0.055861
2.434e-05,0.049807,0.055856
2.4512e-05,0.049773,0.055852
2.4796e-05,0.049738,0.055848
2.5187e-05,0.049701,0.055843
2.5683e-05,0.049663,0.055839
2.6278e-05,0.049625,0.055834
2.6967e-05,0.049585,0.055829
2.7745e-05,0.049545,0.055824
2.8606e-05,0.049504,0.055818
2.9544e-05,0.049463,0.055812
3.0552e-05,0.049421,0.055805
3.1624e-05,0.049379,0.055799
3.2752e-05,0.049337,0.055791
3.3929e-05,0.049295,0.055784
3.5147e-05,0.049254,0.055776
3.64e-05,0.049213,0.055767
3.7678e-05,0.049173,0.055758
3.8975e-05,0.049133,0.055749
4.0283e-05,0.049095,0.05574
4.1593e-05,0.049059,0.055731
4.2898e-05,0.049023,0.055721
4.4189e-05,0.04899,0.055712
4.5461e-05,0.048958,0.055703
4.6704e-05,0.048928,0.055694
4.7912e-05,0.048901,0.055685
4.9077e-05,0.048875,0.055677
5.0194e-05,0.048853,0.055669
5.1255e-05,0.048833,0.055662
5.2254e-05,0.048816,0.055655
5.3186e-05,0.048801,0.05565
5.4046e-05,0.04879,0.055646
5.4827e-05,0.048782,0.055643
5.5527e-05,0.048777,0.055641
5.6141e-05,0.048775,0.055641
5.6665e-05,0.048776,0.055642
5.7096e-05,0.048781,0.055645
5.7433e-05,0.048789,0.05565
5.7672e-05,0.0488,0.055658
5.7813e-05,0.048814,0.055667
5.7854e-05,0.048832,0.055679
5.7796e-05,0.048853,0.055693
5.7637e-05,0.048876,0.05571
5.7379e-05,0.048903,0.05573
5.7022e-05,0.048932,0.055753
5.6569e-05,0.048965,0.055778
5.602e-05,0.048999,0.055807
5.5377e-05,0.049036,0.055839
5.4645e-05,0.049075,0.055874
5.3824e-05,0.049116,0.055913
5.2919e-05,0.049159,0.055955
5.1934e-05,0.049204,0.056001
5.0871e-05,0.04925,0.05605
4.9736e-05,0.049297,0.056103
4.8531e-05,0.049345,0.056159
4.7263e-05,0.049394,0.056219
4.5935e-05,0.049443,0.056283
4.4552e-05,0.049492,0.056351
4.312e-05,0.049542,0.056422
4.1642e-05,0.049591,0.056496
4.0125e-05,0.04964,0.056574
3.8573e-05,0.049688,0.056656
3.699e-05,0.049735,0.056741
3.5384e-05,0.049781,0.056829
3.3757e-05,0.049826,0.056921
3.2115e-05,0.04987,0.057015
3.0464e-05,0.049911,0.057113
2.8808e-05,0.049951,0.057213
2.7151e-05,0.049989,0.057316
2.5498e-05,0.050026,0.057421
2.3853e-05,0.050059,0.057528
2.2222e-05,0.050091,0.057637
2.0607e-05,0.05012,0.057748
1.9013e-05,0.050147,0.057861
1.7443e-05,0.050171,0.057974
1.5902e-05,0.050193,0.058089
1.4392e-05,0.050212,0.058205
1.2916e-05,0.050228,0.058321
1.1477e-05,0.050242,0.058437
1.0079e-05,0.050254,0.058553
8.723e-06,0.050263,0.058669
7.4118e-06,0.050269,0.058784
6.1473e-06,0.050273,0.058898
4.9313e-06,0.050275,0.059011
3.7655e-06,0.050275,0.059122
2.651e-06,0.050273,0.059232
1.5892e-06,0.050268,0.059339
5.8082e-07,0.050262,0.059444
-3.7331e-07,0.050254,0.059546
-1.2727e-06,0.050245,0.059645
-2.1171e-06,0.050234,0.059741
-2.9064e-06,0.050222,0.059834
-3.6405e-06,0.050209,0.059922
-4.3198e-06,0.050194,0.060007
-4.9447e-06,0.05018,0.060087
-5.5157e-06,0.050164,0.060163
-6.0337e-06,0.050149,0.060234
-6.4993e-06,0.050133,0.0603
-6.9138e-06,0.050117,0.060361
-7.2781e-06,0.050101,0.060417
-7.5936e-06,0.050086,0.060467
-7.8617e-06,0.050071,0.060512
-8.0837e-06,0.050057,0.06055
-8.2613e-06,0.050043,0.060584
-8.396e-06,0.050031,0.060611
-8.4897e-06,0.05002,0.060632
-8.544e-06,0.05001,0.060647
-8.5609e-06,0.050002,0.060657
-8.5421e-06,0.049995,0.06066
-8.4895e-06,0.04999,0.060657
-8.4052e-06,0.049986,0.060647
-8.2911e-06,0.049985,0.060632
-8.1491e-06,0.049985,0.060611
-7.9812e-06,0.049988,0.060584
-7.7894e-06,0.049992,0.060551
-7.5757e-06,0.049999,0.060512
-7.342e-06,0.050008,0.060467
-7.0902e-06,0.05002,0.060417
-6.8223e-06,0.050033,0.060362
-6.5401e-06,0.050049,0.060301
-6.2454e-06,0.050067,0.060235
-5.94e-06,0.050087,0.060164
-5.6256e-06,0.05011,0.060089
-5.304e-06,0.050134,0.060008
-4.9768e-06,0.050161,0.059924
-4.6455e-06,0.050189,0.059835
-4.3116e-06,0.05022,0.059743
-3.9767e-06,0.050253,0.059646
-3.642e-06,0.050287,0.059547
-3.3088e-06,0.050323,0.059444
-2.9785e-06,0.05036,0.059338
-2.6521e-06,0.050399,0.059229
-2.3309e-06,0.050439,0.059118
-2.0157e-06,0.05048,0.059005
-1.7075e-06,0.050522,0.05889
-1.4072e-06,0.050564,0.058773
-1.1157e-06,0.050608,0.058655
-8.3355e-07,0.050651,0.058536
-5.6152e-07,0.050696,0.058415
-3.0016e-07,0.05074,0.058295
-4.9989e-08,0.050784,0.058174
1.8855e-07,0.050828,0.058052
4.1507e-07,0.050872,0.057932
6.2927e-07,0.050915,0.057811
8.3089e-07,0.050957,0.057691
1.0197e-06,0.050999,0.057573
1.1957e-06,0.051039,0.057455
1.3587e-06,0.051079,0.05734
1.5087e-06,0.051117,0.057226
1.6457e-06,0.051153,0.057114
1.7698e-06,0.051189,0.057004
1.8812e-06,0.051222,0.056897
1.98e-06,0.051254,0.056793
2.0665e-06,0.051284,0.056692
2.1408e-06,0.051311,0.056594
2.2032e-06,0.051337,0.0565
2.2542e-06,0.051361,0.056409
2.2939e-06,0.051383,0.056322
2.3229e-06,0.051402,0.05624
2.3414e-06,0.051419,0.056162
2.35e-06,0.051434,0.056088
2.349e-06,0.051447,0.056019
2.3389e-06,0.051458,0.055955
2.3202e-06,0.051466,0.055896
2.2933e-06,0.051472,0.055842
2.2588e-06,0.051476,0.055794
2.2171e-06,0.051478,0.055751
2.1688e-06,0.051478,0.055714
2.1143e-06,0.051476,0.055682
2.0541e-06,0.051472,0.055657
1.9888e-06,0.051466,0.055637
1.9188e-06,0.051459,0.055623
1.8446e-06,0.05145,0.055616
1.7668e-06,0.051439,0.055614
1.6857e-06,0.051428,0.055618
1.6019e-06,0.051415,0.055629
1.5158e-06,0.051401,0.055646
1.4278e-06,0.051386,0.055669
1.3384e-06,0.05137,0.055698
1.2481e-06,0.051353,0.055734
1.1571e-06,0.051337,0.055775
1.0658e-06,0.05132,0.055823
9.7472e-07,0.051302,0.055876
8.8409e-07,0.051285,0.055936
7.9428e-07,0.051268,0.056001
7.0559e-07,0.051251,0.056072
6.1831e-07,0.051235,0.056149
5.3271e-07,0.051219,0.056231
4.4904e-07,0.051205,0.056319
3.6754e-07,0.051191,0.056411
2.8842e-07,0.051178,0.056509
2.1188e-07,0.051167,0.056611
1.3809e-07,0.051156,0.056719
6.7209e-08,0.051148,0.05683
-6.2713e-10,0.051141,0.056946
-6.5298e-08,0.051135,0.057066
-1.267e-07,0.051132,0.05719
-1.8475e-07,0.05113,0.057318
-2.3939e-07,0.05113,0.057448
-2.9055e-07,0.051132,0.057582
-3.3821e-07,0.051137,0.057719
-3.8234e-07,0.051143,0.057858
-4.2294e-07,0.051152,0.057999
-4.6002e-07,0.051162,0.058143
-4.9359e-07,0.051175,0.058288
-5.237e-07,0.05119,0.058435
-5.5039e-07,0.051207,0.058582
-5.7372e-07,0.051226,0.058731
-5.9375e-07,0.051247,0.058879
-6.1056e-07,0.051271,0.059028
-6.2424e-07,0.051296,0.059177
-6.3487e-07,0.051323,0.059326
-6.4257e-07,0.051351,0.059473
-6.4744e-07,0.051382,0.05962
-6.4959e-07,0.051413,0.059765
-6.4914e-07,0.051447,0.059908
-6.4622e-07,0.051481,0.06005
-6.4095e-07,0.051517,0.060189
-6.3346e-07,0.051553,0.060325
-6.2388e-07,0.051591,0.060459
-6.1236e-07,0.051629,0.060589
-5.9902e-07,0.051668,0.060716
-5.84e-07,0.051707,0.060839
-5.6743e-07,0.051746,0.060958
-5.4946e-07,0.051785,0.061073
-5.3022e-07,0.051825,0.061184
-5.0985e-07,0.051863,0.06129
-4.8846e-07,0.051902,0.061391
-4.662e-07,0.051939,0.061488
-4.4319e-07,0.051976,0.061579
-4.1955e-07,0.052012,0.061665
-3.9541e-07,0.052047,0.061746
-3.7088e-07,0.05208,0.061821
-3.4607e-07,0.052112,0.061891
-3.211e-07,0.052142,0.061955
-2.9605e-07,0.052171,0.062014
-2.7105e-07,0.052197,0.062066
-2.4617e-07,0.052222,0.062113
-2.2152e-07,0.052244,0.062155
-1.9717e-07,0.052264,0.06219
-1.732e-07,0.052282,0.06222
-1.4969e-07,0.052297,0.062245
-1.2671e-07,0.05231,0.062263
-1.0432e-07,0.052319,0.062277
-8.2575e-08,0.052326,0.062284
-6.1535e-08,0.052331,0.062287
-4.1247e-08,0.052332,0.062284
-2.1751e-08,0.052331,0.062277
-3.0876e-09,0.052326,0.062265
1.4712e-08,0.052319,0.062248
3.1619e-08,0.052308,0.062226
4.7611e-08,0.052295,0.0622
6.2668e-08,0.052278,0.062171
7.6777e-08,0.052259,0.062137
8.9928e-08,0.052237,0.0621
1.0212e-07,0.052211,0.062059
1.1334e-07,0.052183,0.062015
1.2359e-07,0.052152,0.061969
1.3289e-07,0.052118,0.061919
1.4125e-07,0.052081,0.061868
1.4866e-07,0.052042,0.061814
1.5516e-07,0.052001,0.061758
1.6075e-07,0.051956,0.061701
1.6546e-07,0.05191,0.061643
1.6931e-07,0.051861,0.061583
1.7232e-07,0.05181,0.061523
1.7454e-07,0.051757,0.061463
1.7597e-07,0.051702,0.061402
1.7666e-07,0.051646,0.061342
1.7664e-07,0.051587,0.061282
1.7594e-07,0.051528,0.061223
1.7459e-07,0.051467,0.061165
1.7263e-07,0.051404,0.061108
1.701e-07,0.051341,0.061052
1.6703e-07,0.051277,0.060999
1.6346e-07,0.051212,0.060947
1.5943e-07,0.051146,0.060898
1.5498e-07,0.05108,0.060851
1.5014e-07,0.051014,0.060806
1.4494e-07,0.050948,0.060765
1.3943e-07,0.050882,0.060727
1.3364e-07,0.050815,0.060692
1.2761e-07,0.05075,0.060661
1.2137e-07,0.050684,0.060634
1.1496e-07,0.05062,0.06061
1.084e-07,0.050556,0.06059
1.0173e-07,0.050493,0.060575
9.4988e-08,0.050431,0.060563
8.8193e-08,0.050371,0.060556
8.1376e-08,0.050312,0.060553
7.4566e-08,0.050254,0.060555
6.7788e-08,0.050198,0.060561
6.1067e-08,0.050143,0.060572
5.4427e-08,0.050091,0.060587
4.7888e-08,0.05004,0.060607
4.1471e-08,0.049991,0.060631
3.5196e-08,0.049945,0.06066
2.908e-08,0.0499,0.060693
2.3138e-08,0.049858,0.06073
1.7387e-08,0.049819,0.060772
1.1838e-08,0.049782,0.060818
6.5043e-09,0.049747,0.060868
1.3958e-09,0.049715,0.060922
-3.4784e-09,0.049686,0.060979
-8.1104e-09,0.04966,0.061041
-1.2494e-08,0.049636,0.061105
-1.6623e-08,0.049615,0.061173
-2.0495e-08,0.049597,0.061244
-2.4105e-08,0.049582,0.061318
-2.7454e-08,0.04957,0.061394
-3.0539e-08,0.049561,0.061473
-3.3362e-08,0.049555,0.061554
-3.5924e-08,0.049552,0.061638
-3.8227e-08,0.049552,0.061722
-4.0275e-08,0.049555,0.061809
-4.2072e-08,0.049561,0.061896
-4.3622e-08,0.04957,0.061985
-4.4931e-08,0.049582,0.062075
-4.6005e-08,0.049597,0.062165
-4.6852e-08,0.049615,0.062255
-4.7478e-08,0.049636,0.062346
-4.7892e-08,0.04966,0.062436
-4.8102e-08,0.049686,0.062527
-4.8117e-08,0.049716,0.062616
-4.7946e-08,0.049748,0.062705
-4.7598e-08,0.049783,0.062793
-4.7082e-08,0.04982,0.06288
-4.641e-08,0.04986,0.062965
-4.559e-08,0.049903,0.063049
-4.4633e-08,0.049948,0.063131
-4.3549e-08,0.049995,0.063212
-4.2348e-08,0.050045,0.06329
-4.104e-08,0.050096,0.063367
-3.9635e-08,0.05015,0.063442
-3.8143e-08,0.050206,0.063514
-3.6575e-08,0.050263,0.063584
-3.4939e-08,0.050322,0.063652
-3.3245e-08,0.050383,0.063717
-3.1502e-08,0.050445,0.06378
-2.972e-08,0.050508,0.063841
-2.7907e-08,0.050573,0.063899
-2.6072e-08,0.050638,0.063955
-2.4222e-08,0.050705,0.064008
-2.2366e-08,0.050772,0.06406
-2.051e-08,0.05084,0.064109
-1.8663e-08,0.050908,0.064155
-1.683e-08,0.050976,0.0642
-1.5019e-08,0.051045,0.064243
-1.3234e-08,0.051113,0.064284
-1.1482e-08,0.051181,0.064323
-9.7688e-09,0.051248,0.06436
-8.0979e-09,0.051315,0.064396
-6.4742e-09,0.051381,0.064431
-4.9017e-09,0.051446,0.064464
-3.3841e-09,0.05151,0.064496
-1.9248e-09,0.051573,0.064527
-5.2644e-10,0.051633,0.064558
8.0828e-10,0.051693,0.064587
2.0773e-09,0.05175,0.064617
3.2787e-09,0.051805,0.064645
4.4111e-09,0.051857,0.064674
5.4733e-09,0.051908,0.064702
6.4646e-09,0.051955,0.064731
7.3845e-09,0.052,0.064759
8.2327e-09,0.052042,0.064788
9.0094e-09,0.052081,0.064818
9.715e-09,0.052116,0.064847
1.035e-08,0.052148,0.064878
1.0915e-08,0.052177,0.064908
1.1412e-08,0.052202,0.06494
1.1841e-08,0.052223,0.064972
1.2205e-08,0.052241,0.065006
1.2505e-08,0.052254,0.065039
1.2742e-08,0.052264,0.065074
1.2919e-08,0.05227,0.06511
1.3038e-08,0.052271,0.065146
1.3101e-08,0.052269,0.065183
1.3111e-08,0.052262,0.06522
1.3069e-08,0.052252,0.065259
1.2979e-08,0.052237,0.065297
1.2844e-08,0.052218,0.065336
1.2665e-08,0.052196,0.065375
1.2446e-08,0.052169,0.065415
1.2189e-08,0.052139,0.065454
1.1898e-08,0.052105,0.065493
1.1574e-08,0.052067,0.065532
1.122e-08,0.052026,0.06557
1.084e-08,0.051982,0.065607
1.0436e-08,0.051934,0.065643
1.0011e-08,0.051884,0.065678
9.5675e-09,0.05183,0.065712
9.1077e-09,0.051774,0.065744
8.6343e-09,0.051716,0.065774
8.1499e-09,0.051655,0.065802
7.6568e-09,0.051592,0.065827
7.1573e-09,0.051528,0.06585
6.6537e-09,0.051461,0.06587
6.1481e-09,0.051394,0.065887
5.6425e-09,0.051325,0.0659
5.1389e-09,0.051256,0.06591
4.6391e-09,0.051186,0.065916
4.1449e-09,0.051116,0.065918
3.6579e-09,0.051046,0.065915
3.1797e-09,0.050976,0.065908
2.7117e-09,0.050906,0.065897
2.2551e-09,0.050837,0.065881
1.8114e-09,0.050769,0.065859
1.3814e-09,0.050702,0.065833
9.6632e-10,0.050637,0.065801
5.6699e-10,0.050573,0.065764
1.8421e-10,0.050511,0.065721
-1.8131e-10,0.050451,0.065673
-5.2898e-10,0.050394,0.06562
-8.583e-10,0.050339,0.06556
-1.1689e-09,0.050287,0.065495
-1.4603e-09,0.050237,0.065424
-1.7325e-09,0.050191,0.065347
-1.9852e-09,0.050148,0.065265
-2.2184e-09,0.050108,0.065177
-2.4321e-09,0.050071,0.065084
-2.6264e-09,0.050038,0.064985
-2.8015e-09,0.050009,0.06488
-2.9576e-09,0.049984,0.064771
-3.0949e-09,0.049962,0.064656
-3.2139e-09,0.049944,0.064537
-3.3148e-09,0.04993,0.064413
-3.3983e-09,0.049919,0.064284
-3.4648e-09,0.049913,0.064151
-3.5148e-09,0.04991,0.064013
-3.5489e-09,0.049912,0.063872
-3.5677e-09,0.049917,0.063728
-3.5719e-09,0.049925,0.06358
-3.5621e-09,0.049938,0.063429
-3.5391e-09,0.049954,0.063275
-3.5035e-09,0.049973,0.063118
-3.456e-09,0.049996,0.06296
-3.3975e-09,0.050022,0.062799
-3.3286e-09,0.050051,0.062637
-3.2502e-09,0.050083,0.062474
-3.1629e-09,0.050118,0.06231
-3.0675e-09,0.050155,0.062145
-2.9647e-09,0.050195,0.06198
-2.8554e-09,0.050237,0.061815
-2.7401e-09,0.050281,0.061651
-2.6198e-09,0.050328,0.061487
-2.4949e-09,0.050376,0.061324
-2.3663e-09,0.050425,0.061163
-2.2347e-09,0.050476,0.061003
-2.1006e-09,0.050528,0.060845
-1.9647e-09,0.050581,0.060689
-1.8276e-09,0.050635,0.060536
-1.6899e-09,0.05069,0.060386
-1.5521e-09,0.050744,0.060239
-1.4148e-09,0.050799,0.060095
-1.2786e-09,0.050854,0.059954
-1.1437e-09,0.050909,0.059818
-1.0108e-09,0.050963,0.059686
-8.8029e-10,0.051017,0.059558
-7.5247e-10,0.05107,0.059434
-6.2775e-10,0.051122,0.059315
-5.0646e-10,0.051173,0.059201
-3.8892e-10,0.051223,0.059092
-2.7539e-10,0.051271,0.058988
-1.6612e-10,0.051318,0.05889
-6.1346e-11,0.051363,0.058797
3.8749e-11,0.051407,0.058709
1.34e-10,0.051448,0.058627
2.2426e-10,0.051488,0.058551
3.0942e-10,0.051526,0.058481
3.8939e-10,0.051561,0.058417
4.6411e-10,0.051594,0.058358
5.3354e-10,0.051626,0.058305
5.9765e-10,0.051654,0.058259
6.5644e-10,0.051681,0.058218
7.0995e-10,0.051705,0.058183
7.5821e-10,0.051726,0.058154
8.0129e-10,0.051745,0.058131
8.3925e-10,0.051762,0.058113
8.722e-10,0.051777,0.058102
9.0024e-10,0.051789,0.058096
9.2349e-10,0.051798,0.058095
9.421e-10,0.051806,0.0581
9.562e-10,0.051811,0.05811
9.6595e-10,0.051814,0.058126
9.7153e-10,0.051815,0.058146
9.7309e-10,0.051814,0.058172
9.7084e-10,0.05181,0.058202
9.6495e-10,0.051805,0.058237
9.5561e-10,0.051798,0.058277
9.4303e-10,0.05179,0.05832
9.2741e-10,0.051779,0.058368
9.0895e-10,0.051767,0.05842
8.8784e-10,0.051754,0.058476
8.6431e-10,0.051739,0.058536
8.3855e-10,0.051723,0.058599
8.1077e-10,0.051706,0.058665
7.8117e-10,0.051688,0.058735
7.4995e-10,0.051669,0.058807
7.173e-10,0.05165,0.058883
6.8342e-10,0.051629,0.058961
6.4849e-10,0.051608,0.059041
6.1271e-10,0.051586,0.059124
5.7624e-10,0.051564,0.059209
5.3926e-10,0.051542,0.059296
5.0194e-10,0.051519,0.059385
4.6444e-10,0.051496,0.059475
4.2691e-10,0.051473,0.059567
3.8949e-10,0.05145,0.05966
3.5233e-10,0.051427,0.059755
3.1556e-10,0.051405,0.059851
2.7929e-10,0.051382,0.059948
2.4365e-10,0.05136,0.060045
2.0875e-10,0.051338,0.060143
1.7467e-10,0.051316,0.060242
1.4153e-10,0.051295,0.060341
1.0939e-10,0.051274,0.060441
7.834e-11,0.051254,0.06054
4.8445e-11,0.051234,0.06064
1.9767e-11,0.051215,0.06074
-7.6423e-12,0.051196,0.06084
-3.3735e-11,0.051178,0.060939
-5.8474e-11,0.051161,0.061038
-8.1826e-11,0.051144,0.061137
-1.0377e-10,0.051127,0.061235
-1.2428e-10,0.051111,0.061332
-1.4335e-10,0.051096,0.061429
-1.6097e-10,0.051081,0.061525
-1.7715e-10,0.051066,0.06162
-1.9188e-10,0.051052,0.061715
-2.0518e-10,0.051038,0.061808
-2.1707e-10,0.051025,0.0619
-2.2756e-10,0.051012,0.061991
-2.3668e-10,0.051,0.062081
-2.4447e-10,0.050988,0.062169
-2.5094e-10,0.050976,0.062256
-2.5615e-10,0.050964,0.062342
-2.6012e-10,0.050952,0.062426
-2.629e-10,0.050941,0.062509
-2.6454e-10,0.050929,0.06259
-2.6509e-10,0.050918,0.062669
-2.6459e-10,0.050907,0.062746
-2.6309e-10,0.050896,0.062822
-2.6064e-10,0.050884,0.062896
-2.5731e-10,0.050873,0.062968
-2.5314e-10,0.050861,0.063038
-2.4819e-10,0.050849,0.063106
-2.4252e-10,0.050837,0.063172
-2.3618e-10,0.050825,0.063236
-2.2923e-10,0.050813,0.063298
-2.2172e-10,0.0508,0.063357
-2.137e-10,0.050787,0.063414
-2.0524e-10,0.050773,0.063469
-1.9639e-10,0.05076,0.063521
-1.8719e-10,0.050745,0.063571
-1.7771e-10,0.050731,0.063619
-1.6798e-10,0.050715,0.063663
-1.5807e-10,0.0507,0.063706
-1.4801e-10,0.050684,0.063745
-1.3785e-10,0.050667,0.063782
-1.2764e-10,0.05065,0.063816
-1.1741e-10,0.050632,0.063848
-1.0721e-10,0.050613,0.063876
-9.7081e-11,0.050594,0.063902
-8.705e-11,0.050575,0.063925
-7.7154e-11,0.050555,0.063945
-6.7425e-11,0.050534,0.063962
-5.7893e-11,0.050512,0.063976
-4.8585e-11,0.05049,0.063987
-3.9527e-11,0.050468,0.063995
-3.0741e-11,0.050444,0.063999
-2.2249e-11,0.05042,0.064001
-1.407e-11,0.050396,0.064
-6.2211e-12,0.05037,0.063996
1.2838e-12,0.050345,0.063989
8.4316e-12,0.050318,0.063979
1.5211e-11,0.050291,0.063966
2.1615e-11,0.050264,0.06395
2.7634e-11,0.050235,0.063931
3.3264e-11,0.050207,0.063909
3.8502e-11,0.050178,0.063884
4.3346e-11,0.050148,0.063856
4.7795e-11,0.050118,0.063826
5.1851e-11,0.050087,0.063793
5.5517e-11,0.050056,0.063758
5.8797e-11,0.050025,0.063719
6.1697e-11,0.049993,0.063679
6.4222e-11,0.049961,0.063636
6.6382e-11,0.049929,0.063591
6.8185e-11,0.049897,0.063544
6.964e-11,0.049864,0.063495
7.0758e-11,0.049831,0.063444
7.1551e-11,0.049798,0.063391
7.2032e-11,0.049765,0.063336
7.2212e-11,0.049732,0.063281
7.2105e-11,0.049699,0.063223
7.1726e-11,0.049667,0.063165
7.1087e-11,0.049634,0.063105
7.0205e-11,0.049601,0.063045
6.9094e-11,0.049569,0.062983
6.7768e-11,0.049537,0.062921
6.6244e-11,0.049505,0.062859
6.4536e-11,0.049474,0.062796
6.2659e-11,0.049443,0.062734
6.0629e-11,0.049412,0.062671
5.846e-11,0.049382,0.062609
5.6168e-11,0.049353,0.062547
5.3767e-11,0.049324,0.062485
5.1272e-11,0.049296,0.062424
4.8696e-11,0.049269,0.062364
4.6053e-11,0.049242,0.062305
4.3357e-11,0.049216,0.062248
4.062e-11,0.049191,0.062191
3.7855e-11,0.049167,0.062136
3.5074e-11,0.049144,0.062083
3.2289e-11,0.049122,0.062031
2.9509e-11,0.049101,0.061981
2.6746e-11,0.049081,0.061933
2.401e-11,0.049062,0.061888
2.131e-11,0.049045,0.061844
1.8654e-11,0.049028,0.061803
1.6052e-11,0.049013,0.061764
1.3509e-11,0.048999,0.061728
1.1034e-11,0.048986,0.061694
8.6318e-12,0.048975,0.061663
6.3096e-12,0.048964,0.061635
4.072e-12,0.048956,0.06161
1.9237e-12,0.048948,0.061587
-1.3118e-13,0.048942,0.061567
-2.0891e-12,0.048937,0.061551
-3.9471e-12,0.048934,0.061537
-5.7027e-12,0.048932,0.061527
-7.3539e-12,0.048931,0.061519
-8.8993e-12,0.048932,0.061515
-1.0338e-11,0.048934,0.061513
-1.1669e-11,0.048937,0.061515
-1.2893e-11,0.048942,0.06152
-1.4009e-11,0.048948,0.061527
-1.502e-11,0.048956,0.061538
-1.5925e-11,0.048965,0.061552
-1.6726e-11,0.048975,0.061568
-1.7425e-11,0.048986,0.061587
-1.8024e-11,0.048999,0.06161
-1.8525e-11,0.049013,0.061634
-1.8932e-11,0.049028,0.061662
-1.9247e-11,0.049045,0.061692
-1.9472e-11,0.049063,0.061724
-1.9612e-11,0.049082,0.061759
-1.967e-11,0.049102,0.061796
-1.9649e-11,0.049123,0.061836
-1.9554e-11,0.049146,0.061877
-1.9387e-11,0.049169,0.06192
-1.9154e-11,0.049194,0.061965
-1.8858e-11,0.04922,0.062011
-1.8503e-11,0.049247,0.062059
-1.8094e-11,0.049275,0.062108
-1.7634e-11,0.049304,0.062159
-1.7127e-11,0.049334,0.06221
-1.6578e-11,0.049365,0.062263
-1.5992e-11,0.049397,0.062316
-1.5371e-11,0.04943,0.06237
-1.472e-11,0.049464,0.062424
-1.4043e-11,0.049499,0.062478
-1.3343e-11,0.049535,0.062532
-1.2625e-11,0.049572,0.062586
-1.1892e-11,0.04961,0.06264
-1.1147e-11,0.04965,0.062694
-1.0395e-11,0.04969,0.062747
-9.6375e-12,0.049731,0.062799
-8.8786e-12,0.049773,0.062851
-8.1212e-12,0.049817,0.062901
-7.368e-12,0.049861,0.06295
-6.6217e-12,0.049907,0.062998
-5.8849e-12,0.049953,0.063045
-5.16e-12,0.050001,0.06309
-4.4493e-12,0.05005,0.063133
-3.7548e-12,0.0501,0.063175
-3.0784e-12,0.050152,0.063214
-2.4218e-12,0.050204,0.063252
-1.7868e-12,0.050258,0.063288
-1.1747e-12,0.050313,0.063321
-5.8672e-13,0.05037,0.063352
-2.4116e-14,0.050428,0.063381
5.1218e-13,0.050487,0.063407
1.0213e-12,0.050548,0.063431
1.5026e-12,0.05061,0.063452
1.9556e-12,0.050673,0.063471
2.3797e-12,0.050738,0.063487
2.7748e-12,0.050804,0.0635
3.1406e-12,0.050872,0.063511
3.4772e-12,0.050941,0.063519
3.7846e-12,0.051011,0.063524
4.0629e-12,0.051083,0.063527
4.3126e-12,0.051156,0.063526
4.5339e-12,0.051231,0.063524
4.7273e-12,0.051306,0.063518
4.8934e-12,0.051383,0.06351
5.0329e-12,0.051461,0.063499
5.1465e-12,0.05154,0.063486
5.2349e-12,0.051619,0.06347
5.2989e-12,0.0517,0.063452
5.3396e-12,0.051782,0.063431
5.3577e-12,0.051864,0.063408
5.3543e-12,0.051946,0.063382
5.3305e-12,0.052029,0.063355
5.2873e-12,0.052112,0.063325
5.2257e-12,0.052196,0.063293
5.1468e-12,0.052279,0.06326
5.0518e-12,0.052362,0.063224
4.9418e-12,0.052445,0.063187
4.8179e-12,0.052528,0.063148
4.6813e-12,0.052609,0.063107
4.533e-12,0.05269,0.063065
4.3743e-12,0.05277,0.063022
4.2061e-12,0.052848,0.062978
4.0296e-12,0.052926,0.062932
3.8458e-12,0.053001,0.062886
3.6559e-12,0.053075,0.062839
3.4608e-12,0.053147,0.062791
3.2615e-12,0.053217,0.062742
3.0589e-12,0.053284,0.062693
2.8541e-12,0.053349,0.062644
2.6479e-12,0.053411,0.062594
2.4412e-12,0.053471,0.062545
2.2348e-12,0.053527,0.062495
2.0295e-12,0.05358,0.062446
1.8259e-12,0.05363,0.062397
1.6249e-12,0.053677,0.062349
1.427e-12,0.05372,0.062301
1.233e-12,0.053759,0.062254
1.0433e-12,0.053794,0.062208
8.5845e-13,0.053825,0.062163
6.7899e-13,0.053852,0.062119
5.0533e-13,0.053875,0.062077
3.3788e-13,0.053894,0.062036
1.7698e-13,0.053909,0.061996
2.2956e-14,0.053919,0.061958
-1.2393e-13,0.053925,0.061922
-2.6345e-13,0.053926,0.061887
-3.954e-13,0.053923,0.061855
-5.1964e-13,0.053916,0.061824
-6.3604e-13,0.053904,0.061796
-7.4453e-13,0.053887,0.06177
-8.4506e-13,0.053867,0.061746
-9.3762e-13,0.053842,0.061725
-1.0222e-12,0.053813,0.061706
-1.0989e-12,0.053779,0.061689
-1.1678e-12,0.053742,0.061675
-1.2289e-12,0.053701,0.061664
-1.2824e-12,0.053655,0.061655
-1.3285e-12,0.053606,0.061648
-1.3672e-12,0.053554,0.061645
-1.3989e-12,0.053497,0.061644
-1.4237e-12,0.053438,0.061645
-1.4419e-12,0.053375,0.06165
-1.4537e-12,0.053309,0.061657
-1.4593e-12,0.053241,0.061666
-1.459e-12,0.05317,0.061679
-1.4531e-12,0.053096,0.061694
-1.4419e-12,0.05302,0.061711
-1.4256e-12,0.052942,0.061731
-1.4046e-12,0.052862,0.061753
-1.3792e-12,0.05278,0.061778
-1.3497e-12,0.052696,0.061806
-1.3163e-12,0.052612,0.061835
-1.2795e-12,0.052526,0.061867
-1.2394e-12,0.052439,0.061901
-1.1965e-12,0.052352,0.061937
-1.1509e-12,0.052264,0.061975
-1.1031e-12,0.052176,0.062015
-1.0532e-12,0.052088,0.062057
-1.0016e-12,0.052,0.062101
-9.4861e-13,0.051912,0.062147
-8.9443e-13,0.051825,0.062194
-8.3935e-13,0.051739,0.062243
-7.8361e-13,0.051653,0.062293
-7.2747e-13,0.051569,0.062345
-6.7116e-13,0.051486,0.062398
-6.1491e-13,0.051405,0.062453
-5.5893e-13,0.051325,0.062508
-5.0342e-13,0.051247,0.062565
-4.4857e-13,0.051171,0.062622
-3.9457e-13,0.051098,0.06268
-3.4159e-13,0.051026,0.06274
-2.8977e-13,0.050957,0.0628
-2.3927e-13,0.050891,0.06286
-1.9022e-13,0.050828,0.062922
-1.4273e-13,0.050767,0.062984
-9.6927e-14,0.050709,0.063046
-5.2897e-14,0.050655,0.063109
-1.073e-14,0.050604,0.063172
2.95e-14,0.050556,0.063235
6.7728e-14,0.050511,0.063299
1.039e-13,0.05047,0.063363
1.3798e-13,0.050432,0.063427
1.6992e-13,0.050398,0.063492
1.9971e-13,0.050367,0.063556
2.2733e-13,0.05034,0.063621
2.5278e-13,0.050317,0.063686
2.7606e-13,0.050297,0.063751
2.9719e-13,0.050281,0.063816
3.1617e-13,0.050268,0.063881
3.3305e-13,0.050259,0.063947
3.4785e-13,0.050254,0.064012
3.6062e-13,0.050252,0.064078
3.714e-13,0.050253,0.064144
3.8024e-13,0.050258,0.06421
3.872e-13,0.050266,0.064276
3.9234e-13,0.050277,0.064342
3.9573e-13,0.050291,0.064409
3.9743e-13,0.050308,0.064476
3.9752e-13,0.050327,0.064543
3.9608e-13,0.05035,0.064611
3.9318e-13,0.050375,0.064678
3.8889e-13,0.050402,0.064747
3.8331e-13,0.050431,0.064815
3.7652e-13,0.050463,0.064884
3.6859e-13,0.050496,0.064953
3.5961e-13,0.050531,0.065023
3.4967e-13,0.050567,0.065093
3.3885e-13,0.050605,0.065163
3.2723e-13,0.050643,0.065234
3.1489e-13,0.050683,0.065305
3.0192e-13,0.050723,0.065377
2.8839e-13,0.050764,0.065449
2.7439e-13,0.050805,0.065521
2.5998e-13,0.050847,0.065593
2.4525e-13,0.050888,0.065666
2.3027e-13,0.050929,0.065738
2.151e-13,0.050969,0.065811
1.9981e-13,0.051009,0.065884
1.8447e-13,0.051048,0.065957
1.6914e-13,0.051086,0.06603
1.5388e-13,0.051123,0.066103
1.3874e-13,0.051159,0.066176
1.2378e-13,0.051193,0.066248
1.0904e-13,0.051226,0.06632
9.4573e-14,0.051257,0.066392
8.042e-14,0.051286,0.066463
6.6622e-14,0.051313,0.066533
5.3214e-14,0.051339,0.066602
4.023e-14,0.051362,0.066671
2.77e-14,0.051382,0.066739
1.5652e-14,0.051401,0.066805
4.109e-15,0.051417,0.066871
-6.9082e-15,0.05143,0.066935
-1.7382e-14,0.051442,0.066998
-2.7297e-14,0.05145,0.067059
-3.6641e-14,0.051457,0.067119
-4.5405e-14,0.05146,0.067177
-5.3583e-14,0.051462,0.067233
-6.1171e-14,0.05146,0.067287
-6.8167e-14,0.051457,0.067339
-7.4571e-14,0.051451,0.067389
-8.0387e-14,0.051442,0.067437
-8.562e-14,0.051432,0.067482
-9.0277e-14,0.051419,0.067525
-9.4368e-14,0.051404,0.067565
-9.7903e-14,0.051387,0.067603
-1.0089e-13,0.051368,0.067638
-1.0335e-13,0.051347,0.06767
-1.053e-13,0.051324,0.067699
-1.0675e-13,0.0513,0.067726
-1.0772e-13,0.051274,0.067749
-1.0823e-13,0.051247,0.067769
-1.083e-13,0.051219,0.067786
-1.0794e-13,0.05119,0.067801
-1.0719e-13,0.051159,0.067811
-1.0606e-13,0.051128,0.067819
-1.0457e-13,0.051096,0.067823
-1.0275e-13,0.051063,0.067825
-1.0061e-13,0.05103,0.067823
-9.8193e-14,0.050997,0.067817
-9.5506e-14,0.050964,0.067809
-9.2577e-14,0.05093,0.067797
-8.9428e-14,0.050897,0.067782
-8.6081e-14,0.050864,0.067764
-8.2559e-14,0.050831,0.067743
-7.8884e-14,0.050799,0.067718
-7.5076e-14,0.050767,0.067691
-7.1157e-14,0.050737,0.067661
-6.7147e-14,0.050706,0.067627
-6.3066e-14,0.050677,0.067592
-5.8933e-14,0.050649,0.067553
-5.4766e-14,0.050622,0.067511
-5.0584e-14,0.050596,0.067468
-4.6402e-14,0.050571,0.067421
-4.2236e-14,0.050547,0.067373
-3.8104e-14,0.050524,0.067322
-3.4018e-14,0.050503,0.067269
-2.9992e-14,0.050484,0.067214
-2.6039e-14,0.050465,0.067157
-2.2171e-14,0.050448,0.067098
-1.8399e-14,0.050433,0.067038
-1.4733e-14,0.050419,0.066976
-1.1182e-14,0.050406,0.066913
-7.7541e-15,0.050394,0.066849
-4.4574e-15,0.050384,0.066784
-1.2984e-15,0.050376,0.066718
1.7173e-15,0.050368,0.066651
4.5846e-15,0.050362,0.066583
7.2994e-15,0.050357,0.066515
9.8584e-15,0.050353,0.066447
1.2259e-14,0.05035,0.066378
1.4499e-14,0.050348,0.06631
1.6578e-14,0.050346,0.066241
1.8494e-14,0.050346,0.066173
2.0248e-14,0.050346,0.066105
2.1842e-14,0.050348,0.066038
2.3275e-14,0.050349,0.065972
2.4551e-14,0.050351,0.065906
2.567e-14,0.050353,0.065841
2.6638e-14,0.050356,0.065778
2.7456e-14,0.050359,0.065715
2.8128e-14,0.050362,0.065654
2.8659e-14,0.050364,0.065595
2.9053e-14,0.050367,0.065537
2.9315e-14,0.050369,0.065481
2.945e-14,0.050371,0.065426
2.9464e-14,0.050373,0.065374
2.9361e-14,0.050373,0.065323
2.9148e-14,0.050374,0.065274
2.8831e-14,0.050373,0.065228
2.8416e-14,0.050372,0.065183
2.7909e-14,0.050369,0.065141
2.7315e-14,0.050366,0.065101
2.6642e-14,0.050361,0.065064
2.5896e-14,0.050355,0.065028
2.5083e-14,0.050348,0.064995
2.4209e-14,0.05034,0.064965
2.3281e-14,0.05033,0.064937
2.2304e-14,0.050319,0.064911
2.1284e-14,0.050307,0.064887
2.0229e-14,0.050292,0.064866
1.9142e-14,0.050277,0.064847
1.8031e-14,0.05026,0.06483
1.69e-14,0.050241,0.064816
1.5755e-14,0.05022,0.064804
1.4601e-14,0.050198,0.064793
1.3443e-14,0.050175,0.064785
1.2285e-14,0.05015,0.064779
1.1133e-14,0.050123,0.064774
9.9902e-15,0.050095,0.064771
8.8611e-15,0.050066,0.06477
7.7494e-15,0.050035,0.06477
6.6588e-15,0.050003,0.064772
5.5926e-15,0.04997,0.064775
4.554e-15,0.049936,0.06478
3.5459e-15,0.0499,0.064785
2.5708e-15,0.049864,0.064792
1.6314e-15,0.049826,0.064799
7.2963e-16,0.049788,0.064808
-1.3247e-16,0.04975,0.064817
-9.532e-16,0.049711,0.064826
-1.7311e-15,0.049671,0.064836
-2.4649e-15,0.049631,0.064846
-3.1536e-15,0.049591,0.064856
-3.7963e-15,0.049551,0.064867
-4.3925e-15,0.049512,0.064877
-4.9417e-15,0.049472,0.064887
-5.4437e-15,0.049433,0.064897
-5.8985e-15,0.049395,0.064906
-6.3063e-15,0.049357,0.064915
-6.6673e-15,0.04932,0.064923
-6.982e-15,0.049284,0.064931
-7.2511e-15,0.049249,0.064938
-7.4753e-15,0.049216,0.064943
-7.6556e-15,0.049183,0.064948
-7.7931e-15,0.049153,0.064951
-7.8888e-15,0.049124,0.064953
-7.9441e-15,0.049097,0.064954
-7.9604e-15,0.049071,0.064953
-7.9391e-15,0.049048,0.064951
-7.8818e-15,0.049027,0.064947
-7.7901e-15,0.049008,0.064941
-7.6658e-15,0.048991,0.064934
-7.5106e-15,0.048977,0.064925
-7.3263e-15,0.048965,0.064913
-7.1149e-15,0.048956,0.0649
-6.8782e-15,0.048949,0.064885
-6.6182e-15,0.048945,0.064867
-6.3368e-15,0.048944,0.064848
-6.0359e-15,0.048946,0.064826
-5.7177e-15,0.04895,0.064802
-5.3841e-15,0.048957,0.064776
-5.037e-15,0.048967,0.064747
-4.6785e-15,0.04898,0.064717
-4.3104e-15,0.048996,0.064684
-3.9349e-15,0.049015,0.064648
-3.5537e-15,0.049036,0.064611
-3.1687e-15,0.049061,0.064571
-2.7819e-15,0.049088,0.064529
-2.395e-15,0.049118,0.064485
-2.0098e-15,0.049151,0.064439
-1.6281e-15,0.049186,0.06439
-1.2514e-15,0.049224,0.06434
-8.8152e-16,0.049265,0.064288
-5.1989e-16,0.049308,0.064234
-1.6805e-16,0.049353,0.064179
1.7254e-16,0.049401,0.064121
5.0052e-16,0.049451,0.064063
8.1457e-16,0.049503,0.064003
1.1135e-15,0.049557,0.063941
1.396e-15,0.049613,0.063879
1.6612e-15,0.049671,0.063815
1.9079e-15,0.049731,0.06375
2.1352e-15,0.049792,0.063685
2.3423e-15,0.049854,0.063619
2.5284e-15,0.049918,0.063553
2.6927e-15,0.049984,0.063486
2.8347e-15,0.05005,0.063418
2.9539e-15,0.050117,0.063351
3.0497e-15,0.050185,0.063284
3.1218e-15,0.050254,0.063217
3.1699e-15,0.050324,0.06315
3.1939e-15,0.050393,0.063083
3.1935e-15,0.050464,0.063017
3.1689e-15,0.050534,0.062952
3.12e-15,0.050605,0.062887
3.047e-15,0.050675,0.062823
2.9501e-15,0.050745,0.06276
2.8296e-15,0.050815,0.062698
2.686e-15,0.050885,0.062638
2.5198e-15,0.050954,0.062578
2.3314e-15,0.051022,0.06252
2.1216e-15,0.05109,0.062463
1.8911e-15,0.051156,0.062408
1.6408e-15,0.051222,0.062355
1.3714e-15,0.051287,0.062303
1.0841e-15,0.05135,0.062252
7.7992e-16,0.051412,0.062204
4.5993e-16,0.051473,0.062157
1.2538e-16,0.051533,0.062112
-2.2242e-16,0.051591,0.062069
-5.8212e-16,0.051647,0.062027
-9.5228e-16,0.051702,0.061988
-1.3314e-15,0.051756,0.061951
-1.7179e-15,0.051807,0.061916
-2.1102e-15,0.051857,0.061882
-2.5065e-15,0.051904,0.061851
-2.9052e-15,0.05195,0.061822
-3.3045e-15,0.051994,0.061795
-3.7024e-15,0.052036,0.061771
-4.0971e-15,0.052076,0.061748
-4.4867e-15,0.052114,0.061728
-4.8692e-15,0.05215,0.061709
-5.2426e-15,0.052184,0.061693
-5.6049e-15,0.052215,0.061679
-5.9541e-15,0.052245,0.061667
-6.2881e-15,0.052272,0.061658
-6.6049e-15,0.052297,0.06165
-6.9023e-15,0.05232,0.061645
-7.1784e-15,0.052341,0.061642
-7.431e-15,0.052359,0.061641
-7.6582e-15,0.052375,0.061642
-7.858e-15,0.052389,0.061645
-8.0284e-15,0.052401,0.061651
-8.1674e-15,0.05241,0.061659
-8.2732e-15,0.052417,0.061668
-8.344e-15,0.052421,0.06168
-8.3781e-15,0.052423,0.061694
-8.3737e-15,0.052423,0.06171
-8.3292e-15,0.052421,0.061728
-8.2433e-15,0.052416,0.061749
-8.1144e-15,0.052408,0.061771
-7.9413e-15,0.052398,0.061795
-7.7228e-15,0.052386,0.061821
-7.4579e-15,0.052371,0.061849
-7.1457e-15,0.052354,0.061879
-6.7855e-15,0.052334,0.061911
-6.3767e-15,0.052312,0.061944
-5.9188e-15,0.052287,0.06198
-5.4116e-15,0.05226,0.062017
-4.855e-15,0.05223,0.062056
-4.2492e-15,0.052198,0.062096
-3.5945e-15,0.052163,0.062138
-2.8914e-15,0.052126,0.062181
-2.1407e-15,0.052087,0.062226
-1.3433e-15,0.052045,0.062273
-5.0044e-16,0.052001,0.06232
3.8646e-16,0.051954,0.062369
1.3157e-15,0.051905,0.062419
2.2855e-15,0.051854,0.062471
3.2935e-15,0.0518,0.062523
4.3375e-15,0.051745,0.062576
5.4147e-15,0.051687,0.06263
6.5222e-15,0.051627,0.062685
7.6569e-15,0.051565,0.062741
8.8154e-15,0.051501,0.062798
9.9939e-15,0.051435,0.062855
1.1189e-14,0.051368,0.062912
1.2395e-14,0.051298,0.06297
1.3609e-14,0.051227,0.063028
1.4827e-14,0.051154,0.063086
1.6042e-14,0.05108,0.063145
1.725e-14,0.051005,0.063203
1.8446e-14,0.050928,0.063261
1.9624e-14,0.05085,0.06332
2.0779e-14,0.050771,0.063377
2.1904e-14,0.050691,0.063435
2.2994e-14,0.05061,0.063492
2.4042e-14,0.050529,0.063548
2.5042e-14,0.050447,0.063603
2.5989e-14,0.050365,0.063658
2.6874e-14,0.050283,0.063712
2.7692e-14,0.0502,0.063764
2.8436e-14,0.050118,0.063816
2.91e-14,0.050036,0.063866
2.9676e-14,0.049954,0.063915
3.0159e-14,0.049873,0.063963
3.0541e-14,0.049793,0.064009
3.0817e-14,0.049713,0.064053
3.098e-14,0.049635,0.064096
3.1024e-14,0.049558,0.064137
3.0943e-14,0.049483,0.064177
3.0731e-14,0.049409,0.064214
3.0382e-14,0.049337,0.06425
2.9892e-14,0.049267,0.064283
2.9256e-14,0.049199,0.064315
2.8468e-14,0.049133,0.064344
2.7525e-14,0.04907,0.064372
2.6424e-14,0.049009,0.064397
2.516e-14,0.048952,0.06442
2.3731e-14,0.048897,0.064441
2.2135e-14,0.048845,0.064461
2.037e-14,0.048796,0.064477
1.8435e-14,0.048751,0.064492
1.6329e-14,0.048709,0.064505
1.4053e-14,0.04867,0.064516
1.1608e-14,0.048635,0.064525
8.9944e-15,0.048604,0.064531
6.2157e-15,0.048577,0.064536
3.2748e-15,0.048553,0.064539
1.7564e-16,0.048533,0.06454
-3.077e-15,0.048517,0.064539
-6.4774e-15,0.048505,0.064537
-1.0019e-14,0.048497,0.064533
-1.3695e-14,0.048493,0.064528
-1.7496e-14,0.048493,0.064521
-2.1413e-14,0.048496,0.064512
-2.5436e-14,0.048504,0.064502
-2.9555e-14,0.048515,0.064492
-3.3756e-14,0.04853,0.064479
-3.8027e-14,0.048549,0.064466
-4.2355e-14,0.048571,0.064452
-4.6724e-14,0.048597,0.064437
-5.1119e-14,0.048626,0.064422
-5.5522e-14,0.048658,0.064405
-5.9918e-14,0.048693,0.064388
-6.4287e-14,0.048731,0.064371
-6.8611e-14,0.048772,0.064353
-7.287e-14,0.048816,0.064335
-7.7043e-14,0.048862,0.064316
-8.111e-14,0.04891,0.064298
-8.5048e-14,0.04896,0.064279
-8.8836e-14,0.049012,0.064261
-9.245e-14,0.049066,0.064242
-9.5868e-14,0.049121,0.064224
-9.9066e-14,0.049178,0.064206
-1.0202e-13,0.049235,0.064189
-1.0471e-13,0.049293,0.064172
-1.071e-13,0.049352,0.064156
-1.0918e-13,0.049411,0.06414
-1.1092e-13,0.04947,0.064125
-1.1229e-13,0.049529,0.06411
-1.1328e-13,0.049588,0.064096
-1.1386e-13,0.049646,0.064083
-1.1401e-13,0.049704,0.064071
-1.137e-13,0.04976,0.06406
-1.1292e-13,0.049815,0.06405
-1.1164e-13,0.049869,0.06404
-1.0985e-13,0.049922,0.064032
-1.0752e-13,0.049973,0.064024
-1.0464e-13,0.050021,0.064017
-1.012e-13,0.050068,0.064012
-9.7182e-14,0.050113,0.064007
-9.2571e-14,0.050155,0.064003
-8.7358e-14,0.050194,0.064
-8.1534e-14,0.050232,0.063998
-7.5094e-14,0.050266,0.063996
-6.8033e-14,0.050297,0.063995
-6.0349e-14,0.050326,0.063995
-5.2042e-14,0.050351,0.063996
-4.3116e-14,0.050373,0.063997
-3.3575e-14,0.050393,0.063999
-2.3429e-14,0.050409,0.064
-1.2689e-14,0.050421,0.064003
-1.3684e-15,0.050431,0.064005
1.0515e-14,0.050437,0.064008
2.2942e-14,0.05044,0.06401
3.5887e-14,0.05044,0.064012
4.9325e-14,0.050436,0.064015
6.3225e-14,0.05043,0.064017
7.7553e-14,0.05042,0.064018
9.2274e-14,0.050407,0.064019
1.0735e-13,0.050391,0.064019
1.2273e-13,0.050372,0.064019
1.3837e-13,0.050351,0.064018
1.5422e-13,0.050327,0.064016
1.7023e-13,0.0503,0.064013
1.8634e-13,0.05027,0.064009
2.0248e-13,0.050239,0.064003
2.1861e-13,0.050205,0.063997
2.3464e-13,0.050168,0.063989
2.5052e-13,0.05013,0.063979
2.6616e-13,0.05009,0.063969
2.815e-13,0.050049,0.063956
2.9645e-13,0.050006,0.063943
3.1094e-13,0.049961,0.063927
3.2489e-13,0.049916,0.06391
3.3821e-13,0.049869,0.063892
3.5082e-13,0.049822,0.063872
3.6263e-13,0.049774,0.063851
3.7355e-13,0.049725,0.063828
3.8351e-13,0.049676,0.063803
3.924e-13,0.049627,0.063778
4.0014e-13,0.049578,0.063751
4.0665e-13,0.04953,0.063722
4.1183e-13,0.049482,0.063693
4.156e-13,0.049434,0.063662
4.1787e-13,0.049387,0.063631
4.1857e-13,0.049341,0.063598
4.1761e-13,0.049296,0.063565
4.1492e-13,0.049252,0.063531
4.1041e-13,0.04921,0.063497
4.0402e-13,0.049169,0.063462
3.9568e-13,0.04913,0.063427
3.8534e-13,0.049092,0.063393
3.7292e-13,0.049057,0.063358
3.5839e-13,0.049023,0.063323
3.4169e-13,0.048992,0.063289
3.2278e-13,0.048962,0.063256
3.0164e-13,0.048935,0.063223
2.7824e-13,0.048911,0.063192
2.5256e-13,0.048888,0.063161
2.246e-13,0.048868,0.063132
1.9435e-13,0.048851,0.063105
1.6182e-13,0.048836,0.063079
1.2704e-13,0.048824,0.063055
9.0036e-14,0.048814,0.063033
5.0843e-14,0.048807,0.063013
9.514e-15,0.048802,0.062995
-3.3889e-14,0.0488,0.06298
-7.9291e-14,0.0488,0.062968
-1.2661e-13,0.048803,0.062959
-1.7574e-13,0.048808,0.062952
-2.2659e-13,0.048816,0.062949
-2.7902e-13,0.048825,0.062949
-3.3291e-13,0.048837,0.062952
-3.881e-13,0.048851,0.062959
-4.4444e-13,0.048868,0.06297
-5.0176e-13,0.048886,0.062984
-5.5987e-13,0.048906,0.063002
-6.1858e-13,0.048927,0.063024
-6.7768e-13,0.04895,0.063049
-7.3695e-13,0.048975,0.063079
-7.9615e-13,0.049001,0.063113
-8.5505e-13,0.049028,0.06315
-9.134e-13,0.049057,0.063192
-9.7092e-13,0.049086,0.063238
-1.0274e-12,0.049116,0.063288
-1.0824e-12,0.049147,0.063342
-1.1358e-12,0.049178,0.0634
-1.1872e-12,0.049209,0.063462
-1.2364e-12,0.049241,0.063528
-1.283e-12,0.049273,0.063598
-1.3266e-12,0.049304,0.063672
-1.3671e-12,0.049336,0.063749
-1.404e-12,0.049366,0.06383
-1.4371e-12,0.049397,0.063914
-1.466e-12,0.049426,0.064002
-1.4904e-12,0.049455,0.064093
-1.51e-12,0.049482,0.064187
-1.5244e-12,0.049509,0.064284
-1.5333e-12,0.049533,0.064384
-1.5366e-12,0.049557,0.064487
-1.5337e-12,0.049579,0.064592
-1.5245e-12,0.049599,0.0647
-1.5087e-12,0.049617,0.064809
-1.486e-12,0.049633,0.064921
-1.4562e-12,0.049647,0.065034
-1.419e-12,0.049659,0.065149
-1.3743e-12,0.049668,0.065265
-1.3218e-12,0.049675,0.065382
-1.2614e-12,0.04968,0.065501
-1.1928e-12,0.049681,0.06562
-1.1161e-12,0.049681,0.06574
-1.0311e-12,0.049677,0.06586
-9.378e-13,0.04967,0.06598
-8.3606e-13,0.049661,0.0661
-7.2593e-13,0.049649,0.06622
-6.0744e-13,0.049633,0.06634
-4.8066e-13,0.049615,0.066459
-3.457e-13,0.049594,0.066577
-2.0269e-13,0.049569,0.066694
-5.1824e-14,0.049542,0.06681
1.0668e-13,0.049512,0.066925
2.7256e-13,0.049478,0.067038
4.4551e-13,0.049442,0.06715
6.2517e-13,0.049403,0.067259
8.1115e-13,0.049361,0.067367
1.003e-12,0.049316,0.067473
1.2003e-12,0.049268,0.067576
1.4024e-12,0.049218,0.067676
1.6088e-12,0.049166,0.067774
1.8188e-12,0.04911,0.06787
2.0318e-12,0.049053,0.067962
2.2472e-12,0.048993,0.068052
2.464e-12,0.048932,0.068138
2.6815e-12,0.048868,0.068221
2.8989e-12,0.048803,0.068301
3.1153e-12,0.048735,0.068378
3.3298e-12,0.048667,0.068451
3.5413e-12,0.048597,0.06852
3.7489e-12,0.048526,0.068586
3.9516e-12,0.048454,0.068649
4.1484e-12,0.048381,0.068707
4.338e-12,0.048308,0.068762
4.5194e-12,0.048234,0.068813
4.6915e-12,0.04816,0.06886
4.853e-12,0.048086,0.068904
5.0029e-12,0.048012,0.068943
5.14e-12,0.047938,0.068978
5.263e-12,0.047865,0.06901
5.3708e-12,0.047792,0.069038
5.4622e-12,0.047721,0.069061
5.536e-12,0.04765,0.069081
5.591e-12,0.047581,0.069097
5.6262e-12,0.047512,0.069109
5.6403e-12,0.047446,0.069118
5.6323e-12,0.047381,0.069122
5.6012e-12,0.047318,0.069123
5.5458e-12,0.047257,0.06912
5.4653e-12,0.047198,0.069113
5.3588e-12,0.047141,0.069103
5.2253e-12,0.047086,0.069089
5.0641e-12,0.047034,0.069071
4.8746e-12,0.046985,0.069051
4.6559e-12,0.046937,0.069027
4.4077e-12,0.046893,0.068999
4.1294e-12,0.046851,0.068968
3.8208e-12,0.046812,0.068935
3.4815e-12,0.046776,0.068898
3.1113e-12,0.046742,0.068858
2.7104e-12,0.046712,0.068816
2.2788e-12,0.046684,0.06877
1.8167e-12,0.046659,0.068722
1.3246e-12,0.046636,0.068672
8.0279e-13,0.046617,0.068619
2.5208e-13,0.0466,0.068564
-3.2677e-13,0.046586,0.068506
-9.328e-13,0.046574,0.068447
-1.5649e-12,0.046565,0.068386
-2.2218e-12,0.046559,0.068322
-2.902e-12,0.046555,0.068257
-3.6041e-12,0.046553,0.06819
-4.3261e-12,0.046554,0.068122
-5.0662e-12,0.046557,0.068053
-5.8222e-12,0.046562,0.067982
-6.5919e-12,0.046569,0.06791
-7.3729e-12,0.046578,0.067837
-8.1625e-12,0.046589,0.067763
-8.9579e-12,0.046602,0.067688
-9.7563e-12,0.046616,0.067613
-1.0555e-11,0.046633,0.067537
-1.135e-11,0.04665,0.067461
-1.2138e-11,0.04667,0.067384
-1.2916e-11,0.04669,0.067307
-1.368e-11,0.046712,0.06723
-1.4426e-11,0.046736,0.067154
-1.5151e-11,0.04676,0.067077
-1.585e-11,0.046785,0.067
-1.6519e-11,0.046812,0.066924
-1.7155e-11,0.046839,0.066849
-1.7752e-11,0.046867,0.066774
-1.8307e-11,0.046896,0.066699
-1.8816e-11,0.046926,0.066626
-1.9273e-11,0.046956,0.066553
-1.9675e-11,0.046987,0.066482
-2.0018e-11,0.047018,0.066411
-2.0296e-11,0.04705,0.066342
-2.0505e-11,0.047081,0.066274
-2.0643e-11,0.047113,0.066208
-2.0703e-11,0.047146,0.066143
-2.0683e-11,0.047178,0.06608
-2.0578e-11,0.04721,0.066018
-2.0385e-11,0.047242,0.065958
-2.0099e-11,0.047273,0.065901
-1.9719e-11,0.047305,0.065845
-1.924e-11,0.047336,0.065791
-1.866e-11,0.047366,0.06574
-1.7975e-11,0.047396,0.06569
-1.7184e-11,0.047426,0.065644
-1.6285e-11,0.047454,0.065599
-1.5276e-11,0.047482,0.065557
-1.4155e-11,0.04751,0.065517
-1.2922e-11,0.047536,0.065481
-1.1575e-11,0.047562,0.065446
-1.0116e-11,0.047586,0.065415
-8.5438e-12,0.04761,0.065386
-6.8597e-12,0.047632,0.06536
-5.0649e-12,0.047654,0.065336
-3.1613e-12,0.047674,0.065316
-1.1512e-12,0.047693,0.065298
9.626e-13,0.047711,0.065284
3.1766e-12,0.047728,0.065272
5.4867e-12,0.047744,0.065263
7.8884e-12,0.047759,0.065257
1.0376e-11,0.047772,0.065253
1.2945e-11,0.047785,0.065253
1.5588e-11,0.047796,0.065255
1.8298e-11,0.047807,0.06526
2.1067e-11,0.047816,0.065268
2.3887e-11,0.047825,0.065279
2.675e-11,0.047832,0.065292
2.9646e-11,0.047839,0.065308
3.2564e-11,0.047845,0.065326
3.5494e-11,0.047851,0.065347
3.8425e-11,0.047856,0.06537
4.1345e-11,0.04786,0.065395
4.4242e-11,0.047864,0.065422
4.7102e-11,0.047868,0.065452
4.9913e-11,0.047871,0.065484
5.266e-11,0.047874,0.065517
5.533e-11,0.047877,0.065552
5.7907e-11,0.04788,0.065589
6.0377e-11,0.047883,0.065628
6.2725e-11,0.047887,0.065668
6.4934e-11,0.04789,0.065709
6.699e-11,0.047894,0.065751
6.8876e-11,0.047899,0.065795
7.0576e-11,0.047904,0.065839
7.2075e-11,0.047909,0.065885
7.3356e-11,0.047916,0.065931
7.4404e-11,0.047923,0.065977
7.5202e-11,0.047931,0.066024
7.5735e-11,0.04794,0.066071
7.5989e-11,0.047949,0.066118
7.5947e-11,0.04796,0.066166
7.5597e-11,0.047972,0.066213
7.4924e-11,0.047985,0.066259
7.3914e-11,0.048,0.066306
7.2556e-11,0.048015,0.066352
7.0838e-11,0.048032,0.066397
6.8748e-11,0.04805,0.066441
6.6278e-11,0.048069,0.066484
6.3418e-11,0.04809,0.066526
6.0161e-11,0.048111,0.066567
5.65e-11,0.048134,0.066607
5.243e-11,0.048159,0.066645
4.7948e-11,0.048184,0.066681
4.3051e-11,0.048211,0.066716
3.7739e-11,0.048239,0.066749
3.2013e-11,0.048268,0.06678
2.5876e-11,0.048299,0.066809
1.9332e-11,0.04833,0.066837
1.2387e-11,0.048362,0.066862
5.0502e-12,0.048396,0.066884
-2.6682e-12,0.04843,0.066905
-1.0756e-11,0.048466,0.066923
-1.9198e-11,0.048502,0.066939
-2.7979e-11,0.048539,0.066952
-3.7079e-11,0.048576,0.066963
-4.6477e-11,0.048614,0.066972
-5.6149e-11,0.048653,0.066977
-6.6071e-11,0.048693,0.066981
-7.6215e-11,0.048733,0.066981
-8.6549e-11,0.048773,0.06698
-9.7043e-11,0.048813,0.066975
-1.0766e-10,0.048854,0.066968
-1.1837e-10,0.048895,0.066958
-1.2912e-10,0.048937,0.066946
-1.3988e-10,0.048978,0.066931
-1.5061e-10,0.049019,0.066914
-1.6125e-10,0.049061,0.066894
-1.7177e-10,0.049102,0.066872
-1.8211e-10,0.049143,0.066847
-1.9222e-10,0.049184,0.06682
-2.0205e-10,0.049225,0.066791
-2.1156e-10,0.049266,0.066759
-2.2067e-10,0.049307,0.066725
-2.2934e-10,0.049347,0.066688
-2.3751e-10,0.049387,0.06665
-2.4512e-10,0.049426,0.06661
-2.5211e-10,0.049466,0.066567
-2.5843e-10,0.049505,0.066522
-2.6402e-10,0.049543,0.066476
-2.6881e-10,0.049582,0.066427
-2.7275e-10,0.04962,0.066377
-2.7578e-10,0.049657,0.066325
-2.7785e-10,0.049695,0.066271
-2.789e-10,0.049732,0.066216
-2.7887e-10,0.049769,0.066159
-2.7771e-10,0.049805,0.0661
-2.7537e-10,0.049841,0.06604
-2.718e-10,0.049877,0.065979
-2.6695e-10,0.049913,0.065916
-2.6079e-10,0.049949,0.065852
-2.5327e-10,0.049984,0.065787
-2.4436e-10,0.050019,0.065721
-2.3402e-10,0.050054,0.065653
-2.2222e-10,0.05009,0.065585
-2.0894e-10,0.050125,0.065515
-1.9417e-10,0.05016,0.065445
-1.7788e-10,0.050195,0.065374
-1.6007e-10,0.05023,0.065303
-1.4074e-10,0.050265,0.06523
-1.1989e-10,0.0503,0.065158
-9.7521e-11,0.050336,0.065084
-7.3659e-11,0.050372,0.065011
-4.8325e-11,0.050407,0.064937
-2.1548e-11,0.050443,0.064863
6.6344e-12,0.050479,0.064789
3.6178e-11,0.050516,0.064715
6.703e-11,0.050552,0.064641
9.913e-11,0.050589,0.064567
1.3241e-10,0.050626,0.064494
1.6679e-10,0.050663,0.064421
2.022e-10,0.0507,0.064349
2.3852e-10,0.050737,0.064277
2.7567e-10,0.050775,0.064206
3.1354e-10,0.050813,0.064136
3.52e-10,0.05085,0.064067
3.9094e-10,0.050888,0.063999
4.3021e-10,0.050926,0.063932
4.6967e-10,0.050963,0.063866
5.0918e-10,0.051001,0.063802
5.4857e-10,0.051038,0.063739
5.8769e-10,0.051075,0.063678
6.2636e-10,0.051112,0.063619
6.6439e-10,0.051149,0.063561
7.0162e-10,0.051185,0.063505
7.3783e-10,0.051221,0.06345
7.7285e-10,0.051256,0.063398
8.0647e-10,0.05129,0.063348
8.3848e-10,0.051324,0.0633
8.6868e-10,0.051357,0.063254
8.9685e-10,0.05139,0.06321
9.2279e-10,0.051421,0.063169
9.4627e-10,0.051451,0.06313
9.6707e-10,0.05148,0.063093
9.85e-10,0.051508,0.063059
9.9982e-10,0.051535,0.063027
1.0113e-09,0.05156,0.062997
1.0193e-09,0.051584,0.06297
1.0236e-09,0.051607,0.062946
1.0239e-09,0.051628,0.062924
1.0201e-09,0.051647,0.062904
1.012e-09,0.051665,0.062887
9.9939e-10,0.051681,0.062873
9.8213e-10,0.051696,0.062861
9.6005e-10,0.051708,0.062851
9.3299e-10,0.051719,0.062844
9.0084e-10,0.051729,0.062839
8.6345e-10,0.051736,0.062837
8.2074e-10,0.051742,0.062837
7.726e-10,0.051745,0.062839
7.1896e-10,0.051748,0.062843
6.5978e-10,0.051748,0.06285
5.9502e-10,0.051746,0.062859
5.2466e-10,0.051743,0.06287
4.4872e-10,0.051739,0.062883
3.6722e-10,0.051732,0.062897
2.8022e-10,0.051725,0.062914
1.8781e-10,0.051715,0.062933
9.0087e-11,0.051705,0.062953
-1.2813e-11,0.051693,0.062975
-1.2073e-10,0.05168,0.062998
-2.3347e-10,0.051665,0.063023
-3.5082e-10,0.05165,0.06305
-4.7252e-10,0.051634,0.063077
-5.9831e-10,0.051617,0.063107
-7.2788e-10,0.051599,0.063137
-8.6088e-10,0.051581,0.063168
-9.9695e-10,0.051562,0.0632
-1.1357e-09,0.051543,0.063234
-1.2767e-09,0.051523,0.063268
-1.4194e-09,0.051504,0.063303
-1.5635e-09,0.051484,0.063339
-1.7083e-09,0.051465,0.063376
-1.8533e-09,0.051445,0.063413
-1.998e-09,0.051426,0.06345
-2.1417e-09,0.051408,0.063489
-2.2839e-09,0.05139,0.063527
-2.4238e-09,0.051373,0.063566
-2.5608e-09,0.051357,0.063605
-2.6942e-09,0.051341,0.063645
-2.8233e-09,0.051327,0.063685
-2.9473e-09,0.051314,0.063724
-3.0655e-09,0.051301,0.063764
-3.1771e-09,0.051291,0.063804
-3.2814e-09,0.051281,0.063844
-3.3775e-09,0.051273,0.063884
-3.4647e-09,0.051266,0.063924
-3.5422e-09,0.051261,0.063964
-3.6092e-09,0.051257,0.064004
-3.6649e-09,0.051255,0.064043
-3.7085e-09,0.051255,0.064083
-3.7392e-09,0.051256,0.064122
-3.7564e-09,0.05126,0.06416
-3.7592e-09,0.051264,0.064199
-3.747e-09,0.051271,0.064237
-3.719e-09,0.051279,0.064275
-3.6745e-09,0.051289,0.064312
-3.6131e-09,0.0513,0.064349
-3.534e-09,0.051314,0.064386
-3.4367e-09,0.051328,0.064422
-3.3207e-09,0.051345,0.064458
-3.1856e-09,0.051363,0.064493
-3.0309e-09,0.051382,0.064528
-2.8564e-09,0.051403,0.064563
-2.6617e-09,0.051425,0.064597
-2.4467e-09,0.051448,0.06463
-2.2112e-09,0.051472,0.064663
-1.9552e-09,0.051498,0.064696
-1.6786e-09,0.051525,0.064728
-1.3817e-09,0.051552,0.06476
-1.0645e-09,0.05158,0.064791
-7.2744e-10,0.051609,0.064821
-3.7082e-10,0.051639,0.064851
4.8669e-12,0.051669,0.064881
3.9903e-10,0.0517,0.06491
8.1099e-10,0.051731,0.064939
1.24e-09,0.051762,0.064967
1.685e-09,0.051793,0.064995
2.1452e-09,0.051824,0.065022
2.6194e-09,0.051856,0.065049
3.1063e-09,0.051886,0.065076
3.6046e-09,0.051917,0.065102
4.1129e-09,0.051947,0.065127
4.6296e-09,0.051977,0.065152
5.153e-09,0.052007,0.065177
5.6814e-09,0.052035,0.065202
6.2128e-09,0.052063,0.065226
6.7452e-09,0.05209,0.065249
7.2766e-09,0.052116,0.065273
7.8047e-09,0.052142,0.065296
8.3273e-09,0.052166,0.065318
8.8419e-09,0.052189,0.065341
9.3461e-09,0.052211,0.065363
9.8373e-09,0.052232,0.065384
1.0313e-08,0.052252,0.065406
1.077e-08,0.05227,0.065427
1.1207e-08,0.052287,0.065448
1.1619e-08,0.052303,0.065469
1.2005e-08,0.052317,0.06549
1.2361e-08,0.05233,0.06551
1.2685e-08,0.052342,0.06553
1.2974e-08,0.052352,0.06555
1.3224e-08,0.052361,0.06557
1.3433e-08,0.052368,0.065589
1.3598e-08,0.052374,0.065609
1.3716e-08,0.052378,0.065628
1.3785e-08,0.052381,0.065647
1.3801e-08,0.052383,0.065665
1.3762e-08,0.052383,0.065684
1.3666e-08,0.052381,0.065702
1.351e-08,0.052378,0.06572
1.3291e-08,0.052374,0.065738
1.3008e-08,0.052368,0.065755
1.2658e-08,0.052361,0.065772
1.224e-08,0.052352,0.065789
1.1752e-08,0.052343,0.065805
1.1192e-08,0.052331,0.065821
1.0559e-08,0.052319,0.065836
9.8527e-09,0.052305,0.065851
9.0716e-09,0.05229,0.065866
8.2153e-09,0.052273,0.06588
7.2837e-09,0.052256,0.065893
6.2767e-09,0.052237,0.065906
5.1948e-09,0.052217,0.065918
4.0386e-09,0.052196,0.06593
2.8092e-09,0.052174,0.065941
1.5078e-09,0.05215,0.065951
1.3627e-10,0.052126,0.06596
-1.3033e-09,0.052101,0.065969
-2.8086e-09,0.052074,0.065977
-4.3766e-09,0.052047,0.065983
-6.0041e-09,0.052019,0.065989
-7.6874e-09,0.05199,0.065994
-9.4226e-09,0.05196,0.065999
-1.1205e-08,0.051929,0.066002
-1.303e-08,0.051897,0.066004
-1.4892e-08,0.051865,0.066005
-1.6786e-08,0.051832,0.066005
-1.8705e-08,0.051798,0.066004
-2.0643e-08,0.051764,0.066002
-2.2592e-08,0.051729,0.065999
-2.4547e-08,0.051693,0.065994
-2.6498e-08,0.051657,0.065989
-2.8438e-08,0.051621,0.065982
-3.0359e-08,0.051584,0.065974
-3.2252e-08,0.051546,0.065965
-3.4107e-08,0.051509,0.065955
-3.5916e-08,0.051471,0.065944
-3.7669e-08,0.051432,0.065932
-3.9356e-08,0.051394,0.065918
-4.0966e-08,0.051355,0.065903
-4.249e-08,0.051316,0.065887
-4.3918e-08,0.051278,0.06587
-4.5238e-08,0.051239,0.065852
-4.644e-08,0.0512,0.065833
-4.7514e-08,0.051161,0.065813
-4.8448e-08,0.051122,0.065792
-4.9232e-08,0.051084,0.065769
-4.9856e-08,0.051045,0.065746
-5.0309e-08,0.051007,0.065722
-5.0581e-08,0.050969,0.065696
-5.0662e-08,0.050932,0.06567
-5.0542e-08,0.050895,0.065643
-5.0212e-08,0.050858,0.065615
-4.9662e-08,0.050821,0.065587
-4.8884e-08,0.050786,0.065557
-4.787e-08,0.05075,0.065527
-4.6613e-08,0.050715,0.065497
-4.5106e-08,0.050681,0.065465
-4.3341e-08,0.050647,0.065433
-4.1315e-08,0.050614,0.065401
-3.9022e-08,0.050581,0.065368
-3.6458e-08,0.05055,0.065335
-3.362e-08,0.050518,0.065301
-3.0506e-08,0.050488,0.065268
-2.7116e-08,0.050458,0.065234
-2.3449e-08,0.050428,0.0652
-1.9507e-08,0.0504,0.065166
-1.5292e-08,0.050372,0.065131
-1.0807e-08,0.050345,0.065097
-6.0583e-09,0.050318,0.065063
-1.0507e-09,0.050292,0.06503
4.2077e-09,0.050267,0.064996
9.7081e-09,0.050243,0.064963
1.544e-08,0.050219,0.064931
2.1392e-08,0.050196,0.064899
2.755e-08,0.050173,0.064868
3.3901e-08,0.050151,0.064837
4.0427e-08,0.05013,0.064807
4.7111e-08,0.050109,0.064778
5.3933e-08,0.050089,0.06475
6.0874e-08,0.050069,0.064723
6.791e-08,0.05005,0.064697
7.5018e-08,0.050032,0.064673
8.2173e-08,0.050013,0.064649
8.9348e-08,0.049996,0.064627
9.6515e-08,0.049979,0.064607
1.0364e-07,0.049962,0.064588
1.1071e-07,0.049945,0.064571
1.1767e-07,0.049929,0.064556
1.245e-07,0.049914,0.064542
1.3116e-07,0.049899,0.064531
1.3762e-07,0.049884,0.064521
1.4384e-07,0.049869,0.064513
1.4978e-07,0.049855,0.064508
1.5542e-07,0.049842,0.064505
1.607e-07,0.049828,0.064504
1.6559e-07,0.049816,0.064506
1.7006e-07,0.049803,0.06451
1.7405e-07,0.049791,0.064516
1.7754e-07,0.049779,0.064525
1.8048e-07,0.049768,0.064536
1.8284e-07,0.049757,0.06455
1.8457e-07,0.049747,0.064567
1.8565e-07,0.049737,0.064586
1.8602e-07,0.049727,0.064607
1.8567e-07,0.049718,0.064631
1.8454e-07,0.04971,0.064658
1.8261e-07,0.049701,0.064687
1.7985e-07,0.049694,0.064719
1.7623e-07,0.049687,0.064753
1.7171e-07,0.04968,0.064789
1.6628e-07,0.049674,0.064828
1.599e-07,0.049669,0.064869
1.5257e-07,0.049664,0.064911
1.4426e-07,0.049659,0.064956
1.3496e-07,0.049655,0.065003
1.2465e-07,0.049652,0.065051
1.1333e-07,0.049649,0.065101
1.0099e-07,0.049647,0.065152
8.7642e-08,0.049645,0.065205
7.3279e-08,0.049643,0.065258
5.7911e-08,0.049642,0.065313
4.1552e-08,0.049641,0.065368
2.422e-08,0.049641,0.065423
5.9351e-09,0.049642,0.065479
-1.3274e-08,0.049642,0.065535
-3.3376e-08,0.049643,0.065591
-5.4334e-08,0.049645,0.065647
-7.6105e-08,0.049646,0.065702
-9.864e-08,0.049648,0.065756
-1.2189e-07,0.049651,0.065809
-1.4579e-07,0.049653,0.065861
-1.7028e-07,0.049656,0.065911
-1.9528e-07,0.049659,0.06596
-2.2073e-07,0.049663,0.066007
-2.4654e-07,0.049666,0.066052
-2.7263e-07,0.04967,0.066094
-2.989e-07,0.049673,0.066134
-3.2526e-07,0.049677,0.066171
-3.516e-07,0.049681,0.066205
-3.7782e-07,0.049685,0.066236
-4.038e-07,0.049689,0.066263
-4.2943e-07,0.049693,0.066287
-4.5459e-07,0.049697,0.066308
-4.7916e-07,0.049701,0.066324
-5.03e-07,0.049705,0.066337
-5.2598e-07,0.049708,0.066345
-5.4797e-07,0.049712,0.066349
-5.6883e-07,0.049715,0.066349
-5.8842e-07,0.049718,0.066345
-6.066e-07,0.049721,0.066336
-6.2323e-07,0.049723,0.066322
-6.3816e-07,0.049725,0.066304
-6.5125e-07,0.049727,0.066281
-6.6236e-07,0.049728,0.066254
-6.7134e-07,0.049728,0.066222
-6.7805e-07,0.049728,0.066185
-6.8237e-07,0.049727,0.066144
-6.8414e-07,0.049726,0.066099
-6.8324e-07,0.049724,0.066049
-6.7954e-07,0.049721,0.065995
-6.7292e-07,0.049717,0.065936
-6.6326e-07,0.049712,0.065874
-6.5046e-07,0.049706,0.065808
-6.344e-07,0.049699,0.065737
-6.15e-07,0.049691,0.065663
-5.9217e-07,0.049681,0.065586
-5.6583e-07,0.04967,0.065506
-5.3593e-07,0.049658,0.065422
-5.0239e-07,0.049644,0.065336
-4.6519e-07,0.049629,0.065247
-4.2429e-07,0.049612,0.065155
-3.7968e-07,0.049593,0.065062
-3.3136e-07,0.049573,0.064966
-2.7934e-07,0.049551,0.064869
-2.2364e-07,0.049526,0.064771
-1.6432e-07,0.0495,0.064671
-1.0144e-07,0.049471,0.064571
-3.5077e-08,0.049441,0.06447
3.4672e-08,0.049408,0.064369
1.0769e-07,0.049373,0.064268
1.8384e-07,0.049336,0.064167
2.6296e-07,0.049296,0.064067
3.4489e-07,0.049254,0.063968
4.2942e-07,0.049209,0.06387
5.1634e-07,0.049162,0.063773
6.0542e-07,0.049113,0.063678
6.964e-07,0.049061,0.063585
7.8901e-07,0.049007,0.063494
8.8294e-07,0.04895,0.063406
9.7788e-07,0.048891,0.06332
1.0735e-06,0.048829,0.063237
1.1694e-06,0.048765,0.063158
1.2653e-06,0.048699,0.063081
1.3607e-06,0.04863,0.063008
1.4553e-06,0.048559,0.062939
1.5486e-06,0.048487,0.062873
1.6401e-06,0.048412,0.062812
1.7295e-06,0.048335,0.062754
1.8162e-06,0.048256,0.062701
1.8998e-06,0.048176,0.062652
1.9797e-06,0.048095,0.062608
2.0555e-06,0.048011,0.062568
2.1266e-06,0.047927,0.062533
2.1926e-06,0.047842,0.062502
2.2529e-06,0.047756,0.062476
2.3069e-06,0.047669,0.062455
2.3542e-06,0.047581,0.062438
2.3942e-06,0.047494,0.062426
2.4263e-06,0.047406,0.062419
2.4502e-06,0.047319,0.062416
2.4652e-06,0.047232,0.062418
2.471e-06,0.047145,0.062424
2.4669e-06,0.047059,0.062434
2.4525e-06,0.046974,0.062449
2.4274e-06,0.046891,0.062468
2.3911e-06,0.046809,0.062492
2.3432e-06,0.046729,0.062519
2.2835e-06,0.04665,0.06255
2.2114e-06,0.046574,0.062585
2.1267e-06,0.0465,0.062623
2.0292e-06,0.046429,0.062665
1.9185e-06,0.046361,0.06271
1.7945e-06,0.046296,0.062758
1.6571e-06,0.046234,0.062809
1.506e-06,0.046175,0.062862
1.3414e-06,0.04612,0.062918
1.1631e-06,0.046069,0.062977
9.7118e-07,0.046021,0.063038
7.6584e-07,0.045978,0.0631
5.472e-07,0.045939,0.063165
3.1551e-07,0.045905,0.063231
7.1069e-08,0.045875,0.063298
-1.8576e-07,0.04585,0.063367
-4.5452e-07,0.045829,0.063436
-7.3472e-07,0.045814,0.063506
-1.0258e-06,0.045803,0.063577
-1.327e-06,0.045797,0.063649
-1.6377e-06,0.045797,0.06372
-1.957e-06,0.045801,0.063792
-2.284e-06,0.04581,0.063864
-2.6179e-06,0.045825,0.063935
-2.9574e-06,0.045844,0.064006
-3.3016e-06,0.045869,0.064076
-3.6492e-06,0.045899,0.064145
-3.9989e-06,0.045933,0.064214
-4.3494e-06,0.045973,0.064282
-4.6993e-06,0.046017,0.064348
-5.047e-06,0.046065,0.064413
-5.391e-06,0.046119,0.064476
-5.7297e-06,0.046176,0.064538
-6.0613e-06,0.046238,0.064599
-6.3841e-06,0.046304,0.064657
-6.6962e-06,0.046374,0.064714
-6.9959e-06,0.046447,0.064769
-7.2811e-06,0.046524,0.064822
-7.5499e-06,0.046604,0.064873
-7.8004e-06,0.046687,0.064922
-8.0304e-06,0.046773,0.064968
-8.2379e-06,0.046861,0.065012
-8.4208e-06,0.046952,0.065055
-8.577e-06,0.047045,0.065094
-8.7044e-06,0.04714,0.065132
-8.801e-06,0.047236,0.065167
-8.8645e-06,0.047334,0.0652
-8.8929e-06,0.047433,0.065231
-8.8842e-06,0.047533,0.065259
-8.8363e-06,0.047633,0.065285
-8.7472e-06,0.047734,0.065309
-8.615e-06,0.047835,0.065331
-8.4379e-06,0.047936,0.06535
-8.214e-06,0.048036,0.065367
-7.9415e-06,0.048136,0.065382
-7.619e-06,0.048236,0.065395
-7.2447e-06,0.048334,0.065405
-6.8174e-06,0.048431,0.065414
-6.3356e-06,0.048527,0.06542
-5.7982e-06,0.048622,0.065425
-5.2041e-06,0.048715,0.065427
-4.5525e-06,0.048806,0.065428
-3.8426e-06,0.048895,0.065427
-3.0737e-06,0.048982,0.065424
-2.2456e-06,0.049067,0.06542
-1.3579e-06,0.049149,0.065414
-4.1057e-07,0.04923,0.065406
5.9615e-07,0.049307,0.065397
1.6619e-06,0.049382,0.065386
2.7862e-06,0.049455,0.065374
3.9683e-06,0.049524,0.06536
5.207e-06,0.049591,0.065345
6.5013e-06,0.049655,0.065329
7.8496e-06,0.049717,0.065312
9.2503e-06,0.049775,0.065294
1.0701e-05,0.04983,0.065275
1.2201e-05,0.049883,0.065255
1.3746e-05,0.049932,0.065234
1.5335e-05,0.049979,0.065212
1.6964e-05,0.050022,0.065189
1.863e-05,0.050063,0.065166
2.0331e-05,0.0501,0.065142
2.2062e-05,0.050135,0.065118
2.382e-05,0.050167,0.065093
2.56e-05,0.050196,0.065067
2.74e-05,0.050222,0.065042
2.9214e-05,0.050246,0.065016
3.1038e-05,0.050267,0.06499
3.2867e-05,0.050285,0.064964
3.4697e-05,0.0503,0.064938
3.6523e-05,0.050313,0.064912
3.8339e-05,0.050323,0.064886
4.0141e-05,0.050331,0.06486
4.1923e-05,0.050336,0.064834
4.368e-05,0.050339,0.064808
4.5406e-05,0.050339,0.064783
4.7098e-05,0.050337,0.064759
4.8748e-05,0.050333,0.064734
5.0352e-05,0.050327,0.064711
5.1904e-05,0.050318,0.064687
5.34e-05,0.050308,0.064665
5.4835e-05,0.050295,0.064643
5.6203e-05,0.05028,0.064622
5.75e-05,0.050263,0.064601
5.8721e-05,0.050244,0.064581
5.9861e-05,0.050223,0.064562
6.0918e-05,0.0502,0.064544
6.1886e-05,0.050176,0.064527
6.2763e-05,0.050149,0.064511
6.3544e-05,0.050121,0.064496
6.4228e-05,0.050091,0.064481
6.481e-05,0.05006,0.064468
6.5291e-05,0.050026,0.064456
6.5666e-05,0.049991,0.064444
6.5935e-05,0.049954,0.064434
6.6097e-05,0.049916,0.064425
6.6151e-05,0.049876,0.064418
6.6097e-05,0.049834,0.064411
6.5935e-05,0.049791,0.064405
6.5666e-05,0.049746,0.064401
6.5291e-05,0.0497,0.064398
6.481e-05,0.049652,0.064396
6.4228e-05,0.049603,0.064395
6.3544e-05,0.049552,0.064396
6.2763e-05,0.0495,0.064398
6.1886e-05,0.049446,0.064401
6.0918e-05,0.049391,0.064405
5.9861e-05,0.049334,0.064411
5.8721e-05,0.049276,0.064418
5.75e-05,0.049217,0.064426
5.6203e-05,0.049156,0.064436
5.4835e-05,0.049094,0.064446
5.34e-05,0.04903,0.064459
5.1904e-05,0.048966,0.064472
5.0352e-05,0.048899,0.064487
4.8748e-05,0.048832,0.064502
4.7098e-05,0.048763,0.06452
4.5406e-05,0.048693,0.064538
4.368e-05,0.048622,0.064558
4.1923e-05,0.04855,0.064579
4.0141e-05,0.048476,0.064601
3.8339e-05,0.048401,0.064624
3.6523e-05,0.048326,0.064648
3.4697e-05,0.048249,0.064674
3.2867e-05,0.048171,0.0647
3.1038e-05,0.048093,0.064728
2.9214e-05,0.048013,0.064756
2.74e-05,0.047933,0.064785
2.56e-05,0.047852,0.064816
2.382e-05,0.04777,0.064847
2.2062e-05,0.047688,0.064879
2.0331e-05,0.047605,0.064912
1.863e-05,0.047522,0.064945
1.6964e-05,0.047439,0.064979
1.5335e-05,0.047356,0.065014
1.3746e-05,0.047272,0.065049
1.2201e-05,0.047188,0.065084
1.0701e-05,0.047105,0.06512
9.2503e-06,0.047021,0.065156
7.8496e-06,0.046938,0.065192
6.5013e-06,0.046856,0.065228
5.207e-06,0.046774,0.065265
3.9683e-06,0.046692,0.065301
2.7862e-06,0.046612,0.065337
1.6619e-06,0.046532,0.065373
5.9615e-07,0.046454,0.065409
-4.1057e-07,0.046377,0.065444
-1.3579e-06,0.046301,0.065478
-2.2456e-06,0.046226,0.065512
-3.0737e-06,0.046153,0.065546
-3.8426e-06,0.046082,0.065578
-4.5525e-06,0.046013,0.06561
-5.2041e-06,0.045946,0.06564
-5.7982e-06,0.045881,0.06567
-6.3356e-06,0.045818,0.065698
-6.8174e-06,0.045757,0.065725
-7.2447e-06,0.045699,0.065751
-7.619e-06,0.045643,0.065775
-7.9415e-06,0.045591,0.065798
-8.214e-06,0.04554,0.065819
-8.4379e-06,0.045493,0.065838
-8.615e-06,0.045449,0.065856
-8.7472e-06,0.045408,0.065872
-8.8363e-06,0.04537,0.065886
-8.8842e-06,0.045335,0.065897
-8.8929e-06,0.045303,0.065907
-8.8645e-06,0.045275,0.065914
-8.801e-06,0.04525,0.06592
-8.7044e-06,0.045228,0.065923
-8.577e-06,0.04521,0.065923
-8.4208e-06,0.045195,0.065922
-8.2379e-06,0.045184,0.065918
-8.0304e-06,0.045176,0.065911
-7.8004e-06,0.045171,0.065902
-7.5499e-06,0.045171,0.065891
-7.2811e-06,0.045173,0.065877
-6.9959e-06,0.045179,0.06586
-6.6962e-06,0.045189,0.065841
-6.3841e-06,0.045201,0.06582
-6.0613e-06,0.045217,0.065796
-5.7297e-06,0.045237,0.065769
-5.391e-06,0.045259,0.06574
-5.047e-06,0.045285,0.065709
-4.6993e-06,0.045314,0.065675
-4.3494e-06,0.045345,0.065639
-3.9989e-06,0.04538,0.0656
-3.6492e-06,0.045418,0.065559
-3.3016e-06,0.045458,0.065516
-2.9574e-06,0.045501,0.06547
-2.6179e-06,0.045547,0.065422
-2.284e-06,0.045595,0.065372
-1.957e-06,0.045646,0.06532
-1.6377e-06,0.045699,0.065266
-1.327e-06,0.045754,0.06521
-1.0258e-06,0.045811,0.065152
-7.3472e-07,0.045871,0.065093
-4.5452e-07,0.045932,0.065031
-1.8576e-07,0.045995,0.064968
7.1069e-08,0.04606,0.064904
3.1551e-07,0.046126,0.064838
5.472e-07,0.046194,0.064771
7.6584e-07,0.046263,0.064703
9.7118e-07,0.046334,0.064633
1.1631e-06,0.046406,0.064563
1.3414e-06,0.046478,0.064492
1.506e-06,0.046552,0.06442
1.6571e-06,0.046626,0.064347
1.7945e-06,0.046701,0.064274
1.9185e-06,0.046777,0.064201
2.0292e-06,0.046853,0.064127
2.1267e-06,0.046929,0.064054
2.2114e-06,0.047005,0.063981
2.2835e-06,0.047082,0.063907
2.3432e-06,0.047158,0.063835
2.3911e-06,0.047234,0.063763
2.4274e-06,0.04731,0.063691
2.4525e-06,0.047385,0.063621
2.4669e-06,0.04746,0.063551
2.471e-06,0.047534,0.063483
2.4652e-06,0.047607,0.063416
2.4502e-06,0.047679,0.063351
2.4263e-06,0.04775,0.063287
2.3942e-06,0.04782,0.063226
2.3542e-06,0.047889,0.063166
2.3069e-06,0.047956,0.063108
2.2529e-06,0.048022,0.063053
2.1926e-06,0.048087,0.063
2.1266e-06,0.048149,0.06295
2.0555e-06,0.048211,0.062903
1.9797e-06,0.04827,0.062858
1.8998e-06,0.048327,0.062816
1.8162e-06,0.048383,0.062778
1.7295e-06,0.048437,0.062743
1.6401e-06,0.048488,0.062711
1.5486e-06,0.048538,0.062683
1.4553e-06,0.048586,0.062658
1.3607e-06,0.048631,0.062637
1.2653e-06,0.048675,0.062619
1.1694e-06,0.048716,0.062606
1.0735e-06,0.048755,0.062596
9.7788e-07,0.048792,0.06259
8.8294e-07,0.048827,0.062589
7.8901e-07,0.04886,0.062591
6.964e-07,0.048891,0.062597
6.0542e-07,0.04892,0.062607
5.1634e-07,0.048947,0.062621
4.2942e-07,0.048973,0.062639
3.4489e-07,0.048996,0.062661
2.6296e-07,0.049017,0.062687
1.8384e-07,0.049037,0.062717
1.0769e-07,0.049055,0.062751
3.4672e-08,0.049072,0.062789
-3.5077e-08,0.049087,0.06283
-1.0144e-07,0.0491,0.062875
-1.6432e-07,0.049113,0.062923
-2.2364e-07,0.049124,0.062974
-2.7934e-07,0.049134,0.063029
-3.3136e-07,0.049143,0.063087
-3.7968e-07,0.049151,0.063149
-4.2429e-07,0.049158,0.063213
-4.6519e-07,0.049165,0.063279
-5.0239e-07,0.049171,0.063348
-5.3593e-07,0.049176,0.06342
-5.6583e-07,0.049181,0.063494
-5.9217e-07,0.049186,0.063569
-6.15e-07,0.049191,0.063647
-6.344e-07,0.049195,0.063726
-6.5046e-07,0.0492,0.063807
-6.6326e-07,0.049204,0.063889
-6.7292e-07,0.049209,0.063972
-6.7954e-07,0.049215,0.064056
-6.8324e-07,0.04922,0.06414
-6.8414e-07,0.049226,0.064225
-6.8237e-07,0.049233,0.06431
-6.7805e-07,0.04924,0.064394
-6.7134e-07,0.049248,0.064479
-6.6236e-07,0.049257,0.064563
-6.5125e-07,0.049266,0.064646
-6.3816e-07,0.049277,0.064729
-6.2323e-07,0.049288,0.06481
-6.066e-07,0.0493,0.06489
-5.8842e-07,0.049314,0.064968
-5.6883e-07,0.049328,0.065044
-5.4797e-07,0.049343,0.065119
-5.2598e-07,0.04936,0.065191
-5.03e-07,0.049377,0.065261
-4.7916e-07,0.049396,0.065328
-4.5459e-07,0.049415,0.065392
-4.2943e-07,0.049436,0.065453
-4.038e-07,0.049457,0.065512
-3.7782e-07,0.04948,0.065566
-3.516e-07,0.049504,0.065618
-3.2526e-07,0.049528,0.065666
-2.989e-07,0.049554,0.065709
-2.7263e-07,0.04958,0.065749
-2.4654e-07,0.049608,0.065785
-2.2073e-07,0.049636,0.065817
-1.9528e-07,0.049665,0.065844
-1.7028e-07,0.049694,0.065867
-1.4579e-07,0.049725,0.065886
-1.2189e-07,0.049756,0.065899
-9.864e-08,0.049787,0.065909
-7.6105e-08,0.049819,0.065913
-5.4334e-08,0.049852,0.065913
-3.3376e-08,0.049885,0.065908
-1.3274e-08,0.049918,0.065898
5.9351e-09,0.049951,0.065883
2.422e-08,0.049985,0.065863
4.1552e-08,0.050019,0.065838
5.7911e-08,0.050053,0.065809
7.3279e-08,0.050087,0.065774
8.7642e-08,0.050121,0.065735
1.0099e-07,0.050155,0.065691
1.1333e-07,0.050189,0.065642
1.2465e-07,0.050223,0.065589
1.3496e-07,0.050256,0.065531
1.4426e-07,0.050289,0.065468
1.5257e-07,0.050322,0.065401
1.599e-07,0.050354,0.06533
1.6628e-07,0.050386,0.065255
1.7171e-07,0.050418,0.065176
1.7623e-07,0.050449,0.065093
1.7985e-07,0.050479,0.065006
1.8261e-07,0.050509,0.064915
1.8454e-07,0.050539,0.064821
1.8567e-07,0.050567,0.064724
1.8602e-07,0.050595,0.064623
1.8565e-07,0.050623,0.06452
1.8457e-07,0.050649,0.064414
1.8284e-07,0.050675,0.064306
1.8048e-07,0.0507,0.064195
1.7754e-07,0.050725,0.064082
1.7405e-07,0.050748,0.063967
1.7006e-07,0.050771,0.063851
1.6559e-07,0.050793,0.063733
1.607e-07,0.050815,0.063614
1.5542e-07,0.050835,0.063493
1.4978e-07,0.050855,0.063373
1.4384e-07,0.050874,0.063251
1.3762e-07,0.050893,0.06313
1.3116e-07,0.050911,0.063008
1.245e-07,0.050928,0.062886
1.1767e-07,0.050944,0.062765
1.1071e-07,0.05096,0.062645
1.0364e-07,0.050975,0.062525
9.6515e-08,0.050989,0.062407
8.9348e-08,0.051003,0.06229
8.2173e-08,0.051016,0.062174
7.5018e-08,0.051029,0.06206
6.791e-08,0.051041,0.061949
6.0874e-08,0.051053,0.061839
5.3933e-08,0.051064,0.061732
4.7111e-08,0.051075,0.061627
4.0427e-08,0.051085,0.061526
3.3901e-08,0.051095,0.061427
2.755e-08,0.051104,0.061332
2.1392e-08,0.051113,0.061239
1.544e-08,0.051121,0.061151
9.7081e-09,0.051129,0.061066
4.2077e-09,0.051137,0.060984
-1.0507e-09,0.051144,0.060907
-6.0583e-09,0.051151,0.060834
-1.0807e-08,0.051157,0.060765
-1.5292e-08,0.051163,0.0607
-1.9507e-08,0.051168,0.060639
-2.3449e-08,0.051172,0.060583
-2.7116e-08,0.051177,0.060532
-3.0506e-08,0.05118,0.060484
-3.362e-08,0.051183,0.060442
-3.6458e-08,0.051185,0.060404
-3.9022e-08,0.051187,0.060371
-4.1315e-08,0.051187,0.060342
-4.3341e-08,0.051187,0.060318
-4.5106e-08,0.051186,0.060299
-4.6613e-08,0.051184,0.060284
-4.787e-08,0.051181,0.060273
-4.8884e-08,0.051177,0.060268
-4.9662e-08,0.051172,0.060266
-5.0212e-08,0.051166,0.060269
-5.0542e-08,0.051158,0.060277
-5.0662e-08,0.05115,0.060288
-5.0581e-08,0.051139,0.060304
-5.0309e-08,0.051128,0.060324
-4.9856e-08,0.051115,0.060347
-4.9232e-08,0.0511,0.060375
-4.8448e-08,0.051084,0.060406
-4.7514e-08,0.051066,0.06044
-4.644e-08,0.051047,0.060478
-4.5238e-08,0.051025,0.06052
-4.3918e-08,0.051002,0.060564
-4.249e-08,0.050977,0.060611
-4.0966e-08,0.050951,0.060661
-3.9356e-08,0.050922,0.060714
-3.7669e-08,0.050892,0.060769
-3.5916e-08,0.05086,0.060826
-3.4107e-08,0.050826,0.060886
-3.2252e-08,0.05079,0.060947
-3.0359e-08,0.050752,0.06101
-2.8438e-08,0.050713,0.061074
-2.6498e-08,0.050672,0.06114
-2.4547e-08,0.050629,0.061207
-2.2592e-08,0.050584,0.061275
-2.0643e-08,0.050538,0.061343
-1.8705e-08,0.05049,0.061412
-1.6786e-08,0.05044,0.061482
-1.4892e-08,0.05039,0.061551
-1.303e-08,0.050338,0.061621
-1.1205e-08,0.050285,0.06169
-9.4226e-09,0.05023,0.061759
-7.6874e-09,0.050175,0.061827
-6.0041e-09,0.050119,0.061894
-4.3766e-09,0.050062,0.061961
-2.8086e-09,0.050005,0.062026
-1.3033e-09,0.049947,0.06209
1.3627e-10,0.049889,0.062153
1.5078e-09,0.04983,0.062214
2.8092e-09,0.049772,0.062273
4.0386e-09,0.049714,0.06233
5.1948e-09,0.049656,0.062385
6.2767e-09,0.049598,0.062437
7.2837e-09,0.049542,0.062488
8.2153e-09,0.049485,0.062536
9.0716e-09,0.04943,0.062581
9.8527e-09,0.049376,0.062624
1.0559e-08,0.049323,0.062664
1.1192e-08,0.049272,0.062701
1.1752e-08,0.049222,0.062735
1.224e-08,0.049174,0.062767
1.2658e-08,0.049128,0.062795
1.3008e-08,0.049084,0.062821
1.3291e-08,0.049042,0.062843
1.351e-08,0.049002,0.062862
1.3666e-08,0.048964,0.062878
1.3762e-08,0.048929,0.062891
1.3801e-08,0.048896,0.062902
1.3785e-08,0.048867,0.062909
1.3716e-08,0.048839,0.062913
1.3598e-08,0.048815,0.062914
1.3433e-08,0.048794,0.062913
1.3224e-08,0.048775,0.062908
1.2974e-08,0.04876,0.062901
1.2685e-08,0.048747,0.062892
1.2361e-08,0.048738,0.062879
1.2005e-08,0.048731,0.062865
1.1619e-08,0.048728,0.062848
1.1207e-08,0.048727,0.062829
1.077e-08,0.04873,0.062808
1.0313e-08,0.048735,0.062785
9.8373e-09,0.048743,0.06276
9.3461e-09,0.048754,0.062733
8.8419e-09,0.048768,0.062705
8.3273e-09,0.048785,0.062675
7.8047e-09,0.048804,0.062644
7.2766e-09,0.048826,0.062612
6.7452e-09,0.04885,0.062579
6.2128e-09,0.048876,0.062545
5.6814e-09,0.048904,0.06251
5.153e-09,0.048934,0.062474
4.6296e-09,0.048966,0.062438
4.1129e-09,0.049,0.062402
3.6046e-09,0.049035,0.062365
3.1063e-09,0.049071,0.062327
2.6194e-09,0.049109,0.06229
2.1452e-09,0.049147,0.062253
1.685e-09,0.049186,0.062215
1.24e-09,0.049226,0.062178
8.1099e-10,0.049266,0.062141
3.9903e-10,0.049306,0.062104
4.8669e-12,0.049346,0.062068
-3.7082e-10,0.049386,0.062032
-7.2744e-10,0.049425,0.061997
-1.0645e-09,0.049463,0.061962
-1.3817e-09,0.049501,0.061927
-1.6786e-09,0.049537,0.061893
-1.9552e-09,0.049572,0.06186
-2.2112e-09,0.049606,0.061828
-2.4467e-09,0.049638,0.061796
-2.6617e-09,0.049668,0.061764
-2.8564e-09,0.049696,0.061734
-3.0309e-09,0.049722,0.061704
-3.1856e-09,0.049746,0.061674
-3.3207e-09,0.049767,0.061645
-3.4367e-09,0.049785,0.061617
-3.534e-09,0.049801,0.061589
-3.6131e-09,0.049814,0.061562
-3.6745e-09,0.049824,0.061535
-3.719e-09,0.04983,0.061508
-3.747e-09,0.049834,0.061482
-3.7592e-09,0.049834,0.061455
-3.7564e-09,0.049832,0.06143
-3.7392e-09,0.049825,0.061404
-3.7085e-09,0.049816,0.061378
-3.6649e-09,0.049803,0.061352
-3.6092e-09,0.049787,0.061326
-3.5422e-09,0.049768,0.0613
-3.4647e-09,0.049746,0.061274
-3.3775e-09,0.04972,0.061247
-3.2814e-09,0.049692,0.06122
-3.1771e-09,0.04966,0.061192
-3.0655e-09,0.049625,0.061164
-2.9473e-09,0.049588,0.061135
-2.8233e-09,0.049548,0.061105
-2.6942e-09,0.049506,0.061075
-2.5608e-09,0.049461,0.061043
-2.4238e-09,0.049414,0.061011
-2.2839e-09,0.049365,0.060978
-2.1417e-09,0.049314,0.060944
-1.998e-09,0.049262,0.060908
-1.8533e-09,0.049208,0.060872
-1.7083e-09,0.049153,0.060834
-1.5635e-09,0.049097,0.060796
-1.4194e-09,0.04904,0.060755
-1.2767e-09,0.048983,0.060714
-1.1357e-09,0.048925,0.060672
-9.9695e-10,0.048867,0.060628
-8.6088e-10,0.048809,0.060583
-7.2788e-10,0.048752,0.060536
-5.9831e-10,0.048695,0.060488
-4.7252e-10,0.048638,0.060439
-3.5082e-10,0.048583,0.060389
-2.3347e-10,0.048529,0.060337
-1.2073e-10,0.048477,0.060284
-1.2813e-11,0.048426,0.06023
9.0087e-11,0.048377,0.060175
1.8781e-10,0.04833,0.060118
2.8022e-10,0.048285,0.060061
3.6722e-10,0.048243,0.060003
4.4872e-10,0.048203,0.059943
5.2466e-10,0.048166,0.059883
5.9502e-10,0.048132,0.059822
6.5978e-10,0.048102,0.05976
7.1896e-10,0.048074,0.059697
7.726e-10,0.04805,0.059634
8.2074e-10,0.048029,0.059571
8.6345e-10,0.048013,0.059507
9.0084e-10,0.047999,0.059443
9.3299e-10,0.04799,0.059378
9.6005e-10,0.047985,0.059314
9.8213e-10,0.047984,0.059249
9.9939e-10,0.047987,0.059185
1.012e-09,0.047994,0.05912
1.0201e-09,0.048005,0.059056
1.0239e-09,0.04802,0.058992
1.0236e-09,0.04804,0.058929
1.0193e-09,0.048064,0.058866
1.0113e-09,0.048093,0.058804
9.9982e-10,0.048125,0.058742
9.85e-10,0.048162,0.058682
9.6707e-10,0.048203,0.058621
9.4627e-10,0.048249,0.058562
9.2279e-10,0.048299,0.058504
8.9685e-10,0.048352,0.058447
8.6868e-10,0.04841,0.05839
8.3848e-10,0.048472,0.058335
8.0647e-10,0.048538,0.05828
7.7285e-10,0.048607,0.058227
7.3783e-10,0.04868,0.058174
7.0162e-10,0.048757,0.058122
6.6439e-10,0.048837,0.058072
6.2636e-10,0.048921,0.058022
5.8769e-10,0.049008,0.057973
5.4857e-10,0.049098,0.057925
5.0918e-10,0.04919,0.057878
4.6967e-10,0.049286,0.057831
4.3021e-10,0.049384,0.057785
3.9094e-10,0.049485,0.05774
3.52e-10,0.049587,0.057695
3.1354e-10,0.049692,0.05765
2.7567e-10,0.049799,0.057605
2.3852e-10,0.049907,0.057561
2.022e-10,0.050016,0.057516
1.6679e-10,0.050127,0.057472
1.3241e-10,0.050239,0.057427
9.913e-11,0.050352,0.057382
6.703e-11,0.050465,0.057336
3.6178e-11,0.050578,0.05729
6.6344e-12,0.050692,0.057242
-2.1548e-11,0.050805,0.057194
-4.8325e-11,0.050918,0.057145
-7.3659e-11,0.051031,0.057095
-9.7521e-11,0.051143,0.057044
-1.1989e-10,0.051254,0.056991
-1.4074e-10,0.051364,0.056936
-1.6007e-10,0.051472,0.05688
-1.7788e-10,0.051578,0.056822
-1.9417e-10,0.051683,0.056762
-2.0894e-10,0.051786,0.056701
-2.2222e-10,0.051887,0.056637
-2.3402e-10,0.051985,0.056571
-2.4436e-10,0.05208,0.056503
-2.5327e-10,0.052173,0.056432
-2.6079e-10,0.052263,0.056359
-2.6695e-10,0.05235,0.056284
-2.718e-10,0.052433,0.056206
-2.7537e-10,0.052513,0.056125
-2.7771e-10,0.05259,0.056043
-2.7887e-10,0.052663,0.055957
-2.789e-10,0.052732,0.05587
-2.7785e-10,0.052797,0.055779
-2.7578e-10,0.052859,0.055687
-2.7275e-10,0.052916,0.055592
-2.6881e-10,0.052969,0.055495
-2.6402e-10,0.053018,0.055395
-2.5843e-10,0.053062,0.055294
-2.5211e-10,0.053103,0.05519
-2.4512e-10,0.053139,0.055085
-2.3751e-10,0.05317,0.054978
-2.2934e-10,0.053197,0.054869
-2.2067e-10,0.05322,0.054759
-2.1156e-10,0.053239,0.054648
-2.0205e-10,0.053253,0.054535
-1.9222e-10,0.053263,0.054422
-1.8211e-10,0.053269,0.054308
-1.7177e-10,0.053271,0.054194
-1.6125e-10,0.053269,0.05408
-1.5061e-10,0.053262,0.053966
-1.3988e-10,0.053252,0.053852
-1.2912e-10,0.053238,0.053739
-1.1837e-10,0.053221,0.053626
-1.0766e-10,0.0532,0.053515
-9.7043e-11,0.053175,0.053405
-8.6549e-11,0.053148,0.053296
-7.6215e-11,0.053117,0.05319
-6.6071e-11,0.053083,0.053086
-5.6149e-11,0.053047,0.052984
-4.6477e-11,0.053008,0.052885
-3.7079e-11,0.052967,0.052789
-2.7979e-11,0.052924,0.052697
-1.9198e-11,0.052878,0.052608
-1.0756e-11,0.052831,0.052522
-2.6682e-12,0.052782,0.052441
5.0502e-12,0.052732,0.052365
1.2387e-11,0.052681,0.052293
1.9332e-11,0.052629,0.052225
2.5876e-11,0.052576,0.052163
3.2013e-11,0.052522,0.052107
3.7739e-11,0.052468,0.052056
4.3051e-11,0.052414,0.05201
4.7948e-11,0.05236,0.051971
5.243e-11,0.052306,0.051938
5.65e-11,0.052253,0.051912
6.0161e-11,0.052201,0.051892
6.3418e-11,0.052149,0.051878
6.6278e-11,0.052098,0.051872
6.8748e-11,0.052049,0.051873
7.0838e-11,0.052001,0.051881
7.2556e-11,0.051955,0.051896
7.3914e-11,0.051911,0.051918
7.4924e-11,0.051868,0.051948
7.5597e-11,0.051828,0.051986
7.5947e-11,0.051789,0.052031
7.5989e-11,0.051754,0.052085
7.5735e-11,0.05172,0.052145
7.5202e-11,0.051689,0.052214
7.4404e-11,0.051661,0.05229
7.3356e-11,0.051636,0.052374
7.2075e-11,0.051614,0.052466
7.0576e-11,0.051594,0.052565
6.8876e-11,0.051577,0.052672
6.699e-11,0.051564,0.052786
6.4934e-11,0.051553,0.052908
6.2725e-11,0.051546,0.053037
6.0377e-11,0.051541,0.053173
5.7907e-11,0.05154,0.053317
5.533e-11,0.051541,0.053467
5.266e-11,0.051546,0.053624
4.9913e-11,0.051553,0.053787
4.7102e-11,0.051563,0.053957
4.4242e-11,0.051576,0.054132
4.1345e-11,0.051592,0.054314
3.8425e-11,0.05161,0.054501
3.5494e-11,0.05163,0.054694
3.2564e-11,0.051653,0.054891
2.9646e-11,0.051678,0.055094
2.675e-11,0.051705,0.055301
2.3887e-11,0.051734,0.055513
2.1067e-11,0.051764,0.055728
1.8298e-11,0.051796,0.055947
1.5588e-11,0.051829,0.05617
1.2945e-11,0.051864,0.056396
1.0376e-11,0.051899,0.056624
7.8884e-12,0.051935,0.056855
5.4867e-12,0.051971,0.057088
3.1766e-12,0.052008,0.057323
9.626e-13,0.052044,0.057559
-1.1512e-12,0.052081,0.057796
-3.1613e-12,0.052117,0.058035
-5.0649e-12,0.052153,0.058273
-6.8597e-12,0.052187,0.058512
-8.5438e-12,0.052221,0.058751
-1.0116e-11,0.052254,0.058989
-1.1575e-11,0.052285,0.059227
-1.2922e-11,0.052315,0.059463
-1.4155e-11,0.052342,0.059698
-1.5276e-11,0.052368,0.059932
-1.6285e-11,0.052392,0.060163
-1.7184e-11,0.052414,0.060392
-1.7975e-11,0.052433,0.060618
-1.866e-11,0.052449,0.060841
-1.924e-11,0.052463,0.061061
-1.9719e-11,0.052474,0.061278
-2.0099e-11,0.052483,0.06149
-2.0385e-11,0.052488,0.061699
-2.0578e-11,0.05249,0.061903
-2.0683e-11,0.052489,0.062103
-2.0703e-11,0.052485,0.062298
-2.0643e-11,0.052478,0.062487
-2.0505e-11,0.052467,0.062671
-2.0296e-11,0.052453,0.06285
-2.0018e-11,0.052436,0.063022
-1.9675e-11,0.052416,0.063188
-1.9273e-11,0.052392,0.063348
-1.8816e-11,0.052366,0.063501
-1.8307e-11,0.052336,0.063647
-1.7752e-11,0.052303,0.063786
-1.7155e-11,0.052268,0.063918
-1.6519e-11,0.052229,0.064042
-1.585e-11,0.052188,0.064158
-1.5151e-11,0.052144,0.064266
-1.4426e-11,0.052098,0.064366
-1.368e-11,0.052049,0.064458
-1.2916e-11,0.051998,0.064541
-1.2138e-11,0.051945,0.064616
-1.135e-11,0.05189,0.064681
-1.0555e-11,0.051834,0.064738
-9.7563e-12,0.051776,0.064786
-8.9579e-12,0.051716,0.064824
-8.1625e-12,0.051655,0.064853
-7.3729e-12,0.051593,0.064873
-6.5919e-12,0.051531,0.064883
-5.8222e-12,0.051467,0.064884
-5.0662e-12,0.051404,0.064875
-4.3261e-12,0.05134,0.064857
-3.6041e-12,0.051276,0.064829
-2.902e-12,0.051212,0.064792
-2.2218e-12,0.051148,0.064745
-1.5649e-12,0.051086,0.064689
-9.328e-13,0.051024,0.064624
-3.2677e-13,0.050962,0.064549
2.5208e-13,0.050903,0.064466
8.0279e-13,0.050844,0.064373
1.3246e-12,0.050787,0.064271
1.8167e-12,0.050732,0.064161
2.2788e-12,0.050679,0.064043
2.7104e-12,0.050628,0.063916
3.1113e-12,0.050579,0.063781
3.4814e-12,0.050532,0.063638
3.8208e-12,0.050488,0.063488
4.1294e-12,0.050447,0.063331
4.4077e-12,0.050408,0.063166
4.6559e-12,0.050373,0.062995
4.8746e-12,0.050341,0.062818
5.0641e-12,0.050311,0.062634
5.2253e-12,0.050285,0.062445
5.3588e-12,0.050262,0.062251
5.4653e-12,0.050243,0.062052
5.5458e-12,0.050227,0.061848
5.6012e-12,0.050214,0.061641
5.6323e-12,0.050205,0.061429
5.6403e-12,0.0502,0.061215
5.6262e-12,0.050198,0.060997
5.591e-12,0.0502,0.060777
5.536e-12,0.050205,0.060555
5.4622e-12,0.050213,0.060331
5.3708e-12,0.050225,0.060106
5.263e-12,0.050241,0.059881
5.14e-12,0.050259,0.059655
5.0029e-12,0.050281,0.05943
4.853e-12,0.050306,0.059205
4.6915e-12,0.050335,0.058981
4.5194e-12,0.050366,0.058759
4.338e-12,0.0504,0.058538
4.1484e-12,0.050437,0.05832
3.9516e-12,0.050476,0.058105
3.7489e-12,0.050518,0.057892
3.5413e-12,0.050563,0.057684
3.3298e-12,0.050609,0.057479
3.1153e-12,0.050658,0.057279
2.8989e-12,0.050709,0.057083
2.6815e-12,0.050761,0.056892
2.464e-12,0.050815,0.056707
2.2472e-12,0.050871,0.056527
2.0318e-12,0.050928,0.056353
1.8188e-12,0.050986,0.056185
1.6088e-12,0.051044,0.056024
1.4024e-12,0.051104,0.05587
1.2003e-12,0.051164,0.055722
1.003e-12,0.051225,0.055582
8.1116e-13,0.051286,0.055449
6.2518e-13,0.051348,0.055324
4.4552e-13,0.051409,0.055206
2.7257e-13,0.05147,0.055097
1.0669e-13,0.051531,0.054995
-5.1821e-14,0.051591,0.054901
-2.0269e-13,0.051652,0.054815
-3.457e-13,0.051711,0.054738
-4.8066e-13,0.05177,0.054668
-6.0744e-13,0.051828,0.054607
-7.2593e-13,0.051885,0.054554
-8.3606e-13,0.051941,0.054509
-9.3779e-13,0.051995,0.054472
-1.0311e-12,0.052049,0.054443
-1.1161e-12,0.052102,0.054422
-1.1928e-12,0.052153,0.054409
-1.2613e-12,0.052203,0.054403
-1.3218e-12,0.052252,0.054405
-1.3743e-12,0.0523,0.054414
-1.419e-12,0.052346,0.05443
-1.4562e-12,0.05239,0.054453
-1.486e-12,0.052434,0.054482
-1.5087e-12,0.052476,0.054518
-1.5245e-12,0.052516,0.05456
-1.5337e-12,0.052555,0.054608
-1.5366e-12,0.052593,0.054662
-1.5333e-12,0.05263,0.054721
-1.5244e-12,0.052665,0.054785
-1.51e-12,0.052698,0.054854
-1.4904e-12,0.052731,0.054927
-1.466e-12,0.052762,0.055004
-1.4371e-12,0.052792,0.055085
-1.4041e-12,0.052821,0.05517
-1.3671e-12,0.052848,0.055257
-1.3266e-12,0.052874,0.055348
-1.283e-12,0.052899,0.05544
-1.2364e-12,0.052923,0.055535
-1.1872e-12,0.052946,0.055632
-1.1358e-12,0.052967,0.05573
-1.0824e-12,0.052987,0.055829
-1.0274e-12,0.053007,0.055929
-9.7093e-13,0.053025,0.056029
-9.1341e-13,0.053042,0.056129
-8.5506e-13,0.053058,0.056229
-7.9616e-13,0.053073,0.056328
-7.3696e-13,0.053086,0.056427
-6.7769e-13,0.053099,0.056525
-6.1859e-13,0.053111,0.056621
-5.5988e-13,0.053121,0.056715
-5.0177e-13,0.05313,0.056808
-4.4445e-13,0.053138,0.056898
-3.8811e-13,0.053145,0.056987
-3.3292e-13,0.053151,0.057072
-2.7903e-13,0.053156,0.057155
-2.266e-13,0.053159,0.057235
-1.7576e-13,0.053162,0.057312
-1.2662e-13,0.053163,0.057386
-7.9303e-14,0.053163,0.057456
-3.3901e-14,0.053161,0.057523
9.5021e-15,0.053158,0.057587
5.0831e-14,0.053154,0.057647
9.0025e-14,0.053149,0.057703
1.2703e-13,0.053142,0.057756
1.6181e-13,0.053134,0.057805
1.9434e-13,0.053125,0.05785
2.2459e-13,0.053115,0.057892
2.5255e-13,0.053103,0.05793
2.7823e-13,0.05309,0.057964
3.0163e-13,0.053075,0.057995
3.2277e-13,0.053059,0.058023
3.4168e-13,0.053042,0.058047
3.5838e-13,0.053024,0.058068
3.7292e-13,0.053004,0.058086
3.8533e-13,0.052983,0.0581
3.9568e-13,0.052961,0.058112
4.0402e-13,0.052938,0.058121
4.1041e-13,0.052914,0.058128
4.1492e-13,0.052889,0.058132
4.1761e-13,0.052863,0.058134
4.1857e-13,0.052835,0.058134
4.1788e-13,0.052807,0.058131
4.156e-13,0.052778,0.058128
4.1183e-13,0.052748,0.058122
4.0665e-13,0.052717,0.058115
4.0015e-13,0.052686,0.058107
3.9241e-13,0.052654,0.058098
3.8352e-13,0.052621,0.058088
3.7357e-13,0.052588,0.058078
3.6264e-13,0.052555,0.058066
3.5084e-13,0.05252,0.058055
3.3823e-13,0.052486,0.058043
3.2491e-13,0.052451,0.058031
3.1097e-13,0.052416,0.058019
2.9648e-13,0.052381,0.058007
2.8152e-13,0.052346,0.057996
2.6619e-13,0.052311,0.057985
2.5055e-13,0.052276,0.057974
2.3467e-13,0.05224,0.057964
2.1864e-13,0.052205,0.057954
2.0252e-13,0.05217,0.057945
1.8637e-13,0.052135,0.057937
1.7027e-13,0.0521,0.05793
1.5426e-13,0.052065,0.057923
1.3841e-13,0.052031,0.057917
1.2277e-13,0.051996,0.057912
1.0739e-13,0.051962,0.057908
9.2317e-14,0.051929,0.057904
7.7597e-14,0.051895,0.057901
6.3268e-14,0.051862,0.057899
4.9369e-14,0.051829,0.057897
3.5931e-14,0.051796,0.057895
2.2986e-14,0.051763,0.057894
1.0559e-14,0.051731,0.057894
-1.3247e-15,0.051699,0.057893
-1.2646e-14,0.051667,0.057893
-2.3387e-14,0.051635,0.057893
-3.3534e-14,0.051603,0.057893
-4.3075e-14,0.051571,0.057892
-5.2003e-14,0.05154,0.057891
-6.0311e-14,0.051509,0.057889
-6.7997e-14,0.051477,0.057887
-7.5061e-14,0.051446,0.057884
-8.1503e-14,0.051415,0.05788
-8.7329e-14,0.051384,0.057875
-9.2545e-14,0.051353,0.057869
-9.716e-14,0.051322,0.057862
-1.0118e-13,0.051291,0.057853
-1.0463e-13,0.05126,0.057842
-1.0751e-13,0.051228,0.057829
-1.0984e-13,0.051197,0.057815
-1.1164e-13,0.051166,0.057798
-1.1292e-13,0.051135,0.05778
-1.1371e-13,0.051104,0.057759
-1.1402e-13,0.051073,0.057736
-1.1388e-13,0.051042,0.05771
-1.133e-13,0.051011,0.057682
-1.1232e-13,0.05098,0.057651
-1.1095e-13,0.05095,0.057618
-1.0922e-13,0.050919,0.057582
-1.0714e-13,0.050889,0.057543
-1.0475e-13,0.050859,0.057501
-1.0207e-13,0.050829,0.057456
-9.9126e-14,0.0508,0.057409
-9.5935e-14,0.050771,0.057359
-9.2523e-14,0.050742,0.057307
-8.8915e-14,0.050714,0.057251
-8.5134e-14,0.050687,0.057193
-8.1202e-14,0.05066,0.057133
-7.7141e-14,0.050634,0.05707
-7.2974e-14,0.050609,0.057005
-6.8721e-14,0.050585,0.056937
-6.4403e-14,0.050562,0.056867
-6.004e-14,0.05054,0.056796
-5.5649e-14,0.050518,0.056723
-5.1251e-14,0.050499,0.056647
-4.6861e-14,0.05048,0.056571
-4.2496e-14,0.050463,0.056493
-3.8173e-14,0.050447,0.056414
-3.3905e-14,0.050433,0.056334
-2.9708e-14,0.050421,0.056254
-2.5592e-14,0.05041,0.056172
-2.1571e-14,0.050401,0.056091
-1.7656e-14,0.050394,0.056009
-1.3856e-14,0.050389,0.055928
-1.0181e-14,0.050386,0.055847
-6.6399e-15,0.050385,0.055766
-3.239e-15,0.050386,0.055686
1.4742e-17,0.050389,0.055607
3.1158e-15,0.050395,0.055529
6.0593e-15,0.050402,0.055452
8.8412e-15,0.050413,0.055377
1.1459e-14,0.050425,0.055304
1.3909e-14,0.05044,0.055232
1.6191e-14,0.050457,0.055162
1.8303e-14,0.050477,0.055095
2.0246e-14,0.050499,0.05503
2.2019e-14,0.050524,0.054967
2.3624e-14,0.05055,0.054907
2.5063e-14,0.050579,0.05485
2.6338e-14,0.050611,0.054795
2.7452e-14,0.050644,0.054743
2.8407e-14,0.05068,0.054695
2.9208e-14,0.050718,0.054649
2.9859e-14,0.050757,0.054606
3.0365e-14,0.050799,0.054566
3.0729e-14,0.050843,0.05453
3.0958e-14,0.050888,0.054496
3.1057e-14,0.050934,0.054466
3.1032e-14,0.050983,0.054438
3.0888e-14,0.051032,0.054414
3.0632e-14,0.051083,0.054393
3.027e-14,0.051135,0.054374
2.9808e-14,0.051188,0.054359
2.9253e-14,0.051242,0.054346
2.8612e-14,0.051296,0.054336
2.789e-14,0.051351,0.054329
2.7094e-14,0.051406,0.054324
2.6232e-14,0.051462,0.054322
2.5309e-14,0.051518,0.054322
2.4331e-14,0.051573,0.054324
2.3306e-14,0.051629,0.054328
2.2239e-14,0.051684,0.054334
2.1137e-14,0.051738,0.054342
2.0004e-14,0.051792,0.054351
1.8848e-14,0.051845,0.054362
1.7673e-14,0.051897,0.054374
1.6486e-14,0.051948,0.054388
1.529e-14,0.051998,0.054403
1.4092e-14,0.052047,0.054418
1.2896e-14,0.052094,0.054434
1.1706e-14,0.05214,0.054451
1.0527e-14,0.052185,0.054469
9.3624e-15,0.052227,0.054486
8.2166e-15,0.052268,0.054504
7.0929e-15,0.052307,0.054522
5.9945e-15,0.052344,0.05454
4.9247e-15,0.052379,0.054558
3.886e-15,0.052412,0.054576
2.8811e-15,0.052443,0.054593
1.9123e-15,0.052471,0.054609
9.816e-16,0.052498,0.054625
9.0766e-17,0.052522,0.054641
-7.5861e-16,0.052544,0.054655
-1.5652e-15,0.052564,0.054669
-2.3279e-15,0.052581,0.054682
-3.0458e-15,0.052596,0.054694
-3.7183e-15,0.052609,0.054705
-4.345e-15,0.05262,0.054714
-4.9254e-15,0.052628,0.054723
-5.4597e-15,0.052634,0.05473
-5.9478e-15,0.052637,0.054737
-6.3901e-15,0.052639,0.054742
-6.787e-15,0.052638,0.054745
-7.1391e-15,0.052636,0.054748
-7.4472e-15,0.052631,0.054749
-7.7121e-15,0.052624,0.054749
-7.9349e-15,0.052615,0.054748
-8.1166e-15,0.052605,0.054746
-8.2586e-15,0.052592,0.054742
-8.362e-15,0.052578,0.054737
-8.4284e-15,0.052563,0.054732
-8.4591e-15,0.052546,0.054725
-8.4558e-15,0.052527,0.054717
-8.4201e-15,0.052507,0.054708
-8.3536e-15,0.052486,0.054699
-8.2581e-15,0.052463,0.054688
-8.1352e-15,0.05244,0.054677
-7.9867e-15,0.052416,0.054665
-7.8144e-15,0.05239,0.054653
-7.62e-15,0.052365,0.05464
-7.4055e-15,0.052338,0.054627
-7.1724e-15,0.052311,0.054614
-6.9227e-15,0.052284,0.0546
-6.6579e-15,0.052257,0.054587
-6.38e-15,0.052229,0.054573
-6.0905e-15,0.052202,0.05456
-5.7911e-15,0.052174,0.054547
-5.4835e-15,0.052147,0.054534
-5.1691e-15,0.05212,0.054521
-4.8496e-15,0.052093,0.054509
-4.5264e-15,0.052068,0.054498
-4.2009e-15,0.052042,0.054488
-3.8745e-15,0.052018,0.054478
-3.5485e-15,0.051994,0.05447
-3.2241e-15,0.051971,0.054462
-2.9025e-15,0.051949,0.054456
-2.5848e-15,0.051929,0.054451
-2.2721e-15,0.051909,0.054447
-1.9653e-15,0.051891,0.054444
-1.6653e-15,0.051874,0.054444
-1.373e-15,0.051859,0.054444
-1.0891e-15,0.051845,0.054446
-8.1428e-16,0.051832,0.05445
-5.4926e-16,0.051821,0.054456
-2.9456e-16,0.051812,0.054464
-5.0681e-17,0.051804,0.054473
1.8195e-16,0.051797,0.054484
4.0297e-16,0.051793,0.054497
6.1205e-16,0.05179,0.054512
8.0897e-16,0.051788,0.054529
9.9353e-16,0.051789,0.054549
1.1656e-15,0.051791,0.05457
1.3251e-15,0.051794,0.054593
1.472e-15,0.0518,0.054618
1.6063e-15,0.051806,0.054645
1.7282e-15,0.051815,0.054674
1.8377e-15,0.051825,0.054705
1.9349e-15,0.051837,0.054737
2.0201e-15,0.05185,0.054772
2.0936e-15,0.051864,0.054808
2.1555e-15,0.051881,0.054847
2.2062e-15,0.051898,0.054886
2.246e-15,0.051917,0.054928
2.2753e-15,0.051937,0.054971
2.2945e-15,0.051959,0.055015
2.3039e-15,0.051981,0.055061
2.304e-15,0.052005,0.055108
2.2952e-15,0.05203,0.055156
2.278e-15,0.052057,0.055205
2.2528e-15,0.052084,0.055255
2.2201e-15,0.052112,0.055306
2.1804e-15,0.052142,0.055357
2.1342e-15,0.052172,0.055409
2.0819e-15,0.052203,0.055461
2.024e-15,0.052235,0.055514
1.961e-15,0.052268,0.055567
1.8935e-15,0.052301,0.05562
1.8218e-15,0.052336,0.055672
1.7464e-15,0.052371,0.055725
1.6679e-15,0.052407,0.055777
1.5866e-15,0.052443,0.055828
1.503e-15,0.05248,0.055879
1.4176e-15,0.052517,0.055928
1.3307e-15,0.052555,0.055977
1.2427e-15,0.052594,0.056024
1.1541e-15,0.052633,0.05607
1.0652e-15,0.052672,0.056115
9.7634e-16,0.052712,0.056158
8.8791e-16,0.052752,0.056199
8.0021e-16,0.052792,0.056238
7.1354e-16,0.052833,0.056275
6.2818e-16,0.052874,0.05631
5.4441e-16,0.052915,0.056343
4.6248e-16,0.052956,0.056373
3.826e-16,0.052998,0.0564
3.05e-16,0.053039,0.056425
2.2987e-16,0.05308,0.056446
1.5738e-16,0.053122,0.056465
8.7678e-17,0.053163,0.056481
2.0913e-17,0.053205,0.056494
-4.2799e-17,0.053246,0.056503
-1.0336e-16,0.053287,0.056509
-1.6067e-16,0.053327,0.056511
-2.1468e-16,0.053368,0.05651
-2.6533e-16,0.053408,0.056505
-3.1257e-16,0.053447,0.056497
-3.564e-16,0.053486,0.056485
-3.9679e-16,0.053525,0.056469
-4.3376e-16,0.053563,0.05645
-4.6732e-16,0.0536,0.056426
-4.9751e-16,0.053636,0.056399
-5.2436e-16,0.053672,0.056368
-5.4793e-16,0.053707,0.056333
-5.6829e-16,0.053741,0.056295
-5.855e-16,0.053774,0.056252
-5.9964e-16,0.053805,0.056206
-6.1081e-16,0.053836,0.056156
-6.191e-16,0.053865,0.056103
-6.2462e-16,0.053893,0.056045
-6.2747e-16,0.05392,0.055985
-6.2776e-16,0.053945,0.055921
-6.2563e-16,0.053969,0.055853
-6.2118e-16,0.053991,0.055782
-6.1455e-16,0.054011,0.055709
-6.0586e-16,0.05403,0.055632
-5.9525e-16,0.054046,0.055552
-5.8283e-16,0.054061,0.055469
-5.6876e-16,0.054075,0.055383
-5.5315e-16,0.054086,0.055296
-5.3615e-16,0.054095,0.055205
-5.1787e-16,0.054102,0.055112
-4.9846e-16,0.054107,0.055018
-4.7804e-16,0.05411,0.054921
-4.5673e-16,0.05411,0.054823
-4.3466e-16,0.054109,0.054722
-4.1196e-16,0.054105,0.054621
-3.8873e-16,0.054099,0.054518
-3.6509e-16,0.05409,0.054414
-3.4116e-16,0.05408,0.054309
-3.1703e-16,0.054066,0.054203
-2.9282e-16,0.054051,0.054097
-2.6861e-16,0.054034,0.053991
-2.445e-16,0.054014,0.053884
-2.2058e-16,0.053991,0.053777
-1.9694e-16,0.053967,0.05367
-1.7364e-16,0.05394,0.053564
-1.5077e-16,0.053911,0.053458
-1.284e-16,0.05388,0.053352
-1.0657e-16,0.053846,0.053248
-8.5363e-17,0.05381,0.053144
-6.482e-17,0.053772,0.053042
-4.4991e-17,0.053733,0.052941
-2.5919e-17,0.053691,0.052842
-7.6429e-18,0.053646,0.052744
9.8053e-18,0.0536,0.052647
2.6397e-17,0.053553,0.052553
4.2108e-17,0.053503,0.052461
5.692e-17,0.053451,0.052371
7.0817e-17,0.053398,0.052283
8.3789e-17,0.053343,0.052198
9.5829e-17,0.053286,0.052115
1.0694e-16,0.053228,0.052035
1.1711e-16,0.053169,0.051958
1.2635e-16,0.053108,0.051883
1.3467e-16,0.053046,0.051812
1.4209e-16,0.052982,0.051743
1.4861e-16,0.052918,0.051677
1.5425e-16,0.052852,0.051615
1.5903e-16,0.052786,0.051556
1.6297e-16,0.052719,0.051499
1.661e-16,0.052651,0.051447
1.6844e-16,0.052582,0.051397
1.7003e-16,0.052513,0.051351
1.7088e-16,0.052443,0.051308
1.7104e-16,0.052373,0.051268
1.7052e-16,0.052303,0.051232
1.6938e-16,0.052233,0.051199
1.6764e-16,0.052163,0.051169
1.6533e-16,0.052093,0.051142
1.6249e-16,0.052023,0.051119
1.5916e-16,0.051953,0.051098
1.5538e-16,0.051885,0.051081
1.5117e-16,0.051816,0.051067
1.4658e-16,0.051749,0.051056
1.4163e-16,0.051682,0.051047
1.3638e-16,0.051616,0.051042
1.3084e-16,0.051552,0.051039
1.2506e-16,0.051488,0.051039
1.1907e-16,0.051426,0.051041
1.1291e-16,0.051365,0.051045
1.0659e-16,0.051306,0.051052
1.0016e-16,0.051248,0.051062
9.3651e-17,0.051193,0.051073
8.7083e-17,0.051139,0.051086
8.0488e-17,0.051087,0.051101
7.3892e-17,0.051036,0.051118
6.732e-17,0.050989,0.051137
6.0798e-17,0.050943,0.051157
5.4348e-17,0.050899,0.051178
4.7991e-17,0.050858,0.051201
4.1747e-17,0.05082,0.051225
3.5635e-17,0.050783,0.05125
2.9673e-17,0.05075,0.051276
2.3876e-17,0.050718,0.051302
1.826e-17,0.05069,0.05133
1.2836e-17,0.050664,0.051357
7.6177e-18,0.050641,0.051386
2.6148e-18,0.050621,0.051414
-2.1633e-18,0.050603,0.051443
-6.7089e-18,0.050588,0.051473
-1.1015e-17,0.050576,0.051502
-1.5077e-17,0.050567,0.051531
-1.889e-17,0.05056,0.05156
-2.2452e-17,0.050557,0.051589
-2.5759e-17,0.050556,0.051618
-2.8813e-17,0.050557,0.051647
-3.1612e-17,0.050562,0.051675
-3.4157e-17,0.050569,0.051703
-3.6452e-17,0.050578,0.05173
-3.8498e-17,0.05059,0.051756
-4.03e-17,0.050605,0.051783
-4.1862e-17,0.050622,0.051808
-4.319e-17,0.050641,0.051833
-4.4289e-17,0.050663,0.051857
-4.5165e-17,0.050686,0.051881
-4.5826e-17,0.050712,0.051903
-4.628e-17,0.05074,0.051925
-4.6534e-17,0.050769,0.051947
-4.6597e-17,0.050801,0.051967
-4.6477e-17,0.050834,0.051987
-4.6184e-17,0.050869,0.052006
-4.5726e-17,0.050905,0.052024
-4.5114e-17,0.050942,0.052041
-4.4356e-17,0.050981,0.052058
-4.3464e-17,0.051021,0.052074
-4.2445e-17,0.051062,0.052088
-4.1311e-17,0.051104,0.052103
-4.0071e-17,0.051147,0.052116
-3.8734e-17,0.05119,0.052129
-3.7311e-17,0.051235,0.052141
-3.5811e-17,0.051279,0.052152
-3.4244e-17,0.051324,0.052163
-3.2618e-17,0.05137,0.052173
-3.0942e-17,0.051415,0.052182
-2.9226e-17,0.051461,0.05219
-2.7478e-17,0.051507,0.052198
-2.5706e-17,0.051552,0.052206
-2.3918e-17,0.051598,0.052212
-2.2122e-17,0.051643,0.052218
-2.0325e-17,0.051688,0.052224
-1.8534e-17,0.051732,0.052229
-1.6755e-17,0.051777,0.052233
-1.4996e-17,0.05182,0.052237
-1.3261e-17,0.051863,0.052241
-1.1556e-17,0.051906,0.052244
-9.8874e-18,0.051948,0.052246
-8.2586e-18,0.051989,0.052248
-6.6743e-18,0.052029,0.05225
-5.1387e-18,0.052068,0.052251
-3.6554e-18,0.052107,0.052252
-2.2276e-18,0.052145,0.052252
-8.5819e-19,0.052182,0.052252
4.5025e-19,0.052218,0.052251
1.6955e-18,0.052253,0.05225
2.8759e-18,0.052287,0.052249
3.9897e-18,0.05232,0.052247
5.0359e-18,0.052352,0.052244
6.0136e-18,0.052384,0.052241
6.9222e-18,0.052414,0.052238
7.7615e-18,0.052444,0.052234
8.5315e-18,0.052472,0.05223
9.2325e-18,0.0525,0.052226
9.865e-18,0.052526,0.052221
1.043e-17,0.052552,0.052215
1.0928e-17,0.052577,0.052209
1.1361e-17,0.052601,0.052203
1.1729e-17,0.052624,0.052195
1.2035e-17,0.052647,0.052188
1.228e-17,0.052668,0.05218
1.2467e-17,0.052689,0.052171
1.2596e-17,0.052709,0.052162
1.2672e-17,0.052728,0.052152
1.2694e-17,0.052747,0.052142
1.2667e-17,0.052765,0.052131
1.2592e-17,0.052782,0.05212
1.2472e-17,0.052798,0.052108
1.231e-17,0.052814,0.052095
1.2108e-17,0.052829,0.052082
1.1868e-17,0.052844,0.052068
1.1595e-17,0.052857,0.052054
1.1289e-17,0.05287,0.052038
1.0954e-17,0.052882,0.052022
1.0593e-17,0.052894,0.052006
1.0208e-17,0.052905,0.051988
9.8011e-18,0.052915,0.05197
9.3759e-18,0.052924,0.051952
8.9346e-18,0.052933,0.051932
8.4796e-18,0.052941,0.051912
8.0132e-18,0.052948,0.051891
7.5378e-18,0.052954,0.051869
7.0557e-18,0.052959,0.051847
6.569e-18,0.052963,0.051824
6.0799e-18,0.052966,0.0518
5.5902e-18,0.052968,0.051775
5.102e-18,0.052969,0.051749
4.6171e-18,0.052969,0.051723
4.1371e-18,0.052968,0.051696
3.6637e-18,0.052966,0.051668
3.1984e-18,0.052962,0.051639
2.7426e-18,0.052957,0.051609
2.2976e-18,0.05295,0.051579
1.8647e-18,0.052942,0.051548
1.4449e-18,0.052933,0.051516
1.0392e-18,0.052922,0.051484
6.4853e-19,0.052909,0.051451
2.7372e-19,0.052895,0.051417
-8.4561e-20,0.052879,0.051382
-4.257e-19,0.052862,0.051347
-7.4919e-19,0.052843,0.051311
-1.0546e-18,0.052822,0.051274
-1.3416e-18,0.052799,0.051237
-1.61e-18,0.052775,0.051199
-1.8596e-18,0.052748,0.05116
-2.0903e-18,0.05272,0.051121
-2.3021e-18,0.05269,0.051081
-2.4951e-18,0.052658,0.051041
-2.6695e-18,0.052625,0.051
-2.8253e-18,0.052589,0.050958
-2.963e-18,0.052552,0.050916
-3.0828e-18,0.052513,0.050874
-3.185e-18,0.052472,0.050831
-3.2702e-18,0.052429,0.050788
-3.3388e-18,0.052385,0.050744
-3.3914e-18,0.052338,0.050699
-3.4283e-18,0.05229,0.050654
-3.4504e-18,0.052241,0.050609
-3.4581e-18,0.05219,0.050563
-3.4521e-18,0.052138,0.050517
-3.4331e-18,0.052084,0.05047
-3.4017e-18,0.052028,0.050423
-3.3587e-18,0.051972,0.050376
-3.3048e-18,0.051914,0.050328
-3.2407e-18,0.051855,0.05028
-3.1671e-18,0.051794,0.050231
-3.0847e-18,0.051733,0.050182
-2.9944e-18,0.051671,0.050132
-2.8967e-18,0.051608,0.050082
-2.7924e-18,0.051544,0.050032
-2.6823e-18,0.05148,0.049981
-2.567e-18,0.051415,0.04993
-2.4472e-18,0.05135,0.049878
-2.3236e-18,0.051284,0.049826
-2.1969e-18,0.051218,0.049774
-2.0676e-18,0.051151,0.049721
-1.9365e-18,0.051085,0.049668
-1.804e-18,0.051018,0.049614
-1.6708e-18,0.050952,0.04956
-1.5374e-18,0.050885,0.049506
-1.4043e-18,0.050819,0.049451
-1.2721e-18,0.050753,0.049396
-1.1412e-18,0.050688,0.049341
-1.012e-18,0.050623,0.049285
-8.8501e-19,0.050559,0.049229
-7.6054e-19,0.050495,0.049172
-6.3898e-19,0.050432,0.049116
-5.2067e-19,0.05037,0.049059
-4.059e-19,0.050309,0.049002
-2.9496e-19,0.050249,0.048944
-1.8808e-19,0.050189,0.048887
-8.5497e-20,0.050131,0.048829
1.2603e-20,0.050074,0.048772
1.0605e-19,0.050018,0.048714
1.947e-19,0.049964,0.048657
2.7845e-19,0.04991,0.048599
3.5719e-19,0.049858,0.048542
4.3085e-19,0.049808,0.048485
4.994e-19,0.049759,0.048428
5.6281e-19,0.049711,0.048372
6.2108e-19,0.049665,0.048316
6.7421e-19,0.04962,0.04826
7.2226e-19,0.049577,0.048205
7.6526e-19,0.049536,0.048151
8.033e-19,0.049497,0.048097
8.3645e-19,0.049459,0.048044
8.6483e-19,0.049423,0.047992
8.8854e-19,0.049388,0.047941
9.0772e-19,0.049356,0.047891
9.225e-19,0.049325,0.047842
9.3302e-19,0.049296,0.047795
9.3946e-19,0.049269,0.047748
9.4198e-19,0.049243,0.047703
9.4075e-19,0.04922,0.047659
9.3595e-19,0.049198,0.047616
9.2776e-19,0.049178,0.047575
9.1639e-19,0.04916,0.047536
9.0202e-19,0.049144,0.047498
8.8484e-19,0.04913,0.047461
8.6507e-19,0.049117,0.047427
8.4288e-19,0.049106,0.047394
8.1849e-19,0.049097,0.047363
7.9209e-19,0.049089,0.047333
7.6388e-19,0.049083,0.047306
7.3404e-19,0.049079,0.04728
7.0278e-19,0.049076,0.047256
6.7027e-19,0.049075,0.047234
6.3671e-19,0.049075,0.047213
6.0227e-19,0.049076,0.047195
5.6713e-19,0.049079,0.047178
5.3144e-19,0.049083,0.047164
4.9539e-19,0.049088,0.047151
4.5912e-19,0.049094,0.047139
4.2278e-19,0.049101,0.04713
3.8651e-19,0.049109,0.047122
3.5046e-19,0.049118,0.047116
3.1475e-19,0.049127,0.047111
2.795e-19,0.049137,0.047108
2.4483e-19,0.049147,0.047106
2.1085e-19,0.049158,0.047106
1.7764e-19,0.04917,0.047107
1.4531e-19,0.049181,0.04711
1.1394e-19,0.049193,0.047113
8.3598e-20,0.049205,0.047118
5.4359e-20,0.049217,0.047124
2.6283e-20,0.049228,0.04713
-5.7632e-22,0.04924,0.047138
-2.6173e-20,0.049251,0.047146
-5.0468e-20,0.049262,0.047156
-7.3428e-20,0.049273,0.047165
-9.5027e-20,0.049283,0.047176
-1.1525e-19,0.049293,0.047186
-1.3407e-19,0.049302,0.047198
-1.515e-19,0.049311,0.047209
-1.6752e-19,0.049319,0.047221
-1.8215e-19,0.049326,0.047233
-1.9539e-19,0.049333,0.047245
-2.0725e-19,0.049339,0.047257
-2.1776e-19,0.049344,0.047269
-2.2694e-19,0.049349,0.047281
-2.3481e-19,0.049353,0.047292
-2.4141e-19,0.049357,0.047304
-2.4676e-19,0.049359,0.047315
-2.5092e-19,0.049362,0.047325
-2.5391e-19,0.049363,0.047336
-2.5578e-19,0.049364,0.047345
-2.5658e-19,0.049365,0.047355
-2.5636e-19,0.049366,0.047363
-2.5515e-19,0.049366,0.047371
-2.5302e-19,0.049365,0.047379
-2.5002e-19,0.049365,0.047385
-2.4619e-19,0.049364,0.047391
-2.4159e-19,0.049364,0.047397
-2.3628e-19,0.049363,0.047401
-2.303e-19,0.049363,0.047405
-2.2372e-19,0.049362,0.047408
-2.1659e-19,0.049363,0.04741
-2.0895e-19,0.049363,0.047411
-2.0087e-19,0.049364,0.047411
-1.9239e-19,0.049366,0.047411
-1.8357e-19,0.049369,0.04741
-1.7446e-19,0.049372,0.047408
-1.651e-19,0.049376,0.047405
-1.5555e-19,0.049382,0.047401
-1.4584e-19,0.049388,0.047397
-1.3603e-19,0.049396,0.047392
-1.2615e-19,0.049405,0.047386
-1.1625e-19,0.049416,0.047379
-1.0637e-19,0.049427,0.047372
-9.6539e-20,0.049441,0.047364
-8.6799e-20,0.049456,0.047355
-7.7182e-20,0.049472,0.047346
-6.7719e-20,0.049491,0.047336
-5.8438e-20,0.049511,0.047326
-4.9369e-20,0.049532,0.047315
-4.0534e-20,0.049556,0.047304
-3.1958e-20,0.049581,0.047293
-2.3661e-20,0.049609,0.047281
-1.5663e-20,0.049638,0.047268
-7.9791e-21,0.049669,0.047256
-6.254e-22,0.049701,0.047243
6.3856e-21,0.049736,0.04723
1.3043e-20,0.049772,0.047217
1.9338e-20,0.049811,0.047204
2.5262e-20,0.049851,0.04719
3.0812e-20,0.049892,0.047177
3.5982e-20,0.049936,0.047163
4.0771e-20,0.04998,0.04715
4.5178e-20,0.050027,0.047137
4.9204e-20,0.050075,0.047123
5.2851e-20,0.050124,0.04711
5.6124e-20,0.050175,0.047096
5.9027e-20,0.050227,0.047083
6.1566e-20,0.05028,0.04707
6.3748e-20,0.050334,0.047057
6.5583e-20,0.050389,0.047044
6.7079e-20,0.050446,0.047031
6.8245e-20,0.050503,0.047019
6.9095e-20,0.05056,0.047006
6.9638e-20,0.050618,0.046994
6.9887e-20,0.050677,0.046981
6.9855e-20,0.050736,0.046969
6.9555e-20,0.050795,0.046956
6.9002e-20,0.050855,0.046943
6.8208e-20,0.050914,0.046931
6.7189e-20,0.050974,0.046918
6.5959e-20,0.051033,0.046905
6.4532e-20,0.051091,0.046892
6.2924e-20,0.05115,0.046878
6.1148e-20,0.051207,0.046865
5.922e-20,0.051264,0.04685
5.7155e-20,0.05132,0.046836
5.4966e-20,0.051375,0.04682
5.2668e-20,0.051429,0.046805
5.0274e-20,0.051482,0.046788
4.78e-20,0.051533,0.046771
4.5257e-20,0.051583,0.046753
4.2659e-20,0.051631,0.046734
4.0019e-20,0.051678,0.046715
3.7348e-20,0.051723,0.046694
3.4659e-20,0.051767,0.046672
3.1963e-20,0.051808,0.046649
2.9269e-20,0.051847,0.046625
2.659e-20,0.051884,0.0466
2.3933e-20,0.051919,0.046573
2.131e-20,0.051952,0.046545
1.8727e-20,0.051982,0.046516
1.6193e-20,0.052011,0.046485
1.3715e-20,0.052036,0.046453
1.1302e-20,0.05206,0.04642
8.9573e-21,0.052081,0.046385
6.6886e-21,0.052099,0.046349
4.5005e-21,0.052115,0.046311
2.3979e-21,0.052128,0.046272
3.8461e-22,0.052139,0.046231
-1.5356e-21,0.052148,0.046189
-3.3598e-21,0.052154,0.046146
-5.0855e-21,0.052157,0.046101
-6.7106e-21,0.052158,0.046055
-8.2335e-21,0.052157,0.046009
-9.6533e-21,0.052153,0.045961
-1.0969e-20,0.052148,0.045912
-1.2181e-20,0.05214,0.045862
-1.3289e-20,0.052129,0.045811
-1.4294e-20,0.052117,0.04576
-1.5197e-20,0.052103,0.045709
-1.5998e-20,0.052088,0.045656
-1.6701e-20,0.05207,0.045604
-1.7306e-20,0.052051,0.045552
-1.7816e-20,0.05203,0.045499
-1.8233e-20,0.052008,0.045447
-1.8561e-20,0.051985,0.045395
-1.8801e-20,0.051961,0.045344
-1.8958e-20,0.051936,0.045294
-1.9034e-20,0.05191,0.045244
-1.9034e-20,0.051884,0.045195
-1.896e-20,0.051857,0.045147
-1.8817e-20,0.051829,0.045101
-1.8608e-20,0.051802,0.045056
-1.8336e-20,0.051775,0.045013
-1.8007e-20,0.051747,0.044971
-1.7624e-20,0.05172,0.044932
-1.7191e-20,0.051694,0.044894
-1.6712e-20,0.051668,0.044859
-1.6192e-20,0.051642,0.044826
-1.5633e-20,0.051618,0.044795
-1.504e-20,0.051595,0.044767
-1.4417e-20,0.051573,0.044742
-1.3768e-20,0.051552,0.044719
-1.3096e-20,0.051533,0.044699
-1.2405e-20,0.051515,0.044681
-1.1699e-20,0.051499,0.044667
-1.0981e-20,0.051484,0.044655
-1.0254e-20,0.051472,0.044647
-9.5218e-21,0.051461,0.044641
-8.7873e-21,0.051452,0.044638
-8.0534e-21,0.051445,0.044638
-7.3229e-21,0.051441,0.044641
-6.5984e-21,0.051438,0.044647
-5.8826e-21,0.051438,0.044656
-5.1776e-21,0.05144,0.044667
-4.4858e-21,0.051444,0.044681
-3.8092e-21,0.051451,0.044697
-3.1496e-21,0.051459,0.044716
-2.5088e-21,0.05147,0.044738
-1.8885e-21,0.051483,0.044761
-1.29e-21,0.051498,0.044787
-7.1459e-22,0.051515,0.044814
-1.6344e-22,0.051533,0.044843
3.6247e-22,0.051554,0.044874
8.623e-22,0.051577,0.044906
1.3354e-21,0.051601,0.04494
1.7811e-21,0.051627,0.044974
2.199e-21,0.051655,0.04501
2.5888e-21,0.051684,0.045046
2.9504e-21,0.051714,0.045082
3.2836e-21,0.051745,0.045119
3.5885e-21,0.051778,0.045157
3.8653e-21,0.051811,0.045194
4.1142e-21,0.051845,0.045231
4.3356e-21,0.05188,0.045268
4.5299e-21,0.051915,0.045304
4.6976e-21,0.051951,0.045339
4.8393e-21,0.051987,0.045374
4.9557e-21,0.052023,0.045408
5.0476e-21,0.052059,0.04544
5.1157e-21,0.052095,0.045472
5.1608e-21,0.05213,0.045501
5.184e-21,0.052166,0.04553
5.1861e-21,0.0522,0.045557
5.1681e-21,0.052234,0.045582
5.1311e-21,0.052268,0.045605
5.076e-21,0.0523,0.045627
5.0039e-21,0.052331,0.045647
4.916e-21,0.052361,0.045664
4.8132e-21,0.05239,0.04568
4.6967e-21,0.052418,0.045694
4.5675e-21,0.052444,0.045705
4.4268e-21,0.052469,0.045715
4.2757e-21,0.052492,0.045722
4.1151e-21,0.052514,0.045728
3.9463e-21,0.052534,0.045731
3.7702e-21,0.052552,0.045733
3.5877e-21,0.052568,0.045732
3.4001e-21,0.052583,0.04573
3.2081e-21,0.052595,0.045726
3.0128e-21,0.052606,0.04572
2.815e-21,0.052615,0.045712
2.6157e-21,0.052621,0.045703
2.4156e-21,0.052626,0.045692
2.2156e-21,0.052629,0.04568
2.0165e-21,0.052629,0.045666
1.8189e-21,0.052628,0.045651
1.6236e-21,0.052625,0.045635
1.4313e-21,0.052619,0.045618
1.2424e-21,0.052612,0.0456
1.0576e-21,0.052603,0.045581
8.7737e-22,0.052591,0.045562
7.0224e-22,0.052578,0.045541
5.3262e-22,0.052563,0.045521
3.6891e-22,0.052546,0.0455
2.1146e-22,0.052528,0.045479
6.0587e-23,0.052507,0.045457
-8.3441e-23,0.052485,0.045436
-2.2039e-22,0.052461,0.045415
-3.5006e-22,0.052436,0.045394
-4.7229e-22,0.052409,0.045374
-5.8697e-22,0.052381,0.045353
-6.9401e-22,0.052351,0.045334
-7.9335e-22,0.05232,0.045315
-8.8496e-22,0.052287,0.045296
-9.6887e-22,0.052253,0.045279
-1.0451e-21,0.052218,0.045262
-1.1137e-21,0.052182,0.045246
-1.1749e-21,0.052145,0.045232
-1.2286e-21,0.052107,0.045218
-1.275e-21,0.052069,0.045206
-1.3144e-21,0.052029,0.045194
-1.3469e-21,0.051989,0.045184
-1.3726e-21,0.051948,0.045175
-1.3919e-21,0.051906,0.045167
-1.4048e-21,0.051864,0.045161
-1.4118e-21,0.051822,0.045155
-1.413e-21,0.051779,0.045151
-1.4087e-21,0.051736,0.045149
-1.3991e-21,0.051693,0.045147
-1.3846e-21,0.051649,0.045147
-1.3655e-21,0.051606,0.045148
-1.342e-21,0.051563,0.04515
-1.3144e-21,0.05152,0.045153
-1.2831e-21,0.051477,0.045157
-1.2483e-21,0.051434,0.045163
-1.2103e-21,0.051392,0.045169
-1.1694e-21,0.05135,0.045176
-1.1259e-21,0.051309,0.045184
-1.0801e-21,0.051268,0.045193
-1.0324e-21,0.051228,0.045202
-9.8285e-22,0.051189,0.045212
-9.3187e-22,0.05115,0.045223
-8.7969e-22,0.051112,0.045234
-8.2657e-22,0.051075,0.045246
-7.7276e-22,0.051039,0.045258
-7.1849e-22,0.051003,0.045271
-6.64e-22,0.050969,0.045283
-6.0951e-22,0.050935,0.045296
-5.5523e-22,0.050903,0.045309
-5.0136e-22,0.050871,0.045322
-4.4808e-22,0.05084,0.045335
-3.9557e-22,0.050811,0.045348
-3.4401e-22,0.050782,0.04536
-2.9354e-22,0.050755,0.045373
-2.443e-22,0.050728,0.045385
-1.9644e-22,0.050703,0.045397
-1.5006e-22,0.050679,0.045409
-1.0528e-22,0.050655,0.04542
-6.2202e-23,0.050633,0.045431
-2.0903e-23,0.050612,0.045441
1.8539e-23,0.050591,0.045451
5.6059e-23,0.050572,0.045461
9.1601e-23,0.050554,0.04547
1.2512e-22,0.050536,0.045478
1.5659e-22,0.050519,0.045486
1.8598e-22,0.050503,0.045493
2.1327e-22,0.050488,0.0455
2.3845e-22,0.050474,0.045507
2.6154e-22,0.05046,0.045512
2.8253e-22,0.050447,0.045518
3.0146e-22,0.050435,0.045522
3.1833e-22,0.050423,0.045527
3.3318e-22,0.050412,0.04553
3.4605e-22,0.050401,0.045533
3.5699e-22,0.05039,0.045536
3.6603e-22,0.05038,0.045538
3.7324e-22,0.050371,0.04554
3.7867e-22,0.050361,0.045541
3.8239e-22,0.050352,0.045542
3.8446e-22,0.050343,0.045543
3.8495e-22,0.050334,0.045543
3.8394e-22,0.050325,0.045542
3.8149e-22,0.050317,0.045541
3.7769e-22,0.050308,0.04554
3.7261e-22,0.0503,0.045538
3.6633e-22,0.050291,0.045536
3.5894e-22,0.050283,0.045534
3.5051e-22,0.050275,0.045531
3.4112e-22,0.050266,0.045527
3.3086e-22,0.050258,0.045523
3.1981e-22,0.050249,0.045519
3.0804e-22,0.050241,0.045514
2.9564e-22,0.050232,0.045509
2.8268e-22,0.050224,0.045503
2.6924e-22,0.050216,0.045496
2.5539e-22,0.050207,0.04549
2.4121e-22,0.050199,0.045482
2.2676e-22,0.050191,0.045474
2.1212e-22,0.050183,0.045465
1.9734e-22,0.050176,0.045456
1.825e-22,0.050168,0.045446
1.6766e-22,0.050161,0.045436
1.5286e-22,0.050155,0.045424
1.3817e-22,0.050149,0.045413
1.2364e-22,0.050143,0.0454
1.0931e-22,0.050137,0.045387
9.5232e-23,0.050133,0.045373
8.1449e-23,0.050128,0.045358
6.7998e-23,0.050125,0.045343
5.4917e-23,0.050122,0.045327
4.2238e-23,0.05012,0.045311
2.9991e-23,0.050118,0.045293
1.8203e-23,0.050118,0.045275
6.8984e-24,0.050118,0.045257
-3.9023e-24,0.050119,0.045237
-1.4181e-23,0.05012,0.045217
-2.3923e-23,0.050123,0.045197
-3.3115e-23,0.050127,0.045176
-4.1749e-23,0.050131,0.045154
-4.9816e-23,0.050136,0.045132
-5.7313e-23,0.050142,0.04511
-6.4237e-23,0.050149,0.045087
-7.0588e-23,0.050156,0.045064
-7.6369e-23,0.050164,0.045041
-8.1585e-23,0.050173,0.045018
-8.6242e-23,0.050182,0.044994
-9.0347e-23,0.050192,0.04497
-9.3912e-23,0.050202,0.044947
-9.6948e-23,0.050213,0.044923
-9.9467e-23,0.050224,0.0449
-1.0148e-22,0.050234,0.044877
-1.0302e-22,0.050245,0.044854
-1.0408e-22,0.050256,0.044832
-1.0469e-22,0.050266,0.04481
-1.0487e-22,0.050276,0.044789
-1.0464e-22,0.050285,0.044768
-1.0401e-22,0.050294,0.044748
-1.0302e-22,0.050301,0.044729
-1.0167e-22,0.050308,0.044711
-9.9996e-23,0.050313,0.044694
-9.8013e-23,0.050317,0.044679
-9.5746e-23,0.050319,0.044664
-9.3217e-23,0.05032,0.044651
-9.0447e-23,0.050319,0.044639
-8.7458e-23,0.050316,0.044628
-8.4273e-23,0.050311,0.044619
-8.0912e-23,0.050303,0.044612
-7.7397e-23,0.050293,0.044606
-7.3749e-23,0.050281,0.044602
-6.9988e-23,0.050266,0.0446
-6.6133e-23,0.050249,0.0446
-6.2205e-23,0.050228,0.044601
-5.8221e-23,0.050205,0.044605
-5.42e-23,0.050179,0.04461
-5.0159e-23,0.05015,0.044617
-4.6114e-23,0.050118,0.044627
-4.2081e-23,0.050083,0.044638
-3.8075e-23,0.050045,0.044651
-3.411e-23,0.050005,0.044667
-3.02e-23,0.049961,0.044684
-2.6358e-23,0.049914,0.044703
-2.2593e-23,0.049865,0.044724
-1.8919e-23,0.049813,0.044748
-1.5344e-23,0.049759,0.044773
-1.1878e-23,0.049702,0.044799
-8.5282e-24,0.049642,0.044828
-5.3031e-24,0.049581,0.044858
-2.2089e-24,0.049517,0.044891
7.4863e-25,0.049451,0.044924
3.5644e-24,0.049384,0.044959
6.2344e-24,0.049315,0.044996
8.755e-24,0.049245,0.045034
1.1124e-23,0.049174,0.045073
1.3338e-23,0.049101,0.045113
1.5397e-23,0.049028,0.045155
1.7301e-23,0.048955,0.045197
1.9048e-23,0.048881,0.04524
2.064e-23,0.048807,0.045284
2.2077e-23,0.048733,0.045328
2.3362e-23,0.04866,0.045373
2.4497e-23,0.048587,0.045418
2.5484e-23,0.048515,0.045463
2.6326e-23,0.048444,0.045508
2.7028e-23,0.048374,0.045553
2.7592e-23,0.048305,0.045597
2.8024e-23,0.048238,0.045642
2.8327e-23,0.048173,0.045686
2.8507e-23,0.04811,0.045729
2.8569e-23,0.048049,0.045771
2.8517e-23,0.04799,0.045812
2.8359e-23,0.047933,0.045852
2.8098e-23,0.047879,0.045891
2.7741e-23,0.047827,0.045929
2.7294e-23,0.047779,0.045965
2.6763e-23,0.047733,0.045999
2.6154e-23,0.04769,0.046031
2.5472e-23,0.04765,0.046062
2.4724e-23,0.047612,0.04609
2.3916e-23,0.047578,0.046117
2.3054e-23,0.047547,0.046141
2.2144e-23,0.047519,0.046163
2.119e-23,0.047495,0.046182
2.02e-23,0.047473,0.046199
1.9179e-23,0.047454,0.046213
1.8131e-23,0.047438,0.046225
1.7063e-23,0.047426,0.046234
1.5979e-23,0.047416,0.04624
1.4885e-23,0.047409,0.046243
1.3784e-23,0.047405,0.046243
1.2682e-23,0.047403,0.046241
1.1583e-23,0.047405,0.046235
1.0491e-23,0.047408,0.046227
9.4094e-24,0.047414,0.046215
8.3425e-24,0.047423,0.046201
7.2935e-24,0.047434,0.046184
6.2656e-24,0.047446,0.046164
5.2618e-24,0.047461,0.046141
4.2848e-24,0.047477,0.046115
3.3372e-24,0.047496,0.046087
2.4212e-24,0.047516,0.046056
1.5389e-24,0.047537,0.046022
6.9198e-25,0.04756,0.045986
-1.1782e-25,0.047584,0.045948
-8.8916e-25,0.047609,0.045907
-1.6209e-24,0.047634,0.045864
-2.312e-24,0.047661,0.04582
-2.9618e-24,0.047689,0.045773
-3.5697e-24,0.047717,0.045725
-4.1353e-24,0.047745,0.045675
-4.6584e-24,0.047774,0.045624
-5.139e-24,0.047803,0.045571
-5.5772e-24,0.047832,0.045517
-5.9734e-24,0.047862,0.045462
-6.328e-24,0.047891,0.045407
-6.6415e-24,0.047919,0.045351
-6.9147e-24,0.047948,0.045294
-7.1485e-24,0.047976,0.045237
-7.3437e-24,0.048004,0.04518
-7.5015e-24,0.048031,0.045124
-7.623e-24,0.048057,0.045067
-7.7094e-24,0.048083,0.04501
-7.762e-24,0.048108,0.044955
-7.7822e-24,0.048132,0.0449
-7.7715e-24,0.048155,0.044845
-7.7314e-24,0.048177,0.044792
-7.6633e-24,0.048198,0.04474
-7.5689e-24,0.048218,0.044689
-7.4497e-24,0.048237,0.04464
-7.3075e-24,0.048254,0.044592
-7.1437e-24,0.048271,0.044546
-6.9601e-24,0.048286,0.044502
-6.7583e-24,0.0483,0.04446
-6.5399e-24,0.048313,0.04442
-6.3066e-24,0.048324,0.044382
-6.0599e-24,0.048334,0.044346
-5.8014e-24,0.048343,0.044313
-5.5327e-24,0.048351,0.044282
-5.2553e-24,0.048358,0.044254
-4.9707e-24,0.048363,0.044228
-4.6802e-24,0.048367,0.044205
-4.3854e-24,0.04837,0.044184
-4.0875e-24,0.048372,0.044167
-3.7878e-24,0.048373,0.044151
-3.4876e-24,0.048373,0.044139
-3.188e-24,0.048371,0.04413
-2.8902e-24,0.048369,0.044123
-2.5952e-24,0.048366,0.044119
-2.3041e-24,0.048362,0.044118
-2.0178e-24,0.048357,0.044119
-1.7371e-24,0.048351,0.044123
-1.4629e-24,0.048344,0.04413
-1.1959e-24,0.048337,0.04414
-9.3688e-25,0.048329,0.044152
-6.8638e-25,0.048321,0.044166
-4.4499e-25,0.048311,0.044184
-2.1321e-25,0.048302,0.044203
8.5132e-27,0.048291,0.044225
2.198e-25,0.048281,0.044248
4.2032e-25,0.04827,0.044274
6.0981e-25,0.048259,0.044303
7.8806e-25,0.048247,0.044333
9.549e-25,0.048235,0.044364
1.1102e-24,0.048223,0.044398
1.254e-24,0.048211,0.044433
1.3862e-24,0.048199,0.04447
1.5068e-24,0.048187,0.044508
1.616e-24,0.048175,0.044547
1.7138e-24,0.048164,0.044588
1.8005e-24,0.048152,0.04463
1.8761e-24,0.048141,0.044672
1.9409e-24,0.04813,0.044716
1.9952e-24,0.048119,0.04476
2.0393e-24,0.048109,0.044805
2.0735e-24,0.048099,0.04485
2.098e-24,0.04809,0.044896
2.1133e-24,0.048082,0.044942
2.1198e-24,0.048074,0.044989
2.1178e-24,0.048067,0.045035
2.1077e-24,0.048061,0.045082
2.09e-24,0.048055,0.045128
2.065e-24,0.048051,0.045174
2.0333e-24,0.048048,0.04522
1.9952e-24,0.048045,0.045265
1.9512e-24,0.048044,0.04531
1.9017e-24,0.048044,0.045355
1.8473e-24,0.048045,0.045399
1.7883e-24,0.048047,0.045442
1.7251e-24,0.04805,0.045484
1.6583e-24,0.048055,0.045526
1.5882e-24,0.048061,0.045566
1.5153e-24,0.048068,0.045606
1.44e-24,0.048076,0.045644
1.3626e-24,0.048086,0.045682
1.2837e-24,0.048097,0.045718
1.2035e-24,0.04811,0.045753
1.1224e-24,0.048123,0.045786
1.0408e-24,0.048138,0.045819
9.5899e-25,0.048155,0.045849
8.7734e-25,0.048172,0.045879
7.9615e-25,0.048191,0.045906
7.157e-25,0.048211,0.045933
6.3627e-25,0.048233,0.045957
5.5811e-25,0.048255,0.04598
4.8148e-25,0.048279,0.046002
4.0658e-25,0.048304,0.046021
3.3363e-25,0.048329,0.046039
2.6281e-25,0.048356,0.046055
1.9431e-25,0.048384,0.046069
1.2828e-25,0.048413,0.046081
6.4844e-26,0.048442,0.046092
4.1393e-27,0.048472,0.0461
-5.3732e-26,0.048503,0.046107
-1.0868e-25,0.048534,0.046112
-1.6063e-25,0.048566,0.046114
-2.0953e-25,0.048598,0.046115
-2.5532e-25,0.048631,0.046114
-2.9798e-25,0.048663,0.046111
-3.3749e-25,0.048696,0.046106
-3.7384e-25,0.048729,0.046098
-4.0705e-25,0.048762,0.04609
-4.3713e-25,0.048795,0.046079
-4.6411e-25,0.048828,0.046066
-4.8804e-25,0.04886,0.046051
-5.0896e-25,0.048892,0.046035
-5.2694e-25,0.048923,0.046016
-5.4205e-25,0.048954,0.045996
-5.5436e-25,0.048984,0.045974
-5.6395e-25,0.049014,0.045951
-5.7092e-25,0.049042,0.045926
-5.7537e-25,0.04907,0.045899
-5.7738e-25,0.049097,0.045871
-5.7708e-25,0.049123,0.045841
-5.7457e-25,0.049147,0.04581
-5.6996e-25,0.049171,0.045777
-5.6337e-25,0.049193,0.045744
-5.5492e-25,0.049214,0.045709
-5.4473e-25,0.049234,0.045673
-5.3291e-25,0.049253,0.045636
-5.196e-25,0.04927,0.045597
-5.0491e-25,0.049286,0.045558
-4.8896e-25,0.049301,0.045519
-4.7188e-25,0.049314,0.045478
-4.5378e-25,0.049326,0.045437
-4.3478e-25,0.049337,0.045395
-4.1499e-25,0.049347,0.045353
-3.9454e-25,0.049355,0.045311
-3.7352e-25,0.049363,0.045268
-3.5205e-25,0.049369,0.045225
-3.3024e-25,0.049375,0.045182
-3.0817e-25,0.049379,0.045139
-2.8595e-25,0.049383,0.045096
-2.6367e-25,0.049385,0.045054
-2.4142e-25,0.049388,0.045011
-2.1929e-25,0.049389,0.04497
-1.9735e-25,0.04939,0.044928
-1.7568e-25,0.049391,0.044887
-1.5434e-25,0.049392,0.044847
-1.3342e-25,0.049392,0.044807
-1.1296e-25,0.049393,0.044769
-9.3027e-26,0.049393,0.044731
-7.367e-26,0.049394,0.044694
-5.4939e-26,0.049395,0.044658
-3.6874e-26,0.049397,0.044623
-1.9515e-26,0.049399,0.044589
-2.8961e-27,0.049402,0.044556
1.2954e-26,0.049406,0.044524
2.8011e-26,0.049411,0.044494
4.2253e-26,0.049416,0.044465
5.5664e-26,0.049424,0.044437
6.8231e-26,0.049432,0.04441
7.9946e-26,0.049442,0.044385
9.0802e-26,0.049453,0.044361
1.008e-25,0.049465,0.044339
1.0994e-25,0.04948,0.044317
1.1823e-25,0.049496,0.044298
1.2567e-25,0.049514,0.044279
1.3228e-25,0.049533,0.044262
1.3806e-25,0.049555,0.044246
1.4305e-25,0.049579,0.044231
1.4725e-25,0.049604,0.044218
1.5068e-25,0.049632,0.044206
1.5338e-25,0.049661,0.044195
1.5535e-25,0.049693,0.044185
1.5664e-25,0.049727,0.044176
1.5726e-25,0.049762,0.044169
1.5724e-25,0.0498,0.044163
1.5662e-25,0.04984,0.044158
1.5543e-25,0.049881,0.044153
1.5369e-25,0.049925,0.04415
1.5144e-25,0.04997,0.044148
1.4872e-25,0.050018,0.044147
1.4554e-25,0.050067,0.044147
1.4196e-25,0.050118,0.044147
1.38e-25,0.05017,0.044149
1.3369e-25,0.050224,0.044151
1.2907e-25,0.05028,0.044154
1.2417e-25,0.050337,0.044159
1.1901e-25,0.050395,0.044163
1.1365e-25,0.050454,0.044169
1.0809e-25,0.050515,0.044175
1.0238e-25,0.050576,0.044183
9.6548e-26,0.050638,0.044191
9.0613e-26,0.050701,0.0442
8.4608e-26,0.050764,0.044209
7.8559e-26,0.050828,0.04422
7.2491e-26,0.050891,0.044231
6.6428e-26,0.050955,0.044244
6.0394e-26,0.051019,0.044257
5.441e-26,0.051083,0.044271
4.8497e-26,0.051146,0.044287
4.2675e-26,0.051208,0.044303
3.6961e-26,0.05127,0.044321
3.1374e-26,0.05133,0.04434
2.5927e-26,0.05139,0.04436
2.0637e-26,0.051448,0.044381
1.5515e-26,0.051505,0.044404
1.0573e-26,0.05156,0.044428
5.823e-27,0.051613,0.044454
1.2732e-27,0.051664,0.044481
-3.0679e-27,0.051713,0.04451
-7.1935e-27,0.051759,0.044541
-1.1098e-26,0.051803,0.044573
-1.4776e-26,0.051844,0.044608
-1.8225e-26,0.051882,0.044644
-2.1441e-26,0.051917,0.044683
-2.4424e-26,0.051949,0.044723
-2.7173e-26,0.051978,0.044766
-2.9688e-26,0.052003,0.04481
-3.1971e-26,0.052024,0.044857
-3.4023e-26,0.052042,0.044906
-3.5848e-26,0.052056,0.044958
-3.7449e-26,0.052066,0.045011
-3.8831e-26,0.052072,0.045067
-3.9998e-26,0.052074,0.045125
-4.0956e-26,0.052072,0.045186
-4.1712e-26,0.052066,0.045249
-4.2271e-26,0.052056,0.045314
-4.2641e-26,0.052041,0.045381
-4.2829e-26,0.052022,0.045451
-4.2844e-26,0.051999,0.045522
-4.2693e-26,0.051972,0.045596
-4.2384e-26,0.05194,0.045672
-4.1926e-26,0.051905,0.04575
-4.1328e-26,0.051865,0.04583
-4.0599e-26,0.051821,0.045911
-3.9748e-26,0.051774,0.045994
-3.8784e-26,0.051722,0.046079
-3.7715e-26,0.051667,0.046165
-3.6551e-26,0.051609,0.046252
-3.5301e-26,0.051547,0.046341
-3.3974e-26,0.051482,0.04643
-3.2577e-26,0.051413,0.04652
-3.1121e-26,0.051342,0.046611
-2.9614e-26,0.051268,0.046702
-2.8062e-26,0.051191,0.046794
-2.6476e-26,0.051112,0.046885
-2.4862e-26,0.051031,0.046976
-2.3228e-26,0.050948,0.047067
-2.1581e-26,0.050864,0.047157
-1.9928e-26,0.050778,0.047247
-1.8276e-26,0.05069,0.047335
-1.6631e-26,0.050602,0.047422
-1.4999e-26,0.050513,0.047508
-1.3386e-26,0.050423,0.047591
-1.1797e-26,0.050333,0.047673
-1.0237e-26,0.050244,0.047753
-8.711e-27,0.050154,0.04783
-7.2229e-27,0.050065,0.047905
-5.7769e-27,0.049977,0.047976
-4.3764e-27,0.04989,0.048045
-3.0248e-27,0.049804,0.04811
-1.7249e-27,0.04972,0.048172
-4.7944e-28,0.049637,0.048231
7.0944e-28,0.049557,0.048285
1.8398e-27,0.049479,0.048336
2.91e-27,0.049403,0.048382
3.9188e-27,0.04933,0.048425
4.8651e-27,0.04926,0.048462
5.7483e-27,0.049193,0.048496
6.5679e-27,0.049129,0.048525
7.3237e-27,0.049069,0.048549
8.0158e-27,0.049013,0.048569
8.6445e-27,0.04896,0.048584
9.2104e-27,0.048911,0.048594
9.7142e-27,0.048867,0.048599
1.0157e-26,0.048826,0.0486
1.054e-26,0.04879,0.048596
1.0864e-26,0.048759,0.048587
1.1131e-26,0.048731,0.048573
1.1343e-26,0.048709,0.048555
1.1501e-26,0.048691,0.048532
1.1607e-26,0.048677,0.048504
1.1664e-26,0.048669,0.048473
1.1673e-26,0.048665,0.048437
1.1637e-26,0.048665,0.048397
1.1557e-26,0.04867,0.048353
1.1437e-26,0.04868,0.048305
1.1278e-26,0.048694,0.048253
1.1083e-26,0.048713,0.048199
1.0855e-26,0.048736,0.048141
1.0595e-26,0.048763,0.04808
1.0307e-26,0.048795,0.048016
9.9928e-27,0.04883,0.047949
9.6548e-27,0.048869,0.047881
9.2953e-27,0.048912,0.04781
8.9169e-27,0.048959,0.047737
8.5219e-27,0.049009,0.047663
8.1126e-27,0.049062,0.047588
7.6912e-27,0.049118,0.047511
7.26e-27,0.049176,0.047434
6.821e-27,0.049238,0.047356
6.3764e-27,0.049302,0.047278
5.928e-27,0.049368,0.0472
5.4778e-27,0.049436,0.047122
5.0277e-27,0.049506,0.047045
4.5793e-27,0.049577,0.046969
4.1343e-27,0.04965,0.046893
3.6942e-27,0.049724,0.046819
3.2606e-27,0.049799,0.046747
2.8347e-27,0.049874,0.046676
2.4179e-27,0.04995,0.046607
2.0113e-27,0.050026,0.04654
1.6161e-27,0.050102,0.046475
1.2332e-27,0.050179,0.046413
8.6352e-28,0.050255,0.046353
5.0785e-28,0.05033,0.046296
1.6691e-28,0.050405,0.046242
-1.5867e-28,0.050479,0.046191
-4.6835e-28,0.050552,0.046143
-7.617e-28,0.050623,0.046098
-1.0383e-27,0.050694,0.046057
-1.298e-27,0.050763,0.046018
-1.5405e-27,0.050831,0.045983
-1.7656e-27,0.050897,0.045951
-1.9734e-27,0.050961,0.045922
-2.1639e-27,0.051023,0.045897
-2.337e-27,0.051084,0.045874
-2.493e-27,0.051142,0.045855
-2.6321e-27,0.051198,0.045839
-2.7545e-27,0.051253,0.045826
-2.8606e-27,0.051304,0.045815
-2.9506e-27,0.051354,0.045808
-3.0251e-27,0.051401,0.045803
-3.0844e-27,0.051446,0.0458
-3.129e-27,0.051489,0.0458
-3.1595e-27,0.051529,0.045802
-3.1764e-27,0.051567,0.045806
-3.1802e-27,0.051602,0.045812
-3.1716e-27,0.051635,0.04582
-3.1512e-27,0.051665,0.045829
-3.1196e-27,0.051693,0.045839
-3.0775e-27,0.051718,0.04585
-3.0255e-27,0.051741,0.045862
-2.9642e-27,0.051762,0.045875
-2.8944e-27,0.051779,0.045888
-2.8167e-27,0.051795,0.045902
-2.7319e-27,0.051807,0.045915
-2.6404e-27,0.051818,0.045928
-2.5431e-27,0.051826,0.045941
-2.4406e-27,0.051831,0.045953
-2.3334e-27,0.051834,0.045964
-2.2223e-27,0.051834,0.045974
-2.1079e-27,0.051832,0.045983
-1.9907e-27,0.051828,0.04599
-1.8713e-27,0.051821,0.045996
-1.7503e-27,0.051811,0.046
-1.6282e-27,0.0518,0.046002
-1.5056e-27,0.051785,0.046003
-1.383e-27,0.051769,0.046
-1.2608e-27,0.051749,0.045996
-1.1394e-27,0.051728,0.045989
-1.0194e-27,0.051704,0.04598
-9.0102e-28,0.051678,0.045968
-7.8476e-28,0.051649,0.045953
-6.7094e-28,0.051618,0.045935
-5.5987e-28,0.051585,0.045915
-4.5185e-28,0.051549,0.045891
-3.4716e-28,0.051511,0.045865
-2.4605e-28,0.05147,0.045836
-1.4873e-28,0.051428,0.045804
-5.541e-29,0.051383,0.045768
3.3747e-29,0.051336,0.045731
1.1859e-28,0.051287,0.04569
1.9899e-28,0.051235,0.045646
2.7486e-28,0.051182,0.0456
3.461e-28,0.051126,0.045551
4.1267e-28,0.051068,0.045499
4.7452e-28,0.051009,0.045446
5.3164e-28,0.050947,0.045389
5.8403e-28,0.050884,0.045331
6.3171e-28,0.050818,0.04527
6.7472e-28,0.050751,0.045208
7.1311e-28,0.050683,0.045143
7.4695e-28,0.050612,0.045078
7.7632e-28,0.05054,0.04501
8.0133e-28,0.050467,0.044942
8.2207e-28,0.050392,0.044872
8.3867e-28,0.050316,0.044801
8.5126e-28,0.050239,0.04473
8.5997e-28,0.05016,0.044658
8.6497e-28,0.050081,0.044585
8.6639e-28,0.050001,0.044513
8.6441e-28,0.049919,0.044441
8.592e-28,0.049837,0.044368
8.5091e-28,0.049755,0.044297
8.3974e-28,0.049671,0.044226
8.2585e-28,0.049588,0.044155
8.0943e-28,0.049504,0.044086
7.9066e-28,0.04942,0.044018
7.6973e-28,0.049335,0.043951
7.4681e-28,0.049251,0.043886
7.2209e-28,0.049167,0.043822
6.9575e-28,0.049083,0.043761
6.6796e-28,0.048999,0.043701
6.389e-28,0.048915,0.043643
6.0874e-28,0.048832,0.043588
5.7766e-28,0.04875,0.043535
5.458e-28,0.048668,0.043485
5.1334e-28,0.048588,0.043437
4.8042e-28,0.048508,0.043392
4.4719e-28,0.048429,0.043349
4.1381e-28,0.048351,0.04331
3.8039e-28,0.048274,0.043273
3.4707e-28,0.048198,0.04324
3.1398e-28,0.048124,0.043209
2.8124e-28,0.048052,0.043181
2.4894e-28,0.04798,0.043156
2.1721e-28,0.047911,0.043134
1.8612e-28,0.047843,0.043115
1.5578e-28,0.047777,0.043099
1.2626e-28,0.047713,0.043086
9.7639e-29,0.04765,0.043076
6.9985e-29,0.04759,0.043069
4.3359e-29,0.047532,0.043064
1.7816e-29,0.047475,0.043061
-6.5977e-30,0.047421,0.043062
-2.984e-29,0.04737,0.043064
-5.1876e-29,0.04732,0.043069
-7.2679e-29,0.047273,0.043077
-9.2225e-29,0.047228,0.043086
-1.105e-28,0.047186,0.043097
-1.2749e-28,0.047147,0.043111
-1.4319e-28,0.04711,0.043125
-1.576e-28,0.047075,0.043142
-1.7073e-28,0.047043,0.04316
-1.8258e-28,0.047014,0.043179
-1.9318e-28,0.046988,0.043199
-2.0253e-28,0.046964,0.043221
-2.1067e-28,0.046943,0.043243
-2.1761e-28,0.046925,0.043266
-2.2338e-28,0.046909,0.04329
-2.2802e-28,0.046897,0.043315
-2.3157e-28,0.046887,0.043339
-2.3406e-28,0.04688,0.043364
-2.3553e-28,0.046876,0.043389
-2.3602e-28,0.046875,0.043415
-2.3558e-28,0.046877,0.04344
-2.3425e-28,0.046882,0.043465
-2.3209e-28,0.04689,0.043489
-2.2912e-28,0.0469,0.043513
-2.2542e-28,0.046913,0.043537
-2.2102e-28,0.046929,0.04356
-2.1597e-28,0.046948,0.043583
-2.1033e-28,0.04697,0.043605
-2.0415e-28,0.046994,0.043626
-1.9746e-28,0.047021,0.043646
-1.9033e-28,0.047051,0.043665
-1.8281e-28,0.047083,0.043683
-1.7493e-28,0.047118,0.043701
-1.6674e-28,0.047156,0.043717
-1.583e-28,0.047196,0.043733
-1.4964e-28,0.047238,0.043747
-1.4081e-28,0.047283,0.04376
-1.3186e-28,0.047329,0.043772
-1.2281e-28,0.047378,0.043784
-1.1372e-28,0.047429,0.043794
-1.0462e-28,0.047482,0.043803
-9.5536e-29,0.047537,0.043811
-8.6514e-29,0.047594,0.043818
-7.7582e-29,0.047653,0.043825
-6.877e-29,0.047713,0.04383
-6.0106e-29,0.047775,0.043835
-5.1618e-29,0.047838,0.043839
-4.3328e-29,0.047902,0.043842
-3.5261e-29,0.047968,0.043844
-2.7437e-29,0.048035,0.043846
-1.9874e-29,0.048103,0.043848
-1.2589e-29,0.048171,0.043848
-5.5982e-30,0.048241,0.043849
1.0865e-30,0.048311,0.043849
7.4533e-30,0.048382,0.043849
1.3493e-29,0.048454,0.043849
1.9196e-29,0.048526,0.043849
2.4559e-29,0.048598,0.043848
2.9575e-29,0.04867,0.043848
3.4241e-29,0.048743,0.043847
3.8557e-29,0.048816,0.043847
4.2521e-29,0.048888,0.043847
4.6136e-29,0.048961,0.043847
4.9403e-29,0.049033,0.043848
5.2326e-29,0.049105,0.043848
5.4911e-29,0.049176,0.04385
5.7162e-29,0.049248,0.043851
5.9088e-29,0.049318,0.043853
6.0695e-29,0.049388,0.043856
6.1994e-29,0.049458,0.043859
6.2992e-29,0.049527,0.043862
6.3701e-29,0.049595,0.043867
6.4131e-29,0.049662,0.043871
6.4293e-29,0.049729,0.043876
6.42e-29,0.049794,0.043882
6.3865e-29,0.049859,0.043889
6.3298e-29,0.049923,0.043896
6.2515e-29,0.049986,0.043903
6.1527e-29,0.050048,0.043911
6.0348e-29,0.05011,0.04392
5.8993e-29,0.05017,0.043929
5.7473e-29,0.050229,0.043939
5.5803e-29,0.050287,0.043949
5.3997e-29,0.050344,0.04396
5.2067e-29,0.0504,0.043971
5.0027e-29,0.050456,0.043982
4.7891e-29,0.05051,0.043994
4.5669e-29,0.050563,0.044007
4.3376e-29,0.050615,0.044019
4.1024e-29,0.050667,0.044032
3.8624e-29,0.050717,0.044045
3.6187e-29,0.050766,0.044059
3.3726e-29,0.050814,0.044073
3.125e-29,0.050861,0.044087
2.8769e-29,0.050908,0.044101
2.6295e-29,0.050953,0.044116
2.3835e-29,0.050997,0.04413
2.1399e-29,0.05104,0.044145
1.8994e-29,0.051083,0.04416
1.6629e-29,0.051124,0.044176
1.4311e-29,0.051164,0.044191
1.2047e-29,0.051204,0.044207
9.8425e-30,0.051242,0.044222
7.7036e-30,0.051279,0.044238
5.6353e-30,0.051315,0.044255
3.6424e-30,0.05135,0.044271
1.729e-30,0.051384,0.044288
-1.013e-31,0.051417,0.044305
-1.8453e-30,0.051449,0.044322
-3.5003e-30,0.05148,0.04434
-5.0642e-30,0.05151,0.044358
-6.5352e-30,0.051539,0.044377
-7.9119e-30,0.051566,0.044396
-9.1936e-30,0.051592,0.044415
-1.038e-29,0.051618,0.044436
-1.147e-29,0.051642,0.044456
-1.2465e-29,0.051665,0.044478
-1.3365e-29,0.051687,0.0445
-1.4172e-29,0.051707,0.044523
-1.4886e-29,0.051727,0.044547
-1.5509e-29,0.051745,0.044571
-1.6043e-29,0.051763,0.044597
-1.6491e-29,0.051779,0.044623
-1.6853e-29,0.051793,0.04465
-1.7134e-29,0.051807,0.044679
-1.7336e-29,0.05182,0.044708
-1.7461e-29,0.051831,0.044739
-1.7513e-29,0.051841,0.044771
-1.7495e-29,0.051851,0.044803
-1.7411e-29,0.051859,0.044837
-1.7263e-29,0.051865,0.044873
-1.7056e-29,0.051871,0.044909
-1.6793e-29,0.051876,0.044947
-1.6477e-29,0.051879,0.044985
-1.6113e-29,0.051882,0.045025
-1.5704e-29,0.051883,0.045067
-1.5253e-29,0.051884,0.045109
-1.4765e-29,0.051883,0.045153
-1.4243e-29,0.051881,0.045198
-1.369e-29,0.051878,0.045244
-1.3111e-29,0.051875,0.045291
-1.2508e-29,0.05187,0.045339
-1.1885e-29,0.051864,0.045388
-1.1246e-29,0.051858,0.045438
-1.0594e-29,0.05185,0.045489
-9.9308e-30,0.051842,0.045541
-9.2608e-30,0.051832,0.045594
-8.5866e-30,0.051822,0.045648
-7.9109e-30,0.051811,0.045702
-7.2365e-30,0.051798,0.045757
-6.5658e-30,0.051785,0.045812
-5.9013e-30,0.051772,0.045868
-5.2453e-30,0.051757,0.045924
-4.5998e-30,0.051741,0.04598
-3.9669e-30,0.051725,0.046037
-3.3483e-30,0.051708,0.046094
-2.746e-30,0.05169,0.04615
-2.1613e-30,0.051672,0.046207
-1.5957e-30,0.051652,0.046263
-1.0505e-30,0.051632,0.046319
-5.2683e-31,0.051612,0.046375
-2.5715e-32,0.05159,0.04643
4.5198e-31,0.051568,0.046485
9.0551e-31,0.051545,0.046539
1.3343e-30,0.051522,0.046592
1.7378e-30,0.051498,0.046644
2.1156e-30,0.051474,0.046696
2.4676e-30,0.051449,0.046746
2.7935e-30,0.051423,0.046796
3.0934e-30,0.051397,0.046844
3.3673e-30,0.051371,0.046891
3.6154e-30,0.051344,0.046936
3.8379e-30,0.051317,0.046981
4.0351e-30,0.05129,0.047023
4.2076e-30,0.051263,0.047065
4.3557e-30,0.051235,0.047104
4.4801e-30,0.051207,0.047142
4.5814e-30,0.051178,0.047179
4.6603e-30,0.05115,0.047214
4.7175e-30,0.051122,0.047247
4.7538e-30,0.051094,0.047278
4.7702e-30,0.051065,0.047307
4.7673e-30,0.051037,0.047334
4.7463e-30,0.051009,0.04736
4.7079e-30,0.050981,0.047383
4.6532e-30,0.050953,0.047405
4.5831e-30,0.050925,0.047424
4.4987e-30,0.050898,0.047441
4.4008e-30,0.050871,0.047457
4.2906e-30,0.050844,0.04747
4.1691e-30,0.050817,0.047481
4.0372e-30,0.050791,0.04749
3.8959e-30,0.050766,0.047497
3.7462e-30,0.05074,0.047501
3.5891e-30,0.050715,0.047504
3.4256e-30,0.050691,0.047504
3.2565e-30,0.050666,0.047502
3.0828e-30,0.050643,0.047497
2.9054e-30,0.050619,0.047491
2.7251e-30,0.050596,0.047482
2.5428e-30,0.050574,0.047471
2.3592e-30,0.050552,0.047458
2.1751e-30,0.05053,0.047442
1.9913e-30,0.050508,0.047424
1.8085e-30,0.050487,0.047404
1.6273e-30,0.050466,0.047382
1.4483e-30,0.050445,0.047357
1.2721e-30,0.050424,0.04733
1.0993e-30,0.050404,0.0473
9.3033e-31,0.050384,0.047269
7.6573e-31,0.050364,0.047235
6.059e-31,0.050343,0.047199
4.5124e-31,0.050323,0.047161
3.021e-31,0.050303,0.04712
1.588e-31,0.050283,0.047078
2.1604e-32,0.050262,0.047033
-1.0923e-31,0.050242,0.046986
-2.3351e-31,0.050221,0.046937
-3.5105e-31,0.0502,0.046886
-4.6173e-31,0.050178,0.046833
-5.6543e-31,0.050156,0.046778
-6.6208e-31,0.050134,0.046721
-7.5165e-31,0.050112,0.046662
-8.3412e-31,0.050089,0.046601
-9.095e-31,0.050065,0.046539
-9.7784e-31,0.050041,0.046475
-1.0392e-30,0.050016,0.046409
-1.0937e-30,0.049991,0.046342
-1.1414e-30,0.049965,0.046273
-1.1825e-30,0.049939,0.046203
-1.217e-30,0.049911,0.046132
-1.2453e-30,0.049884,0.04606
-1.2675e-30,0.049855,0.045986
-1.2837e-30,0.049826,0.045912
-1.2942e-30,0.049796,0.045837
-1.2992e-30,0.049765,0.045761
-1.299e-30,0.049733,0.045684
-1.2938e-30,0.049701,0.045607
-1.2839e-30,0.049668,0.04553
-1.2694e-30,0.049635,0.045452
-1.2508e-30,0.0496,0.045375
-1.2282e-30,0.049565,0.045297
-1.2019e-30,0.049529,0.04522
-1.1723e-30,0.049493,0.045143
-1.1395e-30,0.049456,0.045066
-1.1038e-30,0.049419,0.04499
-1.0656e-30,0.04938,0.044915
-1.0251e-30,0.049342,0.044841
-9.8249e-31,0.049303,0.044768
-9.3811e-31,0.049263,0.044696
-8.9221e-31,0.049223,0.044626
-8.4502e-31,0.049183,0.044557
-7.9679e-31,0.049143,0.04449
-7.4775e-31,0.049102,0.044425
-6.9813e-31,0.049061,0.044361
-6.4815e-31,0.04902,0.0443
-5.9801e-31,0.048979,0.044241
-5.4793e-31,0.048938,0.044185
-4.9808e-31,0.048898,0.04413
-4.4865e-31,0.048857,0.044079
-3.9982e-31,0.048817,0.04403
-3.5173e-31,0.048777,0.043984
-3.0455e-31,0.048738,0.043942
-2.584e-31,0.048699,0.043902
-2.1343e-31,0.048661,0.043865
-1.6974e-31,0.048623,0.043831
-1.2745e-31,0.048586,0.043801
-8.6657e-32,0.048551,0.043774
-4.7441e-32,0.048516,0.04375
-9.8828e-33,0.048482,0.04373
2.5951e-32,0.048449,0.043713
6.0003e-32,0.048417,0.043699
9.2226e-32,0.048387,0.043689
1.2258e-31,0.048358,0.043682
1.5104e-31,0.04833,0.043679
1.7758e-31,0.048304,0.043679
2.0219e-31,0.048279,0.043682
2.2487e-31,0.048256,0.043688
2.4561e-31,0.048235,0.043698
2.6444e-31,0.048215,0.043711
2.8136e-31,0.048197,0.043727
2.964e-31,0.048181,0.043746
3.096e-31,0.048167,0.043768
3.2098e-31,0.048155,0.043792
3.306e-31,0.048145,0.04382
3.3848e-31,0.048136,0.043849
3.4469e-31,0.04813,0.043881
3.4929e-31,0.048125,0.043916
3.5232e-31,0.048123,0.043953
3.5385e-31,0.048123,0.043991
3.5394e-31,0.048124,0.044032
3.5267e-31,0.048128,0.044074
3.501e-31,0.048134,0.044117
3.463e-31,0.048141,0.044162
3.4134e-31,0.048151,0.044209
3.353e-31,0.048163,0.044256
3.2825e-31,0.048176,0.044304
3.2027e-31,0.048191,0.044353
3.1142e-31,0.048208,0.044403
3.0179e-31,0.048227,0.044453
2.9145e-31,0.048248,0.044503
2.8048e-31,0.04827,0.044553
2.6893e-31,0.048294,0.044604
2.569e-31,0.04832,0.044654
2.4443e-31,0.048347,0.044704
2.3161e-31,0.048376,0.044754
2.185e-31,0.048406,0.044803
2.0516e-31,0.048437,0.044851
1.9166e-31,0.04847,0.044899
1.7805e-31,0.048504,0.044946
1.644e-31,0.048539,0.044992
1.5075e-31,0.048575,0.045037
1.3716e-31,0.048612,0.04508
1.2368e-31,0.04865,0.045123
1.1036e-31,0.048689,0.045165
9.7235e-32,0.048729,0.045205
8.4353e-32,0.04877,0.045244
7.175e-32,0.048812,0.045282
5.9462e-32,0.048854,0.045318
4.7522e-32,0.048897,0.045353
3.5959e-32,0.048941,0.045387
2.4799e-32,0.048985,0.04542
1.4068e-32,0.04903,0.045451
3.7868e-33,0.049075,0.045481
-6.0269e-33,0.04912,0.04551
-1.5357e-32,0.049166,0.045538
-2.419e-32,0.049213,0.045564
-3.2515e-32,0.049259,0.04559
-4.0324e-32,0.049306,0.045615
-4.7611e-32,0.049353,0.045639
-5.4373e-32,0.0494,0.045662
-6.0608e-32,0.049448,0.045684
-6.6316e-32,0.049495,0.045706
-7.1502e-32,0.049543,0.045727
-7.6168e-32,0.04959,0.045747
-8.0322e-32,0.049638,0.045768
-8.3971e-32,0.049685,0.045787
-8.7125e-32,0.049733,0.045807
-8.9796e-32,0.04978,0.045827
-9.1995e-32,0.049827,0.045847
-9.3736e-32,0.049874,0.045867
-9.5035e-32,0.04992,0.045887
-9.5906e-32,0.049967,0.045907
-9.6367e-32,0.050013,0.045928
-9.6435e-32,0.050058,0.045949
-9.6127e-32,0.050103,0.045971
-9.5464e-32,0.050148,0.045993
-9.4464e-32,0.050192,0.046016
-9.3147e-32,0.050235,0.046039
-9.1533e-32,0.050278,0.046064
-8.9642e-32,0.05032,0.046089
-8.7494e-32,0.050361,0.046115
-8.5109e-32,0.050402,0.046141
-8.2509e-32,0.050441,0.046169
-7.9713e-32,0.05048,0.046197
-7.674e-32,0.050518,0.046227
-7.3611e-32,0.050555,0.046257
-7.0346e-32,0.050591,0.046288
-6.6963e-32,0.050625,0.04632
-6.348e-32,0.050659,0.046352
-5.9916e-32,0.050691,0.046386
-5.6289e-32,0.050722,0.04642
-5.2614e-32,0.050752,0.046454
-4.891e-32,0.050781,0.046489
-4.5191e-32,0.050808,0.046525
-4.1472e-32,0.050833,0.046561
-3.7768e-32,0.050857,0.046597
-3.4092e-32,0.05088,0.046633
-3.0457e-32,0.050901,0.04667
-2.6876e-32,0.050921,0.046706
-2.3359e-32,0.050938,0.046743
-1.9917e-32,0.050955,0.046779
-1.6559e-32,0.050969,0.046815
-1.3296e-32,0.050982,0.04685
-1.0134e-32,0.050994,0.046885
-7.082e-33,0.051003,0.046919
-4.1457e-33,0.051011,0.046953
-1.3313e-33,0.051017,0.046985
1.3562e-33,0.051022,0.047016
3.9124e-33,0.051024,0.047046
6.3335e-33,0.051026,0.047075
8.6166e-33,0.051025,0.047102
1.0759e-32,0.051023,0.047128
1.276e-32,0.051019,0.047152
1.4618e-32,0.051014,0.047174
1.6332e-32,0.051007,0.047194
1.7903e-32,0.050999,0.047212
1.9331e-32,0.050989,0.047228
2.0617e-32,0.050978,0.047242
2.1764e-32,0.050965,0.047254
2.2773e-32,0.050951,0.047263
2.3647e-32,0.050936,0.047269
2.4388e-32,0.05092,0.047273
2.5001e-32,0.050903,0.047274
2.5489e-32,0.050885,0.047272
2.5856e-32,0.050865,0.047268
2.6106e-32,0.050845,0.04726
2.6243e-32,0.050824,0.04725
2.6273e-32,0.050803,0.047237
2.62e-32,0.05078,0.04722
2.603e-32,0.050757,0.047201
2.5767e-32,0.050734,0.047179
2.5418e-32,0.05071,0.047153
2.4987e-32,0.050686,0.047125
2.4479e-32,0.050661,0.047093
2.3902e-32,0.050637,0.047059
2.3259e-32,0.050612,0.047021
2.2557e-32,0.050587,0.046981
2.18e-32,0.050562,0.046937
2.0996e-32,0.050537,0.046891
2.0148e-32,0.050513,0.046843
1.9262e-32,0.050488,0.046791
1.8344e-32,0.050464,0.046737
1.7398e-32,0.05044,0.04668
1.6429e-32,0.050417,0.046621
1.5442e-32,0.050394,0.04656
1.4443e-32,0.050371,0.046497
1.3434e-32,0.05035,0.046431
1.2421e-32,0.050328,0.046364
1.1408e-32,0.050308,0.046295
1.0398e-32,0.050288,0.046225
9.3959e-33,0.050269,0.046153
8.4044e-33,0.050251,0.046079
7.427e-33,0.050234,0.046005
6.4668e-33,0.050217,0.04593
5.5268e-33,0.050202,0.045853
4.6096e-33,0.050188,0.045777
3.7177e-33,0.050174,0.0457
2.8533e-33,0.050162,0.045622
2.0185e-33,0.050151,0.045544
1.2151e-33,0.050141,0.045467
4.4471e-34,0.050132,0.04539
-2.9124e-34,0.050124,0.045313
-9.9154e-34,0.050118,0.045237
-1.6551e-33,0.050113,0.045161
-2.2812e-33,0.050109,0.045086
-2.8691e-33,0.050106,0.045012
-3.4184e-33,0.050104,0.04494
-3.9287e-33,0.050104,0.044868
-4.3999e-33,0.050105,0.044799
-4.8321e-33,0.050108,0.04473
-5.2253e-33,0.050111,0.044664
-5.58e-33,0.050116,0.044599
-5.8965e-33,0.050122,0.044536
-6.1754e-33,0.050129,0.044474
-6.4175e-33,0.050138,0.044415
-6.6234e-33,0.050147,0.044358
-6.7942e-33,0.050158,0.044304
-6.9307e-33,0.05017,0.044251
-7.0342e-33,0.050183,0.044201
-7.1056e-33,0.050197,0.044153
-7.1464e-33,0.050211,0.044107
-7.1576e-33,0.050227,0.044064
-7.1408e-33,0.050243,0.044023
-7.0973e-33,0.050261,0.043984
-7.0284e-33,0.050278,0.043947
-6.9357e-33,0.050297,0.043913
-6.8206e-33,0.050316,0.043881
-6.6846e-33,0.050335,0.043852
-6.5292e-33,0.050355,0.043824
-6.356e-33,0.050374,0.043799
-6.1664e-33,0.050394,0.043776
-5.9619e-33,0.050414,0.043754
-5.744e-33,0.050434,0.043735
-5.5143e-33,0.050454,0.043717
-5.274e-33,0.050473,0.043701
-5.0247e-33,0.050492,0.043687
-4.7678e-33,0.05051,0.043675
-4.5045e-33,0.050528,0.043664
-4.2362e-33,0.050545,0.043654
-3.9642e-33,0.050561,0.043646
-3.6897e-33,0.050576,0.043639
-3.4139e-33,0.05059,0.043633
-3.1378e-33,0.050603,0.043628
-2.8626e-33,0.050615,0.043624
-2.5893e-33,0.050626,0.043621
-2.3188e-33,0.050635,0.043619
-2.0521e-33,0.050642,0.043618
-1.79e-33,0.050648,0.043617
-1.5333e-33,0.050652,0.043617
-1.2827e-33,0.050655,0.043617
-1.0389e-33,0.050656,0.043618
-8.0262e-34,0.050655,0.04362
-5.743e-34,0.050652,0.043621
-3.5448e-34,0.050647,0.043623
-1.4361e-34,0.050641,0.043626
5.7915e-35,0.050632,0.043628
2.4976e-34,0.050622,0.043631
4.3164e-34,0.050609,0.043634
6.0332e-34,0.050595,0.043637
7.6462e-34,0.050579,0.04364
9.154e-34,0.050561,0.043643
1.0556e-33,0.050541,0.043647
1.1851e-33,0.050519,0.04365
1.304e-33,0.050496,0.043654
1.4123e-33,0.050471,0.043657
1.51e-33,0.050444,0.043661
1.5974e-33,0.050416,0.043665
1.6745e-33,0.050386,0.043669
1.7415e-33,0.050355,0.043673
1.7987e-33,0.050323,0.043677
1.8462e-33,0.05029,0.043681
1.8844e-33,0.050255,0.043685
1.9136e-33,0.05022,0.04369
1.934e-33,0.050183,0.043695
1.946e-33,0.050146,0.0437
1.9499e-33,0.050109,0.043705
1.9461e-33,0.05007,0.043711
1.935e-33,0.050032,0.043717
1.917e-33,0.049993,0.043723
1.8924e-33,0.049954,0.043729
1.8617e-33,0.049915,0.043737
1.8253e-33,0.049876,0.043744
1.7835e-33,0.049837,0.043752
1.7368e-33,0.049798,0.043761
1.6856e-33,0.04976,0.04377
1.6304e-33,0.049722,0.04378
1.5714e-33,0.049685,0.04379
1.5091e-33,0.049649,0.043801
1.444e-33,0.049614,0.043813
1.3763e-33,0.049579,0.043826
1.3065e-33,0.049546,0.043839
1.235e-33,0.049513,0.043854
1.162e-33,0.049482,0.043869
1.088e-33,0.049452,0.043885
1.0133e-33,0.049424,0.043901
9.3819e-34,0.049397,0.043919
8.6298e-34,0.049371,0.043938
7.8797e-34,0.049347,0.043958
7.1345e-34,0.049324,0.043978
6.3967e-34,0.049303,0.044
5.6689e-34,0.049283,0.044023
4.9534e-34,0.049266,0.044046
4.2524e-34,0.049249,0.044071
3.5679e-34,0.049235,0.044097
2.9017e-34,0.049222,0.044123
2.2557e-34,0.049211,0.044151
1.6313e-34,0.049202,0.044179
1.0299e-34,0.049194,0.044209
4.5272e-35,0.049188,0.044239
-9.9094e-36,0.049184,0.044271
-6.2463e-35,0.049181,0.044303
-1.1231e-34,0.049179,0.044336
-1.5938e-34,0.04918,0.044369
-2.0363e-34,0.049181,0.044404
-2.4502e-34,0.049184,0.044439
-2.8352e-34,0.049188,0.044474
-3.1913e-34,0.049194,0.04451
-3.5183e-34,0.0492,0.044547
-3.8164e-34,0.049208,0.044583
-4.0858e-34,0.049216,0.044621
-4.3268e-34,0.049226,0.044658
-4.5399e-34,0.049236,0.044695
-4.7254e-34,0.049247,0.044732
-4.8841e-34,0.049259,0.04477
-5.0164e-34,0.04927,0.044807
-5.1232e-34,0.049283,0.044843
-5.2053e-34,0.049295,0.044879
-5.2634e-34,0.049308,0.044915
-5.2986e-34,0.049321,0.04495
-5.3116e-34,0.049334,0.044984
-5.3036e-34,0.049347,0.045017
-5.2755e-34,0.049359,0.045049
-5.2284e-34,0.049372,0.04508
-5.1634e-34,0.049383,0.04511
-5.0815e-34,0.049395,0.045138
-4.9839e-34,0.049405,0.045164
-4.8716e-34,0.049416,0.045189
-4.7458e-34,0.049425,0.045213
-4.6077e-34,0.049434,0.045234
-4.4583e-34,0.049441,0.045253
-4.2987e-34,0.049448,0.045271
-4.13e-34,0.049454,0.045286
-3.9533e-34,0.049459,0.045299
-3.7697e-34,0.049463,0.04531
-3.5802e-34,0.049466,0.045318
-3.3858e-34,0.049468,0.045324
-3.1874e-34,0.049469,0.045327
-2.9861e-34,0.049469,0.045328
-2.7827e-34,0.049468,0.045326
-2.5781e-34,0.049465,0.045322
-2.3732e-34,0.049462,0.045315
-2.1688e-34,0.049458,0.045305
-1.9656e-34,0.049453,0.045293
-1.7644e-34,0.049448,0.045278
-1.5658e-34,0.049441,0.04526
-1.3705e-34,0.049434,0.045241
-1.179e-34,0.049426,0.045218
-9.9206e-35,0.049418,0.045193
-8.1003e-35,0.04941,0.045166
-6.3342e-35,0.049401,0.045137
-4.6265e-35,0.049392,0.045105
-2.9812e-35,0.049382,0.045071
-1.4016e-35,0.049373,0.045035
1.0925e-36,0.049364,0.044998
1.5488e-35,0.049355,0.044958
2.9148e-35,0.049347,0.044917
4.2055e-35,0.049339,0.044875
5.4194e-35,0.049332,0.044831
6.5554e-35,0.049326,0.044787
7.6129e-35,0.04932,0.044741
8.5914e-35,0.049316,0.044694
9.4909e-35,0.049312,0.044647
1.0312e-34,0.04931,0.0446
1.1054e-34,0.04931,0.044552
1.1719e-34,0.04931,0.044505
1.2308e-34,0.049313,0.044457
1.2821e-34,0.049317,0.04441
1.3261e-34,0.049323,0.044364
1.3629e-34,0.04933,0.044318
1.3928e-34,0.04934,0.044274
1.4159e-34,0.049351,0.044231
1.4324e-34,0.049365,0.044189
1.4426e-34,0.04938,0.04415
1.4469e-34,0.049398,0.044112
1.4453e-34,0.049417,0.044076
1.4382e-34,0.049439,0.044043
1.4259e-34,0.049462,0.044013
1.4087e-34,0.049488,0.043985
1.3869e-34,0.049515,0.04396
1.3608e-34,0.049544,0.043939
1.3306e-34,0.049575,0.043921
1.2967e-34,0.049607,0.043907
1.2595e-34,0.049641,0.043896
1.2191e-34,0.049676,0.04389
1.1759e-34,0.049712,0.043887
1.1302e-34,0.04975,0.043889
1.0823e-34,0.049788,0.043896
1.0325e-34,0.049828,0.043907
9.81e-35,0.049867,0.043922
9.2817e-35,0.049908,0.043943
8.7424e-35,0.049948,0.043968
8.1947e-35,0.049988,0.043998
7.6412e-35,0.050028,0.044034
7.0841e-35,0.050068,0.044074
6.5259e-35,0.050107,0.044119
5.9688e-35,0.050145,0.04417
5.4148e-35,0.050182,0.044226
4.8659e-35,0.050218,0.044286
4.324e-35,0.050252,0.044352
3.7909e-35,0.050285,0.044423
3.2683e-35,0.050315,0.044498
2.7575e-35,0.050344,0.044579
2.2601e-35,0.05037,0.044664
1.7773e-35,0.050394,0.044753
1.3103e-35,0.050415,0.044847
8.6021e-36,0.050434,0.044945
4.2791e-36,0.050449,0.045047
1.4244e-37,0.050462,0.045153
-3.8006e-36,0.050471,0.045262
-7.544e-36,0.050478,0.045375
-1.1083e-35,0.05048,0.045491
-1.4412e-35,0.05048,0.045609
-1.753e-35,0.050476,0.04573
-2.0435e-35,0.050469,0.045853
-2.3124e-35,0.050458,0.045978
-2.5597e-35,0.050444,0.046104
-2.7856e-35,0.050427,0.046231
-2.9902e-35,0.050407,0.046359
-3.1736e-35,0.050383,0.046487
-3.3362e-35,0.050356,0.046616
-3.4784e-35,0.050326,0.046743
-3.6004e-35,0.050294,0.04687
-3.7028e-35,0.050259,0.046995
-3.7862e-35,0.050221,0.047119
-3.851e-35,0.050182,0.047241
-3.898e-35,0.05014,0.047359
-3.9277e-35,0.050096,0.047475
-3.9409e-35,0.050051,0.047588
-3.9383e-35,0.050004,0.047696
-3.9207e-35,0.049957,0.0478
-3.8888e-35,0.049908,0.0479
-3.8433e-35,0.049859,0.047994
-3.7852e-35,0.04981,0.048083
-3.7153e-35,0.049761,0.048166
-3.6343e-35,0.049712,0.048242
-3.543e-35,0.049663,0.048312
-3.4425e-35,0.049615,0.048375
-3.3333e-35,0.049569,0.048431
-3.2165e-35,0.049524,0.048479
-3.0927e-35,0.04948,0.04852
-2.9628e-35,0.049438,0.048552
-2.8276e-35,0.049398,0.048576
-2.6879e-35,0.04936,0.048591
-2.5443e-35,0.049325,0.048597
-2.3977e-35,0.049293,0.048595
-2.2487e-35,0.049264,0.048584
-2.0981e-35,0.049237,0.048563
-1.9464e-35,0.049214,0.048534
-1.7944e-35,0.049194,0.048495
-1.6425e-35,0.049178,0.048447
-1.4915e-35,0.049165,0.048391
-1.3418e-35,0.049156,0.048325
-1.1939e-35,0.049151,0.04825
-1.0484e-35,0.04915,0.048167
-9.0571e-36,0.049153,0.048075
-7.662e-36,0.049159,0.047975
-6.3028e-36,0.04917,0.047866
-4.9831e-36,0.049185,0.047751
-3.7062e-36,0.049204,0.047627
-2.4749e-36,0.049226,0.047497
-1.2918e-36,0.049253,0.047361
-1.5931e-37,0.049284,0.047218
9.2067e-37,0.049318,0.047069
1.9464e-36,0.049356,0.046916
2.9165e-36,0.049398,0.046758
3.8299e-36,0.049443,0.046595
4.6856e-36,0.049492,0.046429
5.4831e-36,0.049545,0.04626
6.222e-36,0.0496,0.046089
6.9023e-36,0.049659,0.045916
7.5241e-36,0.04972,0.045741
8.0877e-36,0.049784,0.045566
8.5936e-36,0.049851,0.045391
9.0427e-36,0.04992,0.045216
9.4359e-36,0.049992,0.045042
9.7743e-36,0.050065,0.04487
1.0059e-35,0.05014,0.0447
1.0292e-35,0.050217,0.044532
1.0474e-35,0.050295,0.044368
1.0607e-35,0.050374,0.044208
1.0693e-35,0.050455,0.044052
1.0734e-35,0.050536,0.0439
1.0731e-35,0.050617,0.043754
1.0688e-35,0.050699,0.043614
1.0605e-35,0.050781,0.043479
1.0485e-35,0.050863,0.043351
1.033e-35,0.050944,0.043229
1.0143e-35,0.051025,0.043115
9.9257e-36,0.051105,0.043008
9.6801e-36,0.051184,0.042908
9.4088e-36,0.051262,0.042817
9.114e-36,0.051338,0.042733
8.7978e-36,0.051413,0.042657
8.4626e-36,0.051486,0.04259
8.1106e-36,0.051556,0.042532
7.7437e-36,0.051625,0.042481
7.3643e-36,0.051691,0.04244
6.9743e-36,0.051755,0.042407
6.5757e-36,0.051815,0.042383
6.1704e-36,0.051873,0.042367
5.7604e-36,0.051928,0.04236
5.3475e-36,0.051979,0.042361
4.9333e-36,0.052028,0.042371
4.5195e-36,0.052072,0.042389
4.1078e-36,0.052113,0.042415
3.6995e-36,0.052151,0.042449
3.2961e-36,0.052184,0.042491
2.899e-36,0.052214,0.04254
2.5093e-36,0.05224,0.042597
2.1283e-36,0.052262,0.042661
1.7569e-36,0.052279,0.042732
1.3962e-36,0.052293,0.042809
1.047e-36,0.052303,0.042893
7.1019e-37,0.052308,0.042983
3.8644e-37,0.05231,0.043079
7.6397e-38,0.052307,0.04318
-2.1939e-37,0.0523,0.043286
-5.0045e-37,0.05229,0.043397
-7.664e-37,0.052275,0.043512
-1.0169e-36,0.052257,0.043632
-1.2517e-36,0.052235,0.043756
-1.4707e-36,0.05221,0.043883
-1.6738e-36,0.052181,0.044013
-1.8608e-36,0.052148,0.044146
-2.0319e-36,0.052113,0.044282
-2.1872e-36,0.052074,0.04442
-2.3267e-36,0.052033,0.044559
-2.4508e-36,0.051988,0.044701
-2.5595e-36,0.051942,0.044843
-2.6533e-36,0.051892,0.044987
-2.7325e-36,0.051841,0.045131
-2.7974e-36,0.051788,0.045276
-2.8485e-36,0.051733,0.04542
-2.8862e-36,0.051677,0.045565
-2.911e-36,0.051619,0.045709
-2.9234e-36,0.05156,0.045852
-2.924e-36,0.051501,0.045994
-2.9133e-36,0.051441,0.046135
-2.8919e-36,0.051381,0.046275
-2.8603e-36,0.05132,0.046412
-2.8192e-36,0.05126,0.046548
-2.7691e-36,0.0512,0.046682
-2.7107e-36,0.051141,0.046813
-2.6447e-36,0.051083,0.046942
-2.5715e-36,0.051026,0.047069
-2.4918e-36,0.05097,0.047192
-2.4063e-36,0.050916,0.047312
-2.3155e-36,0.050864,0.04743
-2.2201e-36,0.050814,0.047544
-2.1206e-36,0.050767,0.047654
-2.0176e-36,0.050722,0.047761
-1.9116e-36,0.050679,0.047864
-1.8033e-36,0.05064,0.047964
-1.693e-36,0.050604,0.04806
-1.5815e-36,0.050571,0.048151
-1.469e-36,0.050542,0.048239
-1.3562e-36,0.050516,0.048323
-1.2435e-36,0.050495,0.048402
-1.1312e-36,0.050477,0.048478
-1.0199e-36,0.050464,0.048549
-9.0983e-37,0.050454,0.048615
-8.0145e-37,0.050449,0.048678
-6.9506e-37,0.050449,0.048736
-5.9098e-37,0.050453,0.04879
-4.8951e-37,0.050462,0.04884
-3.9092e-37,0.050475,0.048885
-2.9545e-37,0.050493,0.048926
-2.0331e-37,0.050516,0.048962
-1.1472e-37,0.050544,0.048995
-2.9847e-38,0.050576,0.049023
5.116e-38,0.050613,0.049047
1.2817e-37,0.050655,0.049067
2.0107e-37,0.050701,0.049083
2.6977e-37,0.050751,0.049095
3.3421e-37,0.050806,0.049103
3.9434e-37,0.050866,0.049107
4.5013e-37,0.050929,0.049107
5.0156e-37,0.050997,0.049103
5.4865e-37,0.051068,0.049096
5.9141e-37,0.051143,0.049085
6.2989e-37,0.051221,0.049071
6.6413e-37,0.051303,0.049054
6.9421e-37,0.051387,0.049033
7.202e-37,0.051474,0.04901
7.4219e-37,0.051564,0.048983
7.603e-37,0.051656,0.048953
7.7462e-37,0.05175,0.048921
7.8528e-37,0.051846,0.048886
7.9242e-37,0.051943,0.048849
7.9617e-37,0.052041,0.048809
7.9667e-37,0.05214,0.048767
7.9408e-37,0.05224,0.048723
7.8856e-37,0.052339,0.048676
7.8025e-37,0.052439,0.048628
7.6932e-37,0.052538,0.048579
7.5595e-37,0.052636,0.048528
7.4028e-37,0.052733,0.048475
7.225e-37,0.052829,0.048421
7.0277e-37,0.052923,0.048367
6.8126e-37,0.053015,0.048311
6.5813e-37,0.053105,0.048254
6.3355e-37,0.053192,0.048197
6.0768e-37,0.053276,0.04814
5.8069e-37,0.053357,0.048082
5.5272e-37,0.053434,0.048023
5.2393e-37,0.053508,0.047965
4.9448e-37,0.053578,0.047907
4.645e-37,0.053644,0.047849
4.3414e-37,0.053705,0.047792
4.0354e-37,0.053762,0.047735
3.7281e-37,0.053814,0.047679
3.4209e-37,0.05386,0.047624
3.1149e-37,0.053902,0.04757
2.8113e-37,0.053939,0.047516
2.511e-37,0.05397,0.047464
2.2152e-37,0.053995,0.047413
1.9248e-37,0.054015,0.047364
1.6405e-37,0.05403,0.047316
1.3633e-37,0.054038,0.04727
1.0938e-37,0.054041,0.047226
8.328e-38,0.054038,0.047183
5.808e-38,0.05403,0.047143
3.3839e-38,0.054015,0.047104
1.0605e-38,0.053995,0.047067
-1.158e-38,0.053969,0.047033
-3.2678e-38,0.053938,0.047
-5.2661e-38,0.053901,0.04697
-7.1503e-38,0.053859,0.046942
-8.9185e-38,0.053812,0.046916
-1.0569e-37,0.053759,0.046893
-1.2102e-37,0.053702,0.046872
-1.3516e-37,0.05364,0.046853
-1.4812e-37,0.053573,0.046836
-1.5989e-37,0.053502,0.046822
-1.705e-37,0.053426,0.04681
-1.7996e-37,0.053347,0.046801
-1.8827e-37,0.053264,0.046794
-1.9547e-37,0.053177,0.046789
-2.0158e-37,0.053087,0.046786
-2.0663e-37,0.052994,0.046785
-2.1064e-37,0.052898,0.046787
-2.1365e-37,0.0528,0.046791
-2.157e-37,0.052699,0.046797
-2.1682e-37,0.052596,0.046804
-2.1705e-37,0.052492,0.046814
-2.1644e-37,0.052386,0.046826
-2.1502e-37,0.052279,0.046839
-2.1283e-37,0.052171,0.046855
-2.0993e-37,0.052062,0.046872
-2.0636e-37,0.051953,0.04689
-2.0216e-37,0.051844,0.046911
-1.9738e-37,0.051735,0.046932
-1.9206e-37,0.051626,0.046955
-1.8625e-37,0.051518,0.04698
-1.7999e-37,0.05141,0.047006
-1.7334e-37,0.051304,0.047032
-1.6633e-37,0.051199,0.04706
-1.59e-37,0.051095,0.047089
-1.5141e-37,0.050993,0.047119
-1.4359e-37,0.050892,0.04715
-1.3559e-37,0.050794,0.047182
-1.2743e-37,0.050698,0.047214
-1.1917e-37,0.050604,0.047247
-1.1084e-37,0.050513,0.04728
-1.0247e-37,0.050425,0.047314
-9.4102e-38,0.050339,0.047348
-8.5761e-38,0.050256,0.047383
-7.7481e-38,0.050176,0.047418
-6.9292e-38,0.050099,0.047452
-6.1219e-38,0.050025,0.047487
-5.329e-38,0.049955,0.047522
-4.5527e-38,0.049887,0.047557
-3.7953e-38,0.049823,0.047591
-3.0588e-38,0.049763,0.047626
-2.3451e-38,0.049705,0.04766
-1.6559e-38,0.049651,0.047693
-9.926e-39,0.049601,0.047726
-3.5662e-39,0.049553,0.047759
2.5088e-39,0.049509,0.047791
8.2891e-39,0.049469,0.047823
1.3766e-38,0.049432,0.047854
1.8933e-38,0.049397,0.047884
2.3785e-38,0.049367,0.047913
2.8317e-38,0.049339,0.047942
3.2527e-38,0.049314,0.04797
3.6415e-38,0.049292,0.047996
3.9979e-38,0.049273,0.048022
4.3222e-38,0.049257,0.048048
4.6147e-38,0.049243,0.048072
4.8756e-38,0.049233,0.048095
5.1055e-38,0.049224,0.048117
5.305e-38,0.049218,0.048138
5.4746e-38,0.049215,0.048158
5.6152e-38,0.049213,0.048177
5.7275e-38,0.049213,0.048195
5.8125e-38,0.049216,0.048212
5.8711e-38,0.04922,0.048228
5.9043e-38,0.049226,0.048243
5.9132e-38,0.049234,0.048257
5.8989e-38,0.049243,0.04827
5.8626e-38,0.049253,0.048282
5.8053e-38,0.049265,0.048293
5.7284e-38,0.049277,0.048302
5.633e-38,0.049291,0.048311
5.5203e-38,0.049306,0.048319
5.3917e-38,0.049321,0.048326
5.2484e-38,0.049337,0.048332
5.0915e-38,0.049354,0.048337
4.9224e-38,0.049371,0.048341
4.7422e-38,0.049389,0.048344
4.5522e-38,0.049407,0.048346
4.3536e-38,0.049425,0.048347
4.1476e-38,0.049444,0.048348
3.9352e-38,0.049462,0.048347
3.7176e-38,0.049481,0.048346
3.4959e-38,0.0495,0.048344
3.2711e-38,0.049519,0.048341
3.0443e-38,0.049538,0.048338
2.8164e-38,0.049557,0.048333
2.5883e-38,0.049576,0.048328
2.361e-38,0.049595,0.048322
2.1352e-38,0.049613,0.048315
1.9118e-38,0.049632,0.048308
1.6915e-38,0.049651,0.0483
1.4751e-38,0.049669,0.048291
1.2631e-38,0.049688,0.048281
1.0562e-38,0.049707,0.048271
8.5488e-39,0.049725,0.04826
6.5976e-39,0.049744,0.048248
4.7125e-39,0.049763,0.048236
2.8977e-39,0.049783,0.048223
1.1569e-39,0.049802,0.048209
-5.066e-40,0.049822,0.048194
-2.0901e-39,0.049842,0.048179
-3.5913e-39,0.049863,0.048164
-5.0081e-39,0.049884,0.048147
-6.3392e-39,0.049906,0.048131
-7.5833e-39,0.049929,0.048113
-8.7399e-39,0.049952,0.048095
-9.8085e-39,0.049975,0.048076
-1.0789e-38,0.05,0.048057
-1.1682e-38,0.050026,0.048037
-1.2488e-38,0.050052,0.048017
-1.3208e-38,0.05008,0.047996
-1.3844e-38,0.050108,0.047975
-1.4396e-38,0.050138,0.047953
-1.4867e-38,0.050169,0.047931
-1.5258e-38,0.050201,0.047908
-1.5573e-38,0.050234,0.047886
-1.5812e-38,0.050268,0.047862
-1.598e-38,0.050304,0.047839
-1.6078e-38,0.050341,0.047815
-1.6109e-38,0.050379,0.047791
-1.6077e-38,0.050419,0.047766
-1.5984e-38,0.05046,0.047742
-1.5834e-38,0.050502,0.047717
-1.563e-38,0.050546,0.047693
-1.5376e-38,0.050591,0.047668
-1.5074e-38,0.050637,0.047644
-1.4728e-38,0.050685,0.047619
-1.4342e-38,0.050734,0.047595
-1.3918e-38,0.050784,0.047571
-1.3461e-38,0.050835,0.047547
-1.2973e-38,0.050888,0.047523
-1.2459e-38,0.050941,0.0475
-1.192e-38,0.050996,0.047477
-1.1361e-38,0.051051,0.047455
-1.0784e-38,0.051108,0.047433
-1.0193e-38,0.051165,0.047413
-9.5897e-39,0.051223,0.047392
-8.9782e-39,0.051281,0.047373
-8.3608e-39,0.05134,0.047355
-7.7401e-39,0.0514,0.047338
-7.1188e-39,0.051459,0.047321
-6.4991e-39,0.05152,0.047307
-5.8835e-39,0.05158,0.047293
-5.2741e-39,0.05164,0.047281
-4.673e-39,0.0517,0.04727
-4.0821e-39,0.05176,0.047261
-3.5032e-39,0.05182,0.047253
-2.9379e-39,0.051879,0.047247
-2.3879e-39,0.051938,0.047243
-1.8544e-39,0.051996,0.047241
-1.3389e-39,0.052053,0.047241
-8.4239e-40,0.05211,0.047243
-3.6593e-40,0.052165,0.047247
8.9572e-41,0.05222,0.047253
5.2336e-40,0.052273,0.047262
9.3477e-40,0.052325,0.047273
1.3233e-39,0.052376,0.047286
1.6884e-39,0.052425,0.047302
2.03e-39,0.052472,0.04732
2.3476e-39,0.052518,0.047341
2.6413e-39,0.052562,0.047364
2.9111e-39,0.052605,0.04739
3.157e-39,0.052645,0.047418
3.3791e-39,0.052683,0.047449
3.5779e-39,0.052719,0.047483
3.7535e-39,0.052753,0.047519
3.9064e-39,0.052785,0.047558
4.037e-39,0.052814,0.047599
4.146e-39,0.052841,0.047643
4.2339e-39,0.052866,0.047689
4.3013e-39,0.052887,0.047738
4.349e-39,0.052907,0.047789
4.3777e-39,0.052924,0.047842
4.3882e-39,0.052938,0.047898
4.3813e-39,0.052949,0.047956
4.3578e-39,0.052957,0.048015
4.3186e-39,0.052963,0.048077
4.2647e-39,0.052966,0.048141
4.1968e-39,0.052966,0.048206
4.1159e-39,0.052963,0.048273
4.023e-39,0.052957,0.048342
3.9189e-39,0.052948,0.048411
3.8046e-39,0.052936,0.048482
3.681e-39,0.052921,0.048555
3.549e-39,0.052903,0.048628
3.4095e-39,0.052882,0.048702
3.2635e-39,0.052858,0.048776
3.1117e-39,0.052831,0.048851
2.955e-39,0.052801,0.048926
2.7943e-39,0.052767,0.049002
2.6304e-39,0.052731,0.049077
2.4641e-39,0.052692,0.049153
2.296e-39,0.052649,0.049227
2.127e-39,0.052604,0.049302
1.9577e-39,0.052555,0.049375
1.7888e-39,0.052504,0.049448
1.621e-39,0.052449,0.04952
1.4548e-39,0.052392,0.049591
1.2907e-39,0.052332,0.04966
1.1294e-39,0.052269,0.049727
9.7136e-40,0.052204,0.049793
8.1695e-40,0.052135,0.049857
6.6664e-40,0.052065,0.049919
5.2081e-40,0.051991,0.049979
3.7982e-40,0.051915,0.050036
2.4399e-40,0.051837,0.050091
1.1358e-40,0.051757,0.050143
-1.1136e-41,0.051674,0.050192
-1.2996e-40,0.051589,0.050238
-2.4271e-40,0.051502,0.050281
-3.4923e-40,0.051414,0.050321
-4.494e-40,0.051323,0.050358
-5.4314e-40,0.051231,0.050391
-6.3039e-40,0.051138,0.05042
-7.1112e-40,0.051043,0.050446
-7.8532e-40,0.050947,0.050468
-8.53e-40,0.050849,0.050486
-9.1423e-40,0.050751,0.0505
-9.6905e-40,0.050652,0.050509
-1.0176e-39,0.050553,0.050515
-1.0599e-39,0.050453,0.050517
-1.0961e-39,0.050352,0.050514
-1.1265e-39,0.050252,0.050507
-1.151e-39,0.050152,0.050496
-1.17e-39,0.050051,0.050481
-1.1836e-39,0.049951,0.050461
-1.1919e-39,0.049852,0.050437
-1.1953e-39,0.049753,0.050409
-1.194e-39,0.049656,0.050376
-1.188e-39,0.049559,0.050339
-1.1778e-39,0.049463,0.050298
-1.1635e-39,0.049369,0.050253
-1.1455e-39,0.049276,0.050203
-1.1238e-39,0.049185,0.05015
-1.0988e-39,0.049096,0.050092
-1.0708e-39,0.049009,0.050031
-1.0399e-39,0.048924,0.049966
-1.0065e-39,0.048842,0.049897
-9.7082e-40,0.048761,0.049824
-9.3304e-40,0.048684,0.049748
-8.9344e-40,0.048609,0.049669
-8.5225e-40,0.048537,0.049587
-8.0971e-40,0.048468,0.049501
-7.6604e-40,0.048402,0.049413
-7.2147e-40,0.048339,0.049322
-6.7622e-40,0.048279,0.049228
-6.3048e-40,0.048223,0.049132
-5.8446e-40,0.04817,0.049034
-5.3834e-40,0.04812,0.048934
-4.9232e-40,0.048075,0.048832
-4.4655e-40,0.048032,0.048729
-4.0122e-40,0.047994,0.048624
-3.5646e-40,0.047959,0.048518
-3.1243e-40,0.047928,0.048411
-2.6927e-40,0.047901,0.048304
-2.2709e-40,0.047878,0.048196
-1.8601e-40,0.047858,0.048088
-1.4615e-40,0.047843,0.04798
-1.076e-40,0.047831,0.047872
-7.0435e-41,0.047823,0.047765
-3.4746e-41,0.047819,0.047659
-5.9884e-43,0.047819,0.047554
3.1948e-41,0.047822,0.047451
6.2845e-41,0.04783,0.047349
9.2049e-41,0.047841,0.047249
1.1953e-40,0.047855,0.047151
1.4526e-40,0.047874,0.047056
1.6922e-40,0.047895,0.046963
1.914e-40,0.047921,0.046873
2.1181e-40,0.047949,0.046786
2.3044e-40,0.047981,0.046703
2.4731e-40,0.048016,0.046624
2.6244e-40,0.048055,0.046548
2.7584e-40,0.048096,0.046477
2.8755e-40,0.04814,0.04641
2.9761e-40,0.048187,0.046348
3.0604e-40,0.048237,0.04629
3.129e-40,0.04829,0.046238
3.1823e-40,0.048344,0.046191
3.2209e-40,0.048402,0.046149
3.2452e-40,0.048461,0.046112
3.2559e-40,0.048522,0.046082
3.2535e-40,0.048586,0.046057
3.2387e-40,0.048651,0.046038
3.2121e-40,0.048717,0.046025
3.1744e-40,0.048786,0.046018
3.1262e-40,0.048855,0.046018
3.0683e-40,0.048926,0.046024
3.0012e-40,0.048998,0.046037
2.9257e-40,0.04907,0.046055
2.8425e-40,0.049144,0.046081
2.7522e-40,0.049217,0.046113
2.6556e-40,0.049291,0.046151
2.5532e-40,0.049366,0.046196
2.4458e-40,0.04944,0.046247
2.3341e-40,0.049515,0.046305
2.2186e-40,0.049589,0.046369
2.0999e-40,0.049662,0.04644
1.9788e-40,0.049735,0.046516
1.8556e-40,0.049807,0.046599
1.7312e-40,0.049879,0.046688
1.6058e-40,0.049949,0.046782
1.4802e-40,0.050018,0.046882
1.3548e-40,0.050086,0.046988
1.23e-40,0.050152,0.047098
1.1064e-40,0.050217,0.047214
9.8427e-41,0.050279,0.047335
8.641e-41,0.05034,0.047461
7.4623e-41,0.050399,0.047591
6.3102e-41,0.050456,0.047725
5.1879e-41,0.050511,0.047863
4.0982e-41,0.050563,0.048005
3.0439e-41,0.050613,0.04815
2.0274e-41,0.050661,0.048299
1.0507e-41,0.050706,0.04845
1.1579e-42,0.050748,0.048604
-7.7567e-42,0.050787,0.048761
-1.6223e-41,0.050824,0.048919
-2.423e-41,0.050858,0.049079
-3.1767e-41,0.050889,0.049241
-3.8828e-41,0.050917,0.049404
-4.5408e-41,0.050942,0.049568
-5.1505e-41,0.050964,0.049732
-5.7117e-41,0.050983,0.049897
-6.2245e-41,0.050999,0.050062
-6.6893e-41,0.051012,0.050226
-7.1064e-41,0.051022,0.05039
-7.4767e-41,0.051029,0.050553
-7.8007e-41,0.051033,0.050715
-8.0794e-41,0.051034,0.050876
-8.314e-41,0.051032,0.051035
-8.5055e-41,0.051027,0.051192
-8.6552e-41,0.05102,0.051347
-8.7645e-41,0.051009,0.0515
-8.835e-41,0.050996,0.051649
-8.868e-41,0.05098,0.051796
-8.8654e-41,0.050962,0.05194
-8.8287e-41,0.050941,0.052081
-8.7597e-41,0.050917,0.052218
-8.6602e-41,0.050892,0.052352
-8.5319e-41,0.050864,0.052481
-8.3769e-41,0.050834,0.052607
-8.1968e-41,0.050802,0.052728
-7.9935e-41,0.050768,0.052845
-7.769e-41,0.050733,0.052958
-7.5251e-41,0.050695,0.053066
-7.2637e-41,0.050657,0.053169
-6.9865e-41,0.050617,0.053268
-6.6954e-41,0.050576,0.053361
-6.3921e-41,0.050534,0.05345
-6.0785e-41,0.050491,0.053533
-5.7561e-41,0.050448,0.053611
-5.4267e-41,0.050404,0.053685
-5.0918e-41,0.05036,0.053752
-4.7531e-41,0.050315,0.053815
-4.4119e-41,0.050271,0.053873
-4.0697e-41,0.050227,0.053925
-3.7279e-41,0.050183,0.053972
-3.3878e-41,0.05014,0.054013
-3.0505e-41,0.050097,0.05405
-2.7174e-41,0.050056,0.054081
-2.3894e-41,0.050015,0.054108
-2.0676e-41,0.049976,0.054129
-1.7529e-41,0.049938,0.054145
-1.4462e-41,0.049902,0.054156
-1.1484e-41,0.049867,0.054163
-8.6008e-42,0.049835,0.054165
-5.82e-42,0.049804,0.054162
-3.1472e-42,0.049775,0.054155
-5.8782e-43,0.049749,0.054144
1.8538e-42,0.049725,0.054128
4.1736e-42,0.049703,0.054109
6.3685e-42,0.049684,0.054085
8.4358e-42,0.049667,0.054058
1.0374e-41,0.049653,0.054027
1.2181e-41,0.049642,0.053993
1.3856e-41,0.049633,0.053955
1.5399e-41,0.049628,0.053915
1.681e-41,0.049625,0.053871
1.8091e-41,0.049625,0.053825
1.9241e-41,0.049628,0.053777
2.0263e-41,0.049633,0.053726
2.116e-41,0.049642,0.053673
2.1932e-41,0.049653,0.053618
2.2584e-41,0.049667,0.053562
2.3119e-41,0.049684,0.053504
2.3539e-41,0.049704,0.053445
2.3848e-41,0.049726,0.053385
2.4052e-41,0.04975,0.053323
2.4153e-41,0.049777,0.053262
2.4156e-41,0.049807,0.053199
2.4066e-41,0.049838,0.053137
2.3887e-41,0.049872,0.053074
2.3625e-41,0.049907,0.053011
2.3284e-41,0.049945,0.052949
2.2869e-41,0.049984,0.052887
2.2386e-41,0.050025,0.052826
2.1839e-41,0.050067,0.052765
2.1233e-41,0.05011,0.052706
2.0574e-41,0.050155,0.052648
1.9867e-41,0.0502,0.052591
1.9116e-41,0.050246,0.052535
1.8327e-41,0.050293,0.052481
1.7505e-41,0.05034,0.052429
1.6653e-41,0.050387,0.052379
1.5777e-41,0.050434,0.05233
1.4882e-41,0.050482,0.052284
1.3971e-41,0.050528,0.05224
1.3049e-41,0.050575,0.052198
1.212e-41,0.050621,0.052159
1.1188e-41,0.050666,0.052122
1.0257e-41,0.05071,0.052087
9.3296e-42,0.050753,0.052056
8.4099e-42,0.050794,0.052027
7.5009e-42,0.050835,0.052001
6.6058e-42,0.050873,0.051977
5.7271e-42,0.05091,0.051957
4.8677e-42,0.050945,0.051939
4.0298e-42,0.050978,0.051924
3.2157e-42,0.05101,0.051913
2.4274e-42,0.051039,0.051904
1.6667e-42,0.051065,0.051898
9.3537e-43,0.05109,0.051895
2.3472e-43,0.051112,0.051894
-4.3396e-43,0.051131,0.051897
-1.0696e-42,0.051148,0.051902
-1.6713e-42,0.051162,0.051911
-2.2383e-42,0.051174,0.051922
-2.77e-42,0.051183,0.051935
-3.2661e-42,0.051189,0.051952
-3.7264e-42,0.051193,0.051971
-4.1507e-42,0.051194,0.051992
-4.5391e-42,0.051192,0.052016
-4.8917e-42,0.051187,0.052042
-5.209e-42,0.05118,0.052071
-5.4913e-42,0.05117,0.052101
-5.7392e-42,0.051158,0.052134
-5.9533e-42,0.051143,0.052169
-6.1345e-42,0.051125,0.052205
-6.2835e-42,0.051105,0.052243
-6.4013e-42,0.051083,0.052283
-6.4889e-42,0.051058,0.052324
-6.5473e-42,0.051031,0.052367
-6.5778e-42,0.051002,0.052411
-6.5816e-42,0.050971,0.052456
-6.5597e-42,0.050938,0.052503
-6.5136e-42,0.050903,0.05255
-6.4446e-42,0.050867,0.052597
-6.354e-42,0.050828,0.052646
-6.2432e-42,0.050788,0.052695
-6.1134e-42,0.050747,0.052744
-5.9663e-42,0.050705,0.052793
-5.803e-42,0.050661,0.052843
-5.625e-42,0.050616,0.052892
-5.4337e-42,0.05057,0.052941
-5.2304e-42,0.050524,0.05299
-5.0166e-42,0.050477,0.053038
-4.7934e-42,0.050429,0.053086
-4.5622e-42,0.050381,0.053133
-4.3243e-42,0.050333,0.053178
-4.0809e-42,0.050285,0.053223
-3.8332e-42,0.050236,0.053267
-3.5823e-42,0.050188,0.053309
-3.3294e-42,0.050139,0.05335
-3.0756e-42,0.050091,0.053389
-2.8218e-42,0.050044,0.053426
-2.569e-42,0.049997,0.053462
-2.3182e-42,0.04995,0.053496
-2.0702e-42,0.049905,0.053528
-1.8259e-42,0.04986,0.053557
-1.586e-42,0.049816,0.053585
-1.3513e-42,0.049773,0.05361
-1.1224e-42,0.04973,0.053633
-8.9988e-43,0.049689,0.053654
-6.8434e-43,0.049649,0.053672
-4.7629e-43,0.049611,0.053688
-2.7616e-43,0.049573,0.053701
-8.4362e-44,0.049537,0.053712
9.8761e-44,0.049502,0.05372
2.7291e-43,0.049468,0.053726
4.3783e-43,0.049436,0.053729
5.9333e-43,0.049404,0.053729
7.3924e-43,0.049375,0.053727
8.7546e-43,0.049346,0.053722
1.0019e-42,0.049319,0.053715
1.1186e-42,0.049293,0.053705
1.2254e-42,0.049268,0.053693
1.3226e-42,0.049245,0.053678
1.41e-42,0.049223,0.053661
1.488e-42,0.049202,0.053642
1.5565e-42,0.049182,0.053621
1.6158e-42,0.049163,0.053597
1.6662e-42,0.049145,0.053572
1.7077e-42,0.049128,0.053544
1.7407e-42,0.049112,0.053515
1.7654e-42,0.049097,0.053484
1.7822e-42,0.049083,0.053452
1.7913e-42,0.049069,0.053418
1.7931e-42,0.049056,0.053383
1.7879e-42,0.049044,0.053346
1.7761e-42,0.049032,0.053309
1.7579e-42,0.04902,0.05327
1.7339e-42,0.049009,0.053231
1.7043e-42,0.048998,0.053191
1.6695e-42,0.048987,0.05315
1.6299e-42,0.048976,0.05311
1.5859e-42,0.048966,0.053069
1.5378e-42,0.048955,0.053028
1.4861e-42,0.048944,0.052987
1.431e-42,0.048933,0.052946
1.3731e-42,0.048921,0.052905
1.3125e-42,0.048909,0.052865
1.2498e-42,0.048897,0.052826
1.1852e-42,0.048884,0.052788
1.119e-42,0.048871,0.05275
1.0516e-42,0.048857,0.052713
9.8336e-43,0.048842,0.052678
9.1452e-43,0.048826,0.052644
8.4538e-43,0.04881,0.052611
7.7622e-43,0.048792,0.05258
7.0732e-43,0.048774,0.05255
6.3893e-43,0.048755,0.052523
5.7129e-43,0.048734,0.052497
5.0462e-43,0.048713,0.052472
4.3913e-43,0.04869,0.05245
3.7502e-43,0.048666,0.05243
3.1248e-43,0.048641,0.052412
2.5167e-43,0.048615,0.052397
1.9274e-43,0.048588,0.052383
1.3583e-43,0.048559,0.052372
8.1074e-44,0.048529,0.052363
2.8573e-44,0.048498,0.052357
-2.1575e-44,0.048465,0.052353
-6.9285e-44,0.048431,0.052352
-1.1449e-43,0.048396,0.052353
-1.5713e-43,0.04836,0.052357
-1.9717e-43,0.048323,0.052363
-2.3456e-43,0.048284,0.052371
-2.693e-43,0.048244,0.052382
-3.0137e-43,0.048203,0.052396
-3.3077e-43,0.048162,0.052412
-3.5752e-43,0.048119,0.052431
-3.8164e-43,0.048075,0.052451
-4.0315e-43,0.04803,0.052475
-4.221e-43,0.047985,0.0525
-4.3853e-43,0.047939,0.052528
-4.525e-43,0.047892,0.052558
-4.6408e-43,0.047845,0.05259
-4.7332e-43,0.047797,0.052625
-4.803e-43,0.047749,0.052661
-4.851e-43,0.047701,0.052699
-4.8781e-43,0.047653,0.052739
-4.8852e-43,0.047604,0.052781
-4.873e-43,0.047556,0.052825
-4.8427e-43,0.047508,0.05287
-4.7951e-43,0.047461,0.052916
-4.7313e-43,0.047414,0.052964
-4.6522e-43,0.047368,0.053014
-4.5589e-43,0.047323,0.053064
-4.4524e-43,0.047278,0.053116
-4.3338e-43,0.047235,0.053169
-4.204e-43,0.047193,0.053223
-4.0641e-43,0.047152,0.053278
-3.9151e-43,0.047113,0.053333
-3.758e-43,0.047075,0.05339
-3.5938e-43,0.047039,0.053447
-3.4235e-43,0.047005,0.053504
-3.248e-43,0.046973,0.053562
-3.0681e-43,0.046943,0.053621
-2.8849e-43,0.046916,0.05368
-2.6992e-43,0.04689,0.05374
-2.5118e-43,0.046867,0.053799
-2.3235e-43,0.046847,0.053859
-2.1351e-43,0.046829,0.053919
-1.9473e-43,0.046814,0.05398
-1.7608e-43,0.046802,0.05404
-1.5763e-43,0.046793,0.0541
-1.3943e-43,0.046786,0.054161
-1.2156e-43,0.046783,0.054221
-1.0405e-43,0.046782,0.054282
-8.6962e-44,0.046784,0.054342
-7.0342e-44,0.04679,0.054402
-5.4231e-44,0.046798,0.054462
-3.8667e-44,0.046809,0.054522
-2.3685e-44,0.046823,0.054582
-9.3145e-45,0.04684,0.054642
4.4175e-45,0.046859,0.054701
1.7488e-44,0.046882,0.05476
2.9878e-44,0.046907,0.054819
4.1571e-44,0.046934,0.054877
5.2555e-44,0.046964,0.054935
6.2821e-44,0.046997,0.054993
7.2364e-44,0.047031,0.05505
8.1179e-44,0.047068,0.055107
8.9268e-44,0.047107,0.055163
9.6633e-44,0.047147,0.055219
1.0328e-43,0.047189,0.055274
1.0922e-43,0.047233,0.055328
1.1446e-43,0.047278,0.055382
1.1901e-43,0.047324,0.055435
1.2288e-43,0.047371,0.055487
1.2611e-43,0.047419,0.055538
1.2869e-43,0.047468,0.055588
1.3066e-43,0.047517,0.055637
1.3203e-43,0.047566,0.055685
1.3283e-43,0.047616,0.055732
1.3308e-43,0.047665,0.055777
1.3281e-43,0.047714,0.05582
1.3203e-43,0.047763,0.055862
1.3079e-43,0.047811,0.055903
1.291e-43,0.047859,0.055941
1.2699e-43,0.047905,0.055978
1.2449e-43,0.047951,0.056013
1.2162e-43,0.047995,0.056045
1.1843e-43,0.048038,0.056075
1.1492e-43,0.048079,0.056103
1.1114e-43,0.048119,0.056128
1.0711e-43,0.048157,0.05615
1.0285e-43,0.048193,0.05617
9.8398e-44,0.048227,0.056187
9.3775e-44,0.048259,0.0562
8.9007e-44,0.048289,0.056211
8.412e-44,0.048316,0.056218
7.9138e-44,0.048342,0.056222
7.4085e-44,0.048364,0.056223
6.8984e-44,0.048385,0.056219
6.3856e-44,0.048403,0.056213
5.8723e-44,0.048418,0.056202
5.3604e-44,0.048432,0.056187
4.8519e-44,0.048442,0.056169
4.3485e-44,0.048451,0.056146
3.8521e-44,0.048456,0.056119
3.364e-44,0.04846,0.056088
2.886e-44,0.048461,0.056053
2.4192e-44,0.04846,0.056014
1.965e-44,0.048457,0.05597
1.5245e-44,0.048451,0.055922
1.0989e-44,0.048444,0.055869
6.8898e-45,0.048435,0.055812
2.9565e-45,0.048424,0.055751
-8.036e-46,0.048412,0.055686
-4.3841e-45,0.048398,0.055616
-7.7798e-45,0.048383,0.055542
-1.0986e-44,0.048367,0.055464
-1.3999e-44,0.04835,0.055381
-1.6818e-44,0.048332,0.055295
-1.9439e-44,0.048313,0.055204
-2.1862e-44,0.048294,0.05511
-2.4087e-44,0.048274,0.055012
-2.6115e-44,0.048254,0.05491
-2.7947e-44,0.048235,0.054804
-2.9585e-44,0.048215,0.054696
-3.1033e-44,0.048196,0.054583
-3.2293e-44,0.048177,0.054468
-3.3369e-44,0.048159,0.05435
-3.4266e-44,0.048141,0.054229
-3.4989e-44,0.048125,0.054105
-3.5544e-44,0.048109,0.053979
-3.5935e-44,0.048095,0.05385
-3.6169e-44,0.048081,0.05372
-3.6253e-44,0.04807,0.053588
-3.6194e-44,0.048059,0.053455
-3.5997e-44,0.04805,0.05332
-3.5672e-44,0.048042,0.053184
-3.5224e-44,0.048036,0.053047
-3.4661e-44,0.048032,0.05291
-3.3991e-44,0.048029,0.052772
-3.3221e-44,0.048027,0.052635
-3.236e-44,0.048027,0.052498
-3.1414e-44,0.048029,0.052361
-3.0392e-44,0.048032,0.052226
-2.9301e-44,0.048036,0.052092
-2.8147e-44,0.048042,0.051959
-2.694e-44,0.048049,0.051828
-2.5685e-44,0.048057,0.051699
-2.439e-44,0.048066,0.051572
-2.3062e-44,0.048076,0.051449
-2.1708e-44,0.048087,0.051328
-2.0333e-44,0.048098,0.051211
-1.8944e-44,0.04811,0.051097
-1.7548e-44,0.048122,0.050988
-1.6149e-44,0.048134,0.050883
-1.4754e-44,0.048146,0.050782
-1.3368e-44,0.048158,0.050686
-1.1995e-44,0.04817,0.050596
-1.064e-44,0.048181,0.050511
-9.308e-45,0.048192,0.050433
-8.0025e-45,0.048201,0.05036
-6.7274e-45,0.04821,0.050293
-5.4862e-45,0.048217,0.050233
-4.2822e-45,0.048224,0.05018
-3.1181e-45,0.048229,0.050135
-1.9966e-45,0.048232,0.050096
-9.2012e-46,0.048233,0.050065
1.0942e-46,0.048233,0.050041
1.0902e-45,0.048231,0.050025
2.0208e-45,0.048227,0.050018
2.8999e-45,0.048221,0.050018
3.7266e-45,0.048212,0.050026
4.5001e-45,0.048202,0.050043
5.22e-45,0.048189,0.050068
5.886e-45,0.048175,0.050101
6.498e-45,0.048158,0.050142
7.0563e-45,0.048138,0.050192
7.5612e-45,0.048117,0.050249
8.0132e-45,0.048093,0.050315
8.4132e-45,0.048068,0.050389
8.7619e-45,0.04804,0.050471
9.0605e-45,0.048011,0.050561
9.3102e-45,0.04798,0.050658
9.5123e-45,0.047947,0.050762
9.6682e-45,0.047912,0.050874
9.7796e-45,0.047877,0.050993
9.8481e-45,0.04784,0.051118
9.8753e-45,0.047802,0.051249
9.8633e-45,0.047763,0.051387
9.8138e-45,0.047724,0.05153
9.7288e-45,0.047684,0.051678
9.6103e-45,0.047645,0.051831
9.4603e-45,0.047605,0.051989
9.2809e-45,0.047565,0.052151
9.0741e-45,0.047526,0.052316
8.8421e-45,0.047488,0.052484
8.5869e-45,0.047451,0.052656
8.3106e-45,0.047415,0.052829
8.0152e-45,0.04738,0.053004
7.7028e-45,0.047348,0.053181
7.3753e-45,0.047317,0.053358
7.0348e-45,0.047289,0.053535
6.6832e-45,0.047263,0.053712
6.3223e-45,0.047239,0.053888
5.954e-45,0.047219,0.054063
5.58e-45,0.047202,0.054236
5.2021e-45,0.047188,0.054406
4.8219e-45,0.047177,0.054574
4.4409e-45,0.04717,0.054738
4.0607e-45,0.047167,0.054898
3.6827e-45,0.047168,0.055054
3.3082e-45,0.047173,0.055205
2.9385e-45,0.047183,0.055351
2.5749e-45,0.047196,0.05549
2.2184e-45,0.047214,0.055624
1.8701e-45,0.047237,0.055752
1.531e-45,0.047263,0.055872
1.2018e-45,0.047295,0.055985
8.8348e-46,0.047331,0.05609
5.7668e-46,0.047371,0.056188
2.8206e-46,0.047416,0.056277
1.7715e-49,0.047465,0.056358
-2.6848e-46,0.047518,0.05643
-5.2349e-46,0.047575,0.056493
-7.6452e-46,0.047637,0.056547
-9.9129e-46,0.047702,0.056593
-1.2036e-45,0.047772,0.056629
-1.4013e-45,0.047844,0.056655
-1.5843e-45,0.04792,0.056673
-1.7527e-45,0.047999,0.056681
-1.9063e-45,0.048082,0.05668
-2.0454e-45,0.048166,0.05667
-2.1702e-45,0.048254,0.056651
-2.2806e-45,0.048343,0.056624
-2.3772e-45,0.048434,0.056587
-2.46e-45,0.048527,0.056543
-2.5294e-45,0.048622,0.05649
-2.5859e-45,0.048717,0.05643
-2.6297e-45,0.048813,0.056362
-2.6614e-45,0.04891,0.056287
-2.6813e-45,0.049006,0.056205
-2.6899e-45,0.049103,0.056117
-2.6878e-45,0.049199,0.056023
-2.6754e-45,0.049295,0.055924
-2.6532e-45,0.049389,0.05582
-2.6219e-45,0.049482,0.055712
-2.582e-45,0.049573,0.055599
-2.5339e-45,0.049663,0.055484
-2.4784e-45,0.04975,0.055366
-2.4159e-45,0.049835,0.055245
-2.3471e-45,0.049918,0.055123
-2.2724e-45,0.049997,0.055
-2.1925e-45,0.050074,0.054877
-2.1078e-45,0.050147,0.054753
-2.0191e-45,0.050217,0.054631
-1.9267e-45,0.050283,0.054509
-1.8312e-45,0.050345,0.05439
-1.7331e-45,0.050403,0.054273
-1.633e-45,0.050457,0.054159
-1.5313e-45,0.050507,0.054049
-1.4284e-45,0.050552,0.053942
-1.3249e-45,0.050593,0.053841
-1.2211e-45,0.05063,0.053744
-1.1175e-45,0.050661,0.053653
-1.0144e-45,0.050689,0.053567
-9.1228e-46,0.050711,0.053488
-8.1142e-46,0.050729,0.053416
-7.1217e-46,0.050742,0.053351
-6.1483e-46,0.050751,0.053293
-5.1969e-46,0.050755,0.053243
-4.2702e-46,0.050754,0.053201
-3.3704e-46,0.050749,0.053167
-2.4999e-46,0.05074,0.053142
-1.6606e-46,0.050726,0.053125
-8.5435e-47,0.050707,0.053116
-8.26e-48,0.050685,0.053116
6.5325e-47,0.050658,0.053125
1.352e-46,0.050628,0.053143
2.0128e-46,0.050593,0.053169
2.6349e-46,0.050555,0.053204
3.2175e-46,0.050514,0.053248
3.7605e-46,0.050469,0.053299
4.2634e-46,0.05042,0.053359
4.7263e-46,0.050369,0.053427
5.1493e-46,0.050314,0.053503
5.5326e-46,0.050257,0.053586
5.8766e-46,0.050198,0.053676
6.1818e-46,0.050136,0.053773
6.4488e-46,0.050072,0.053876
6.6785e-46,0.050005,0.053986
6.8716e-46,0.049937,0.054101
7.0292e-46,0.049868,0.054221
7.1523e-46,0.049797,0.054346
7.2421e-46,0.049724,0.054475
7.2997e-46,0.049651,0.054608
7.3265e-46,0.049577,0.054744
7.3238e-46,0.049502,0.054883
7.293e-46,0.049427,0.055024
7.2356e-46,0.049351,0.055167
7.1529e-46,0.049275,0.055312
7.0466e-46,0.0492,0.055456
6.9181e-46,0.049125,0.055601
6.769e-46,0.04905,0.055746
6.6008e-46,0.048976,0.05589
6.415e-46,0.048902,0.056032
6.2132e-46,0.04883,0.056172
5.997e-46,0.048759,0.05631
5.7678e-46,0.048689,0.056445
5.5271e-46,0.048621,0.056576
5.2764e-46,0.048554,0.056704
5.0172e-46,0.048489,0.056827
4.7507e-46,0.048427,0.056946
4.4785e-46,0.048366,0.05706
4.2018e-46,0.048307,0.057168
3.9219e-46,0.048251,0.05727
3.64e-46,0.048197,0.057366
3.3573e-46,0.048146,0.057456
3.0749e-46,0.048097,0.057539
2.7939e-46,0.048051,0.057615
2.5154e-46,0.048008,0.057684
2.2402e-46,0.047968,0.057746
1.9693e-46,0.047931,0.0578
1.7036e-46,0.047897,0.057846
1.4437e-46,0.047866,0.057885
1.1905e-46,0.047838,0.057916
9.4454e-47,0.047813,0.057939
7.0651e-47,0.047792,0.057954
4.7693e-47,0.047774,0.057962
2.5628e-47,0.047759,0.057961
4.5001e-48,0.047747,0.057953
-1.5654e-47,0.047738,0.057937
-3.4801e-47,0.047733,0.057914
-5.2916e-47,0.04773,0.057883
-6.9977e-47,0.047731,0.057845
-8.5968e-47,0.047735,0.0578
-1.0088e-46,0.047741,0.057749
-1.147e-46,0.047751,0.05769
-1.2743e-46,0.047763,0.057626
-1.3907e-46,0.047778,0.057555
-1.4963e-46,0.047796,0.057479
-1.5911e-46,0.047816,0.057397
-1.6754e-46,0.047838,0.05731
-1.7493e-46,0.047863,0.057219
-1.8129e-46,0.04789,0.057123
-1.8666e-46,0.047919,0.057023
-1.9106e-46,0.04795,0.05692
-1.9452e-46,0.047983,0.056813
-1.9706e-46,0.048017,0.056703
-1.9872e-46,0.048053,0.056591
-1.9954e-46,0.04809,0.056477
-1.9956e-46,0.048129,0.056361
-1.988e-46,0.048168,0.056244
-1.9731e-46,0.048208,0.056126
-1.9513e-46,0.04825,0.056008
-1.9231e-46,0.048291,0.05589
-1.8887e-46,0.048334,0.055772
-1.8487e-46,0.048376,0.055655
-1.8034e-46,0.048419,0.055539
-1.7533e-46,0.048462,0.055425
-1.6988e-46,0.048505,0.055313
-1.6403e-46,0.048548,0.055203
-1.5782e-46,0.04859,0.055096
-1.513e-46,0.048632,0.054992
-1.445e-46,0.048673,0.054892
-1.3746e-46,0.048714,0.054795
-1.3022e-46,0.048754,0.054703
-1.2282e-46,0.048793,0.054615
-1.1529e-46,0.04883,0.054532
-1.0768e-46,0.048867,0.054455
-1e-46,0.048902,0.054382
-9.2301e-47,0.048936,0.054315
-8.4606e-47,0.048969,0.054255
-7.6947e-47,0.049,0.0542
-6.9351e-47,0.049029,0.054152
-6.1844e-47,0.049057,0.05411
-5.4451e-47,0.049083,0.054075
-4.7195e-47,0.049107,0.054047
-4.0097e-47,0.049129,0.054026
-3.3178e-47,0.049149,0.054013
-2.6457e-47,0.049167,0.054006
-1.9948e-47,0.049183,0.054007
-1.3668e-47,0.049197,0.054016
-7.6306e-48,0.049209,0.054032
-1.8468e-48,0.049219,0.054055
3.6727e-48,0.049226,0.054086
8.919e-48,0.049232,0.054124
1.3885e-47,0.049234,0.05417
1.8564e-47,0.049235,0.054223
2.2952e-47,0.049233,0.054284
2.7045e-47,0.04923,0.054352
3.0843e-47,0.049223,0.054426
3.4343e-47,0.049215,0.054508
3.7546e-47,0.049204,0.054596
4.0455e-47,0.049191,0.054691
4.3071e-47,0.049176,0.054792
4.5399e-47,0.049159,0.054899
4.7442e-47,0.049139,0.055012
4.9206e-47,0.049117,0.055131
5.0698e-47,0.049094,0.055255
5.1925e-47,0.049068,0.055384
5.2894e-47,0.04904,0.055518
5.3614e-47,0.04901,0.055656
5.4093e-47,0.048979,0.055798
5.4341e-47,0.048945,0.055944
5.4369e-47,0.04891,0.056093
5.4185e-47,0.048873,0.056245
5.3802e-47,0.048834,0.0564
5.3229e-47,0.048794,0.056556
5.2478e-47,0.048752,0.056715
5.156e-47,0.048709,0.056875
5.0486e-47,0.048665,0.057036
4.9269e-47,0.048619,0.057198
4.7918e-47,0.048572,0.05736
4.6446e-47,0.048524,0.057521
4.4865e-47,0.048475,0.057682
4.3185e-47,0.048426,0.057842
4.1417e-47,0.048375,0.058
3.9573e-47,0.048324,0.058156
3.7663e-47,0.048272,0.058311
3.5697e-47,0.04822,0.058462
3.3687e-47,0.048167,0.05861
3.164e-47,0.048114,0.058755
2.9568e-47,0.048061,0.058896
2.748e-47,0.048007,0.059033
2.5383e-47,0.047954,0.059165
2.3287e-47,0.047901,0.059293
2.12e-47,0.047848,0.059415
1.9129e-47,0.047795,0.059532
1.7082e-47,0.047743,0.059644
1.5065e-47,0.047691,0.059749
1.3085e-47,0.04764,0.059848
1.1147e-47,0.04759,0.059941
9.2576e-48,0.04754,0.060027
7.4211e-48,0.047491,0.060106
5.6421e-48,0.047443,0.060178
3.925e-48,0.047396,0.060244
2.2734e-48,0.047351,0.060302
6.9061e-49,0.047306,0.060353
-8.2054e-49,0.047263,0.060396
-2.2576e-48,0.04722,0.060433
-3.6184e-48,0.04718,0.060461
-4.9014e-48,0.04714,0.060483
-6.1053e-48,0.047103,0.060497
-7.2292e-48,0.047066,0.060505
-8.2724e-48,0.047031,0.060505
-9.2348e-48,0.046998,0.060498
-1.0116e-47,0.046967,0.060484
-1.0918e-47,0.046937,0.060463
-1.1639e-47,0.046908,0.060436
-1.2282e-47,0.046881,0.060402
-1.2848e-47,0.046856,0.060363
-1.3337e-47,0.046832,0.060317
-1.3753e-47,0.046811,0.060266
-1.4095e-47,0.04679,0.06021
-1.4368e-47,0.046771,0.060148
-1.4572e-47,0.046754,0.060082
-1.4711e-47,0.046738,0.060011
-1.4787e-47,0.046724,0.059936
-1.4802e-47,0.046711,0.059857
-1.476e-47,0.046699,0.059774
-1.4663e-47,0.046689,0.059688
-1.4514e-47,0.04668,0.0596
-1.4316e-47,0.046673,0.059509
-1.4073e-47,0.046666,0.059416
-1.3787e-47,0.046661,0.059321
-1.3462e-47,0.046656,0.059224
-1.31e-47,0.046653,0.059127
-1.2705e-47,0.04665,0.059028
-1.2279e-47,0.046649,0.058929
-1.1827e-47,0.046648,0.05883
-1.1351e-47,0.046648,0.058731
-1.0853e-47,0.046648,0.058633
-1.0337e-47,0.046649,0.058535
-9.806e-48,0.046651,0.058438
-9.2622e-48,0.046653,0.058342
-8.7086e-48,0.046656,0.058248
-8.1477e-48,0.046659,0.058156
-7.582e-48,0.046662,0.058065
-7.0139e-48,0.046666,0.057977
-6.4458e-48,0.04667,0.05789
-5.8798e-48,0.046674,0.057807
-5.3179e-48,0.046679,0.057725
-4.7623e-48,0.046684,0.057647
-4.2146e-48,0.046689,0.057571
-3.6767e-48,0.046694,0.057498
-3.1501e-48,0.0467,0.057428
-2.6363e-48,0.046705,0.057361
-2.1367e-48,0.046711,0.057296
-1.6526e-48,0.046717,0.057235
-1.1851e-48,0.046724,0.057177
-7.3513e-49,0.04673,0.057121
-3.0365e-49,0.046737,0.057068
1.0859e-49,0.046745,0.057018
5.0091e-49,0.046752,0.056971
8.7276e-49,0.046761,0.056926
1.2237e-48,0.046769,0.056884
1.5534e-48,0.046779,0.056844
1.8615e-48,0.046788,0.056806
2.148e-48,0.046799,0.056769
2.4128e-48,0.04681,0.056735
2.6559e-48,0.046822,0.056702
2.8774e-48,0.046835,0.056671
3.0775e-48,0.046849,0.05664
3.2566e-48,0.046864,0.056611
3.4148e-48,0.04688,0.056582
3.5527e-48,0.046898,0.056554
3.6706e-48,0.046917,0.056526
3.7692e-48,0.046937,0.056498
3.8489e-48,0.046958,0.05647
3.9105e-48,0.046981,0.056441
3.9544e-48,0.047006,0.056412
3.9816e-48,0.047032,0.056382
3.9926e-48,0.04706,0.056351
3.9882e-48,0.04709,0.056319
3.9693e-48,0.047122,0.056286
3.9366e-48,0.047156,0.056251
3.8909e-48,0.047192,0.056214
3.833e-48,0.04723,0.056175
3.7638e-48,0.04727,0.056135
3.6842e-48,0.047313,0.056092
3.5949e-48,0.047357,0.056047
3.4968e-48,0.047404,0.056001
3.3907e-48,0.047453,0.055952
3.2774e-48,0.047504,0.0559
3.1578e-48,0.047558,0.055847
3.0326e-48,0.047614,0.055791
2.9025e-48,0.047672,0.055734
2.7685e-48,0.047733,0.055674
2.631e-48,0.047795,0.055612
2.491e-48,0.04786,0.055549
2.349e-48,0.047927,0.055484
2.2056e-48,0.047996,0.055417
2.0616e-48,0.048067,0.055349
1.9175e-48,0.04814,0.05528
1.7738e-48,0.048215,0.05521
1.6312e-48,0.048292,0.05514
1.4899e-48,0.04837,0.055069
1.3507e-48,0.04845,0.054998
1.2137e-48,0.048531,0.054927
1.0795e-48,0.048613,0.054857
9.4839e-49,0.048697,0.054788
8.2069e-49,0.048781,0.05472
6.967e-49,0.048866,0.054654
5.7665e-49,0.048952,0.05459
4.6079e-49,0.049039,0.054528
3.4928e-49,0.049126,0.054468
2.423e-49,0.049213,0.054412
1.3996e-49,0.0493,0.054359
4.2369e-50,0.049387,0.054309
-5.0415e-50,0.049473,0.054264
-1.3835e-49,0.049559,0.054224
-2.2142e-49,0.049645,0.054188
-2.9963e-49,0.049729,0.054157
-3.7303e-49,0.049813,0.054132
-4.4167e-49,0.049895,0.054112
-5.0563e-49,0.049976,0.054098
-5.65e-49,0.050055,0.054091
-6.1989e-49,0.050133,0.054091
-6.7045e-49,0.050209,0.054097
-7.1682e-49,0.050282,0.05411
-7.5915e-49,0.050354,0.054131
-7.9761e-49,0.050423,0.054159
-8.3239e-49,0.05049,0.054194
-8.6368e-49,0.050555,0.054237
-8.9166e-49,0.050616,0.054288
-9.1653e-49,0.050675,0.054346
-9.3851e-49,0.050731,0.054412
-9.5779e-49,0.050784,0.054486
-9.7458e-49,0.050834,0.054568
-9.8909e-49,0.050881,0.054658
-1.0015e-48,0.050924,0.054755
-1.012e-48,0.050964,0.054859
-1.0209e-48,0.051001,0.054971
-1.0282e-48,0.051034,0.05509
-1.0342e-48,0.051063,0.055216
-1.0391e-48,0.051089,0.055349
-1.043e-48,0.051111,0.055487
-1.046e-48,0.051129,0.055632
-1.0483e-48,0.051143,0.055783
-1.05e-48,0.051154,0.05594
-1.0513e-48,0.05116,0.056101
-1.0522e-48,0.051163,0.056267
-1.0528e-48,0.051162,0.056437
-1.0532e-48,0.051157,0.056612
-1.0534e-48,0.051148,0.056789
-1.0536e-48,0.051135,0.05697
-1.0536e-48,0.051118,0.057153
-1.0536e-48,0.051097,0.057339
-1.0534e-48,0.051073,0.057526
-1.0532e-48,0.051044,0.057714
-1.0528e-48,0.051012,0.057902
-1.0522e-48,0.050976,0.058091
-1.0513e-48,0.050936,0.058279
-1.05e-48,0.050892,0.058467
-1.0483e-48,0.050845,0.058653
-1.046e-48,0.050794,0.058837
-1.043e-48,0.05074,0.059019
-1.0391e-48,0.050682,0.059198
-1.0342e-48,0.050622,0.059374
-1.0282e-48,0.050557,0.059546
-1.0209e-48,0.05049,0.059714
-1.012e-48,0.05042,0.059878
-1.0015e-48,0.050347,0.060036
-9.8909e-49,0.050271,0.060189
-9.7458e-49,0.050193,0.060336
-9.5779e-49,0.050112,0.060478
-9.3851e-49,0.050029,0.060612
-9.1653e-49,0.049943,0.06074
-8.9166e-49,0.049855,0.060861
-8.6368e-49,0.049766,0.060975
-8.3239e-49,0.049675,0.061081
-7.9761e-49,0.049582,0.061179
-7.5915e-49,0.049488,0.06127
-7.1682e-49,0.049393,0.061352
-6.7045e-49,0.049296,0.061426
-6.1989e-49,0.049199,0.061492
-5.65e-49,0.049101,0.061549
-5.0563e-49,0.049003,0.061597
-4.4167e-49,0.048904,0.061637
-3.7303e-49,0.048806,0.061669
-2.9963e-49,0.048707,0.061691
-2.2142e-49,0.048609,0.061706
-1.3835e-49,0.048512,0.061711
-5.0415e-50,0.048415,0.061709
4.2369e-50,0.048319,0.061698
1.3996e-49,0.048224,0.061679
2.423e-49,0.048131,0.061652
3.4928e-49,0.048039,0.061617
4.6079e-49,0.047949,0.061574
5.7665e-49,0.047861,0.061524
6.967e-49,0.047775,0.061467
8.2069e-49,0.047692,0.061403
9.4839e-49,0.047611,0.061332
1.0795e-48,0.047532,0.061254
1.2137e-48,0.047457,0.061171
1.3507e-48,0.047384,0.061082
1.4899e-48,0.047314,0.060987
1.6312e-48,0.047248,0.060887
1.7738e-48,0.047185,0.060782
1.9175e-48,0.047126,0.060673
2.0616e-48,0.04707,0.060559
2.2056e-48,0.047017,0.060442
2.349e-48,0.046969,0.060321
2.491e-48,0.046924,0.060198
2.631e-48,0.046883,0.060071
2.7685e-48,0.046846,0.059942
2.9025e-48,0.046813,0.059812
3.0326e-48,0.046784,0.059679
3.1578e-48,0.046759,0.059546
3.2774e-48,0.046738,0.059411
3.3907e-48,0.046721,0.059276
3.4968e-48,0.046707,0.059141
3.5949e-48,0.046698,0.059006
3.6842e-48,0.046692,0.058871
3.7638e-48,0.04669,0.058738
3.833e-48,0.046691,0.058605
3.8909e-48,0.046697,0.058474
3.9366e-48,0.046705,0.058344
3.9693e-48,0.046717,0.058217
3.9882e-48,0.046733,0.058092
3.9926e-48,0.046751,0.05797
3.9816e-48,0.046773,0.05785
3.9544e-48,0.046797,0.057733
3.9105e-48,0.046824,0.05762
3.8489e-48,0.046854,0.05751
3.7692e-48,0.046886,0.057404
3.6706e-48,0.04692,0.057301
3.5527e-48,0.046957,0.057203
3.4148e-48,0.046995,0.057108
3.2566e-48,0.047035,0.057018
3.0775e-48,0.047077,0.056933
2.8774e-48,0.04712,0.056852
2.6559e-48,0.047164,0.056775
2.4128e-48,0.04721,0.056703
2.148e-48,0.047256,0.056636
1.8615e-48,0.047303,0.056574
1.5534e-48,0.047351,0.056516
1.2237e-48,0.047399,0.056463
8.7276e-49,0.047448,0.056415
5.0091e-49,0.047496,0.056372
1.0859e-49,0.047544,0.056334
-3.0365e-49,0.047592,0.0563
-7.3513e-49,0.04764,0.056271
-1.1851e-48,0.047687,0.056247
-1.6526e-48,0.047733,0.056227
-2.1367e-48,0.047779,0.056211
-2.6363e-48,0.047823,0.0562
-3.1501e-48,0.047867,0.056193
-3.6767e-48,0.047909,0.05619
-4.2146e-48,0.04795,0.056191
-4.7623e-48,0.04799,0.056196
-5.3179e-48,0.048028,0.056205
-5.8798e-48,0.048064,0.056217
-6.4458e-48,0.048099,0.056233
-7.0139e-48,0.048132,0.056252
-7.582e-48,0.048163,0.056273
-8.1477e-48,0.048192,0.056298
-8.7086e-48,0.048219,0.056326
-9.2622e-48,0.048245,0.056356
-9.806e-48,0.048268,0.056389
-1.0337e-47,0.048289,0.056424
-1.0853e-47,0.048308,0.056461
-1.1351e-47,0.048325,0.056499
-1.1827e-47,0.04834,0.05654
-1.2279e-47,0.048353,0.056582
-1.2705e-47,0.048363,0.056626
-1.31e-47,0.048372,0.056671
-1.3462e-47,0.048378,0.056717
-1.3787e-47,0.048382,0.056765
-1.4073e-47,0.048385,0.056813
-1.4316e-47,0.048385,0.056861
-1.4514e-47,0.048384,0.056911
-1.4663e-47,0.04838,0.056961
-1.476e-47,0.048375,0.057012
-1.4802e-47,0.048367,0.057063
-1.4787e-47,0.048358,0.057114
-1.4711e-47,0.048348,0.057165
-1.4572e-47,0.048336,0.057217
-1.4368e-47,0.048322,0.057269
-1.4095e-47,0.048307,0.05732
-1.3753e-47,0.04829,0.057372
-1.3337e-47,0.048272,0.057424
-1.2848e-47,0.048253,0.057476
-1.2282e-47,0.048233,0.057528
-1.1639e-47,0.048212,0.05758
-1.0918e-47,0.04819,0.057632
-1.0116e-47,0.048167,0.057683
-9.2348e-48,0.048143,0.057735
-8.2724e-48,0.048119,0.057788
-7.2292e-48,0.048095,0.05784
-6.1053e-48,0.048069,0.057892
-4.9014e-48,0.048044,0.057945
-3.6184e-48,0.048018,0.057998
-2.2576e-48,0.047992,0.058051
-8.2054e-49,0.047966,0.058105
6.9061e-49,0.047941,0.058159
2.2734e-48,0.047915,0.058213
3.925e-48,0.04789,0.058268
5.6421e-48,0.047865,0.058324
7.4211e-48,0.04784,0.058381
9.2576e-48,0.047816,0.058438
1.1147e-47,0.047793,0.058496
1.3085e-47,0.04777,0.058555
1.5065e-47,0.047748,0.058615
1.7082e-47,0.047727,0.058676
1.9129e-47,0.047707,0.058738
2.12e-47,0.047688,0.058801
2.3287e-47,0.047671,0.058865
2.5383e-47,0.047654,0.05893
2.748e-47,0.047638,0.058996
2.9568e-47,0.047624,0.059063
3.164e-47,0.047611,0.059132
3.3687e-47,0.0476,0.059201
3.5697e-47,0.04759,0.059272
3.7663e-47,0.047581,0.059343
3.9573e-47,0.047574,0.059416
4.1417e-47,0.047568,0.05949
4.3185e-47,0.047564,0.059564
4.4865e-47,0.047562,0.05964
4.6446e-47,0.047561,0.059716
4.7918e-47,0.047562,0.059793
4.9269e-47,0.047565,0.059871
5.0486e-47,0.047569,0.059949
5.156e-47,0.047575,0.060028
5.2478e-47,0.047582,0.060107
5.3229e-47,0.047591,0.060186
5.3802e-47,0.047602,0.060266
5.4185e-47,0.047614,0.060345
5.4369e-47,0.047628,0.060425
5.4341e-47,0.047644,0.060504
5.4093e-47,0.047661,0.060583
5.3614e-47,0.047679,0.060662
5.2894e-47,0.047699,0.06074
5.1925e-47,0.047721,0.060817
5.0698e-47,0.047744,0.060893
4.9206e-47,0.047768,0.060969
4.7442e-47,0.047793,0.061043
4.5399e-47,0.04782,0.061116
4.3071e-47,0.047847,0.061187
4.0455e-47,0.047876,0.061258
3.7546e-47,0.047906,0.061326
3.4343e-47,0.047937,0.061393
3.0843e-47,0.047968,0.061457
2.7045e-47,0.048001,0.06152
2.2952e-47,0.048034,0.061581
1.8564e-47,0.048068,0.061639
1.3885e-47,0.048102,0.061695
8.919e-48,0.048137,0.061749
3.6727e-48,0.048172,0.0618
-1.8468e-48,0.048208,0.061848
-7.6306e-48,0.048244,0.061894
-1.3668e-47,0.04828,0.061936
-1.9948e-47,0.048316,0.061976
-2.6457e-47,0.048353,0.062013
-3.3178e-47,0.048389,0.062048
-4.0097e-47,0.048425,0.062079
-4.7195e-47,0.048461,0.062107
-5.4451e-47,0.048496,0.062132
-6.1844e-47,0.048532,0.062153
-6.9351e-47,0.048566,0.062172
-7.6947e-47,0.048601,0.062188
-8.4606e-47,0.048635,0.0622
-9.2301e-47,0.048668,0.06221
-1e-46,0.048701,0.062216
-1.0768e-46,0.048733,0.062219
-1.1529e-46,0.048764,0.06222
-1.2282e-46,0.048795,0.062217
-1.3022e-46,0.048825,0.062211
-1.3746e-46,0.048854,0.062203
-1.445e-46,0.048882,0.062192
-1.513e-46,0.04891,0.062178
-1.5782e-46,0.048936,0.062162
-1.6403e-46,0.048962,0.062143
-1.6988e-46,0.048987,0.062121
-1.7533e-46,0.049011,0.062098
-1.8034e-46,0.049034,0.062072
-1.8487e-46,0.049056,0.062044
-1.8887e-46,0.049078,0.062015
-1.9231e-46,0.049098,0.061983
-1.9513e-46,0.049118,0.06195
-1.9731e-46,0.049137,0.061916
-1.988e-46,0.049156,0.06188
-1.9956e-46,0.049174,0.061842
-1.9954e-46,0.049191,0.061804
-1.9872e-46,0.049207,0.061765
-1.9706e-46,0.049223,0.061725
-1.9452e-46,0.049239,0.061684
-1.9106e-46,0.049254,0.061642
-1.8666e-46,0.049268,0.061601
-1.8129e-46,0.049282,0.061559
-1.7493e-46,0.049296,0.061517
-1.6754e-46,0.04931,0.061474
-1.5911e-46,0.049323,0.061432
-1.4963e-46,0.049336,0.061391
-1.3907e-46,0.049349,0.061349
-1.2743e-46,0.049362,0.061308
-1.147e-46,0.049375,0.061268
-1.0088e-46,0.049387,0.061228
-8.5968e-47,0.0494,0.061189
-6.9977e-47,0.049413,0.061151
-5.2916e-47,0.049426,0.061114
-3.4801e-47,0.049439,0.061078
-1.5654e-47,0.049452,0.061042
4.5001e-48,0.049465,0.061008
2.5628e-47,0.049478,0.060975
4.7693e-47,0.049492,0.060943
7.0651e-47,0.049505,0.060912
9.4454e-47,0.049519,0.060883
1.1905e-46,0.049533,0.060854
1.4437e-46,0.049547,0.060827
1.7036e-46,0.049561,0.060801
1.9693e-46,0.049575,0.060776
2.2402e-46,0.049589,0.060753
2.5154e-46,0.049603,0.06073
2.7939e-46,0.049617,0.060709
3.0749e-46,0.049631,0.060689
3.3573e-46,0.049645,0.06067
3.64e-46,0.049659,0.060652
3.9219e-46,0.049673,0.060635
4.2018e-46,0.049687,0.060619
4.4785e-46,0.049701,0.060604
4.7507e-46,0.049714,0.06059
5.0172e-46,0.049727,0.060577
5.2764e-46,0.049739,0.060564
5.5271e-46,0.049751,0.060552
5.7678e-46,0.049763,0.06054
5.997e-46,0.049774,0.060529
6.2132e-46,0.049785,0.060519
6.415e-46,0.049795,0.060508
6.6008e-46,0.049804,0.060498
6.769e-46,0.049813,0.060488
6.9181e-46,0.049821,0.060479
7.0466e-46,0.049829,0.060469
7.1529e-46,0.049835,0.060459
7.2356e-46,0.049841,0.060449
7.293e-46,0.049846,0.060438
7.3238e-46,0.049849,0.060428
7.3265e-46,0.049853,0.060416
7.2997e-46,0.049855,0.060405
7.2421e-46,0.049856,0.060392
7.1523e-46,0.049856,0.060379
7.0292e-46,0.049856,0.060365
6.8716e-46,0.049854,0.060351
6.6785e-46,0.049851,0.060335
6.4488e-46,0.049848,0.060318
6.1818e-46,0.049843,0.0603
5.8766e-46,0.049838,0.060281
5.5326e-46,0.049831,0.060261
5.1493e-46,0.049824,0.06024
4.7263e-46,0.049816,0.060218
4.2634e-46,0.049807,0.060194
3.7605e-46,0.049797,0.060169
3.2175e-46,0.049786,0.060142
2.6349e-46,0.049774,0.060115
2.0128e-46,0.049761,0.060085
1.352e-46,0.049748,0.060055
6.5325e-47,0.049734,0.060023
-8.26e-48,0.049719,0.05999
-8.5435e-47,0.049703,0.059956
-1.6606e-46,0.049687,0.05992
-2.4999e-46,0.049669,0.059884
-3.3704e-46,0.049651,0.059846
-4.2702e-46,0.049633,0.059807
-5.1969e-46,0.049613,0.059767
-6.1483e-46,0.049593,0.059726
-7.1217e-46,0.049572,0.059684
-8.1142e-46,0.049551,0.059642
-9.1228e-46,0.049529,0.059598
-1.0144e-45,0.049506,0.059555
-1.1175e-45,0.049482,0.05951
-1.2211e-45,0.049458,0.059465
-1.3249e-45,0.049433,0.05942
-1.4284e-45,0.049407,0.059375
-1.5313e-45,0.04938,0.059329
-1.633e-45,0.049353,0.059284
-1.7331e-45,0.049325,0.059238
-1.8312e-45,0.049296,0.059193
-1.9267e-45,0.049267,0.059148
-2.0191e-45,0.049236,0.059104
-2.1078e-45,0.049205,0.05906
-2.1925e-45,0.049173,0.059016
-2.2724e-45,0.04914,0.058973
-2.3471e-45,0.049107,0.058931
-2.4159e-45,0.049072,0.05889
-2.4784e-45,0.049037,0.05885
-2.5339e-45,0.049001,0.058811
-2.582e-45,0.048964,0.058772
-2.6219e-45,0.048926,0.058735
-2.6532e-45,0.048887,0.0587
-2.6754e-45,0.048848,0.058665
-2.6878e-45,0.048807,0.058632
-2.6899e-45,0.048766,0.0586
-2.6813e-45,0.048725,0.058569
-2.6614e-45,0.048682,0.05854
-2.6297e-45,0.04864,0.058513
-2.5859e-45,0.048596,0.058487
-2.5294e-45,0.048552,0.058462
-2.46e-45,0.048508,0.05844
-2.3772e-45,0.048463,0.058418
-2.2806e-45,0.048418,0.058399
-2.1702e-45,0.048373,0.058381
-2.0454e-45,0.048328,0.058364
-1.9063e-45,0.048283,0.058349
-1.7527e-45,0.048238,0.058336
-1.5843e-45,0.048194,0.058325
-1.4013e-45,0.04815,0.058315
-1.2036e-45,0.048106,0.058307
-9.9129e-46,0.048063,0.0583
-7.6452e-46,0.04802,0.058295
-5.2349e-46,0.047978,0.058292
-2.6848e-46,0.047938,0.05829
1.7715e-49,0.047898,0.05829
2.8206e-46,0.04786,0.058291
5.7668e-46,0.047823,0.058294
8.8348e-46,0.047787,0.058299
1.2018e-45,0.047753,0.058304
1.531e-45,0.04772,0.058312
1.8701e-45,0.047689,0.058321
2.2184e-45,0.04766,0.058331
2.5749e-45,0.047633,0.058343
2.9385e-45,0.047608,0.058356
3.3082e-45,0.047585,0.058371
3.6827e-45,0.047564,0.058387
4.0607e-45,0.047546,0.058404
4.4409e-45,0.04753,0.058423
4.8219e-45,0.047516,0.058443
5.2021e-45,0.047504,0.058464
5.58e-45,0.047495,0.058486
5.954e-45,0.047488,0.05851
6.3223e-45,0.047483,0.058535
6.6832e-45,0.047481,0.058561
7.0348e-45,0.047482,0.058589
7.3753e-45,0.047485,0.058617
7.7028e-45,0.04749,0.058647
8.0152e-45,0.047497,0.058677
8.3106e-45,0.047507,0.058709
8.5869e-45,0.04752,0.058742
8.8421e-45,0.047534,0.058776
9.0741e-45,0.047551,0.058811
9.2809e-45,0.04757,0.058846
9.4603e-45,0.047591,0.058883
9.6103e-45,0.047613,0.058921
9.7288e-45,0.047638,0.05896
9.8138e-45,0.047665,0.058999
9.8633e-45,0.047693,0.059039
9.8753e-45,0.047723,0.059081
9.8481e-45,0.047754,0.059122
9.7796e-45,0.047787,0.059165
9.6682e-45,0.047821,0.059208
9.5123e-45,0.047856,0.059252
9.3102e-45,0.047892,0.059296
9.0605e-45,0.047929,0.059341
8.7619e-45,0.047967,0.059387
8.4132e-45,0.048006,0.059432
8.0132e-45,0.048045,0.059478
7.5612e-45,0.048085,0.059525
7.0563e-45,0.048125,0.059571
6.498e-45,0.048165,0.059618
5.886e-45,0.048205,0.059664
5.22e-45,0.048245,0.059711
4.5001e-45,0.048285,0.059757
3.7266e-45,0.048325,0.059803
2.8999e-45,0.048364,0.059849
2.0208e-45,0.048403,0.059895
1.0902e-45,0.048441,0.05994
1.0942e-46,0.048478,0.059984
-9.2012e-46,0.048515,0.060028
-1.9966e-45,0.04855,0.060071
-3.1181e-45,0.048585,0.060113
-4.2822e-45,0.048618,0.060154
-5.4862e-45,0.04865,0.060194
-6.7274e-45,0.048681,0.060233
-8.0025e-45,0.04871,0.06027
-9.308e-45,0.048738,0.060307
-1.064e-44,0.048765,0.060341
-1.1995e-44,0.048789,0.060375
-1.3368e-44,0.048812,0.060406
-1.4754e-44,0.048834,0.060436
-1.6149e-44,0.048853,0.060464
-1.7548e-44,0.048871,0.06049
-1.8944e-44,0.048887,0.060514
-2.0333e-44,0.048901,0.060536
-2.1708e-44,0.048913,0.060556
-2.3062e-44,0.048923,0.060574
-2.439e-44,0.048931,0.06059
-2.5685e-44,0.048937,0.060603
-2.694e-44,0.048941,0.060614
-2.8147e-44,0.048943,0.060622
-2.9301e-44,0.048943,0.060628
-3.0392e-44,0.048941,0.060632
-3.1414e-44,0.048937,0.060633
-3.236e-44,0.048931,0.060632
-3.3221e-44,0.048923,0.060628
-3.3991e-44,0.048913,0.060622
-3.4661e-44,0.048901,0.060613
-3.5224e-44,0.048887,0.060602
-3.5672e-44,0.048871,0.060589
-3.5997e-44,0.048853,0.060573
-3.6194e-44,0.048834,0.060555
-3.6253e-44,0.048812,0.060535
-3.6169e-44,0.048788,0.060512
-3.5935e-44,0.048763,0.060488
-3.5544e-44,0.048736,0.060461
-3.4989e-44,0.048707,0.060433
-3.4266e-44,0.048676,0.060403
-3.3369e-44,0.048644,0.060371
-3.2293e-44,0.04861,0.060338
-3.1033e-44,0.048575,0.060303
-2.9585e-44,0.048538,0.060267
-2.7947e-44,0.048499,0.06023
-2.6115e-44,0.04846,0.060192
-2.4087e-44,0.048419,0.060153
-2.1862e-44,0.048376,0.060113
-1.9439e-44,0.048333,0.060072
-1.6818e-44,0.048289,0.060031
-1.3999e-44,0.048243,0.059989
-1.0986e-44,0.048197,0.059948
-7.7798e-45,0.04815,0.059906
-4.3841e-45,0.048102,0.059865
-8.036e-46,0.048053,0.059823
2.9565e-45,0.048004,0.059782
6.8898e-45,0.047955,0.059742
1.0989e-44,0.047905,0.059702
1.5245e-44,0.047855,0.059663
1.965e-44,0.047805,0.059626
2.4192e-44,0.047755,0.059589
2.886e-44,0.047706,0.059553
3.364e-44,0.047656,0.059519
3.8521e-44,0.047607,0.059486
4.3485e-44,0.047558,0.059455
4.8519e-44,0.04751,0.059426
5.3604e-44,0.047462,0.059398
5.8723e-44,0.047415,0.059372
6.3856e-44,0.04737,0.059349
6.8984e-44,0.047325,0.059327
7.4085e-44,0.047281,0.059307
7.9138e-44,0.047238,0.05929
8.412e-44,0.047197,0.059275
8.9007e-44,0.047157,0.059262
9.3775e-44,0.047119,0.059251
9.8398e-44,0.047082,0.059243
1.0285e-43,0.047047,0.059238
1.0711e-43,0.047013,0.059234
1.1114e-43,0.046982,0.059234
1.1492e-43,0.046952,0.059235
1.1843e-43,0.046924,0.05924
1.2162e-43,0.046898,0.059246
1.2449e-43,0.046875,0.059256
1.2699e-43,0.046853,0.059267
1.291e-43,0.046834,0.059281
1.3079e-43,0.046817,0.059298
1.3203e-43,0.046802,0.059317
1.3281e-43,0.04679,0.059338
1.3308e-43,0.04678,0.059362
1.3283e-43,0.046772,0.059388
1.3203e-43,0.046767,0.059417
1.3066e-43,0.046764,0.059447
1.2869e-43,0.046763,0.05948
1.2611e-43,0.046765,0.059515
1.2288e-43,0.04677,0.059552
1.1901e-43,0.046777,0.059592
1.1446e-43,0.046786,0.059633
1.0922e-43,0.046798,0.059676
1.0328e-43,0.046812,0.059721
9.6633e-44,0.046828,0.059767
8.9268e-44,0.046847,0.059816
8.1179e-44,0.046868,0.059866
7.2364e-44,0.046891,0.059917
6.2821e-44,0.046917,0.05997
5.2555e-44,0.046944,0.060025
4.1571e-44,0.046974,0.06008
2.9878e-44,0.047005,0.060137
1.7488e-44,0.047038,0.060195
4.4175e-45,0.047074,0.060254
-9.3145e-45,0.047111,0.060314
-2.3685e-44,0.047149,0.060375
-3.8667e-44,0.047189,0.060436
-5.4231e-44,0.047231,0.060498
-7.0342e-44,0.047274,0.060561
-8.6962e-44,0.047319,0.060624
-1.0405e-43,0.047364,0.060687
-1.2156e-43,0.047411,0.06075
-1.3943e-43,0.047458,0.060814
-1.5763e-43,0.047507,0.060877
-1.7608e-43,0.047556,0.06094
-1.9473e-43,0.047606,0.061003
-2.1351e-43,0.047657,0.061065
-2.3235e-43,0.047708,0.061126
-2.5118e-43,0.04776,0.061187
-2.6992e-43,0.047812,0.061248
-2.8849e-43,0.047864,0.061307
-3.0681e-43,0.047916,0.061365
-3.248e-43,0.047968,0.061421
-3.4235e-43,0.048021,0.061477
-3.5938e-43,0.048073,0.061531
-3.758e-43,0.048125,0.061583
-3.9151e-43,0.048176,0.061634
-4.0641e-43,0.048227,0.061682
-4.204e-43,0.048278,0.061729
-4.3338e-43,0.048328,0.061774
-4.4524e-43,0.048377,0.061816
-4.5589e-43,0.048426,0.061856
-4.6522e-43,0.048474,0.061894
-4.7313e-43,0.048521,0.061928
-4.7951e-43,0.048567,0.061961
-4.8427e-43,0.048613,0.06199
-4.873e-43,0.048657,0.062016
-4.8852e-43,0.0487,0.06204
-4.8781e-43,0.048742,0.06206
-4.851e-43,0.048783,0.062077
-4.803e-43,0.048823,0.062091
-4.7332e-43,0.048861,0.062101
-4.6408e-43,0.048898,0.062108
-4.525e-43,0.048934,0.062111
-4.3853e-43,0.048969,0.062111
-4.221e-43,0.049002,0.062107
-4.0315e-43,0.049034,0.0621
-3.8164e-43,0.049064,0.062089
-3.5752e-43,0.049093,0.062074
-3.3077e-43,0.049121,0.062055
-3.0137e-43,0.049147,0.062033
-2.693e-43,0.049171,0.062006
-2.3456e-43,0.049194,0.061976
-1.9717e-43,0.049216,0.061943
-1.5713e-43,0.049236,0.061905
-1.1449e-43,0.049254,0.061864
-6.9285e-44,0.049271,0.06182
-2.1575e-44,0.049287,0.061772
2.8573e-44,0.049301,0.06172
8.1074e-44,0.049314,0.061665
1.3583e-43,0.049325,0.061607
1.9274e-43,0.049334,0.061545
2.5167e-43,0.049342,0.061481
3.1248e-43,0.049349,0.061414
3.7502e-43,0.049355,0.061343
4.3913e-43,0.049359,0.061271
5.0462e-43,0.049361,0.061195
5.7129e-43,0.049363,0.061118
6.3893e-43,0.049362,0.061038
7.0732e-43,0.049361,0.060956
7.7622e-43,0.049359,0.060873
8.4538e-43,0.049355,0.060788
9.1452e-43,0.04935,0.060702
9.8336e-43,0.049344,0.060614
1.0516e-42,0.049336,0.060526
1.119e-42,0.049328,0.060437
1.1852e-42,0.049318,0.060347
1.2498e-42,0.049308,0.060258
1.3125e-42,0.049296,0.060169
1.3731e-42,0.049284,0.060079
1.431e-42,0.049271,0.059991
1.4861e-42,0.049256,0.059903
1.5378e-42,0.049241,0.059817
1.5859e-42,0.049225,0.059732
1.6299e-42,0.049208,0.059648
1.6695e-42,0.049191,0.059566
1.7043e-42,0.049173,0.059487
1.7339e-42,0.049154,0.059409
1.7579e-42,0.049134,0.059335
1.7761e-42,0.049114,0.059263
1.7879e-42,0.049093,0.059194
1.7931e-42,0.049072,0.059129
1.7913e-42,0.04905,0.059066
1.7822e-42,0.049027,0.059008
1.7654e-42,0.049004,0.058953
1.7407e-42,0.048981,0.058903
1.7077e-42,0.048957,0.058856
1.6662e-42,0.048932,0.058814
1.6158e-42,0.048908,0.058776
1.5565e-42,0.048883,0.058743
1.488e-42,0.048857,0.058714
1.41e-42,0.048831,0.058689
1.3226e-42,0.048805,0.05867
1.2254e-42,0.048779,0.058655
1.1186e-42,0.048753,0.058645
1.0019e-42,0.048726,0.058639
8.7546e-43,0.048699,0.058639
7.3924e-43,0.048672,0.058643
5.9333e-43,0.048645,0.058651
4.3783e-43,0.048617,0.058664
2.7291e-43,0.04859,0.058682
9.8761e-44,0.048562,0.058704
-8.4362e-44,0.048534,0.05873
-2.7616e-43,0.048506,0.058761
-4.7629e-43,0.048479,0.058796
-6.8434e-43,0.048451,0.058834
-8.9988e-43,0.048423,0.058876
-1.1224e-42,0.048395,0.058922
-1.3513e-42,0.048367,0.058971
-1.586e-42,0.048339,0.059024
-1.8259e-42,0.048312,0.05908
-2.0702e-42,0.048284,0.059138
-2.3182e-42,0.048256,0.0592
-2.569e-42,0.048229,0.059264
-2.8218e-42,0.048202,0.05933
-3.0756e-42,0.048174,0.059398
-3.3294e-42,0.048147,0.059469
-3.5823e-42,0.04812,0.059541
-3.8332e-42,0.048094,0.059615
-4.0809e-42,0.048067,0.05969
-4.3243e-42,0.048041,0.059767
-4.5622e-42,0.048015,0.059845
-4.7934e-42,0.047989,0.059923
-5.0166e-42,0.047963,0.060002
-5.2304e-42,0.047938,0.060082
-5.4337e-42,0.047913,0.060163
-5.625e-42,0.047888,0.060243
-5.803e-42,0.047864,0.060324
-5.9663e-42,0.047839,0.060405
-6.1134e-42,0.047816,0.060485
-6.2432e-42,0.047792,0.060566
-6.354e-42,0.047769,0.060646
-6.4446e-42,0.047746,0.060725
-6.5136e-42,0.047724,0.060805
-6.5597e-42,0.047702,0.060883
-6.5816e-42,0.047681,0.060961
-6.5778e-42,0.04766,0.061038
-6.5473e-42,0.047639,0.061114
-6.4889e-42,0.047619,0.061189
-6.4013e-42,0.047599,0.061263
-6.2835e-42,0.04758,0.061337
-6.1345e-42,0.047562,0.061409
-5.9533e-42,0.047543,0.06148
-5.7392e-42,0.047526,0.06155
-5.4913e-42,0.047509,0.061619
-5.209e-42,0.047492,0.061688
-4.8917e-42,0.047476,0.061754
-4.5391e-42,0.047461,0.06182
-4.1507e-42,0.047446,0.061885
-3.7264e-42,0.047432,0.061949
-3.2661e-42,0.047419,0.062011
-2.77e-42,0.047406,0.062072
-2.2383e-42,0.047393,0.062133
-1.6713e-42,0.047382,0.062192
-1.0696e-42,0.047371,0.06225
-4.3396e-43,0.04736,0.062307
2.3472e-43,0.04735,0.062363
9.3537e-43,0.047341,0.062417
1.6667e-42,0.047333,0.062471
2.4274e-42,0.047325,0.062524
3.2157e-42,0.047318,0.062575
4.0298e-42,0.047311,0.062626
4.8677e-42,0.047305,0.062675
5.7271e-42,0.0473,0.062723
6.6058e-42,0.047296,0.06277
7.5009e-42,0.047292,0.062815
8.4099e-42,0.047289,0.06286
9.3296e-42,0.047286,0.062903
1.0257e-41,0.047284,0.062945
1.1188e-41,0.047283,0.062985
1.212e-41,0.047283,0.063025
1.3049e-41,0.047283,0.063062
1.3971e-41,0.047284,0.063098
1.4882e-41,0.047285,0.063133
1.5777e-41,0.047287,0.063166
1.6653e-41,0.04729,0.063197
1.7505e-41,0.047294,0.063227
1.8327e-41,0.047298,0.063255
1.9116e-41,0.047303,0.063281
1.9867e-41,0.047308,0.063305
2.0574e-41,0.047315,0.063327
2.1233e-41,0.047321,0.063348
2.1839e-41,0.047329,0.063366
2.2386e-41,0.047337,0.063382
2.2869e-41,0.047346,0.063396
2.3284e-41,0.047355,0.063408
2.3625e-41,0.047365,0.063418
2.3887e-41,0.047376,0.063425
2.4066e-41,0.047387,0.063431
2.4156e-41,0.047399,0.063434
2.4153e-41,0.047411,0.063434
2.4052e-41,0.047424,0.063433
2.3848e-41,0.047438,0.063429
2.3539e-41,0.047452,0.063423
2.3119e-41,0.047466,0.063414
2.2584e-41,0.047481,0.063403
2.1932e-41,0.047497,0.06339
2.116e-41,0.047513,0.063375
2.0263e-41,0.047529,0.063358
1.9241e-41,0.047546,0.063338
1.8091e-41,0.047562,0.063317
1.681e-41,0.04758,0.063293
1.5399e-41,0.047597,0.063267
1.3856e-41,0.047615,0.06324
1.2181e-41,0.047632,0.06321
1.0374e-41,0.04765,0.063179
8.4358e-42,0.047668,0.063147
6.3685e-42,0.047686,0.063112
4.1736e-42,0.047704,0.063076
1.8538e-42,0.047721,0.063039
-5.8782e-43,0.047738,0.063
-3.1472e-42,0.047755,0.06296
-5.82e-42,0.047772,0.062919
-8.6008e-42,0.047788,0.062877
-1.1484e-41,0.047803,0.062834
-1.4462e-41,0.047818,0.062791
-1.7529e-41,0.047832,0.062746
-2.0676e-41,0.047845,0.062701
-2.3894e-41,0.047858,0.062655
-2.7174e-41,0.047869,0.062609
-3.0505e-41,0.04788,0.062563
-3.3878e-41,0.047889,0.062516
-3.7279e-41,0.047897,0.062469
-4.0697e-41,0.047904,0.062422
-4.4119e-41,0.04791,0.062375
-4.7531e-41,0.047914,0.062328
-5.0918e-41,0.047917,0.062281
-5.4267e-41,0.047919,0.062235
-5.7561e-41,0.047919,0.062188
-6.0785e-41,0.047917,0.062142
-6.3921e-41,0.047914,0.062096
-6.6954e-41,0.047909,0.062051
-6.9865e-41,0.047903,0.062006
-7.2637e-41,0.047895,0.061961
-7.5251e-41,0.047886,0.061917
-7.769e-41,0.047875,0.061873
-7.9935e-41,0.047862,0.06183
-8.1968e-41,0.047848,0.061787
-8.3769e-41,0.047833,0.061745
-8.5319e-41,0.047816,0.061703
-8.6602e-41,0.047798,0.061662
-8.7597e-41,0.047779,0.061621
-8.8287e-41,0.047758,0.06158
-8.8654e-41,0.047737,0.06154
-8.868e-41,0.047714,0.0615
-8.835e-41,0.04769,0.06146
-8.7645e-41,0.047666,0.061421
-8.6552e-41,0.047641,0.061382
-8.5055e-41,0.047615,0.061343
-8.314e-41,0.047589,0.061304
-8.0794e-41,0.047563,0.061265
-7.8007e-41,0.047536,0.061226
-7.4767e-41,0.04751,0.061187
-7.1064e-41,0.047483,0.061148
-6.6893e-41,0.047457,0.061109
-6.2245e-41,0.047431,0.061069
-5.7117e-41,0.047406,0.061029
-5.1505e-41,0.047381,0.060988
-4.5408e-41,0.047357,0.060947
-3.8828e-41,0.047334,0.060905
-3.1767e-41,0.047312,0.060863
-2.423e-41,0.047291,0.06082
-1.6223e-41,0.047272,0.060776
-7.7567e-42,0.047254,0.060731
1.1579e-42,0.047238,0.060686
1.0507e-41,0.047223,0.060639
2.0274e-41,0.04721,0.060592
3.0439e-41,0.047199,0.060543
4.0982e-41,0.04719,0.060493
5.1879e-41,0.047183,0.060442
6.3102e-41,0.047178,0.06039
7.4623e-41,0.047175,0.060337
8.641e-41,0.047175,0.060282
9.8427e-41,0.047177,0.060226
1.1064e-40,0.047181,0.060169
1.23e-40,0.047188,0.060111
1.3548e-40,0.047197,0.060052
1.4802e-40,0.047209,0.059991
1.6058e-40,0.047223,0.059929
1.7312e-40,0.04724,0.059866
1.8556e-40,0.047259,0.059802
1.9788e-40,0.04728,0.059736
2.0999e-40,0.047304,0.05967
2.2186e-40,0.04733,0.059603
2.3341e-40,0.047359,0.059535
2.4458e-40,0.047389,0.059466
2.5532e-40,0.047422,0.059396
2.6556e-40,0.047457,0.059326
2.7522e-40,0.047494,0.059255
2.8425e-40,0.047533,0.059183
2.9257e-40,0.047573,0.059112
3.0012e-40,0.047616,0.05904
3.0683e-40,0.04766,0.058968
3.1262e-40,0.047705,0.058897
3.1744e-40,0.047752,0.058825
3.2121e-40,0.0478,0.058755
3.2387e-40,0.04785,0.058684
3.2535e-40,0.0479,0.058615
3.2559e-40,0.047951,0.058546
3.2452e-40,0.048003,0.058478
3.2209e-40,0.048056,0.058412
3.1823e-40,0.048109,0.058347
3.129e-40,0.048163,0.058284
3.0604e-40,0.048216,0.058222
2.9761e-40,0.04827,0.058163
2.8755e-40,0.048324,0.058105
2.7584e-40,0.048378,0.05805
2.6244e-40,0.048431,0.057998
2.4731e-40,0.048484,0.057948
2.3044e-40,0.048536,0.057901
2.1181e-40,0.048588,0.057858
1.914e-40,0.048639,0.057817
1.6922e-40,0.048689,0.05778
1.4526e-40,0.048738,0.057747
1.1953e-40,0.048786,0.057717
9.2049e-41,0.048833,0.057691
6.2845e-41,0.048878,0.057669
3.1948e-41,0.048922,0.057651
-5.9884e-43,0.048965,0.057638
-3.4746e-41,0.049006,0.057628
-7.0435e-41,0.049045,0.057623
-1.076e-40,0.049083,0.057623
-1.4615e-40,0.049119,0.057627
-1.8601e-40,0.049153,0.057636
-2.2709e-40,0.049185,0.05765
-2.6927e-40,0.049215,0.057668
-3.1243e-40,0.049243,0.057691
-3.5646e-40,0.049269,0.057719
-4.0122e-40,0.049294,0.057751
-4.4655e-40,0.049316,0.057789
-4.9232e-40,0.049335,0.057831
-5.3834e-40,0.049353,0.057877
-5.8446e-40,0.049369,0.057928
-6.3048e-40,0.049383,0.057984
-6.7622e-40,0.049394,0.058044
-7.2147e-40,0.049403,0.058108
-7.6604e-40,0.049411,0.058177
-8.0971e-40,0.049416,0.058249
-8.5225e-40,0.049419,0.058326
-8.9344e-40,0.049421,0.058407
-9.3304e-40,0.04942,0.058491
-9.7082e-40,0.049418,0.058579
-1.0065e-39,0.049413,0.05867
-1.0399e-39,0.049407,0.058764
-1.0708e-39,0.0494,0.058861
-1.0988e-39,0.049391,0.058962
-1.1238e-39,0.04938,0.059064
-1.1455e-39,0.049368,0.05917
-1.1635e-39,0.049354,0.059277
-1.1778e-39,0.04934,0.059387
-1.188e-39,0.049324,0.059498
-1.194e-39,0.049307,0.059611
-1.1953e-39,0.049289,0.059725
-1.1919e-39,0.049271,0.059841
-1.1836e-39,0.049252,0.059957
-1.17e-39,0.049232,0.060075
-1.151e-39,0.049212,0.060192
-1.1265e-39,0.049191,0.06031
-1.0961e-39,0.04917,0.060429
-1.0599e-39,0.049149,0.060547
-1.0176e-39,0.049129,0.060664
-9.6905e-40,0.049108,0.060781
-9.1423e-40,0.049087,0.060898
-8.53e-40,0.049067,0.061013
-7.8532e-40,0.049047,0.061127
-7.1112e-40,0.049028,0.06124
-6.3039e-40,0.04901,0.061351
-5.4314e-40,0.048992,0.061461
-4.494e-40,0.048975,0.061568
-3.4923e-40,0.048959,0.061674
-2.4271e-40,0.048944,0.061777
-1.2996e-40,0.048929,0.061878
-1.1136e-41,0.048916,0.061976
1.1358e-40,0.048904,0.062072
2.4399e-40,0.048894,0.062165
3.7982e-40,0.048884,0.062254
5.2081e-40,0.048876,0.062341
6.6664e-40,0.048868,0.062424
8.1695e-40,0.048862,0.062505
9.7136e-40,0.048858,0.062581
1.1294e-39,0.048854,0.062655
1.2907e-39,0.048852,0.062724
1.4548e-39,0.048851,0.06279
1.621e-39,0.048851,0.062853
1.7888e-39,0.048852,0.062911
1.9577e-39,0.048854,0.062966
2.127e-39,0.048857,0.063017
2.296e-39,0.048862,0.063064
2.4641e-39,0.048867,0.063107
2.6304e-39,0.048873,0.063146
2.7943e-39,0.048879,0.063181
2.955e-39,0.048887,0.063213
3.1117e-39,0.048895,0.06324
3.2635e-39,0.048903,0.063264
3.4095e-39,0.048912,0.063283
3.549e-39,0.048921,0.063299
3.681e-39,0.048931,0.063311
3.8046e-39,0.048941,0.063319
3.9189e-39,0.048951,0.063324
4.023e-39,0.048961,0.063325
4.1159e-39,0.048971,0.063322
4.1968e-39,0.048981,0.063316
4.2647e-39,0.048991,0.063307
4.3186e-39,0.049,0.063294
4.3578e-39,0.04901,0.063278
4.3813e-39,0.049018,0.063259
4.3882e-39,0.049027,0.063237
4.3777e-39,0.049034,0.063212
4.349e-39,0.049042,0.063184
4.3013e-39,0.049048,0.063154
4.2339e-39,0.049054,0.063121
4.146e-39,0.049059,0.063086
4.037e-39,0.049063,0.063048
3.9064e-39,0.049067,0.063008
3.7535e-39,0.049069,0.062967
3.5779e-39,0.04907,0.062923
3.3791e-39,0.049071,0.062878
3.157e-39,0.04907,0.062831
2.9111e-39,0.049068,0.062783
2.6413e-39,0.049065,0.062733
2.3476e-39,0.049061,0.062683
2.03e-39,0.049055,0.062631
1.6884e-39,0.049048,0.062579
1.3233e-39,0.04904,0.062526
9.3477e-40,0.04903,0.062473
5.2336e-40,0.049019,0.062419
8.9572e-41,0.049006,0.062365
-3.6593e-40,0.048992,0.062311
-8.4239e-40,0.048976,0.062257
-1.3389e-39,0.048959,0.062203
-1.8544e-39,0.04894,0.06215
-2.3879e-39,0.048919,0.062097
-2.9379e-39,0.048897,0.062045
-3.5032e-39,0.048872,0.061993
-4.0821e-39,0.048847,0.061943
-4.673e-39,0.048819,0.061893
-5.2741e-39,0.04879,0.061845
-5.8835e-39,0.048759,0.061798
-6.4991e-39,0.048726,0.061752
-7.1188e-39,0.048691,0.061707
-7.7401e-39,0.048655,0.061664
-8.3608e-39,0.048616,0.061623
-8.9782e-39,0.048576,0.061584
-9.5897e-39,0.048535,0.061546
-1.0193e-38,0.048491,0.06151
-1.0784e-38,0.048446,0.061476
-1.1361e-38,0.0484,0.061444
-1.192e-38,0.048351,0.061413
-1.2459e-38,0.048302,0.061385
-1.2973e-38,0.04825,0.061359
-1.3461e-38,0.048197,0.061335
-1.3918e-38,0.048143,0.061313
-1.4342e-38,0.048088,0.061294
-1.4728e-38,0.048031,0.061276
-1.5074e-38,0.047974,0.061261
-1.5376e-38,0.047915,0.061247
-1.563e-38,0.047855,0.061236
-1.5834e-38,0.047795,0.061227
-1.5984e-38,0.047733,0.061219
-1.6077e-38,0.047672,0.061214
-1.6109e-38,0.047609,0.061211
-1.6078e-38,0.047547,0.06121
-1.598e-38,0.047484,0.06121
-1.5812e-38,0.047421,0.061213
-1.5573e-38,0.047358,0.061217
-1.5258e-38,0.047295,0.061223
-1.4867e-38,0.047232,0.061231
-1.4396e-38,0.04717,0.06124
-1.3844e-38,0.047109,0.06125
-1.3208e-38,0.047048,0.061263
-1.2488e-38,0.046989,0.061276
-1.1682e-38,0.04693,0.061291
-1.0789e-38,0.046873,0.061307
-9.8085e-39,0.046817,0.061324
-8.7399e-39,0.046762,0.061342
-7.5833e-39,0.046709,0.061361
-6.3392e-39,0.046658,0.061381
-5.0081e-39,0.046609,0.061402
-3.5913e-39,0.046563,0.061423
-2.0901e-39,0.046518,0.061445
-5.066e-40,0.046476,0.061468
1.1569e-39,0.046436,0.061491
2.8977e-39,0.046399,0.061514
4.7125e-39,0.046365,0.061538
6.5976e-39,0.046334,0.061562
8.5488e-39,0.046306,0.061585
1.0562e-38,0.046281,0.061609
1.2631e-38,0.046259,0.061633
1.4751e-38,0.04624,0.061657
1.6915e-38,0.046225,0.06168
1.9118e-38,0.046214,0.061704
2.1352e-38,0.046206,0.061726
2.361e-38,0.046202,0.061749
2.5883e-38,0.046201,0.061771
2.8164e-38,0.046204,0.061792
3.0443e-38,0.046211,0.061813
3.2711e-38,0.046222,0.061833
3.4959e-38,0.046236,0.061852
3.7176e-38,0.046255,0.06187
3.9352e-38,0.046277,0.061887
4.1476e-38,0.046303,0.061904
4.3536e-38,0.046332,0.061919
4.5522e-38,0.046366,0.061934
4.7422e-38,0.046403,0.061947
4.9224e-38,0.046444,0.061959
5.0915e-38,0.046488,0.06197
5.2484e-38,0.046536,0.061979
5.3917e-38,0.046587,0.061987
5.5203e-38,0.046641,0.061994
5.633e-38,0.046698,0.062
5.7284e-38,0.046759,0.062004
5.8053e-38,0.046822,0.062006
5.8626e-38,0.046888,0.062007
5.8989e-38,0.046957,0.062006
5.9132e-38,0.047028,0.062004
5.9043e-38,0.047101,0.062
5.8711e-38,0.047176,0.061994
5.8125e-38,0.047253,0.061987
5.7275e-38,0.047332,0.061978
5.6152e-38,0.047413,0.061967
5.4746e-38,0.047494,0.061955
5.305e-38,0.047577,0.061941
5.1055e-38,0.047661,0.061924
4.8756e-38,0.047745,0.061907
4.6147e-38,0.04783,0.061887
4.3222e-38,0.047916,0.061865
3.9979e-38,0.048001,0.061842
3.6415e-38,0.048086,0.061817
3.2527e-38,0.048172,0.06179
2.8317e-38,0.048256,0.061761
2.3785e-38,0.04834,0.061731
1.8933e-38,0.048423,0.061699
1.3766e-38,0.048505,0.061665
8.2891e-39,0.048586,0.061629
2.5088e-39,0.048665,0.061592
-3.5662e-39,0.048743,0.061554
-9.926e-39,0.048819,0.061513
-1.6559e-38,0.048894,0.061472
-2.3451e-38,0.048966,0.061429
-3.0588e-38,0.049036,0.061384
-3.7953e-38,0.049104,0.061339
-4.5527e-38,0.049169,0.061292
-5.329e-38,0.049232,0.061244
-6.1219e-38,0.049293,0.061195
-6.9292e-38,0.049351,0.061146
-7.7481e-38,0.049405,0.061095
-8.5761e-38,0.049457,0.061044
-9.4102e-38,0.049507,0.060993
-1.0247e-37,0.049553,0.060941
-1.1084e-37,0.049596,0.060889
-1.1917e-37,0.049636,0.060837
-1.2743e-37,0.049673,0.060785
-1.3559e-37,0.049707,0.060733
-1.4359e-37,0.049738,0.060681
-1.5141e-37,0.049765,0.060631
-1.59e-37,0.04979,0.060581
-1.6633e-37,0.049811,0.060532
-1.7334e-37,0.04983,0.060484
-1.7999e-37,0.049845,0.060437
-1.8625e-37,0.049857,0.060392
-1.9206e-37,0.049866,0.060349
-1.9738e-37,0.049873,0.060308
-2.0216e-37,0.049876,0.060269
-2.0636e-37,0.049877,0.060232
-2.0993e-37,0.049874,0.060198
-2.1283e-37,0.049869,0.060166
-2.1502e-37,0.049862,0.060138
-2.1644e-37,0.049852,0.060112
-2.1705e-37,0.049839,0.06009
-2.1682e-37,0.049824,0.060071
-2.157e-37,0.049806,0.060056
-2.1365e-37,0.049787,0.060045
-2.1064e-37,0.049765,0.060038
-2.0663e-37,0.049741,0.060036
-2.0158e-37,0.049714,0.060037
-1.9547e-37,0.049686,0.060044
-1.8827e-37,0.049656,0.060054
-1.7996e-37,0.049625,0.06007
-1.705e-37,0.049591,0.060091
-1.5989e-37,0.049556,0.060116
-1.4812e-37,0.04952,0.060147
-1.3516e-37,0.049481,0.060183
-1.2102e-37,0.049442,0.060225
-1.0569e-37,0.049401,0.060271
-8.9185e-38,0.049359,0.060324
-7.1503e-38,0.049316,0.060381
-5.2661e-38,0.049271,0.060444
-3.2678e-38,0.049226,0.060512
-1.158e-38,0.049179,0.060586
1.0605e-38,0.049132,0.060665
3.3839e-38,0.049083,0.06075
5.808e-38,0.049034,0.060839
8.328e-38,0.048985,0.060934
1.0938e-37,0.048934,0.061034
1.3633e-37,0.048883,0.061139
1.6405e-37,0.048831,0.061248
1.9248e-37,0.048779,0.061362
2.2152e-37,0.048726,0.061481
2.511e-37,0.048673,0.061604
2.8113e-37,0.04862,0.061731
3.1149e-37,0.048566,0.061861
3.4209e-37,0.048512,0.061995
3.7281e-37,0.048458,0.062133
4.0354e-37,0.048404,0.062273
4.3414e-37,0.04835,0.062416
4.645e-37,0.048295,0.062562
4.9448e-37,0.048241,0.06271
5.2393e-37,0.048187,0.06286
5.5272e-37,0.048134,0.063011
5.8069e-37,0.04808,0.063163
6.0768e-37,0.048028,0.063317
6.3355e-37,0.047975,0.06347
6.5813e-37,0.047923,0.063624
6.8126e-37,0.047872,0.063778
7.0277e-37,0.047822,0.063931
7.225e-37,0.047772,0.064082
7.4028e-37,0.047724,0.064233
7.5595e-37,0.047676,0.064382
7.6932e-37,0.04763,0.064529
7.8025e-37,0.047585,0.064673
7.8856e-37,0.047542,0.064814
7.9408e-37,0.0475,0.064952
7.9667e-37,0.047459,0.065087
7.9617e-37,0.047421,0.065218
7.9242e-37,0.047384,0.065344
7.8528e-37,0.047349,0.065465
7.7462e-37,0.047317,0.065582
7.603e-37,0.047287,0.065693
7.4219e-37,0.047259,0.065799
7.202e-37,0.047233,0.065899
6.9421e-37,0.04721,0.065993
6.6413e-37,0.04719,0.06608
6.2989e-37,0.047173,0.06616
5.9141e-37,0.047158,0.066233
5.4865e-37,0.047147,0.066299
5.0156e-37,0.047139,0.066358
4.5013e-37,0.047133,0.066409
3.9434e-37,0.047131,0.066453
3.3421e-37,0.047133,0.066488
2.6977e-37,0.047137,0.066515
2.0107e-37,0.047146,0.066535
1.2817e-37,0.047157,0.066546
5.116e-38,0.047172,0.066548
-2.9847e-38,0.047191,0.066542
-1.1472e-37,0.047213,0.066528
-2.0331e-37,0.047239,0.066506
-2.9545e-37,0.047268,0.066475
-3.9092e-37,0.047301,0.066435
-4.8951e-37,0.047337,0.066388
-5.9098e-37,0.047377,0.066332
-6.9506e-37,0.04742,0.066268
-8.0145e-37,0.047467,0.066196
-9.0983e-37,0.047517,0.066117
-1.0199e-36,0.04757,0.06603
-1.1312e-36,0.047626,0.065935
-1.2435e-36,0.047685,0.065833
-1.3562e-36,0.047747,0.065724
-1.469e-36,0.047812,0.065608
-1.5815e-36,0.047879,0.065486
-1.693e-36,0.047949,0.065358
-1.8033e-36,0.048021,0.065223
-1.9116e-36,0.048096,0.065084
-2.0176e-36,0.048172,0.064938
-2.1206e-36,0.04825,0.064789
-2.2201e-36,0.04833,0.064634
-2.3155e-36,0.048411,0.064475
-2.4063e-36,0.048493,0.064313
-2.4918e-36,0.048577,0.064147
-2.5715e-36,0.048661,0.063979
-2.6447e-36,0.048746,0.063808
-2.7107e-36,0.048831,0.063634
-2.7691e-36,0.048916,0.06346
-2.8192e-36,0.049001,0.063283
-2.8603e-36,0.049086,0.063107
-2.8919e-36,0.049171,0.062929
-2.9133e-36,0.049254,0.062752
-2.924e-36,0.049337,0.062576
-2.9234e-36,0.049418,0.0624
-2.911e-36,0.049498,0.062226
-2.8862e-36,0.049576,0.062054
-2.8485e-36,0.049653,0.061884
-2.7974e-36,0.049727,0.061717
-2.7325e-36,0.049799,0.061553
-2.6533e-36,0.049868,0.061393
-2.5595e-36,0.049935,0.061237
-2.4508e-36,0.049999,0.061085
-2.3267e-36,0.05006,0.060937
-2.1872e-36,0.050117,0.060795
-2.0319e-36,0.050171,0.060658
-1.8608e-36,0.050222,0.060528
-1.6738e-36,0.050268,0.060403
-1.4707e-36,0.050311,0.060284
-1.2517e-36,0.05035,0.060173
-1.0169e-36,0.050384,0.060068
-7.664e-37,0.050415,0.059971
-5.0045e-37,0.05044,0.059881
-2.1939e-37,0.050462,0.059798
7.6397e-38,0.050479,0.059723
3.8644e-37,0.050491,0.059656
7.1019e-37,0.050498,0.059598
1.047e-36,0.050501,0.059547
1.3962e-36,0.050499,0.059505
1.7569e-36,0.050492,0.059471
2.1283e-36,0.050481,0.059445
2.5093e-36,0.050464,0.059427
2.899e-36,0.050443,0.059418
3.2961e-36,0.050417,0.059417
3.6995e-36,0.050387,0.059424
4.1078e-36,0.050351,0.059439
4.5195e-36,0.050312,0.059462
4.9333e-36,0.050268,0.059492
5.3475e-36,0.050219,0.059531
5.7604e-36,0.050166,0.059576
6.1704e-36,0.05011,0.059629
6.5757e-36,0.050049,0.059688
6.9743e-36,0.049985,0.059755
7.3643e-36,0.049917,0.059827
7.7437e-36,0.049845,0.059905
8.1106e-36,0.049771,0.05999
8.4626e-36,0.049693,0.060079
8.7978e-36,0.049613,0.060174
9.114e-36,0.04953,0.060273
9.4088e-36,0.049445,0.060376
9.6801e-36,0.049358,0.060483
9.9257e-36,0.049269,0.060593
1.0143e-35,0.049179,0.060707
1.033e-35,0.049088,0.060823
1.0485e-35,0.048995,0.060941
1.0605e-35,0.048902,0.06106
1.0688e-35,0.048808,0.061181
1.0731e-35,0.048715,0.061303
1.0734e-35,0.048621,0.061425
1.0693e-35,0.048528,0.061547
1.0607e-35,0.048436,0.061668
1.0474e-35,0.048345,0.061788
1.0292e-35,0.048255,0.061906
1.0059e-35,0.048166,0.062023
9.7743e-36,0.04808,0.062137
9.4359e-36,0.047995,0.062249
9.0427e-36,0.047913,0.062357
8.5936e-36,0.047833,0.062462
8.0877e-36,0.047756,0.062562
7.5241e-36,0.047683,0.062658
6.9023e-36,0.047612,0.06275
6.222e-36,0.047545,0.062837
5.4831e-36,0.047482,0.062918
4.6856e-36,0.047422,0.062993
3.8299e-36,0.047366,0.063063
2.9165e-36,0.047314,0.063126
1.9464e-36,0.047267,0.063183
9.2067e-37,0.047224,0.063233
-1.5931e-37,0.047185,0.063277
-1.2918e-36,0.047151,0.063313
-2.4749e-36,0.047122,0.063343
-3.7062e-36,0.047097,0.063366
-4.9831e-36,0.047077,0.063381
-6.3028e-36,0.047061,0.063389
-7.662e-36,0.047051,0.06339
-9.0571e-36,0.047045,0.063384
-1.0484e-35,0.047043,0.06337
-1.1939e-35,0.047047,0.06335
-1.3418e-35,0.047054,0.063323
-1.4915e-35,0.047067,0.063289
-1.6425e-35,0.047083,0.063248
-1.7944e-35,0.047104,0.063201
-1.9464e-35,0.047129,0.063148
-2.0981e-35,0.047158,0.063089
-2.2487e-35,0.047191,0.063025
-2.3977e-35,0.047227,0.062955
-2.5443e-35,0.047267,0.062881
-2.6879e-35,0.04731,0.062802
-2.8276e-35,0.047357,0.062719
-2.9628e-35,0.047406,0.062632
-3.0927e-35,0.047458,0.062542
-3.2165e-35,0.047512,0.062449
-3.3333e-35,0.047569,0.062354
-3.4425e-35,0.047628,0.062256
-3.543e-35,0.047688,0.062157
-3.6343e-35,0.04775,0.062057
-3.7153e-35,0.047813,0.061957
-3.7852e-35,0.047878,0.061856
-3.8433e-35,0.047943,0.061756
-3.8888e-35,0.048009,0.061656
-3.9207e-35,0.048075,0.061558
-3.9383e-35,0.048142,0.061461
-3.9409e-35,0.048208,0.061367
-3.9277e-35,0.048274,0.061275
-3.898e-35,0.04834,0.061186
-3.851e-35,0.048405,0.061101
-3.7862e-35,0.048469,0.061019
-3.7028e-35,0.048532,0.060942
-3.6004e-35,0.048594,0.060869
-3.4784e-35,0.048654,0.060801
-3.3362e-35,0.048713,0.060738
-3.1736e-35,0.04877,0.06068
-2.9902e-35,0.048825,0.060628
-2.7856e-35,0.048878,0.060582
-2.5597e-35,0.048929,0.060541
-2.3124e-35,0.048978,0.060507
-2.0435e-35,0.049025,0.06048
-1.753e-35,0.049069,0.060458
-1.4412e-35,0.049111,0.060444
-1.1083e-35,0.049151,0.060435
-7.544e-36,0.049188,0.060434
-3.8006e-36,0.049222,0.060438
1.4244e-37,0.049254,0.060449
4.2791e-36,0.049284,0.060467
8.6021e-36,0.049311,0.060491
1.3103e-35,0.049335,0.060521
1.7773e-35,0.049357,0.060557
2.2601e-35,0.049376,0.060598
2.7575e-35,0.049393,0.060646
3.2683e-35,0.049408,0.060698
3.7909e-35,0.04942,0.060756
4.324e-35,0.04943,0.060818
4.8659e-35,0.049438,0.060885
5.4148e-35,0.049444,0.060956
5.9688e-35,0.049447,0.06103
6.5259e-35,0.049449,0.061108
7.0841e-35,0.049449,0.061189
7.6412e-35,0.049447,0.061272
8.1947e-35,0.049443,0.061358
8.7424e-35,0.049437,0.061446
9.2817e-35,0.04943,0.061534
9.81e-35,0.049422,0.061624
1.0325e-34,0.049412,0.061714
1.0823e-34,0.049401,0.061804
1.1302e-34,0.049388,0.061894
1.1759e-34,0.049375,0.061983
1.2191e-34,0.04936,0.062071
1.2595e-34,0.049345,0.062157
1.2967e-34,0.049329,0.062241
1.3306e-34,0.049313,0.062322
1.3608e-34,0.049295,0.062401
1.3869e-34,0.049278,0.062476
1.4087e-34,0.04926,0.062548
1.4259e-34,0.049241,0.062616
1.4382e-34,0.049223,0.062679
1.4453e-34,0.049204,0.062738
1.4469e-34,0.049186,0.062792
1.4426e-34,0.049167,0.062841
1.4324e-34,0.049149,0.062884
1.4159e-34,0.049131,0.062921
1.3928e-34,0.049114,0.062953
1.3629e-34,0.049097,0.062978
1.3261e-34,0.049081,0.062998
1.2821e-34,0.049065,0.063011
1.2308e-34,0.04905,0.063017
1.1719e-34,0.049036,0.063017
1.1054e-34,0.049023,0.06301
1.0312e-34,0.049011,0.062996
9.4909e-35,0.048999,0.062976
8.5914e-35,0.048989,0.062948
7.6129e-35,0.04898,0.062915
6.5554e-35,0.048972,0.062874
5.4194e-35,0.048966,0.062827
4.2055e-35,0.04896,0.062774
2.9148e-35,0.048956,0.062714
1.5488e-35,0.048953,0.062648
1.0925e-36,0.048952,0.062576
-1.4016e-35,0.048951,0.062498
-2.9812e-35,0.048952,0.062415
-4.6265e-35,0.048955,0.062326
-6.3342e-35,0.048958,0.062232
-8.1003e-35,0.048963,0.062133
-9.9206e-35,0.04897,0.06203
-1.179e-34,0.048977,0.061922
-1.3705e-34,0.048986,0.061811
-1.5658e-34,0.048996,0.061695
-1.7644e-34,0.049007,0.061577
-1.9656e-34,0.049019,0.061455
-2.1688e-34,0.049032,0.061331
-2.3732e-34,0.049045,0.061205
-2.5781e-34,0.04906,0.061077
-2.7827e-34,0.049076,0.060948
-2.9861e-34,0.049092,0.060817
-3.1874e-34,0.049108,0.060686
-3.3858e-34,0.049126,0.060555
-3.5802e-34,0.049143,0.060423
-3.7697e-34,0.049161,0.060292
-3.9533e-34,0.049179,0.060162
-4.13e-34,0.049198,0.060033
-4.2987e-34,0.049216,0.059906
-4.4583e-34,0.049234,0.059781
-4.6077e-34,0.049252,0.059658
-4.7458e-34,0.04927,0.059537
-4.8716e-34,0.049288,0.05942
-4.9839e-34,0.049305,0.059306
-5.0815e-34,0.049321,0.059196
-5.1634e-34,0.049337,0.059089
-5.2284e-34,0.049352,0.058987
-5.2755e-34,0.049367,0.058889
-5.3036e-34,0.04938,0.058797
-5.3116e-34,0.049393,0.058709
-5.2986e-34,0.049405,0.058626
-5.2634e-34,0.049415,0.058549
-5.2053e-34,0.049425,0.058477
-5.1232e-34,0.049434,0.058411
-5.0164e-34,0.049441,0.058351
-4.8841e-34,0.049447,0.058298
-4.7254e-34,0.049452,0.05825
-4.5399e-34,0.049456,0.058208
-4.3268e-34,0.049458,0.058173
-4.0858e-34,0.049459,0.058144
-3.8164e-34,0.049459,0.058122
-3.5183e-34,0.049458,0.058106
-3.1913e-34,0.049456,0.058097
-2.8352e-34,0.049452,0.058094
-2.4502e-34,0.049448,0.058097
-2.0363e-34,0.049442,0.058107
-1.5938e-34,0.049435,0.058122
-1.1231e-34,0.049427,0.058144
-6.2463e-35,0.049418,0.058172
-9.9094e-36,0.049409,0.058206
4.5272e-35,0.049398,0.058246
1.0299e-34,0.049387,0.058291
1.6313e-34,0.049375,0.058342
2.2557e-34,0.049363,0.058398
2.9017e-34,0.04935,0.058459
3.5679e-34,0.049337,0.058525
4.2524e-34,0.049323,0.058596
4.9534e-34,0.049309,0.058671
5.6689e-34,0.049295,0.058751
6.3967e-34,0.049281,0.058835
7.1345e-34,0.049267,0.058923
7.8797e-34,0.049253,0.059014
8.6298e-34,0.04924,0.059109
9.3819e-34,0.049226,0.059207
1.0133e-33,0.049213,0.059308
1.088e-33,0.049201,0.059412
1.162e-33,0.049189,0.059518
1.235e-33,0.049178,0.059627
1.3065e-33,0.049167,0.059738
1.3763e-33,0.049157,0.059851
1.444e-33,0.049149,0.059965
1.5091e-33,0.049141,0.060082
1.5714e-33,0.049134,0.060199
1.6304e-33,0.049128,0.060318
1.6856e-33,0.049123,0.060437
1.7368e-33,0.049119,0.060558
1.7835e-33,0.049116,0.060679
1.8253e-33,0.049115,0.0608
1.8617e-33,0.049115,0.060922
1.8924e-33,0.049116,0.061044
1.917e-33,0.049119,0.061166
1.935e-33,0.049123,0.061288
1.9461e-33,0.049129,0.061409
1.9499e-33,0.049135,0.06153
1.946e-33,0.049144,0.061651
1.934e-33,0.049153,0.061771
1.9136e-33,0.049164,0.061891
1.8844e-33,0.049177,0.062009
1.8462e-33,0.049191,0.062127
1.7987e-33,0.049206,0.062243
1.7415e-33,0.049223,0.062358
1.6745e-33,0.049242,0.062472
1.5974e-33,0.049261,0.062585
1.51e-33,0.049282,0.062696
1.4123e-33,0.049305,0.062806
1.304e-33,0.049329,0.062914
1.1851e-33,0.049354,0.06302
1.0556e-33,0.049381,0.063124
9.154e-34,0.049409,0.063227
7.6462e-34,0.049438,0.063327
6.0332e-34,0.049468,0.063425
4.3164e-34,0.0495,0.063521
2.4976e-34,0.049533,0.063615
5.7915e-35,0.049567,0.063706
-1.4361e-34,0.049602,0.063795
-3.5448e-34,0.049638,0.06388
-5.743e-34,0.049676,0.063964
-8.0262e-34,0.049714,0.064044
-1.0389e-33,0.049753,0.064121
-1.2827e-33,0.049793,0.064195
-1.5333e-33,0.049834,0.064266
-1.79e-33,0.049876,0.064334
-2.0521e-33,0.049919,0.064398
-2.3188e-33,0.049962,0.064458
-2.5893e-33,0.050006,0.064515
-2.8626e-33,0.05005,0.064568
-3.1378e-33,0.050095,0.064617
-3.4139e-33,0.05014,0.064662
-3.6897e-33,0.050186,0.064703
-3.9642e-33,0.050232,0.06474
-4.2362e-33,0.050278,0.064773
-4.5045e-33,0.050324,0.064801
-4.7678e-33,0.05037,0.064824
-5.0247e-33,0.050417,0.064843
-5.274e-33,0.050463,0.064857
-5.5143e-33,0.050508,0.064867
-5.744e-33,0.050553,0.064871
-5.9619e-33,0.050598,0.064871
-6.1664e-33,0.050642,0.064866
-6.356e-33,0.050686,0.064855
-6.5292e-33,0.050729,0.06484
-6.6846e-33,0.05077,0.06482
-6.8206e-33,0.050811,0.064794
-6.9357e-33,0.050851,0.064764
-7.0284e-33,0.050889,0.064728
-7.0973e-33,0.050926,0.064688
-7.1408e-33,0.050961,0.064642
-7.1576e-33,0.050995,0.064592
-7.1464e-33,0.051027,0.064536
-7.1056e-33,0.051057,0.064476
-7.0342e-33,0.051085,0.064411
-6.9307e-33,0.051111,0.064341
-6.7942e-33,0.051135,0.064267
-6.6234e-33,0.051157,0.064188
-6.4175e-33,0.051176,0.064105
-6.1754e-33,0.051193,0.064018
-5.8965e-33,0.051207,0.063927
-5.58e-33,0.051218,0.063831
-5.2253e-33,0.051226,0.063732
-4.8321e-33,0.051232,0.06363
-4.3999e-33,0.051235,0.063524
-3.9287e-33,0.051234,0.063415
-3.4184e-33,0.051231,0.063303
-2.8691e-33,0.051224,0.063188
-2.2812e-33,0.051215,0.063071
-1.6551e-33,0.051202,0.062952
-9.9154e-34,0.051186,0.06283
-2.9124e-34,0.051167,0.062707
4.4471e-34,0.051145,0.062582
1.2151e-33,0.05112,0.062455
2.0185e-33,0.051092,0.062328
2.8533e-33,0.05106,0.0622
3.7177e-33,0.051026,0.062071
4.6096e-33,0.050989,0.061942
5.5268e-33,0.050949,0.061813
6.4668e-33,0.050906,0.061683
7.427e-33,0.050861,0.061555
8.4044e-33,0.050813,0.061426
9.3959e-33,0.050763,0.061299
1.0398e-32,0.050711,0.061173
1.1408e-32,0.050657,0.061048
1.2421e-32,0.0506,0.060924
1.3434e-32,0.050542,0.060803
1.4443e-32,0.050483,0.060683
1.5442e-32,0.050422,0.060565
1.6429e-32,0.05036,0.06045
1.7398e-32,0.050296,0.060337
1.8344e-32,0.050232,0.060226
1.9262e-32,0.050168,0.060119
2.0148e-32,0.050102,0.060014
2.0996e-32,0.050037,0.059912
2.18e-32,0.049971,0.059814
2.2557e-32,0.049906,0.059719
2.3259e-32,0.049841,0.059627
2.3902e-32,0.049777,0.059538
2.4479e-32,0.049713,0.059453
2.4987e-32,0.04965,0.059372
2.5418e-32,0.049588,0.059294
2.5767e-32,0.049527,0.059221
2.603e-32,0.049468,0.05915
2.62e-32,0.04941,0.059084
2.6273e-32,0.049354,0.059022
2.6243e-32,0.0493,0.058963
2.6106e-32,0.049248,0.058909
2.5856e-32,0.049197,0.058858
2.5489e-32,0.049149,0.058811
2.5001e-32,0.049103,0.058769
2.4388e-32,0.049059,0.05873
2.3647e-32,0.049018,0.058695
2.2773e-32,0.048979,0.058665
2.1764e-32,0.048942,0.058638
2.0617e-32,0.048908,0.058615
1.9331e-32,0.048877,0.058597
1.7903e-32,0.048848,0.058582
1.6332e-32,0.048821,0.058572
1.4618e-32,0.048797,0.058566
1.276e-32,0.048775,0.058564
1.0759e-32,0.048755,0.058566
8.6166e-33,0.048738,0.058573
6.3335e-33,0.048723,0.058584
3.9124e-33,0.04871,0.058599
1.3562e-33,0.048699,0.058619
-1.3313e-33,0.04869,0.058644
-4.1457e-33,0.048683,0.058673
-7.082e-33,0.048677,0.058706
-1.0134e-32,0.048673,0.058745
-1.3296e-32,0.04867,0.058789
-1.6559e-32,0.048669,0.058838
-1.9917e-32,0.048669,0.058891
-2.3359e-32,0.048669,0.058951
-2.6876e-32,0.048671,0.059015
-3.0457e-32,0.048673,0.059086
-3.4092e-32,0.048675,0.059162
-3.7768e-32,0.048678,0.059243
-4.1472e-32,0.048681,0.059331
-4.5191e-32,0.048684,0.059425
-4.891e-32,0.048686,0.059525
-5.2614e-32,0.048688,0.059632
-5.6289e-32,0.04869,0.059745
-5.9916e-32,0.048691,0.059865
-6.348e-32,0.048692,0.059991
-6.6963e-32,0.048691,0.060125
-7.0346e-32,0.04869,0.060265
-7.3611e-32,0.048687,0.060413
-7.674e-32,0.048683,0.060567
-7.9713e-32,0.048677,0.060729
-8.2509e-32,0.04867,0.060898
-8.5109e-32,0.048662,0.061074
-8.7494e-32,0.048652,0.061258
-8.9642e-32,0.04864,0.061449
-9.1533e-32,0.048627,0.061647
-9.3147e-32,0.048612,0.061852
-9.4464e-32,0.048595,0.062065
-9.5464e-32,0.048577,0.062284
-9.6127e-32,0.048556,0.062511
-9.6435e-32,0.048534,0.062744
-9.6367e-32,0.048511,0.062984
-9.5906e-32,0.048486,0.06323
-9.5035e-32,0.048459,0.063483
-9.3736e-32,0.048431,0.063742
-9.1995e-32,0.048402,0.064006
-8.9796e-32,0.048371,0.064276
-8.7125e-32,0.04834,0.064551
-8.3971e-32,0.048308,0.064831
-8.0322e-32,0.048274,0.065115
-7.6168e-32,0.048241,0.065403
-7.1502e-32,0.048207,0.065695
-6.6316e-32,0.048172,0.06599
-6.0608e-32,0.048138,0.066287
-5.4373e-32,0.048104,0.066587
-4.7611e-32,0.048071,0.066888
-4.0324e-32,0.048038,0.067191
-3.2515e-32,0.048006,0.067494
-2.419e-32,0.047976,0.067797
-1.5357e-32,0.047946,0.068099
-6.0269e-33,0.047919,0.0684
3.7868e-33,0.047893,0.0687
1.4068e-32,0.04787,0.068997
2.4799e-32,0.047849,0.06929
3.5959e-32,0.047831,0.06958
4.7522e-32,0.047817,0.069865
5.9462e-32,0.047805,0.070145
7.175e-32,0.047797,0.070419
8.4353e-32,0.047793,0.070687
9.7235e-32,0.047793,0.070947
1.1036e-31,0.047797,0.0712
1.2368e-31,0.047805,0.071443
1.3716e-31,0.047819,0.071677
1.5075e-31,0.047837,0.071902
1.644e-31,0.047861,0.072115
1.7805e-31,0.04789,0.072318
1.9166e-31,0.047925,0.072508
2.0516e-31,0.047965,0.072686
2.185e-31,0.048011,0.07285
2.3161e-31,0.048063,0.073001
2.4443e-31,0.048122,0.073137
2.569e-31,0.048186,0.073259
2.6893e-31,0.048257,0.073365
2.8048e-31,0.048334,0.073455
2.9145e-31,0.048418,0.073529
3.0179e-31,0.048508,0.073587
3.1142e-31,0.048604,0.073627
3.2027e-31,0.048707,0.07365
3.2825e-31,0.048816,0.073655
3.353e-31,0.048931,0.073642
3.4134e-31,0.049052,0.073611
3.463e-31,0.04918,0.073562
3.501e-31,0.049313,0.073494
3.5267e-31,0.049452,0.073408
3.5394e-31,0.049597,0.073303
3.5385e-31,0.049748,0.07318
3.5232e-31,0.049903,0.073038
3.4929e-31,0.050064,0.072877
3.4469e-31,0.050229,0.072699
3.3848e-31,0.050399,0.072502
3.306e-31,0.050573,0.072287
3.2098e-31,0.050751,0.072054
3.096e-31,0.050932,0.071804
2.964e-31,0.051117,0.071537
2.8136e-31,0.051305,0.071253
2.6444e-31,0.051495,0.070953
2.4561e-31,0.051688,0.070638
2.2487e-31,0.051883,0.070307
2.0219e-31,0.052079,0.069961
1.7758e-31,0.052276,0.069601
1.5104e-31,0.052474,0.069228
1.2258e-31,0.052673,0.068842
9.2226e-32,0.052871,0.068443
6.0003e-32,0.053069,0.068033
2.5951e-32,0.053266,0.067612
-9.8828e-33,0.053462,0.067181
-4.7441e-32,0.053657,0.066741
-8.6657e-32,0.053849,0.066292
-1.2745e-31,0.05404,0.065836
-1.6974e-31,0.054227,0.065372
-2.1343e-31,0.054412,0.064903
-2.584e-31,0.054593,0.064428
-3.0455e-31,0.05477,0.063949
-3.5173e-31,0.054943,0.063467
-3.9982e-31,0.055112,0.062981
-4.4865e-31,0.055276,0.062494
-4.9808e-31,0.055435,0.062007
-5.4793e-31,0.055588,0.061519
-5.9801e-31,0.055736,0.061031
-6.4815e-31,0.055878,0.060546
-6.9813e-31,0.056014,0.060063
-7.4775e-31,0.056144,0.059583
-7.9679e-31,0.056267,0.059108
-8.4502e-31,0.056383,0.058637
-8.9221e-31,0.056493,0.058172
-9.3811e-31,0.056595,0.057714
-9.8249e-31,0.05669,0.057262
-1.0251e-30,0.056778,0.056819
-1.0656e-30,0.056859,0.056384
-1.1038e-30,0.056932,0.055958
-1.1395e-30,0.056997,0.055542
-1.1723e-30,0.057056,0.055137
-1.2019e-30,0.057106,0.054742
-1.2282e-30,0.057149,0.054359
-1.2508e-30,0.057184,0.053987
-1.2694e-30,0.057212,0.053628
-1.2839e-30,0.057232,0.053282
-1.2938e-30,0.057245,0.052948
-1.299e-30,0.05725,0.052628
-1.2992e-30,0.057248,0.052321
-1.2942e-30,0.057239,0.052028
-1.2837e-30,0.057223,0.051749
-1.2675e-30,0.0572,0.051484
-1.2453e-30,0.05717,0.051233
-1.217e-30,0.057134,0.050996
-1.1825e-30,0.057091,0.050773
-1.1414e-30,0.057041,0.050564
-1.0937e-30,0.056986,0.050369
-1.0392e-30,0.056924,0.050188
-9.7784e-31,0.056857,0.050021
-9.095e-31,0.056784,0.049867
-8.3412e-31,0.056706,0.049727
-7.5165e-31,0.056623,0.049599
-6.6208e-31,0.056535,0.049484
-5.6543e-31,0.056442,0.049382
-4.6173e-31,0.056344,0.049291
-3.5105e-31,0.056242,0.049212
-2.3351e-31,0.056136,0.049145
-1.0923e-31,0.056026,0.049088
2.1604e-32,0.055912,0.049042
1.588e-31,0.055794,0.049005
3.021e-31,0.055673,0.048978
4.5124e-31,0.055549,0.04896
6.059e-31,0.055422,0.048951
7.6573e-31,0.055292,0.04895
9.3033e-31,0.055159,0.048956
1.0993e-30,0.055023,0.048969
1.2721e-30,0.054885,0.048988
1.4483e-30,0.054745,0.049014
1.6273e-30,0.054602,0.049045
1.8085e-30,0.054458,0.049081
1.9913e-30,0.054311,0.049122
2.1751e-30,0.054162,0.049167
2.3592e-30,0.054012,0.049216
2.5428e-30,0.053859,0.049267
2.7251e-30,0.053705,0.049322
2.9054e-30,0.05355,0.049379
3.0828e-30,0.053393,0.049438
3.2565e-30,0.053234,0.049498
3.4256e-30,0.053074,0.04956
3.5891e-30,0.052912,0.049622
3.7462e-30,0.052749,0.049685
3.8959e-30,0.052584,0.049749
4.0372e-30,0.052418,0.049812
4.1691e-30,0.052251,0.049875
4.2906e-30,0.052082,0.049938
4.4008e-30,0.051912,0.05
4.4987e-30,0.051741,0.050061
4.5831e-30,0.051569,0.050121
4.6532e-30,0.051395,0.05018
4.7079e-30,0.05122,0.050238
4.7463e-30,0.051044,0.050294
4.7673e-30,0.050867,0.050349
4.7702e-30,0.050689,0.050403
4.7538e-30,0.05051,0.050454
4.7175e-30,0.05033,0.050505
4.6603e-30,0.050149,0.050554
4.5814e-30,0.049967,0.050601
4.4801e-30,0.049785,0.050647
4.3557e-30,0.049602,0.050691
4.2076e-30,0.049418,0.050734
4.0351e-30,0.049234,0.050775
3.8379e-30,0.04905,0.050815
3.6154e-30,0.048866,0.050854
3.3673e-30,0.048682,0.050892
3.0934e-30,0.048498,0.050929
2.7935e-30,0.048314,0.050964
2.4676e-30,0.048131,0.050999
2.1156e-30,0.047949,0.051033
1.7378e-30,0.047768,0.051066
1.3343e-30,0.047588,0.051098
9.0551e-31,0.047409,0.05113
4.5198e-31,0.047232,0.051162
-2.5715e-32,0.047057,0.051193
-5.2683e-31,0.046885,0.051224
-1.0505e-30,0.046714,0.051255
-1.5957e-30,0.046547,0.051286
-2.1613e-30,0.046382,0.051317
-2.746e-30,0.04622,0.051347
-3.3483e-30,0.046063,0.051378
-3.9669e-30,0.045909,0.05141
-4.5998e-30,0.045759,0.051441
-5.2453e-30,0.045613,0.051473
-5.9013e-30,0.045473,0.051505
-6.5658e-30,0.045337,0.051538
-7.2365e-30,0.045207,0.051571
-7.9109e-30,0.045082,0.051605
-8.5866e-30,0.044964,0.051639
-9.2608e-30,0.044851,0.051673
-9.9308e-30,0.044745,0.051709
-1.0594e-29,0.044646,0.051744
-1.1246e-29,0.044554,0.051781
-1.1885e-29,0.044469,0.051817
-1.2508e-29,0.044392,0.051855
-1.3111e-29,0.044322,0.051893
-1.369e-29,0.04426,0.051931
-1.4243e-29,0.044207,0.05197
-1.4765e-29,0.044161,0.052009
-1.5253e-29,0.044124,0.052049
-1.5704e-29,0.044095,0.052089
-1.6113e-29,0.044075,0.052129
-1.6477e-29,0.044064,0.05217
-1.6793e-29,0.044061,0.052211
-1.7056e-29,0.044067,0.052252
-1.7263e-29,0.044082,0.052293
-1.7411e-29,0.044106,0.052334
-1.7495e-29,0.044138,0.052376
-1.7513e-29,0.044178,0.052417
-1.7461e-29,0.044228,0.052458
-1.7336e-29,0.044285,0.0525
-1.7134e-29,0.044351,0.052541
-1.6853e-29,0.044424,0.052581
-1.6491e-29,0.044505,0.052622
-1.6043e-29,0.044594,0.052662
-1.5509e-29,0.04469,0.052702
-1.4886e-29,0.044793,0.052742
-1.4172e-29,0.044903,0.052781
-1.3365e-29,0.045018,0.05282
-1.2465e-29,0.04514,0.052859
-1.147e-29,0.045267,0.052896
-1.038e-29,0.0454,0.052934
-9.1936e-30,0.045537,0.052971
-7.9119e-30,0.045679,0.053007
-6.5352e-30,0.045824,0.053043
-5.0642e-30,0.045973,0.053078
-3.5003e-30,0.046125,0.053113
-1.8453e-30,0.046279,0.053147
-1.013e-31,0.046436,0.053181
1.729e-30,0.046594,0.053214
3.6424e-30,0.046753,0.053246
5.6353e-30,0.046913,0.053278
7.7036e-30,0.047073,0.053309
9.8425e-30,0.047233,0.05334
1.2047e-29,0.047392,0.053371
1.4311e-29,0.047551,0.053401
1.6629e-29,0.047707,0.05343
1.8994e-29,0.047861,0.053459
2.1399e-29,0.048014,0.053488
2.3835e-29,0.048163,0.053516
2.6295e-29,0.048309,0.053544
2.8769e-29,0.048451,0.053571
3.125e-29,0.04859,0.053598
3.3726e-29,0.048724,0.053625
3.6187e-29,0.048854,0.053652
3.8624e-29,0.048979,0.053678
4.1024e-29,0.049099,0.053704
4.3376e-29,0.049213,0.053729
4.5669e-29,0.049322,0.053755
4.7891e-29,0.049425,0.05378
5.0027e-29,0.049522,0.053805
5.2067e-29,0.049613,0.05383
5.3997e-29,0.049697,0.053855
5.5803e-29,0.049776,0.05388
5.7473e-29,0.049847,0.053904
5.8993e-29,0.049913,0.053928
6.0348e-29,0.049971,0.053953
6.1527e-29,0.050023,0.053977
6.2515e-29,0.050068,0.054001
6.3298e-29,0.050107,0.054025
6.3865e-29,0.050139,0.054049
6.42e-29,0.050165,0.054074
6.4293e-29,0.050184,0.054098
6.4131e-29,0.050197,0.054122
6.3701e-29,0.050203,0.054146
6.2992e-29,0.050204,0.05417
6.1994e-29,0.050198,0.054194
6.0695e-29,0.050187,0.054219
5.9088e-29,0.05017,0.054243
5.7162e-29,0.050147,0.054268
5.4911e-29,0.050119,0.054292
5.2326e-29,0.050086,0.054317
4.9403e-29,0.050049,0.054342
4.6136e-29,0.050006,0.054368
4.2521e-29,0.049959,0.054393
3.8557e-29,0.049909,0.054419
3.4241e-29,0.049854,0.054445
2.9575e-29,0.049795,0.054471
2.4559e-29,0.049733,0.054498
1.9196e-29,0.049669,0.054525
1.3493e-29,0.049601,0.054553
7.4533e-30,0.04953,0.054581
1.0865e-30,0.049458,0.05461
-5.5982e-30,0.049383,0.054639
-1.2589e-29,0.049306,0.054669
-1.9874e-29,0.049228,0.054699
-2.7437e-29,0.049148,0.05473
-3.5261e-29,0.049068,0.054762
-4.3328e-29,0.048986,0.054795
-5.1618e-29,0.048904,0.054829
-6.0106e-29,0.048822,0.054864
-6.877e-29,0.04874,0.054899
-7.7582e-29,0.048658,0.054936
-8.6514e-29,0.048576,0.054974
-9.5536e-29,0.048495,0.055013
-1.0462e-28,0.048414,0.055053
-1.1372e-28,0.048335,0.055094
-1.2281e-28,0.048256,0.055136
-1.3186e-28,0.048179,0.05518
-1.4081e-28,0.048104,0.055225
-1.4964e-28,0.04803,0.055271
-1.583e-28,0.047958,0.055318
-1.6674e-28,0.047888,0.055367
-1.7493e-28,0.04782,0.055417
-1.8281e-28,0.047755,0.055468
-1.9033e-28,0.047691,0.055521
-1.9746e-28,0.04763,0.055575
-2.0415e-28,0.047572,0.05563
-2.1033e-28,0.047517,0.055687
-2.1597e-28,0.047464,0.055745
-2.2102e-28,0.047414,0.055804
-2.2542e-28,0.047367,0.055864
-2.2912e-28,0.047322,0.055925
-2.3209e-28,0.047281,0.055988
-2.3425e-28,0.047243,0.056051
-2.3558e-28,0.047208,0.056115
-2.3602e-28,0.047176,0.056181
-2.3553e-28,0.047148,0.056247
-2.3406e-28,0.047123,0.056314
-2.3157e-28,0.0471,0.056382
-2.2802e-28,0.047082,0.05645
-2.2338e-28,0.047066,0.056519
-2.1761e-28,0.047054,0.056589
-2.1067e-28,0.047045,0.056659
-2.0253e-28,0.047039,0.056729
-1.9318e-28,0.047037,0.0568
-1.8258e-28,0.047038,0.056871
-1.7073e-28,0.047042,0.056942
-1.576e-28,0.04705,0.057014
-1.4319e-28,0.04706,0.057085
-1.2749e-28,0.047074,0.057156
-1.105e-28,0.047091,0.057227
-9.2225e-29,0.047111,0.057298
-7.2679e-29,0.047135,0.057369
-5.1876e-29,0.047161,0.05744
-2.984e-29,0.04719,0.05751
-6.5977e-30,0.047222,0.05758
1.7816e-29,0.047257,0.057649
4.3359e-29,0.047295,0.057718
6.9985e-29,0.047335,0.057786
9.7639e-29,0.047378,0.057854
1.2626e-28,0.047423,0.057921
1.5578e-28,0.047471,0.057988
1.8612e-28,0.047521,0.058054
2.1721e-28,0.047573,0.058119
2.4894e-28,0.047628,0.058183
2.8124e-28,0.047684,0.058247
3.1398e-28,0.047742,0.05831
3.4707e-28,0.047802,0.058372
3.8039e-28,0.047863,0.058433
4.1381e-28,0.047926,0.058493
4.4719e-28,0.047989,0.058552
4.8042e-28,0.048055,0.058611
5.1334e-28,0.048121,0.058668
5.458e-28,0.048187,0.058724
5.7766e-28,0.048255,0.058779
6.0874e-28,0.048323,0.058833
6.389e-28,0.048392,0.058885
6.6796e-28,0.04846,0.058937
6.9575e-28,0.048529,0.058987
7.2209e-28,0.048598,0.059035
7.4681e-28,0.048667,0.059082
7.6973e-28,0.048735,0.059128
7.9066e-28,0.048803,0.059172
8.0943e-28,0.048871,0.059214
8.2585e-28,0.048937,0.059254
8.3974e-28,0.049003,0.059292
8.5091e-28,0.049068,0.059329
8.592e-28,0.049132,0.059363
8.6441e-28,0.049195,0.059396
8.6639e-28,0.049257,0.059426
8.6497e-28,0.049318,0.059453
8.5997e-28,0.049377,0.059479
8.5126e-28,0.049435,0.059501
8.3867e-28,0.049491,0.059522
8.2207e-28,0.049546,0.059539
8.0133e-28,0.0496,0.059554
7.7632e-28,0.049652,0.059565
7.4695e-28,0.049703,0.059574
7.1311e-28,0.049752,0.05958
6.7472e-28,0.049799,0.059583
6.3171e-28,0.049845,0.059582
5.8403e-28,0.04989,0.059579
5.3164e-28,0.049933,0.059572
4.7452e-28,0.049975,0.059561
4.1267e-28,0.050015,0.059547
3.461e-28,0.050055,0.05953
2.7486e-28,0.050093,0.059509
1.9899e-28,0.05013,0.059485
1.1859e-28,0.050166,0.059456
3.3747e-29,0.0502,0.059425
-5.541e-29,0.050234,0.059389
-1.4873e-28,0.050268,0.05935
-2.4605e-28,0.0503,0.059307
-3.4716e-28,0.050332,0.05926
-4.5185e-28,0.050364,0.05921
-5.5987e-28,0.050395,0.059156
-6.7094e-28,0.050425,0.059097
-7.8476e-28,0.050456,0.059035
-9.0102e-28,0.050486,0.05897
-1.0194e-27,0.050516,0.0589
-1.1394e-27,0.050546,0.058826
-1.2608e-27,0.050577,0.058749
-1.383e-27,0.050608,0.058668
-1.5056e-27,0.050638,0.058583
-1.6282e-27,0.05067,0.058494
-1.7503e-27,0.050702,0.058401
-1.8713e-27,0.050734,0.058305
-1.9907e-27,0.050767,0.058205
-2.1079e-27,0.0508,0.058101
-2.2223e-27,0.050834,0.057994
-2.3334e-27,0.050869,0.057883
-2.4406e-27,0.050904,0.057768
-2.5431e-27,0.05094,0.05765
-2.6404e-27,0.050977,0.057528
-2.7319e-27,0.051015,0.057403
-2.8167e-27,0.051053,0.057275
-2.8944e-27,0.051093,0.057143
-2.9642e-27,0.051133,0.057008
-3.0255e-27,0.051173,0.056871
-3.0775e-27,0.051215,0.05673
-3.1196e-27,0.051257,0.056586
-3.1512e-27,0.051299,0.05644
-3.1716e-27,0.051343,0.056291
-3.1802e-27,0.051386,0.056139
-3.1764e-27,0.051431,0.055986
-3.1595e-27,0.051475,0.05583
-3.129e-27,0.05152,0.055672
-3.0844e-27,0.051566,0.055512
-3.0251e-27,0.051611,0.05535
-2.9506e-27,0.051657,0.055187
-2.8606e-27,0.051703,0.055023
-2.7545e-27,0.051749,0.054857
-2.6321e-27,0.051794,0.054691
-2.493e-27,0.05184,0.054524
-2.337e-27,0.051885,0.054356
-2.1639e-27,0.05193,0.054188
-1.9734e-27,0.051974,0.054021
-1.7656e-27,0.052018,0.053853
-1.5405e-27,0.052061,0.053686
-1.298e-27,0.052104,0.053519
-1.0383e-27,0.052146,0.053354
-7.617e-28,0.052187,0.05319
-4.6835e-28,0.052227,0.053027
-1.5867e-28,0.052265,0.052867
1.6691e-28,0.052303,0.052708
5.0785e-28,0.05234,0.052552
8.6352e-28,0.052375,0.052398
1.2332e-27,0.05241,0.052247
1.6161e-27,0.052443,0.0521
2.0113e-27,0.052474,0.051956
2.4179e-27,0.052504,0.051815
2.8347e-27,0.052532,0.051679
3.2606e-27,0.052559,0.051547
3.6942e-27,0.052585,0.05142
4.1343e-27,0.052609,0.051297
4.5793e-27,0.052631,0.05118
5.0277e-27,0.052652,0.051068
5.4778e-27,0.052671,0.050962
5.928e-27,0.052688,0.050861
6.3764e-27,0.052704,0.050767
6.821e-27,0.052718,0.050679
7.26e-27,0.05273,0.050598
7.6912e-27,0.052741,0.050523
8.1126e-27,0.05275,0.050456
8.5219e-27,0.052758,0.050395
8.9169e-27,0.052764,0.050342
9.2953e-27,0.052768,0.050297
9.6548e-27,0.052771,0.050259
9.9928e-27,0.052772,0.050229
1.0307e-26,0.052772,0.050207
1.0595e-26,0.052771,0.050193
1.0855e-26,0.052768,0.050188
1.1083e-26,0.052763,0.05019
1.1278e-26,0.052758,0.0502
1.1437e-26,0.05275,0.050219
1.1557e-26,0.052742,0.050246
1.1637e-26,0.052732,0.050281
1.1673e-26,0.052721,0.050325
1.1664e-26,0.052708,0.050377
1.1607e-26,0.052695,0.050436
1.1501e-26,0.052679,0.050504
1.1343e-26,0.052663,0.05058
1.1131e-26,0.052645,0.050663
1.0864e-26,0.052626,0.050755
1.054e-26,0.052606,0.050853
1.0157e-26,0.052584,0.050959
9.7142e-27,0.052561,0.051072
9.2104e-27,0.052537,0.051191
8.6445e-27,0.052511,0.051317
8.0158e-27,0.052483,0.051449
7.3237e-27,0.052455,0.051587
6.5679e-27,0.052424,0.051731
5.7483e-27,0.052393,0.05188
4.8651e-27,0.052359,0.052034
3.9188e-27,0.052324,0.052193
2.91e-27,0.052287,0.052356
1.8398e-27,0.052249,0.052522
7.0944e-28,0.052209,0.052692
-4.7944e-28,0.052167,0.052865
-1.7249e-27,0.052124,0.053041
-3.0248e-27,0.052078,0.053218
-4.3764e-27,0.052031,0.053398
-5.7769e-27,0.051981,0.053578
-7.2229e-27,0.05193,0.05376
-8.711e-27,0.051877,0.053942
-1.0237e-26,0.051822,0.054123
-1.1797e-26,0.051765,0.054304
-1.3386e-26,0.051706,0.054485
-1.4999e-26,0.051645,0.054664
-1.6631e-26,0.051582,0.054841
-1.8276e-26,0.051517,0.055016
-1.9928e-26,0.05145,0.055188
-2.1581e-26,0.051381,0.055357
-2.3228e-26,0.05131,0.055523
-2.4862e-26,0.051238,0.055685
-2.6476e-26,0.051163,0.055843
-2.8062e-26,0.051087,0.055996
-2.9614e-26,0.05101,0.056145
-3.1121e-26,0.05093,0.056288
-3.2577e-26,0.050849,0.056426
-3.3974e-26,0.050767,0.056558
-3.5301e-26,0.050683,0.056684
-3.6551e-26,0.050598,0.056804
-3.7715e-26,0.050512,0.056918
-3.8784e-26,0.050425,0.057025
-3.9748e-26,0.050337,0.057125
-4.0599e-26,0.050248,0.057218
-4.1328e-26,0.050159,0.057304
-4.1926e-26,0.050069,0.057383
-4.2384e-26,0.049979,0.057454
-4.2693e-26,0.049888,0.057519
-4.2844e-26,0.049798,0.057576
-4.2829e-26,0.049707,0.057625
-4.2641e-26,0.049617,0.057667
-4.2271e-26,0.049527,0.057702
-4.1712e-26,0.049437,0.057729
-4.0956e-26,0.049349,0.05775
-3.9998e-26,0.049261,0.057763
-3.8831e-26,0.049174,0.057769
-3.7449e-26,0.049089,0.057768
-3.5848e-26,0.049004,0.057761
-3.4023e-26,0.048922,0.057746
-3.1971e-26,0.048841,0.057726
-2.9688e-26,0.048762,0.057699
-2.7173e-26,0.048684,0.057667
-2.4424e-26,0.048609,0.057628
-2.1441e-26,0.048537,0.057584
-1.8225e-26,0.048466,0.057535
-1.4776e-26,0.048399,0.057481
-1.1098e-26,0.048334,0.057423
-7.1935e-27,0.048272,0.057359
-3.0679e-27,0.048213,0.057292
1.2732e-27,0.048157,0.057221
5.823e-27,0.048105,0.057147
1.0573e-26,0.048055,0.057069
1.5515e-26,0.04801,0.056988
2.0637e-26,0.047967,0.056905
2.5927e-26,0.047929,0.05682
3.1374e-26,0.047894,0.056732
3.6961e-26,0.047863,0.056643
4.2675e-26,0.047836,0.056553
4.8497e-26,0.047813,0.056461
5.441e-26,0.047794,0.056369
6.0394e-26,0.047779,0.056276
6.6428e-26,0.047768,0.056183
7.2491e-26,0.047762,0.05609
7.8559e-26,0.047759,0.055997
8.4608e-26,0.04776,0.055904
9.0613e-26,0.047766,0.055813
9.6548e-26,0.047776,0.055722
1.0238e-25,0.04779,0.055632
1.0809e-25,0.047808,0.055544
1.1365e-25,0.04783,0.055457
1.1901e-25,0.047856,0.055372
1.2417e-25,0.047886,0.055289
1.2907e-25,0.047919,0.055207
1.3369e-25,0.047957,0.055128
1.38e-25,0.047998,0.055051
1.4196e-25,0.048043,0.054976
1.4554e-25,0.048092,0.054903
1.4872e-25,0.048144,0.054832
1.5144e-25,0.048199,0.054764
1.5369e-25,0.048258,0.054699
1.5543e-25,0.04832,0.054635
1.5662e-25,0.048385,0.054574
1.5724e-25,0.048452,0.054516
1.5726e-25,0.048523,0.05446
1.5664e-25,0.048596,0.054406
1.5535e-25,0.048671,0.054354
1.5338e-25,0.048749,0.054304
1.5068e-25,0.048829,0.054256
1.4725e-25,0.048911,0.05421
1.4305e-25,0.048996,0.054166
1.3806e-25,0.049082,0.054123
1.3228e-25,0.049169,0.054082
1.2567e-25,0.049258,0.054042
1.1823e-25,0.049349,0.054003
1.0994e-25,0.04944,0.053965
1.008e-25,0.049533,0.053928
9.0802e-26,0.049627,0.053892
7.9946e-26,0.049721,0.053855
6.8231e-26,0.049816,0.053819
5.5664e-26,0.049912,0.053783
4.2253e-26,0.050008,0.053747
2.8011e-26,0.050104,0.05371
1.2954e-26,0.050201,0.053672
-2.8961e-27,0.050297,0.053633
-1.9515e-26,0.050394,0.053593
-3.6874e-26,0.05049,0.053552
-5.4939e-26,0.050586,0.053509
-7.367e-26,0.050681,0.053464
-9.3027e-26,0.050776,0.053416
-1.1296e-25,0.050871,0.053367
-1.3342e-25,0.050964,0.053315
-1.5434e-25,0.051057,0.05326
-1.7568e-25,0.051149,0.053203
-1.9735e-25,0.05124,0.053142
-2.1929e-25,0.05133,0.053078
-2.4142e-25,0.051419,0.053011
-2.6367e-25,0.051506,0.05294
-2.8595e-25,0.051592,0.052865
-3.0817e-25,0.051677,0.052787
-3.3024e-25,0.051761,0.052705
-3.5205e-25,0.051843,0.052619
-3.7352e-25,0.051924,0.052528
-3.9454e-25,0.052003,0.052434
-4.1499e-25,0.052081,0.052336
-4.3478e-25,0.052157,0.052234
-4.5378e-25,0.052231,0.052129
-4.7188e-25,0.052304,0.052019
-4.8896e-25,0.052375,0.051905
-5.0491e-25,0.052444,0.051788
-5.196e-25,0.052512,0.051667
-5.3291e-25,0.052578,0.051544
-5.4473e-25,0.052642,0.051416
-5.5492e-25,0.052705,0.051286
-5.6337e-25,0.052766,0.051154
-5.6996e-25,0.052825,0.051019
-5.7457e-25,0.052883,0.050882
-5.7708e-25,0.052938,0.050743
-5.7738e-25,0.052993,0.050603
-5.7537e-25,0.053045,0.050461
-5.7092e-25,0.053096,0.050319
-5.6395e-25,0.053145,0.050177
-5.5436e-25,0.053192,0.050036
-5.4205e-25,0.053238,0.049895
-5.2694e-25,0.053283,0.049755
-5.0896e-25,0.053325,0.049617
-4.8804e-25,0.053367,0.049481
-4.6411e-25,0.053407,0.049348
-4.3713e-25,0.053445,0.049218
-4.0705e-25,0.053482,0.049093
-3.7384e-25,0.053517,0.048971
-3.3749e-25,0.053551,0.048855
-2.9798e-25,0.053583,0.048745
-2.5532e-25,0.053614,0.048641
-2.0953e-25,0.053644,0.048544
-1.6063e-25,0.053672,0.048455
-1.0868e-25,0.053699,0.048374
-5.3732e-26,0.053724,0.048301
4.1393e-27,0.053748,0.048238
6.4844e-26,0.05377,0.048186
1.2828e-25,0.053791,0.048143
1.9431e-25,0.05381,0.048112
2.6281e-25,0.053828,0.048093
3.3363e-25,0.053844,0.048086
4.0658e-25,0.053859,0.048092
4.8148e-25,0.053872,0.048111
5.5811e-25,0.053883,0.048145
6.3627e-25,0.053892,0.048192
7.157e-25,0.053899,0.048254
7.9615e-25,0.053904,0.048331
8.7734e-25,0.053907,0.048424
9.5899e-25,0.053908,0.048532
1.0408e-24,0.053907,0.048656
1.1224e-24,0.053903,0.048797
1.2035e-24,0.053897,0.048954
1.2837e-24,0.053888,0.049127
1.3626e-24,0.053876,0.049317
1.44e-24,0.053861,0.049524
1.5153e-24,0.053844,0.049747
1.5882e-24,0.053823,0.049987
1.6583e-24,0.053799,0.050244
1.7251e-24,0.053772,0.050516
1.7883e-24,0.053742,0.050805
1.8473e-24,0.053707,0.051109
1.9017e-24,0.05367,0.051429
1.9512e-24,0.053628,0.051763
1.9952e-24,0.053583,0.052113
2.0333e-24,0.053533,0.052476
2.065e-24,0.05348,0.052852
2.09e-24,0.053423,0.053242
2.1077e-24,0.053361,0.053643
2.1178e-24,0.053296,0.054056
2.1198e-24,0.053226,0.05448
2.1133e-24,0.053152,0.054913
2.098e-24,0.053074,0.055356
2.0735e-24,0.052992,0.055806
2.0393e-24,0.052906,0.056264
1.9952e-24,0.052815,0.056727
1.9409e-24,0.052721,0.057196
1.8761e-24,0.052622,0.057669
1.8005e-24,0.05252,0.058144
1.7138e-24,0.052414,0.058622
1.616e-24,0.052304,0.0591
1.5068e-24,0.052191,0.059578
1.3862e-24,0.052074,0.060055
1.254e-24,0.051955,0.060529
1.1102e-24,0.051832,0.060999
9.549e-25,0.051706,0.061464
7.8806e-25,0.051578,0.061922
6.0981e-25,0.051447,0.062374
4.2032e-25,0.051314,0.062817
2.198e-25,0.05118,0.06325
8.5132e-27,0.051044,0.063673
-2.1321e-25,0.050906,0.064085
-4.4499e-25,0.050767,0.064483
-6.8638e-25,0.050628,0.064868
-9.3688e-25,0.050488,0.065238
-1.1959e-24,0.050348,0.065593
-1.4629e-24,0.050209,0.065931
-1.7371e-24,0.050069,0.066252
-2.0178e-24,0.049931,0.066555
-2.3041e-24,0.049794,0.066839
-2.5952e-24,0.049658,0.067104
-2.8902e-24,0.049525,0.067349
-3.188e-24,0.049393,0.067574
-3.4876e-24,0.049264,0.067778
-3.7878e-24,0.049138,0.067961
-4.0875e-24,0.049015,0.068122
-4.3854e-24,0.048896,0.068261
-4.6802e-24,0.04878,0.068379
-4.9707e-24,0.048669,0.068474
-5.2553e-24,0.048562,0.068548
-5.5327e-24,0.04846,0.068599
-5.8014e-24,0.048362,0.068629
-6.0599e-24,0.04827,0.068637
-6.3066e-24,0.048184,0.068624
-6.5399e-24,0.048103,0.06859
-6.7583e-24,0.048028,0.068535
-6.9601e-24,0.047958,0.06846
-7.1437e-24,0.047895,0.068365
-7.3075e-24,0.047839,0.068251
-7.4497e-24,0.047789,0.068119
-7.5689e-24,0.047745,0.067969
-7.6633e-24,0.047708,0.067802
-7.7314e-24,0.047678,0.067618
-7.7715e-24,0.047654,0.06742
-7.7822e-24,0.047637,0.067207
-7.762e-24,0.047627,0.06698
-7.7094e-24,0.047623,0.06674
-7.623e-24,0.047626,0.066489
-7.5015e-24,0.047636,0.066227
-7.3437e-24,0.047652,0.065955
-7.1485e-24,0.047674,0.065674
-6.9147e-24,0.047702,0.065385
-6.6415e-24,0.047736,0.06509
-6.328e-24,0.047777,0.064789
-5.9734e-24,0.047822,0.064483
-5.5772e-24,0.047873,0.064173
-5.139e-24,0.047929,0.06386
-4.6584e-24,0.04799,0.063546
-4.1353e-24,0.048056,0.063231
-3.5697e-24,0.048126,0.062915
-2.9618e-24,0.048201,0.062601
-2.312e-24,0.048279,0.062289
-1.6209e-24,0.04836,0.061979
-8.8916e-25,0.048445,0.061673
-1.1782e-25,0.048533,0.061371
6.9198e-25,0.048623,0.061074
1.5389e-24,0.048716,0.060782
2.4212e-24,0.04881,0.060497
3.3372e-24,0.048906,0.060219
4.2848e-24,0.049004,0.059949
5.2618e-24,0.049103,0.059687
6.2656e-24,0.049202,0.059433
7.2935e-24,0.049302,0.059189
8.3425e-24,0.049403,0.058953
9.4094e-24,0.049503,0.058728
1.0491e-23,0.049603,0.058512
1.1583e-23,0.049702,0.058307
1.2682e-23,0.0498,0.058113
1.3784e-23,0.049897,0.057929
1.4885e-23,0.049993,0.057755
1.5979e-23,0.050088,0.057593
1.7063e-23,0.05018,0.057442
1.8131e-23,0.050271,0.057301
1.9179e-23,0.05036,0.057171
2.02e-23,0.050447,0.057052
2.119e-23,0.050531,0.056944
2.2144e-23,0.050613,0.056846
2.3054e-23,0.050692,0.056758
2.3916e-23,0.050769,0.05668
2.4724e-23,0.050843,0.056613
2.5472e-23,0.050914,0.056554
2.6154e-23,0.050983,0.056505
2.6763e-23,0.051049,0.056465
2.7294e-23,0.051112,0.056433
2.7741e-23,0.051172,0.056409
2.8098e-23,0.051229,0.056394
2.8359e-23,0.051284,0.056385
2.8517e-23,0.051336,0.056384
2.8569e-23,0.051385,0.056389
2.8507e-23,0.051432,0.056401
2.8327e-23,0.051476,0.056418
2.8024e-23,0.051517,0.05644
2.7592e-23,0.051557,0.056468
2.7028e-23,0.051594,0.056499
2.6326e-23,0.051629,0.056535
2.5484e-23,0.051661,0.056575
2.4497e-23,0.051692,0.056617
2.3362e-23,0.051721,0.056662
2.2077e-23,0.051748,0.05671
2.064e-23,0.051774,0.056759
1.9048e-23,0.051798,0.05681
1.7301e-23,0.05182,0.056863
1.5397e-23,0.051841,0.056916
1.3338e-23,0.051861,0.056969
1.1124e-23,0.05188,0.057023
8.755e-24,0.051897,0.057077
6.2344e-24,0.051914,0.05713
3.5644e-24,0.05193,0.057182
7.4863e-25,0.051944,0.057234
-2.2089e-24,0.051959,0.057284
-5.3031e-24,0.051972,0.057333
-8.5282e-24,0.051985,0.05738
-1.1878e-23,0.051997,0.057426
-1.5344e-23,0.052008,0.05747
-1.8919e-23,0.052019,0.057511
-2.2593e-23,0.052029,0.057551
-2.6358e-23,0.052038,0.057588
-3.02e-23,0.052047,0.057624
-3.411e-23,0.052056,0.057656
-3.8075e-23,0.052063,0.057687
-4.2081e-23,0.05207,0.057715
-4.6114e-23,0.052076,0.057741
-5.0159e-23,0.052082,0.057765
-5.42e-23,0.052086,0.057787
-5.8221e-23,0.05209,0.057806
-6.2205e-23,0.052092,0.057824
-6.6133e-23,0.052093,0.05784
-6.9988e-23,0.052094,0.057854
-7.3749e-23,0.052092,0.057867
-7.7397e-23,0.05209,0.057878
-8.0912e-23,0.052085,0.057888
-8.4273e-23,0.052079,0.057897
-8.7458e-23,0.052071,0.057906
-9.0447e-23,0.052062,0.057913
-9.3217e-23,0.05205,0.057921
-9.5746e-23,0.052036,0.057928
-9.8013e-23,0.05202,0.057936
-9.9996e-23,0.052001,0.057944
-1.0167e-22,0.05198,0.057952
-1.0302e-22,0.051956,0.057962
-1.0401e-22,0.051929,0.057972
-1.0464e-22,0.0519,0.057984
-1.0487e-22,0.051867,0.057997
-1.0469e-22,0.051832,0.058013
-1.0408e-22,0.051793,0.05803
-1.0302e-22,0.051751,0.05805
-1.0148e-22,0.051706,0.058072
-9.9467e-23,0.051657,0.058096
-9.6948e-23,0.051604,0.058124
-9.3912e-23,0.051549,0.058154
-9.0347e-23,0.051489,0.058188
-8.6242e-23,0.051426,0.058225
-8.1585e-23,0.05136,0.058265
-7.6369e-23,0.05129,0.058309
-7.0588e-23,0.051216,0.058356
-6.4237e-23,0.051139,0.058407
-5.7313e-23,0.051058,0.058462
-4.9816e-23,0.050974,0.05852
-4.1749e-23,0.050887,0.058582
-3.3115e-23,0.050796,0.058648
-2.3923e-23,0.050703,0.058717
-1.4181e-23,0.050606,0.05879
-3.9023e-24,0.050506,0.058866
6.8984e-24,0.050404,0.058945
1.8203e-23,0.050299,0.059027
2.9991e-23,0.050191,0.059113
4.2238e-23,0.050082,0.059201
5.4917e-23,0.04997,0.059291
6.7998e-23,0.049857,0.059384
8.1449e-23,0.049742,0.059479
9.5232e-23,0.049626,0.059576
1.0931e-22,0.04951,0.059674
1.2364e-22,0.049392,0.059773
1.3817e-22,0.049274,0.059873
1.5286e-22,0.049156,0.059973
1.6766e-22,0.049038,0.060074
1.825e-22,0.048921,0.060174
1.9734e-22,0.048805,0.060274
2.1212e-22,0.04869,0.060373
2.2676e-22,0.048576,0.060471
2.4121e-22,0.048465,0.060566
2.5539e-22,0.048355,0.06066
2.6924e-22,0.048249,0.060751
2.8268e-22,0.048145,0.060839
2.9564e-22,0.048045,0.060923
3.0804e-22,0.047948,0.061004
3.1981e-22,0.047856,0.061081
3.3086e-22,0.047767,0.061154
3.4112e-22,0.047684,0.061221
3.5051e-22,0.047606,0.061284
3.5894e-22,0.047533,0.061341
3.6633e-22,0.047466,0.061392
3.7261e-22,0.047404,0.061437
3.7769e-22,0.047349,0.061476
3.8149e-22,0.047301,0.061508
3.8394e-22,0.047259,0.061534
3.8495e-22,0.047224,0.061552
3.8446e-22,0.047197,0.061564
3.8239e-22,0.047177,0.061568
3.7867e-22,0.047164,0.061564
3.7324e-22,0.047159,0.061553
3.6603e-22,0.047162,0.061534
3.5699e-22,0.047173,0.061508
3.4605e-22,0.047192,0.061474
3.3318e-22,0.047219,0.061432
3.1833e-22,0.047255,0.061383
3.0146e-22,0.047298,0.061326
2.8253e-22,0.047349,0.061262
2.6154e-22,0.047409,0.061191
2.3845e-22,0.047477,0.061113
2.1327e-22,0.047552,0.061028
1.8598e-22,0.047636,0.060936
1.5659e-22,0.047727,0.060838
1.2512e-22,0.047826,0.060734
9.1601e-23,0.047932,0.060624
5.6059e-23,0.048045,0.060509
1.8539e-23,0.048165,0.060389
-2.0903e-23,0.048292,0.060264
-6.2202e-23,0.048426,0.060135
-1.0528e-22,0.048565,0.060003
-1.5006e-22,0.048711,0.059867
-1.9644e-22,0.048862,0.059728
-2.443e-22,0.049018,0.059588
-2.9354e-22,0.049179,0.059445
-3.4401e-22,0.049345,0.059301
-3.9557e-22,0.049515,0.059157
-4.4808e-22,0.049688,0.059012
-5.0136e-22,0.049865,0.058868
-5.5523e-22,0.050045,0.058725
-6.0951e-22,0.050228,0.058584
-6.64e-22,0.050412,0.058445
-7.1849e-22,0.050599,0.058308
-7.7276e-22,0.050786,0.058175
-8.2657e-22,0.050975,0.058046
-8.7969e-22,0.051164,0.057921
-9.3187e-22,0.051353,0.057801
-9.8285e-22,0.051542,0.057687
-1.0324e-21,0.05173,0.057579
-1.0801e-21,0.051916,0.057478
-1.1259e-21,0.052101,0.057384
-1.1694e-21,0.052284,0.057298
-1.2103e-21,0.052465,0.05722
-1.2483e-21,0.052642,0.057151
-1.2831e-21,0.052816,0.057091
-1.3144e-21,0.052987,0.05704
-1.342e-21,0.053153,0.057
-1.3655e-21,0.053316,0.05697
-1.3846e-21,0.053473,0.056951
-1.3991e-21,0.053625,0.056943
-1.4087e-21,0.053772,0.056946
-1.413e-21,0.053913,0.056961
-1.4118e-21,0.054048,0.056988
-1.4048e-21,0.054177,0.057027
-1.3919e-21,0.054299,0.057078
-1.3726e-21,0.054414,0.057142
-1.3469e-21,0.054522,0.057218
-1.3144e-21,0.054622,0.057307
-1.275e-21,0.054715,0.057409
-1.2286e-21,0.0548,0.057523
-1.1749e-21,0.054877,0.05765
-1.1137e-21,0.054946,0.057789
-1.0451e-21,0.055006,0.057941
-9.6887e-22,0.055058,0.058105
-8.8496e-22,0.055102,0.058281
-7.9335e-22,0.055137,0.058469
-6.9401e-22,0.055162,0.058668
-5.8697e-22,0.055179,0.058879
-4.7229e-22,0.055188,0.059101
-3.5006e-22,0.055187,0.059334
-2.2039e-22,0.055177,0.059577
-8.3441e-23,0.055158,0.05983
6.0587e-23,0.05513,0.060092
2.1146e-22,0.055094,0.060363
3.6891e-22,0.055048,0.060643
5.3262e-22,0.054994,0.060931
7.0224e-22,0.054931,0.061226
8.7737e-22,0.054859,0.061528
1.0576e-21,0.054779,0.061837
1.2424e-21,0.054691,0.062151
1.4313e-21,0.054594,0.06247
1.6236e-21,0.05449,0.062794
1.8189e-21,0.054378,0.063121
2.0165e-21,0.054258,0.063452
2.2156e-21,0.054131,0.063785
2.4156e-21,0.053997,0.06412
2.6157e-21,0.053856,0.064456
2.815e-21,0.053708,0.064793
3.0128e-21,0.053555,0.065129
3.2081e-21,0.053395,0.065464
3.4001e-21,0.05323,0.065798
3.5877e-21,0.053059,0.066129
3.7702e-21,0.052883,0.066457
3.9463e-21,0.052703,0.066782
4.1151e-21,0.052518,0.067102
4.2757e-21,0.05233,0.067418
4.4268e-21,0.052137,0.067728
4.5675e-21,0.051942,0.068032
4.6967e-21,0.051743,0.068329
4.8132e-21,0.051542,0.068619
4.916e-21,0.051339,0.068901
5.0039e-21,0.051133,0.069175
5.076e-21,0.050927,0.069439
5.1311e-21,0.050719,0.069695
5.1681e-21,0.05051,0.06994
5.1861e-21,0.050301,0.070176
5.184e-21,0.050091,0.070401
5.1608e-21,0.049882,0.070615
5.1157e-21,0.049673,0.070817
5.0476e-21,0.049466,0.071008
4.9557e-21,0.049259,0.071187
4.8393e-21,0.049054,0.071354
4.6976e-21,0.04885,0.071508
4.5299e-21,0.048649,0.071651
4.3356e-21,0.048449,0.07178
4.1142e-21,0.048253,0.071896
3.8653e-21,0.048059,0.072
3.5885e-21,0.047868,0.072091
3.2836e-21,0.047681,0.072168
2.9504e-21,0.047496,0.072233
2.5888e-21,0.047316,0.072285
2.199e-21,0.047139,0.072324
1.7811e-21,0.046967,0.072349
1.3354e-21,0.046799,0.072363
8.623e-22,0.046634,0.072363
3.6247e-22,0.046475,0.072351
-1.6344e-22,0.04632,0.072327
-7.1459e-22,0.04617,0.07229
-1.29e-21,0.046025,0.072242
-1.8885e-21,0.045884,0.072182
-2.5088e-21,0.045749,0.072111
-3.1496e-21,0.045619,0.072028
-3.8092e-21,0.045494,0.071935
-4.4858e-21,0.045374,0.071831
-5.1776e-21,0.045259,0.071717
-5.8826e-21,0.04515,0.071593
-6.5984e-21,0.045046,0.071459
-7.3229e-21,0.044947,0.071317
-8.0534e-21,0.044854,0.071165
-8.7873e-21,0.044766,0.071005
-9.5218e-21,0.044683,0.070837
-1.0254e-20,0.044606,0.070661
-1.0981e-20,0.044534,0.070478
-1.1699e-20,0.044467,0.070287
-1.2405e-20,0.044406,0.070091
-1.3096e-20,0.04435,0.069888
-1.3768e-20,0.0443,0.06968
-1.4417e-20,0.044254,0.069466
-1.504e-20,0.044214,0.069247
-1.5633e-20,0.044179,0.069024
-1.6192e-20,0.044149,0.068797
-1.6712e-20,0.044125,0.068566
-1.7191e-20,0.044105,0.068332
-1.7624e-20,0.044091,0.068095
-1.8007e-20,0.044081,0.067855
-1.8336e-20,0.044077,0.067614
-1.8608e-20,0.044077,0.06737
-1.8817e-20,0.044083,0.067126
-1.896e-20,0.044093,0.06688
-1.9034e-20,0.044108,0.066634
-1.9034e-20,0.044128,0.066388
-1.8958e-20,0.044153,0.066141
-1.8801e-20,0.044182,0.065896
-1.8561e-20,0.044216,0.065651
-1.8233e-20,0.044255,0.065407
-1.7816e-20,0.044298,0.065165
-1.7306e-20,0.044346,0.064925
-1.6701e-20,0.044398,0.064687
-1.5998e-20,0.044454,0.064451
-1.5197e-20,0.044515,0.064218
-1.4294e-20,0.044579,0.063988
-1.3289e-20,0.044648,0.063762
-1.2181e-20,0.044721,0.063538
-1.0969e-20,0.044798,0.063319
-9.6533e-21,0.044879,0.063104
-8.2335e-21,0.044963,0.062892
-6.7106e-21,0.045051,0.062686
-5.0855e-21,0.045143,0.062484
-3.3598e-21,0.045238,0.062286
-1.5356e-21,0.045336,0.062094
3.8461e-22,0.045438,0.061907
2.3979e-21,0.045543,0.061725
4.5005e-21,0.04565,0.061548
6.6886e-21,0.045761,0.061377
8.9573e-21,0.045874,0.061212
1.1302e-20,0.045989,0.061052
1.3715e-20,0.046108,0.060898
1.6193e-20,0.046228,0.06075
1.8727e-20,0.046351,0.060607
2.131e-20,0.046476,0.060471
2.3933e-20,0.046602,0.06034
2.659e-20,0.046731,0.060215
2.9269e-20,0.046861,0.060097
3.1963e-20,0.046993,0.059984
3.4659e-20,0.047126,0.059876
3.7348e-20,0.047261,0.059775
4.0019e-20,0.047397,0.059679
4.2659e-20,0.047534,0.059589
4.5257e-20,0.047671,0.059504
4.78e-20,0.04781,0.059425
5.0274e-20,0.047949,0.059351
5.2668e-20,0.048089,0.059282
5.4966e-20,0.04823,0.059218
5.7155e-20,0.048371,0.059159
5.922e-20,0.048512,0.059105
6.1148e-20,0.048653,0.059055
6.2924e-20,0.048794,0.05901
6.4532e-20,0.048935,0.05897
6.5959e-20,0.049076,0.058933
6.7189e-20,0.049217,0.0589
6.8208e-20,0.049357,0.058871
6.9002e-20,0.049496,0.058846
6.9555e-20,0.049635,0.058824
6.9855e-20,0.049773,0.058805
6.9887e-20,0.04991,0.058789
6.9638e-20,0.050046,0.058776
6.9095e-20,0.050181,0.058765
6.8245e-20,0.050314,0.058757
6.7079e-20,0.050447,0.058751
6.5583e-20,0.050577,0.058747
6.3748e-20,0.050706,0.058744
6.1566e-20,0.050833,0.058744
5.9027e-20,0.050959,0.058744
5.6124e-20,0.051082,0.058746
5.2851e-20,0.051203,0.058748
4.9204e-20,0.051322,0.058752
4.5178e-20,0.051438,0.058755
4.0771e-20,0.051552,0.05876
3.5982e-20,0.051663,0.058764
3.0812e-20,0.051771,0.058769
2.5262e-20,0.051877,0.058773
1.9338e-20,0.051979,0.058777
1.3043e-20,0.052078,0.058781
6.3856e-21,0.052174,0.058784
-6.254e-22,0.052267,0.058786
-7.9791e-21,0.052356,0.058788
-1.5663e-20,0.052441,0.058788
-2.3661e-20,0.052523,0.058788
-3.1958e-20,0.052601,0.058786
-4.0534e-20,0.052675,0.058783
-4.9369e-20,0.052745,0.058778
-5.8438e-20,0.052811,0.058773
-6.7719e-20,0.052873,0.058765
-7.7182e-20,0.052931,0.058756
-8.6799e-20,0.052985,0.058746
-9.6539e-20,0.053034,0.058734
-1.0637e-19,0.053079,0.05872
-1.1625e-19,0.05312,0.058704
-1.2615e-19,0.053157,0.058687
-1.3603e-19,0.053189,0.058668
-1.4584e-19,0.053217,0.058647
-1.5555e-19,0.05324,0.058625
-1.651e-19,0.05326,0.058601
-1.7446e-19,0.053275,0.058575
-1.8357e-19,0.053286,0.058547
-1.9239e-19,0.053292,0.058518
-2.0087e-19,0.053295,0.058487
-2.0895e-19,0.053294,0.058455
-2.1659e-19,0.053288,0.058421
-2.2372e-19,0.053279,0.058385
-2.303e-19,0.053266,0.058349
-2.3628e-19,0.05325,0.05831
-2.4159e-19,0.05323,0.058271
-2.4619e-19,0.053206,0.05823
-2.5002e-19,0.053179,0.058189
-2.5302e-19,0.053149,0.058146
-2.5515e-19,0.053116,0.058102
-2.5636e-19,0.05308,0.058057
-2.5658e-19,0.053042,0.058011
-2.5578e-19,0.053001,0.057965
-2.5391e-19,0.052957,0.057917
-2.5092e-19,0.052912,0.05787
-2.4676e-19,0.052864,0.057821
-2.4141e-19,0.052815,0.057773
-2.3481e-19,0.052764,0.057724
-2.2694e-19,0.052711,0.057674
-2.1776e-19,0.052657,0.057625
-2.0725e-19,0.052602,0.057575
-1.9539e-19,0.052545,0.057526
-1.8215e-19,0.052489,0.057477
-1.6752e-19,0.052431,0.057428
-1.515e-19,0.052373,0.05738
-1.3407e-19,0.052314,0.057332
-1.1525e-19,0.052256,0.057284
-9.5027e-20,0.052197,0.057237
-7.3428e-20,0.052138,0.057192
-5.0468e-20,0.05208,0.057147
-2.6173e-20,0.052022,0.057103
-5.7632e-22,0.051964,0.05706
2.6283e-20,0.051908,0.057019
5.4359e-20,0.051851,0.056979
8.3598e-20,0.051796,0.05694
1.1394e-19,0.051742,0.056904
1.4531e-19,0.051688,0.056868
1.7764e-19,0.051636,0.056835
2.1085e-19,0.051584,0.056804
2.4483e-19,0.051534,0.056775
2.795e-19,0.051486,0.056748
3.1475e-19,0.051438,0.056723
3.5046e-19,0.051392,0.056701
3.8651e-19,0.051347,0.056681
4.2278e-19,0.051304,0.056664
4.5912e-19,0.051262,0.05665
4.9539e-19,0.051222,0.056638
5.3144e-19,0.051183,0.05663
5.6713e-19,0.051146,0.056624
6.0227e-19,0.051111,0.056621
6.3671e-19,0.051077,0.056622
6.7027e-19,0.051044,0.056625
7.0278e-19,0.051013,0.056632
7.3404e-19,0.050984,0.056642
7.6388e-19,0.050956,0.056656
7.9209e-19,0.05093,0.056673
8.1849e-19,0.050905,0.056693
8.4288e-19,0.050882,0.056717
8.6507e-19,0.050861,0.056744
8.8484e-19,0.050841,0.056774
9.0202e-19,0.050822,0.056808
9.1639e-19,0.050805,0.056845
9.2776e-19,0.050789,0.056886
9.3595e-19,0.050775,0.05693
9.4075e-19,0.050763,0.056977
9.4198e-19,0.050751,0.057027
9.3946e-19,0.050742,0.05708
9.3302e-19,0.050733,0.057136
9.225e-19,0.050726,0.057195
9.0772e-19,0.050721,0.057257
8.8854e-19,0.050716,0.057322
8.6483e-19,0.050713,0.057389
8.3645e-19,0.050712,0.057458
8.033e-19,0.050712,0.05753
7.6526e-19,0.050713,0.057604
7.2226e-19,0.050715,0.05768
6.7421e-19,0.050718,0.057757
6.2108e-19,0.050723,0.057836
5.6281e-19,0.050729,0.057917
4.994e-19,0.050736,0.057999
4.3085e-19,0.050745,0.058082
3.5719e-19,0.050754,0.058166
2.7845e-19,0.050765,0.058251
1.947e-19,0.050776,0.058336
1.0605e-19,0.050789,0.058421
1.2603e-20,0.050803,0.058507
-8.5497e-20,0.050818,0.058593
-1.8808e-19,0.050833,0.058678
-2.9496e-19,0.05085,0.058764
-4.059e-19,0.050868,0.058848
-5.2067e-19,0.050886,0.058932
-6.3898e-19,0.050906,0.059015
-7.6054e-19,0.050926,0.059097
-8.8501e-19,0.050947,0.059178
-1.012e-18,0.050969,0.059258
-1.1412e-18,0.050991,0.059336
-1.2721e-18,0.051014,0.059413
-1.4043e-18,0.051038,0.059488
-1.5374e-18,0.051062,0.059562
-1.6708e-18,0.051086,0.059633
-1.804e-18,0.051111,0.059703
-1.9365e-18,0.051137,0.059771
-2.0676e-18,0.051162,0.059837
-2.1969e-18,0.051188,0.059901
-2.3236e-18,0.051214,0.059962
-2.4472e-18,0.05124,0.060022
-2.567e-18,0.051265,0.06008
-2.6823e-18,0.051291,0.060136
-2.7924e-18,0.051316,0.060189
-2.8967e-18,0.051341,0.060241
-2.9944e-18,0.051366,0.060291
-3.0847e-18,0.05139,0.060339
-3.1671e-18,0.051414,0.060386
-3.2407e-18,0.051436,0.060431
-3.3048e-18,0.051458,0.060474
-3.3587e-18,0.051479,0.060516
-3.4017e-18,0.051498,0.060556
-3.4331e-18,0.051517,0.060596
-3.4521e-18,0.051533,0.060634
-3.4581e-18,0.051549,0.060671
-3.4504e-18,0.051563,0.060708
-3.4283e-18,0.051575,0.060744
-3.3914e-18,0.051585,0.06078
-3.3388e-18,0.051593,0.060815
-3.2702e-18,0.051598,0.060851
-3.185e-18,0.051602,0.060886
-3.0828e-18,0.051603,0.060922
-2.963e-18,0.051601,0.060958
-2.8253e-18,0.051597,0.060994
-2.6695e-18,0.051589,0.061031
-2.4951e-18,0.051579,0.061069
-2.3021e-18,0.051566,0.061108
-2.0903e-18,0.051549,0.061149
-1.8596e-18,0.051529,0.06119
-1.61e-18,0.051505,0.061233
-1.3416e-18,0.051478,0.061277
-1.0546e-18,0.051447,0.061323
-7.4919e-19,0.051413,0.061371
-4.257e-19,0.051374,0.061421
-8.4561e-20,0.051331,0.061472
2.7372e-19,0.051285,0.061525
6.4853e-19,0.051234,0.061581
1.0392e-18,0.051179,0.061639
1.4449e-18,0.051119,0.061698
1.8647e-18,0.051056,0.06176
2.2976e-18,0.050988,0.061825
2.7426e-18,0.050915,0.061891
3.1984e-18,0.050839,0.06196
3.6637e-18,0.050757,0.06203
4.1371e-18,0.050672,0.062103
4.6171e-18,0.050582,0.062179
5.102e-18,0.050488,0.062256
5.5902e-18,0.050389,0.062336
6.0799e-18,0.050286,0.062417
6.569e-18,0.050179,0.062501
7.0557e-18,0.050068,0.062586
7.5378e-18,0.049953,0.062673
8.0132e-18,0.049834,0.062763
8.4796e-18,0.049711,0.062853
8.9346e-18,0.049584,0.062946
9.3759e-18,0.049454,0.06304
9.8011e-18,0.04932,0.063135
1.0208e-17,0.049183,0.063232
1.0593e-17,0.049042,0.06333
1.0954e-17,0.048899,0.063429
1.1289e-17,0.048753,0.06353
1.1595e-17,0.048605,0.063631
1.1868e-17,0.048454,0.063733
1.2108e-17,0.0483,0.063836
1.231e-17,0.048145,0.063939
1.2472e-17,0.047988,0.064043
1.2592e-17,0.04783,0.064147
1.2667e-17,0.04767,0.064252
1.2694e-17,0.047509,0.064356
1.2672e-17,0.047347,0.064461
1.2596e-17,0.047185,0.064566
1.2467e-17,0.047022,0.064671
1.228e-17,0.04686,0.064776
1.2035e-17,0.046698,0.06488
1.1729e-17,0.046536,0.064985
1.1361e-17,0.046375,0.065088
1.0928e-17,0.046215,0.065192
1.043e-17,0.046056,0.065295
9.865e-18,0.045899,0.065397
9.2325e-18,0.045744,0.065498
8.5315e-18,0.045591,0.065599
7.7615e-18,0.045441,0.065699
6.9222e-18,0.045293,0.065799
6.0136e-18,0.045148,0.065897
5.0359e-18,0.045006,0.065995
3.9897e-18,0.044868,0.066091
2.8759e-18,0.044734,0.066187
1.6955e-18,0.044604,0.066282
4.5025e-19,0.044478,0.066375
-8.5819e-19,0.044356,0.066468
-2.2276e-18,0.044239,0.066559
-3.6554e-18,0.044127,0.066649
-5.1387e-18,0.04402,0.066738
-6.6743e-18,0.043919,0.066825
-8.2586e-18,0.043823,0.066911
-9.8874e-18,0.043733,0.066996
-1.1556e-17,0.043648,0.067079
-1.3261e-17,0.04357,0.067161
-1.4996e-17,0.043497,0.067241
-1.6755e-17,0.043431,0.067319
-1.8534e-17,0.043371,0.067396
-2.0325e-17,0.043318,0.067471
-2.2122e-17,0.043271,0.067544
-2.3918e-17,0.043231,0.067615
-2.5706e-17,0.043197,0.067684
-2.7478e-17,0.04317,0.067751
-2.9226e-17,0.04315,0.067816
-3.0942e-17,0.043136,0.067878
-3.2618e-17,0.043129,0.067938
-3.4244e-17,0.043129,0.067995
-3.5811e-17,0.043135,0.068049
-3.7311e-17,0.043148,0.068101
-3.8734e-17,0.043168,0.06815
-4.0071e-17,0.043194,0.068196
-4.1311e-17,0.043226,0.068239
-4.2445e-17,0.043264,0.068278
-4.3464e-17,0.043309,0.068315
-4.4356e-17,0.043359,0.068347
-4.5114e-17,0.043415,0.068376
-4.5726e-17,0.043477,0.068402
-4.6184e-17,0.043545,0.068424
-4.6477e-17,0.043618,0.068442
-4.6597e-17,0.043696,0.068456
-4.6534e-17,0.043779,0.068466
-4.628e-17,0.043867,0.068471
-4.5826e-17,0.04396,0.068473
-4.5165e-17,0.044057,0.06847
-4.4289e-17,0.044158,0.068463
-4.319e-17,0.044263,0.068452
-4.1862e-17,0.044373,0.068436
-4.03e-17,0.044485,0.068415
-3.8498e-17,0.044601,0.06839
-3.6452e-17,0.044721,0.06836
-3.4157e-17,0.044843,0.068326
-3.1612e-17,0.044968,0.068287
-2.8813e-17,0.045095,0.068244
-2.5759e-17,0.045224,0.068196
-2.2452e-17,0.045356,0.068143
-1.889e-17,0.045489,0.068086
-1.5077e-17,0.045624,0.068024
-1.1015e-17,0.04576,0.067958
-6.7089e-18,0.045897,0.067887
-2.1633e-18,0.046035,0.067812
2.6148e-18,0.046173,0.067733
7.6177e-18,0.046312,0.06765
1.2836e-17,0.046451,0.067562
1.826e-17,0.04659,0.06747
2.3876e-17,0.046729,0.067374
2.9673e-17,0.046867,0.067275
3.5635e-17,0.047005,0.067172
4.1747e-17,0.047141,0.067065
4.7991e-17,0.047277,0.066954
5.4348e-17,0.047411,0.066841
6.0798e-17,0.047543,0.066724
6.732e-17,0.047674,0.066604
7.3892e-17,0.047804,0.066481
8.0488e-17,0.047931,0.066355
8.7083e-17,0.048056,0.066227
9.3651e-17,0.048179,0.066096
1.0016e-16,0.048299,0.065964
1.0659e-16,0.048417,0.065829
1.1291e-16,0.048531,0.065692
1.1907e-16,0.048644,0.065553
1.2506e-16,0.048753,0.065413
1.3084e-16,0.048859,0.065272
1.3638e-16,0.048962,0.06513
1.4163e-16,0.049061,0.064986
1.4658e-16,0.049157,0.064842
1.5117e-16,0.04925,0.064698
1.5538e-16,0.04934,0.064553
1.5916e-16,0.049425,0.064408
1.6249e-16,0.049508,0.064263
1.6533e-16,0.049586,0.064118
1.6764e-16,0.049661,0.063973
1.6938e-16,0.049732,0.06383
1.7052e-16,0.0498,0.063687
1.7104e-16,0.049863,0.063545
1.7088e-16,0.049923,0.063404
1.7003e-16,0.04998,0.063265
1.6844e-16,0.050032,0.063127
1.661e-16,0.050081,0.062991
1.6297e-16,0.050126,0.062857
1.5903e-16,0.050167,0.062725
1.5425e-16,0.050204,0.062595
1.4861e-16,0.050238,0.062467
1.4209e-16,0.050268,0.062342
1.3467e-16,0.050295,0.06222
1.2635e-16,0.050318,0.0621
1.1711e-16,0.050337,0.061983
1.0694e-16,0.050353,0.061869
9.5829e-17,0.050366,0.061759
8.3789e-17,0.050375,0.061651
7.0817e-17,0.05038,0.061547
5.692e-17,0.050383,0.061446
4.2108e-17,0.050382,0.061349
2.6397e-17,0.050378,0.061256
9.8053e-18,0.05037,0.061165
-7.6429e-18,0.05036,0.061079
-2.5919e-17,0.050346,0.060996
-4.4991e-17,0.05033,0.060917
-6.482e-17,0.05031,0.060842
-8.5363e-17,0.050288,0.06077
-1.0657e-16,0.050262,0.060703
-1.284e-16,0.050234,0.060639
-1.5077e-16,0.050204,0.060579
-1.7364e-16,0.05017,0.060523
-1.9694e-16,0.050134,0.06047
-2.2058e-16,0.050095,0.060421
-2.445e-16,0.050054,0.060376
-2.6861e-16,0.050011,0.060335
-2.9282e-16,0.049965,0.060297
-3.1703e-16,0.049917,0.060262
-3.4116e-16,0.049867,0.060232
-3.6509e-16,0.049815,0.060204
-3.8873e-16,0.049761,0.06018
-4.1196e-16,0.049705,0.06016
-4.3466e-16,0.049648,0.060142
-4.5673e-16,0.049588,0.060128
-4.7804e-16,0.049528,0.060116
-4.9846e-16,0.049465,0.060108
-5.1787e-16,0.049402,0.060103
-5.3615e-16,0.049337,0.0601
-5.5315e-16,0.049271,0.0601
-5.6876e-16,0.049204,0.060103
-5.8283e-16,0.049137,0.060108
-5.9525e-16,0.049068,0.060116
-6.0586e-16,0.048999,0.060126
-6.1455e-16,0.04893,0.060138
-6.2118e-16,0.04886,0.060152
-6.2563e-16,0.04879,0.060169
-6.2776e-16,0.04872,0.060187
-6.2747e-16,0.04865,0.060207
-6.2462e-16,0.04858,0.060229
-6.191e-16,0.04851,0.060253
-6.1081e-16,0.048441,0.060278
-5.9964e-16,0.048372,0.060305
-5.855e-16,0.048305,0.060333
-5.6829e-16,0.048237,0.060363
-5.4793e-16,0.048171,0.060394
-5.2436e-16,0.048106,0.060426
-4.9751e-16,0.048042,0.06046
-4.6732e-16,0.047979,0.060494
-4.3376e-16,0.047917,0.06053
-3.9679e-16,0.047857,0.060566
-3.564e-16,0.047798,0.060604
-3.1257e-16,0.047741,0.060642
-2.6533e-16,0.047686,0.060681
-2.1468e-16,0.047632,0.060721
-1.6067e-16,0.047581,0.060762
-1.0336e-16,0.047531,0.060803
-4.2799e-17,0.047483,0.060845
2.0913e-17,0.047437,0.060888
8.7678e-17,0.047393,0.060931
1.5738e-16,0.047352,0.060975
2.2987e-16,0.047312,0.061019
3.05e-16,0.047275,0.061063
3.826e-16,0.047239,0.061108
4.6248e-16,0.047206,0.061154
5.4441e-16,0.047175,0.061199
6.2818e-16,0.047147,0.061245
7.1354e-16,0.04712,0.061291
8.0021e-16,0.047096,0.061338
8.8791e-16,0.047074,0.061384
9.7634e-16,0.047054,0.061431
1.0652e-15,0.047036,0.061477
1.1541e-15,0.04702,0.061524
1.2427e-15,0.047005,0.06157
1.3307e-15,0.046993,0.061617
1.4176e-15,0.046983,0.061663
1.503e-15,0.046975,0.061709
1.5866e-15,0.046968,0.061755
1.6679e-15,0.046963,0.0618
1.7464e-15,0.04696,0.061845
1.8218e-15,0.046958,0.061889
1.8935e-15,0.046957,0.061933
1.961e-15,0.046958,0.061977
2.024e-15,0.04696,0.06202
2.0819e-15,0.046963,0.062062
2.1342e-15,0.046967,0.062103
2.1804e-15,0.046972,0.062143
2.2201e-15,0.046977,0.062183
2.2528e-15,0.046984,0.062222
2.278e-15,0.046991,0.062259
2.2952e-15,0.046998,0.062296
2.304e-15,0.047006,0.062332
2.3039e-15,0.047014,0.062366
2.2945e-15,0.047023,0.062399
2.2753e-15,0.047031,0.062431
2.246e-15,0.047039,0.062462
2.2062e-15,0.047047,0.062491
2.1555e-15,0.047055,0.06252
2.0936e-15,0.047062,0.062546
2.0201e-15,0.047069,0.062572
1.9349e-15,0.047076,0.062596
1.8377e-15,0.047082,0.062618
1.7282e-15,0.047087,0.062639
1.6063e-15,0.047091,0.062659
1.472e-15,0.047095,0.062677
1.3251e-15,0.047098,0.062694
1.1656e-15,0.0471,0.062709
9.9353e-16,0.047101,0.062722
8.0897e-16,0.047101,0.062735
6.1205e-16,0.0471,0.062746
4.0297e-16,0.047098,0.062755
1.8195e-16,0.047094,0.062763
-5.0681e-17,0.04709,0.06277
-2.9456e-16,0.047085,0.062776
-5.4926e-16,0.047079,0.06278
-8.1428e-16,0.047072,0.062783
-1.0891e-15,0.047064,0.062784
-1.373e-15,0.047055,0.062785
-1.6653e-15,0.047045,0.062784
-1.9653e-15,0.047034,0.062782
-2.2721e-15,0.047022,0.06278
-2.5848e-15,0.04701,0.062776
-2.9025e-15,0.046997,0.062771
-3.2241e-15,0.046984,0.062766
-3.5485e-15,0.04697,0.06276
-3.8745e-15,0.046956,0.062753
-4.2009e-15,0.046942,0.062745
-4.5264e-15,0.046928,0.062737
-4.8496e-15,0.046913,0.062728
-5.1691e-15,0.046899,0.062719
-5.4835e-15,0.046885,0.062709
-5.7911e-15,0.046872,0.062699
-6.0905e-15,0.046859,0.062688
-6.38e-15,0.046846,0.062677
-6.6579e-15,0.046835,0.062666
-6.9227e-15,0.046825,0.062655
-7.1724e-15,0.046816,0.062644
-7.4055e-15,0.046808,0.062632
-7.62e-15,0.046801,0.062621
-7.8144e-15,0.046796,0.062609
-7.9867e-15,0.046793,0.062597
-8.1352e-15,0.046792,0.062586
-8.2581e-15,0.046793,0.062574
-8.3536e-15,0.046797,0.062562
-8.4201e-15,0.046802,0.062551
-8.4558e-15,0.04681,0.062539
-8.4591e-15,0.046821,0.062528
-8.4284e-15,0.046835,0.062516
-8.362e-15,0.046851,0.062505
-8.2586e-15,0.04687,0.062493
-8.1166e-15,0.046893,0.062482
-7.9349e-15,0.046919,0.062471
-7.7121e-15,0.046947,0.062459
-7.4472e-15,0.04698,0.062448
-7.1391e-15,0.047015,0.062436
-6.787e-15,0.047055,0.062424
-6.3901e-15,0.047097,0.062413
-5.9478e-15,0.047143,0.062401
-5.4597e-15,0.047193,0.062388
-4.9254e-15,0.047246,0.062376
-4.345e-15,0.047302,0.062363
-3.7183e-15,0.047362,0.06235
-3.0458e-15,0.047425,0.062336
-2.3279e-15,0.047491,0.062322
-1.5652e-15,0.047561,0.062308
-7.5861e-16,0.047634,0.062292
9.0766e-17,0.047709,0.062277
9.816e-16,0.047788,0.062261
1.9123e-15,0.047869,0.062244
2.8811e-15,0.047953,0.062226
3.886e-15,0.048039,0.062208
4.9247e-15,0.048127,0.062189
5.9945e-15,0.048218,0.062169
7.0929e-15,0.04831,0.062149
8.2166e-15,0.048405,0.062127
9.3624e-15,0.0485,0.062105
1.0527e-14,0.048597,0.062082
1.1706e-14,0.048695,0.062058
1.2896e-14,0.048794,0.062033
1.4092e-14,0.048894,0.062007
1.529e-14,0.048994,0.061981
1.6486e-14,0.049095,0.061953
1.7673e-14,0.049196,0.061925
1.8848e-14,0.049296,0.061895
2.0004e-14,0.049396,0.061865
2.1137e-14,0.049496,0.061834
2.2239e-14,0.049594,0.061802
2.3306e-14,0.049692,0.061769
2.4331e-14,0.049789,0.061735
2.5309e-14,0.049884,0.061701
2.6232e-14,0.049978,0.061666
2.7094e-14,0.05007,0.06163
2.789e-14,0.05016,0.061593
2.8612e-14,0.050247,0.061556
2.9253e-14,0.050333,0.061518
2.9808e-14,0.050416,0.06148
3.027e-14,0.050497,0.061442
3.0632e-14,0.050575,0.061403
3.0888e-14,0.05065,0.061363
3.1032e-14,0.050722,0.061324
3.1057e-14,0.05079,0.061284
3.0958e-14,0.050856,0.061244
3.0729e-14,0.050918,0.061204
3.0365e-14,0.050977,0.061165
2.9859e-14,0.051032,0.061125
2.9208e-14,0.051084,0.061085
2.8407e-14,0.051131,0.061046
2.7452e-14,0.051175,0.061007
2.6338e-14,0.051216,0.060969
2.5063e-14,0.051252,0.060931
2.3624e-14,0.051284,0.060893
2.2019e-14,0.051313,0.060857
2.0246e-14,0.051337,0.060821
1.8303e-14,0.051357,0.060786
1.6191e-14,0.051373,0.060751
1.3909e-14,0.051385,0.060718
1.1459e-14,0.051394,0.060686
8.8412e-15,0.051398,0.060655
6.0593e-15,0.051397,0.060625
3.1158e-15,0.051393,0.060597
1.4742e-17,0.051385,0.060569
-3.239e-15,0.051373,0.060544
-6.6399e-15,0.051357,0.060519
-1.0181e-14,0.051337,0.060496
-1.3856e-14,0.051314,0.060475
-1.7656e-14,0.051286,0.060455
-2.1571e-14,0.051255,0.060437
-2.5592e-14,0.05122,0.06042
-2.9708e-14,0.051181,0.060406
-3.3905e-14,0.051139,0.060393
-3.8173e-14,0.051093,0.060381
-4.2496e-14,0.051044,0.060372
-4.6861e-14,0.050992,0.060364
-5.1251e-14,0.050937,0.060358
-5.5649e-14,0.050878,0.060353
-6.004e-14,0.050817,0.06035
-6.4403e-14,0.050753,0.060349
-6.8721e-14,0.050685,0.06035
-7.2974e-14,0.050616,0.060352
-7.7141e-14,0.050543,0.060356
-8.1202e-14,0.050469,0.060362
-8.5134e-14,0.050392,0.060369
-8.8915e-14,0.050313,0.060377
-9.2523e-14,0.050232,0.060387
-9.5935e-14,0.050149,0.060398
-9.9126e-14,0.050064,0.060411
-1.0207e-13,0.049978,0.060424
-1.0475e-13,0.04989,0.060439
-1.0714e-13,0.049801,0.060455
-1.0922e-13,0.049711,0.060472
-1.1095e-13,0.04962,0.06049
-1.1232e-13,0.049528,0.060508
-1.133e-13,0.049435,0.060528
-1.1388e-13,0.049342,0.060548
-1.1402e-13,0.049248,0.060569
-1.1371e-13,0.049154,0.06059
-1.1292e-13,0.049061,0.060612
-1.1164e-13,0.048967,0.060634
-1.0984e-13,0.048874,0.060656
-1.0751e-13,0.048781,0.060678
-1.0463e-13,0.048688,0.060701
-1.0118e-13,0.048597,0.060723
-9.716e-14,0.048506,0.060746
-9.2545e-14,0.048416,0.060769
-8.7329e-14,0.048328,0.060791
-8.1503e-14,0.04824,0.060813
-7.5061e-14,0.048155,0.060835
-6.7997e-14,0.04807,0.060857
-6.0311e-14,0.047988,0.060878
-5.2003e-14,0.047907,0.060899
-4.3075e-14,0.047829,0.060919
-3.3534e-14,0.047752,0.060939
-2.3387e-14,0.047678,0.060958
-1.2646e-14,0.047606,0.060977
-1.3247e-15,0.047536,0.060995
1.0559e-14,0.047469,0.061013
2.2986e-14,0.047405,0.06103
3.5931e-14,0.047343,0.061047
4.9369e-14,0.047285,0.061062
6.3268e-14,0.047229,0.061077
7.7597e-14,0.047176,0.061092
9.2317e-14,0.047126,0.061106
1.0739e-13,0.047079,0.061119
1.2277e-13,0.047036,0.061132
1.3841e-13,0.046996,0.061144
1.5426e-13,0.046959,0.061155
1.7027e-13,0.046925,0.061166
1.8637e-13,0.046895,0.061177
2.0252e-13,0.046868,0.061186
2.1864e-13,0.046845,0.061196
2.3467e-13,0.046825,0.061204
2.5055e-13,0.046809,0.061213
2.6619e-13,0.046796,0.061221
2.8152e-13,0.046787,0.061228
2.9648e-13,0.046781,0.061235
3.1097e-13,0.046779,0.061242
3.2491e-13,0.04678,0.061248
3.3823e-13,0.046785,0.061254
3.5084e-13,0.046794,0.061259
3.6264e-13,0.046805,0.061265
3.7357e-13,0.04682,0.061269
3.8352e-13,0.046839,0.061274
3.9241e-13,0.04686,0.061278
4.0015e-13,0.046885,0.061282
4.0665e-13,0.046913,0.061286
4.1183e-13,0.046944,0.061289
4.156e-13,0.046979,0.061293
4.1788e-13,0.047016,0.061295
4.1857e-13,0.047055,0.061298
4.1761e-13,0.047098,0.0613
4.1492e-13,0.047143,0.061302
4.1041e-13,0.047191,0.061304
4.0402e-13,0.047241,0.061305
3.9568e-13,0.047294,0.061306
3.8533e-13,0.047348,0.061307
3.7292e-13,0.047405,0.061307
3.5838e-13,0.047463,0.061307
3.4168e-13,0.047524,0.061306
3.2277e-13,0.047585,0.061305
3.0163e-13,0.047649,0.061304
2.7823e-13,0.047714,0.061302
2.5255e-13,0.04778,0.061299
2.2459e-13,0.047846,0.061297
1.9434e-13,0.047914,0.061293
1.6181e-13,0.047983,0.06129
1.2703e-13,0.048052,0.061285
9.0025e-14,0.048122,0.061281
5.0831e-14,0.048191,0.061275
9.5021e-15,0.048261,0.06127
-3.3901e-14,0.048331,0.061264
-7.9303e-14,0.048401,0.061257
-1.2662e-13,0.04847,0.06125
-1.7576e-13,0.048539,0.061242
-2.266e-13,0.048608,0.061234
-2.7903e-13,0.048675,0.061226
-3.3292e-13,0.048742,0.061217
-3.8811e-13,0.048807,0.061207
-4.4445e-13,0.048871,0.061198
-5.0177e-13,0.048934,0.061187
-5.5988e-13,0.048996,0.061177
-6.1859e-13,0.049056,0.061166
-6.7769e-13,0.049115,0.061155
-7.3696e-13,0.049171,0.061144
-7.9616e-13,0.049226,0.061133
-8.5506e-13,0.049279,0.061121
-9.1341e-13,0.04933,0.06111
-9.7093e-13,0.049379,0.061098
-1.0274e-12,0.049425,0.061086
-1.0824e-12,0.04947,0.061074
-1.1358e-12,0.049512,0.061063
-1.1872e-12,0.049551,0.061051
-1.2364e-12,0.049589,0.06104
-1.283e-12,0.049623,0.061028
-1.3266e-12,0.049656,0.061017
-1.3671e-12,0.049686,0.061007
-1.4041e-12,0.049713,0.060996
-1.4371e-12,0.049738,0.060986
-1.466e-12,0.049761,0.060977
-1.4904e-12,0.04978,0.060967
-1.51e-12,0.049798,0.060959
-1.5244e-12,0.049813,0.060951
-1.5333e-12,0.049825,0.060944
-1.5366e-12,0.049835,0.060937
-1.5337e-12,0.049843,0.060931
-1.5245e-12,0.049848,0.060926
-1.5087e-12,0.049851,0.060921
-1.486e-12,0.049852,0.060918
-1.4562e-12,0.04985,0.060915
-1.419e-12,0.049847,0.060913
-1.3743e-12,0.049841,0.060912
-1.3218e-12,0.049834,0.060912
-1.2613e-12,0.049824,0.060912
-1.1928e-12,0.049813,0.060914
-1.1161e-12,0.049799,0.060917
-1.0311e-12,0.049785,0.060921
-9.3779e-13,0.049768,0.060926
-8.3606e-13,0.04975,0.060931
-7.2593e-13,0.049731,0.060938
-6.0744e-13,0.04971,0.060946
-4.8066e-13,0.049689,0.060954
-3.457e-13,0.049666,0.060964
-2.0269e-13,0.049642,0.060974
-5.1821e-14,0.049618,0.060986
1.0669e-13,0.049592,0.060998
2.7257e-13,0.049566,0.061011
4.4552e-13,0.04954,0.061025
6.2518e-13,0.049513,0.061039
8.1116e-13,0.049485,0.061054
1.003e-12,0.049458,0.06107
1.2003e-12,0.04943,0.061087
1.4024e-12,0.049403,0.061104
1.6088e-12,0.049376,0.061121
1.8188e-12,0.049349,0.061139
2.0318e-12,0.049322,0.061157
2.2472e-12,0.049296,0.061175
2.464e-12,0.04927,0.061194
2.6815e-12,0.049246,0.061212
2.8989e-12,0.049222,0.061231
3.1153e-12,0.049199,0.06125
3.3298e-12,0.049177,0.061268
3.5413e-12,0.049156,0.061287
3.7489e-12,0.049136,0.061305
3.9516e-12,0.049118,0.061323
4.1484e-12,0.049101,0.061341
4.338e-12,0.049085,0.061358
4.5194e-12,0.049071,0.061375
4.6915e-12,0.049059,0.061391
4.853e-12,0.049048,0.061407
5.0029e-12,0.049039,0.061422
5.14e-12,0.049032,0.061436
5.263e-12,0.049026,0.06145
5.3708e-12,0.049023,0.061463
5.4622e-12,0.049021,0.061475
5.536e-12,0.049021,0.061486
5.591e-12,0.049024,0.061497
5.6262e-12,0.049028,0.061506
5.6403e-12,0.049034,0.061515
5.6323e-12,0.049042,0.061522
5.6012e-12,0.049052,0.061529
5.5458e-12,0.049064,0.061534
5.4653e-12,0.049078,0.061539
5.3588e-12,0.049093,0.061542
5.2253e-12,0.049111,0.061544
5.0641e-12,0.04913,0.061545
4.8746e-12,0.049152,0.061545
4.6559e-12,0.049175,0.061544
4.4077e-12,0.049199,0.061542
4.1294e-12,0.049226,0.061539
3.8208e-12,0.049254,0.061534
3.4814e-12,0.049283,0.061529
3.1113e-12,0.049314,0.061522
2.7104e-12,0.049346,0.061514
2.2788e-12,0.04938,0.061505
1.8167e-12,0.049415,0.061495
1.3246e-12,0.049451,0.061483
8.0279e-13,0.049488,0.06147
2.5208e-13,0.049525,0.061457
-3.2677e-13,0.049564,0.061442
-9.328e-13,0.049604,0.061426
-1.5649e-12,0.049644,0.061408
-2.2218e-12,0.049684,0.06139
-2.902e-12,0.049725,0.06137
-3.6041e-12,0.049767,0.06135
-4.3261e-12,0.049809,0.061328
-5.0662e-12,0.04985,0.061305
-5.8222e-12,0.049892,0.061282
-6.5919e-12,0.049934,0.061257
-7.3729e-12,0.049976,0.061231
-8.1625e-12,0.050017,0.061204
-8.9579e-12,0.050058,0.061176
-9.7563e-12,0.050099,0.061147
-1.0555e-11,0.050139,0.061118
-1.135e-11,0.050179,0.061087
-1.2138e-11,0.050217,0.061056
-1.2916e-11,0.050255,0.061024
-1.368e-11,0.050292,0.060991
-1.4426e-11,0.050328,0.060957
-1.5151e-11,0.050363,0.060923
-1.585e-11,0.050397,0.060888
-1.6519e-11,0.050429,0.060852
-1.7155e-11,0.050461,0.060816
-1.7752e-11,0.05049,0.060779
-1.8307e-11,0.050519,0.060741
-1.8816e-11,0.050545,0.060703
-1.9273e-11,0.05057,0.060665
-1.9675e-11,0.050594,0.060626
-2.0018e-11,0.050616,0.060587
-2.0296e-11,0.050636,0.060547
-2.0505e-11,0.050654,0.060507
-2.0643e-11,0.05067,0.060466
-2.0703e-11,0.050684,0.060425
-2.0683e-11,0.050696,0.060384
-2.0578e-11,0.050706,0.060342
-2.0385e-11,0.050714,0.0603
-2.0099e-11,0.050719,0.060258
-1.9719e-11,0.050723,0.060216
-1.924e-11,0.050724,0.060173
-1.866e-11,0.050722,0.060131
-1.7975e-11,0.050719,0.060088
-1.7184e-11,0.050713,0.060045
-1.6285e-11,0.050705,0.060002
-1.5276e-11,0.050694,0.059959
-1.4155e-11,0.050681,0.059915
-1.2922e-11,0.050665,0.059872
-1.1575e-11,0.050647,0.059829
-1.0116e-11,0.050626,0.059785
-8.5438e-12,0.050603,0.059742
-6.8597e-12,0.050578,0.059699
-5.0649e-12,0.05055,0.059656
-3.1613e-12,0.050519,0.059613
-1.1512e-12,0.050486,0.059571
9.626e-13,0.050451,0.059528
3.1766e-12,0.050413,0.059486
5.4867e-12,0.050373,0.059444
7.8884e-12,0.05033,0.059402
1.0376e-11,0.050285,0.059361
1.2945e-11,0.050238,0.059321
1.5588e-11,0.050189,0.05928
1.8298e-11,0.050138,0.05924
2.1067e-11,0.050084,0.059201
2.3887e-11,0.050029,0.059162
2.675e-11,0.049971,0.059124
2.9646e-11,0.049912,0.059087
3.2564e-11,0.049851,0.05905
3.5494e-11,0.049789,0.059014
3.8425e-11,0.049724,0.058979
4.1345e-11,0.049659,0.058944
4.4242e-11,0.049592,0.05891
4.7102e-11,0.049523,0.058877
4.9913e-11,0.049454,0.058846
5.266e-11,0.049383,0.058815
5.533e-11,0.049312,0.058785
5.7907e-11,0.04924,0.058756
6.0377e-11,0.049167,0.058727
6.2725e-11,0.049093,0.0587
6.4934e-11,0.049019,0.058674
6.699e-11,0.048945,0.05865
6.8876e-11,0.04887,0.058626
7.0576e-11,0.048796,0.058603
7.2075e-11,0.048721,0.058581
7.3356e-11,0.048647,0.058561
7.4404e-11,0.048573,0.058541
7.5202e-11,0.048499,0.058523
7.5735e-11,0.048426,0.058506
7.5989e-11,0.048354,0.058489
7.5947e-11,0.048282,0.058474
7.5597e-11,0.048211,0.05846
7.4924e-11,0.048141,0.058447
7.3914e-11,0.048072,0.058435
7.2556e-11,0.048004,0.058424
7.0838e-11,0.047938,0.058413
6.8748e-11,0.047873,0.058404
6.6278e-11,0.047809,0.058395
6.3418e-11,0.047747,0.058388
6.0161e-11,0.047686,0.058381
5.65e-11,0.047627,0.058374
5.243e-11,0.04757,0.058368
4.7948e-11,0.047515,0.058363
4.3051e-11,0.047461,0.058358
3.7739e-11,0.047409,0.058354
3.2013e-11,0.047359,0.05835
2.5876e-11,0.047311,0.058346
1.9332e-11,0.047265,0.058342
1.2387e-11,0.04722,0.058339
5.0502e-12,0.047178,0.058335
-2.6682e-12,0.047138,0.058331
-1.0756e-11,0.0471,0.058327
-1.9198e-11,0.047063,0.058323
-2.7979e-11,0.047029,0.058319
-3.7079e-11,0.046996,0.058314
-4.6477e-11,0.046966,0.058308
-5.6149e-11,0.046937,0.058302
-6.6071e-11,0.046911,0.058296
-7.6215e-11,0.046886,0.058289
-8.6549e-11,0.046863,0.058281
-9.7043e-11,0.046842,0.058272
-1.0766e-10,0.046823,0.058262
-1.1837e-10,0.046805,0.058251
-1.2912e-10,0.04679,0.05824
-1.3988e-10,0.046776,0.058227
-1.5061e-10,0.046764,0.058213
-1.6125e-10,0.046753,0.058199
-1.7177e-10,0.046744,0.058183
-1.8211e-10,0.046737,0.058166
-1.9222e-10,0.046732,0.058148
-2.0205e-10,0.046728,0.058129
-2.1156e-10,0.046726,0.058109
-2.2067e-10,0.046725,0.058088
-2.2934e-10,0.046726,0.058066
-2.3751e-10,0.046728,0.058043
-2.4512e-10,0.046732,0.058019
-2.5211e-10,0.046738,0.057994
-2.5843e-10,0.046745,0.057968
-2.6402e-10,0.046753,0.057941
-2.6881e-10,0.046763,0.057914
-2.7275e-10,0.046775,0.057886
-2.7578e-10,0.046788,0.057858
-2.7785e-10,0.046802,0.057829
-2.789e-10,0.046818,0.0578
-2.7887e-10,0.046835,0.057771
-2.7771e-10,0.046853,0.057741
-2.7537e-10,0.046873,0.057712
-2.718e-10,0.046894,0.057682
-2.6695e-10,0.046917,0.057653
-2.6079e-10,0.04694,0.057624
-2.5327e-10,0.046965,0.057596
-2.4436e-10,0.046991,0.057568
-2.3402e-10,0.047018,0.057541
-2.2222e-10,0.047046,0.057514
-2.0894e-10,0.047075,0.057489
-1.9417e-10,0.047105,0.057464
-1.7788e-10,0.047136,0.057441
-1.6007e-10,0.047168,0.057419
-1.4074e-10,0.047201,0.057399
-1.1989e-10,0.047234,0.05738
-9.7521e-11,0.047269,0.057363
-7.3659e-11,0.047304,0.057347
-4.8325e-11,0.047339,0.057333
-2.1548e-11,0.047375,0.057322
6.6344e-12,0.047412,0.057312
3.6178e-11,0.047449,0.057304
6.703e-11,0.047486,0.057299
9.913e-11,0.047524,0.057296
1.3241e-10,0.047562,0.057295
1.6679e-10,0.0476,0.057297
2.022e-10,0.047639,0.057301
2.3852e-10,0.047677,0.057308
2.7567e-10,0.047716,0.057317
3.1354e-10,0.047755,0.057329
3.52e-10,0.047794,0.057343
3.9094e-10,0.047833,0.05736
4.3021e-10,0.047873,0.057379
4.6967e-10,0.047912,0.057401
5.0918e-10,0.047951,0.057425
5.4857e-10,0.047991,0.057452
5.8769e-10,0.04803,0.057481
6.2636e-10,0.048069,0.057513
6.6439e-10,0.048109,0.057547
7.0162e-10,0.048149,0.057583
7.3783e-10,0.048189,0.057622
7.7285e-10,0.048228,0.057662
8.0647e-10,0.048269,0.057705
8.3848e-10,0.048309,0.057749
8.6868e-10,0.048349,0.057795
8.9685e-10,0.04839,0.057843
9.2279e-10,0.048431,0.057892
9.4627e-10,0.048473,0.057943
9.6707e-10,0.048515,0.057995
9.85e-10,0.048557,0.058049
9.9982e-10,0.048599,0.058103
1.0113e-09,0.048643,0.058158
1.0193e-09,0.048686,0.058214
1.0236e-09,0.048731,0.058271
1.0239e-09,0.048776,0.058328
1.0201e-09,0.048821,0.058385
1.012e-09,0.048868,0.058443
9.9939e-10,0.048915,0.0585
9.8213e-10,0.048962,0.058558
9.6005e-10,0.049011,0.058615
9.3299e-10,0.04906,0.058672
9.0084e-10,0.04911,0.058729
8.6345e-10,0.049161,0.058784
8.2074e-10,0.049213,0.058839
7.726e-10,0.049265,0.058894
7.1896e-10,0.049318,0.058947
6.5978e-10,0.049372,0.058999
5.9502e-10,0.049427,0.05905
5.2466e-10,0.049482,0.0591
4.4872e-10,0.049538,0.059148
3.6722e-10,0.049594,0.059195
2.8022e-10,0.049651,0.059241
1.8781e-10,0.049709,0.059285
9.0087e-11,0.049767,0.059327
-1.2813e-11,0.049825,0.059367
-1.2073e-10,0.049883,0.059406
-2.3347e-10,0.049941,0.059444
-3.5082e-10,0.05,0.059479
-4.7252e-10,0.050058,0.059513
-5.9831e-10,0.050116,0.059545
-7.2788e-10,0.050174,0.059575
-8.6088e-10,0.050231,0.059603
-9.9695e-10,0.050288,0.05963
-1.1357e-09,0.050343,0.059654
-1.2767e-09,0.050398,0.059677
-1.4194e-09,0.050452,0.059699
-1.5635e-09,0.050505,0.059718
-1.7083e-09,0.050556,0.059736
-1.8533e-09,0.050606,0.059753
-1.998e-09,0.050654,0.059768
-2.1417e-09,0.050701,0.059781
-2.2839e-09,0.050745,0.059793
-2.4238e-09,0.050787,0.059803
-2.5608e-09,0.050827,0.059812
-2.6942e-09,0.050865,0.05982
-2.8233e-09,0.0509,0.059827
-2.9473e-09,0.050932,0.059832
-3.0655e-09,0.050961,0.059836
-3.1771e-09,0.050987,0.05984
-3.2814e-09,0.05101,0.059842
-3.3775e-09,0.051029,0.059843
-3.4647e-09,0.051046,0.059844
-3.5422e-09,0.051058,0.059843
-3.6092e-09,0.051067,0.059842
-3.6649e-09,0.051073,0.059841
-3.7085e-09,0.051074,0.059838
-3.7392e-09,0.051072,0.059835
-3.7564e-09,0.051065,0.059832
-3.7592e-09,0.051055,0.059829
-3.747e-09,0.05104,0.059825
-3.719e-09,0.051022,0.05982
-3.6745e-09,0.050999,0.059816
-3.6131e-09,0.050972,0.059811
-3.534e-09,0.050941,0.059807
-3.4367e-09,0.050907,0.059802
-3.3207e-09,0.050868,0.059797
-3.1856e-09,0.050825,0.059793
-3.0309e-09,0.050778,0.059788
-2.8564e-09,0.050727,0.059784
-2.6617e-09,0.050673,0.05978
-2.4467e-09,0.050615,0.059776
-2.2112e-09,0.050554,0.059773
-1.9552e-09,0.050489,0.05977
-1.6786e-09,0.050421,0.059767
-1.3817e-09,0.05035,0.059765
-1.0645e-09,0.050276,0.059763
-7.2744e-10,0.0502,0.059762
-3.7082e-10,0.05012,0.059761
4.8669e-12,0.050039,0.059761
3.9903e-10,0.049955,0.059761
8.1099e-10,0.04987,0.059762
1.24e-09,0.049783,0.059763
1.685e-09,0.049694,0.059765
2.1452e-09,0.049605,0.059768
2.6194e-09,0.049514,0.059771
3.1063e-09,0.049423,0.059775
3.6046e-09,0.049331,0.059779
4.1129e-09,0.049239,0.059784
4.6296e-09,0.049148,0.05979
5.153e-09,0.049056,0.059796
5.6814e-09,0.048966,0.059803
6.2128e-09,0.048876,0.059811
6.7452e-09,0.048787,0.059819
7.2766e-09,0.048699,0.059828
7.8047e-09,0.048614,0.059837
8.3273e-09,0.04853,0.059847
8.8419e-09,0.048448,0.059857
9.3461e-09,0.048368,0.059868
9.8373e-09,0.048291,0.05988
1.0313e-08,0.048217,0.059892
1.077e-08,0.048146,0.059904
1.1207e-08,0.048078,0.059917
1.1619e-08,0.048013,0.059931
1.2005e-08,0.047952,0.059945
1.2361e-08,0.047894,0.059959
1.2685e-08,0.047841,0.059973
1.2974e-08,0.047791,0.059988
1.3224e-08,0.047746,0.060003
1.3433e-08,0.047704,0.060018
1.3598e-08,0.047667,0.060033
1.3716e-08,0.047635,0.060049
1.3785e-08,0.047607,0.060065
1.3801e-08,0.047583,0.06008
1.3762e-08,0.047564,0.060096
1.3666e-08,0.04755,0.060111
1.351e-08,0.047541,0.060127
1.3291e-08,0.047536,0.060142
1.3008e-08,0.047536,0.060157
1.2658e-08,0.04754,0.060172
1.224e-08,0.04755,0.060187
1.1752e-08,0.047564,0.060201
1.1192e-08,0.047582,0.060215
1.0559e-08,0.047605,0.060228
9.8527e-09,0.047633,0.060241
9.0716e-09,0.047664,0.060253
8.2153e-09,0.047701,0.060265
7.2837e-09,0.047741,0.060276
6.2767e-09,0.047785,0.060286
5.1948e-09,0.047833,0.060295
4.0386e-09,0.047885,0.060303
2.8092e-09,0.04794,0.060311
1.5078e-09,0.047999,0.060317
1.3627e-10,0.048061,0.060323
-1.3033e-09,0.048126,0.060328
-2.8086e-09,0.048194,0.060331
-4.3766e-09,0.048264,0.060333
-6.0041e-09,0.048337,0.060335
-7.6874e-09,0.048412,0.060335
-9.4226e-09,0.048489,0.060333
-1.1205e-08,0.048568,0.060331
-1.303e-08,0.048648,0.060327
-1.4892e-08,0.048729,0.060323
-1.6786e-08,0.048811,0.060316
-1.8705e-08,0.048895,0.060309
-2.0643e-08,0.048978,0.0603
-2.2592e-08,0.049062,0.06029
-2.4547e-08,0.049146,0.060279
-2.6498e-08,0.04923,0.060267
-2.8438e-08,0.049313,0.060253
-3.0359e-08,0.049395,0.060238
-3.2252e-08,0.049477,0.060221
-3.4107e-08,0.049557,0.060203
-3.5916e-08,0.049636,0.060184
-3.7669e-08,0.049713,0.060164
-3.9356e-08,0.049788,0.060143
-4.0966e-08,0.049861,0.06012
-4.249e-08,0.049932,0.060096
-4.3918e-08,0.05,0.060071
-4.5238e-08,0.050065,0.060045
-4.644e-08,0.050128,0.060018
-4.7514e-08,0.050187,0.059989
-4.8448e-08,0.050244,0.05996
-4.9232e-08,0.050296,0.05993
-4.9856e-08,0.050346,0.059898
-5.0309e-08,0.050391,0.059866
-5.0581e-08,0.050433,0.059833
-5.0662e-08,0.050471,0.059798
-5.0542e-08,0.050504,0.059764
-5.0212e-08,0.050534,0.059728
-4.9662e-08,0.05056,0.059692
-4.8884e-08,0.050581,0.059655
-4.787e-08,0.050598,0.059617
-4.6613e-08,0.05061,0.059579
-4.5106e-08,0.050619,0.059541
-4.3341e-08,0.050623,0.059502
-4.1315e-08,0.050623,0.059463
-3.9022e-08,0.050618,0.059424
-3.6458e-08,0.050609,0.059385
-3.362e-08,0.050596,0.059345
-3.0506e-08,0.050579,0.059306
-2.7116e-08,0.050558,0.059266
-2.3449e-08,0.050533,0.059227
-1.9507e-08,0.050504,0.059188
-1.5292e-08,0.050471,0.05915
-1.0807e-08,0.050435,0.059112
-6.0583e-09,0.050395,0.059074
-1.0507e-09,0.050351,0.059037
4.2077e-09,0.050305,0.059001
9.7081e-09,0.050255,0.058965
1.544e-08,0.050202,0.05893
2.1392e-08,0.050147,0.058896
2.755e-08,0.050089,0.058863
3.3901e-08,0.050029,0.058831
4.0427e-08,0.049966,0.058801
4.7111e-08,0.049901,0.058771
5.3933e-08,0.049835,0.058743
6.0874e-08,0.049767,0.058716
6.791e-08,0.049697,0.05869
7.5018e-08,0.049627,0.058666
8.2173e-08,0.049555,0.058643
8.9348e-08,0.049482,0.058622
9.6515e-08,0.049409,0.058603
1.0364e-07,0.049335,0.058585
1.1071e-07,0.049261,0.058568
1.1767e-07,0.049187,0.058554
1.245e-07,0.049113,0.058541
1.3116e-07,0.049039,0.05853
1.3762e-07,0.048966,0.05852
1.4384e-07,0.048893,0.058512
1.4978e-07,0.048822,0.058506
1.5542e-07,0.048751,0.058502
1.607e-07,0.048681,0.058499
1.6559e-07,0.048612,0.058499
1.7006e-07,0.048545,0.058499
1.7405e-07,0.04848,0.058502
1.7754e-07,0.048416,0.058506
1.8048e-07,0.048353,0.058512
1.8284e-07,0.048293,0.058519
1.8457e-07,0.048234,0.058527
1.8565e-07,0.048178,0.058537
1.8602e-07,0.048123,0.058549
1.8567e-07,0.048071,0.058562
1.8454e-07,0.04802,0.058576
1.8261e-07,0.047972,0.058591
1.7985e-07,0.047926,0.058607
1.7623e-07,0.047882,0.058624
1.7171e-07,0.047841,0.058642
1.6628e-07,0.047802,0.058661
1.599e-07,0.047765,0.058681
1.5257e-07,0.04773,0.058701
1.4426e-07,0.047697,0.058721
1.3496e-07,0.047667,0.058743
1.2465e-07,0.047638,0.058764
1.1333e-07,0.047612,0.058786
1.0099e-07,0.047588,0.058808
8.7642e-08,0.047565,0.058829
7.3279e-08,0.047545,0.058851
5.7911e-08,0.047526,0.058873
4.1552e-08,0.047509,0.058894
2.422e-08,0.047494,0.058915
5.9351e-09,0.04748,0.058935
-1.3274e-08,0.047468,0.058955
-3.3376e-08,0.047457,0.058974
-5.4334e-08,0.047447,0.058993
-7.6105e-08,0.047439,0.059011
-9.864e-08,0.047432,0.059028
-1.2189e-07,0.047426,0.059044
-1.4579e-07,0.047421,0.059059
-1.7028e-07,0.047416,0.059073
-1.9528e-07,0.047413,0.059086
-2.2073e-07,0.047411,0.059098
-2.4654e-07,0.047409,0.059109
-2.7263e-07,0.047408,0.059119
-2.989e-07,0.047407,0.059128
-3.2526e-07,0.047407,0.059135
-3.516e-07,0.047407,0.059142
-3.7782e-07,0.047408,0.059147
-4.038e-07,0.04741,0.059151
-4.2943e-07,0.047411,0.059154
-4.5459e-07,0.047414,0.059156
-4.7916e-07,0.047416,0.059157
-5.03e-07,0.047419,0.059157
-5.2598e-07,0.047422,0.059156
-5.4797e-07,0.047426,0.059154
-5.6883e-07,0.04743,0.059152
-5.8842e-07,0.047434,0.059149
-6.066e-07,0.047439,0.059145
-6.2323e-07,0.047444,0.059141
-6.3816e-07,0.04745,0.059136
-6.5125e-07,0.047457,0.059131
-6.6236e-07,0.047463,0.059126
-6.7134e-07,0.047471,0.059121
-6.7805e-07,0.047479,0.059117
-6.8237e-07,0.047488,0.059112
-6.8414e-07,0.047497,0.059107
-6.8324e-07,0.047508,0.059103
-6.7954e-07,0.047519,0.0591
-6.7292e-07,0.047531,0.059097
-6.6326e-07,0.047544,0.059095
-6.5046e-07,0.047557,0.059094
-6.344e-07,0.047572,0.059094
-6.15e-07,0.047588,0.059095
-5.9217e-07,0.047605,0.059097
-5.6583e-07,0.047623,0.0591
-5.3593e-07,0.047642,0.059105
-5.0239e-07,0.047663,0.059111
-4.6519e-07,0.047684,0.059119
-4.2429e-07,0.047707,0.059128
-3.7968e-07,0.047731,0.059139
-3.3136e-07,0.047756,0.059151
-2.7934e-07,0.047782,0.059165
-2.2364e-07,0.047809,0.059181
-1.6432e-07,0.047837,0.059199
-1.0144e-07,0.047866,0.059218
-3.5077e-08,0.047897,0.059239
3.4672e-08,0.047928,0.059262
1.0769e-07,0.04796,0.059286
1.8384e-07,0.047993,0.059312
2.6296e-07,0.048027,0.059339
3.4489e-07,0.048062,0.059368
4.2942e-07,0.048097,0.059399
5.1634e-07,0.048133,0.059431
6.0542e-07,0.04817,0.059464
6.964e-07,0.048206,0.059498
7.8901e-07,0.048244,0.059534
8.8294e-07,0.048281,0.05957
9.7788e-07,0.048318,0.059608
1.0735e-06,0.048356,0.059646
1.1694e-06,0.048393,0.059685
1.2653e-06,0.04843,0.059724
1.3607e-06,0.048467,0.059764
1.4553e-06,0.048503,0.059804
1.5486e-06,0.048539,0.059844
1.6401e-06,0.048574,0.059885
1.7295e-06,0.048608,0.059925
1.8162e-06,0.048642,0.059965
1.8998e-06,0.048674,0.060005
1.9797e-06,0.048706,0.060044
2.0555e-06,0.048736,0.060083
2.1266e-06,0.048765,0.060121
2.1926e-06,0.048792,0.060158
2.2529e-06,0.048818,0.060194
2.3069e-06,0.048843,0.06023
2.3542e-06,0.048866,0.060264
2.3942e-06,0.048887,0.060297
2.4263e-06,0.048907,0.060328
2.4502e-06,0.048924,0.060358
2.4652e-06,0.04894,0.060387
2.471e-06,0.048954,0.060414
2.4669e-06,0.048966,0.060439
2.4525e-06,0.048976,0.060462
2.4274e-06,0.048983,0.060484
2.3911e-06,0.048989,0.060504
2.3432e-06,0.048993,0.060521
2.2835e-06,0.048995,0.060537
2.2114e-06,0.048994,0.060551
2.1267e-06,0.048992,0.060562
2.0292e-06,0.048988,0.060572
1.9185e-06,0.048981,0.060579
1.7945e-06,0.048973,0.060584
1.6571e-06,0.048963,0.060587
1.506e-06,0.048951,0.060588
1.3414e-06,0.048937,0.060587
1.1631e-06,0.048921,0.060583
9.7118e-07,0.048904,0.060577
7.6584e-07,0.048885,0.060569
5.472e-07,0.048865,0.060559
3.1551e-07,0.048843,0.060547
7.1069e-08,0.048819,0.060533
-1.8576e-07,0.048795,0.060516
-4.5452e-07,0.048769,0.060498
-7.3472e-07,0.048742,0.060478
-1.0258e-06,0.048715,0.060455
-1.327e-06,0.048686,0.060431
-1.6377e-06,0.048657,0.060405
-1.957e-06,0.048627,0.060377
-2.284e-06,0.048597,0.060347
-2.6179e-06,0.048566,0.060316
-2.9574e-06,0.048535,0.060283
-3.3016e-06,0.048504,0.060248
-3.6492e-06,0.048472,0.060212
-3.9989e-06,0.048441,0.060175
-4.3494e-06,0.04841,0.060136
-4.6993e-06,0.048379,0.060095
-5.047e-06,0.048349,0.060054
-5.391e-06,0.048319,0.060011
-5.7297e-06,0.04829,0.059967
-6.0613e-06,0.048262,0.059922
-6.3841e-06,0.048234,0.059875
-6.6962e-06,0.048207,0.059828
-6.9959e-06,0.048181,0.05978
-7.2811e-06,0.048157,0.059731
-7.5499e-06,0.048133,0.05968
-7.8004e-06,0.04811,0.05963
-8.0304e-06,0.048089,0.059578
-8.2379e-06,0.048069,0.059525
-8.4208e-06,0.04805,0.059472
-8.577e-06,0.048033,0.059418
-8.7044e-06,0.048017,0.059364
-8.801e-06,0.048002,0.059309
-8.8645e-06,0.047989,0.059253
-8.8929e-06,0.047977,0.059197
-8.8842e-06,0.047967,0.05914
-8.8363e-06,0.047958,0.059083
-8.7472e-06,0.047951,0.059025
-8.615e-06,0.047945,0.058967
-8.4379e-06,0.04794,0.058908
-8.214e-06,0.047937,0.058849
-7.9415e-06,0.047935,0.05879
-7.619e-06,0.047935,0.05873
-7.2447e-06,0.047936,0.05867
-6.8174e-06,0.047938,0.05861
-6.3356e-06,0.047941,0.058549
-5.7982e-06,0.047945,0.058488
-5.2041e-06,0.047951,0.058428
-4.5525e-06,0.047958,0.058367
-3.8426e-06,0.047965,0.058306
-3.0737e-06,0.047974,0.058245
-2.2456e-06,0.047983,0.058184
-1.3579e-06,0.047994,0.058123
-4.1057e-07,0.048005,0.058063
5.9615e-07,0.048017,0.058003
1.6619e-06,0.04803,0.057943
2.7862e-06,0.048043,0.057884
3.9683e-06,0.048057,0.057825
5.207e-06,0.048071,0.057766
6.5013e-06,0.048087,0.057709
7.8496e-06,0.048102,0.057652
9.2503e-06,0.048118,0.057596
1.0701e-05,0.048134,0.057541
1.2201e-05,0.048151,0.057487
1.3746e-05,0.048168,0.057434
1.5335e-05,0.048186,0.057382
1.6964e-05,0.048204,0.057332
1.863e-05,0.048222,0.057283
2.0331e-05,0.04824,0.057235
2.2062e-05,0.048259,0.057189
2.382e-05,0.048278,0.057145
2.56e-05,0.048298,0.057102
2.74e-05,0.048317,0.057061
2.9214e-05,0.048338,0.057022
3.1038e-05,0.048358,0.056985
3.2867e-05,0.048379,0.056949
3.4697e-05,0.0484,0.056916
3.6523e-05,0.048422,0.056885
3.8339e-05,0.048445,0.056856
4.0141e-05,0.048468,0.056829
4.1923e-05,0.048491,0.056805
4.368e-05,0.048515,0.056782
4.5406e-05,0.04854,0.056762
4.7098e-05,0.048566,0.056744
4.8748e-05,0.048592,0.056729
5.0352e-05,0.048619,0.056716
5.1904e-05,0.048647,0.056705
5.34e-05,0.048676,0.056696
5.4835e-05,0.048706,0.05669
5.6203e-05,0.048737,0.056685
5.75e-05,0.048769,0.056684
5.8721e-05,0.048802,0.056684
5.9861e-05,0.048835,0.056687
6.0918e-05,0.04887,0.056691
6.1886e-05,0.048906,0.056698
6.2763e-05,0.048943,0.056707
6.3544e-05,0.048981,0.056718
6.4228e-05,0.04902,0.056731
6.481e-05,0.04906,0.056746
6.5291e-05,0.049101,0.056763
6.5666e-05,0.049143,0.056781
6.5935e-05,0.049185,0.056802
6.6097e-05,0.049229,0.056824
6.6151e-05,0.049273,0.056848
6.6097e-05,0.049318,0.056873
6.5935e-05,0.049363,0.0569
6.5666e-05,0.049409,0.056928
6.5291e-05,0.049455,0.056958
6.481e-05,0.049501,0.056989
6.4228e-05,0.049548,0.057022
6.3544e-05,0.049594,0.057055
6.2763e-05,0.049641,0.05709
6.1886e-05,0.049687,0.057125
6.0918e-05,0.049733,0.057162
5.9861e-05,0.049778,0.057199
5.8721e-05,0.049822,0.057238
5.75e-05,0.049866,0.057277
5.6203e-05,0.049908,0.057316
5.4835e-05,0.049949,0.057357
5.34e-05,0.049989,0.057398
5.1904e-05,0.050027,0.057439
5.0352e-05,0.050064,0.057481
4.8748e-05,0.050098,0.057523
4.7098e-05,0.050131,0.057565
4.5406e-05,0.050161,0.057608
4.368e-05,0.050189,0.057651
4.1923e-05,0.050214,0.057693
4.0141e-05,0.050237,0.057736
3.8339e-05,0.050257,0.057779
3.6523e-05,0.050273,0.057821
3.4697e-05,0.050287,0.057864
3.2867e-05,0.050297,0.057905
3.1038e-05,0.050304,0.057947
2.9214e-05,0.050308,0.057988
2.74e-05,0.050307,0.058029
2.56e-05,0.050304,0.058069
2.382e-05,0.050296,0.058108
2.2062e-05,0.050284,0.058147
2.0331e-05,0.050269,0.058185
1.863e-05,0.050249,0.058222
1.6964e-05,0.050226,0.058258
1.5335e-05,0.050198,0.058293
1.3746e-05,0.050167,0.058327
1.2201e-05,0.050131,0.05836
1.0701e-05,0.050092,0.058391
9.2503e-06,0.050048,0.058422
7.8496e-06,0.05,0.058451
6.5013e-06,0.049949,0.058479
5.207e-06,0.049894,0.058506
3.9683e-06,0.049834,0.058531
2.7862e-06,0.049772,0.058554
1.6619e-06,0.049705,0.058576
5.9615e-07,0.049635,0.058596
-4.1057e-07,0.049562,0.058615
-1.3579e-06,0.049485,0.058632
-2.2456e-06,0.049406,0.058647
-3.0737e-06,0.049323,0.058661
-3.8426e-06,0.049238,0.058672
-4.5525e-06,0.04915,0.058682
-5.2041e-06,0.04906,0.05869
-5.7982e-06,0.048967,0.058696
-6.3356e-06,0.048873,0.058701
-6.8174e-06,0.048776,0.058703
-7.2447e-06,0.048678,0.058704
-7.619e-06,0.048579,0.058703
-7.9415e-06,0.048478,0.058699
-8.214e-06,0.048377,0.058695
-8.4379e-06,0.048274,0.058688
-8.615e-06,0.048171,0.05868
-8.7472e-06,0.048068,0.058669
-8.8363e-06,0.047964,0.058658
-8.8842e-06,0.04786,0.058644
-8.8929e-06,0.047757,0.058629
-8.8645e-06,0.047655,0.058613
-8.801e-06,0.047553,0.058595
-8.7044e-06,0.047451,0.058575
-8.577e-06,0.047351,0.058555
-8.4208e-06,0.047253,0.058533
-8.2379e-06,0.047155,0.05851
-8.0304e-06,0.04706,0.058486
-7.8004e-06,0.046966,0.058461
-7.5499e-06,0.046874,0.058435
-7.2811e-06,0.046784,0.058409
-6.9959e-06,0.046696,0.058381
-6.6962e-06,0.046611,0.058354
-6.3841e-06,0.046528,0.058326
-6.0613e-06,0.046448,0.058297
-5.7297e-06,0.046371,0.058268
-5.391e-06,0.046296,0.05824
-5.047e-06,0.046224,0.058211
-4.6993e-06,0.046155,0.058182
-4.3494e-06,0.046089,0.058154
-3.9989e-06,0.046026,0.058125
-3.6492e-06,0.045966,0.058098
-3.3016e-06,0.045909,0.05807
-2.9574e-06,0.045855,0.058044
-2.6179e-06,0.045804,0.058018
-2.284e-06,0.045756,0.057992
-1.957e-06,0.045711,0.057968
-1.6377e-06,0.045669,0.057945
-1.327e-06,0.04563,0.057922
-1.0258e-06,0.045594,0.057901
-7.3472e-07,0.04556,0.05788
-4.5452e-07,0.04553,0.057861
-1.8576e-07,0.045502,0.057843
7.1069e-08,0.045477,0.057827
3.1551e-07,0.045454,0.057811
5.472e-07,0.045434,0.057797
7.6584e-07,0.045416,0.057784
9.7118e-07,0.045401,0.057773
1.1631e-06,0.045388,0.057763
1.3414e-06,0.045377,0.057754
1.506e-06,0.045368,0.057746
1.6571e-06,0.045361,0.05774
1.7945e-06,0.045356,0.057735
1.9185e-06,0.045352,0.057731
2.0292e-06,0.045351,0.057728
2.1267e-06,0.045351,0.057726
2.2114e-06,0.045352,0.057726
2.2835e-06,0.045355,0.057726
2.3432e-06,0.04536,0.057728
2.3911e-06,0.045365,0.05773
2.4274e-06,0.045372,0.057733
2.4525e-06,0.04538,0.057738
2.4669e-06,0.04539,0.057742
2.471e-06,0.0454,0.057748
2.4652e-06,0.045411,0.057754
2.4502e-06,0.045424,0.05776
2.4263e-06,0.045437,0.057767
2.3942e-06,0.045451,0.057775
2.3542e-06,0.045467,0.057782
2.3069e-06,0.045483,0.05779
2.2529e-06,0.0455,0.057798
2.1926e-06,0.045517,0.057806
2.1266e-06,0.045536,0.057814
2.0555e-06,0.045555,0.057822
1.9797e-06,0.045576,0.05783
1.8998e-06,0.045597,0.057838
1.8162e-06,0.045619,0.057845
1.7295e-06,0.045642,0.057852
1.6401e-06,0.045666,0.057859
1.5486e-06,0.045691,0.057866
1.4553e-06,0.045716,0.057872
1.3607e-06,0.045743,0.057877
1.2653e-06,0.04577,0.057882
1.1694e-06,0.045799,0.057887
1.0735e-06,0.045829,0.057891
9.7788e-07,0.045859,0.057894
8.8294e-07,0.045891,0.057897
7.8901e-07,0.045924,0.057899
6.964e-07,0.045958,0.0579
6.0542e-07,0.045993,0.057901
5.1634e-07,0.046029,0.057901
4.2942e-07,0.046066,0.0579
3.4489e-07,0.046105,0.057899
2.6296e-07,0.046144,0.057897
1.8384e-07,0.046185,0.057895
1.0769e-07,0.046227,0.057891
3.4672e-08,0.04627,0.057887
-3.5077e-08,0.046314,0.057882
-1.0144e-07,0.046359,0.057877
-1.6432e-07,0.046406,0.057871
-2.2364e-07,0.046453,0.057864
-2.7934e-07,0.046502,0.057857
-3.3136e-07,0.046551,0.057848
-3.7968e-07,0.046602,0.05784
-4.2429e-07,0.046653,0.05783
-4.6519e-07,0.046706,0.05782
-5.0239e-07,0.046759,0.057809
-5.3593e-07,0.046813,0.057797
-5.6583e-07,0.046867,0.057785
-5.9217e-07,0.046923,0.057772
-6.15e-07,0.046979,0.057759
-6.344e-07,0.047035,0.057744
-6.5046e-07,0.047092,0.057729
-6.6326e-07,0.04715,0.057714
-6.7292e-07,0.047207,0.057698
-6.7954e-07,0.047265,0.057681
-6.8324e-07,0.047323,0.057663
-6.8414e-07,0.047381,0.057645
-6.8237e-07,0.047438,0.057626
-6.7805e-07,0.047496,0.057606
-6.7134e-07,0.047553,0.057586
-6.6236e-07,0.04761,0.057565
-6.5125e-07,0.047667,0.057543
-6.3816e-07,0.047723,0.057521
-6.2323e-07,0.047778,0.057498
-6.066e-07,0.047833,0.057475
-5.8842e-07,0.047887,0.057451
-5.6883e-07,0.04794,0.057426
-5.4797e-07,0.047992,0.057401
-5.2598e-07,0.048043,0.057375
-5.03e-07,0.048092,0.057349
-4.7916e-07,0.048141,0.057323
-4.5459e-07,0.048188,0.057296
-4.2943e-07,0.048234,0.057268
-4.038e-07,0.048278,0.05724
-3.7782e-07,0.048321,0.057212
-3.516e-07,0.048363,0.057184
-3.2526e-07,0.048403,0.057155
-2.989e-07,0.048441,0.057127
-2.7263e-07,0.048477,0.057098
-2.4654e-07,0.048512,0.057069
-2.2073e-07,0.048545,0.05704
-1.9528e-07,0.048577,0.057011
-1.7028e-07,0.048606,0.056982
-1.4579e-07,0.048634,0.056953
-1.2189e-07,0.04866,0.056925
-9.864e-08,0.048684,0.056897
-7.6105e-08,0.048707,0.056869
-5.4334e-08,0.048728,0.056842
-3.3376e-08,0.048747,0.056815
-1.3274e-08,0.048764,0.056789
5.9351e-09,0.048779,0.056763
2.422e-08,0.048793,0.056738
4.1552e-08,0.048806,0.056714
5.7911e-08,0.048817,0.056691
7.3279e-08,0.048826,0.056669
8.7642e-08,0.048833,0.056647
1.0099e-07,0.04884,0.056627
1.1333e-07,0.048845,0.056608
1.2465e-07,0.048848,0.05659
1.3496e-07,0.048851,0.056573
1.4426e-07,0.048852,0.056558
1.5257e-07,0.048852,0.056544
1.599e-07,0.048851,0.056531
1.6628e-07,0.048849,0.05652
1.7171e-07,0.048846,0.05651
1.7623e-07,0.048843,0.056502
1.7985e-07,0.048838,0.056495
1.8261e-07,0.048833,0.05649
1.8454e-07,0.048827,0.056487
1.8567e-07,0.048821,0.056485
1.8602e-07,0.048814,0.056485
1.8565e-07,0.048806,0.056487
1.8457e-07,0.048798,0.056491
1.8284e-07,0.04879,0.056496
1.8048e-07,0.048782,0.056504
1.7754e-07,0.048773,0.056513
1.7405e-07,0.048764,0.056524
1.7006e-07,0.048754,0.056537
1.6559e-07,0.048745,0.056552
1.607e-07,0.048735,0.056569
1.5542e-07,0.048726,0.056588
1.4978e-07,0.048716,0.056608
1.4384e-07,0.048706,0.056631
1.3762e-07,0.048696,0.056655
1.3116e-07,0.048686,0.056681
1.245e-07,0.048676,0.056709
1.1767e-07,0.048665,0.056739
1.1071e-07,0.048655,0.056771
1.0364e-07,0.048644,0.056804
9.6515e-08,0.048633,0.056839
8.9348e-08,0.048622,0.056876
8.2173e-08,0.048611,0.056914
7.5018e-08,0.0486,0.056954
6.791e-08,0.048588,0.056995
6.0874e-08,0.048576,0.057037
5.3933e-08,0.048563,0.057081
4.7111e-08,0.04855,0.057126
4.0427e-08,0.048537,0.057173
3.3901e-08,0.048523,0.05722
2.755e-08,0.048508,0.057268
2.1392e-08,0.048493,0.057317
1.544e-08,0.048477,0.057367
9.7081e-09,0.04846,0.057417
4.2077e-09,0.048443,0.057468
-1.0507e-09,0.048424,0.057519
-6.0583e-09,0.048405,0.05757
-1.0807e-08,0.048385,0.057622
-1.5292e-08,0.048364,0.057673
-1.9507e-08,0.048342,0.057724
-2.3449e-08,0.048319,0.057774
-2.7116e-08,0.048296,0.057824
-3.0506e-08,0.048271,0.057873
-3.362e-08,0.048245,0.057922
-3.6458e-08,0.048218,0.057969
-3.9022e-08,0.04819,0.058015
-4.1315e-08,0.048161,0.05806
-4.3341e-08,0.048132,0.058103
-4.5106e-08,0.048101,0.058144
-4.6613e-08,0.048069,0.058184
-4.787e-08,0.048037,0.058221
-4.8884e-08,0.048003,0.058256
-4.9662e-08,0.047969,0.058289
-5.0212e-08,0.047935,0.05832
-5.0542e-08,0.047899,0.058348
-5.0662e-08,0.047863,0.058373
-5.0581e-08,0.047826,0.058395
-5.0309e-08,0.047789,0.058414
-4.9856e-08,0.047752,0.05843
-4.9232e-08,0.047714,0.058443
-4.8448e-08,0.047676,0.058453
-4.7514e-08,0.047638,0.058459
-4.644e-08,0.0476,0.058462
-4.5238e-08,0.047562,0.058461
-4.3918e-08,0.047525,0.058457
-4.249e-08,0.047487,0.058449
-4.0966e-08,0.047451,0.058437
-3.9356e-08,0.047414,0.058422
-3.7669e-08,0.047378,0.058403
-3.5916e-08,0.047343,0.058381
-3.4107e-08,0.047309,0.058355
-3.2252e-08,0.047276,0.058325
-3.0359e-08,0.047244,0.058292
-2.8438e-08,0.047213,0.058255
-2.6498e-08,0.047183,0.058215
-2.4547e-08,0.047154,0.058172
-2.2592e-08,0.047127,0.058126
-2.0643e-08,0.047102,0.058076
-1.8705e-08,0.047078,0.058024
-1.6786e-08,0.047056,0.057968
-1.4892e-08,0.047036,0.05791
-1.303e-08,0.047017,0.057849
-1.1205e-08,0.047,0.057786
-9.4226e-09,0.046986,0.057721
-7.6874e-09,0.046973,0.057653
-6.0041e-09,0.046962,0.057584
-4.3766e-09,0.046954,0.057513
-2.8086e-09,0.046948,0.05744
-1.3033e-09,0.046943,0.057367
1.3627e-10,0.046941,0.057291
1.5078e-09,0.046942,0.057215
2.8092e-09,0.046944,0.057139
4.0386e-09,0.046949,0.057061
5.1948e-09,0.046955,0.056983
6.2767e-09,0.046964,0.056905
7.2837e-09,0.046975,0.056827
8.2153e-09,0.046989,0.056749
9.0716e-09,0.047004,0.056672
9.8527e-09,0.047021,0.056595
1.0559e-08,0.047041,0.056519
1.1192e-08,0.047062,0.056443
1.1752e-08,0.047086,0.056369
1.224e-08,0.047111,0.056296
1.2658e-08,0.047138,0.056224
1.3008e-08,0.047167,0.056153
1.3291e-08,0.047197,0.056085
1.351e-08,0.047229,0.056018
1.3666e-08,0.047262,0.055952
1.3762e-08,0.047297,0.055889
1.3801e-08,0.047333,0.055828
1.3785e-08,0.047371,0.055769
1.3716e-08,0.047409,0.055712
1.3598e-08,0.047449,0.055657
1.3433e-08,0.04749,0.055605
1.3224e-08,0.047531,0.055555
1.2974e-08,0.047573,0.055508
1.2685e-08,0.047616,0.055463
1.2361e-08,0.047659,0.05542
1.2005e-08,0.047703,0.055381
1.1619e-08,0.047747,0.055343
1.1207e-08,0.047791,0.055309
1.077e-08,0.047835,0.055276
1.0313e-08,0.047879,0.055247
9.8373e-09,0.047923,0.05522
9.3461e-09,0.047967,0.055195
8.8419e-09,0.048011,0.055173
8.3273e-09,0.048053,0.055153
7.8047e-09,0.048096,0.055135
7.2766e-09,0.048137,0.05512
6.7452e-09,0.048177,0.055107
6.2128e-09,0.048217,0.055096
5.6814e-09,0.048255,0.055088
5.153e-09,0.048293,0.055081
4.6296e-09,0.048329,0.055076
4.1129e-09,0.048363,0.055073
3.6046e-09,0.048396,0.055072
3.1063e-09,0.048427,0.055073
2.6194e-09,0.048457,0.055075
2.1452e-09,0.048484,0.055078
1.685e-09,0.04851,0.055083
1.24e-09,0.048534,0.055089
8.1099e-10,0.048556,0.055097
3.9903e-10,0.048575,0.055105
4.8666e-12,0.048592,0.055114
-3.7082e-10,0.048607,0.055124
-7.2744e-10,0.04862,0.055135
-1.0645e-09,0.04863,0.055147
-1.3817e-09,0.048638,0.055159
-1.6786e-09,0.048643,0.055171
-1.9552e-09,0.048646,0.055184
-2.2112e-09,0.048646,0.055196
-2.4467e-09,0.048644,0.055209
-2.6617e-09,0.048639,0.055222
-2.8564e-09,0.048631,0.055235
-3.0309e-09,0.04862,0.055248
-3.1856e-09,0.048608,0.05526
-3.3207e-09,0.048592,0.055272
-3.4367e-09,0.048574,0.055284
-3.534e-09,0.048553,0.055294
-3.6131e-09,0.04853,0.055305
-3.6745e-09,0.048504,0.055314
-3.719e-09,0.048476,0.055323
-3.747e-09,0.048445,0.055331
-3.7592e-09,0.048412,0.055338
-3.7564e-09,0.048377,0.055344
-3.7392e-09,0.048339,0.055349
-3.7085e-09,0.0483,0.055353
-3.6649e-09,0.048258,0.055355
-3.6092e-09,0.048214,0.055357
-3.5422e-09,0.048169,0.055357
-3.4647e-09,0.048121,0.055356
-3.3775e-09,0.048072,0.055353
-3.2814e-09,0.048021,0.055349
-3.1771e-09,0.047969,0.055344
-3.0655e-09,0.047915,0.055337
-2.9473e-09,0.04786,0.055329
-2.8233e-09,0.047804,0.05532
-2.6942e-09,0.047747,0.055308
-2.5608e-09,0.047688,0.055296
-2.4238e-09,0.047629,0.055282
-2.2839e-09,0.04757,0.055266
-2.1417e-09,0.047509,0.055249
-1.998e-09,0.047448,0.05523
-1.8533e-09,0.047387,0.05521
-1.7083e-09,0.047326,0.055188
-1.5635e-09,0.047264,0.055165
-1.4194e-09,0.047203,0.055141
-1.2767e-09,0.047141,0.055115
-1.1357e-09,0.04708,0.055088
-9.9694e-10,0.047019,0.055059
-8.6088e-10,0.046959,0.055029
-7.2788e-10,0.046899,0.054998
-5.9831e-10,0.04684,0.054966
-4.7252e-10,0.046782,0.054933
-3.5081e-10,0.046725,0.054899
-2.3347e-10,0.046668,0.054863
-1.2073e-10,0.046613,0.054827
-1.2812e-11,0.046559,0.05479
9.0088e-11,0.046506,0.054753
1.8781e-10,0.046455,0.054715
2.8022e-10,0.046405,0.054676
3.6722e-10,0.046356,0.054637
4.4872e-10,0.04631,0.054598
5.2466e-10,0.046264,0.054558
5.9502e-10,0.046221,0.054519
6.5978e-10,0.046179,0.05448
7.1897e-10,0.046139,0.054441
7.726e-10,0.046101,0.054402
8.2074e-10,0.046065,0.054364
8.6345e-10,0.046031,0.054326
9.0084e-10,0.045998,0.054289
9.3299e-10,0.045968,0.054254
9.6005e-10,0.04594,0.054219
9.8213e-10,0.045914,0.054185
9.9939e-10,0.04589,0.054153
1.012e-09,0.045869,0.054123
1.0201e-09,0.045849,0.054094
1.0239e-09,0.045832,0.054067
1.0236e-09,0.045817,0.054042
1.0193e-09,0.045804,0.054019
1.0113e-09,0.045793,0.053999
9.9982e-10,0.045784,0.053981
9.8499e-10,0.045778,0.053965
9.6707e-10,0.045773,0.053952
9.4626e-10,0.045771,0.053942
9.2279e-10,0.045771,0.053935
8.9685e-10,0.045773,0.05393
8.6868e-10,0.045778,0.053929
8.3848e-10,0.045784,0.053931
8.0647e-10,0.045792,0.053936
7.7285e-10,0.045802,0.053944
7.3783e-10,0.045815,0.053956
7.0161e-10,0.045829,0.053971
6.6439e-10,0.045845,0.053989
6.2635e-10,0.045863,0.054011
5.8769e-10,0.045883,0.054037
5.4857e-10,0.045905,0.054065
5.0918e-10,0.045928,0.054098
4.6967e-10,0.045953,0.054133
4.302e-10,0.04598,0.054172
3.9093e-10,0.046009,0.054214
3.52e-10,0.046039,0.054259
3.1354e-10,0.04607,0.054308
2.7567e-10,0.046103,0.054359
2.3852e-10,0.046137,0.054413
2.0219e-10,0.046173,0.05447
1.6679e-10,0.04621,0.05453
1.3241e-10,0.046248,0.054592
9.9126e-11,0.046287,0.054657
6.7026e-11,0.046328,0.054724
3.6174e-11,0.04637,0.054792
6.6302e-12,0.046412,0.054863
-2.1552e-11,0.046456,0.054935
-4.8329e-11,0.046501,0.055008
-7.3663e-11,0.046546,0.055083
-9.7524e-11,0.046593,0.055159
-1.1989e-10,0.04664,0.055235
-1.4074e-10,0.046688,0.055312
-1.6008e-10,0.046737,0.055389
-1.7788e-10,0.046786,0.055466
-1.9417e-10,0.046836,0.055543
-2.0895e-10,0.046887,0.055619
-2.2222e-10,0.046938,0.055695
-2.3402e-10,0.04699,0.05577
-2.4436e-10,0.047042,0.055843
-2.5327e-10,0.047095,0.055915
-2.6079e-10,0.047148,0.055986
-2.6695e-10,0.047202,0.056054
-2.718e-10,0.047256,0.05612
-2.7537e-10,0.04731,0.056184
-2.777e-10,0.047365,0.056245
-2.7886e-10,0.04742,0.056303
-2.7889e-10,0.047475,0.056358
-2.7785e-10,0.04753,0.05641
-2.7578e-10,0.047586,0.056458
-2.7275e-10,0.047641,0.056503
-2.688e-10,0.047697,0.056543
-2.6401e-10,0.047753,0.05658
-2.5843e-10,0.047809,0.056613
-2.5211e-10,0.047864,0.056641
-2.4511e-10,0.04792,0.056665
-2.375e-10,0.047975,0.056684
-2.2933e-10,0.048031,0.056698
-2.2066e-10,0.048086,0.056708
-2.1155e-10,0.04814,0.056713
-2.0205e-10,0.048195,0.056713
-1.9221e-10,0.048249,0.056708
-1.821e-10,0.048303,0.056698
-1.7176e-10,0.048356,0.056683
-1.6124e-10,0.048409,0.056663
-1.5059e-10,0.048461,0.056639
-1.3987e-10,0.048513,0.056609
-1.2911e-10,0.048564,0.056574
-1.1835e-10,0.048614,0.056535
-1.0765e-10,0.048663,0.05649
-9.7029e-11,0.048711,0.056441
-8.6535e-11,0.048759,0.056388
-7.62e-11,0.048805,0.05633
-6.6056e-11,0.048851,0.056268
-5.6134e-11,0.048895,0.056202
-4.6461e-11,0.048938,0.056132
-3.7063e-11,0.048979,0.056058
-2.7963e-11,0.04902,0.05598
-1.9183e-11,0.049059,0.055899
-1.0741e-11,0.049096,0.055815
-2.6531e-12,0.049132,0.055728
5.0651e-12,0.049166,0.055638
1.2402e-11,0.049198,0.055545
1.9346e-11,0.049229,0.055451
2.589e-11,0.049258,0.055354
3.2027e-11,0.049285,0.055256
3.7752e-11,0.04931,0.055156
4.3063e-11,0.049333,0.055055
4.7959e-11,0.049354,0.054953
5.244e-11,0.049373,0.05485
5.6509e-11,0.049389,0.054747
6.0169e-11,0.049404,0.054643
6.3425e-11,0.049416,0.05454
6.6284e-11,0.049426,0.054437
6.8753e-11,0.049434,0.054335
7.0841e-11,0.049439,0.054234
7.2558e-11,0.049443,0.054134
7.3914e-11,0.049443,0.054035
7.4922e-11,0.049442,0.053938
7.5594e-11,0.049438,0.053843
7.5942e-11,0.049431,0.05375
7.5982e-11,0.049423,0.053659
7.5726e-11,0.049412,0.053571
7.5191e-11,0.049398,0.053486
7.4391e-11,0.049382,0.053403
7.3341e-11,0.049364,0.053324
7.2058e-11,0.049344,0.053247
7.0557e-11,0.049321,0.053174
6.8855e-11,0.049297,0.053105
6.6966e-11,0.04927,0.053039
6.4908e-11,0.049241,0.052976
6.2697e-11,0.049209,0.052918
6.0347e-11,0.049176,0.052863
5.7875e-11,0.049141,0.052812
5.5295e-11,0.049104,0.052765
5.2624e-11,0.049065,0.052722
4.9874e-11,0.049024,0.052683
4.7062e-11,0.048981,0.052648
4.4199e-11,0.048937,0.052616
4.1301e-11,0.048892,0.052589
3.8379e-11,0.048844,0.052565
3.5446e-11,0.048796,0.052545
3.2514e-11,0.048746,0.052529
2.9595e-11,0.048694,0.052516
2.6698e-11,0.048642,0.052507
2.3834e-11,0.048588,0.052502
2.1012e-11,0.048534,0.052499
1.8242e-11,0.048478,0.0525
1.5532e-11,0.048422,0.052504
1.2888e-11,0.048365,0.052511
1.032e-11,0.048307,0.05252
7.8314e-12,0.048248,0.052533
5.4298e-12,0.048189,0.052548
3.1201e-12,0.04813,0.052565
9.0678e-13,0.048071,0.052584
-1.2061e-12,0.048011,0.052606
-3.2151e-12,0.047951,0.052629
-5.1172e-12,0.047891,0.052654
-6.9103e-12,0.04783,0.052681
-8.5923e-12,0.04777,0.052709
-1.0162e-11,0.047711,0.052738
-1.1619e-11,0.047651,0.052769
-1.2962e-11,0.047592,0.0528
-1.4192e-11,0.047533,0.052832
-1.531e-11,0.047475,0.052865
-1.6315e-11,0.047417,0.052899
-1.721e-11,0.04736,0.052933
-1.7997e-11,0.047303,0.052967
-1.8676e-11,0.047247,0.053001
-1.9252e-11,0.047193,0.053035
-1.9725e-11,0.047138,0.053069
-2.01e-11,0.047085,0.053102
-2.0379e-11,0.047033,0.053135
-2.0566e-11,0.046982,0.053168
-2.0665e-11,0.046932,0.0532
-2.0678e-11,0.046883,0.053231
-2.0611e-11,0.046835,0.053262
-2.0467e-11,0.046789,0.053291
-2.025e-11,0.046744,0.053319
-1.9964e-11,0.0467,0.053346
-1.9614e-11,0.046658,0.053373
-1.9204e-11,0.046617,0.053397
-1.8739e-11,0.046577,0.053421
-1.8222e-11,0.046539,0.053443
-1.7659e-11,0.046502,0.053463
-1.7053e-11,0.046467,0.053483
-1.641e-11,0.046434,0.0535
-1.5732e-11,0.046402,0.053516
-1.5025e-11,0.046372,0.053531
-1.4293e-11,0.046344,0.053543
-1.3539e-11,0.046317,0.053555
-1.2767e-11,0.046293,0.053564
-1.1982e-11,0.04627,0.053572
-1.1187e-11,0.046248,0.053578
-1.0386e-11,0.046229,0.053583
-9.5809e-12,0.046211,0.053586
-8.7766e-12,0.046196,0.053587
-7.9757e-12,0.046182,0.053587
-7.1811e-12,0.04617,0.053585
-6.3957e-12,0.04616,0.053582
-5.6221e-12,0.046152,0.053577
-4.8628e-12,0.046146,0.053571
-4.1202e-12,0.046141,0.053563
-3.3963e-12,0.046139,0.053554
-2.6931e-12,0.046138,0.053544
-2.0125e-12,0.046139,0.053532
-1.3561e-12,0.046143,0.053519
-7.2534e-13,0.046147,0.053505
-1.2156e-13,0.046154,0.05349
4.5409e-13,0.046163,0.053474
1.0006e-12,0.046173,0.053457
1.5172e-12,0.046185,0.053439
2.0032e-12,0.046198,0.05342
2.458e-12,0.046213,0.0534
2.8813e-12,0.04623,0.05338
3.2727e-12,0.046248,0.053359
3.6323e-12,0.046268,0.053338
3.9599e-12,0.046289,0.053316
4.2557e-12,0.046312,0.053294
4.52e-12,0.046336,0.053272
4.7531e-12,0.046361,0.05325
4.9555e-12,0.046387,0.053227
5.1277e-12,0.046415,0.053205
5.2703e-12,0.046444,0.053183
5.3842e-12,0.046473,0.053161
5.4701e-12,0.046504,0.053139
5.5289e-12,0.046536,0.053118
5.5615e-12,0.046568,0.053097
5.569e-12,0.046602,0.053077
5.5524e-12,0.046636,0.053057
5.5129e-12,0.046671,0.053039
5.4515e-12,0.046707,0.053021
5.3695e-12,0.046743,0.053004
5.2681e-12,0.04678,0.052988
5.1486e-12,0.046817,0.052974
5.0121e-12,0.046855,0.05296
4.86e-12,0.046894,0.052948
4.6936e-12,0.046933,0.052937
4.5142e-12,0.046972,0.052928
4.323e-12,0.047012,0.052921
4.1213e-12,0.047052,0.052914
3.9104e-12,0.047092,0.05291
3.6917e-12,0.047132,0.052907
3.4662e-12,0.047173,0.052906
3.2353e-12,0.047213,0.052907
3.0001e-12,0.047254,0.05291
2.7619e-12,0.047295,0.052914
2.5217e-12,0.047335,0.05292
2.2807e-12,0.047376,0.052929
2.04e-12,0.047416,0.052939
1.8007e-12,0.047457,0.052951
1.5636e-12,0.047497,0.052965
1.3298e-12,0.047536,0.052981
1.1002e-12,0.047575,0.052999
8.7576e-13,0.047614,0.053018
6.5717e-13,0.047652,0.05304
4.4528e-13,0.04769,0.053063
2.4082e-13,0.047727,0.053088
4.4483e-14,0.047763,0.053115
-1.431e-13,0.047798,0.053143
-3.2134e-13,0.047833,0.053173
-4.8969e-13,0.047867,0.053205
-6.4766e-13,0.047899,0.053238
-7.9483e-13,0.04793,0.053273
-9.3079e-13,0.047961,0.053308
-1.0552e-12,0.047989,0.053346
-1.1678e-12,0.048017,0.053384
-1.2683e-12,0.048043,0.053423
-1.3566e-12,0.048067,0.053464
-1.4325e-12,0.04809,0.053505
-1.4959e-12,0.048111,0.053548
-1.5467e-12,0.04813,0.053591
-1.585e-12,0.048148,0.053635
-1.6109e-12,0.048163,0.053679
-1.6243e-12,0.048176,0.053724
-1.6255e-12,0.048187,0.05377
-1.6146e-12,0.048196,0.053816
-1.5919e-12,0.048203,0.053863
-1.5575e-12,0.048207,0.053909
-1.5119e-12,0.048209,0.053956
-1.4554e-12,0.048209,0.054004
-1.3882e-12,0.048206,0.054051
-1.3109e-12,0.0482,0.054099
-1.224e-12,0.048191,0.054147
-1.1278e-12,0.04818,0.054194
-1.0229e-12,0.048166,0.054242
-9.0983e-13,0.04815,0.05429
-7.8922e-13,0.04813,0.054338
-6.6164e-13,0.048108,0.054386
-5.2772e-13,0.048083,0.054433
-3.8813e-13,0.048055,0.054481
-2.4354e-13,0.048024,0.054529
-9.4656e-14,0.04799,0.054577
5.7796e-14,0.047954,0.054625
2.1308e-13,0.047914,0.054672
3.7043e-13,0.047872,0.05472
5.2908e-13,0.047827,0.054768
6.8824e-13,0.04778,0.054816
8.4711e-13,0.04773,0.054864
1.0049e-12,0.047677,0.054912
1.1608e-12,0.047621,0.054961
1.3139e-12,0.047563,0.055009
1.4635e-12,0.047503,0.055058
1.6088e-12,0.04744,0.055107
1.7488e-12,0.047376,0.055157
1.8829e-12,0.047309,0.055206
2.0101e-12,0.04724,0.055256
2.1297e-12,0.047169,0.055307
2.2409e-12,0.047097,0.055358
2.343e-12,0.047022,0.055409
2.4351e-12,0.046947,0.055461
2.5165e-12,0.04687,0.055513
2.5865e-12,0.046792,0.055565
2.6444e-12,0.046712,0.055619
2.6895e-12,0.046632,0.055672
2.7213e-12,0.046552,0.055726
2.739e-12,0.04647,0.055781
2.7422e-12,0.046388,0.055836
2.7302e-12,0.046306,0.055892
2.7027e-12,0.046224,0.055948
2.6591e-12,0.046142,0.056005
2.5991e-12,0.046061,0.056062
2.5223e-12,0.04598,0.056119
2.4284e-12,0.045899,0.056177
2.3173e-12,0.045819,0.056235
2.1886e-12,0.045741,0.056293
2.0424e-12,0.045663,0.056352
1.8784e-12,0.045587,0.05641
1.6969e-12,0.045513,0.056469
1.4978e-12,0.04544,0.056527
1.2813e-12,0.045369,0.056586
1.0476e-12,0.0453,0.056644
7.9707e-13,0.045233,0.056702
5.3006e-13,0.045168,0.05676
2.4702e-13,0.045106,0.056817
-5.1485e-14,0.045047,0.056873
-3.6484e-13,0.04499,0.056929
-6.9232e-13,0.044937,0.056983
-1.0331e-12,0.044886,0.057037
-1.3864e-12,0.044839,0.05709
-1.7512e-12,0.044795,0.057141
-2.1264e-12,0.044754,0.057192
-2.5109e-12,0.044717,0.05724
-2.9035e-12,0.044683,0.057287
-3.3029e-12,0.044653,0.057332
-3.7077e-12,0.044627,0.057375
-4.1163e-12,0.044605,0.057417
-4.5273e-12,0.044587,0.057456
-4.9391e-12,0.044573,0.057492
-5.3499e-12,0.044562,0.057526
-5.7579e-12,0.044556,0.057558
-6.1613e-12,0.044555,0.057587
-6.5583e-12,0.044557,0.057613
-6.9467e-12,0.044564,0.057637
-7.3247e-12,0.044574,0.057657
-7.6901e-12,0.044589,0.057674
-8.0409e-12,0.044609,0.057688
-8.3748e-12,0.044632,0.057699
-8.6897e-12,0.04466,0.057706
-8.9834e-12,0.044692,0.05771
-9.2537e-12,0.044728,0.057711
-9.4982e-12,0.044768,0.057708
-9.7149e-12,0.044812,0.057701
-9.9014e-12,0.044859,0.057691
-1.0056e-11,0.044911,0.057678
-1.0175e-11,0.044967,0.057661
-1.0258e-11,0.045026,0.057641
-1.0302e-11,0.045089,0.057617
-1.0306e-11,0.045155,0.05759
-1.0266e-11,0.045225,0.05756
-1.0182e-11,0.045298,0.057527
-1.0051e-11,0.045374,0.05749
-9.8721e-12,0.045453,0.05745
-9.6434e-12,0.045534,0.057408
-9.3633e-12,0.045619,0.057363
-9.0306e-12,0.045706,0.057315
-8.6441e-12,0.045795,0.057265
-8.2028e-12,0.045886,0.057213
-7.7058e-12,0.045979,0.057158
-7.1525e-12,0.046074,0.057102
-6.5423e-12,0.046171,0.057044
-5.8749e-12,0.046269,0.056984
-5.1505e-12,0.046369,0.056923
-4.369e-12,0.046469,0.056861
-3.531e-12,0.04657,0.056799
-2.6371e-12,0.046672,0.056735
-1.6882e-12,0.046774,0.056671
-6.8541e-13,0.046876,0.056607
3.6967e-13,0.046979,0.056543
1.4754e-12,0.047081,0.056479
2.6296e-12,0.047183,0.056416
3.8302e-12,0.047284,0.056353
5.0744e-12,0.047385,0.056291
6.3592e-12,0.047484,0.05623
7.6816e-12,0.047583,0.056171
9.0379e-12,0.04768,0.056112
1.0424e-11,0.047775,0.056056
1.1837e-11,0.047869,0.056001
1.327e-11,0.047961,0.055949
1.4721e-11,0.048051,0.055898
1.6183e-11,0.048139,0.05585
1.7651e-11,0.048225,0.055804
1.912e-11,0.048308,0.05576
2.0584e-11,0.048388,0.055719
2.2036e-11,0.048466,0.055681
2.347e-11,0.048541,0.055646
2.4879e-11,0.048612,0.055613
2.6257e-11,0.048681,0.055584
2.7596e-11,0.048747,0.055557
2.8889e-11,0.048809,0.055533
3.0128e-11,0.048868,0.055512
3.1307e-11,0.048924,0.055494
3.2416e-11,0.048976,0.05548
3.3448e-11,0.049025,0.055468
3.4395e-11,0.04907,0.055458
3.525e-11,0.049112,0.055452
3.6004e-11,0.04915,0.055449
3.6648e-11,0.049185,0.055448
3.7176e-11,0.049216,0.055449
3.7579e-11,0.049243,0.055454
3.785e-11,0.049267,0.05546
3.7981e-11,0.049287,0.05547
3.7964e-11,0.049304,0.055481
3.7792e-11,0.049317,0.055494
3.7459e-11,0.049327,0.055509
3.6957e-11,0.049334,0.055526
3.6281e-11,0.049337,0.055545
3.5425e-11,0.049337,0.055565
3.4383e-11,0.049334,0.055587
3.315e-11,0.049328,0.05561
3.1723e-11,0.049319,0.055634
3.0096e-11,0.049308,0.055659
2.8268e-11,0.049293,0.055684
2.6235e-11,0.049277,0.055711
2.3996e-11,0.049257,0.055738
2.1549e-11,0.049236,0.055765
1.8895e-11,0.049212,0.055792
1.6033e-11,0.049186,0.055819
1.2965e-11,0.049158,0.055846
9.6942e-12,0.049129,0.055873
6.2227e-12,0.049098,0.055899
2.5549e-12,0.049065,0.055925
-1.3038e-12,0.049031,0.05595
-5.3473e-12,0.048996,0.055975
-9.5683e-12,0.04896,0.055998
-1.3958e-11,0.048923,0.056021
-1.8508e-11,0.048885,0.056042
-2.3207e-11,0.048847,0.056062
-2.8044e-11,0.048808,0.056081
-3.3005e-11,0.048769,0.056098
-3.8078e-11,0.04873,0.056113
-4.3246e-11,0.04869,0.056128
-4.8493e-11,0.048651,0.05614
-5.3803e-11,0.048611,0.05615
-5.9156e-11,0.048572,0.056159
-6.4534e-11,0.048534,0.056166
-6.9915e-11,0.048496,0.056171
-7.5279e-11,0.048458,0.056174
-8.0603e-11,0.048421,0.056175
-8.5862e-11,0.048385,0.056174
-9.1033e-11,0.048349,0.056171
-9.6091e-11,0.048315,0.056166
-1.0101e-10,0.048281,0.056159
-1.0576e-10,0.048248,0.05615
-1.1032e-10,0.048216,0.056139
-1.1465e-10,0.048185,0.056126
-1.1874e-10,0.048156,0.05611
-1.2255e-10,0.048127,0.056093
-1.2604e-10,0.048099,0.056074
-1.292e-10,0.048072,0.056052
-1.32e-10,0.048046,0.056029
-1.344e-10,0.048022,0.056004
-1.3637e-10,0.047998,0.055977
-1.3789e-10,0.047975,0.055949
-1.3892e-10,0.047952,0.055918
-1.3944e-10,0.047931,0.055886
-1.3943e-10,0.04791,0.055853
-1.3885e-10,0.04789,0.055818
-1.3768e-10,0.04787,0.055781
-1.359e-10,0.047851,0.055743
-1.3348e-10,0.047832,0.055704
-1.304e-10,0.047814,0.055663
-1.2664e-10,0.047796,0.055622
-1.2218e-10,0.047777,0.055579
-1.1701e-10,0.047759,0.055535
-1.1111e-10,0.047741,0.05549
-1.0448e-10,0.047723,0.055445
-9.709e-11,0.047704,0.055399
-8.8947e-11,0.047685,0.055352
-8.0043e-11,0.047666,0.055305
-7.0377e-11,0.047646,0.055257
-5.995e-11,0.047625,0.055209
-4.8768e-11,0.047604,0.055161
-3.6837e-11,0.047582,0.055112
-2.417e-11,0.047559,0.055064
-1.0782e-11,0.047535,0.055016
3.309e-12,0.04751,0.054968
1.8081e-11,0.047484,0.05492
3.3507e-11,0.047457,0.054873
4.9557e-11,0.047429,0.054826
6.6197e-11,0.0474,0.054779
8.3388e-11,0.047369,0.054733
1.0109e-10,0.047337,0.054689
1.1925e-10,0.047304,0.054644
1.3783e-10,0.04727,0.054601
1.5676e-10,0.047234,0.054559
1.7599e-10,0.047198,0.054518
1.9546e-10,0.04716,0.054478
2.151e-10,0.04712,0.05444
2.3483e-10,0.04708,0.054402
2.5458e-10,0.047039,0.054366
2.7428e-10,0.046996,0.054332
2.9384e-10,0.046953,0.054299
3.1317e-10,0.046908,0.054267
3.3219e-10,0.046863,0.054237
3.508e-10,0.046817,0.054209
3.6891e-10,0.04677,0.054182
3.8642e-10,0.046722,0.054158
4.0323e-10,0.046675,0.054135
4.1924e-10,0.046626,0.054113
4.3434e-10,0.046578,0.054094
4.4842e-10,0.046529,0.054077
4.6139e-10,0.04648,0.054061
4.7313e-10,0.046432,0.054047
4.8353e-10,0.046383,0.054036
4.925e-10,0.046335,0.054026
4.9991e-10,0.046287,0.054018
5.0566e-10,0.04624,0.054012
5.0965e-10,0.046193,0.054009
5.1178e-10,0.046148,0.054007
5.1195e-10,0.046103,0.054007
5.1005e-10,0.046059,0.054009
5.0599e-10,0.046017,0.054014
4.997e-10,0.045975,0.05402
4.9106e-10,0.045935,0.054028
4.8002e-10,0.045897,0.054039
4.665e-10,0.04586,0.054051
4.5042e-10,0.045825,0.054065
4.3173e-10,0.045792,0.054081
4.1037e-10,0.04576,0.054099
3.863e-10,0.045731,0.054119
3.5948e-10,0.045704,0.05414
3.2989e-10,0.045678,0.054164
2.9751e-10,0.045655,0.054188
2.6233e-10,0.045634,0.054215
2.2436e-10,0.045615,0.054243
1.8361e-10,0.045598,0.054273
1.4011e-10,0.045584,0.054304
9.3907e-11,0.045572,0.054337
4.5045e-11,0.045562,0.054371
-6.4045e-12,0.045554,0.054406
-6.0362e-11,0.045549,0.054443
-1.1673e-10,0.045546,0.054481
-1.7541e-10,0.045544,0.054519
-2.3626e-10,0.045545,0.054559
-2.9915e-10,0.045549,0.0546
-3.6394e-10,0.045554,0.054641
-4.3044e-10,0.045561,0.054683
-4.9847e-10,0.045569,0.054726
-5.6784e-10,0.04558,0.05477
-6.3833e-10,0.045592,0.054814
-7.0971e-10,0.045606,0.054858
-7.8173e-10,0.045622,0.054903
-8.5414e-10,0.045639,0.054949
-9.2666e-10,0.045657,0.054994
-9.99e-10,0.045676,0.05504
-1.0709e-09,0.045697,0.055085
-1.1419e-09,0.045718,0.055131
-1.2119e-09,0.045741,0.055177
-1.2804e-09,0.045764,0.055222
-1.3471e-09,0.045788,0.055268
-1.4116e-09,0.045813,0.055313
-1.4736e-09,0.045838,0.055358
-1.5327e-09,0.045864,0.055402
-1.5885e-09,0.04589,0.055446
-1.6407e-09,0.045917,0.055489
-1.6887e-09,0.045943,0.055532
-1.7323e-09,0.04597,0.055574
-1.7711e-09,0.045998,0.055616
-1.8046e-09,0.046025,0.055656
-1.8324e-09,0.046052,0.055696
-1.8542e-09,0.046079,0.055735
-1.8696e-09,0.046106,0.055773
-1.8782e-09,0.046134,0.05581
-1.8796e-09,0.046161,0.055846
-1.8735e-09,0.046188,0.05588
-1.8595e-09,0.046215,0.055914
-1.8373e-09,0.046241,0.055946
-1.8065e-09,0.046268,0.055976
-1.767e-09,0.046294,0.056006
-1.7183e-09,0.046321,0.056034
-1.6603e-09,0.046347,0.05606
-1.5928e-09,0.046374,0.056085
-1.5155e-09,0.0464,0.056108
-1.4282e-09,0.046426,0.056129
-1.3309e-09,0.046453,0.056148
-1.2234e-09,0.046479,0.056166
-1.1056e-09,0.046506,0.056182
-9.7759e-10,0.046532,0.056195
-8.3932e-10,0.04656,0.056207
-6.9084e-10,0.046587,0.056217
-5.3226e-10,0.046615,0.056224
-3.6372e-10,0.046643,0.056229
-1.8541e-10,0.046671,0.056232
2.4342e-12,0.0467,0.056233
1.9952e-10,0.04673,0.056232
4.055e-10,0.04676,0.056228
6.1998e-10,0.046791,0.056222
8.4252e-10,0.046823,0.056213
1.0726e-09,0.046855,0.056202
1.3097e-09,0.046889,0.056188
1.5531e-09,0.046923,0.056172
1.8023e-09,0.046958,0.056154
2.0565e-09,0.046994,0.056133
2.3148e-09,0.047031,0.056109
2.5765e-09,0.047068,0.056083
2.8407e-09,0.047107,0.056055
3.1064e-09,0.047147,0.056024
3.3726e-09,0.047188,0.055991
3.6383e-09,0.04723,0.055956
3.9023e-09,0.047273,0.055918
4.1636e-09,0.047317,0.055878
4.4209e-09,0.047362,0.055836
4.673e-09,0.047407,0.055792
4.9187e-09,0.047454,0.055745
5.1565e-09,0.047502,0.055697
5.3852e-09,0.04755,0.055647
5.6034e-09,0.047599,0.055596
5.8096e-09,0.047649,0.055543
6.0025e-09,0.0477,0.055488
6.1807e-09,0.047751,0.055432
6.3426e-09,0.047803,0.055375
6.4869e-09,0.047855,0.055317
6.612e-09,0.047908,0.055258
6.7165e-09,0.04796,0.055198
6.7991e-09,0.048013,0.055138
6.8582e-09,0.048066,0.055077
6.8925e-09,0.048119,0.055016
6.9006e-09,0.048171,0.054955
6.8812e-09,0.048223,0.054894
6.833e-09,0.048275,0.054833
6.7548e-09,0.048326,0.054773
6.6455e-09,0.048377,0.054713
6.5039e-09,0.048426,0.054654
6.329e-09,0.048475,0.054596
6.1199e-09,0.048522,0.054539
5.8758e-09,0.048569,0.054484
5.5959e-09,0.048614,0.054429
5.2796e-09,0.048657,0.054377
4.9263e-09,0.048699,0.054326
4.5358e-09,0.048739,0.054277
4.1077e-09,0.048778,0.05423
3.6418e-09,0.048814,0.054185
3.1384e-09,0.048848,0.054143
2.5974e-09,0.04888,0.054103
2.0193e-09,0.048909,0.054065
1.4046e-09,0.048937,0.05403
7.539e-10,0.048961,0.053998
6.8132e-11,0.048983,0.053968
-6.5168e-10,0.049002,0.053941
-1.4043e-09,0.049018,0.053917
-2.1883e-09,0.049032,0.053896
-3.002e-09,0.049042,0.053877
-3.8437e-09,0.04905,0.053862
-4.7113e-09,0.049054,0.05385
-5.6025e-09,0.049055,0.05384
-6.515e-09,0.049053,0.053834
-7.4461e-09,0.049048,0.05383
-8.3929e-09,0.04904,0.053829
-9.3524e-09,0.049028,0.053831
-1.0321e-08,0.049013,0.053836
-1.1296e-08,0.048995,0.053843
-1.2273e-08,0.048973,0.053853
-1.3249e-08,0.048949,0.053866
-1.4219e-08,0.048921,0.053881
-1.518e-08,0.048891,0.053898
-1.6126e-08,0.048857,0.053918
-1.7054e-08,0.04882,0.053939
-1.7958e-08,0.048781,0.053963
-1.8834e-08,0.048738,0.053989
-1.9678e-08,0.048693,0.054016
-2.0483e-08,0.048646,0.054046
-2.1245e-08,0.048596,0.054076
-2.1959e-08,0.048543,0.054108
-2.2619e-08,0.048489,0.054142
-2.322e-08,0.048432,0.054176
-2.3757e-08,0.048374,0.054212
-2.4224e-08,0.048314,0.054248
-2.4616e-08,0.048252,0.054286
-2.4928e-08,0.048189,0.054323
-2.5155e-08,0.048125,0.054362
-2.5291e-08,0.04806,0.0544
-2.5331e-08,0.047994,0.054439
-2.5271e-08,0.047927,0.054477
-2.5106e-08,0.04786,0.054516
-2.4831e-08,0.047793,0.054554
-2.4442e-08,0.047725,0.054592
-2.3935e-08,0.047658,0.05463
-2.3307e-08,0.047591,0.054667
-2.2553e-08,0.047525,0.054703
-2.1671e-08,0.04746,0.054738
-2.0657e-08,0.047395,0.054773
-1.9511e-08,0.047332,0.054806
-1.8229e-08,0.04727,0.054838
-1.681e-08,0.047209,0.054869
-1.5253e-08,0.04715,0.054898
-1.3558e-08,0.047094,0.054926
-1.1725e-08,0.047039,0.054953
-9.7536e-09,0.046986,0.054978
-7.646e-09,0.046936,0.055001
-5.4037e-09,0.046888,0.055022
-3.0291e-09,0.046843,0.055041
-5.2535e-10,0.046801,0.055059
2.1039e-09,0.046761,0.055075
4.8541e-09,0.046725,0.055088
7.7201e-09,0.046692,0.0551
1.0696e-08,0.046661,0.055109
1.3775e-08,0.046635,0.055117
1.695e-08,0.046611,0.055122
2.0213e-08,0.046591,0.055125
2.3555e-08,0.046574,0.055126
2.6967e-08,0.046561,0.055125
3.0437e-08,0.046551,0.055121
3.3955e-08,0.046545,0.055115
3.7509e-08,0.046542,0.055108
4.1087e-08,0.046542,0.055098
4.4674e-08,0.046546,0.055086
4.8257e-08,0.046553,0.055072
5.1822e-08,0.046564,0.055055
5.5353e-08,0.046578,0.055037
5.8834e-08,0.046595,0.055017
6.2248e-08,0.046615,0.054995
6.5579e-08,0.046638,0.054971
6.8809e-08,0.046664,0.054946
7.1919e-08,0.046692,0.054919
7.4892e-08,0.046724,0.05489
7.7709e-08,0.046757,0.05486
8.035e-08,0.046793,0.054828
8.2796e-08,0.046832,0.054795
8.5028e-08,0.046872,0.054761
8.7025e-08,0.046915,0.054726
8.877e-08,0.046959,0.05469
9.0241e-08,0.047005,0.054653
9.142e-08,0.047052,0.054616
9.2287e-08,0.047101,0.054578
9.2824e-08,0.047151,0.054539
9.3012e-08,0.047202,0.0545
9.2833e-08,0.047254,0.054461
9.227e-08,0.047306,0.054422
9.1306e-08,0.04736,0.054383
8.9925e-08,0.047413,0.054345
8.8113e-08,0.047467,0.054306
8.5855e-08,0.047521,0.054268
8.3139e-08,0.047574,0.054231
7.9952e-08,0.047628,0.054194
7.6286e-08,0.047681,0.054158
7.213e-08,0.047734,0.054123
6.7478e-08,0.047786,0.05409
6.2325e-08,0.047838,0.054057
5.6665e-08,0.047889,0.054025
5.0497e-08,0.047938,0.053995
4.3821e-08,0.047987,0.053967
3.6639e-08,0.048035,0.05394
2.8956e-08,0.048081,0.053914
2.0776e-08,0.048126,0.053891
1.211e-08,0.04817,0.053869
2.9675e-09,0.048212,0.053849
-6.6372e-09,0.048253,0.05383
-1.6688e-08,0.048292,0.053814
-2.7167e-08,0.04833,0.0538
-3.8052e-08,0.048366,0.053787
-4.932e-08,0.0484,0.053777
-6.0944e-08,0.048432,0.053769
-7.2894e-08,0.048462,0.053763
-8.5138e-08,0.048491,0.053758
-9.7641e-08,0.048518,0.053756
-1.1037e-07,0.048543,0.053756
-1.2327e-07,0.048566,0.053758
-1.3631e-07,0.048588,0.053762
-1.4945e-07,0.048607,0.053769
-1.6263e-07,0.048625,0.053777
-1.758e-07,0.04864,0.053787
-1.8891e-07,0.048654,0.053799
-2.019e-07,0.048667,0.053812
-2.1472e-07,0.048677,0.053828
-2.273e-07,0.048686,0.053846
-2.3958e-07,0.048693,0.053865
-2.515e-07,0.048698,0.053886
-2.6299e-07,0.048702,0.053908
-2.7398e-07,0.048704,0.053932
-2.8441e-07,0.048705,0.053958
-2.9421e-07,0.048704,0.053985
-3.033e-07,0.048702,0.054013
-3.1161e-07,0.048698,0.054043
-3.1908e-07,0.048694,0.054074
-3.2562e-07,0.048687,0.054106
-3.3118e-07,0.04868,0.05414
-3.3567e-07,0.048671,0.054174
-3.3903e-07,0.048661,0.054209
-3.4118e-07,0.048651,0.054246
-3.4207e-07,0.048639,0.054283
-3.4162e-07,0.048626,0.054321
-3.3977e-07,0.048612,0.054359
-3.3646e-07,0.048598,0.054398
-3.3163e-07,0.048582,0.054438
-3.2523e-07,0.048566,0.054478
-3.172e-07,0.04855,0.054519
-3.075e-07,0.048532,0.05456
-2.9608e-07,0.048514,0.054601
-2.8292e-07,0.048496,0.054643
-2.6796e-07,0.048477,0.054684
-2.512e-07,0.048458,0.054726
-2.326e-07,0.048438,0.054768
-2.1215e-07,0.048418,0.05481
-1.8984e-07,0.048398,0.054851
-1.6568e-07,0.048378,0.054893
-1.3967e-07,0.048357,0.054934
-1.1182e-07,0.048337,0.054975
-8.2162e-08,0.048316,0.055016
-5.0721e-08,0.048295,0.055056
-1.7538e-08,0.048274,0.055096
1.7336e-08,0.048254,0.055135
5.3844e-08,0.048233,0.055174
9.1918e-08,0.048213,0.055212
1.3148e-07,0.048192,0.05525
1.7244e-07,0.048172,0.055286
2.1471e-07,0.048152,0.055322
2.5817e-07,0.048132,0.055357
3.0271e-07,0.048113,0.055392
3.482e-07,0.048094,0.055425
3.945e-07,0.048075,0.055458
4.4147e-07,0.048056,0.055489
4.8894e-07,0.048038,0.055519
5.3675e-07,0.04802,0.055549
5.8471e-07,0.048003,0.055577
6.3265e-07,0.047986,0.055604
6.8037e-07,0.04797,0.05563
7.2765e-07,0.047954,0.055654
7.7429e-07,0.047939,0.055678
8.2007e-07,0.047924,0.0557
8.6476e-07,0.04791,0.055721
9.0811e-07,0.047897,0.05574
9.499e-07,0.047884,0.055758
9.8986e-07,0.047872,0.055775
1.0278e-06,0.047861,0.055791
1.0633e-06,0.04785,0.055805
1.0963e-06,0.04784,0.055818
1.1264e-06,0.047831,0.05583
1.1534e-06,0.047822,0.05584
1.1771e-06,0.047815,0.055849
1.1971e-06,0.047808,0.055857
1.2132e-06,0.047802,0.055863
1.2251e-06,0.047797,0.055868
1.2326e-06,0.047793,0.055872
1.2355e-06,0.047789,0.055874
1.2334e-06,0.047787,0.055875
1.2262e-06,0.047785,0.055875
1.2137e-06,0.047785,0.055874
1.1955e-06,0.047785,0.055872
1.1716e-06,0.047786,0.055868
1.1417e-06,0.047789,0.055864
1.1057e-06,0.047792,0.055858
1.0634e-06,0.047796,0.055851
1.0146e-06,0.047801,0.055843
9.5925e-07,0.047807,0.055834
8.9726e-07,0.047813,0.055825
8.2853e-07,0.047821,0.055814
7.5301e-07,0.047829,0.055802
6.7068e-07,0.047838,0.05579
5.8153e-07,0.047848,0.055777
4.8559e-07,0.047859,0.055763
3.8292e-07,0.04787,0.055748
2.736e-07,0.047882,0.055733
1.5776e-07,0.047895,0.055717
3.5534e-08,0.047908,0.0557
-9.2879e-08,0.047921,0.055683
-2.2726e-07,0.047935,0.055666
-3.6736e-07,0.047949,0.055648
-5.1288e-07,0.047964,0.055629
-6.635e-07,0.047979,0.055611
-8.1883e-07,0.047994,0.055592
-9.7849e-07,0.048009,0.055573
-1.142e-06,0.048024,0.055554
-1.3089e-06,0.048039,0.055535
-1.4787e-06,0.048054,0.055515
-1.6508e-06,0.048068,0.055496
-1.8246e-06,0.048083,0.055477
-1.9995e-06,0.048097,0.055458
-2.1747e-06,0.048111,0.055439
-2.3496e-06,0.048124,0.055421
-2.5235e-06,0.048137,0.055403
-2.6955e-06,0.048149,0.055385
-2.8648e-06,0.048161,0.055368
-3.0306e-06,0.048172,0.055351
-3.192e-06,0.048182,0.055335
-3.3481e-06,0.048191,0.05532
-3.4979e-06,0.0482,0.055305
-3.6405e-06,0.048207,0.055291
-3.775e-06,0.048214,0.055278
-3.9002e-06,0.04822,0.055266
-4.0152e-06,0.048224,0.055254
-4.1189e-06,0.048228,0.055244
-4.2104e-06,0.04823,0.055235
-4.2885e-06,0.048232,0.055226
-4.3522e-06,0.048232,0.055219
-4.4005e-06,0.048231,0.055213
-4.4322e-06,0.048228,0.055209
-4.4464e-06,0.048225,0.055205
-4.4421e-06,0.04822,0.055203
-4.4181e-06,0.048214,0.055202
-4.3736e-06,0.048207,0.055203
-4.3075e-06,0.048198,0.055204
-4.2189e-06,0.048188,0.055208
-4.107e-06,0.048177,0.055213
-3.9708e-06,0.048165,0.055219
-3.8095e-06,0.048151,0.055226
-3.6224e-06,0.048136,0.055236
-3.4087e-06,0.04812,0.055246
-3.1678e-06,0.048103,0.055258
-2.8991e-06,0.048085,0.055272
-2.6021e-06,0.048065,0.055287
-2.2762e-06,0.048044,0.055303
-1.9213e-06,0.048022,0.055321
-1.5369e-06,0.048,0.05534
-1.1228e-06,0.047976,0.05536
-6.7893e-07,0.047951,0.055382
-2.0528e-07,0.047925,0.055404
2.9808e-07,0.047898,0.055428
8.3097e-07,0.047871,0.055453
1.3931e-06,0.047843,0.05548
1.9841e-06,0.047814,0.055507
2.6035e-06,0.047784,0.055534
3.2507e-06,0.047754,0.055563
3.9248e-06,0.047723,0.055592
4.6251e-06,0.047692,0.055622
5.3507e-06,0.047661,0.055652
6.1004e-06,0.047628,0.055683
6.8731e-06,0.047596,0.055713
7.6674e-06,0.047563,0.055744
8.4819e-06,0.047531,0.055775
9.3151e-06,0.047498,0.055805
1.0165e-05,0.047464,0.055836
1.1031e-05,0.047431,0.055866
1.191e-05,0.047398,0.055895
1.28e-05,0.047365,0.055923
1.37e-05,0.047332,0.055951
1.4607e-05,0.047299,0.055978
1.5519e-05,0.047266,0.056003
1.6434e-05,0.047234,0.056028
1.7349e-05,0.047202,0.056051
1.8262e-05,0.04717,0.056072
1.917e-05,0.047138,0.056092
2.007e-05,0.047107,0.05611
2.0961e-05,0.047077,0.056126
2.184e-05,0.047047,0.05614
2.2703e-05,0.047017,0.056153
2.3549e-05,0.046989,0.056162
2.4374e-05,0.04696,0.05617
2.5176e-05,0.046933,0.056175
2.5952e-05,0.046906,0.056178
2.67e-05,0.04688,0.056178
2.7417e-05,0.046855,0.056176
2.8101e-05,0.046831,0.05617
2.875e-05,0.046808,0.056163
2.936e-05,0.046785,0.056152
2.9931e-05,0.046764,0.056139
3.0459e-05,0.046744,0.056122
3.0943e-05,0.046725,0.056103
3.1381e-05,0.046707,0.056081
3.1772e-05,0.046691,0.056056
3.2114e-05,0.046675,0.056029
3.2405e-05,0.046661,0.055998
3.2645e-05,0.046649,0.055965
3.2833e-05,0.046638,0.055929
3.2967e-05,0.046628,0.05589
3.3048e-05,0.04662,0.055848
3.3075e-05,0.046613,0.055804
3.3048e-05,0.046608,0.055757
3.2967e-05,0.046605,0.055708
3.2833e-05,0.046604,0.055657
3.2645e-05,0.046604,0.055602
3.2405e-05,0.046606,0.055546
3.2114e-05,0.04661,0.055488
3.1772e-05,0.046616,0.055427
3.1381e-05,0.046623,0.055365
3.0943e-05,0.046633,0.0553
3.0459e-05,0.046644,0.055234
2.9931e-05,0.046658,0.055167
2.936e-05,0.046673,0.055098
2.875e-05,0.04669,0.055027
2.8101e-05,0.04671,0.054955
2.7417e-05,0.046731,0.054883
2.67e-05,0.046754,0.054809
2.5952e-05,0.04678,0.054734
2.5176e-05,0.046807,0.054659
2.4374e-05,0.046836,0.054584
2.3549e-05,0.046867,0.054507
2.2703e-05,0.046899,0.054431
2.184e-05,0.046934,0.054355
2.0961e-05,0.04697,0.054279
2.007e-05,0.047008,0.054203
1.917e-05,0.047048,0.054127
1.8261e-05,0.047089,0.054052
1.7349e-05,0.047132,0.053977
1.6434e-05,0.047176,0.053904
1.5519e-05,0.047221,0.053831
1.4607e-05,0.047268,0.053759
1.37e-05,0.047316,0.053689
1.28e-05,0.047365,0.05362
1.191e-05,0.047416,0.053553
1.1031e-05,0.047467,0.053487
1.0165e-05,0.047519,0.053423
9.3151e-06,0.047571,0.053361
8.4819e-06,0.047625,0.053301
7.6674e-06,0.047678,0.053243
6.8731e-06,0.047733,0.053187
6.1004e-06,0.047787,0.053134
5.3507e-06,0.047842,0.053083
4.6251e-06,0.047897,0.053035
3.9248e-06,0.047952,0.052989
3.2507e-06,0.048007,0.052946
2.6035e-06,0.048062,0.052906
1.9841e-06,0.048116,0.052869
1.3931e-06,0.04817,0.052835
8.3098e-07,0.048224,0.052803
2.9808e-07,0.048277,0.052775
-2.0527e-07,0.048329,0.05275
-6.7891e-07,0.048381,0.052728
-1.1228e-06,0.048432,0.052709
-1.5368e-06,0.048482,0.052694
-1.9213e-06,0.048532,0.052681
-2.2762e-06,0.04858,0.052672
-2.602e-06,0.048627,0.052666
-2.8991e-06,0.048673,0.052664
-3.1678e-06,0.048718,0.052664
-3.4086e-06,0.048762,0.052668
-3.6223e-06,0.048804,0.052675
-3.8094e-06,0.048846,0.052685
-3.9707e-06,0.048885,0.052698
-4.1069e-06,0.048924,0.052714
-4.2189e-06,0.048961,0.052733
-4.3075e-06,0.048997,0.052755
-4.3735e-06,0.049032,0.052779
-4.4181e-06,0.049065,0.052807
-4.442e-06,0.049096,0.052837
-4.4464e-06,0.049127,0.052869
-4.4322e-06,0.049155,0.052904
-4.4004e-06,0.049183,0.052941
-4.3521e-06,0.049209,0.05298
-4.2884e-06,0.049233,0.053022
-4.2103e-06,0.049256,0.053065
-4.1189e-06,0.049278,0.05311
-4.0151e-06,0.049298,0.053157
-3.9001e-06,0.049317,0.053205
-3.7749e-06,0.049335,0.053255
-3.6405e-06,0.049351,0.053305
-3.4979e-06,0.049366,0.053357
-3.348e-06,0.049379,0.05341
-3.192e-06,0.049392,0.053463
-3.0306e-06,0.049403,0.053517
-2.8648e-06,0.049413,0.053572
-2.6954e-06,0.049421,0.053627
-2.5234e-06,0.049429,0.053682
-2.3496e-06,0.049435,0.053736
-2.1747e-06,0.049441,0.053791
-1.9994e-06,0.049445,0.053845
-1.8246e-06,0.049448,0.053899
-1.6508e-06,0.04945,0.053952
-1.4787e-06,0.049451,0.054004
-1.3089e-06,0.049452,0.054056
-1.142e-06,0.049451,0.054106
-9.7846e-07,0.04945,0.054155
-8.1881e-07,0.049448,0.054203
-6.6348e-07,0.049445,0.054249
-5.1288e-07,0.049441,0.054294
-3.6736e-07,0.049437,0.054337
-2.2727e-07,0.049432,0.054378
-9.2898e-08,0.049427,0.054417
3.5507e-08,0.049421,0.054454
1.5772e-07,0.049414,0.054489
2.7356e-07,0.049407,0.054522
3.8286e-07,0.0494,0.054552
4.8553e-07,0.049392,0.05458
5.8145e-07,0.049384,0.054606
6.7059e-07,0.049375,0.054629
7.5292e-07,0.049367,0.05465
8.2842e-07,0.049358,0.054668
8.9714e-07,0.049348,0.054683
9.5912e-07,0.049339,0.054696
1.0144e-06,0.049329,0.054706
1.0632e-06,0.049319,0.054713
1.1055e-06,0.049308,0.054718
1.1416e-06,0.049298,0.05472
1.1714e-06,0.049287,0.054719
1.1953e-06,0.049276,0.054716
1.2135e-06,0.049265,0.05471
1.226e-06,0.049253,0.054701
1.2332e-06,0.049241,0.05469
1.2352e-06,0.049229,0.054676
1.2324e-06,0.049217,0.054659
1.2249e-06,0.049204,0.054641
1.2129e-06,0.049191,0.05462
1.1968e-06,0.049178,0.054596
1.1768e-06,0.049164,0.054571
1.1532e-06,0.04915,0.054543
1.1262e-06,0.049135,0.054514
1.096e-06,0.049119,0.054482
1.063e-06,0.049103,0.054449
1.0275e-06,0.049087,0.054414
9.8958e-07,0.04907,0.054378
9.4962e-07,0.049052,0.05434
9.0784e-07,0.049033,0.054301
8.6449e-07,0.049014,0.054261
8.1981e-07,0.048993,0.05422
7.7403e-07,0.048972,0.054178
7.274e-07,0.04895,0.054135
6.8012e-07,0.048927,0.054092
6.3242e-07,0.048903,0.054048
5.8449e-07,0.048878,0.054005
5.3654e-07,0.048852,0.05396
4.8874e-07,0.048825,0.053916
4.4129e-07,0.048796,0.053873
3.9434e-07,0.048767,0.053829
3.4806e-07,0.048736,0.053786
3.0259e-07,0.048704,0.053744
2.5807e-07,0.048671,0.053702
2.1464e-07,0.048636,0.053661
1.724e-07,0.048601,0.053621
1.3146e-07,0.048564,0.053582
9.1925e-08,0.048525,0.053545
5.388e-08,0.048486,0.053508
1.7403e-08,0.048445,0.053474
-1.7439e-08,0.048403,0.05344
-5.0589e-08,0.048359,0.053409
-8.1995e-08,0.048314,0.053379
-1.1162e-07,0.048268,0.053351
-1.3943e-07,0.048221,0.053325
-1.6541e-07,0.048172,0.053301
-1.8953e-07,0.048123,0.053278
-2.118e-07,0.048072,0.053258
-2.322e-07,0.048019,0.05324
-2.5077e-07,0.047966,0.053225
-2.6749e-07,0.047912,0.053211
-2.8241e-07,0.047856,0.0532
-2.9554e-07,0.0478,0.053191
-3.0691e-07,0.047743,0.053184
-3.1657e-07,0.047684,0.05318
-3.2456e-07,0.047625,0.053178
-3.3093e-07,0.047565,0.053178
-3.3572e-07,0.047505,0.053181
-3.39e-07,0.047443,0.053186
-3.4081e-07,0.047381,0.053193
-3.4123e-07,0.047319,0.053203
-3.4031e-07,0.047256,0.053214
-3.3813e-07,0.047193,0.053228
-3.3475e-07,0.047129,0.053244
-3.3023e-07,0.047065,0.053263
-3.2466e-07,0.047001,0.053283
-3.1809e-07,0.046936,0.053306
-3.1061e-07,0.046872,0.05333
-3.0229e-07,0.046807,0.053357
-2.9319e-07,0.046743,0.053385
-2.8339e-07,0.046679,0.053416
-2.7296e-07,0.046616,0.053448
-2.6197e-07,0.046552,0.053482
-2.5049e-07,0.04649,0.053517
-2.3858e-07,0.046427,0.053554
-2.2631e-07,0.046366,0.053593
-2.1376e-07,0.046305,0.053633
-2.0097e-07,0.046246,0.053675
-1.8801e-07,0.046187,0.053718
-1.7493e-07,0.046129,0.053762
-1.6181e-07,0.046073,0.053807
-1.4868e-07,0.046018,0.053854
-1.356e-07,0.045964,0.053901
-1.2261e-07,0.045912,0.05395
-1.0977e-07,0.045862,0.053999
-9.7116e-08,0.045813,0.054049
-8.4689e-08,0.045766,0.0541
-7.2526e-08,0.045721,0.054151
-6.0663e-08,0.045678,0.054203
-4.9132e-08,0.045637,0.054256
-3.7962e-08,0.045599,0.054308
-2.718e-08,0.045562,0.054362
-1.6809e-08,0.045529,0.054415
-6.8706e-09,0.045497,0.054469
2.6168e-09,0.045468,0.054522
1.1637e-08,0.045442,0.054576
2.0178e-08,0.045419,0.05463
2.8228e-08,0.045398,0.054683
3.5778e-08,0.045381,0.054736
4.2824e-08,0.045366,0.054789
4.9361e-08,0.045354,0.054842
5.5388e-08,0.045345,0.054894
6.0905e-08,0.045339,0.054946
6.5915e-08,0.045337,0.054997
7.0422e-08,0.045337,0.055048
7.4433e-08,0.045341,0.055097
7.7954e-08,0.045348,0.055146
8.0997e-08,0.045358,0.055194
8.3571e-08,0.045372,0.055241
8.5689e-08,0.045388,0.055288
8.7364e-08,0.045408,0.055333
8.8612e-08,0.045432,0.055377
8.9447e-08,0.045458,0.055419
8.9886e-08,0.045488,0.055461
8.9947e-08,0.045521,0.055501
8.9647e-08,0.045557,0.05554
8.9006e-08,0.045597,0.055577
8.8043e-08,0.045639,0.055613
8.6776e-08,0.045685,0.055647
8.5228e-08,0.045733,0.05568
8.3416e-08,0.045785,0.055711
8.1363e-08,0.045839,0.055741
7.9087e-08,0.045897,0.055768
7.661e-08,0.045957,0.055794
7.3952e-08,0.04602,0.055818
7.1133e-08,0.046085,0.05584
6.8172e-08,0.046153,0.05586
6.509e-08,0.046223,0.055879
6.1905e-08,0.046296,0.055895
5.8635e-08,0.046371,0.055909
5.53e-08,0.046448,0.055921
5.1916e-08,0.046527,0.055932
4.8502e-08,0.046608,0.05594
4.5072e-08,0.04669,0.055946
4.1643e-08,0.046775,0.055949
3.823e-08,0.04686,0.055951
3.4847e-08,0.046948,0.055951
3.1508e-08,0.047036,0.055948
2.8226e-08,0.047125,0.055944
2.5012e-08,0.047215,0.055937
2.1877e-08,0.047306,0.055928
1.8832e-08,0.047398,0.055917
1.5886e-08,0.04749,0.055905
1.3048e-08,0.047583,0.05589
1.0325e-08,0.047675,0.055873
7.7249e-09,0.047768,0.055854
5.2531e-09,0.04786,0.055834
2.9148e-09,0.047952,0.055811
7.1458e-10,0.048044,0.055787
-1.3441e-09,0.048135,0.055762
-3.2585e-09,0.048225,0.055734
-5.0267e-09,0.048314,0.055706
-6.6474e-09,0.048402,0.055675
-8.1201e-09,0.048489,0.055644
-9.4452e-09,0.048574,0.055611
-1.0624e-08,0.048658,0.055577
-1.1657e-08,0.04874,0.055542
-1.2547e-08,0.04882,0.055506
-1.3298e-08,0.048898,0.05547
-1.3912e-08,0.048973,0.055433
-1.4394e-08,0.049046,0.055395
-1.4748e-08,0.049117,0.055357
-1.4979e-08,0.049185,0.055318
-1.5093e-08,0.04925,0.05528
-1.5096e-08,0.049312,0.055241
-1.4994e-08,0.049371,0.055202
-1.4793e-08,0.049427,0.055164
-1.4501e-08,0.04948,0.055126
-1.4124e-08,0.049529,0.055089
-1.3671e-08,0.049574,0.055053
-1.315e-08,0.049616,0.055017
-1.2567e-08,0.049654,0.054982
-1.1931e-08,0.049689,0.054949
-1.125e-08,0.049719,0.054917
-1.0533e-08,0.049746,0.054886
-9.787e-09,0.049768,0.054856
-9.0208e-09,0.049787,0.054829
-8.2425e-09,0.049801,0.054803
-7.4602e-09,0.049811,0.054779
-6.6819e-09,0.049817,0.054757
-5.9154e-09,0.049819,0.054738
-5.1685e-09,0.049816,0.05472
-4.4485e-09,0.049809,0.054705
-3.7627e-09,0.049798,0.054693
-3.1182e-09,0.049783,0.054683
-2.5216e-09,0.049764,0.054676
-1.9794e-09,0.04974,0.054671
-1.4975e-09,0.049713,0.05467
-1.0816e-09,0.049681,0.054671
-7.3702e-10,0.049645,0.054675
-4.6861e-10,0.049606,0.054682
-2.8081e-10,0.049562,0.054693
-1.7757e-10,0.049515,0.054706
-1.624e-10,0.049464,0.054722
-2.3829e-10,0.04941,0.054741
-4.0773e-10,0.049352,0.054764
-6.7268e-10,0.049292,0.054789
-1.0346e-09,0.049227,0.054817
-1.4942e-09,0.04916,0.054849
-2.052e-09,0.04909,0.054883
-2.7076e-09,0.049018,0.05492
-3.4602e-09,0.048942,0.05496
-4.3084e-09,0.048865,0.055002
-5.2502e-09,0.048785,0.055047
-6.2828e-09,0.048703,0.055094
-7.4033e-09,0.04862,0.055144
-8.6077e-09,0.048535,0.055196
-9.8917e-09,0.048448,0.055251
-1.125e-08,0.04836,0.055307
-1.2678e-08,0.048271,0.055365
-1.4169e-08,0.048182,0.055425
-1.5716e-08,0.048091,0.055486
-1.7313e-08,0.048001,0.055548
-1.8951e-08,0.04791,0.055612
-2.0622e-08,0.047819,0.055677
-2.2318e-08,0.047728,0.055743
-2.403e-08,0.047638,0.055809
-2.5748e-08,0.047549,0.055876
-2.7462e-08,0.04746,0.055943
-2.9161e-08,0.047372,0.056011
-3.0836e-08,0.047286,0.056078
-3.2474e-08,0.047201,0.056145
-3.4066e-08,0.047118,0.056212
-3.5598e-08,0.047037,0.056279
-3.706e-08,0.046958,0.056344
-3.8439e-08,0.046881,0.056409
-3.9724e-08,0.046806,0.056472
-4.0902e-08,0.046735,0.056535
-4.1961e-08,0.046666,0.056596
-4.289e-08,0.0466,0.056655
-4.3676e-08,0.046537,0.056713
-4.4307e-08,0.046477,0.056769
-4.4772e-08,0.046421,0.056823
-4.5059e-08,0.046368,0.056876
-4.5157e-08,0.046319,0.056926
-4.5055e-08,0.046274,0.056973
-4.4743e-08,0.046232,0.057019
-4.4211e-08,0.046195,0.057062
-4.3449e-08,0.046161,0.057102
-4.245e-08,0.046132,0.05714
-4.1203e-08,0.046106,0.057175
-3.9703e-08,0.046085,0.057207
-3.7942e-08,0.046068,0.057237
-3.5915e-08,0.046055,0.057264
-3.3617e-08,0.046046,0.057288
-3.1043e-08,0.046041,0.057309
-2.8192e-08,0.046041,0.057327
-2.506e-08,0.046044,0.057342
-2.1647e-08,0.046052,0.057355
-1.7954e-08,0.046063,0.057364
-1.3982e-08,0.046079,0.05737
-9.7349e-09,0.046098,0.057374
-5.2158e-09,0.046121,0.057375
-4.3077e-10,0.046147,0.057372
4.6132e-09,0.046177,0.057367
9.9076e-09,0.04621,0.057359
1.5443e-08,0.046247,0.057349
2.1207e-08,0.046286,0.057335
2.7187e-08,0.046329,0.057319
3.3369e-08,0.046374,0.0573
3.9736e-08,0.046422,0.057278
4.6271e-08,0.046472,0.057254
5.2956e-08,0.046524,0.057228
5.9768e-08,0.046579,0.057198
6.6687e-08,0.046635,0.057167
7.3687e-08,0.046693,0.057133
8.0745e-08,0.046752,0.057097
8.7832e-08,0.046813,0.057058
9.4922e-08,0.046875,0.057017
1.0198e-07,0.046938,0.056975
1.0899e-07,0.047002,0.05693
1.159e-07,0.047066,0.056883
1.2269e-07,0.047131,0.056834
1.2932e-07,0.047196,0.056784
1.3576e-07,0.047261,0.056732
1.4197e-07,0.047325,0.056678
1.479e-07,0.04739,0.056622
1.5354e-07,0.047454,0.056565
1.5883e-07,0.047518,0.056506
1.6374e-07,0.047581,0.056446
1.6822e-07,0.047643,0.056385
1.7225e-07,0.047704,0.056323
1.7577e-07,0.047764,0.056259
1.7875e-07,0.047822,0.056194
1.8115e-07,0.04788,0.056129
1.8293e-07,0.047936,0.056062
1.8406e-07,0.04799,0.055995
1.8449e-07,0.048043,0.055927
1.8419e-07,0.048095,0.055859
1.8313e-07,0.048144,0.055789
1.8126e-07,0.048192,0.05572
1.7857e-07,0.048238,0.05565
1.7501e-07,0.048282,0.05558
1.7057e-07,0.048324,0.05551
1.6521e-07,0.048364,0.05544
1.5891e-07,0.048402,0.05537
1.5165e-07,0.048439,0.0553
1.4341e-07,0.048473,0.05523
1.3418e-07,0.048506,0.05516
1.2394e-07,0.048536,0.055091
1.1269e-07,0.048565,0.055023
1.0043e-07,0.048592,0.054955
8.7144e-08,0.048617,0.054888
7.2848e-08,0.04864,0.054822
5.7547e-08,0.048661,0.054756
4.1253e-08,0.048681,0.054692
2.3983e-08,0.048699,0.054629
5.7597e-09,0.048716,0.054567
-1.3391e-08,0.048731,0.054506
-3.3437e-08,0.048744,0.054446
-5.434e-08,0.048756,0.054388
-7.606e-08,0.048767,0.054331
-9.8546e-08,0.048777,0.054276
-1.2175e-07,0.048785,0.054223
-1.456e-07,0.048792,0.054171
-1.7005e-07,0.048799,0.054121
-1.9502e-07,0.048804,0.054072
-2.2043e-07,0.048808,0.054026
-2.4621e-07,0.048812,0.053981
-2.7227e-07,0.048814,0.053938
-2.9851e-07,0.048816,0.053897
-3.2485e-07,0.048818,0.053858
-3.5117e-07,0.048818,0.053822
-3.7736e-07,0.048819,0.053787
-4.0333e-07,0.048818,0.053754
-4.2895e-07,0.048818,0.053723
-4.541e-07,0.048816,0.053695
-4.7866e-07,0.048815,0.053668
-5.0249e-07,0.048813,0.053643
-5.2547e-07,0.048811,0.053621
-5.4745e-07,0.048809,0.0536
-5.6832e-07,0.048806,0.053582
-5.8791e-07,0.048804,0.053566
-6.0609e-07,0.048801,0.053551
-6.2273e-07,0.048797,0.053539
-6.3767e-07,0.048794,0.053528
-6.5077e-07,0.04879,0.05352
-6.6188e-07,0.048787,0.053513
-6.7088e-07,0.048783,0.053509
-6.7761e-07,0.048778,0.053506
-6.8193e-07,0.048774,0.053505
-6.8372e-07,0.048769,0.053506
-6.8283e-07,0.048764,0.053508
-6.7915e-07,0.048759,0.053512
-6.7255e-07,0.048753,0.053518
-6.6291e-07,0.048747,0.053525
-6.5012e-07,0.04874,0.053534
-6.3409e-07,0.048733,0.053545
-6.1471e-07,0.048726,0.053556
-5.9189e-07,0.048718,0.05357
-5.6558e-07,0.048709,0.053584
-5.3569e-07,0.0487,0.0536
-5.0218e-07,0.04869,0.053617
-4.65e-07,0.04868,0.053635
-4.2412e-07,0.048668,0.053654
-3.7953e-07,0.048656,0.053674
-3.3122e-07,0.048644,0.053695
-2.7922e-07,0.04863,0.053717
-2.2354e-07,0.048615,0.05374
-1.6424e-07,0.0486,0.053764
-1.0138e-07,0.048583,0.053788
-3.5028e-08,0.048566,0.053812
3.4705e-08,0.048547,0.053838
1.0771e-07,0.048527,0.053863
1.8384e-07,0.048507,0.05389
2.6295e-07,0.048485,0.053916
3.4486e-07,0.048462,0.053943
4.2938e-07,0.048437,0.05397
5.1629e-07,0.048412,0.053997
6.0536e-07,0.048385,0.054024
6.9633e-07,0.048357,0.054051
7.8892e-07,0.048327,0.054077
8.8285e-07,0.048296,0.054104
9.7778e-07,0.048264,0.054131
1.0734e-06,0.048231,0.054157
1.1693e-06,0.048196,0.054183
1.2652e-06,0.04816,0.054209
1.3606e-06,0.048122,0.054234
1.4552e-06,0.048083,0.054259
1.5485e-06,0.048043,0.054283
1.64e-06,0.048002,0.054306
1.7294e-06,0.047959,0.054329
1.8161e-06,0.047915,0.054352
1.8997e-06,0.047869,0.054374
1.9796e-06,0.047822,0.054395
2.0554e-06,0.047775,0.054415
2.1265e-06,0.047726,0.054435
2.1925e-06,0.047676,0.054453
2.2527e-06,0.047625,0.054471
2.3067e-06,0.047572,0.054489
2.354e-06,0.04752,0.054505
2.394e-06,0.047466,0.054521
2.4262e-06,0.047411,0.054536
2.4501e-06,0.047356,0.05455
2.4651e-06,0.047301,0.054563
2.4708e-06,0.047244,0.054575
2.4667e-06,0.047188,0.054586
2.4524e-06,0.047131,0.054597
2.4273e-06,0.047074,0.054607
2.391e-06,0.047017,0.054616
2.3432e-06,0.04696,0.054625
2.2834e-06,0.046904,0.054632
2.2113e-06,0.046847,0.05464
2.1267e-06,0.046792,0.054646
2.0291e-06,0.046736,0.054652
1.9184e-06,0.046682,0.054657
1.7945e-06,0.046628,0.054661
1.657e-06,0.046576,0.054665
1.506e-06,0.046524,0.054669
1.3413e-06,0.046474,0.054672
1.163e-06,0.046425,0.054675
9.7115e-07,0.046377,0.054677
7.6581e-07,0.046332,0.054679
5.4718e-07,0.046288,0.05468
3.1549e-07,0.046245,0.054682
7.1055e-08,0.046205,0.054683
-1.8577e-07,0.046167,0.054684
-4.5453e-07,0.046131,0.054685
-7.3472e-07,0.046098,0.054685
-1.0258e-06,0.046067,0.054686
-1.327e-06,0.046038,0.054686
-1.6377e-06,0.046012,0.054687
-1.957e-06,0.045989,0.054687
-2.284e-06,0.045968,0.054687
-2.6178e-06,0.04595,0.054688
-2.9574e-06,0.045935,0.054688
-3.3016e-06,0.045923,0.054689
-3.6492e-06,0.045914,0.05469
-3.9989e-06,0.045908,0.05469
-4.3494e-06,0.045904,0.054691
-4.6993e-06,0.045904,0.054692
-5.047e-06,0.045907,0.054693
-5.391e-06,0.045913,0.054695
-5.7296e-06,0.045921,0.054696
-6.0612e-06,0.045933,0.054698
-6.384e-06,0.045948,0.054699
-6.6962e-06,0.045965,0.054701
-6.9958e-06,0.045985,0.054703
-7.2811e-06,0.046008,0.054705
-7.5499e-06,0.046034,0.054708
-7.8003e-06,0.046062,0.05471
-8.0303e-06,0.046093,0.054712
-8.2378e-06,0.046127,0.054715
-8.4207e-06,0.046162,0.054718
-8.577e-06,0.0462,0.05472
-8.7044e-06,0.04624,0.054723
-8.8009e-06,0.046282,0.054726
-8.8644e-06,0.046326,0.054729
-8.8929e-06,0.046372,0.054732
-8.8841e-06,0.046419,0.054735
-8.8362e-06,0.046468,0.054738
-8.7472e-06,0.046518,0.054741
-8.615e-06,0.046569,0.054744
-8.4378e-06,0.046621,0.054747
-8.2139e-06,0.046675,0.05475
-7.9415e-06,0.046729,0.054753
-7.6189e-06,0.046784,0.054756
-7.2447e-06,0.046839,0.054759
-6.8174e-06,0.046895,0.054762
-6.3356e-06,0.046951,0.054764
-5.7982e-06,0.047007,0.054767
-5.2041e-06,0.047063,0.05477
-4.5525e-06,0.047119,0.054773
-3.8425e-06,0.047174,0.054775
-3.0737e-06,0.04723,0.054778
-2.2455e-06,0.047284,0.05478
-1.3579e-06,0.047338,0.054782
-4.1057e-07,0.047392,0.054785
5.9615e-07,0.047445,0.054787
1.6619e-06,0.047496,0.054789
2.7863e-06,0.047547,0.054791
3.9683e-06,0.047597,0.054793
5.207e-06,0.047645,0.054795
6.5013e-06,0.047692,0.054797
7.8496e-06,0.047739,0.054799
9.2503e-06,0.047783,0.054801
1.0701e-05,0.047827,0.054803
1.2201e-05,0.047868,0.054804
1.3746e-05,0.047909,0.054806
1.5335e-05,0.047948,0.054808
1.6964e-05,0.047985,0.054809
1.863e-05,0.048021,0.054811
2.0331e-05,0.048056,0.054813
2.2062e-05,0.048089,0.054815
2.382e-05,0.04812,0.054816
2.56e-05,0.04815,0.054818
2.74e-05,0.048178,0.05482
2.9214e-05,0.048205,0.054822
3.1038e-05,0.04823,0.054824
3.2867e-05,0.048254,0.054826
3.4697e-05,0.048276,0.054827
3.6523e-05,0.048297,0.054829
3.8339e-05,0.048316,0.054831
4.0141e-05,0.048334,0.054833
4.1923e-05,0.048351,0.054835
4.368e-05,0.048366,0.054837
4.5406e-05,0.04838,0.054839
4.7098e-05,0.048393,0.05484
4.8748e-05,0.048405,0.054842
5.0352e-05,0.048416,0.054843
5.1904e-05,0.048425,0.054844
5.34e-05,0.048434,0.054846
5.4835e-05,0.048441,0.054846
5.6203e-05,0.048447,0.054847
5.75e-05,0.048453,0.054847
5.8721e-05,0.048457,0.054848
5.9861e-05,0.048461,0.054847
6.0918e-05,0.048464,0.054847
6.1886e-05,0.048466,0.054846
6.2763e-05,0.048467,0.054844
6.3544e-05,0.048468,0.054842
6.4228e-05,0.048467,0.054839
6.481e-05,0.048467,0.054836
6.5291e-05,0.048465,0.054833
6.5666e-05,0.048463,0.054828
6.5935e-05,0.048461,0.054823
6.6097e-05,0.048458,0.054817
6.6151e-05,0.048454,0.054811
6.6097e-05,0.04845,0.054803
6.5935e-05,0.048446,0.054795
6.5666e-05,0.048441,0.054786
6.5291e-05,0.048436,0.054776
6.481e-05,0.04843,0.054765
6.4228e-05,0.048424,0.054753
6.3544e-05,0.048418,0.05474
6.2763e-05,0.048412,0.054727
6.1886e-05,0.048405,0.054711
6.0918e-05,0.048398,0.054695
5.9861e-05,0.048391,0.054678
5.8721e-05,0.048384,0.05466
5.75e-05,0.048376,0.05464
5.6203e-05,0.048369,0.054619
5.4835e-05,0.048361,0.054597
5.34e-05,0.048353,0.054574
5.1904e-05,0.048345,0.054549
5.0352e-05,0.048337,0.054523
4.8748e-05,0.048329,0.054496
4.7098e-05,0.048321,0.054467
4.5407e-05,0.048312,0.054437
4.368e-05,0.048304,0.054406
4.1923e-05,0.048296,0.054373
4.0141e-05,0.048287,0.054339
3.8339e-05,0.048278,0.054304
3.6523e-05,0.04827,0.054267
3.4697e-05,0.048261,0.054229
3.2867e-05,0.048252,0.05419
3.1038e-05,0.048243,0.054149
2.9214e-05,0.048233,0.054107
2.74e-05,0.048224,0.054064
2.5601e-05,0.048214,0.05402
2.382e-05,0.048205,0.053975
2.2062e-05,0.048195,0.053928
2.0331e-05,0.048184,0.053881
1.863e-05,0.048174,0.053832
1.6964e-05,0.048163,0.053783
1.5335e-05,0.048152,0.053732
1.3746e-05,0.04814,0.053681
1.2201e-05,0.048128,0.05363
1.0701e-05,0.048116,0.053577
9.2503e-06,0.048103,0.053525
7.8496e-06,0.048089,0.053471
6.5013e-06,0.048076,0.053418
5.207e-06,0.048061,0.053364
3.9683e-06,0.048046,0.05331
2.7862e-06,0.048031,0.053256
1.6619e-06,0.048014,0.053202
5.9615e-07,0.047997,0.053149
-4.1057e-07,0.04798,0.053096
-1.3579e-06,0.047962,0.053043
-2.2456e-06,0.047943,0.052991
-3.0737e-06,0.047923,0.052939
-3.8426e-06,0.047903,0.052888
-4.5525e-06,0.047882,0.052838
-5.2041e-06,0.047861,0.052789
-5.7982e-06,0.047839,0.052741
-6.3356e-06,0.047816,0.052695
-6.8174e-06,0.047793,0.05265
-7.2447e-06,0.047769,0.052606
-7.619e-06,0.047745,0.052563
-7.9415e-06,0.047721,0.052523
-8.214e-06,0.047695,0.052484
-8.4379e-06,0.04767,0.052446
-8.615e-06,0.047645,0.052411
-8.7472e-06,0.047619,0.052377
-8.8363e-06,0.047593,0.052346
-8.8842e-06,0.047567,0.052316
-8.8929e-06,0.047541,0.052289
-8.8645e-06,0.047516,0.052264
-8.801e-06,0.04749,0.052241
-8.7044e-06,0.047465,0.05222
-8.577e-06,0.047441,0.052201
-8.4208e-06,0.047417,0.052185
-8.2379e-06,0.047393,0.05217
-8.0304e-06,0.047371,0.052158
-7.8004e-06,0.047349,0.052149
-7.5499e-06,0.047328,0.052141
-7.2811e-06,0.047308,0.052136
-6.9959e-06,0.04729,0.052133
-6.6962e-06,0.047272,0.052132
-6.3841e-06,0.047256,0.052133
-6.0613e-06,0.047242,0.052136
-5.7297e-06,0.047229,0.052142
-5.391e-06,0.047218,0.052149
-5.047e-06,0.047209,0.052158
-4.6993e-06,0.047201,0.052168
-4.3494e-06,0.047196,0.052181
-3.9989e-06,0.047193,0.052194
-3.6492e-06,0.047191,0.05221
-3.3016e-06,0.047192,0.052226
-2.9574e-06,0.047196,0.052244
-2.6179e-06,0.047201,0.052263
-2.284e-06,0.047209,0.052284
-1.957e-06,0.04722,0.052304
-1.6377e-06,0.047233,0.052326
-1.327e-06,0.047248,0.052348
-1.0258e-06,0.047266,0.052371
-7.3472e-07,0.047286,0.052395
-4.5452e-07,0.047309,0.052418
-1.8576e-07,0.047335,0.052442
7.1069e-08,0.047363,0.052465
3.1551e-07,0.047393,0.052489
5.472e-07,0.047426,0.052512
7.6584e-07,0.047461,0.052535
9.7118e-07,0.047499,0.052558
1.1631e-06,0.047539,0.05258
1.3414e-06,0.047581,0.052601
1.506e-06,0.047625,0.052622
1.6571e-06,0.047671,0.052642
1.7945e-06,0.047719,0.052661
1.9185e-06,0.047769,0.052679
2.0292e-06,0.047821,0.052696
2.1267e-06,0.047874,0.052713
2.2114e-06,0.047928,0.052728
2.2835e-06,0.047984,0.052742
2.3432e-06,0.048041,0.052755
2.3911e-06,0.048098,0.052767
2.4274e-06,0.048157,0.052777
2.4525e-06,0.048216,0.052787
2.4669e-06,0.048275,0.052796
2.471e-06,0.048334,0.052803
2.4652e-06,0.048393,0.05281
2.4502e-06,0.048452,0.052815
2.4263e-06,0.048511,0.05282
2.3942e-06,0.048568,0.052823
2.3542e-06,0.048625,0.052826
2.3069e-06,0.04868,0.052828
2.2529e-06,0.048734,0.05283
2.1926e-06,0.048787,0.052831
2.1266e-06,0.048837,0.052831
2.0555e-06,0.048886,0.052831
1.9797e-06,0.048932,0.052831
1.8998e-06,0.048975,0.052831
1.8162e-06,0.049016,0.05283
1.7295e-06,0.049054,0.052829
1.6401e-06,0.049089,0.052829
1.5486e-06,0.04912,0.052829
1.4553e-06,0.049148,0.052829
1.3607e-06,0.049172,0.05283
1.2653e-06,0.049192,0.052831
1.1694e-06,0.049209,0.052833
1.0735e-06,0.049221,0.052835
9.7788e-07,0.049229,0.052839
8.8294e-07,0.049233,0.052843
7.8901e-07,0.049232,0.052848
6.964e-07,0.049227,0.052855
6.0542e-07,0.049217,0.052863
5.1634e-07,0.049203,0.052872
4.2942e-07,0.049184,0.052882
3.4489e-07,0.049161,0.052894
2.6296e-07,0.049133,0.052907
1.8384e-07,0.0491,0.052922
1.0769e-07,0.049063,0.052938
3.4672e-08,0.049021,0.052956
-3.5077e-08,0.048975,0.052975
-1.0144e-07,0.048925,0.052996
-1.6432e-07,0.048871,0.053018
-2.2364e-07,0.048813,0.053042
-2.7934e-07,0.048751,0.053068
-3.3136e-07,0.048685,0.053095
-3.7968e-07,0.048615,0.053124
-4.2429e-07,0.048543,0.053154
-4.6519e-07,0.048467,0.053186
-5.0239e-07,0.048388,0.053219
-5.3593e-07,0.048307,0.053254
-5.6583e-07,0.048223,0.05329
-5.9217e-07,0.048136,0.053327
-6.15e-07,0.048048,0.053365
-6.344e-07,0.047958,0.053405
-6.5046e-07,0.047867,0.053445
-6.6326e-07,0.047774,0.053487
-6.7292e-07,0.04768,0.053529
-6.7954e-07,0.047586,0.053572
-6.8324e-07,0.047491,0.053616
-6.8414e-07,0.047396,0.053661
-6.8237e-07,0.047302,0.053706
-6.7805e-07,0.047207,0.053752
-6.7134e-07,0.047113,0.053798
-6.6236e-07,0.047021,0.053844
-6.5125e-07,0.046929,0.05389
-6.3816e-07,0.046839,0.053937
-6.2323e-07,0.04675,0.053983
-6.066e-07,0.046664,0.054029
-5.8842e-07,0.046579,0.054076
-5.6883e-07,0.046497,0.054121
-5.4797e-07,0.046418,0.054167
-5.2598e-07,0.046341,0.054212
-5.03e-07,0.046268,0.054256
-4.7916e-07,0.046198,0.0543
-4.5459e-07,0.046131,0.054343
-4.2943e-07,0.046068,0.054385
-4.038e-07,0.046009,0.054426
-3.7782e-07,0.045953,0.054467
-3.516e-07,0.045902,0.054506
-3.2526e-07,0.045855,0.054545
-2.989e-07,0.045813,0.054582
-2.7263e-07,0.045775,0.054619
-2.4654e-07,0.045741,0.054654
-2.2073e-07,0.045712,0.054688
-1.9528e-07,0.045688,0.054721
-1.7028e-07,0.045668,0.054753
-1.4579e-07,0.045653,0.054784
-1.2189e-07,0.045643,0.054814
-9.864e-08,0.045638,0.054842
-7.6105e-08,0.045638,0.054869
-5.4334e-08,0.045642,0.054896
-3.3376e-08,0.045651,0.054921
-1.3274e-08,0.045665,0.054945
5.9351e-09,0.045683,0.054969
2.422e-08,0.045706,0.054991
4.1552e-08,0.045733,0.055012
5.7911e-08,0.045764,0.055033
7.3279e-08,0.0458,0.055053
8.7642e-08,0.04584,0.055073
1.0099e-07,0.045883,0.055091
1.1333e-07,0.045931,0.055109
1.2465e-07,0.045982,0.055127
1.3496e-07,0.046036,0.055145
1.4426e-07,0.046094,0.055162
1.5257e-07,0.046154,0.055178
1.599e-07,0.046218,0.055195
1.6628e-07,0.046284,0.055212
1.7171e-07,0.046353,0.055228
1.7623e-07,0.046424,0.055245
1.7985e-07,0.046496,0.055262
1.8261e-07,0.046571,0.055279
1.8454e-07,0.046647,0.055296
1.8567e-07,0.046725,0.055313
1.8602e-07,0.046804,0.055331
1.8565e-07,0.046883,0.05535
1.8457e-07,0.046963,0.055369
1.8284e-07,0.047044,0.055388
1.8048e-07,0.047125,0.055409
1.7754e-07,0.047206,0.055429
1.7405e-07,0.047286,0.055451
1.7006e-07,0.047366,0.055473
1.6559e-07,0.047446,0.055495
1.607e-07,0.047524,0.055519
1.5542e-07,0.047602,0.055543
1.4978e-07,0.047678,0.055567
1.4384e-07,0.047752,0.055593
1.3762e-07,0.047825,0.055619
1.3116e-07,0.047896,0.055646
1.245e-07,0.047965,0.055673
1.1767e-07,0.048032,0.055701
1.1071e-07,0.048096,0.055729
1.0364e-07,0.048158,0.055758
9.6515e-08,0.048217,0.055787
8.9348e-08,0.048274,0.055817
8.2173e-08,0.048327,0.055847
7.5018e-08,0.048378,0.055877
6.791e-08,0.048425,0.055908
6.0874e-08,0.048469,0.055938
5.3933e-08,0.04851,0.055969
4.7111e-08,0.048548,0.055999
4.0427e-08,0.048582,0.05603
3.3901e-08,0.048612,0.05606
2.755e-08,0.048639,0.05609
2.1392e-08,0.048663,0.056119
1.544e-08,0.048683,0.056148
9.7081e-09,0.048699,0.056177
4.2077e-09,0.048712,0.056205
-1.0507e-09,0.048721,0.056232
-6.0583e-09,0.048727,0.056258
-1.0807e-08,0.048729,0.056284
-1.5292e-08,0.048728,0.056308
-1.9507e-08,0.048724,0.056332
-2.3449e-08,0.048716,0.056354
-2.7116e-08,0.048704,0.056376
-3.0506e-08,0.04869,0.056396
-3.362e-08,0.048672,0.056414
-3.6458e-08,0.048652,0.056432
-3.9022e-08,0.048628,0.056448
-4.1315e-08,0.048602,0.056462
-4.3341e-08,0.048573,0.056475
-4.5106e-08,0.048541,0.056487
-4.6613e-08,0.048507,0.056497
-4.787e-08,0.048471,0.056505
-4.8884e-08,0.048432,0.056512
-4.9662e-08,0.048392,0.056518
-5.0212e-08,0.048349,0.056521
-5.0542e-08,0.048305,0.056523
-5.0662e-08,0.048259,0.056524
-5.0581e-08,0.048212,0.056523
-5.0309e-08,0.048163,0.05652
-4.9856e-08,0.048114,0.056516
-4.9232e-08,0.048063,0.05651
-4.8448e-08,0.048012,0.056503
-4.7514e-08,0.04796,0.056495
-4.644e-08,0.047907,0.056485
-4.5238e-08,0.047854,0.056474
-4.3918e-08,0.047801,0.056461
-4.249e-08,0.047748,0.056448
-4.0966e-08,0.047695,0.056433
-3.9356e-08,0.047643,0.056417
-3.7669e-08,0.047591,0.0564
-3.5916e-08,0.047539,0.056382
-3.4107e-08,0.047488,0.056364
-3.2252e-08,0.047438,0.056344
-3.0359e-08,0.047389,0.056324
-2.8438e-08,0.047341,0.056303
-2.6498e-08,0.047295,0.056282
-2.4547e-08,0.047249,0.056261
-2.2592e-08,0.047205,0.056239
-2.0643e-08,0.047163,0.056216
-1.8705e-08,0.047122,0.056194
-1.6786e-08,0.047083,0.056171
-1.4892e-08,0.047045,0.056149
-1.303e-08,0.04701,0.056126
-1.1205e-08,0.046976,0.056104
-9.4226e-09,0.046944,0.056082
-7.6874e-09,0.046914,0.05606
-6.0041e-09,0.046887,0.056039
-4.3766e-09,0.046861,0.056017
-2.8086e-09,0.046837,0.055997
-1.3033e-09,0.046816,0.055977
1.3627e-10,0.046796,0.055957
1.5078e-09,0.046779,0.055939
2.8092e-09,0.046763,0.055921
4.0386e-09,0.04675,0.055903
5.1948e-09,0.046738,0.055887
6.2767e-09,0.046729,0.055871
7.2837e-09,0.046722,0.055856
8.2153e-09,0.046716,0.055842
9.0716e-09,0.046712,0.055829
9.8527e-09,0.046711,0.055817
1.0559e-08,0.046711,0.055806
1.1192e-08,0.046712,0.055795
1.1752e-08,0.046716,0.055786
1.224e-08,0.04672,0.055777
1.2658e-08,0.046727,0.05577
1.3008e-08,0.046735,0.055763
1.3291e-08,0.046744,0.055757
1.351e-08,0.046754,0.055752
1.3666e-08,0.046766,0.055748
1.3762e-08,0.046779,0.055744
1.3801e-08,0.046793,0.055741
1.3785e-08,0.046808,0.055739
1.3716e-08,0.046824,0.055738
1.3598e-08,0.046841,0.055737
1.3433e-08,0.046858,0.055736
1.3224e-08,0.046877,0.055736
1.2974e-08,0.046896,0.055736
1.2685e-08,0.046916,0.055736
1.2361e-08,0.046937,0.055736
1.2005e-08,0.046958,0.055737
1.1619e-08,0.046979,0.055738
1.1207e-08,0.047001,0.055738
1.077e-08,0.047024,0.055738
1.0313e-08,0.047047,0.055739
9.8373e-09,0.04707,0.055738
9.3461e-09,0.047094,0.055738
8.8419e-09,0.047117,0.055737
8.3273e-09,0.047141,0.055735
7.8047e-09,0.047166,0.055733
7.2766e-09,0.04719,0.05573
6.7452e-09,0.047215,0.055726
6.2128e-09,0.04724,0.055722
5.6814e-09,0.047265,0.055716
5.153e-09,0.04729,0.05571
4.6296e-09,0.047315,0.055703
4.1129e-09,0.04734,0.055694
3.6046e-09,0.047366,0.055685
3.1063e-09,0.047391,0.055674
2.6194e-09,0.047417,0.055663
2.1452e-09,0.047442,0.05565
1.685e-09,0.047467,0.055636
1.24e-09,0.047493,0.055621
8.1099e-10,0.047518,0.055604
3.9903e-10,0.047543,0.055587
4.8676e-12,0.047568,0.055568
-3.7082e-10,0.047594,0.055548
-7.2744e-10,0.047619,0.055526
-1.0645e-09,0.047643,0.055504
-1.3817e-09,0.047668,0.05548
-1.6786e-09,0.047693,0.055456
-1.9552e-09,0.047717,0.05543
-2.2112e-09,0.047742,0.055403
-2.4467e-09,0.047766,0.055375
-2.6617e-09,0.047789,0.055346
-2.8564e-09,0.047813,0.055317
-3.0309e-09,0.047836,0.055286
-3.1856e-09,0.047859,0.055255
-3.3207e-09,0.047882,0.055223
-3.4367e-09,0.047905,0.05519
-3.534e-09,0.047927,0.055157
-3.6131e-09,0.047949,0.055123
-3.6745e-09,0.04797,0.055089
-3.719e-09,0.047991,0.055054
-3.747e-09,0.048012,0.055019
-3.7592e-09,0.048032,0.054984
-3.7564e-09,0.048051,0.054948
-3.7392e-09,0.04807,0.054913
-3.7085e-09,0.048089,0.054877
-3.6649e-09,0.048107,0.054841
-3.6092e-09,0.048125,0.054806
-3.5422e-09,0.048142,0.054771
-3.4647e-09,0.048158,0.054736
-3.3775e-09,0.048174,0.054701
-3.2814e-09,0.048189,0.054667
-3.1771e-09,0.048204,0.054633
-3.0655e-09,0.048217,0.0546
-2.9473e-09,0.048231,0.054567
-2.8233e-09,0.048243,0.054535
-2.6942e-09,0.048255,0.054504
-2.5608e-09,0.048265,0.054473
-2.4238e-09,0.048276,0.054444
-2.2839e-09,0.048285,0.054415
-2.1417e-09,0.048294,0.054387
-1.998e-09,0.048301,0.05436
-1.8533e-09,0.048308,0.054334
-1.7083e-09,0.048314,0.054309
-1.5635e-09,0.04832,0.054285
-1.4194e-09,0.048324,0.054262
-1.2767e-09,0.048328,0.054241
-1.1357e-09,0.04833,0.05422
-9.9695e-10,0.048332,0.0542
-8.6088e-10,0.048333,0.054182
-7.2788e-10,0.048333,0.054165
-5.9831e-10,0.048332,0.054148
-4.7252e-10,0.048331,0.054133
-3.5082e-10,0.048328,0.054119
-2.3347e-10,0.048324,0.054106
-1.2073e-10,0.04832,0.054094
-1.2813e-11,0.048314,0.054083
9.0087e-11,0.048308,0.054073
1.8781e-10,0.0483,0.054064
2.8022e-10,0.048292,0.054056
3.6722e-10,0.048282,0.054048
4.4872e-10,0.048272,0.054042
5.2466e-10,0.04826,0.054036
5.9502e-10,0.048248,0.054031
6.5978e-10,0.048234,0.054026
7.1896e-10,0.04822,0.054022
7.726e-10,0.048204,0.054018
8.2074e-10,0.048187,0.054015
8.6345e-10,0.048169,0.054012
9.0084e-10,0.04815,0.05401
9.3299e-10,0.04813,0.054008
9.6005e-10,0.048109,0.054005
9.8213e-10,0.048087,0.054003
9.9939e-10,0.048063,0.054001
1.012e-09,0.048039,0.053999
1.0201e-09,0.048013,0.053997
1.0239e-09,0.047986,0.053995
1.0236e-09,0.047958,0.053992
1.0193e-09,0.047929,0.05399
1.0113e-09,0.047899,0.053986
9.9982e-10,0.047867,0.053983
9.85e-10,0.047835,0.053979
9.6707e-10,0.047801,0.053975
9.4627e-10,0.047766,0.053971
9.2279e-10,0.04773,0.053966
8.9685e-10,0.047693,0.053961
8.6868e-10,0.047655,0.053955
8.3848e-10,0.047616,0.053949
8.0647e-10,0.047575,0.053942
7.7285e-10,0.047534,0.053936
7.3783e-10,0.047492,0.053928
7.0162e-10,0.047449,0.053921
6.6439e-10,0.047405,0.053913
6.2636e-10,0.04736,0.053905
5.8769e-10,0.047314,0.053896
5.4857e-10,0.047267,0.053888
5.0918e-10,0.04722,0.053879
4.6967e-10,0.047172,0.05387
4.3021e-10,0.047124,0.053862
3.9094e-10,0.047075,0.053853
3.52e-10,0.047026,0.053845
3.1354e-10,0.046976,0.053837
2.7567e-10,0.046926,0.053829
2.3852e-10,0.046876,0.053822
2.022e-10,0.046826,0.053815
1.6679e-10,0.046775,0.053809
1.3241e-10,0.046725,0.053804
9.913e-11,0.046675,0.053799
6.703e-11,0.046625,0.053796
3.6178e-11,0.046576,0.053793
6.6344e-12,0.046527,0.053792
-2.1548e-11,0.046479,0.053792
-4.8325e-11,0.046431,0.053793
-7.3659e-11,0.046384,0.053795
-9.7521e-11,0.046338,0.053799
-1.1989e-10,0.046292,0.053805
-1.4074e-10,0.046248,0.053813
-1.6007e-10,0.046205,0.053822
-1.7788e-10,0.046163,0.053833
-1.9417e-10,0.046122,0.053846
-2.0894e-10,0.046083,0.053861
-2.2222e-10,0.046044,0.053878
-2.3402e-10,0.046008,0.053897
-2.4436e-10,0.045973,0.053919
-2.5327e-10,0.045939,0.053943
-2.6079e-10,0.045907,0.053969
-2.6695e-10,0.045876,0.053997
-2.718e-10,0.045847,0.054027
-2.7537e-10,0.04582,0.05406
-2.7771e-10,0.045795,0.054095
-2.7887e-10,0.045771,0.054133
-2.789e-10,0.045748,0.054173
-2.7785e-10,0.045728,0.054215
-2.7578e-10,0.045709,0.054259
-2.7275e-10,0.045691,0.054306
-2.6881e-10,0.045675,0.054355
-2.6402e-10,0.045661,0.054406
-2.5843e-10,0.045648,0.054459
-2.5211e-10,0.045636,0.054513
-2.4512e-10,0.045626,0.05457
-2.3751e-10,0.045618,0.054629
-2.2934e-10,0.04561,0.054689
-2.2067e-10,0.045604,0.054751
-2.1156e-10,0.045598,0.054815
-2.0205e-10,0.045594,0.05488
-1.9222e-10,0.045591,0.054946
-1.8211e-10,0.045588,0.055013
-1.7177e-10,0.045587,0.055081
-1.6125e-10,0.045586,0.055151
-1.5061e-10,0.045586,0.05522
-1.3988e-10,0.045586,0.055291
-1.2912e-10,0.045587,0.055362
-1.1837e-10,0.045588,0.055433
-1.0766e-10,0.045589,0.055504
-9.7043e-11,0.045591,0.055575
-8.655e-11,0.045593,0.055646
-7.6215e-11,0.045595,0.055716
-6.6071e-11,0.045598,0.055786
-5.6149e-11,0.0456,0.055855
-4.6477e-11,0.045603,0.055923
-3.7079e-11,0.045605,0.055989
-2.7979e-11,0.045608,0.056055
-1.9198e-11,0.04561,0.056119
-1.0756e-11,0.045612,0.056181
-2.6683e-12,0.045615,0.056241
5.0502e-12,0.045617,0.056299
1.2387e-11,0.045619,0.056356
1.9332e-11,0.045622,0.056409
2.5876e-11,0.045624,0.05646
3.2013e-11,0.045626,0.056509
3.7739e-11,0.045629,0.056554
4.3051e-11,0.045631,0.056597
4.7948e-11,0.045634,0.056636
5.243e-11,0.045637,0.056672
5.65e-11,0.045641,0.056704
6.0161e-11,0.045645,0.056733
6.3418e-11,0.045649,0.056758
6.6278e-11,0.045654,0.05678
6.8748e-11,0.04566,0.056797
7.0838e-11,0.045666,0.056811
7.2556e-11,0.045673,0.05682
7.3914e-11,0.045681,0.056826
7.4924e-11,0.04569,0.056827
7.5597e-11,0.0457,0.056824
7.5947e-11,0.045711,0.056817
7.5989e-11,0.045724,0.056805
7.5735e-11,0.045737,0.056789
7.5202e-11,0.045753,0.056769
7.4404e-11,0.045769,0.056745
7.3356e-11,0.045788,0.056717
7.2075e-11,0.045808,0.056684
7.0576e-11,0.04583,0.056647
6.8876e-11,0.045853,0.056606
6.699e-11,0.045879,0.056561
6.4934e-11,0.045906,0.056512
6.2725e-11,0.045936,0.05646
6.0377e-11,0.045967,0.056403
5.7907e-11,0.046001,0.056343
5.533e-11,0.046036,0.05628
5.266e-11,0.046074,0.056213
4.9913e-11,0.046114,0.056144
4.7102e-11,0.046157,0.056071
4.4242e-11,0.046201,0.055995
4.1345e-11,0.046248,0.055917
3.8425e-11,0.046297,0.055836
3.5494e-11,0.046348,0.055753
3.2564e-11,0.046401,0.055668
2.9646e-11,0.046457,0.055582
2.675e-11,0.046514,0.055493
2.3887e-11,0.046574,0.055403
2.1067e-11,0.046635,0.055312
1.8298e-11,0.046699,0.055221
1.5588e-11,0.046764,0.055128
1.2945e-11,0.046831,0.055035
1.0376e-11,0.0469,0.054942
7.8884e-12,0.04697,0.054849
5.4867e-12,0.047042,0.054756
3.1766e-12,0.047115,0.054664
9.626e-13,0.047189,0.054573
-1.1512e-12,0.047265,0.054483
-3.1613e-12,0.047341,0.054394
-5.0649e-12,0.047418,0.054307
-6.8597e-12,0.047495,0.054222
-8.5438e-12,0.047574,0.054139
-1.0116e-11,0.047652,0.054058
-1.1575e-11,0.047731,0.053979
-1.2922e-11,0.047809,0.053904
-1.4155e-11,0.047887,0.053831
-1.5276e-11,0.047965,0.053762
-1.6285e-11,0.048043,0.053696
-1.7184e-11,0.04812,0.053634
-1.7975e-11,0.048196,0.053576
-1.866e-11,0.04827,0.053521
-1.924e-11,0.048344,0.053471
-1.9719e-11,0.048416,0.053425
-2.0099e-11,0.048487,0.053384
-2.0385e-11,0.048555,0.053347
-2.0578e-11,0.048622,0.053315
-2.0683e-11,0.048687,0.053288
-2.0703e-11,0.04875,0.053266
-2.0643e-11,0.04881,0.053248
-2.0505e-11,0.048868,0.053236
-2.0296e-11,0.048923,0.053229
-2.0018e-11,0.048975,0.053227
-1.9675e-11,0.049025,0.05323
-1.9273e-11,0.049071,0.053239
-1.8816e-11,0.049115,0.053252
-1.8307e-11,0.049155,0.053271
-1.7752e-11,0.049192,0.053295
-1.7155e-11,0.049225,0.053324
-1.6519e-11,0.049255,0.053358
-1.585e-11,0.049282,0.053397
-1.5151e-11,0.049305,0.053441
-1.4426e-11,0.049324,0.053489
-1.368e-11,0.04934,0.053542
-1.2916e-11,0.049353,0.053599
-1.2138e-11,0.049361,0.05366
-1.135e-11,0.049367,0.053726
-1.0555e-11,0.049368,0.053795
-9.7563e-12,0.049366,0.053868
-8.9579e-12,0.049361,0.053945
-8.1625e-12,0.049352,0.054025
-7.3729e-12,0.04934,0.054107
-6.5919e-12,0.049325,0.054193
-5.8222e-12,0.049307,0.054281
-5.0662e-12,0.049285,0.054371
-4.3261e-12,0.049261,0.054464
-3.6041e-12,0.049234,0.054558
-2.902e-12,0.049204,0.054653
-2.2218e-12,0.049172,0.05475
-1.5649e-12,0.049137,0.054847
-9.328e-13,0.0491,0.054945
-3.2677e-13,0.049061,0.055043
2.5208e-13,0.04902,0.055142
8.0279e-13,0.048978,0.05524
1.3246e-12,0.048933,0.055337
1.8167e-12,0.048888,0.055434
2.2788e-12,0.048841,0.055529
2.7104e-12,0.048793,0.055623
3.1113e-12,0.048744,0.055715
3.4814e-12,0.048695,0.055805
3.8208e-12,0.048645,0.055893
4.1294e-12,0.048595,0.055978
4.4077e-12,0.048544,0.05606
4.6559e-12,0.048494,0.056139
4.8746e-12,0.048444,0.056215
5.0641e-12,0.048395,0.056287
5.2253e-12,0.048346,0.056356
5.3588e-12,0.048297,0.05642
5.4653e-12,0.04825,0.05648
5.5458e-12,0.048204,0.056536
5.6012e-12,0.048159,0.056587
5.6323e-12,0.048116,0.056633
5.6403e-12,0.048074,0.056674
5.6262e-12,0.048034,0.05671
5.591e-12,0.047996,0.056741
5.536e-12,0.047959,0.056767
5.4622e-12,0.047925,0.056787
5.3708e-12,0.047893,0.056802
5.263e-12,0.047864,0.056811
5.14e-12,0.047837,0.056815
5.0029e-12,0.047812,0.056814
4.853e-12,0.04779,0.056806
4.6915e-12,0.047771,0.056794
4.5194e-12,0.047755,0.056776
4.338e-12,0.047741,0.056753
4.1484e-12,0.047731,0.056725
3.9517e-12,0.047723,0.056691
3.7489e-12,0.047718,0.056653
3.5413e-12,0.047716,0.05661
3.3298e-12,0.047717,0.056562
3.1153e-12,0.047722,0.05651
2.8989e-12,0.047729,0.056454
2.6815e-12,0.047739,0.056393
2.464e-12,0.047752,0.056329
2.2472e-12,0.047768,0.056262
2.0318e-12,0.047787,0.056191
1.8188e-12,0.047808,0.056117
1.6088e-12,0.047833,0.05604
1.4024e-12,0.04786,0.055961
1.2003e-12,0.047889,0.05588
1.003e-12,0.047921,0.055797
8.1116e-13,0.047956,0.055713
6.2518e-13,0.047993,0.055627
4.4552e-13,0.048032,0.05554
2.7257e-13,0.048073,0.055453
1.0669e-13,0.048116,0.055366
-5.1821e-14,0.04816,0.055278
-2.0269e-13,0.048207,0.055191
-3.457e-13,0.048255,0.055105
-4.8066e-13,0.048305,0.055019
-6.0744e-13,0.048356,0.054935
-7.2593e-13,0.048408,0.054852
-8.3606e-13,0.048461,0.054771
-9.3779e-13,0.048515,0.054692
-1.0311e-12,0.048569,0.054616
-1.1161e-12,0.048625,0.054541
-1.1928e-12,0.04868,0.05447
-1.2613e-12,0.048736,0.054401
-1.3218e-12,0.048792,0.054335
-1.3743e-12,0.048848,0.054273
-1.419e-12,0.048904,0.054213
-1.4562e-12,0.04896,0.054157
-1.486e-12,0.049015,0.054105
-1.5087e-12,0.04907,0.054056
-1.5245e-12,0.049123,0.054011
-1.5337e-12,0.049176,0.053969
-1.5366e-12,0.049228,0.053931
-1.5333e-12,0.049279,0.053897
-1.5244e-12,0.049329,0.053867
-1.51e-12,0.049378,0.05384
-1.4904e-12,0.049425,0.053816
-1.466e-12,0.04947,0.053796
-1.4371e-12,0.049514,0.053779
-1.4041e-12,0.049556,0.053766
-1.3671e-12,0.049596,0.053756
-1.3266e-12,0.049634,0.053748
-1.283e-12,0.04967,0.053743
-1.2364e-12,0.049705,0.053741
-1.1872e-12,0.049737,0.053742
-1.1358e-12,0.049766,0.053744
-1.0824e-12,0.049794,0.053749
-1.0274e-12,0.049819,0.053755
-9.7093e-13,0.049842,0.053764
-9.1341e-13,0.049862,0.053773
-8.5506e-13,0.04988,0.053784
-7.9616e-13,0.049895,0.053795
-7.3696e-13,0.049907,0.053807
-6.7769e-13,0.049917,0.05382
-6.1859e-13,0.049925,0.053833
-5.5988e-13,0.049929,0.053846
-5.0177e-13,0.049931,0.053859
-4.4445e-13,0.049931,0.053872
-3.8811e-13,0.049927,0.053884
-3.3292e-13,0.049921,0.053895
-2.7903e-13,0.049913,0.053905
-2.266e-13,0.049902,0.053915
-1.7576e-13,0.049888,0.053923
-1.2662e-13,0.049871,0.053929
-7.9303e-14,0.049852,0.053934
-3.3901e-14,0.04983,0.053937
9.502e-15,0.049806,0.053938
5.0831e-14,0.049779,0.053937
9.0025e-14,0.04975,0.053934
1.2703e-13,0.049718,0.053929
1.6181e-13,0.049684,0.053922
1.9434e-13,0.049648,0.053912
2.2459e-13,0.04961,0.053901
2.5255e-13,0.049569,0.053886
2.7823e-13,0.049526,0.05387
3.0163e-13,0.049482,0.053851
3.2277e-13,0.049435,0.053829
3.4168e-13,0.049387,0.053805
3.5838e-13,0.049337,0.053779
3.7292e-13,0.049285,0.053751
3.8533e-13,0.049232,0.05372
3.9568e-13,0.049178,0.053688
4.0402e-13,0.049122,0.053653
4.1041e-13,0.049065,0.053616
4.1492e-13,0.049007,0.053578
4.1761e-13,0.048948,0.053538
4.1857e-13,0.048888,0.053496
4.1788e-13,0.048827,0.053453
4.156e-13,0.048766,0.053409
4.1183e-13,0.048704,0.053363
4.0665e-13,0.048642,0.053317
4.0015e-13,0.048579,0.05327
3.9241e-13,0.048517,0.053222
3.8352e-13,0.048454,0.053174
3.7357e-13,0.048392,0.053125
3.6264e-13,0.04833,0.053077
3.5084e-13,0.048268,0.053029
3.3823e-13,0.048207,0.05298
3.2491e-13,0.048146,0.052933
3.1097e-13,0.048087,0.052886
2.9648e-13,0.048028,0.05284
2.8152e-13,0.04797,0.052795
2.6619e-13,0.047913,0.052751
2.5055e-13,0.047857,0.052708
2.3467e-13,0.047803,0.052667
2.1864e-13,0.04775,0.052627
2.0252e-13,0.047699,0.05259
1.8637e-13,0.047649,0.052554
1.7027e-13,0.047601,0.05252
1.5426e-13,0.047554,0.052489
1.3841e-13,0.04751,0.05246
1.2277e-13,0.047467,0.052433
1.0739e-13,0.047427,0.052409
9.2317e-14,0.047388,0.052387
7.7597e-14,0.047352,0.052368
6.3268e-14,0.047318,0.052352
4.9369e-14,0.047285,0.052338
3.5931e-14,0.047255,0.052328
2.2986e-14,0.047228,0.05232
1.0559e-14,0.047202,0.052315
-1.3246e-15,0.047179,0.052313
-1.2646e-14,0.047158,0.052314
-2.3387e-14,0.047139,0.052318
-3.3534e-14,0.047122,0.052324
-4.3075e-14,0.047108,0.052334
-5.2003e-14,0.047095,0.052346
-6.0311e-14,0.047085,0.052361
-6.7997e-14,0.047077,0.052379
-7.506e-14,0.04707,0.0524
-8.1503e-14,0.047066,0.052423
-8.7329e-14,0.047064,0.052449
-9.2545e-14,0.047063,0.052478
-9.7159e-14,0.047064,0.052509
-1.0118e-13,0.047067,0.052542
-1.0463e-13,0.047072,0.052577
-1.0751e-13,0.047078,0.052615
-1.0984e-13,0.047085,0.052655
-1.1164e-13,0.047094,0.052696
-1.1292e-13,0.047104,0.05274
-1.1371e-13,0.047115,0.052785
-1.1402e-13,0.047127,0.052832
-1.1388e-13,0.04714,0.05288
-1.133e-13,0.047154,0.05293
-1.1232e-13,0.047168,0.052981
-1.1095e-13,0.047184,0.053033
-1.0922e-13,0.047199,0.053087
-1.0714e-13,0.047215,0.053141
-1.0475e-13,0.047232,0.053196
-1.0207e-13,0.047249,0.053252
-9.9126e-14,0.047265,0.053308
-9.5935e-14,0.047282,0.053365
-9.2523e-14,0.047299,0.053423
-8.8915e-14,0.047316,0.05348
-8.5134e-14,0.047332,0.053538
-8.1202e-14,0.047348,0.053596
-7.7141e-14,0.047364,0.053654
-7.2974e-14,0.047379,0.053711
-6.8721e-14,0.047394,0.053768
-6.4403e-14,0.047409,0.053825
-6.004e-14,0.047422,0.053882
-5.5649e-14,0.047435,0.053938
-5.1251e-14,0.047447,0.053993
-4.6861e-14,0.047459,0.054047
-4.2496e-14,0.04747,0.054101
-3.8173e-14,0.04748,0.054154
-3.3906e-14,0.047489,0.054205
-2.9708e-14,0.047498,0.054256
-2.5592e-14,0.047505,0.054306
-2.1571e-14,0.047512,0.054354
-1.7656e-14,0.047518,0.054401
-1.3856e-14,0.047524,0.054447
-1.0181e-14,0.047528,0.054492
-6.6399e-15,0.047532,0.054535
-3.239e-15,0.047536,0.054576
1.4737e-17,0.047538,0.054616
3.1158e-15,0.047541,0.054655
6.0592e-15,0.047542,0.054692
8.8412e-15,0.047544,0.054727
1.1459e-14,0.047544,0.054761
1.3909e-14,0.047545,0.054793
1.6191e-14,0.047545,0.054824
1.8303e-14,0.047545,0.054853
2.0246e-14,0.047545,0.05488
2.2019e-14,0.047545,0.054906
2.3624e-14,0.047544,0.054929
2.5063e-14,0.047544,0.054952
2.6338e-14,0.047544,0.054972
2.7452e-14,0.047544,0.054991
2.8407e-14,0.047544,0.055008
2.9208e-14,0.047545,0.055024
2.9859e-14,0.047545,0.055038
3.0365e-14,0.047547,0.055051
3.0729e-14,0.047548,0.055062
3.0958e-14,0.04755,0.055072
3.1057e-14,0.047553,0.05508
3.1032e-14,0.047556,0.055087
3.0888e-14,0.047559,0.055093
3.0632e-14,0.047563,0.055097
3.027e-14,0.047568,0.055101
2.9808e-14,0.047573,0.055103
2.9253e-14,0.047579,0.055104
2.8612e-14,0.047586,0.055104
2.789e-14,0.047593,0.055103
2.7094e-14,0.047601,0.055102
2.6232e-14,0.04761,0.055099
2.5309e-14,0.047619,0.055096
2.4331e-14,0.047629,0.055092
2.3306e-14,0.04764,0.055087
2.2239e-14,0.047651,0.055082
2.1137e-14,0.047663,0.055077
2.0004e-14,0.047676,0.055071
1.8848e-14,0.047689,0.055064
1.7673e-14,0.047702,0.055057
1.6486e-14,0.047717,0.05505
1.529e-14,0.047731,0.055042
1.4092e-14,0.047746,0.055035
1.2896e-14,0.047762,0.055027
1.1706e-14,0.047777,0.055019
1.0527e-14,0.047793,0.055011
9.3624e-15,0.04781,0.055002
8.2166e-15,0.047826,0.054994
7.0929e-15,0.047843,0.054986
5.9945e-15,0.047859,0.054977
4.9247e-15,0.047876,0.054968
3.886e-15,0.047893,0.05496
2.8811e-15,0.04791,0.054951
1.9123e-15,0.047926,0.054943
9.816e-16,0.047942,0.054934
9.0768e-17,0.047958,0.054925
-7.586e-16,0.047974,0.054916
-1.5652e-15,0.047989,0.054907
-2.3279e-15,0.048004,0.054898
-3.0458e-15,0.048019,0.054889
-3.7183e-15,0.048033,0.054879
-4.345e-15,0.048046,0.054869
-4.9254e-15,0.048058,0.05486
-5.4597e-15,0.04807,0.054849
-5.9478e-15,0.048081,0.054839
-6.3901e-15,0.048092,0.054828
-6.787e-15,0.048101,0.054817
-7.1391e-15,0.04811,0.054805
-7.4472e-15,0.048117,0.054794
-7.7121e-15,0.048124,0.054781
-7.9349e-15,0.04813,0.054768
-8.1166e-15,0.048134,0.054755
-8.2586e-15,0.048138,0.054741
-8.362e-15,0.048141,0.054727
-8.4284e-15,0.048143,0.054712
-8.4591e-15,0.048144,0.054696
-8.4558e-15,0.048143,0.05468
-8.4201e-15,0.048142,0.054663
-8.3536e-15,0.048141,0.054646
-8.2581e-15,0.048138,0.054628
-8.1352e-15,0.048134,0.05461
-7.9867e-15,0.04813,0.05459
-7.8144e-15,0.048125,0.054571
-7.62e-15,0.048119,0.05455
-7.4055e-15,0.048113,0.054529
-7.1724e-15,0.048106,0.054508
-6.9227e-15,0.048099,0.054486
-6.6579e-15,0.048091,0.054463
-6.38e-15,0.048083,0.05444
-6.0905e-15,0.048075,0.054416
-5.7911e-15,0.048067,0.054392
-5.4835e-15,0.048059,0.054368
-5.1691e-15,0.048052,0.054343
-4.8496e-15,0.048044,0.054318
-4.5264e-15,0.048037,0.054293
-4.2009e-15,0.04803,0.054267
-3.8745e-15,0.048024,0.054241
-3.5485e-15,0.048019,0.054216
-3.2241e-15,0.048014,0.05419
-2.9025e-15,0.04801,0.054164
-2.5848e-15,0.048007,0.054139
-2.2721e-15,0.048005,0.054114
-1.9653e-15,0.048005,0.054089
-1.6653e-15,0.048005,0.054064
-1.373e-15,0.048007,0.05404
-1.0891e-15,0.04801,0.054016
-8.1428e-16,0.048014,0.053993
-5.4926e-16,0.04802,0.053971
-2.9456e-16,0.048027,0.053949
-5.0681e-17,0.048035,0.053929
1.8195e-16,0.048045,0.053909
4.0296e-16,0.048056,0.05389
6.1205e-16,0.048069,0.053872
8.0897e-16,0.048083,0.053856
9.9353e-16,0.048098,0.05384
1.1656e-15,0.048114,0.053826
1.3251e-15,0.048132,0.053813
1.472e-15,0.04815,0.053802
1.6063e-15,0.048169,0.053792
1.7282e-15,0.04819,0.053783
1.8377e-15,0.04821,0.053776
1.9349e-15,0.048232,0.053771
2.0201e-15,0.048254,0.053767
2.0936e-15,0.048276,0.053765
2.1555e-15,0.048298,0.053764
2.2062e-15,0.04832,0.053765
2.246e-15,0.048341,0.053767
2.2753e-15,0.048363,0.053771
2.2945e-15,0.048383,0.053777
2.3039e-15,0.048403,0.053784
2.304e-15,0.048422,0.053793
2.2952e-15,0.04844,0.053803
2.278e-15,0.048456,0.053814
2.2528e-15,0.048471,0.053827
2.2201e-15,0.048484,0.053841
2.1804e-15,0.048495,0.053857
2.1342e-15,0.048504,0.053873
2.0819e-15,0.048511,0.053891
2.024e-15,0.048516,0.053909
1.961e-15,0.048519,0.053929
1.8935e-15,0.048518,0.053949
1.8218e-15,0.048515,0.05397
1.7464e-15,0.04851,0.053992
1.6679e-15,0.048501,0.054014
1.5866e-15,0.04849,0.054037
1.503e-15,0.048475,0.05406
1.4176e-15,0.048458,0.054083
1.3307e-15,0.048437,0.054106
1.2427e-15,0.048413,0.05413
1.1541e-15,0.048386,0.054153
1.0652e-15,0.048356,0.054176
9.7634e-16,0.048323,0.054199
8.8791e-16,0.048287,0.054221
8.0021e-16,0.048248,0.054243
7.1354e-16,0.048206,0.054264
6.2818e-16,0.048162,0.054285
5.4441e-16,0.048114,0.054305
4.6248e-16,0.048064,0.054324
3.826e-16,0.048012,0.054342
3.05e-16,0.047957,0.054359
2.2987e-16,0.0479,0.054375
1.5738e-16,0.047842,0.05439
8.7678e-17,0.047781,0.054404
2.0913e-17,0.047719,0.054417
-4.2799e-17,0.047655,0.054428
-1.0336e-16,0.04759,0.054439
-1.6067e-16,0.047525,0.054448
-2.1468e-16,0.047458,0.054455
-2.6533e-16,0.047391,0.054461
-3.1257e-16,0.047324,0.054466
-3.564e-16,0.047256,0.05447
-3.9679e-16,0.047189,0.054472
-4.3376e-16,0.047122,0.054473
-4.6732e-16,0.047055,0.054473
-4.9751e-16,0.04699,0.054471
-5.2436e-16,0.046926,0.054468
-5.4793e-16,0.046863,0.054464
-5.6829e-16,0.046801,0.054458
-5.855e-16,0.046741,0.054451
-5.9964e-16,0.046683,0.054444
-6.1081e-16,0.046628,0.054435
-6.191e-16,0.046575,0.054425
-6.2462e-16,0.046524,0.054414
-6.2747e-16,0.046476,0.054402
-6.2776e-16,0.046431,0.054389
-6.2563e-16,0.046389,0.054375
-6.2118e-16,0.046351,0.05436
-6.1455e-16,0.046316,0.054345
-6.0586e-16,0.046284,0.054329
-5.9525e-16,0.046256,0.054313
-5.8283e-16,0.046232,0.054296
-5.6876e-16,0.046212,0.054278
-5.5315e-16,0.046195,0.054261
-5.3615e-16,0.046183,0.054242
-5.1787e-16,0.046175,0.054224
-4.9846e-16,0.046171,0.054205
-4.7804e-16,0.046171,0.054186
-4.5673e-16,0.046175,0.054167
-4.3466e-16,0.046184,0.054148
-4.1196e-16,0.046197,0.054129
-3.8873e-16,0.046214,0.054111
-3.6509e-16,0.046235,0.054092
-3.4116e-16,0.046261,0.054073
-3.1703e-16,0.04629,0.054055
-2.9282e-16,0.046324,0.054036
-2.6861e-16,0.046361,0.054018
-2.445e-16,0.046403,0.054
-2.2058e-16,0.046448,0.053983
-1.9694e-16,0.046497,0.053966
-1.7364e-16,0.046549,0.053949
-1.5077e-16,0.046605,0.053933
-1.284e-16,0.046664,0.053917
-1.0657e-16,0.046726,0.053901
-8.5363e-17,0.046792,0.053886
-6.482e-17,0.04686,0.053871
-4.4991e-17,0.04693,0.053857
-2.5919e-17,0.047003,0.053843
-7.643e-18,0.047079,0.053829
9.8053e-18,0.047156,0.053816
2.6397e-17,0.047236,0.053803
4.2108e-17,0.047317,0.053791
5.692e-17,0.047399,0.053779
7.0817e-17,0.047483,0.053767
8.3789e-17,0.047568,0.053756
9.5829e-17,0.047653,0.053745
1.0694e-16,0.04774,0.053735
1.1711e-16,0.047826,0.053725
1.2635e-16,0.047913,0.053715
1.3467e-16,0.048,0.053706
1.4209e-16,0.048087,0.053698
1.4861e-16,0.048173,0.053689
1.5425e-16,0.048259,0.053681
1.5903e-16,0.048344,0.053674
1.6297e-16,0.048428,0.053667
1.661e-16,0.048511,0.053661
1.6844e-16,0.048593,0.053655
1.7003e-16,0.048673,0.05365
1.7088e-16,0.048751,0.053645
1.7104e-16,0.048827,0.053641
1.7052e-16,0.048902,0.053638
1.6938e-16,0.048974,0.053635
1.6764e-16,0.049044,0.053633
1.6533e-16,0.049111,0.053632
1.6249e-16,0.049176,0.053632
1.5916e-16,0.049238,0.053633
1.5538e-16,0.049297,0.053634
1.5117e-16,0.049354,0.053637
1.4658e-16,0.049407,0.053641
1.4163e-16,0.049457,0.053646
1.3638e-16,0.049504,0.053652
1.3084e-16,0.049547,0.05366
1.2506e-16,0.049587,0.053668
1.1907e-16,0.049624,0.053678
1.1291e-16,0.049657,0.05369
1.0659e-16,0.049687,0.053703
1.0016e-16,0.049713,0.053717
9.3651e-17,0.049735,0.053733
8.7083e-17,0.049754,0.05375
8.0488e-17,0.049768,0.053769
7.3892e-17,0.04978,0.05379
6.732e-17,0.049787,0.053812
6.0798e-17,0.049791,0.053837
5.4348e-17,0.049791,0.053862
4.7991e-17,0.049787,0.05389
4.1747e-17,0.04978,0.053919
3.5635e-17,0.049768,0.05395
2.9673e-17,0.049754,0.053982
2.3876e-17,0.049736,0.054016
1.826e-17,0.049714,0.054052
1.2836e-17,0.049688,0.054089
7.6177e-18,0.04966,0.054129
2.6148e-18,0.049628,0.054169
-2.1633e-18,0.049593,0.054211
-6.7089e-18,0.049554,0.054255
-1.1015e-17,0.049513,0.0543
-1.5077e-17,0.049468,0.054346
-1.889e-17,0.049421,0.054394
-2.2452e-17,0.049371,0.054442
-2.5759e-17,0.049318,0.054492
-2.8813e-17,0.049263,0.054543
-3.1612e-17,0.049206,0.054595
-3.4157e-17,0.049146,0.054648
-3.6452e-17,0.049084,0.054702
-3.8498e-17,0.04902,0.054756
-4.03e-17,0.048955,0.054811
-4.1862e-17,0.048887,0.054867
-4.319e-17,0.048819,0.054923
-4.4289e-17,0.048749,0.054979
-4.5165e-17,0.048677,0.055036
-4.5826e-17,0.048605,0.055092
-4.628e-17,0.048532,0.055149
-4.6534e-17,0.048459,0.055206
-4.6597e-17,0.048384,0.055263
-4.6477e-17,0.04831,0.05532
-4.6184e-17,0.048235,0.055376
-4.5726e-17,0.04816,0.055432
-4.5114e-17,0.048086,0.055487
-4.4356e-17,0.048011,0.055542
-4.3464e-17,0.047938,0.055596
-4.2445e-17,0.047864,0.05565
-4.1311e-17,0.047792,0.055703
-4.0071e-17,0.047721,0.055754
-3.8734e-17,0.04765,0.055805
-3.7311e-17,0.047581,0.055855
-3.5811e-17,0.047513,0.055904
-3.4244e-17,0.047447,0.055952
-3.2618e-17,0.047382,0.055998
-3.0942e-17,0.047319,0.056043
-2.9226e-17,0.047258,0.056087
-2.7478e-17,0.047199,0.056129
-2.5706e-17,0.047142,0.05617
-2.3918e-17,0.047087,0.056209
-2.2122e-17,0.047035,0.056247
-2.0325e-17,0.046985,0.056283
-1.8534e-17,0.046937,0.056318
-1.6755e-17,0.046892,0.05635
-1.4996e-17,0.046849,0.056381
-1.3261e-17,0.04681,0.05641
-1.1556e-17,0.046772,0.056437
-9.8874e-18,0.046738,0.056462
-8.2585e-18,0.046707,0.056485
-6.6743e-18,0.046678,0.056506
-5.1387e-18,0.046652,0.056525
-3.6554e-18,0.046629,0.056542
-2.2276e-18,0.046609,0.056557
-8.5818e-19,0.046592,0.05657
4.5026e-19,0.046578,0.056581
1.6956e-18,0.046567,0.056589
2.8759e-18,0.046559,0.056596
3.9897e-18,0.046553,0.0566
5.0359e-18,0.046551,0.056602
6.0136e-18,0.046551,0.056601
6.9222e-18,0.046554,0.056599
7.7615e-18,0.04656,0.056594
8.5315e-18,0.046568,0.056587
9.2325e-18,0.046579,0.056578
9.865e-18,0.046593,0.056566
1.043e-17,0.046608,0.056552
1.0928e-17,0.046627,0.056537
1.1361e-17,0.046647,0.056518
1.1729e-17,0.04667,0.056498
1.2035e-17,0.046695,0.056476
1.228e-17,0.046721,0.056452
1.2467e-17,0.04675,0.056425
1.2596e-17,0.04678,0.056397
1.2672e-17,0.046812,0.056367
1.2694e-17,0.046846,0.056335
1.2667e-17,0.04688,0.056301
1.2592e-17,0.046916,0.056266
1.2472e-17,0.046953,0.056229
1.231e-17,0.046991,0.05619
1.2108e-17,0.04703,0.05615
1.1868e-17,0.04707,0.056109
1.1595e-17,0.04711,0.056066
1.1289e-17,0.04715,0.056022
1.0954e-17,0.047191,0.055977
1.0593e-17,0.047232,0.055932
1.0208e-17,0.047273,0.055885
9.8011e-18,0.047314,0.055838
9.3759e-18,0.047354,0.05579
8.9346e-18,0.047394,0.055742
8.4795e-18,0.047433,0.055693
8.0132e-18,0.047472,0.055645
7.5378e-18,0.04751,0.055596
7.0557e-18,0.047546,0.055547
6.569e-18,0.047582,0.055499
6.0798e-18,0.047617,0.055451
5.5902e-18,0.04765,0.055404
5.102e-18,0.047682,0.055357
4.617e-18,0.047712,0.055311
4.1371e-18,0.047741,0.055266
3.6637e-18,0.047768,0.055223
3.1983e-18,0.047793,0.05518
2.7425e-18,0.047816,0.055138
2.2976e-18,0.047837,0.055098
1.8646e-18,0.047857,0.05506
1.4448e-18,0.047874,0.055023
1.0391e-18,0.047889,0.054988
6.4848e-19,0.047902,0.054955
2.7367e-19,0.047913,0.054923
-8.4613e-20,0.047922,0.054894
-4.2575e-19,0.047929,0.054866
-7.4924e-19,0.047933,0.054841
-1.0547e-18,0.047935,0.054817
-1.3417e-18,0.047935,0.054796
-1.6101e-18,0.047933,0.054777
-1.8596e-18,0.047928,0.05476
-2.0903e-18,0.047922,0.054745
-2.3022e-18,0.047913,0.054732
-2.4952e-18,0.047903,0.054721
-2.6695e-18,0.04789,0.054713
-2.8254e-18,0.047876,0.054706
-2.963e-18,0.047859,0.054701
-3.0828e-18,0.047841,0.054699
-3.1851e-18,0.047821,0.054698
-3.2703e-18,0.0478,0.054699
-3.3389e-18,0.047777,0.054701
-3.3914e-18,0.047752,0.054705
-3.4283e-18,0.047726,0.054711
-3.4504e-18,0.047699,0.054718
-3.4581e-18,0.047671,0.054727
-3.4521e-18,0.047642,0.054736
-3.4331e-18,0.047612,0.054747
-3.4017e-18,0.047581,0.054759
-3.3587e-18,0.04755,0.054772
-3.3048e-18,0.047518,0.054785
-3.2407e-18,0.047485,0.054799
-3.1671e-18,0.047453,0.054814
-3.0847e-18,0.04742,0.054829
-2.9943e-18,0.047386,0.054844
-2.8966e-18,0.047353,0.05486
-2.7924e-18,0.04732,0.054875
-2.6822e-18,0.047287,0.054891
-2.5669e-18,0.047255,0.054907
-2.4471e-18,0.047222,0.054922
-2.3236e-18,0.047191,0.054937
-2.1968e-18,0.047159,0.054951
-2.0675e-18,0.047129,0.054965
-1.9364e-18,0.047099,0.054979
-1.8039e-18,0.04707,0.054991
-1.6707e-18,0.047041,0.055003
-1.5373e-18,0.047014,0.055014
-1.4042e-18,0.046987,0.055024
-1.272e-18,0.046962,0.055034
-1.141e-18,0.046937,0.055042
-1.0119e-18,0.046913,0.055049
-8.8484e-19,0.04689,0.055054
-7.6037e-19,0.046868,0.055059
-6.3881e-19,0.046848,0.055062
-5.2049e-19,0.046828,0.055065
-4.0572e-19,0.046809,0.055065
-2.9477e-19,0.046791,0.055065
-1.8789e-19,0.046774,0.055063
-8.5306e-20,0.046759,0.05506
1.2795e-20,0.046744,0.055055
1.0624e-19,0.046729,0.055049
1.949e-19,0.046716,0.055042
2.7864e-19,0.046704,0.055033
3.5738e-19,0.046692,0.055023
4.3104e-19,0.046681,0.055012
4.9959e-19,0.046671,0.054999
5.6299e-19,0.046661,0.054985
6.2125e-19,0.046652,0.05497
6.7438e-19,0.046643,0.054954
7.2241e-19,0.046635,0.054937
7.6541e-19,0.046628,0.054918
8.0344e-19,0.04662,0.054898
8.3659e-19,0.046613,0.054878
8.6495e-19,0.046607,0.054856
8.8865e-19,0.046601,0.054834
9.0781e-19,0.046594,0.054811
9.2257e-19,0.046588,0.054787
9.3309e-19,0.046583,0.054762
9.3951e-19,0.046577,0.054736
9.4201e-19,0.046571,0.054711
9.4075e-19,0.046566,0.054684
9.3593e-19,0.04656,0.054657
9.2773e-19,0.046555,0.05463
9.1634e-19,0.046549,0.054603
9.0194e-19,0.046544,0.054575
8.8475e-19,0.046538,0.054547
8.6494e-19,0.046533,0.054519
8.4274e-19,0.046527,0.054491
8.1832e-19,0.046521,0.054463
7.9189e-19,0.046516,0.054435
7.6365e-19,0.04651,0.054408
7.3379e-19,0.046504,0.05438
7.025e-19,0.046499,0.054353
6.6997e-19,0.046493,0.054326
6.3638e-19,0.046488,0.0543
6.0191e-19,0.046482,0.054274
5.6674e-19,0.046477,0.054249
5.3103e-19,0.046472,0.054224
4.9495e-19,0.046468,0.0542
4.5865e-19,0.046463,0.054176
4.2228e-19,0.046459,0.054154
3.86e-19,0.046455,0.054132
3.4992e-19,0.046452,0.054111
3.1419e-19,0.046449,0.05409
2.7892e-19,0.046447,0.054071
2.4423e-19,0.046445,0.054053
2.1022e-19,0.046444,0.054035
1.77e-19,0.046444,0.054019
1.4465e-19,0.046445,0.054003
1.1327e-19,0.046446,0.053989
8.2915e-20,0.046449,0.053975
5.3667e-20,0.046452,0.053963
2.5584e-20,0.046457,0.053952
-1.2806e-21,0.046462,0.053942
-2.688e-20,0.046469,0.053933
-5.1174e-20,0.046477,0.053925
-7.413e-20,0.046487,0.053918
-9.5723e-20,0.046497,0.053912
-1.1593e-19,0.04651,0.053907
-1.3475e-19,0.046523,0.053904
-1.5216e-19,0.046539,0.053901
-1.6816e-19,0.046555,0.0539
-1.8277e-19,0.046574,0.0539
-1.9598e-19,0.046594,0.0539
-2.0781e-19,0.046616,0.053902
-2.1829e-19,0.046639,0.053904
-2.2742e-19,0.046664,0.053908
-2.3525e-19,0.046691,0.053913
-2.418e-19,0.046719,0.053918
-2.4711e-19,0.046749,0.053924
-2.5121e-19,0.046781,0.053932
-2.5415e-19,0.046815,0.05394
-2.5596e-19,0.04685,0.053949
-2.5669e-19,0.046886,0.053958
-2.564e-19,0.046924,0.053969
-2.5512e-19,0.046964,0.05398
-2.5292e-19,0.047005,0.053992
-2.4983e-19,0.047047,0.054005
-2.4592e-19,0.04709,0.054018
-2.4124e-19,0.047134,0.054032
-2.3584e-19,0.04718,0.054047
-2.2977e-19,0.047226,0.054062
-2.231e-19,0.047273,0.054078
-2.1587e-19,0.047321,0.054094
-2.0814e-19,0.047369,0.054111
-1.9996e-19,0.047418,0.054129
-1.9139e-19,0.047467,0.054147
-1.8247e-19,0.047516,0.054166
-1.7325e-19,0.047566,0.054185
-1.6379e-19,0.047615,0.054205
-1.5414e-19,0.047664,0.054225
-1.4433e-19,0.047713,0.054245
-1.3442e-19,0.047761,0.054266
-1.2445e-19,0.047808,0.054288
-1.1446e-19,0.047855,0.05431
-1.0448e-19,0.047901,0.054332
-9.4566e-20,0.047946,0.054354
-8.4741e-20,0.047989,0.054377
-7.5044e-20,0.048032,0.054401
-6.5505e-20,0.048072,0.054425
-5.6155e-20,0.048112,0.054449
-4.702e-20,0.048149,0.054473
-3.8128e-20,0.048185,0.054498
-2.95e-20,0.048218,0.054522
-2.1159e-20,0.04825,0.054548
-1.3125e-20,0.04828,0.054573
-5.4136e-21,0.048307,0.054598
1.9587e-21,0.048332,0.054624
8.9787e-21,0.048354,0.05465
1.5635e-20,0.048374,0.054675
2.1918e-20,0.048392,0.054701
2.782e-20,0.048406,0.054727
3.3336e-20,0.048418,0.054753
3.846e-20,0.048427,0.054779
4.3191e-20,0.048434,0.054804
4.7527e-20,0.048437,0.05483
5.1469e-20,0.048438,0.054855
5.5019e-20,0.048435,0.05488
5.8181e-20,0.04843,0.054905
6.0959e-20,0.048421,0.054929
6.336e-20,0.04841,0.054953
6.539e-20,0.048396,0.054977
6.7058e-20,0.048379,0.055
6.8373e-20,0.048359,0.055022
6.9345e-20,0.048336,0.055044
6.9985e-20,0.04831,0.055065
7.0305e-20,0.048282,0.055086
7.0318e-20,0.04825,0.055106
7.0036e-20,0.048217,0.055125
6.9474e-20,0.04818,0.055144
6.8644e-20,0.048141,0.055161
6.7563e-20,0.0481,0.055178
6.6245e-20,0.048057,0.055194
6.4704e-20,0.048011,0.055209
6.2957e-20,0.047963,0.055223
6.1019e-20,0.047913,0.055236
5.8905e-20,0.047862,0.055248
5.6631e-20,0.047808,0.055259
5.4213e-20,0.047754,0.055269
5.1666e-20,0.047697,0.055278
4.9006e-20,0.04764,0.055286
4.6248e-20,0.047581,0.055293
4.3406e-20,0.047522,0.055299
4.0496e-20,0.047461,0.055304
3.7532e-20,0.047401,0.055308
3.4529e-20,0.047339,0.055311
3.1499e-20,0.047277,0.055313
2.8457e-20,0.047216,0.055314
2.5415e-20,0.047154,0.055315
2.2386e-20,0.047093,0.055314
1.9381e-20,0.047032,0.055312
1.6413e-20,0.046971,0.05531
1.3493e-20,0.046911,0.055307
1.0631e-20,0.046853,0.055303
7.8366e-21,0.046795,0.055298
5.1198e-21,0.046738,0.055292
2.4894e-21,0.046683,0.055286
-4.6365e-23,0.04663,0.055279
-2.4796e-21,0.046578,0.055271
-4.8032e-21,0.046528,0.055263
-7.0105e-21,0.04648,0.055254
-9.0955e-21,0.046434,0.055245
-1.1053e-20,0.04639,0.055234
-1.2877e-20,0.046349,0.055224
-1.4565e-20,0.04631,0.055213
-1.6111e-20,0.046273,0.055201
-1.7514e-20,0.046239,0.055189
-1.877e-20,0.046208,0.055176
-1.9877e-20,0.046179,0.055163
-2.0834e-20,0.046153,0.05515
-2.1639e-20,0.04613,0.055136
-2.2293e-20,0.04611,0.055122
-2.2795e-20,0.046092,0.055107
-2.3145e-20,0.046078,0.055092
-2.3345e-20,0.046066,0.055077
-2.3396e-20,0.046057,0.055061
-2.33e-20,0.04605,0.055046
-2.306e-20,0.046046,0.055029
-2.2677e-20,0.046045,0.055013
-2.2156e-20,0.046047,0.054996
-2.1501e-20,0.046051,0.054979
-2.0714e-20,0.046057,0.054962
-1.9802e-20,0.046066,0.054945
-1.8768e-20,0.046077,0.054928
-1.7618e-20,0.04609,0.05491
-1.6357e-20,0.046105,0.054892
-1.4992e-20,0.046122,0.054874
-1.3529e-20,0.04614,0.054857
-1.1974e-20,0.04616,0.054839
-1.0334e-20,0.046182,0.05482
-8.616e-21,0.046205,0.054802
-6.8283e-21,0.046229,0.054784
-4.978e-21,0.046253,0.054766
-3.0733e-21,0.046279,0.054748
-1.1221e-21,0.046305,0.05473
8.6696e-22,0.046332,0.054713
2.8854e-21,0.046359,0.054695
4.9245e-21,0.046386,0.054677
6.9753e-21,0.046413,0.05466
9.0288e-21,0.04644,0.054643
1.1076e-20,0.046467,0.054626
1.3107e-20,0.046493,0.05461
1.5113e-20,0.046518,0.054594
1.7084e-20,0.046543,0.054578
1.9011e-20,0.046567,0.054563
2.0884e-20,0.04659,0.054548
2.2695e-20,0.046612,0.054533
2.4432e-20,0.046633,0.05452
2.6088e-20,0.046653,0.054506
2.7653e-20,0.046672,0.054494
2.9116e-20,0.046689,0.054482
3.0471e-20,0.046705,0.05447
3.1706e-20,0.046719,0.05446
3.2814e-20,0.046732,0.05445
3.3786e-20,0.046744,0.05444
3.4614e-20,0.046754,0.054432
3.529e-20,0.046763,0.054425
3.5806e-20,0.04677,0.054418
3.6154e-20,0.046776,0.054412
3.6328e-20,0.046781,0.054407
3.6322e-20,0.046784,0.054403
3.6128e-20,0.046786,0.0544
3.5742e-20,0.046787,0.054398
3.5158e-20,0.046787,0.054397
3.4371e-20,0.046786,0.054397
3.3379e-20,0.046784,0.054398
3.2176e-20,0.046781,0.0544
3.0761e-20,0.046777,0.054403
2.9132e-20,0.046773,0.054407
2.7287e-20,0.046769,0.054412
2.5225e-20,0.046764,0.054418
2.2947e-20,0.046759,0.054425
2.0453e-20,0.046753,0.054432
1.7747e-20,0.046748,0.054441
1.483e-20,0.046743,0.05445
1.1706e-20,0.046738,0.054461
8.3789e-21,0.046734,0.054472
4.8554e-21,0.04673,0.054483
1.1415e-21,0.046727,0.054496
-2.7554e-21,0.046725,0.054509
-6.8267e-21,0.046723,0.054522
-1.1063e-20,0.046723,0.054537
-1.5454e-20,0.046724,0.054551
-1.9988e-20,0.046726,0.054566
-2.4652e-20,0.046729,0.054581
-2.9432e-20,0.046734,0.054597
-3.4315e-20,0.04674,0.054612
-3.9284e-20,0.046748,0.054628
-4.4323e-20,0.046758,0.054644
-4.9414e-20,0.04677,0.054659
-5.4538e-20,0.046783,0.054675
-5.9675e-20,0.046798,0.05469
-6.4805e-20,0.046815,0.054705
-6.9907e-20,0.046834,0.054719
-7.4958e-20,0.046855,0.054733
-7.9935e-20,0.046877,0.054747
-8.4814e-20,0.046902,0.05476
-8.9571e-20,0.046928,0.054772
-9.418e-20,0.046957,0.054783
-9.8616e-20,0.046987,0.054793
-1.0285e-19,0.047019,0.054803
-1.0686e-19,0.047053,0.054812
-1.1062e-19,0.047088,0.054819
-1.1409e-19,0.047125,0.054825
-1.1726e-19,0.047163,0.054831
-1.2009e-19,0.047203,0.054835
-1.2256e-19,0.047244,0.054838
-1.2464e-19,0.047287,0.054839
-1.263e-19,0.04733,0.054839
-1.2752e-19,0.047374,0.054838
-1.2826e-19,0.04742,0.054836
-1.2851e-19,0.047465,0.054832
-1.2824e-19,0.047512,0.054826
-1.2743e-19,0.047558,0.05482
-1.2605e-19,0.047605,0.054811
-1.2408e-19,0.047652,0.054802
-1.215e-19,0.047699,0.054791
-1.1829e-19,0.047745,0.054778
-1.1444e-19,0.047792,0.054764
-1.0993e-19,0.047837,0.054749
-1.0474e-19,0.047882,0.054732
-9.887e-20,0.047926,0.054714
-9.2304e-20,0.047969,0.054694
-8.5037e-20,0.04801,0.054674
-7.7064e-20,0.048051,0.054652
-6.8384e-20,0.048089,0.054628
-5.8996e-20,0.048126,0.054604
-4.8906e-20,0.048162,0.054578
-3.8119e-20,0.048196,0.054552
-2.6646e-20,0.048227,0.054524
-1.45e-20,0.048257,0.054496
-1.6968e-21,0.048284,0.054466
1.1742e-20,0.048309,0.054436
2.5795e-20,0.048332,0.054405
4.0433e-20,0.048353,0.054373
5.5627e-20,0.048371,0.054341
7.1341e-20,0.048387,0.054308
8.7538e-20,0.0484,0.054274
1.0418e-19,0.048411,0.05424
1.2121e-19,0.048419,0.054206
1.3858e-19,0.048425,0.054171
1.5625e-19,0.048428,0.054136
1.7415e-19,0.048429,0.054101
1.9222e-19,0.048427,0.054066
2.1041e-19,0.048423,0.054031
2.2863e-19,0.048417,0.053996
2.4681e-19,0.048408,0.05396
2.649e-19,0.048398,0.053926
2.8279e-19,0.048385,0.053891
3.0042e-19,0.04837,0.053857
3.1769e-19,0.048353,0.053823
3.3453e-19,0.048335,0.053789
3.5083e-19,0.048314,0.053757
3.6652e-19,0.048292,0.053724
3.8149e-19,0.048269,0.053693
3.9565e-19,0.048244,0.053662
4.089e-19,0.048218,0.053631
4.2115e-19,0.04819,0.053602
4.3229e-19,0.048162,0.053573
4.4223e-19,0.048133,0.053546
4.5086e-19,0.048103,0.053519
4.5809e-19,0.048072,0.053493
4.6382e-19,0.048041,0.053469
4.6795e-19,0.048009,0.053445
4.7039e-19,0.047978,0.053423
4.7105e-19,0.047946,0.053402
4.6982e-19,0.047914,0.053381
4.6664e-19,0.047883,0.053363
4.614e-19,0.047851,0.053345
4.5405e-19,0.047821,0.053328
4.4449e-19,0.04779,0.053313
4.3265e-19,0.047761,0.053299
4.1849e-19,0.047732,0.053287
4.0193e-19,0.047704,0.053275
3.8293e-19,0.047677,0.053265
3.6145e-19,0.047652,0.053256
3.3744e-19,0.047627,0.053248
3.1088e-19,0.047604,0.053242
2.8176e-19,0.047583,0.053237
2.5007e-19,0.047562,0.053233
2.158e-19,0.047544,0.05323
1.7897e-19,0.047526,0.053229
1.3961e-19,0.047511,0.053228
9.7737e-20,0.047497,0.053229
5.3411e-20,0.047485,0.053231
6.6856e-21,0.047475,0.053234
-4.2367e-20,0.047467,0.053238
-9.3663e-20,0.04746,0.053243
-1.4711e-19,0.047455,0.053249
-2.0259e-19,0.047452,0.053256
-2.5998e-19,0.047451,0.053265
-3.1914e-19,0.047452,0.053274
-3.7993e-19,0.047454,0.053284
-4.4217e-19,0.047458,0.053295
-5.0569e-19,0.047464,0.053307
-5.7029e-19,0.047471,0.05332
-6.3577e-19,0.04748,0.053334
-7.0189e-19,0.047491,0.053349
-7.6843e-19,0.047503,0.053364
-8.3515e-19,0.047517,0.053381
-9.0176e-19,0.047532,0.053399
-9.6801e-19,0.047548,0.053417
-1.0336e-18,0.047565,0.053436
-1.0983e-18,0.047584,0.053456
-1.1616e-18,0.047603,0.053478
-1.2234e-18,0.047624,0.0535
-1.2833e-18,0.047646,0.053523
-1.341e-18,0.047668,0.053547
-1.3961e-18,0.047691,0.053572
-1.4482e-18,0.047714,0.053598
-1.4971e-18,0.047738,0.053625
-1.5423e-18,0.047763,0.053653
-1.5835e-18,0.047788,0.053682
-1.6203e-18,0.047813,0.053712
-1.6524e-18,0.047839,0.053743
-1.6793e-18,0.047864,0.053776
-1.7008e-18,0.047889,0.05381
-1.7165e-18,0.047915,0.053845
-1.726e-18,0.04794,0.053881
-1.729e-18,0.047965,0.053918
-1.7252e-18,0.047989,0.053957
-1.7142e-18,0.048014,0.053997
-1.6957e-18,0.048037,0.054039
-1.6695e-18,0.048061,0.054081
-1.6352e-18,0.048083,0.054126
-1.5926e-18,0.048105,0.054171
-1.5414e-18,0.048126,0.054218
-1.4816e-18,0.048146,0.054266
-1.4127e-18,0.048166,0.054316
-1.3348e-18,0.048184,0.054367
-1.2476e-18,0.048202,0.05442
-1.1512e-18,0.048218,0.054474
-1.0452e-18,0.048233,0.054529
-9.299e-19,0.048248,0.054585
-8.0511e-19,0.048261,0.054643
-6.7092e-19,0.048272,0.054702
-5.2741e-19,0.048283,0.054762
-3.747e-19,0.048292,0.054823
-2.1295e-19,0.0483,0.054885
-4.2385e-20,0.048307,0.054949
1.3675e-19,0.048312,0.055013
3.2416e-19,0.048315,0.055077
5.1949e-19,0.048318,0.055143
7.2233e-19,0.048319,0.055209
9.3224e-19,0.048318,0.055276
1.1487e-18,0.048316,0.055342
1.3712e-18,0.048313,0.05541
1.5991e-18,0.048308,0.055477
1.8318e-18,0.048301,0.055544
2.0685e-18,0.048293,0.055611
2.3085e-18,0.048284,0.055678
2.5509e-18,0.048273,0.055744
2.795e-18,0.048261,0.055809
3.0399e-18,0.048248,0.055874
3.2844e-18,0.048233,0.055938
3.5278e-18,0.048217,0.056001
3.7688e-18,0.0482,0.056063
4.0065e-18,0.048181,0.056123
4.2397e-18,0.048161,0.056182
4.4673e-18,0.048141,0.056239
4.6879e-18,0.048119,0.056294
4.9005e-18,0.048096,0.056347
5.1037e-18,0.048072,0.056399
5.2963e-18,0.048047,0.056448
5.477e-18,0.048021,0.056494
5.6444e-18,0.047995,0.056538
5.7972e-18,0.047968,0.05658
5.9342e-18,0.04794,0.056619
6.0538e-18,0.047912,0.056655
6.1549e-18,0.047883,0.056688
6.2361e-18,0.047854,0.056718
6.296e-18,0.047824,0.056745
6.3334e-18,0.047794,0.056769
6.3471e-18,0.047764,0.05679
6.3358e-18,0.047734,0.056807
6.2983e-18,0.047703,0.056822
6.2334e-18,0.047673,0.056833
6.1402e-18,0.047643,0.05684
6.0176e-18,0.047612,0.056845
5.8646e-18,0.047582,0.056846
5.6803e-18,0.047552,0.056843
5.464e-18,0.047523,0.056838
5.2149e-18,0.047493,0.056829
4.9325e-18,0.047464,0.056817
4.6163e-18,0.047435,0.056802
4.2658e-18,0.047407,0.056783
3.8808e-18,0.047379,0.056762
3.4611e-18,0.047351,0.056738
3.0068e-18,0.047324,0.05671
2.518e-18,0.047297,0.05668
1.9949e-18,0.047271,0.056648
1.438e-18,0.047245,0.056612
8.478e-19,0.04722,0.056574
2.2515e-19,0.047195,0.056534
-4.2907e-19,0.047171,0.056492
-1.1138e-18,0.047147,0.056447
-1.8277e-18,0.047123,0.0564
-2.5693e-18,0.0471,0.056352
-3.3371e-18,0.047077,0.056302
-4.1293e-18,0.047055,0.05625
-4.9437e-18,0.047032,0.056196
-5.7782e-18,0.047011,0.056141
-6.6305e-18,0.046989,0.056085
-7.4979e-18,0.046968,0.056028
-8.3777e-18,0.046948,0.05597
-9.2669e-18,0.046927,0.055911
-1.0163e-17,0.046907,0.055851
-1.1061e-17,0.046887,0.05579
-1.1959e-17,0.046868,0.055729
-1.2853e-17,0.046849,0.055668
-1.3739e-17,0.04683,0.055606
-1.4613e-17,0.046811,0.055544
-1.5471e-17,0.046793,0.055482
-1.6309e-17,0.046775,0.05542
-1.7122e-17,0.046758,0.055358
-1.7906e-17,0.046741,0.055296
-1.8656e-17,0.046724,0.055235
-1.9367e-17,0.046707,0.055174
-2.0035e-17,0.046692,0.055113
-2.0656e-17,0.046676,0.055053
-2.1223e-17,0.046661,0.054994
-2.1732e-17,0.046647,0.054935
-2.2178e-17,0.046633,0.054876
-2.2557e-17,0.04662,0.054819
-2.2863e-17,0.046607,0.054762
-2.3092e-17,0.046595,0.054706
-2.3238e-17,0.046584,0.054651
-2.3298e-17,0.046573,0.054597
-2.3267e-17,0.046563,0.054544
-2.314e-17,0.046554,0.054491
-2.2913e-17,0.046545,0.05444
-2.2583e-17,0.046537,0.054389
-2.2144e-17,0.04653,0.05434
-2.1595e-17,0.046524,0.054292
-2.0931e-17,0.046519,0.054244
-2.015e-17,0.046514,0.054198
-1.9249e-17,0.04651,0.054153
-1.8226e-17,0.046507,0.054109
-1.7079e-17,0.046505,0.054065
-1.5806e-17,0.046503,0.054023
-1.4406e-17,0.046503,0.053982
-1.288e-17,0.046503,0.053942
-1.1226e-17,0.046503,0.053903
-9.4452e-18,0.046505,0.053866
-7.5386e-18,0.046507,0.053829
-5.5077e-18,0.046509,0.053793
-3.3545e-18,0.046513,0.053759
-1.0817e-18,0.046517,0.053725
1.3074e-18,0.046521,0.053693
3.8089e-18,0.046526,0.053661
6.4181e-18,0.046531,0.053631
9.1298e-18,0.046537,0.053602
1.1938e-17,0.046543,0.053573
1.4837e-17,0.046549,0.053546
1.7818e-17,0.046555,0.05352
2.0873e-17,0.046562,0.053495
2.3995e-17,0.046569,0.053472
2.7174e-17,0.046576,0.053449
3.0399e-17,0.046584,0.053428
3.366e-17,0.046591,0.053407
3.6946e-17,0.046598,0.053388
4.0244e-17,0.046605,0.05337
4.3541e-17,0.046613,0.053353
4.6825e-17,0.04662,0.053338
5.0082e-17,0.046627,0.053323
5.3296e-17,0.046634,0.05331
5.6453e-17,0.046641,0.053298
5.9537e-17,0.046648,0.053288
6.2532e-17,0.046654,0.053278
6.5422e-17,0.046661,0.05327
6.8189e-17,0.046667,0.053263
7.0817e-17,0.046674,0.053258
7.3288e-17,0.04668,0.053253
7.5585e-17,0.046686,0.05325
7.7689e-17,0.046692,0.053249
7.9582e-17,0.046698,0.053248
8.1247e-17,0.046704,0.053249
8.2665e-17,0.04671,0.053252
8.3819e-17,0.046717,0.053255
8.469e-17,0.046723,0.05326
8.5262e-17,0.046729,0.053266
8.5518e-17,0.046735,0.053274
8.544e-17,0.046742,0.053283
8.5013e-17,0.046749,0.053293
8.4221e-17,0.046756,0.053304
8.3049e-17,0.046763,0.053317
8.1484e-17,0.046771,0.053331
7.9513e-17,0.046779,0.053346
7.7123e-17,0.046788,0.053362
7.4303e-17,0.046797,0.053379
7.1044e-17,0.046806,0.053397
6.7337e-17,0.046816,0.053417
6.3176e-17,0.046826,0.053437
5.8554e-17,0.046838,0.053459
5.3468e-17,0.046849,0.053481
4.7915e-17,0.046861,0.053505
4.1894e-17,0.046874,0.053529
3.5408e-17,0.046888,0.053554
2.846e-17,0.046902,0.05358
2.1054e-17,0.046917,0.053607
1.3198e-17,0.046933,0.053635
4.9026e-18,0.046949,0.053663
-3.8215e-18,0.046966,0.053692
-1.296e-17,0.046984,0.053721
-2.2496e-17,0.047002,0.053752
-3.241e-17,0.047022,0.053782
-4.2682e-17,0.047042,0.053814
-5.3286e-17,0.047062,0.053845
-6.4198e-17,0.047084,0.053877
-7.5387e-17,0.047106,0.05391
-8.6822e-17,0.047129,0.053943
-9.8469e-17,0.047152,0.053976
-1.1029e-16,0.047177,0.054009
-1.2225e-16,0.047202,0.054042
-1.343e-16,0.047227,0.054076
-1.4641e-16,0.047254,0.05411
-1.5852e-16,0.047281,0.054144
-1.7058e-16,0.047308,0.054177
-1.8255e-16,0.047336,0.054211
-1.9436e-16,0.047365,0.054245
-2.0598e-16,0.047394,0.054278
-2.1733e-16,0.047424,0.054312
-2.2836e-16,0.047454,0.054345
-2.3902e-16,0.047485,0.054378
-2.4923e-16,0.047516,0.05441
-2.5894e-16,0.047548,0.054442
-2.6807e-16,0.047579,0.054474
-2.7658e-16,0.047612,0.054505
-2.8438e-16,0.047645,0.054535
-2.9142e-16,0.047678,0.054566
-2.9762e-16,0.047711,0.054595
-3.0293e-16,0.047744,0.054624
-3.0728e-16,0.047778,0.054652
-3.1059e-16,0.047812,0.054679
-3.1281e-16,0.047846,0.054705
-3.1388e-16,0.047881,0.05473
-3.1373e-16,0.047915,0.054755
-3.1231e-16,0.04795,0.054778
-3.0955e-16,0.047985,0.054801
-3.054e-16,0.048019,0.054822
-2.9982e-16,0.048054,0.054843
-2.9275e-16,0.048089,0.054862
-2.8414e-16,0.048123,0.05488
-2.7397e-16,0.048158,0.054896
-2.6218e-16,0.048192,0.054912
-2.4875e-16,0.048227,0.054926
-2.3366e-16,0.048261,0.054939
-2.1688e-16,0.048295,0.05495
-1.984e-16,0.048329,0.05496
-1.782e-16,0.048362,0.054969
-1.5629e-16,0.048395,0.054976
-1.3266e-16,0.048428,0.054982
-1.0734e-16,0.04846,0.054986
-8.0336e-17,0.048492,0.054988
-5.1678e-17,0.048524,0.054989
-2.1399e-17,0.048555,0.054989
1.0457e-17,0.048585,0.054987
4.3839e-17,0.048615,0.054984
7.8688e-17,0.048644,0.054979
1.1493e-16,0.048673,0.054972
1.525e-16,0.048701,0.054964
1.913e-16,0.048728,0.054954
2.3124e-16,0.048754,0.054943
2.7221e-16,0.04878,0.054931
3.1409e-16,0.048805,0.054917
3.5677e-16,0.048829,0.054901
4.001e-16,0.048853,0.054884
4.4396e-16,0.048875,0.054866
4.8817e-16,0.048897,0.054846
5.3259e-16,0.048917,0.054825
5.7704e-16,0.048937,0.054803
6.2135e-16,0.048956,0.05478
6.6533e-16,0.048973,0.054755
7.0878e-16,0.04899,0.05473
7.5151e-16,0.049006,0.054703
7.933e-16,0.04902,0.054676
8.3394e-16,0.049034,0.054647
8.7321e-16,0.049046,0.054618
9.1089e-16,0.049058,0.054588
9.4673e-16,0.049068,0.054558
9.8051e-16,0.049077,0.054527
1.012e-15,0.049085,0.054495
1.0409e-15,0.049091,0.054464
1.0671e-15,0.049096,0.054432
1.0902e-15,0.049101,0.0544
1.1101e-15,0.049103,0.054368
1.1264e-15,0.049105,0.054336
1.139e-15,0.049105,0.054304
1.1476e-15,0.049103,0.054272
1.152e-15,0.0491,0.054241
1.152e-15,0.049096,0.054211
1.1473e-15,0.04909,0.054181
1.1377e-15,0.049083,0.054152
1.123e-15,0.049073,0.054124
1.1031e-15,0.049063,0.054097
1.0777e-15,0.04905,0.05407
1.0468e-15,0.049036,0.054046
1.0101e-15,0.04902,0.054022
9.6745e-16,0.049002,0.054
9.1883e-16,0.048982,0.053979
8.641e-16,0.04896,0.053961
8.0317e-16,0.048936,0.053943
7.36e-16,0.04891,0.053928
6.6255e-16,0.048882,0.053915
5.828e-16,0.048852,0.053903
4.9676e-16,0.04882,0.053894
4.0449e-16,0.048785,0.053887
3.0603e-16,0.048748,0.053882
2.0148e-16,0.048709,0.053879
9.0976e-17,0.048667,0.053879
-2.534e-17,0.048624,0.053881
-1.4728e-16,0.048577,0.053886
-2.7463e-16,0.048528,0.053893
-4.0714e-16,0.048477,0.053903
-5.4453e-16,0.048424,0.053915
-6.8648e-16,0.048368,0.053929
-8.3265e-16,0.048309,0.053946
-9.8265e-16,0.048249,0.053966
-1.1361e-15,0.048185,0.053988
-1.2924e-15,0.04812,0.054013
-1.4513e-15,0.048052,0.05404
-1.6121e-15,0.047982,0.05407
-1.7743e-15,0.04791,0.054102
-1.9373e-15,0.047836,0.054136
-2.1005e-15,0.04776,0.054173
-2.2632e-15,0.047682,0.054211
-2.4248e-15,0.047602,0.054252
-2.5846e-15,0.047521,0.054295
-2.7417e-15,0.047438,0.05434
-2.8956e-15,0.047353,0.054387
-3.0453e-15,0.047267,0.054435
-3.19e-15,0.047181,0.054486
-3.329e-15,0.047093,0.054537
-3.4613e-15,0.047004,0.05459
-3.5862e-15,0.046915,0.054645
-3.7027e-15,0.046825,0.0547
-3.81e-15,0.046735,0.054756
-3.9072e-15,0.046645,0.054814
-3.9933e-15,0.046555,0.054872
-4.0676e-15,0.046465,0.05493
-4.129e-15,0.046376,0.054989
-4.1768e-15,0.046288,0.055048
-4.2101e-15,0.046201,0.055107
-4.2279e-15,0.046115,0.055166
-4.2296e-15,0.046031,0.055225
-4.2142e-15,0.045948,0.055284
-4.181e-15,0.045867,0.055342
-4.1293e-15,0.045789,0.055399
-4.0583e-15,0.045713,0.055455
-3.9675e-15,0.045639,0.05551
-3.8561e-15,0.045569,0.055563
-3.7236e-15,0.045501,0.055616
-3.5696e-15,0.045437,0.055666
-3.3935e-15,0.045376,0.055715
-3.195e-15,0.045319,0.055763
-2.9739e-15,0.045266,0.055808
-2.7298e-15,0.045217,0.05585
-2.4627e-15,0.045172,0.055891
-2.1725e-15,0.045131,0.055929
-1.8592e-15,0.045095,0.055964
-1.5229e-15,0.045064,0.055997
-1.1639e-15,0.045038,0.056027
-7.826e-16,0.045016,0.056054
-3.793e-16,0.045,0.056077
4.5383e-17,0.044989,0.056098
4.908e-16,0.044983,0.056115
9.5616e-16,0.044982,0.05613
1.4406e-15,0.044986,0.05614
1.943e-15,0.044996,0.056148
2.4623e-15,0.045011,0.056152
2.9973e-15,0.045031,0.056152
3.5464e-15,0.045057,0.056149
4.1083e-15,0.045088,0.056143
4.6812e-15,0.045124,0.056133
5.2634e-15,0.045165,0.056119
5.853e-15,0.045211,0.056102
6.4479e-15,0.045262,0.056082
7.0461e-15,0.045318,0.056058
7.6452e-15,0.045379,0.056031
8.2429e-15,0.045444,0.056001
8.8367e-15,0.045513,0.055968
9.424e-15,0.045587,0.055931
1.0002e-14,0.045665,0.055892
1.0568e-14,0.045746,0.055849
1.112e-14,0.045832,0.055804
1.1653e-14,0.04592,0.055756
1.2166e-14,0.046012,0.055706
1.2654e-14,0.046107,0.055654
1.3116e-14,0.046204,0.055599
1.3547e-14,0.046304,0.055542
1.3945e-14,0.046407,0.055483
1.4306e-14,0.046511,0.055423
1.4627e-14,0.046617,0.055361
1.4904e-14,0.046725,0.055298
1.5135e-14,0.046833,0.055233
1.5316e-14,0.046943,0.055168
1.5444e-14,0.047053,0.055102
1.5516e-14,0.047164,0.055035
1.5529e-14,0.047275,0.054967
1.5479e-14,0.047385,0.0549
1.5365e-14,0.047495,0.054832
1.5182e-14,0.047605,0.054764
1.493e-14,0.047713,0.054697
1.4604e-14,0.04782,0.05463
1.4204e-14,0.047925,0.054563
1.3726e-14,0.048029,0.054498
1.3169e-14,0.048131,0.054433
1.2532e-14,0.04823,0.05437
1.1812e-14,0.048327,0.054308
1.101e-14,0.048421,0.054248
1.0123e-14,0.048512,0.054189
9.1515e-15,0.0486,0.054132
8.0954e-15,0.048685,0.054076
6.9545e-15,0.048766,0.054023
5.7293e-15,0.048843,0.053972
4.4206e-15,0.048916,0.053924
3.0296e-15,0.048985,0.053878
1.5579e-15,0.049049,0.053834
7.3712e-18,0.04911,0.053793
-1.6195e-15,0.049165,0.053755
-3.32e-15,0.049217,0.053719
-5.0907e-15,0.049263,0.053686
-6.9281e-15,0.049304,0.053657
-8.8279e-15,0.049341,0.05363
-1.0786e-14,0.049373,0.053606
-1.2796e-14,0.049399,0.053586
-1.4854e-14,0.049421,0.053568
-1.6953e-14,0.049437,0.053554
-1.9087e-14,0.049449,0.053543
-2.1248e-14,0.049455,0.053535
-2.343e-14,0.049456,0.053531
-2.5625e-14,0.049453,0.053529
-2.7825e-14,0.049444,0.053531
-3.002e-14,0.049431,0.053536
-3.2202e-14,0.049413,0.053545
-3.4361e-14,0.04939,0.053556
-3.6487e-14,0.049363,0.053571
-3.8571e-14,0.049331,0.053589
-4.0601e-14,0.049294,0.05361
-4.2567e-14,0.049254,0.053634
-4.4458e-14,0.04921,0.053661
-4.6262e-14,0.049161,0.05369
-4.7967e-14,0.049109,0.053723
-4.9563e-14,0.049054,0.053759
-5.1037e-14,0.048995,0.053797
-5.2377e-14,0.048932,0.053838
-5.3572e-14,0.048867,0.053882
-5.4608e-14,0.048799,0.053928
-5.5475e-14,0.048729,0.053977
-5.616e-14,0.048656,0.054027
-5.6652e-14,0.048581,0.05408
-5.6939e-14,0.048504,0.054135
-5.701e-14,0.048426,0.054192
-5.6853e-14,0.048345,0.054251
-5.6459e-14,0.048264,0.054312
-5.5818e-14,0.048182,0.054374
-5.4919e-14,0.048098,0.054437
-5.3754e-14,0.048014,0.054502
-5.2314e-14,0.04793,0.054568
-5.0592e-14,0.047845,0.054635
-4.858e-14,0.04776,0.054703
-4.6272e-14,0.047676,0.054771
-4.3664e-14,0.047592,0.05484
-4.0751e-14,0.047508,0.05491
-3.753e-14,0.047425,0.054979
-3.3999e-14,0.047343,0.055049
-3.0156e-14,0.047262,0.055118
-2.6002e-14,0.047183,0.055187
-2.1538e-14,0.047105,0.055256
-1.6767e-14,0.047028,0.055325
-1.1693e-14,0.046953,0.055392
-6.3229e-15,0.04688,0.055459
-6.6233e-16,0.046809,0.055525
5.2797e-15,0.04674,0.055589
1.1493e-14,0.046673,0.055652
1.7966e-14,0.046609,0.055714
2.4684e-14,0.046547,0.055775
3.1634e-14,0.046488,0.055833
3.8798e-14,0.046431,0.05589
4.6158e-14,0.046378,0.055945
5.3694e-14,0.046327,0.055998
6.1384e-14,0.046279,0.056049
6.9204e-14,0.046234,0.056097
7.7129e-14,0.046192,0.056144
8.5133e-14,0.046153,0.056188
9.3186e-14,0.046117,0.056229
1.0126e-13,0.046085,0.056268
1.0932e-13,0.046055,0.056305
1.1734e-13,0.04603,0.056339
1.2527e-13,0.046007,0.05637
1.3309e-13,0.045987,0.056398
1.4076e-13,0.045971,0.056424
1.4824e-13,0.045959,0.056447
1.5548e-13,0.045949,0.056467
1.6246e-13,0.045943,0.056484
1.6912e-13,0.04594,0.056498
1.7542e-13,0.04594,0.05651
1.8132e-13,0.045943,0.056519
1.8678e-13,0.04595,0.056525
1.9176e-13,0.045959,0.056528
1.962e-13,0.045972,0.056529
2.0008e-13,0.045988,0.056527
2.0333e-13,0.046006,0.056522
2.0592e-13,0.046027,0.056514
2.078e-13,0.046051,0.056504
2.0894e-13,0.046078,0.056492
2.0929e-13,0.046107,0.056477
2.0881e-13,0.046139,0.05646
2.0746e-13,0.046173,0.05644
2.052e-13,0.046209,0.056419
2.0201e-13,0.046247,0.056395
1.9784e-13,0.046287,0.056369
1.9267e-13,0.04633,0.056342
1.8646e-13,0.046374,0.056312
1.7919e-13,0.04642,0.056281
1.7084e-13,0.046467,0.056249
1.6139e-13,0.046516,0.056214
1.5082e-13,0.046566,0.056179
1.3912e-13,0.046617,0.056142
1.2628e-13,0.04667,0.056104
1.1229e-13,0.046723,0.056065
9.7169e-14,0.046778,0.056025
8.0907e-14,0.046833,0.055984
6.3516e-14,0.046888,0.055943
4.5012e-14,0.046945,0.055901
2.5416e-14,0.047001,0.055859
4.751e-15,0.047058,0.055816
-1.695e-14,0.047116,0.055773
-3.9652e-14,0.047173,0.055729
-6.3311e-14,0.04723,0.055686
-8.7878e-14,0.047288,0.055642
-1.133e-13,0.047345,0.055599
-1.3952e-13,0.047401,0.055556
-1.6646e-13,0.047458,0.055513
-1.9406e-13,0.047514,0.05547
-2.2223e-13,0.04757,0.055428
-2.5088e-13,0.047625,0.055386
-2.7994e-13,0.047679,0.055345
-3.0929e-13,0.047733,0.055304
-3.3884e-13,0.047786,0.055264
-3.6848e-13,0.047838,0.055225
-3.9808e-13,0.04789,0.055186
-4.2753e-13,0.04794,0.055148
-4.567e-13,0.04799,0.055111
-4.8547e-13,0.048039,0.055074
-5.1368e-13,0.048087,0.055039
-5.4121e-13,0.048133,0.055004
-5.679e-13,0.048179,0.05497
-5.9362e-13,0.048224,0.054936
-6.1819e-13,0.048268,0.054904
-6.4148e-13,0.04831,0.054873
-6.6332e-13,0.048352,0.054842
-6.8356e-13,0.048393,0.054813
-7.0203e-13,0.048432,0.054784
-7.1856e-13,0.048471,0.054756
-7.3301e-13,0.048508,0.054729
-7.452e-13,0.048544,0.054703
-7.5498e-13,0.048579,0.054678
-7.6219e-13,0.048614,0.054654
-7.6667e-13,0.048647,0.054631
-7.6828e-13,0.048679,0.054608
-7.6685e-13,0.04871,0.054587
-7.6226e-13,0.04874,0.054566
-7.5435e-13,0.048769,0.054546
-7.4301e-13,0.048797,0.054527
-7.281e-13,0.048824,0.054509
-7.0951e-13,0.04885,0.054492
-6.8714e-13,0.048875,0.054476
-6.6089e-13,0.048899,0.05446
-6.3067e-13,0.048922,0.054445
-5.9642e-13,0.048945,0.054431
-5.5807e-13,0.048966,0.054417
-5.1557e-13,0.048986,0.054405
-4.689e-13,0.049005,0.054393
-4.1803e-13,0.049023,0.054381
-3.6296e-13,0.04904,0.05437
-3.0372e-13,0.049056,0.05436
-2.4033e-13,0.049071,0.05435
-1.7285e-13,0.049085,0.05434
-1.0135e-13,0.049097,0.054331
-2.591e-14,0.049109,0.054322
5.3343e-14,0.049119,0.054313
1.3628e-13,0.049128,0.054305
2.2276e-13,0.049136,0.054297
3.1259e-13,0.049142,0.054289
4.0558e-13,0.049147,0.05428
5.0151e-13,0.04915,0.054272
6.0013e-13,0.049152,0.054264
7.0119e-13,0.049153,0.054255
8.0438e-13,0.049152,0.054247
9.0941e-13,0.049149,0.054238
1.0159e-12,0.049144,0.054228
1.1236e-12,0.049138,0.054218
1.232e-12,0.04913,0.054208
1.3408e-12,0.049121,0.054196
1.4495e-12,0.049109,0.054185
1.5577e-12,0.049095,0.054172
1.6649e-12,0.04908,0.054159
1.7707e-12,0.049062,0.054144
1.8745e-12,0.049043,0.054129
1.9758e-12,0.049022,0.054113
2.0742e-12,0.048998,0.054095
2.169e-12,0.048972,0.054077
2.2597e-12,0.048945,0.054058
2.3457e-12,0.048915,0.054037
2.4265e-12,0.048883,0.054015
2.5015e-12,0.04885,0.053993
2.57e-12,0.048814,0.053968
2.6315e-12,0.048776,0.053943
2.6854e-12,0.048736,0.053917
2.7311e-12,0.048695,0.053889
2.768e-12,0.048651,0.053861
2.7955e-12,0.048606,0.053831
2.8131e-12,0.048559,0.0538
2.8201e-12,0.04851,0.053769
2.8162e-12,0.048459,0.053736
2.8006e-12,0.048407,0.053702
2.7729e-12,0.048354,0.053668
2.7327e-12,0.048299,0.053633
2.6794e-12,0.048243,0.053598
2.6127e-12,0.048186,0.053562
2.5321e-12,0.048128,0.053525
2.4373e-12,0.048068,0.053489
2.328e-12,0.048008,0.053452
2.2039e-12,0.047948,0.053415
2.0647e-12,0.047886,0.053378
1.9104e-12,0.047824,0.053342
1.7407e-12,0.047762,0.053306
1.5557e-12,0.0477,0.053271
1.3552e-12,0.047638,0.053236
1.1394e-12,0.047575,0.053202
9.0837e-13,0.047513,0.053169
6.6228e-13,0.047452,0.053137
4.0139e-13,0.04739,0.053106
1.2604e-13,0.04733,0.053076
-1.6338e-13,0.04727,0.053049
-4.664e-13,0.047211,0.053022
-7.8245e-13,0.047152,0.052998
-1.1109e-12,0.047095,0.052975
-1.451e-12,0.04704,0.052955
-1.802e-12,0.046985,0.052936
-2.163e-12,0.046932,0.05292
-2.5331e-12,0.04688,0.052906
-2.9111e-12,0.046831,0.052895
-3.2959e-12,0.046782,0.052886
-3.6864e-12,0.046736,0.05288
-4.0812e-12,0.046692,0.052876
-4.479e-12,0.046649,0.052875
-4.8782e-12,0.046609,0.052876
-5.2773e-12,0.04657,0.052881
-5.6748e-12,0.046534,0.052888
-6.0689e-12,0.0465,0.052897
-6.4578e-12,0.046469,0.05291
-6.8398e-12,0.04644,0.052925
-7.2129e-12,0.046413,0.052943
-7.5753e-12,0.046388,0.052964
-7.9248e-12,0.046366,0.052988
-8.2595e-12,0.046346,0.053013
-8.5773e-12,0.046329,0.053042
-8.8761e-12,0.046313,0.053073
-9.1537e-12,0.046301,0.053106
-9.4079e-12,0.046291,0.053141
-9.6366e-12,0.046283,0.053179
-9.8376e-12,0.046277,0.053218
-1.0009e-11,0.046274,0.053259
-1.0148e-11,0.046273,0.053302
-1.0253e-11,0.046274,0.053347
-1.0321e-11,0.046277,0.053393
-1.0352e-11,0.046283,0.05344
-1.0341e-11,0.046291,0.053489
-1.0289e-11,0.0463,0.053538
-1.0192e-11,0.046312,0.053588
-1.005e-11,0.046325,0.053638
-9.8595e-12,0.046341,0.053689
-9.62e-12,0.046358,0.053741
-9.3298e-12,0.046377,0.053792
-8.9876e-12,0.046398,0.053843
-8.5921e-12,0.04642,0.053893
-8.1425e-12,0.046444,0.053944
-7.6378e-12,0.04647,0.053993
-7.0774e-12,0.046496,0.054042
-6.4608e-12,0.046525,0.05409
-5.7876e-12,0.046554,0.054136
-5.0579e-12,0.046586,0.054181
-4.2719e-12,0.046618,0.054225
-3.4298e-12,0.046651,0.054267
-2.5325e-12,0.046686,0.054307
-1.5806e-12,0.046722,0.054345
-5.7558e-13,0.046759,0.054381
4.813e-13,0.046797,0.054416
1.5883e-12,0.046836,0.054447
2.7433e-12,0.046876,0.054477
3.9442e-12,0.046917,0.054504
5.1882e-12,0.046959,0.054529
6.4725e-12,0.047002,0.054551
7.7939e-12,0.047046,0.05457
9.1488e-12,0.04709,0.054587
1.0533e-11,0.047136,0.054602
1.1944e-11,0.047182,0.054613
1.3375e-11,0.047229,0.054622
1.4823e-11,0.047277,0.054628
1.6282e-11,0.047326,0.054632
1.7747e-11,0.047376,0.054632
1.9213e-11,0.047426,0.054631
2.0673e-11,0.047477,0.054626
2.2121e-11,0.047528,0.054619
2.3551e-11,0.047581,0.05461
2.4956e-11,0.047634,0.054598
2.633e-11,0.047687,0.054584
2.7665e-11,0.047741,0.054568
2.8953e-11,0.047796,0.054549
3.0189e-11,0.047851,0.054528
3.1362e-11,0.047906,0.054506
3.2467e-11,0.047962,0.054482
3.3495e-11,0.048018,0.054456
3.4438e-11,0.048074,0.054428
3.5288e-11,0.04813,0.054399
3.6037e-11,0.048187,0.054369
3.6678e-11,0.048243,0.054337
3.7202e-11,0.0483,0.054305
3.7601e-11,0.048356,0.054272
3.7868e-11,0.048412,0.054238
3.7994e-11,0.048468,0.054203
3.7974e-11,0.048523,0.054168
3.7799e-11,0.048577,0.054133
3.7462e-11,0.048631,0.054098
3.6957e-11,0.048685,0.054062
3.6278e-11,0.048737,0.054027
3.5419e-11,0.048789,0.053993
3.4374e-11,0.048839,0.053958
3.3139e-11,0.048889,0.053925
3.1709e-11,0.048937,0.053892
3.008e-11,0.048984,0.05386
2.825e-11,0.04903,0.05383
2.6215e-11,0.049074,0.0538
2.3974e-11,0.049116,0.053772
2.1526e-11,0.049157,0.053745
1.887e-11,0.049196,0.05372
1.6007e-11,0.049234,0.053696
1.2938e-11,0.049269,0.053675
9.6658e-12,0.049303,0.053655
6.1935e-12,0.049334,0.053637
2.5251e-12,0.049364,0.053621
-1.3341e-12,0.049392,0.053608
-5.378e-12,0.049417,0.053596
-9.5992e-12,0.049441,0.053587
-1.3989e-11,0.049462,0.05358
-1.8539e-11,0.049481,0.053576
-2.3238e-11,0.049498,0.053574
-2.8075e-11,0.049513,0.053575
-3.3036e-11,0.049526,0.053578
-3.8107e-11,0.049537,0.053583
-4.3275e-11,0.049545,0.053591
-4.8522e-11,0.049552,0.053602
-5.383e-11,0.049556,0.053615
-5.9183e-11,0.049559,0.053631
-6.456e-11,0.04956,0.053649
-6.9941e-11,0.049558,0.053669
-7.5303e-11,0.049555,0.053692
-8.0626e-11,0.049551,0.053718
-8.5884e-11,0.049544,0.053745
-9.1054e-11,0.049536,0.053775
-9.6111e-11,0.049526,0.053807
-1.0103e-10,0.049515,0.053841
-1.0578e-10,0.049502,0.053877
-1.1033e-10,0.049488,0.053915
-1.1467e-10,0.049473,0.053955
-1.1875e-10,0.049456,0.053996
-1.2256e-10,0.049439,0.054039
-1.2606e-10,0.04942,0.054084
-1.2922e-10,0.0494,0.05413
-1.3201e-10,0.04938,0.054177
-1.344e-10,0.049358,0.054225
-1.3638e-10,0.049336,0.054274
-1.3789e-10,0.049313,0.054325
-1.3893e-10,0.049289,0.054375
-1.3945e-10,0.049265,0.054427
-1.3943e-10,0.04924,0.054479
-1.3885e-10,0.049215,0.054531
-1.3768e-10,0.049189,0.054584
-1.359e-10,0.049163,0.054637
-1.3348e-10,0.049137,0.054689
-1.304e-10,0.04911,0.054742
-1.2664e-10,0.049083,0.054794
-1.2218e-10,0.049056,0.054846
-1.1701e-10,0.049028,0.054897
-1.1111e-10,0.049001,0.054947
-1.0447e-10,0.048973,0.054997
-9.7085e-11,0.048945,0.055046
-8.8941e-11,0.048917,0.055094
-8.0037e-11,0.048889,0.055141
-7.037e-11,0.04886,0.055186
-5.9943e-11,0.048832,0.05523
-4.876e-11,0.048803,0.055273
-3.683e-11,0.048774,0.055314
-2.4163e-11,0.048745,0.055354
-1.0774e-11,0.048715,0.055392
3.3172e-12,0.048686,0.055427
1.8089e-11,0.048656,0.055461
3.3515e-11,0.048625,0.055493
4.9565e-11,0.048595,0.055523
6.6205e-11,0.048564,0.055551
8.3397e-11,0.048533,0.055576
1.011e-10,0.048501,0.055599
1.1926e-10,0.048469,0.05562
1.3784e-10,0.048436,0.055638
1.5677e-10,0.048403,0.055654
1.76e-10,0.04837,0.055667
1.9547e-10,0.048336,0.055678
2.151e-10,0.048301,0.055685
2.3484e-10,0.048266,0.05569
2.5459e-10,0.04823,0.055693
2.7429e-10,0.048193,0.055692
2.9385e-10,0.048156,0.055689
3.1318e-10,0.048118,0.055683
3.322e-10,0.04808,0.055675
3.5081e-10,0.048041,0.055663
3.6892e-10,0.048001,0.055649
3.8643e-10,0.04796,0.055632
4.0324e-10,0.047919,0.055612
4.1924e-10,0.047878,0.055589
4.3434e-10,0.047835,0.055564
4.4843e-10,0.047793,0.055536
4.6139e-10,0.04775,0.055506
4.7313e-10,0.047706,0.055473
4.8354e-10,0.047662,0.055438
4.925e-10,0.047617,0.0554
4.9991e-10,0.047573,0.05536
5.0566e-10,0.047528,0.055318
5.0966e-10,0.047483,0.055274
5.1178e-10,0.047438,0.055228
5.1195e-10,0.047393,0.05518
5.1005e-10,0.047348,0.05513
5.06e-10,0.047303,0.055079
4.997e-10,0.047259,0.055027
4.9106e-10,0.047215,0.054973
4.8002e-10,0.047171,0.054918
4.665e-10,0.047128,0.054862
4.5042e-10,0.047086,0.054805
4.3173e-10,0.047045,0.054747
4.1037e-10,0.047005,0.054689
3.863e-10,0.046966,0.054631
3.5948e-10,0.046928,0.054572
3.2989e-10,0.046891,0.054514
2.9751e-10,0.046856,0.054456
2.6233e-10,0.046822,0.054397
2.2436e-10,0.04679,0.05434
1.8361e-10,0.04676,0.054283
1.4011e-10,0.046731,0.054227
9.3905e-11,0.046705,0.054171
4.5043e-11,0.046681,0.054117
-6.4063e-12,0.046658,0.054064
-6.0364e-11,0.046638,0.054012
-1.1673e-10,0.046621,0.053962
-1.7541e-10,0.046606,0.053914
-2.3626e-10,0.046593,0.053867
-2.9916e-10,0.046583,0.053822
-3.6394e-10,0.046576,0.053779
-4.3044e-10,0.046571,0.053738
-4.9847e-10,0.046569,0.053699
-5.6784e-10,0.04657,0.053663
-6.3833e-10,0.046573,0.053629
-7.0971e-10,0.04658,0.053597
-7.8173e-10,0.04659,0.053568
-8.5414e-10,0.046602,0.053541
-9.2666e-10,0.046617,0.053516
-9.99e-10,0.046636,0.053494
-1.0709e-09,0.046657,0.053475
-1.1419e-09,0.046682,0.053459
-1.2119e-09,0.046709,0.053445
-1.2804e-09,0.046739,0.053433
-1.3471e-09,0.046772,0.053425
-1.4116e-09,0.046808,0.053419
-1.4736e-09,0.046847,0.053415
-1.5327e-09,0.046889,0.053414
-1.5885e-09,0.046933,0.053416
-1.6407e-09,0.04698,0.05342
-1.6887e-09,0.04703,0.053427
-1.7323e-09,0.047082,0.053436
-1.7711e-09,0.047137,0.053448
-1.8046e-09,0.047194,0.053461
-1.8324e-09,0.047254,0.053478
-1.8542e-09,0.047315,0.053496
-1.8696e-09,0.047379,0.053517
-1.8782e-09,0.047445,0.05354
-1.8796e-09,0.047513,0.053564
-1.8735e-09,0.047583,0.053591
-1.8595e-09,0.047655,0.05362
-1.8373e-09,0.047728,0.05365
-1.8065e-09,0.047803,0.053682
-1.767e-09,0.047879,0.053716
-1.7183e-09,0.047956,0.053752
-1.6603e-09,0.048035,0.053789
-1.5928e-09,0.048114,0.053827
-1.5155e-09,0.048195,0.053866
-1.4282e-09,0.048276,0.053907
-1.3309e-09,0.048358,0.053949
-1.2234e-09,0.04844,0.053992
-1.1056e-09,0.048522,0.054036
-9.776e-10,0.048605,0.054081
-8.3932e-10,0.048688,0.054127
-6.9084e-10,0.048771,0.054173
-5.3226e-10,0.048853,0.05422
-3.6372e-10,0.048935,0.054268
-1.8541e-10,0.049016,0.054316
2.4335e-12,0.049097,0.054364
1.9952e-10,0.049176,0.054413
4.055e-10,0.049254,0.054462
6.1998e-10,0.049331,0.054511
8.4251e-10,0.049407,0.05456
1.0726e-09,0.049481,0.054609
1.3097e-09,0.049553,0.054658
1.5531e-09,0.049624,0.054707
1.8023e-09,0.049692,0.054755
2.0565e-09,0.049758,0.054803
2.3148e-09,0.049822,0.054851
2.5765e-09,0.049883,0.054899
2.8407e-09,0.049941,0.054945
3.1064e-09,0.049996,0.054992
3.3726e-09,0.050049,0.055038
3.6383e-09,0.050098,0.055083
3.9023e-09,0.050144,0.055127
4.1636e-09,0.050187,0.055171
4.4209e-09,0.050226,0.055214
4.673e-09,0.050262,0.055256
4.9187e-09,0.050294,0.055298
5.1565e-09,0.050322,0.055338
5.3852e-09,0.050346,0.055378
5.6034e-09,0.050367,0.055417
5.8096e-09,0.050383,0.055455
6.0025e-09,0.050395,0.055493
6.1807e-09,0.050404,0.055529
6.3426e-09,0.050408,0.055565
6.4869e-09,0.050408,0.0556
6.612e-09,0.050404,0.055634
6.7165e-09,0.050395,0.055667
6.7991e-09,0.050383,0.055699
6.8582e-09,0.050366,0.055731
6.8925e-09,0.050345,0.055762
6.9006e-09,0.05032,0.055792
6.8812e-09,0.050291,0.055821
6.833e-09,0.050258,0.05585
6.7548e-09,0.050221,0.055878
6.6455e-09,0.05018,0.055906
6.5039e-09,0.050135,0.055933
6.329e-09,0.050087,0.055959
6.1199e-09,0.050034,0.055985
5.8758e-09,0.049979,0.056011
5.5959e-09,0.04992,0.056036
5.2796e-09,0.049858,0.056061
4.9263e-09,0.049792,0.056085
4.5358e-09,0.049724,0.056109
4.1077e-09,0.049652,0.056132
3.6418e-09,0.049579,0.056155
3.1384e-09,0.049502,0.056178
2.5974e-09,0.049423,0.056201
2.0193e-09,0.049342,0.056223
1.4046e-09,0.04926,0.056245
7.539e-10,0.049175,0.056267
6.8137e-11,0.049089,0.056289
-6.5167e-10,0.049001,0.05631
-1.4043e-09,0.048913,0.056331
-2.1883e-09,0.048823,0.056352
-3.002e-09,0.048733,0.056373
-3.8437e-09,0.048642,0.056393
-4.7113e-09,0.048551,0.056413
-5.6025e-09,0.04846,0.056433
-6.515e-09,0.048369,0.056452
-7.4461e-09,0.048279,0.056471
-8.3929e-09,0.048189,0.05649
-9.3524e-09,0.0481,0.056508
-1.0321e-08,0.048012,0.056526
-1.1296e-08,0.047925,0.056544
-1.2273e-08,0.04784,0.056561
-1.3249e-08,0.047757,0.056577
-1.4219e-08,0.047675,0.056593
-1.518e-08,0.047596,0.056608
-1.6126e-08,0.047519,0.056623
-1.7054e-08,0.047444,0.056637
-1.7958e-08,0.047372,0.05665
-1.8834e-08,0.047303,0.056663
-1.9678e-08,0.047237,0.056675
-2.0483e-08,0.047174,0.056686
-2.1245e-08,0.047114,0.056696
-2.1959e-08,0.047058,0.056705
-2.2619e-08,0.047005,0.056714
-2.322e-08,0.046955,0.056721
-2.3757e-08,0.04691,0.056728
-2.4224e-08,0.046868,0.056734
-2.4616e-08,0.04683,0.056739
-2.4928e-08,0.046796,0.056743
-2.5155e-08,0.046766,0.056745
-2.5291e-08,0.04674,0.056747
-2.5331e-08,0.046718,0.056748
-2.5271e-08,0.0467,0.056748
-2.5106e-08,0.046686,0.056747
-2.4831e-08,0.046676,0.056745
-2.4442e-08,0.04667,0.056742
-2.3935e-08,0.046668,0.056738
-2.3307e-08,0.04667,0.056733
-2.2553e-08,0.046675,0.056727
-2.1671e-08,0.046685,0.056721
-2.0657e-08,0.046698,0.056713
-1.9511e-08,0.046714,0.056705
-1.8229e-08,0.046734,0.056696
-1.681e-08,0.046758,0.056686
-1.5253e-08,0.046784,0.056676
-1.3558e-08,0.046813,0.056665
-1.1725e-08,0.046846,0.056653
-9.7536e-09,0.046881,0.056641
-7.6461e-09,0.046918,0.056628
-5.4037e-09,0.046958,0.056615
-3.0292e-09,0.047,0.056601
-5.2537e-10,0.047044,0.056587
2.1038e-09,0.04709,0.056572
4.854e-09,0.047137,0.056558
7.72e-09,0.047186,0.056543
1.0696e-08,0.047235,0.056527
1.3775e-08,0.047286,0.056512
1.695e-08,0.047338,0.056496
2.0213e-08,0.04739,0.05648
2.3555e-08,0.047442,0.056464
2.6967e-08,0.047494,0.056448
3.0437e-08,0.047547,0.056432
3.3955e-08,0.047599,0.056415
3.7509e-08,0.04765,0.056399
4.1087e-08,0.047701,0.056382
4.4674e-08,0.04775,0.056366
4.8257e-08,0.047799,0.056349
5.1822e-08,0.047846,0.056332
5.5353e-08,0.047892,0.056315
5.8834e-08,0.047936,0.056298
6.2248e-08,0.047978,0.056281
6.5579e-08,0.048018,0.056264
6.8809e-08,0.048056,0.056246
7.1919e-08,0.048091,0.056228
7.4892e-08,0.048124,0.05621
7.7709e-08,0.048155,0.056191
8.035e-08,0.048183,0.056172
8.2796e-08,0.048208,0.056152
8.5028e-08,0.04823,0.056132
8.7025e-08,0.04825,0.056112
8.877e-08,0.048266,0.056091
9.0241e-08,0.048279,0.056069
9.142e-08,0.048289,0.056046
9.2287e-08,0.048297,0.056023
9.2824e-08,0.0483,0.055999
9.3012e-08,0.048301,0.055974
9.2833e-08,0.048299,0.055949
9.227e-08,0.048294,0.055922
9.1306e-08,0.048285,0.055895
8.9925e-08,0.048274,0.055867
8.8113e-08,0.04826,0.055837
8.5855e-08,0.048242,0.055807
8.3139e-08,0.048223,0.055776
7.9952e-08,0.0482,0.055743
7.6286e-08,0.048175,0.05571
7.213e-08,0.048147,0.055676
6.7478e-08,0.048118,0.055641
6.2325e-08,0.048086,0.055605
5.6665e-08,0.048052,0.055568
5.0497e-08,0.048016,0.05553
4.3821e-08,0.047979,0.055492
3.6639e-08,0.04794,0.055452
2.8956e-08,0.047899,0.055412
2.0776e-08,0.047858,0.055372
1.211e-08,0.047816,0.05533
2.9676e-09,0.047772,0.055288
-6.6371e-09,0.047729,0.055246
-1.6688e-08,0.047685,0.055203
-2.7167e-08,0.04764,0.05516
-3.8052e-08,0.047596,0.055117
-4.932e-08,0.047551,0.055074
-6.0944e-08,0.047508,0.05503
-7.2894e-08,0.047464,0.054986
-8.5138e-08,0.047421,0.054943
-9.7641e-08,0.04738,0.0549
-1.1037e-07,0.047339,0.054857
-1.2327e-07,0.047299,0.054814
-1.3631e-07,0.047261,0.054771
-1.4945e-07,0.047224,0.05473
-1.6263e-07,0.047188,0.054688
-1.758e-07,0.047155,0.054648
-1.8891e-07,0.047123,0.054608
-2.019e-07,0.047092,0.054568
-2.1472e-07,0.047064,0.05453
-2.273e-07,0.047038,0.054492
-2.3958e-07,0.047014,0.054456
-2.515e-07,0.046992,0.05442
-2.6299e-07,0.046972,0.054385
-2.7398e-07,0.046955,0.054352
-2.8441e-07,0.046939,0.054319
-2.9421e-07,0.046926,0.054287
-3.033e-07,0.046915,0.054257
-3.1161e-07,0.046906,0.054228
-3.1908e-07,0.0469,0.054199
-3.2562e-07,0.046895,0.054172
-3.3118e-07,0.046893,0.054146
-3.3567e-07,0.046892,0.054122
-3.3903e-07,0.046894,0.054098
-3.4118e-07,0.046897,0.054075
-3.4207e-07,0.046902,0.054053
-3.4162e-07,0.046909,0.054033
-3.3977e-07,0.046918,0.054013
-3.3646e-07,0.046928,0.053994
-3.3163e-07,0.04694,0.053977
-3.2523e-07,0.046954,0.05396
-3.172e-07,0.046968,0.053944
-3.075e-07,0.046984,0.053928
-2.9608e-07,0.047001,0.053914
-2.8292e-07,0.047019,0.0539
-2.6796e-07,0.047038,0.053886
-2.512e-07,0.047058,0.053874
-2.326e-07,0.047079,0.053861
-2.1215e-07,0.0471,0.05385
-1.8984e-07,0.047122,0.053838
-1.6568e-07,0.047145,0.053827
-1.3967e-07,0.047168,0.053817
-1.1182e-07,0.047191,0.053806
-8.2162e-08,0.047214,0.053796
-5.0721e-08,0.047238,0.053786
-1.7539e-08,0.047262,0.053776
1.7336e-08,0.047285,0.053767
5.3844e-08,0.047309,0.053757
9.1918e-08,0.047332,0.053747
1.3148e-07,0.047355,0.053737
1.7244e-07,0.047378,0.053728
2.1471e-07,0.047401,0.053718
2.5817e-07,0.047422,0.053708
3.0271e-07,0.047444,0.053698
3.482e-07,0.047464,0.053688
3.945e-07,0.047484,0.053677
4.4147e-07,0.047504,0.053667
4.8894e-07,0.047522,0.053656
5.3675e-07,0.047539,0.053646
5.8471e-07,0.047556,0.053635
6.3265e-07,0.047571,0.053624
6.8037e-07,0.047586,0.053613
7.2765e-07,0.047599,0.053602
7.7429e-07,0.047611,0.05359
8.2007e-07,0.047622,0.053579
8.6476e-07,0.047632,0.053568
9.0811e-07,0.04764,0.053556
9.499e-07,0.047647,0.053545
9.8986e-07,0.047653,0.053533
1.0278e-06,0.047657,0.053522
1.0633e-06,0.04766,0.053511
1.0963e-06,0.047661,0.053499
1.1264e-06,0.047661,0.053488
1.1534e-06,0.047659,0.053477
1.1771e-06,0.047655,0.053467
1.1971e-06,0.047651,0.053456
1.2132e-06,0.047644,0.053446
1.2251e-06,0.047636,0.053436
1.2326e-06,0.047627,0.053426
1.2355e-06,0.047615,0.053417
1.2334e-06,0.047603,0.053408
1.2262e-06,0.047589,0.053399
1.2137e-06,0.047573,0.05339
1.1955e-06,0.047556,0.053382
1.1716e-06,0.047537,0.053375
1.1417e-06,0.047517,0.053367
1.1057e-06,0.047496,0.05336
1.0634e-06,0.047474,0.053354
1.0146e-06,0.04745,0.053348
9.5925e-07,0.047425,0.053342
8.9726e-07,0.047399,0.053337
8.2853e-07,0.047372,0.053332
7.5301e-07,0.047343,0.053327
6.7068e-07,0.047314,0.053323
5.8153e-07,0.047285,0.053319
4.8559e-07,0.047254,0.053315
3.8292e-07,0.047223,0.053312
2.736e-07,0.047191,0.053309
1.5776e-07,0.047159,0.053306
3.5535e-08,0.047127,0.053303
-9.2878e-08,0.047094,0.0533
-2.2726e-07,0.047062,0.053297
-3.6736e-07,0.047029,0.053295
-5.1288e-07,0.046996,0.053293
-6.6349e-07,0.046964,0.05329
-8.1883e-07,0.046932,0.053288
-9.7849e-07,0.0469,0.053285
-1.142e-06,0.046869,0.053283
-1.3089e-06,0.046839,0.05328
-1.4787e-06,0.046809,0.053278
-1.6508e-06,0.04678,0.053275
-1.8246e-06,0.046752,0.053272
-1.9995e-06,0.046724,0.053269
-2.1747e-06,0.046698,0.053266
-2.3496e-06,0.046673,0.053263
-2.5235e-06,0.046649,0.053259
-2.6955e-06,0.046626,0.053256
-2.8648e-06,0.046605,0.053252
-3.0306e-06,0.046584,0.053249
-3.192e-06,0.046565,0.053245
-3.3481e-06,0.046548,0.053241
-3.4979e-06,0.046531,0.053237
-3.6405e-06,0.046516,0.053233
-3.775e-06,0.046503,0.053229
-3.9002e-06,0.046491,0.053225
-4.0152e-06,0.04648,0.053221
-4.1189e-06,0.046471,0.053218
-4.2104e-06,0.046463,0.053214
-4.2885e-06,0.046456,0.053211
-4.3522e-06,0.046451,0.053208
-4.4005e-06,0.046447,0.053205
-4.4322e-06,0.046445,0.053203
-4.4464e-06,0.046444,0.053201
-4.4421e-06,0.046444,0.053199
-4.4181e-06,0.046446,0.053198
-4.3736e-06,0.046448,0.053198
-4.3075e-06,0.046452,0.053198
-4.2189e-06,0.046458,0.053199
-4.107e-06,0.046464,0.0532
-3.9708e-06,0.046472,0.053202
-3.8095e-06,0.046481,0.053205
-3.6224e-06,0.046491,0.053209
-3.4087e-06,0.046502,0.053213
-3.1678e-06,0.046514,0.053218
-2.8991e-06,0.046527,0.053225
-2.6021e-06,0.046542,0.053232
-2.2763e-06,0.046558,0.05324
-1.9213e-06,0.046574,0.053248
-1.5369e-06,0.046592,0.053258
-1.1228e-06,0.046611,0.053269
-6.7893e-07,0.046631,0.053281
-2.0529e-07,0.046652,0.053294
2.9807e-07,0.046674,0.053308
8.3097e-07,0.046698,0.053322
1.3931e-06,0.046722,0.053338
1.9841e-06,0.046747,0.053355
2.6035e-06,0.046774,0.053373
3.2507e-06,0.046802,0.053392
3.9248e-06,0.04683,0.053412
4.6251e-06,0.04686,0.053433
5.3507e-06,0.046891,0.053455
6.1004e-06,0.046923,0.053478
6.8731e-06,0.046956,0.053502
7.6674e-06,0.04699,0.053527
8.4819e-06,0.047025,0.053552
9.3151e-06,0.047062,0.053579
1.0165e-05,0.047099,0.053607
1.1031e-05,0.047137,0.053636
1.191e-05,0.047176,0.053666
1.28e-05,0.047216,0.053696
1.37e-05,0.047257,0.053727
1.4607e-05,0.0473,0.05376
1.5519e-05,0.047342,0.053793
1.6434e-05,0.047386,0.053827
1.7349e-05,0.04743,0.053861
1.8261e-05,0.047476,0.053897
1.917e-05,0.047521,0.053933
2.007e-05,0.047568,0.053969
2.0961e-05,0.047615,0.054007
2.184e-05,0.047662,0.054045
2.2703e-05,0.04771,0.054083
2.3549e-05,0.047758,0.054122
2.4374e-05,0.047807,0.054161
2.5176e-05,0.047856,0.054201
2.5952e-05,0.047904,0.054242
2.67e-05,0.047953,0.054282
2.7417e-05,0.048002,0.054323
2.8101e-05,0.04805,0.054364
2.875e-05,0.048099,0.054405
2.936e-05,0.048147,0.054446
2.9931e-05,0.048194,0.054487
3.0459e-05,0.048241,0.054528
3.0943e-05,0.048287,0.054569
3.1381e-05,0.048333,0.05461
3.1772e-05,0.048377,0.054651
3.2114e-05,0.048421,0.054691
3.2405e-05,0.048464,0.054731
3.2645e-05,0.048505,0.05477
3.2833e-05,0.048546,0.054809
3.2967e-05,0.048585,0.054847
3.3048e-05,0.048622,0.054884
3.3075e-05,0.048658,0.054921
3.3048e-05,0.048693,0.054956
3.2967e-05,0.048726,0.054991
3.2833e-05,0.048757,0.055025
3.2645e-05,0.048786,0.055058
3.2405e-05,0.048813,0.055089
3.2114e-05,0.048838,0.055119
3.1772e-05,0.048861,0.055149
3.1381e-05,0.048882,0.055176
3.0943e-05,0.048901,0.055203
3.0459e-05,0.048918,0.055228
2.9931e-05,0.048932,0.055252
2.936e-05,0.048944,0.055274
2.875e-05,0.048953,0.055295
2.8101e-05,0.048961,0.055314
2.7417e-05,0.048965,0.055332
2.67e-05,0.048967,0.055348
2.5952e-05,0.048967,0.055362
2.5176e-05,0.048964,0.055376
2.4374e-05,0.048959,0.055387
2.3549e-05,0.048951,0.055397
2.2703e-05,0.04894,0.055406
2.184e-05,0.048927,0.055413
2.0961e-05,0.048911,0.055419
2.007e-05,0.048893,0.055423
1.917e-05,0.048873,0.055426
1.8261e-05,0.048849,0.055428
1.7349e-05,0.048824,0.055428
1.6434e-05,0.048796,0.055427
1.5519e-05,0.048766,0.055426
1.4607e-05,0.048733,0.055423
1.37e-05,0.048698,0.055419
1.28e-05,0.048661,0.055414
1.191e-05,0.048622,0.055408
1.1031e-05,0.048581,0.055401
1.0165e-05,0.048537,0.055394
9.3151e-06,0.048492,0.055386
8.4819e-06,0.048446,0.055378
7.6674e-06,0.048397,0.055369
6.8731e-06,0.048347,0.05536
6.1004e-06,0.048296,0.05535
5.3507e-06,0.048244,0.055341
4.6251e-06,0.04819,0.055331
3.9248e-06,0.048135,0.055321
3.2507e-06,0.048079,0.055312
2.6035e-06,0.048023,0.055302
1.9841e-06,0.047966,0.055293
1.3931e-06,0.047908,0.055284
8.3097e-07,0.04785,0.055276
2.9807e-07,0.047793,0.055268
-2.0529e-07,0.047735,0.055261
-6.7893e-07,0.047677,0.055254
-1.1228e-06,0.04762,0.055248
-1.5369e-06,0.047563,0.055243
-1.9213e-06,0.047507,0.055239
-2.2763e-06,0.047452,0.055235
-2.6021e-06,0.047398,0.055232
-2.8991e-06,0.047345,0.05523
-3.1678e-06,0.047294,0.05523
-3.4087e-06,0.047244,0.05523
-3.6224e-06,0.047196,0.055231
-3.8095e-06,0.04715,0.055232
-3.9708e-06,0.047106,0.055235
-4.107e-06,0.047064,0.055239
-4.2189e-06,0.047024,0.055244
-4.3075e-06,0.046987,0.055249
-4.3736e-06,0.046953,0.055255
-4.4181e-06,0.046921,0.055262
-4.4421e-06,0.046892,0.05527
-4.4464e-06,0.046866,0.055278
-4.4322e-06,0.046844,0.055287
-4.4005e-06,0.046824,0.055297
-4.3522e-06,0.046808,0.055307
-4.2885e-06,0.046795,0.055317
-4.2104e-06,0.046785,0.055327
-4.1189e-06,0.046779,0.055338
-4.0152e-06,0.046777,0.055349
-3.9002e-06,0.046777,0.055359
-3.775e-06,0.046782,0.05537
-3.6405e-06,0.046789,0.05538
-3.4979e-06,0.046801,0.05539
-3.3481e-06,0.046816,0.055399
-3.192e-06,0.046834,0.055408
-3.0306e-06,0.046855,0.055416
-2.8648e-06,0.04688,0.055423
-2.6955e-06,0.046909,0.055429
-2.5235e-06,0.04694,0.055434
-2.3496e-06,0.046974,0.055438
-2.1747e-06,0.047012,0.055441
-1.9995e-06,0.047052,0.055442
-1.8246e-06,0.047095,0.055442
-1.6508e-06,0.047141,0.05544
-1.4787e-06,0.047189,0.055437
-1.3089e-06,0.04724,0.055432
-1.142e-06,0.047293,0.055425
-9.7849e-07,0.047347,0.055416
-8.1883e-07,0.047404,0.055405
-6.6349e-07,0.047462,0.055393
-5.1288e-07,0.047522,0.055378
-3.6736e-07,0.047583,0.055361
-2.2726e-07,0.047646,0.055343
-9.2878e-08,0.047709,0.055322
3.5535e-08,0.047773,0.055299
1.5776e-07,0.047837,0.055274
2.736e-07,0.047902,0.055247
3.8292e-07,0.047967,0.055218
4.8559e-07,0.048032,0.055187
5.8153e-07,0.048097,0.055154
6.7068e-07,0.048161,0.055119
7.5301e-07,0.048225,0.055083
8.2853e-07,0.048288,0.055044
8.9726e-07,0.04835,0.055004
9.5925e-07,0.048411,0.054962
1.0146e-06,0.04847,0.054918
1.0634e-06,0.048527,0.054873
1.1057e-06,0.048583,0.054827
1.1417e-06,0.048637,0.054779
1.1716e-06,0.048689,0.05473
1.1955e-06,0.048739,0.05468
1.2137e-06,0.048786,0.05463
1.2262e-06,0.048831,0.054578
1.2334e-06,0.048873,0.054525
1.2355e-06,0.048912,0.054472
1.2326e-06,0.048948,0.054419
1.2251e-06,0.048981,0.054365
1.2132e-06,0.049011,0.054311
1.1971e-06,0.049038,0.054257
1.1771e-06,0.049061,0.054203
1.1534e-06,0.04908,0.054149
1.1264e-06,0.049096,0.054096
1.0963e-06,0.049109,0.054043
1.0633e-06,0.049117,0.053991
1.0278e-06,0.049122,0.053939
9.8986e-07,0.049123,0.053888
9.499e-07,0.04912,0.053839
9.0811e-07,0.049114,0.05379
8.6476e-07,0.049103,0.053743
8.2007e-07,0.049089,0.053697
7.7429e-07,0.049071,0.053652
7.2765e-07,0.049049,0.053609
6.8037e-07,0.049023,0.053568
6.3265e-07,0.048993,0.053529
5.8471e-07,0.04896,0.053491
5.3675e-07,0.048923,0.053456
4.8894e-07,0.048883,0.053422
4.4147e-07,0.048839,0.053391
3.945e-07,0.048792,0.053362
3.482e-07,0.048742,0.053335
3.0271e-07,0.048688,0.053311
2.5817e-07,0.048632,0.053288
2.1471e-07,0.048573,0.053269
1.7244e-07,0.048511,0.053251
1.3148e-07,0.048447,0.053237
9.1918e-08,0.04838,0.053224
5.3844e-08,0.048311,0.053215
1.7336e-08,0.04824,0.053207
-1.7539e-08,0.048167,0.053203
-5.0721e-08,0.048092,0.053201
-8.2162e-08,0.048016,0.053201
-1.1182e-07,0.047938,0.053204
-1.3967e-07,0.04786,0.053209
-1.6568e-07,0.04778,0.053217
-1.8984e-07,0.0477,0.053227
-2.1215e-07,0.047619,0.053239
-2.326e-07,0.047538,0.053254
-2.512e-07,0.047457,0.053271
-2.6796e-07,0.047375,0.05329
-2.8292e-07,0.047294,0.053311
-2.9608e-07,0.047214,0.053334
-3.075e-07,0.047134,0.053359
-3.172e-07,0.047054,0.053386
-3.2523e-07,0.046976,0.053415
-3.3163e-07,0.046899,0.053446
-3.3646e-07,0.046823,0.053478
-3.3977e-07,0.046749,0.053512
-3.4162e-07,0.046676,0.053547
-3.4207e-07,0.046606,0.053584
-3.4118e-07,0.046537,0.053622
-3.3903e-07,0.04647,0.053661
-3.3567e-07,0.046406,0.053702
-3.3118e-07,0.046344,0.053743
-3.2562e-07,0.046284,0.053786
-3.1908e-07,0.046227,0.053829
-3.1161e-07,0.046173,0.053873
-3.033e-07,0.046122,0.053918
-2.9421e-07,0.046074,0.053963
-2.8441e-07,0.046028,0.054009
-2.7398e-07,0.045986,0.054056
-2.6299e-07,0.045947,0.054103
-2.515e-07,0.045912,0.05415
-2.3958e-07,0.04588,0.054197
-2.273e-07,0.045851,0.054244
-2.1472e-07,0.045825,0.054292
-2.019e-07,0.045803,0.054339
-1.8891e-07,0.045785,0.054387
-1.758e-07,0.04577,0.054434
-1.6263e-07,0.045759,0.054481
-1.4945e-07,0.045751,0.054528
-1.3631e-07,0.045747,0.054574
-1.2327e-07,0.045746,0.05462
-1.1037e-07,0.04575,0.054665
-9.7641e-08,0.045756,0.05471
-8.5138e-08,0.045767,0.054755
-7.2894e-08,0.04578,0.054799
-6.0944e-08,0.045798,0.054842
-4.932e-08,0.045819,0.054885
-3.8052e-08,0.045843,0.054927
-2.7167e-08,0.045871,0.054968
-1.6688e-08,0.045902,0.055008
-6.6371e-09,0.045937,0.055048
2.9676e-09,0.045975,0.055086
1.211e-08,0.046016,0.055124
2.0776e-08,0.046061,0.055161
2.8956e-08,0.046108,0.055197
3.6639e-08,0.046159,0.055232
4.3821e-08,0.046212,0.055267
5.0497e-08,0.046269,0.0553
5.6665e-08,0.046328,0.055332
6.2325e-08,0.04639,0.055364
6.7478e-08,0.046454,0.055394
7.213e-08,0.046522,0.055423
7.6286e-08,0.046591,0.055451
7.9952e-08,0.046663,0.055479
8.3139e-08,0.046737,0.055505
8.5855e-08,0.046813,0.05553
8.8113e-08,0.046891,0.055554
8.9925e-08,0.046971,0.055577
9.1306e-08,0.047053,0.055599
9.227e-08,0.047136,0.05562
9.2833e-08,0.047221,0.05564
9.3012e-08,0.047307,0.055659
9.2824e-08,0.047395,0.055676
9.2287e-08,0.047483,0.055693
9.142e-08,0.047572,0.055708
9.0241e-08,0.047663,0.055722
8.877e-08,0.047753,0.055735
8.7025e-08,0.047845,0.055747
8.5028e-08,0.047936,0.055758
8.2796e-08,0.048028,0.055768
8.035e-08,0.04812,0.055776
7.7709e-08,0.048212,0.055784
7.4892e-08,0.048304,0.05579
7.1919e-08,0.048395,0.055795
6.8809e-08,0.048486,0.055799
6.5579e-08,0.048576,0.055802
6.2248e-08,0.048666,0.055804
5.8834e-08,0.048754,0.055804
5.5353e-08,0.048842,0.055804
5.1822e-08,0.048928,0.055802
4.8257e-08,0.049013,0.055799
4.4674e-08,0.049096,0.055796
4.1087e-08,0.049178,0.055791
3.7509e-08,0.049258,0.055785
3.3955e-08,0.049337,0.055779
3.0437e-08,0.049413,0.055771
2.6967e-08,0.049487,0.055762
2.3555e-08,0.049559,0.055753
2.0213e-08,0.049629,0.055743
1.695e-08,0.049696,0.055731
1.3775e-08,0.049761,0.05572
1.0696e-08,0.049823,0.055707
7.72e-09,0.049883,0.055694
4.854e-09,0.04994,0.05568
2.1038e-09,0.049994,0.055666
-5.2537e-10,0.050045,0.055651
-3.0292e-09,0.050092,0.055635
-5.4037e-09,0.050137,0.05562
-7.6461e-09,0.050179,0.055604
-9.7536e-09,0.050217,0.055588
-1.1725e-08,0.050253,0.055571
-1.3558e-08,0.050284,0.055555
-1.5253e-08,0.050313,0.055538
-1.681e-08,0.050338,0.055522
-1.8229e-08,0.05036,0.055505
-1.9511e-08,0.050378,0.055489
-2.0657e-08,0.050393,0.055473
-2.1671e-08,0.050404,0.055457
-2.2553e-08,0.050412,0.055442
-2.3307e-08,0.050417,0.055427
-2.3935e-08,0.050418,0.055413
-2.4442e-08,0.050415,0.055399
-2.4831e-08,0.050409,0.055385
-2.5106e-08,0.0504,0.055372
-2.5271e-08,0.050387,0.05536
-2.5331e-08,0.050371,0.055349
-2.5291e-08,0.050351,0.055338
-2.5155e-08,0.050328,0.055328
-2.4928e-08,0.050302,0.055319
-2.4616e-08,0.050273,0.055311
-2.4224e-08,0.050241,0.055303
-2.3757e-08,0.050206,0.055297
-2.322e-08,0.050168,0.055291
-2.2619e-08,0.050127,0.055286
-2.1959e-08,0.050083,0.055281
-2.1245e-08,0.050036,0.055278
-2.0483e-08,0.049987,0.055275
-1.9678e-08,0.049936,0.055273
-1.8834e-08,0.049882,0.055271
-1.7958e-08,0.049826,0.05527
-1.7054e-08,0.049768,0.05527
-1.6126e-08,0.049708,0.05527
-1.518e-08,0.049646,0.055271
-1.4219e-08,0.049583,0.055272
-1.3249e-08,0.049518,0.055273
-1.2273e-08,0.049451,0.055275
-1.1296e-08,0.049383,0.055277
-1.0321e-08,0.049315,0.055279
-9.3524e-09,0.049245,0.05528
-8.3929e-09,0.049174,0.055282
-7.4461e-09,0.049103,0.055283
-6.515e-09,0.049031,0.055284
-5.6025e-09,0.04896,0.055285
-4.7113e-09,0.048887,0.055285
-3.8437e-09,0.048815,0.055284
-3.002e-09,0.048744,0.055283
-2.1883e-09,0.048672,0.055281
-1.4043e-09,0.048601,0.055277
-6.5167e-10,0.048531,0.055273
6.8137e-11,0.048461,0.055268
7.539e-10,0.048393,0.055261
1.4046e-09,0.048326,0.055253
2.0193e-09,0.04826,0.055243
2.5974e-09,0.048195,0.055232
3.1384e-09,0.048132,0.05522
3.6418e-09,0.04807,0.055205
4.1077e-09,0.048011,0.055189
4.5358e-09,0.047953,0.055171
4.9263e-09,0.047898,0.055151
5.2796e-09,0.047844,0.055129
5.5959e-09,0.047793,0.055104
5.8758e-09,0.047744,0.055078
6.1199e-09,0.047698,0.05505
6.329e-09,0.047654,0.055019
6.5039e-09,0.047612,0.054986
6.6455e-09,0.047573,0.054951
6.7548e-09,0.047537,0.054914
6.833e-09,0.047504,0.054874
6.8812e-09,0.047473,0.054833
6.9006e-09,0.047445,0.054789
6.8925e-09,0.047419,0.054743
6.8582e-09,0.047396,0.054695
6.7991e-09,0.047376,0.054644
6.7165e-09,0.047359,0.054592
6.612e-09,0.047344,0.054538
6.4869e-09,0.047331,0.054482
6.3426e-09,0.047321,0.054424
6.1807e-09,0.047313,0.054365
6.0025e-09,0.047308,0.054304
5.8096e-09,0.047305,0.054241
5.6034e-09,0.047304,0.054178
5.3852e-09,0.047305,0.054113
5.1565e-09,0.047308,0.054047
4.9187e-09,0.047312,0.05398
4.673e-09,0.047319,0.053913
4.4209e-09,0.047327,0.053845
4.1636e-09,0.047336,0.053777
3.9023e-09,0.047346,0.053708
3.6383e-09,0.047358,0.05364
3.3726e-09,0.04737,0.053572
3.1064e-09,0.047384,0.053504
2.8407e-09,0.047398,0.053437
2.5765e-09,0.047413,0.053371
2.3148e-09,0.047428,0.053305
2.0565e-09,0.047443,0.053241
1.8023e-09,0.047458,0.053179
1.5531e-09,0.047474,0.053118
1.3097e-09,0.047489,0.053058
1.0726e-09,0.047504,0.053001
8.4251e-10,0.047518,0.052946
6.1998e-10,0.047532,0.052894
4.055e-10,0.047545,0.052844
1.9952e-10,0.047557,0.052796
2.4335e-12,0.047569,0.052752
-1.8541e-10,0.047579,0.05271
-3.6372e-10,0.047588,0.052672
-5.3226e-10,0.047596,0.052637
-6.9084e-10,0.047603,0.052605
-8.3932e-10,0.047608,0.052577
-9.776e-10,0.047612,0.052553
-1.1056e-09,0.047615,0.052532
-1.2234e-09,0.047616,0.052515
-1.3309e-09,0.047615,0.052502
-1.4282e-09,0.047613,0.052493
-1.5155e-09,0.04761,0.052488
-1.5928e-09,0.047604,0.052487
-1.6603e-09,0.047598,0.052489
-1.7183e-09,0.047589,0.052496
-1.767e-09,0.047579,0.052507
-1.8065e-09,0.047568,0.052521
-1.8373e-09,0.047555,0.052539
-1.8595e-09,0.04754,0.052561
-1.8735e-09,0.047525,0.052587
-1.8796e-09,0.047508,0.052616
-1.8782e-09,0.047489,0.052649
-1.8696e-09,0.04747,0.052685
-1.8542e-09,0.04745,0.052724
-1.8324e-09,0.047428,0.052767
-1.8046e-09,0.047406,0.052812
-1.7711e-09,0.047383,0.05286
-1.7323e-09,0.047359,0.052911
-1.6887e-09,0.047334,0.052965
-1.6407e-09,0.047309,0.05302
-1.5885e-09,0.047284,0.053078
-1.5327e-09,0.047259,0.053138
-1.4736e-09,0.047233,0.053199
-1.4116e-09,0.047208,0.053262
-1.3471e-09,0.047182,0.053327
-1.2804e-09,0.047157,0.053392
-1.2119e-09,0.047132,0.053459
-1.1419e-09,0.047107,0.053526
-1.0709e-09,0.047083,0.053593
-9.99e-10,0.04706,0.053661
-9.2666e-10,0.047037,0.053729
-8.5414e-10,0.047015,0.053797
-7.8173e-10,0.046995,0.053865
-7.0971e-10,0.046975,0.053931
-6.3833e-10,0.046956,0.053998
-5.6784e-10,0.046939,0.054063
-4.9847e-10,0.046923,0.054127
-4.3044e-10,0.046908,0.05419
-3.6394e-10,0.046895,0.054252
-2.9916e-10,0.046883,0.054311
-2.3626e-10,0.046873,0.054369
-1.7541e-10,0.046864,0.054426
-1.1673e-10,0.046857,0.05448
-6.0364e-11,0.046852,0.054531
-6.4063e-12,0.046848,0.054581
4.5043e-11,0.046846,0.054628
9.3905e-11,0.046846,0.054673
1.4011e-10,0.046848,0.054714
1.8361e-10,0.046852,0.054754
2.2436e-10,0.046857,0.05479
2.6233e-10,0.046864,0.054823
2.9751e-10,0.046873,0.054854
3.2989e-10,0.046884,0.054882
3.5948e-10,0.046896,0.054906
3.863e-10,0.046911,0.054928
4.1037e-10,0.046926,0.054946
4.3173e-10,0.046944,0.054962
4.5042e-10,0.046963,0.054974
4.665e-10,0.046983,0.054984
4.8002e-10,0.047005,0.05499
4.9106e-10,0.047029,0.054993
4.997e-10,0.047053,0.054994
5.06e-10,0.047079,0.054991
5.1005e-10,0.047106,0.054986
5.1195e-10,0.047134,0.054978
5.1178e-10,0.047163,0.054967
5.0966e-10,0.047193,0.054953
5.0566e-10,0.047224,0.054936
4.9991e-10,0.047255,0.054918
4.925e-10,0.047287,0.054896
4.8354e-10,0.047319,0.054872
4.7313e-10,0.047352,0.054846
4.6139e-10,0.047385,0.054818
4.4843e-10,0.047418,0.054788
4.3434e-10,0.047451,0.054756
4.1924e-10,0.047484,0.054722
4.0324e-10,0.047517,0.054686
3.8643e-10,0.04755,0.054648
3.6892e-10,0.047582,0.054609
3.5081e-10,0.047614,0.054569
3.322e-10,0.047645,0.054527
3.1318e-10,0.047675,0.054484
2.9385e-10,0.047704,0.05444
2.7429e-10,0.047733,0.054395
2.5459e-10,0.047761,0.054349
2.3484e-10,0.047787,0.054303
2.151e-10,0.047812,0.054256
1.9547e-10,0.047836,0.054209
1.76e-10,0.047859,0.054161
1.5677e-10,0.047881,0.054113
1.3784e-10,0.047901,0.054065
1.1926e-10,0.047919,0.054018
1.011e-10,0.047936,0.05397
8.3397e-11,0.047952,0.053923
6.6205e-11,0.047966,0.053877
4.9565e-11,0.047978,0.053831
3.3515e-11,0.047989,0.053785
1.8089e-11,0.047998,0.053741
3.3172e-12,0.048005,0.053697
-1.0774e-11,0.048011,0.053655
-2.4163e-11,0.048016,0.053613
-3.683e-11,0.048018,0.053573
-4.876e-11,0.04802,0.053534
-5.9943e-11,0.04802,0.053497
-7.037e-11,0.048018,0.053461
-8.0037e-11,0.048015,0.053427
-8.8941e-11,0.048011,0.053394
-9.7085e-11,0.048005,0.053363
-1.0447e-10,0.047999,0.053334
-1.1111e-10,0.047991,0.053307
-1.1701e-10,0.047982,0.053282
-1.2218e-10,0.047973,0.053259
-1.2664e-10,0.047962,0.053238
-1.304e-10,0.047951,0.053219
-1.3348e-10,0.047939,0.053202
-1.359e-10,0.047926,0.053187
-1.3768e-10,0.047913,0.053175
-1.3885e-10,0.047899,0.053164
-1.3943e-10,0.047885,0.053156
-1.3945e-10,0.047871,0.05315
-1.3893e-10,0.047857,0.053146
-1.3789e-10,0.047842,0.053144
-1.3638e-10,0.047827,0.053144
-1.344e-10,0.047812,0.053146
-1.3201e-10,0.047798,0.05315
-1.2922e-10,0.047783,0.053157
-1.2606e-10,0.047769,0.053165
-1.2256e-10,0.047754,0.053175
-1.1875e-10,0.04774,0.053186
-1.1467e-10,0.047727,0.0532
-1.1033e-10,0.047713,0.053215
-1.0578e-10,0.0477,0.053232
-1.0103e-10,0.047687,0.05325
-9.6111e-11,0.047674,0.05327
-9.1054e-11,0.047661,0.053291
-8.5884e-11,0.047649,0.053313
-8.0626e-11,0.047637,0.053336
-7.5303e-11,0.047625,0.05336
-6.9941e-11,0.047614,0.053386
-6.456e-11,0.047602,0.053412
-5.9183e-11,0.047591,0.053439
-5.383e-11,0.047579,0.053466
-4.8522e-11,0.047568,0.053494
-4.3275e-11,0.047556,0.053522
-3.8107e-11,0.047545,0.053551
-3.3036e-11,0.047533,0.05358
-2.8075e-11,0.047521,0.053608
-2.3238e-11,0.047508,0.053637
-1.8539e-11,0.047495,0.053666
-1.3989e-11,0.047482,0.053694
-9.5992e-12,0.047468,0.053723
-5.378e-12,0.047453,0.05375
-1.3341e-12,0.047438,0.053777
2.5251e-12,0.047421,0.053804
6.1935e-12,0.047404,0.05383
9.6658e-12,0.047386,0.053855
1.2938e-11,0.047367,0.053879
1.6007e-11,0.047347,0.053902
1.887e-11,0.047326,0.053924
2.1526e-11,0.047304,0.053945
2.3974e-11,0.047281,0.053965
2.6215e-11,0.047256,0.053984
2.825e-11,0.04723,0.054001
3.008e-11,0.047203,0.054017
3.1709e-11,0.047174,0.054032
3.3139e-11,0.047145,0.054046
3.4374e-11,0.047114,0.054058
3.5419e-11,0.047081,0.05407
3.6278e-11,0.047047,0.054079
3.6957e-11,0.047012,0.054088
3.7462e-11,0.046976,0.054095
3.7799e-11,0.046939,0.054101
3.7974e-11,0.0469,0.054105
3.7994e-11,0.046861,0.054109
3.7868e-11,0.04682,0.054111
3.7601e-11,0.046778,0.054112
3.7202e-11,0.046736,0.054112
3.6678e-11,0.046692,0.054111
3.6037e-11,0.046648,0.054109
3.5288e-11,0.046603,0.054106
3.4438e-11,0.046558,0.054102
3.3495e-11,0.046512,0.054098
3.2467e-11,0.046466,0.054093
3.1362e-11,0.046419,0.054087
3.0189e-11,0.046373,0.054081
2.8953e-11,0.046326,0.054075
2.7665e-11,0.04628,0.054068
2.633e-11,0.046234,0.054061
2.4956e-11,0.046188,0.054053
2.3551e-11,0.046143,0.054046
2.2121e-11,0.046098,0.054039
2.0673e-11,0.046055,0.054032
1.9213e-11,0.046012,0.054025
1.7747e-11,0.045971,0.054018
1.6282e-11,0.04593,0.054012
1.4823e-11,0.045891,0.054006
1.3375e-11,0.045854,0.054001
1.1944e-11,0.045818,0.053997
1.0533e-11,0.045784,0.053993
9.1488e-12,0.045753,0.05399
7.7939e-12,0.045723,0.053988
6.4725e-12,0.045695,0.053987
5.1882e-12,0.04567,0.053987
3.9442e-12,0.045647,0.053988
2.7433e-12,0.045627,0.05399
1.5883e-12,0.045609,0.053994
4.813e-13,0.045594,0.053999
-5.7558e-13,0.045582,0.054005
-1.5806e-12,0.045574,0.054012
-2.5325e-12,0.045568,0.054021
-3.4298e-12,0.045565,0.054031
-4.2719e-12,0.045566,0.054042
-5.0579e-12,0.04557,0.054055
-5.7876e-12,0.045577,0.054069
-6.4608e-12,0.045588,0.054085
-7.0774e-12,0.045602,0.054102
-7.6378e-12,0.04562,0.05412
-8.1425e-12,0.045641,0.05414
-8.5921e-12,0.045666,0.054161
-8.9876e-12,0.045694,0.054184
-9.3298e-12,0.045726,0.054208
-9.62e-12,0.045761,0.054233
-9.8595e-12,0.0458,0.054259
-1.005e-11,0.045842,0.054286
-1.0192e-11,0.045887,0.054315
-1.0289e-11,0.045935,0.054344
-1.0341e-11,0.045987,0.054374
-1.0352e-11,0.046042,0.054406
-1.0321e-11,0.046099,0.054438
-1.0253e-11,0.04616,0.05447
-1.0148e-11,0.046223,0.054504
-1.0009e-11,0.046289,0.054538
-9.8376e-12,0.046358,0.054572
-9.6366e-12,0.046429,0.054607
-9.4079e-12,0.046502,0.054642
-9.1537e-12,0.046577,0.054677
-8.8761e-12,0.046653,0.054713
-8.5773e-12,0.046732,0.054748
-8.2595e-12,0.046812,0.054784
-7.9248e-12,0.046893,0.054819
-7.5753e-12,0.046975,0.054855
-7.2129e-12,0.047059,0.054889
-6.8398e-12,0.047143,0.054924
-6.4578e-12,0.047227,0.054958
-6.0689e-12,0.047312,0.054992
-5.6748e-12,0.047397,0.055025
-5.2773e-12,0.047481,0.055057
-4.8782e-12,0.047565,0.055089
-4.479e-12,0.047649,0.05512
-4.0812e-12,0.047732,0.05515
-3.6864e-12,0.047813,0.055179
-3.2959e-12,0.047894,0.055207
-2.9111e-12,0.047973,0.055234
-2.5331e-12,0.04805,0.05526
-2.163e-12,0.048125,0.055285
-1.802e-12,0.048199,0.055309
-1.451e-12,0.04827,0.055332
-1.1109e-12,0.048338,0.055353
-7.8245e-13,0.048404,0.055373
-4.664e-13,0.048467,0.055392
-1.6338e-13,0.048527,0.055409
1.2604e-13,0.048583,0.055425
4.0139e-13,0.048637,0.05544
6.6228e-13,0.048686,0.055453
9.0837e-13,0.048733,0.055465
1.1394e-12,0.048775,0.055475
1.3552e-12,0.048813,0.055484
1.5557e-12,0.048848,0.055492
1.7407e-12,0.048878,0.055498
1.9104e-12,0.048904,0.055503
2.0647e-12,0.048926,0.055506
2.2039e-12,0.048944,0.055508
2.328e-12,0.048957,0.055508
2.4373e-12,0.048966,0.055507
2.5321e-12,0.04897,0.055505
2.6127e-12,0.04897,0.055501
2.6794e-12,0.048966,0.055496
2.7327e-12,0.048957,0.05549
2.7729e-12,0.048944,0.055482
2.8006e-12,0.048927,0.055473
2.8162e-12,0.048905,0.055463
2.8201e-12,0.048879,0.055452
2.8131e-12,0.04885,0.055439
2.7955e-12,0.048816,0.055425
2.768e-12,0.048778,0.055411
2.7311e-12,0.048736,0.055395
2.6854e-12,0.048691,0.055378
2.6315e-12,0.048642,0.055361
2.57e-12,0.04859,0.055342
2.5015e-12,0.048534,0.055322
2.4265e-12,0.048475,0.055302
2.3457e-12,0.048414,0.055281
2.2597e-12,0.048349,0.055259
2.169e-12,0.048282,0.055237
2.0742e-12,0.048213,0.055213
1.9758e-12,0.048141,0.05519
1.8745e-12,0.048067,0.055166
1.7707e-12,0.047991,0.055141
1.6649e-12,0.047914,0.055116
1.5577e-12,0.047834,0.05509
1.4495e-12,0.047754,0.055065
1.3408e-12,0.047673,0.055039
1.232e-12,0.04759,0.055013
1.1236e-12,0.047507,0.054986
1.0159e-12,0.047423,0.05496
9.0941e-13,0.047339,0.054934
8.0438e-13,0.047254,0.054908
7.0119e-13,0.04717,0.054882
6.0013e-13,0.047086,0.054856
5.0151e-13,0.047002,0.05483
4.0558e-13,0.046919,0.054805
3.1259e-13,0.046836,0.05478
2.2276e-13,0.046755,0.054756
1.3628e-13,0.046674,0.054732
5.3343e-14,0.046595,0.054708
-2.591e-14,0.046518,0.054685
-1.0135e-13,0.046442,0.054663
-1.7285e-13,0.046367,0.054642
-2.4033e-13,0.046295,0.054621
-3.0372e-13,0.046225,0.054601
-3.6296e-13,0.046157,0.054582
-4.1803e-13,0.046091,0.054564
-4.689e-13,0.046028,0.054546
-5.1557e-13,0.045968,0.05453
-5.5807e-13,0.04591,0.054515
-5.9642e-13,0.045855,0.0545
-6.3067e-13,0.045803,0.054487
-6.6089e-13,0.045755,0.054475
-6.8714e-13,0.045709,0.054464
-7.0951e-13,0.045667,0.054454
-7.281e-13,0.045629,0.054445
-7.4301e-13,0.045594,0.054437
-7.5435e-13,0.045562,0.054431
-7.6226e-13,0.045535,0.054426
-7.6685e-13,0.04551,0.054421
-7.6828e-13,0.04549,0.054418
-7.6667e-13,0.045474,0.054417
-7.6219e-13,0.045461,0.054416
-7.5498e-13,0.045452,0.054416
-7.452e-13,0.045447,0.054418
-7.3301e-13,0.045446,0.05442
-7.1856e-13,0.045449,0.054424
-7.0203e-13,0.045456,0.054429
-6.8356e-13,0.045466,0.054434
-6.6332e-13,0.045481,0.054441
-6.4148e-13,0.045499,0.054449
-6.1819e-13,0.045521,0.054457
-5.9362e-13,0.045546,0.054467
-5.679e-13,0.045575,0.054477
-5.4121e-13,0.045608,0.054488
-5.1368e-13,0.045644,0.054499
-4.8547e-13,0.045683,0.054512
-4.567e-13,0.045726,0.054525
-4.2753e-13,0.045772,0.054538
-3.9808e-13,0.04582,0.054552
-3.6848e-13,0.045872,0.054567
-3.3884e-13,0.045926,0.054582
-3.0929e-13,0.045982,0.054597
-2.7994e-13,0.046041,0.054612
-2.5088e-13,0.046103,0.054628
-2.2223e-13,0.046166,0.054644
-1.9406e-13,0.046231,0.05466
-1.6646e-13,0.046298,0.054676
-1.3952e-13,0.046366,0.054693
-1.133e-13,0.046436,0.054709
-8.7878e-14,0.046507,0.054725
-6.3311e-14,0.046579,0.05474
-3.9652e-14,0.046651,0.054756
-1.695e-14,0.046724,0.054771
4.751e-15,0.046798,0.054786
2.5416e-14,0.046871,0.054801
4.5012e-14,0.046945,0.054815
6.3516e-14,0.047019,0.054829
8.0907e-14,0.047092,0.054843
9.7169e-14,0.047164,0.054855
1.1229e-13,0.047236,0.054868
1.2628e-13,0.047307,0.05488
1.3912e-13,0.047377,0.054891
1.5082e-13,0.047446,0.054901
1.6139e-13,0.047513,0.054911
1.7084e-13,0.047579,0.054921
1.7919e-13,0.047643,0.054929
1.8646e-13,0.047706,0.054938
1.9267e-13,0.047766,0.054945
1.9784e-13,0.047825,0.054952
2.0201e-13,0.047881,0.054958
2.052e-13,0.047935,0.054963
2.0746e-13,0.047986,0.054968
2.0881e-13,0.048036,0.054972
2.0929e-13,0.048082,0.054976
2.0894e-13,0.048126,0.054978
2.078e-13,0.048167,0.054981
2.0592e-13,0.048206,0.054982
2.0333e-13,0.048242,0.054983
2.0008e-13,0.048275,0.054983
1.962e-13,0.048305,0.054983
1.9176e-13,0.048332,0.054982
1.8678e-13,0.048357,0.054981
1.8132e-13,0.048379,0.054979
1.7542e-13,0.048397,0.054976
1.6912e-13,0.048413,0.054973
1.6246e-13,0.048426,0.05497
1.5548e-13,0.048437,0.054966
1.4824e-13,0.048444,0.054961
1.4076e-13,0.048449,0.054956
1.3309e-13,0.048452,0.05495
1.2527e-13,0.048452,0.054944
1.1734e-13,0.048449,0.054938
1.0932e-13,0.048444,0.05493
1.0126e-13,0.048436,0.054923
9.3186e-14,0.048426,0.054915
8.5133e-14,0.048415,0.054906
7.7129e-14,0.048401,0.054897
6.9204e-14,0.048385,0.054888
6.1384e-14,0.048367,0.054878
5.3694e-14,0.048348,0.054868
4.6158e-14,0.048327,0.054857
3.8798e-14,0.048304,0.054846
3.1634e-14,0.04828,0.054834
2.4684e-14,0.048255,0.054823
1.7966e-14,0.048229,0.05481
1.1493e-14,0.048201,0.054798
5.2797e-15,0.048173,0.054785
-6.6233e-16,0.048144,0.054772
-6.3229e-15,0.048114,0.054758
-1.1693e-14,0.048084,0.054745
-1.6767e-14,0.048053,0.054731
-2.1538e-14,0.048023,0.054717
-2.6002e-14,0.047991,0.054702
-3.0156e-14,0.04796,0.054688
-3.3999e-14,0.047929,0.054674
-3.753e-14,0.047898,0.054659
-4.0751e-14,0.047868,0.054645
-4.3664e-14,0.047837,0.05463
-4.6272e-14,0.047808,0.054616
-4.858e-14,0.047778,0.054602
-5.0592e-14,0.04775,0.054588
-5.2314e-14,0.047722,0.054575
-5.3754e-14,0.047695,0.054561
-5.4919e-14,0.047669,0.054548
-5.5818e-14,0.047644,0.054536
-5.6459e-14,0.04762,0.054523
-5.6853e-14,0.047597,0.054512
-5.701e-14,0.047575,0.054501
-5.6939e-14,0.047554,0.05449
-5.6652e-14,0.047534,0.05448
-5.616e-14,0.047516,0.054471
-5.5475e-14,0.047499,0.054463
-5.4608e-14,0.047483,0.054455
-5.3572e-14,0.047469,0.054448
-5.2377e-14,0.047456,0.054442
-5.1037e-14,0.047444,0.054437
-4.9563e-14,0.047434,0.054433
-4.7967e-14,0.047425,0.05443
-4.6262e-14,0.047417,0.054427
-4.4458e-14,0.047411,0.054426
-4.2567e-14,0.047405,0.054425
-4.0601e-14,0.047401,0.054426
-3.8571e-14,0.047399,0.054427
-3.6487e-14,0.047397,0.05443
-3.4361e-14,0.047396,0.054433
-3.2202e-14,0.047397,0.054438
-3.002e-14,0.047398,0.054443
-2.7825e-14,0.047401,0.054449
-2.5625e-14,0.047404,0.054457
-2.343e-14,0.047408,0.054465
-2.1248e-14,0.047413,0.054473
-1.9087e-14,0.047418,0.054483
-1.6953e-14,0.047424,0.054494
-1.4854e-14,0.047431,0.054505
-1.2796e-14,0.047438,0.054516
-1.0786e-14,0.047445,0.054529
-8.8279e-15,0.047453,0.054541
-6.9281e-15,0.047461,0.054554
-5.0907e-15,0.047469,0.054568
-3.32e-15,0.047478,0.054582
-1.6195e-15,0.047486,0.054596
7.3712e-18,0.047494,0.05461
1.5579e-15,0.047502,0.054624
3.0296e-15,0.04751,0.054639
4.4206e-15,0.047518,0.054653
5.7293e-15,0.047525,0.054666
6.9545e-15,0.047532,0.05468
8.0954e-15,0.047539,0.054693
9.1515e-15,0.047545,0.054706
1.0123e-14,0.047551,0.054718
1.101e-14,0.047556,0.05473
1.1812e-14,0.04756,0.05474
1.2532e-14,0.047564,0.05475
1.3169e-14,0.047568,0.05476
1.3726e-14,0.047571,0.054768
1.4204e-14,0.047573,0.054775
1.4604e-14,0.047575,0.054781
1.493e-14,0.047576,0.054786
1.5182e-14,0.047576,0.05479
1.5365e-14,0.047576,0.054792
1.5479e-14,0.047575,0.054794
1.5529e-14,0.047574,0.054794
1.5516e-14,0.047572,0.054792
1.5444e-14,0.047569,0.05479
1.5316e-14,0.047567,0.054786
1.5135e-14,0.047563,0.05478
1.4904e-14,0.04756,0.054774
1.4627e-14,0.047556,0.054765
1.4306e-14,0.047552,0.054756
1.3945e-14,0.047548,0.054745
1.3547e-14,0.047543,0.054733
1.3116e-14,0.047539,0.05472
1.2654e-14,0.047534,0.054705
1.2166e-14,0.047529,0.054689
1.1653e-14,0.047525,0.054672
1.112e-14,0.047521,0.054654
1.0568e-14,0.047517,0.054635
1.0002e-14,0.047513,0.054615
9.424e-15,0.04751,0.054594
8.8367e-15,0.047507,0.054573
8.2429e-15,0.047504,0.05455
7.6452e-15,0.047502,0.054528
7.0461e-15,0.047501,0.054504
6.4479e-15,0.0475,0.05448
5.853e-15,0.0475,0.054456
5.2634e-15,0.047501,0.054432
4.6812e-15,0.047502,0.054407
4.1083e-15,0.047504,0.054383
3.5464e-15,0.047507,0.054358
2.9973e-15,0.047511,0.054334
2.4623e-15,0.047516,0.05431
1.943e-15,0.047522,0.054287
1.4406e-15,0.047528,0.054264
9.5616e-16,0.047536,0.054241
4.908e-16,0.047544,0.05422
4.5383e-17,0.047553,0.054199
-3.793e-16,0.047564,0.054179
-7.826e-16,0.047575,0.054161
-1.1639e-15,0.047587,0.054143
-1.5229e-15,0.047599,0.054127
-1.8592e-15,0.047613,0.054112
-2.1725e-15,0.047627,0.054098
-2.4627e-15,0.047642,0.054086
-2.7298e-15,0.047658,0.054076
-2.9739e-15,0.047674,0.054067
-3.195e-15,0.047691,0.05406
-3.3935e-15,0.047709,0.054054
-3.5696e-15,0.047726,0.054051
-3.7236e-15,0.047745,0.054049
-3.8561e-15,0.047763,0.054049
-3.9675e-15,0.047782,0.054051
-4.0583e-15,0.047801,0.054055
-4.1293e-15,0.04782,0.054061
-4.181e-15,0.047839,0.054069
-4.2142e-15,0.047858,0.054079
-4.2296e-15,0.047877,0.05409
-4.2279e-15,0.047896,0.054104
-4.2101e-15,0.047914,0.05412
-4.1768e-15,0.047932,0.054137
-4.129e-15,0.04795,0.054157
-4.0676e-15,0.047967,0.054178
-3.9933e-15,0.047983,0.054201
-3.9072e-15,0.047999,0.054225
-3.81e-15,0.048013,0.054251
-3.7027e-15,0.048027,0.054279
-3.5862e-15,0.04804,0.054307
-3.4613e-15,0.048052,0.054338
-3.329e-15,0.048063,0.054369
-3.19e-15,0.048073,0.054402
-3.0453e-15,0.048081,0.054435
-2.8956e-15,0.048088,0.05447
-2.7417e-15,0.048094,0.054505
-2.5846e-15,0.048098,0.054541
-2.4248e-15,0.0481,0.054578
-2.2632e-15,0.048101,0.054615
-2.1005e-15,0.048101,0.054652
-1.9373e-15,0.048098,0.054689
-1.7743e-15,0.048094,0.054727
-1.6121e-15,0.048088,0.054764
-1.4513e-15,0.048081,0.054801
-1.2924e-15,0.048071,0.054838
-1.1361e-15,0.048059,0.054874
-9.8265e-16,0.048046,0.05491
-8.3265e-16,0.048031,0.054945
-6.8648e-16,0.048013,0.054979
-5.4453e-16,0.047994,0.055012
-4.0714e-16,0.047973,0.055045
-2.7463e-16,0.04795,0.055076
-1.4728e-16,0.047925,0.055106
-2.534e-17,0.047898,0.055135
9.0976e-17,0.04787,0.055162
2.0148e-16,0.047839,0.055189
3.0603e-16,0.047807,0.055213
4.0449e-16,0.047773,0.055236
4.9676e-16,0.047738,0.055258
5.828e-16,0.0477,0.055278
6.6255e-16,0.047662,0.055297
7.36e-16,0.047622,0.055314
8.0317e-16,0.04758,0.055329
8.641e-16,0.047538,0.055343
9.1883e-16,0.047494,0.055355
9.6745e-16,0.047449,0.055365
1.0101e-15,0.047403,0.055374
1.0468e-15,0.047357,0.055382
1.0777e-15,0.047309,0.055388
1.1031e-15,0.047261,0.055392
1.123e-15,0.047213,0.055395
1.1377e-15,0.047164,0.055396
1.1473e-15,0.047115,0.055397
1.152e-15,0.047065,0.055396
1.152e-15,0.047016,0.055394
1.1476e-15,0.046967,0.05539
1.139e-15,0.046918,0.055386
1.1264e-15,0.046869,0.055381
1.1101e-15,0.046821,0.055375
1.0902e-15,0.046774,0.055368
1.0671e-15,0.046728,0.05536
1.0409e-15,0.046682,0.055352
1.012e-15,0.046637,0.055343
9.8051e-16,0.046594,0.055333
9.4673e-16,0.046552,0.055324
9.1089e-16,0.046511,0.055314
8.7321e-16,0.046472,0.055304
8.3394e-16,0.046435,0.055293
7.933e-16,0.046399,0.055283
7.5151e-16,0.046365,0.055273
7.0878e-16,0.046333,0.055263
6.6533e-16,0.046303,0.055253
6.2135e-16,0.046275,0.055243
5.7704e-16,0.046249,0.055234
5.3259e-16,0.046226,0.055225
4.8817e-16,0.046204,0.055217
4.4396e-16,0.046186,0.055209
4.001e-16,0.046169,0.055202
3.5677e-16,0.046155,0.055195
3.1409e-16,0.046143,0.055189
2.7221e-16,0.046134,0.055184
2.3124e-16,0.046127,0.05518
1.913e-16,0.046122,0.055176
1.525e-16,0.04612,0.055174
1.1493e-16,0.04612,0.055172
7.8688e-17,0.046123,0.055171
4.3839e-17,0.046128,0.055171
1.0457e-17,0.046134,0.055172
-2.1399e-17,0.046143,0.055174
-5.1678e-17,0.046154,0.055177
-8.0336e-17,0.046167,0.05518
-1.0734e-16,0.046182,0.055185
-1.3266e-16,0.046199,0.05519
-1.5629e-16,0.046217,0.055196
-1.782e-16,0.046236,0.055203
-1.984e-16,0.046257,0.055211
-2.1688e-16,0.046279,0.055219
-2.3366e-16,0.046303,0.055228
-2.4875e-16,0.046327,0.055238
-2.6218e-16,0.046352,0.055248
-2.7397e-16,0.046378,0.055259
-2.8414e-16,0.046404,0.05527
-2.9275e-16,0.046431,0.055282
-2.9982e-16,0.046458,0.055293
-3.054e-16,0.046486,0.055306
-3.0955e-16,0.046513,0.055318
-3.1231e-16,0.046541,0.05533
-3.1373e-16,0.046568,0.055343
-3.1388e-16,0.046595,0.055355
-3.1281e-16,0.046621,0.055368
-3.1059e-16,0.046647,0.05538
-3.0728e-16,0.046673,0.055392
-3.0293e-16,0.046697,0.055404
-2.9762e-16,0.046721,0.055415
-2.9142e-16,0.046744,0.055426
-2.8438e-16,0.046767,0.055437
-2.7658e-16,0.046788,0.055447
-2.6807e-16,0.046808,0.055456
-2.5894e-16,0.046827,0.055465
-2.4923e-16,0.046846,0.055474
-2.3902e-16,0.046863,0.055481
-2.2836e-16,0.046879,0.055488
-2.1733e-16,0.046894,0.055495
-2.0598e-16,0.046908,0.0555
-1.9436e-16,0.046921,0.055505
-1.8255e-16,0.046933,0.055509
-1.7058e-16,0.046944,0.055512
-1.5852e-16,0.046954,0.055515
-1.4641e-16,0.046964,0.055516
-1.343e-16,0.046972,0.055517
-1.2225e-16,0.04698,0.055518
-1.1029e-16,0.046988,0.055517
-9.8469e-17,0.046995,0.055516
-8.6822e-17,0.047001,0.055514
-7.5387e-17,0.047008,0.055512
-6.4198e-17,0.047014,0.055509
-5.3286e-17,0.04702,0.055505
-4.2682e-17,0.047027,0.055501
-3.241e-17,0.047033,0.055497
-2.2496e-17,0.04704,0.055492
-1.296e-17,0.047047,0.055487
-3.8215e-18,0.047055,0.055481
4.9026e-18,0.047064,0.055475
1.3198e-17,0.047074,0.055469
2.1054e-17,0.047084,0.055463
2.846e-17,0.047096,0.055457
3.5408e-17,0.047109,0.05545
4.1894e-17,0.047124,0.055444
4.7915e-17,0.047139,0.055437
5.3468e-17,0.047157,0.055431
5.8554e-17,0.047176,0.055425
6.3176e-17,0.047197,0.055418
6.7337e-17,0.04722,0.055412
7.1044e-17,0.047244,0.055407
7.4303e-17,0.047271,0.055401
7.7123e-17,0.0473,0.055396
7.9513e-17,0.047331,0.05539
8.1484e-17,0.047364,0.055386
8.3049e-17,0.0474,0.055381
8.4221e-17,0.047437,0.055377
8.5013e-17,0.047477,0.055372
8.544e-17,0.047519,0.055368
8.5518e-17,0.047563,0.055365
8.5262e-17,0.047609,0.055361
8.469e-17,0.047658,0.055358
8.3819e-17,0.047708,0.055355
8.2665e-17,0.047761,0.055352
8.1247e-17,0.047815,0.055349
7.9582e-17,0.047871,0.055346
7.7689e-17,0.047929,0.055343
7.5585e-17,0.047988,0.055341
7.3288e-17,0.048049,0.055338
7.0817e-17,0.048111,0.055334
6.8189e-17,0.048174,0.055331
6.5422e-17,0.048238,0.055327
6.2532e-17,0.048303,0.055323
5.9537e-17,0.048368,0.055319
5.6453e-17,0.048434,0.055314
5.3296e-17,0.0485,0.055309
5.0082e-17,0.048567,0.055303
4.6825e-17,0.048633,0.055297
4.3541e-17,0.048698,0.05529
4.0244e-17,0.048763,0.055282
3.6946e-17,0.048827,0.055273
3.366e-17,0.04889,0.055263
3.0399e-17,0.048952,0.055253
2.7174e-17,0.049013,0.055242
2.3995e-17,0.049071,0.05523
2.0873e-17,0.049128,0.055216
1.7818e-17,0.049183,0.055202
1.4837e-17,0.049235,0.055187
1.1938e-17,0.049285,0.05517
9.1298e-18,0.049332,0.055153
6.4181e-18,0.049377,0.055134
3.8089e-18,0.049418,0.055115
1.3074e-18,0.049456,0.055094
-1.0817e-18,0.049491,0.055072
-3.3545e-18,0.049522,0.055049
-5.5077e-18,0.049549,0.055026
-7.5386e-18,0.049573,0.055001
-9.4452e-18,0.049593,0.054975
-1.1226e-17,0.049608,0.054948
-1.288e-17,0.04962,0.054921
-1.4406e-17,0.049628,0.054892
-1.5806e-17,0.049631,0.054863
-1.7079e-17,0.04963,0.054833
-1.8226e-17,0.049625,0.054803
-1.9249e-17,0.049616,0.054772
-2.015e-17,0.049602,0.054741
-2.0931e-17,0.049584,0.054709
-2.1595e-17,0.049562,0.054677
-2.2144e-17,0.049536,0.054644
-2.2583e-17,0.049505,0.054612
-2.2913e-17,0.049471,0.054579
-2.314e-17,0.049432,0.054547
-2.3267e-17,0.04939,0.054515
-2.3298e-17,0.049344,0.054483
-2.3238e-17,0.049294,0.054452
-2.3092e-17,0.049241,0.054421
-2.2863e-17,0.049184,0.054391
-2.2557e-17,0.049125,0.054361
-2.2178e-17,0.049062,0.054332
-2.1732e-17,0.048996,0.054304
-2.1223e-17,0.048928,0.054278
-2.0656e-17,0.048857,0.054252
-2.0035e-17,0.048783,0.054228
-1.9367e-17,0.048708,0.054205
-1.8656e-17,0.04863,0.054183
-1.7906e-17,0.048551,0.054163
-1.7122e-17,0.048471,0.054145
-1.6309e-17,0.048389,0.054128
-1.5471e-17,0.048305,0.054113
-1.4613e-17,0.048221,0.0541
-1.3739e-17,0.048137,0.054089
-1.2853e-17,0.048051,0.054079
-1.1959e-17,0.047966,0.054072
-1.1061e-17,0.04788,0.054066
-1.0163e-17,0.047795,0.054063
-9.267e-18,0.04771,0.054062
-8.3777e-18,0.047625,0.054063
-7.4979e-18,0.047541,0.054066
-6.6305e-18,0.047458,0.054071
-5.7782e-18,0.047377,0.054078
-4.9437e-18,0.047296,0.054087
-4.1293e-18,0.047217,0.054099
-3.3372e-18,0.04714,0.054112
-2.5694e-18,0.047064,0.054128
-1.8277e-18,0.046991,0.054146
-1.1138e-18,0.046919,0.054165
-4.2909e-19,0.04685,0.054186
2.2512e-19,0.046783,0.05421
8.4777e-19,0.046718,0.054235
1.4379e-18,0.046656,0.054261
1.9948e-18,0.046597,0.05429
2.5179e-18,0.04654,0.05432
3.0068e-18,0.046486,0.054351
3.4611e-18,0.046435,0.054384
3.8808e-18,0.046388,0.054418
4.2658e-18,0.046343,0.054453
4.6163e-18,0.046301,0.054489
4.9325e-18,0.046262,0.054526
5.2149e-18,0.046226,0.054564
5.464e-18,0.046193,0.054603
5.6803e-18,0.046164,0.054642
5.8645e-18,0.046137,0.054681
6.0176e-18,0.046113,0.054721
6.1402e-18,0.046093,0.054762
6.2334e-18,0.046075,0.054802
6.2982e-18,0.04606,0.054842
6.3358e-18,0.046048,0.054883
6.3471e-18,0.046039,0.054923
6.3334e-18,0.046032,0.054962
6.296e-18,0.046028,0.055002
6.2361e-18,0.046027,0.05504
6.1549e-18,0.046028,0.055078
6.0538e-18,0.046031,0.055115
5.9342e-18,0.046036,0.055152
5.7973e-18,0.046044,0.055187
5.6444e-18,0.046053,0.055222
5.477e-18,0.046064,0.055255
5.2964e-18,0.046077,0.055288
5.1038e-18,0.046092,0.055319
4.9005e-18,0.046108,0.055349
4.688e-18,0.046125,0.055377
4.4673e-18,0.046144,0.055405
4.2398e-18,0.046164,0.055431
4.0066e-18,0.046185,0.055455
3.7689e-18,0.046206,0.055479
3.5278e-18,0.046229,0.055501
3.2845e-18,0.046252,0.055521
3.0399e-18,0.046275,0.055541
2.7951e-18,0.046299,0.055559
2.551e-18,0.046324,0.055575
2.3085e-18,0.046348,0.055591
2.0685e-18,0.046373,0.055605
1.8318e-18,0.046398,0.055618
1.5992e-18,0.046422,0.05563
1.3713e-18,0.046447,0.055641
1.1488e-18,0.046471,0.055651
9.3234e-19,0.046496,0.05566
7.2243e-19,0.046519,0.055668
5.1959e-19,0.046543,0.055675
3.2427e-19,0.046566,0.055682
1.3686e-19,0.046588,0.055688
-4.2281e-20,0.04661,0.055693
-2.1285e-19,0.046632,0.055698
-3.7459e-19,0.046653,0.055702
-5.273e-19,0.046673,0.055707
-6.7081e-19,0.046693,0.055711
-8.0501e-19,0.046712,0.055715
-9.298e-19,0.04673,0.055719
-1.0451e-18,0.046748,0.055723
-1.1511e-18,0.046765,0.055727
-1.2476e-18,0.046782,0.055731
-1.3347e-18,0.046798,0.055736
-1.4127e-18,0.046813,0.055741
-1.4815e-18,0.046828,0.055746
-1.5414e-18,0.046842,0.055752
-1.5925e-18,0.046856,0.055759
-1.6351e-18,0.046869,0.055766
-1.6694e-18,0.046881,0.055774
-1.6957e-18,0.046893,0.055783
-1.7142e-18,0.046905,0.055792
-1.7252e-18,0.046916,0.055803
-1.729e-18,0.046927,0.055814
-1.726e-18,0.046938,0.055826
-1.7165e-18,0.046948,0.055839
-1.7009e-18,0.046958,0.055853
-1.6794e-18,0.046968,0.055868
-1.6524e-18,0.046978,0.055884
-1.6203e-18,0.046987,0.055901
-1.5835e-18,0.046996,0.055918
-1.5424e-18,0.047006,0.055937
-1.4972e-18,0.047015,0.055957
-1.4483e-18,0.047024,0.055977
-1.3962e-18,0.047033,0.055998
-1.3411e-18,0.047042,0.056021
-1.2835e-18,0.047052,0.056044
-1.2236e-18,0.047061,0.056068
-1.1618e-18,0.04707,0.056092
-1.0985e-18,0.04708,0.056117
-1.0338e-18,0.047089,0.056143
-9.6824e-19,0.047099,0.056169
-9.02e-19,0.047109,0.056196
-8.354e-19,0.047119,0.056224
-7.687e-19,0.047129,0.056251
-7.0217e-19,0.047139,0.056279
-6.3606e-19,0.047149,0.056308
-5.706e-19,0.047159,0.056336
-5.0601e-19,0.04717,0.056364
-4.425e-19,0.04718,0.056393
-3.8027e-19,0.047191,0.056421
-3.1949e-19,0.047202,0.05645
-2.6034e-19,0.047212,0.056478
-2.0295e-19,0.047223,0.056506
-1.4748e-19,0.047234,0.056533
-9.4041e-20,0.047245,0.05656
-4.2748e-20,0.047255,0.056586
6.3017e-21,0.047266,0.056612
5.3026e-20,0.047276,0.056637
9.7352e-20,0.047287,0.056661
1.3922e-19,0.047297,0.056684
1.7859e-19,0.047307,0.056706
2.1543e-19,0.047316,0.056727
2.497e-19,0.047326,0.056747
2.8141e-19,0.047335,0.056765
3.1054e-19,0.047344,0.056783
3.3711e-19,0.047352,0.056799
3.6113e-19,0.04736,0.056813
3.8263e-19,0.047368,0.056826
4.0165e-19,0.047375,0.056837
4.1823e-19,0.047381,0.056847
4.3242e-19,0.047387,0.056855
4.4427e-19,0.047393,0.056861
4.5386e-19,0.047398,0.056866
4.6125e-19,0.047402,0.056868
4.6651e-19,0.047406,0.056869
4.6973e-19,0.047409,0.056868
4.7099e-19,0.047411,0.056865
4.7037e-19,0.047412,0.056859
4.6797e-19,0.047413,0.056852
4.6388e-19,0.047413,0.056843
4.5819e-19,0.047413,0.056832
4.5101e-19,0.047411,0.056819
4.4242e-19,0.047409,0.056803
4.3253e-19,0.047406,0.056786
4.2144e-19,0.047403,0.056767
4.0925e-19,0.047398,0.056745
3.9605e-19,0.047393,0.056722
3.8194e-19,0.047387,0.056697
3.6702e-19,0.047381,0.05667
3.5139e-19,0.047374,0.05664
3.3514e-19,0.047366,0.056609
3.1836e-19,0.047358,0.056576
3.0114e-19,0.047349,0.056542
2.8356e-19,0.047339,0.056505
2.6572e-19,0.047329,0.056467
2.4769e-19,0.047319,0.056427
2.2956e-19,0.047308,0.056385
2.1139e-19,0.047297,0.056342
1.9326e-19,0.047286,0.056298
1.7523e-19,0.047274,0.056252
1.5738e-19,0.047262,0.056205
1.3975e-19,0.047251,0.056156
1.2242e-19,0.047239,0.056106
1.0542e-19,0.047227,0.056055
8.8821e-20,0.047215,0.056003
7.2656e-20,0.047204,0.055951
5.6969e-20,0.047192,0.055897
4.1799e-20,0.047181,0.055842
2.718e-20,0.04717,0.055787
1.3142e-20,0.04716,0.055731
-2.8816e-22,0.04715,0.055674
-1.3087e-20,0.047141,0.055618
-2.5234e-20,0.047132,0.05556
-3.6714e-20,0.047124,0.055503
-4.7514e-20,0.047116,0.055445
-5.7624e-20,0.04711,0.055387
-6.7037e-20,0.047104,0.05533
-7.575e-20,0.047099,0.055272
-8.3762e-20,0.047094,0.055215
-9.1076e-20,0.047091,0.055158
-9.7695e-20,0.047089,0.055101
-1.0363e-19,0.047087,0.055045
-1.0888e-19,0.047087,0.054989
-1.1347e-19,0.047087,0.054934
-1.1741e-19,0.047089,0.05488
-1.207e-19,0.047091,0.054826
-1.2338e-19,0.047095,0.054774
-1.2546e-19,0.0471,0.054722
-1.2696e-19,0.047106,0.054672
-1.2789e-19,0.047113,0.054622
-1.2829e-19,0.04712,0.054574
-1.2818e-19,0.04713,0.054527
-1.2758e-19,0.04714,0.054481
-1.2651e-19,0.047151,0.054437
-1.2501e-19,0.047163,0.054394
-1.2309e-19,0.047176,0.054353
-1.2079e-19,0.04719,0.054313
-1.1814e-19,0.047206,0.054274
-1.1515e-19,0.047222,0.054237
-1.1186e-19,0.047239,0.054202
-1.0829e-19,0.047257,0.054169
-1.0448e-19,0.047276,0.054136
-1.0044e-19,0.047296,0.054106
-9.6197e-20,0.047316,0.054077
-9.1787e-20,0.047338,0.05405
-8.723e-20,0.04736,0.054025
-8.2551e-20,0.047383,0.054001
-7.7773e-20,0.047406,0.053979
-7.292e-20,0.047431,0.053959
-6.8013e-20,0.047456,0.05394
-6.3075e-20,0.047481,0.053922
-5.8125e-20,0.047507,0.053907
-5.3184e-20,0.047533,0.053893
-4.8269e-20,0.04756,0.05388
-4.34e-20,0.047587,0.053869
-3.8591e-20,0.047615,0.053859
-3.3859e-20,0.047643,0.05385
-2.9219e-20,0.047671,0.053843
-2.4684e-20,0.047699,0.053837
-2.0267e-20,0.047728,0.053832
-1.5979e-20,0.047756,0.053829
-1.1831e-20,0.047785,0.053826
-7.8314e-21,0.047814,0.053825
-3.9896e-21,0.047843,0.053824
-3.127e-22,0.047872,0.053825
3.1928e-21,0.047901,0.053826
6.5215e-21,0.04793,0.053828
9.6689e-21,0.047959,0.053831
1.2631e-20,0.047987,0.053835
1.5406e-20,0.048016,0.053839
1.7991e-20,0.048045,0.053844
2.0385e-20,0.048073,0.053849
2.2589e-20,0.048101,0.053855
2.4602e-20,0.04813,0.053861
2.6426e-20,0.048158,0.053868
2.8062e-20,0.048185,0.053875
2.9513e-20,0.048213,0.053882
3.0783e-20,0.048241,0.05389
3.1874e-20,0.048268,0.053897
3.2791e-20,0.048295,0.053905
3.3539e-20,0.048323,0.053913
3.4123e-20,0.04835,0.053921
3.4547e-20,0.048376,0.053929
3.4819e-20,0.048403,0.053937
3.4943e-20,0.04843,0.053945
3.4927e-20,0.048456,0.053952
3.4778e-20,0.048483,0.05396
3.4501e-20,0.048509,0.053968
3.4104e-20,0.048535,0.053976
3.3595e-20,0.048561,0.053983
3.2979e-20,0.048587,0.053991
3.2266e-20,0.048613,0.053998
3.1462e-20,0.048638,0.054005
3.0574e-20,0.048664,0.054013
2.961e-20,0.048689,0.05402
2.8577e-20,0.048714,0.054027
2.7483e-20,0.048739,0.054033
2.6334e-20,0.048763,0.05404
2.5137e-20,0.048788,0.054047
2.39e-20,0.048812,0.054053
2.2629e-20,0.048835,0.05406
2.133e-20,0.048858,0.054067
2.001e-20,0.048881,0.054073
1.8674e-20,0.048903,0.05408
1.733e-20,0.048925,0.054087
1.5981e-20,0.048946,0.054094
1.4635e-20,0.048966,0.054101
1.3295e-20,0.048986,0.054108
1.1967e-20,0.049004,0.054115
1.0655e-20,0.049022,0.054123
9.3633e-21,0.049039,0.054131
8.0964e-21,0.049054,0.054139
6.8577e-21,0.049068,0.054147
5.6508e-21,0.049081,0.054156
4.4786e-21,0.049093,0.054166
3.3443e-21,0.049102,0.054175
2.2503e-21,0.049111,0.054186
1.1989e-21,0.049117,0.054196
1.9231e-22,0.049122,0.054208
-7.6782e-22,0.049125,0.05422
-1.6799e-21,0.049126,0.054232
-2.5428e-21,0.049124,0.054246
-3.3553e-21,0.04912,0.05426
-4.1168e-21,0.049114,0.054275
-4.8266e-21,0.049106,0.05429
-5.4846e-21,0.049095,0.054307
-6.0905e-21,0.049081,0.054324
-6.6445e-21,0.049065,0.054342
-7.147e-21,0.049046,0.054361
-7.5983e-21,0.049024,0.054381
-7.9991e-21,0.048999,0.054402
-8.3503e-21,0.048971,0.054424
-8.6528e-21,0.04894,0.054447
-8.9078e-21,0.048906,0.054472
-9.1165e-21,0.048869,0.054497
-9.2803e-21,0.048829,0.054523
-9.4006e-21,0.048785,0.05455
-9.479e-21,0.048739,0.054579
-9.5172e-21,0.048689,0.054609
-9.517e-21,0.048636,0.054639
-9.4801e-21,0.04858,0.054671
-9.4084e-21,0.048521,0.054704
-9.3038e-21,0.048459,0.054738
-9.1682e-21,0.048394,0.054773
-9.0037e-21,0.048325,0.054809
-8.8122e-21,0.048254,0.054847
-8.5957e-21,0.04818,0.054885
-8.3562e-21,0.048104,0.054924
-8.0958e-21,0.048024,0.054964
-7.8164e-21,0.047942,0.055006
-7.52e-21,0.047858,0.055048
-7.2085e-21,0.047771,0.055091
-6.8839e-21,0.047683,0.055135
-6.5479e-21,0.047592,0.055179
-6.2025e-21,0.047499,0.055225
-5.8494e-21,0.047404,0.055271
-5.4904e-21,0.047308,0.055317
-5.127e-21,0.047211,0.055365
-4.7609e-21,0.047112,0.055412
-4.3936e-21,0.047012,0.05546
-4.0267e-21,0.046911,0.055509
-3.6614e-21,0.04681,0.055557
-3.2992e-21,0.046708,0.055606
-2.9413e-21,0.046606,0.055655
-2.5888e-21,0.046503,0.055704
-2.2429e-21,0.046401,0.055752
-1.9046e-21,0.046299,0.055801
-1.5748e-21,0.046198,0.055849
-1.2544e-21,0.046097,0.055896
-9.4425e-22,0.045997,0.055943
-6.4499e-22,0.045898,0.055989
-3.5729e-22,0.045801,0.056035
-8.172e-23,0.045705,0.056079
1.8124e-22,0.045611,0.056122
4.3115e-22,0.045518,0.056164
6.6768e-22,0.045428,0.056205
8.9053e-22,0.045339,0.056244
1.0995e-21,0.045253,0.056282
1.2944e-21,0.04517,0.056318
1.4752e-21,0.045089,0.056352
1.6418e-21,0.045011,0.056384
1.7943e-21,0.044936,0.056415
1.9327e-21,0.044864,0.056443
2.0571e-21,0.044795,0.056469
2.1678e-21,0.044729,0.056492
2.2649e-21,0.044667,0.056513
2.3488e-21,0.044608,0.056532
2.4196e-21,0.044552,0.056547
2.4779e-21,0.044501,0.056561
2.5238e-21,0.044453,0.056571
2.5578e-21,0.044408,0.056579
2.5804e-21,0.044368,0.056584
2.592e-21,0.044331,0.056586
2.5931e-21,0.044298,0.056585
2.5841e-21,0.044269,0.056582
2.5655e-21,0.044244,0.056575
2.538e-21,0.044222,0.056566
2.502e-21,0.044205,0.056554
2.458e-21,0.044191,0.056539
2.4066e-21,0.044181,0.056522
2.3483e-21,0.044175,0.056502
2.2838e-21,0.044173,0.056479
2.2134e-21,0.044174,0.056453
2.1378e-21,0.044179,0.056426
2.0576e-21,0.044187,0.056396
1.9731e-21,0.044199,0.056363
1.8851e-21,0.044215,0.056329
1.7939e-21,0.044233,0.056293
1.7e-21,0.044255,0.056255
1.6041e-21,0.04428,0.056215
1.5064e-21,0.044308,0.056174
1.4075e-21,0.044339,0.056131
1.3078e-21,0.044373,0.056087
1.2078e-21,0.044409,0.056042
1.1078e-21,0.044448,0.055997
1.0083e-21,0.044489,0.05595
9.0947e-22,0.044533,0.055904
8.1182e-22,0.044578,0.055857
7.1563e-22,0.044626,0.055809
6.2119e-22,0.044676,0.055762
5.2879e-22,0.044727,0.055716
4.3868e-22,0.04478,0.055669
3.5112e-22,0.044834,0.055624
2.6631e-22,0.04489,0.055579
1.8446e-22,0.044947,0.055535
1.0573e-22,0.045005,0.055493
3.0293e-23,0.045064,0.055451
-4.172e-23,0.045123,0.055411
-1.1019e-22,0.045184,0.055373
-1.7503e-22,0.045245,0.055337
-2.3615e-22,0.045307,0.055303
-2.9349e-22,0.045369,0.05527
-3.47e-22,0.045431,0.05524
-3.9667e-22,0.045494,0.055212
-4.4248e-22,0.045557,0.055187
-4.8444e-22,0.04562,0.055164
-5.2255e-22,0.045682,0.055143
-5.5687e-22,0.045745,0.055125
-5.8743e-22,0.045808,0.05511
-6.1429e-22,0.04587,0.055098
-6.3752e-22,0.045932,0.055088
-6.5721e-22,0.045994,0.055081
-6.7343e-22,0.046056,0.055077
-6.8631e-22,0.046117,0.055076
-6.9593e-22,0.046178,0.055078
-7.0242e-22,0.046238,0.055082
-7.059e-22,0.046298,0.055089
-7.0649e-22,0.046358,0.055099
-7.0433e-22,0.046417,0.055112
-6.9956e-22,0.046476,0.055127
-6.9232e-22,0.046534,0.055145
-6.8275e-22,0.046592,0.055166
-6.71e-22,0.046649,0.055189
-6.5721e-22,0.046706,0.055214
-6.4154e-22,0.046763,0.055242
-6.2413e-22,0.046819,0.055272
-6.0513e-22,0.046875,0.055303
-5.8469e-22,0.04693,0.055337
-5.6296e-22,0.046985,0.055373
-5.4007e-22,0.04704,0.055411
-5.1618e-22,0.047094,0.05545
-4.9143e-22,0.047148,0.055491
-4.6594e-22,0.047202,0.055533
-4.3985e-22,0.047255,0.055576
-4.1328e-22,0.047308,0.055621
-3.8638e-22,0.047361,0.055666
-3.5925e-22,0.047413,0.055712
-3.32e-22,0.047465,0.055759
-3.0476e-22,0.047517,0.055807
-2.7761e-22,0.047568,0.055854
-2.5068e-22,0.047619,0.055903
-2.2404e-22,0.04767,0.055951
-1.9779e-22,0.04772,0.055999
-1.72e-22,0.04777,0.056047
-1.4677e-22,0.04782,0.056095
-1.2215e-22,0.047869,0.056142
-9.8219e-23,0.047918,0.056188
-7.5031e-23,0.047966,0.056234
-5.2642e-23,0.048013,0.056279
-3.1101e-23,0.04806,0.056324
-1.0451e-23,0.048106,0.056367
9.2696e-24,0.048152,0.056409
2.8029e-23,0.048197,0.056449
4.5801e-23,0.048241,0.056488
6.2562e-23,0.048284,0.056526
7.8295e-23,0.048327,0.056562
9.2988e-23,0.048368,0.056596
1.0663e-22,0.048409,0.056629
1.1923e-22,0.048448,0.05666
1.3077e-22,0.048486,0.056689
1.4127e-22,0.048524,0.056716
1.5073e-22,0.04856,0.056741
1.5916e-22,0.048594,0.056764
1.6659e-22,0.048628,0.056784
1.7303e-22,0.04866,0.056803
1.7849e-22,0.048691,0.05682
1.8301e-22,0.04872,0.056834
1.8662e-22,0.048748,0.056846
1.8934e-22,0.048774,0.056856
1.912e-22,0.048799,0.056864
1.9223e-22,0.048822,0.05687
1.9248e-22,0.048844,0.056873
1.9197e-22,0.048864,0.056874
1.9075e-22,0.048882,0.056873
1.8884e-22,0.048899,0.05687
1.863e-22,0.048914,0.056865
1.8317e-22,0.048927,0.056858
1.7947e-22,0.048939,0.056848
1.7525e-22,0.048949,0.056837
1.7056e-22,0.048957,0.056824
1.6543e-22,0.048964,0.056809
1.599e-22,0.048969,0.056792
1.5402e-22,0.048972,0.056774
1.4782e-22,0.048974,0.056753
1.4134e-22,0.048974,0.056732
1.3462e-22,0.048973,0.056708
1.2769e-22,0.04897,0.056683
1.206e-22,0.048965,0.056657
1.1338e-22,0.048959,0.056629
1.0606e-22,0.048952,0.0566
9.8672e-23,0.048944,0.05657
9.1252e-23,0.048934,0.056539
8.3829e-23,0.048923,0.056506
7.6431e-23,0.048911,0.056473
6.9086e-23,0.048898,0.056439
6.1819e-23,0.048883,0.056403
5.4655e-23,0.048868,0.056368
4.7616e-23,0.048853,0.056331
4.0724e-23,0.048836,0.056294
3.3999e-23,0.048819,0.056256
2.7458e-23,0.048801,0.056218
2.1119e-23,0.048782,0.056179
1.4995e-23,0.048764,0.05614
9.1014e-24,0.048745,0.0561
3.4491e-24,0.048725,0.05606
-1.9513e-24,0.048706,0.05602
-7.0907e-24,0.048687,0.05598
-1.1962e-23,0.048667,0.05594
-1.6558e-23,0.048648,0.055899
-2.0874e-23,0.048629,0.055859
-2.4908e-23,0.048611,0.055818
-2.8656e-23,0.048593,0.055778
-3.2118e-23,0.048576,0.055737
-3.5294e-23,0.048559,0.055697
-3.8185e-23,0.048543,0.055656
-4.0793e-23,0.048528,0.055616
-4.3121e-23,0.048513,0.055576
-4.5174e-23,0.0485,0.055536
-4.6956e-23,0.048488,0.055496
-4.8474e-23,0.048477,0.055457
-4.9734e-23,0.048467,0.055417
-5.0743e-23,0.048459,0.055378
-5.1509e-23,0.048451,0.055339
-5.204e-23,0.048446,0.0553
-5.2346e-23,0.048441,0.055261
-5.2436e-23,0.048438,0.055223
-5.232e-23,0.048437,0.055184
-5.2007e-23,0.048437,0.055146
-5.1509e-23,0.048438,0.055107
-5.0836e-23,0.048442,0.055069
-4.9998e-23,0.048446,0.055031
-4.9007e-23,0.048452,0.054994
-4.7873e-23,0.04846,0.054956
-4.6608e-23,0.048469,0.054918
-4.5223e-23,0.04848,0.054881
-4.3729e-23,0.048491,0.054843
-4.2136e-23,0.048505,0.054806
-4.0456e-23,0.048519,0.054769
-3.8699e-23,0.048535,0.054732
-3.6874e-23,0.048552,0.054695
-3.4994e-23,0.04857,0.054658
-3.3067e-23,0.048589,0.054622
-3.1102e-23,0.048608,0.054585
-2.911e-23,0.048629,0.05455
-2.71e-23,0.04865,0.054514
-2.5079e-23,0.048672,0.054479
-2.3057e-23,0.048695,0.054444
-2.104e-23,0.048717,0.05441
-1.9037e-23,0.04874,0.054376
-1.7055e-23,0.048763,0.054343
-1.51e-23,0.048786,0.05431
-1.3179e-23,0.048809,0.054279
-1.1296e-23,0.048832,0.054248
-9.4592e-24,0.048855,0.054218
-7.6717e-24,0.048877,0.054189
-5.9385e-24,0.048898,0.054162
-4.2638e-24,0.048919,0.054136
-2.6512e-24,0.048939,0.054111
-1.1041e-24,0.048958,0.054087
3.7466e-25,0.048977,0.054065
1.7826e-24,0.048994,0.054045
3.1176e-24,0.04901,0.054026
4.3779e-24,0.049025,0.054009
5.5622e-24,0.049039,0.053994
6.6695e-24,0.049051,0.053981
7.6991e-24,0.049062,0.05397
8.6507e-24,0.049071,0.053962
9.5243e-24,0.049079,0.053955
1.032e-23,0.049086,0.053951
1.1039e-23,0.04909,0.053949
1.1682e-23,0.049094,0.05395
1.2249e-23,0.049095,0.053953
1.2742e-23,0.049096,0.053958
1.3164e-23,0.049094,0.053966
1.3514e-23,0.049091,0.053976
1.3797e-23,0.049086,0.053989
1.4012e-23,0.04908,0.054005
1.4164e-23,0.049072,0.054022
1.4254e-23,0.049063,0.054043
1.4285e-23,0.049052,0.054065
1.4259e-23,0.04904,0.054091
1.418e-23,0.049027,0.054118
1.4049e-23,0.049012,0.054148
1.3871e-23,0.048996,0.05418
1.3647e-23,0.048979,0.054214
1.3382e-23,0.04896,0.05425
1.3077e-23,0.048941,0.054288
1.2736e-23,0.048921,0.054328
1.2362e-23,0.048899,0.05437
1.1958e-23,0.048877,0.054414
1.1527e-23,0.048854,0.054459
1.1072e-23,0.048831,0.054505
1.0595e-23,0.048806,0.054553
1.01e-23,0.048781,0.054602
9.5892e-24,0.048756,0.054652
9.0654e-24,0.04873,0.054702
8.5313e-24,0.048704,0.054754
7.9893e-24,0.048677,0.054806
7.442e-24,0.04865,0.054859
6.8917e-24,0.048623,0.054912
6.3406e-24,0.048596,0.054965
5.7909e-24,0.048569,0.055018
5.2448e-24,0.048541,0.055071
4.704e-24,0.048514,0.055124
4.1705e-24,0.048486,0.055177
3.6459e-24,0.048459,0.055229
3.1319e-24,0.048431,0.05528
2.63e-24,0.048404,0.055331
2.1414e-24,0.048376,0.05538
1.6676e-24,0.048349,0.055429
1.2095e-24,0.048322,0.055477
7.6826e-25,0.048295,0.055523
3.4477e-25,0.048267,0.055568
-6.0183e-26,0.04824,0.055611
-4.459e-25,0.048213,0.055653
-8.118e-25,0.048186,0.055693
-1.1574e-24,0.048159,0.055731
-1.4823e-24,0.048131,0.055767
-1.7863e-24,0.048104,0.055801
-2.0691e-24,0.048077,0.055833
-2.3307e-24,0.048049,0.055863
-2.571e-24,0.048021,0.055891
-2.7902e-24,0.047993,0.055916
-2.9883e-24,0.047965,0.055939
-3.1656e-24,0.047936,0.055959
-3.3223e-24,0.047907,0.055977
-3.459e-24,0.047877,0.055993
-3.5758e-24,0.047847,0.056005
-3.6734e-24,0.047817,0.056015
-3.7523e-24,0.047786,0.056023
-3.813e-24,0.047755,0.056027
-3.8561e-24,0.047723,0.056029
-3.8824e-24,0.04769,0.056029
-3.8924e-24,0.047657,0.056025
-3.887e-24,0.047623,0.056018
-3.8668e-24,0.047589,0.056009
-3.8327e-24,0.047554,0.055997
-3.7854e-24,0.047518,0.055983
-3.7257e-24,0.047482,0.055965
-3.6545e-24,0.047445,0.055945
-3.5725e-24,0.047407,0.055922
-3.4806e-24,0.047368,0.055896
-3.3795e-24,0.04733,0.055868
-3.2702e-24,0.04729,0.055838
-3.1534e-24,0.04725,0.055804
-3.0299e-24,0.047209,0.055769
-2.9005e-24,0.047168,0.055731
-2.7659e-24,0.047127,0.05569
-2.627e-24,0.047085,0.055648
-2.4845e-24,0.047043,0.055603
-2.3391e-24,0.047001,0.055557
-2.1915e-24,0.046959,0.055508
-2.0423e-24,0.046917,0.055458
-1.8923e-24,0.046874,0.055405
-1.7419e-24,0.046832,0.055352
-1.5919e-24,0.04679,0.055296
-1.4428e-24,0.046748,0.05524
-1.2951e-24,0.046707,0.055182
-1.1493e-24,0.046666,0.055123
-1.0059e-24,0.046626,0.055063
-8.6536e-25,0.046587,0.055002
-7.2804e-25,0.046548,0.054941
-5.9433e-25,0.04651,0.054879
-4.6459e-25,0.046473,0.054816
-3.3913e-25,0.046438,0.054753
-2.1823e-25,0.046403,0.05469
-1.0215e-25,0.04637,0.054628
8.9042e-27,0.046339,0.054565
1.1473e-25,0.046309,0.054502
2.1516e-25,0.04628,0.05444
3.1006e-25,0.046253,0.054379
3.9933e-25,0.046228,0.054319
4.8288e-25,0.046205,0.054259
5.6066e-25,0.046184,0.0542
6.3264e-25,0.046164,0.054143
6.9881e-25,0.046147,0.054087
7.5919e-25,0.046131,0.054032
8.1382e-25,0.046118,0.05398
8.6275e-25,0.046107,0.053928
9.0606e-25,0.046098,0.053879
9.4384e-25,0.046091,0.053832
9.7621e-25,0.046087,0.053787
1.0033e-24,0.046084,0.053744
1.0252e-24,0.046084,0.053704
1.0422e-24,0.046086,0.053666
1.0543e-24,0.04609,0.05363
1.0617e-24,0.046096,0.053598
1.0648e-24,0.046104,0.053568
1.0635e-24,0.046114,0.053541
1.0582e-24,0.046126,0.053517
1.049e-24,0.04614,0.053496
1.0362e-24,0.046155,0.053478
1.0199e-24,0.046172,0.053463
1.0005e-24,0.046191,0.053451
9.7802e-25,0.046211,0.053443
9.5283e-25,0.046233,0.053438
9.251e-25,0.046256,0.053436
8.9505e-25,0.046279,0.053437
8.6292e-25,0.046304,0.053442
8.2891e-25,0.04633,0.05345
7.9325e-25,0.046356,0.053462
7.5614e-25,0.046383,0.053476
7.178e-25,0.046411,0.053494
6.7843e-25,0.046439,0.053515
6.3822e-25,0.046467,0.053539
5.9737e-25,0.046495,0.053567
5.5607e-25,0.046523,0.053597
5.1449e-25,0.04655,0.05363
4.728e-25,0.046578,0.053667
4.3117e-25,0.046605,0.053706
3.8976e-25,0.046631,0.053747
3.4871e-25,0.046657,0.053791
3.0817e-25,0.046682,0.053838
2.6827e-25,0.046706,0.053887
2.2912e-25,0.046729,0.053938
1.9086e-25,0.046751,0.053991
1.5358e-25,0.046772,0.054046
1.1738e-25,0.046792,0.054103
8.2349e-26,0.04681,0.054161
4.8577e-26,0.046827,0.05422
1.6133e-26,0.046843,0.054281
-1.4917e-26,0.046857,0.054343
-4.4517e-26,0.04687,0.054406
-7.2616e-26,0.046882,0.05447
-9.9174e-26,0.046892,0.054534
-1.2415e-25,0.046901,0.054598
-1.4753e-25,0.046909,0.054662
-1.6929e-25,0.046915,0.054727
-1.8941e-25,0.04692,0.054791
-2.0788e-25,0.046924,0.054854
-2.2471e-25,0.046926,0.054917
-2.3991e-25,0.046927,0.054979
-2.5348e-25,0.046928,0.05504
-2.6543e-25,0.046927,0.055099
-2.758e-25,0.046925,0.055157
-2.8461e-25,0.046923,0.055213
-2.9188e-25,0.046919,0.055268
-2.9766e-25,0.046916,0.05532
-3.0198e-25,0.046911,0.055371
-3.0488e-25,0.046906,0.055418
-3.0641e-25,0.046901,0.055464
-3.0662e-25,0.046896,0.055506
-3.0555e-25,0.04689,0.055546
-3.0327e-25,0.046884,0.055582
-2.9982e-25,0.046879,0.055615
-2.9527e-25,0.046873,0.055645
-2.8967e-25,0.046868,0.055672
-2.8308e-25,0.046864,0.055695
-2.7557e-25,0.046859,0.055714
-2.6719e-25,0.046856,0.05573
-2.58e-25,0.046853,0.055742
-2.4808e-25,0.04685,0.05575
-2.3747e-25,0.046849,0.055754
-2.2625e-25,0.046848,0.055755
-2.1448e-25,0.046849,0.055751
-2.0221e-25,0.04685,0.055743
-1.8951e-25,0.046852,0.055732
-1.7644e-25,0.046856,0.055716
-1.6306e-25,0.046861,0.055697
-1.4943e-25,0.046867,0.055674
-1.356e-25,0.046874,0.055647
-1.2164e-25,0.046883,0.055616
-1.0759e-25,0.046893,0.055581
-9.3507e-26,0.046904,0.055543
-7.9448e-26,0.046917,0.055502
-6.546e-26,0.046931,0.055457
-5.1593e-26,0.046946,0.055409
-3.7892e-26,0.046963,0.055358
-2.4405e-26,0.046981,0.055303
-1.1173e-26,0.047,0.055247
1.7606e-27,0.047021,0.055187
1.4357e-26,0.047043,0.055125
2.6578e-26,0.047066,0.05506
3.8387e-26,0.04709,0.054994
4.975e-26,0.047115,0.054925
6.0635e-26,0.047142,0.054855
7.1011e-26,0.047169,0.054783
8.085e-26,0.047197,0.05471
9.0126e-26,0.047227,0.054635
9.8812e-26,0.047257,0.054559
1.0689e-25,0.047288,0.054483
1.1433e-25,0.04732,0.054406
1.2112e-25,0.047352,0.054329
1.2725e-25,0.047385,0.054251
1.3268e-25,0.047419,0.054173
1.3742e-25,0.047453,0.054096
1.4146e-25,0.047487,0.054018
1.4477e-25,0.047522,0.053942
1.4735e-25,0.047557,0.053866
1.492e-25,0.047593,0.053791
1.5031e-25,0.047628,0.053717
1.5068e-25,0.047664,0.053644
1.5031e-25,0.0477,0.053572
1.492e-25,0.047735,0.053503
1.4735e-25,0.047771,0.053434
1.4477e-25,0.047806,0.053368
1.4146e-25,0.047841,0.053304
1.3742e-25,0.047876,0.053242
1.3268e-25,0.047911,0.053182
1.2725e-25,0.047945,0.053124
1.2112e-25,0.047979,0.053069
1.1433e-25,0.048012,0.053017
1.0689e-25,0.048045,0.052967
9.8812e-26,0.048077,0.05292
9.0126e-26,0.048108,0.052876
8.085e-26,0.048139,0.052835
7.1011e-26,0.048169,0.052797
6.0635e-26,0.048198,0.052762
4.975e-26,0.048227,0.05273
3.8387e-26,0.048254,0.052701
2.6578e-26,0.04828,0.052676
1.4357e-26,0.048306,0.052654
1.7606e-27,0.04833,0.052635
-1.1173e-26,0.048353,0.05262
-2.4405e-26,0.048376,0.052608
-3.7892e-26,0.048396,0.052599
-5.1593e-26,0.048416,0.052594
-6.546e-26,0.048434,0.052592
-7.9448e-26,0.048451,0.052594
-9.3507e-26,0.048467,0.052598
-1.0759e-25,0.048481,0.052607
-1.2164e-25,0.048494,0.052618
-1.356e-25,0.048505,0.052633
-1.4943e-25,0.048515,0.052651
-1.6306e-25,0.048524,0.052673
-1.7644e-25,0.04853,0.052697
-1.8951e-25,0.048535,0.052725
-2.0221e-25,0.048539,0.052756
-2.1448e-25,0.04854,0.05279
-2.2625e-25,0.048541,0.052827
-2.3747e-25,0.048539,0.052866
-2.4808e-25,0.048536,0.052909
-2.58e-25,0.048531,0.052954
-2.6719e-25,0.048524,0.053002
-2.7557e-25,0.048516,0.053053
-2.8308e-25,0.048506,0.053106
-2.8967e-25,0.048495,0.053162
-2.9527e-25,0.048481,0.05322
-2.9982e-25,0.048466,0.05328
-3.0327e-25,0.04845,0.053342
-3.0555e-25,0.048431,0.053406
-3.0662e-25,0.048412,0.053471
-3.0641e-25,0.04839,0.053539
-3.0488e-25,0.048368,0.053608
-3.0198e-25,0.048343,0.053678
-2.9766e-25,0.048317,0.05375
-2.9188e-25,0.04829,0.053823
-2.8461e-25,0.048262,0.053897
-2.758e-25,0.048232,0.053971
-2.6543e-25,0.048201,0.054047
-2.5348e-25,0.048168,0.054123
-2.3991e-25,0.048135,0.054199
-2.2471e-25,0.048101,0.054275
-2.0788e-25,0.048065,0.054352
-1.8941e-25,0.048029,0.054428
-1.6929e-25,0.047992,0.054504
-1.4753e-25,0.047954,0.05458
-1.2415e-25,0.047915,0.054655
-9.9174e-26,0.047876,0.054729
-7.2616e-26,0.047836,0.054803
-4.4517e-26,0.047796,0.054875
-1.4917e-26,0.047756,0.054947
1.6133e-26,0.047715,0.055017
4.8577e-26,0.047675,0.055085
8.2349e-26,0.047634,0.055153
1.1738e-25,0.047594,0.055218
1.5358e-25,0.047553,0.055282
1.9086e-25,0.047513,0.055343
2.2912e-25,0.047474,0.055403
2.6827e-25,0.047435,0.05546
3.0817e-25,0.047397,0.055516
3.4871e-25,0.047359,0.055569
3.8976e-25,0.047323,0.055619
4.3117e-25,0.047288,0.055667
4.728e-25,0.047253,0.055713
5.1449e-25,0.04722,0.055755
5.5607e-25,0.047189,0.055795
5.9737e-25,0.047159,0.055832
6.3822e-25,0.04713,0.055867
6.7843e-25,0.047103,0.055898
7.178e-25,0.047078,0.055926
7.5614e-25,0.047055,0.055952
7.9325e-25,0.047034,0.055974
8.2891e-25,0.047015,0.055994
8.6292e-25,0.046998,0.05601
8.9505e-25,0.046984,0.056023
9.251e-25,0.046972,0.056034
9.5283e-25,0.046962,0.056041
9.7802e-25,0.046954,0.056045
1.0005e-24,0.046949,0.056046
1.0199e-24,0.046947,0.056044
1.0362e-24,0.046947,0.056039
1.049e-24,0.04695,0.056032
1.0582e-24,0.046955,0.056021
1.0635e-24,0.046963,0.056008
1.0648e-24,0.046973,0.055991
1.0617e-24,0.046987,0.055972
1.0543e-24,0.047002,0.055951
1.0422e-24,0.047021,0.055927
1.0252e-24,0.047042,0.0559
1.0033e-24,0.047065,0.055871
9.7621e-25,0.047091,0.05584
9.4384e-25,0.047119,0.055806
9.0606e-25,0.04715,0.05577
8.6275e-25,0.047183,0.055732
8.1382e-25,0.047218,0.055693
7.5919e-25,0.047255,0.055651
6.9881e-25,0.047294,0.055608
6.3264e-25,0.047335,0.055563
5.6066e-25,0.047378,0.055517
4.8288e-25,0.047423,0.055469
3.9933e-25,0.047469,0.05542
3.1006e-25,0.047516,0.05537
2.1516e-25,0.047565,0.055319
1.1473e-25,0.047615,0.055267
8.9042e-27,0.047665,0.055214
-1.0215e-25,0.047717,0.055161
-2.1823e-25,0.047769,0.055106
-3.3913e-25,0.047822,0.055052
-4.6459e-25,0.047875,0.054997
-5.9433e-25,0.047928,0.054942
-7.2804e-25,0.047982,0.054887
-8.6536e-25,0.048035,0.054832
-1.0059e-24,0.048087,0.054777
-1.1493e-24,0.048139,0.054722
-1.2951e-24,0.048191,0.054668
-1.4428e-24,0.048242,0.054614
-1.5919e-24,0.048291,0.05456
-1.7419e-24,0.04834,0.054507
-1.8923e-24,0.048387,0.054455
-2.0423e-24,0.048433,0.054404
-2.1915e-24,0.048477,0.054353
-2.3391e-24,0.048519,0.054304
-2.4845e-24,0.04856,0.054255
-2.627e-24,0.048598,0.054208
-2.7659e-24,0.048635,0.054162
-2.9005e-24,0.048669,0.054118
-3.0299e-24,0.048701,0.054074
-3.1534e-24,0.04873,0.054033
-3.2702e-24,0.048757,0.053993
-3.3795e-24,0.048781,0.053954
-3.4806e-24,0.048803,0.053918
-3.5725e-24,0.048822,0.053883
-3.6545e-24,0.048838,0.05385
-3.7257e-24,0.048852,0.053819
-3.7854e-24,0.048863,0.053791
-3.8327e-24,0.048871,0.053764
-3.8668e-24,0.048876,0.053739
-3.887e-24,0.048878,0.053717
-3.8924e-24,0.048878,0.053697
-3.8824e-24,0.048875,0.053679
-3.8561e-24,0.048869,0.053664
-3.813e-24,0.048861,0.053651
-3.7523e-24,0.04885,0.053641
-3.6734e-24,0.048837,0.053634
-3.5758e-24,0.048821,0.053628
-3.459e-24,0.048804,0.053626
-3.3223e-24,0.048783,0.053626
-3.1656e-24,0.048761,0.053629
-2.9883e-24,0.048737,0.053635
-2.7902e-24,0.048711,0.053643
-2.571e-24,0.048683,0.053654
-2.3307e-24,0.048653,0.053668
-2.0691e-24,0.048622,0.053684
-1.7863e-24,0.04859,0.053704
-1.4823e-24,0.048556,0.053726
-1.1574e-24,0.048521,0.053751
-8.118e-25,0.048486,0.053778
-4.459e-25,0.048449,0.053809
-6.0183e-26,0.048412,0.053842
3.4477e-25,0.048374,0.053877
7.6826e-25,0.048336,0.053916
1.2095e-24,0.048297,0.053956
1.6676e-24,0.048258,0.054
2.1414e-24,0.048219,0.054046
2.63e-24,0.04818,0.054094
3.1319e-24,0.048142,0.054144
3.6459e-24,0.048103,0.054197
4.1705e-24,0.048065,0.054252
4.704e-24,0.048027,0.054309
5.2448e-24,0.04799,0.054368
5.7909e-24,0.047954,0.054429
6.3406e-24,0.047918,0.054492
6.8917e-24,0.047883,0.054556
7.442e-24,0.047849,0.054622
7.9893e-24,0.047816,0.054689
8.5313e-24,0.047783,0.054758
9.0654e-24,0.047752,0.054828
9.5892e-24,0.047722,0.054899
1.01e-23,0.047693,0.05497
1.0595e-23,0.047664,0.055043
1.1072e-23,0.047638,0.055116
1.1527e-23,0.047612,0.05519
1.1958e-23,0.047587,0.055263
1.2362e-23,0.047564,0.055338
1.2736e-23,0.047542,0.055412
1.3077e-23,0.047521,0.055485
1.3382e-23,0.047501,0.055559
1.3647e-23,0.047483,0.055632
1.3871e-23,0.047466,0.055705
1.4049e-23,0.04745,0.055776
1.418e-23,0.047435,0.055847
1.4259e-23,0.047422,0.055917
1.4285e-23,0.04741,0.055985
1.4254e-23,0.047399,0.056052
1.4164e-23,0.047389,0.056118
1.4012e-23,0.047381,0.056181
1.3797e-23,0.047374,0.056243
1.3514e-23,0.047368,0.056303
1.3164e-23,0.047364,0.056361
1.2742e-23,0.04736,0.056417
1.2249e-23,0.047358,0.05647
1.1682e-23,0.047358,0.056521
1.1039e-23,0.047358,0.05657
1.032e-23,0.04736,0.056616
9.5243e-24,0.047363,0.056659
8.6507e-24,0.047367,0.056699
7.6991e-24,0.047372,0.056736
6.6695e-24,0.047378,0.056771
5.5622e-24,0.047386,0.056802
4.3779e-24,0.047394,0.056831
3.1176e-24,0.047404,0.056856
1.7826e-24,0.047415,0.056878
3.7466e-25,0.047427,0.056897
-1.1041e-24,0.047441,0.056913
-2.6512e-24,0.047455,0.056926
-4.2638e-24,0.04747,0.056936
-5.9385e-24,0.047486,0.056942
-7.6717e-24,0.047504,0.056946
-9.4592e-24,0.047522,0.056947
-1.1296e-23,0.047541,0.056944
-1.3179e-23,0.047562,0.056939
-1.51e-23,0.047583,0.056931
-1.7055e-23,0.047605,0.05692
-1.9037e-23,0.047628,0.056906
-2.104e-23,0.047652,0.05689
-2.3057e-23,0.047677,0.056872
-2.5079e-23,0.047703,0.056851
-2.71e-23,0.04773,0.056828
-2.911e-23,0.047757,0.056803
-3.1102e-23,0.047785,0.056776
-3.3067e-23,0.047814,0.056748
-3.4994e-23,0.047844,0.056717
-3.6874e-23,0.047874,0.056686
-3.8699e-23,0.047905,0.056653
-4.0456e-23,0.047937,0.056618
-4.2136e-23,0.047969,0.056583
-4.3729e-23,0.048002,0.056547
-4.5223e-23,0.048035,0.056511
-4.6608e-23,0.048069,0.056474
-4.7873e-23,0.048104,0.056436
-4.9007e-23,0.048138,0.056399
-4.9998e-23,0.048174,0.056361
-5.0836e-23,0.048209,0.056324
-5.1509e-23,0.048245,0.056286
-5.2007e-23,0.048281,0.05625
-5.232e-23,0.048317,0.056214
-5.2436e-23,0.048353,0.056178
-5.2346e-23,0.048389,0.056144
-5.204e-23,0.048426,0.05611
-5.1509e-23,0.048462,0.056078
-5.0743e-23,0.048498,0.056046
-4.9734e-23,0.048534,0.056016
-4.8474e-23,0.04857,0.055988
-4.6956e-23,0.048605,0.05596
-4.5174e-23,0.04864,0.055934
-4.3121e-23,0.048675,0.05591
-4.0793e-23,0.048709,0.055887
-3.8185e-23,0.048742,0.055866
-3.5294e-23,0.048775,0.055846
-3.2118e-23,0.048807,0.055828
-2.8656e-23,0.048838,0.055812
-2.4908e-23,0.048869,0.055798
-2.0874e-23,0.048898,0.055785
-1.6558e-23,0.048926,0.055773
-1.1962e-23,0.048954,0.055763
-7.0907e-24,0.04898,0.055755
-1.9513e-24,0.049005,0.055749
3.4491e-24,0.049028,0.055743
9.1014e-24,0.04905,0.05574
1.4995e-23,0.049071,0.055737
2.1119e-23,0.04909,0.055736
2.7458e-23,0.049108,0.055736
3.3999e-23,0.049124,0.055738
4.0724e-23,0.049138,0.05574
4.7616e-23,0.049151,0.055743
5.4655e-23,0.049162,0.055747
6.1819e-23,0.049171,0.055752
6.9086e-23,0.049178,0.055758
7.6431e-23,0.049184,0.055765
8.3829e-23,0.049187,0.055771
9.1252e-23,0.049189,0.055779
9.8672e-23,0.049188,0.055786
1.0606e-22,0.049186,0.055794
1.1338e-22,0.049181,0.055802
1.206e-22,0.049175,0.05581
1.2769e-22,0.049166,0.055818
1.3462e-22,0.049155,0.055826
1.4134e-22,0.049142,0.055833
1.4782e-22,0.049128,0.05584
1.5402e-22,0.049111,0.055847
1.599e-22,0.049092,0.055853
1.6543e-22,0.049071,0.055859
1.7056e-22,0.049047,0.055864
1.7525e-22,0.049022,0.055868
1.7947e-22,0.048995,0.055871
1.8317e-22,0.048965,0.055873
1.863e-22,0.048934,0.055874
1.8884e-22,0.048901,0.055874
1.9075e-22,0.048865,0.055874
1.9197e-22,0.048828,0.055872
1.9248e-22,0.048788,0.055868
1.9223e-22,0.048747,0.055864
1.912e-22,0.048703,0.055858
1.8934e-22,0.048658,0.055851
1.8662e-22,0.048611,0.055843
1.8301e-22,0.048562,0.055834
1.7849e-22,0.048511,0.055823
1.7303e-22,0.048458,0.055811
1.6659e-22,0.048404,0.055797
1.5916e-22,0.048348,0.055782
1.5073e-22,0.04829,0.055766
1.4127e-22,0.048231,0.055749
1.3077e-22,0.04817,0.05573
1.1923e-22,0.048108,0.055711
1.0663e-22,0.048044,0.05569
9.2988e-23,0.047979,0.055668
7.8295e-23,0.047912,0.055645
6.2562e-23,0.047845,0.05562
4.5801e-23,0.047776,0.055595
2.8029e-23,0.047707,0.055569
9.2696e-24,0.047636,0.055542
-1.0451e-23,0.047565,0.055515
-3.1101e-23,0.047493,0.055486
-5.2642e-23,0.047421,0.055457
-7.5031e-23,0.047348,0.055428
-9.8219e-23,0.047274,0.055397
-1.2215e-22,0.047201,0.055367
-1.4677e-22,0.047128,0.055336
-1.72e-22,0.047054,0.055304
-1.9779e-22,0.046981,0.055272
-2.2404e-22,0.046908,0.055241
-2.5068e-22,0.046836,0.055209
-2.7761e-22,0.046764,0.055177
-3.0476e-22,0.046693,0.055145
-3.32e-22,0.046623,0.055113
-3.5925e-22,0.046555,0.055082
-3.8638e-22,0.046487,0.05505
-4.1328e-22,0.046421,0.055019
-4.3985e-22,0.046356,0.054989
-4.6594e-22,0.046292,0.054959
-4.9143e-22,0.046231,0.054929
-5.1618e-22,0.046171,0.0549
-5.4007e-22,0.046114,0.054872
-5.6296e-22,0.046058,0.054844
-5.8469e-22,0.046005,0.054817
-6.0513e-22,0.045954,0.054791
-6.2413e-22,0.045906,0.054766
-6.4154e-22,0.04586,0.054742
-6.5721e-22,0.045817,0.054719
-6.71e-22,0.045776,0.054696
-6.8275e-22,0.045739,0.054675
-6.9232e-22,0.045704,0.054655
-6.9956e-22,0.045672,0.054636
-7.0433e-22,0.045643,0.054618
-7.0649e-22,0.045617,0.054601
-7.059e-22,0.045594,0.054585
-7.0242e-22,0.045574,0.05457
-6.9593e-22,0.045557,0.054557
-6.8631e-22,0.045543,0.054544
-6.7343e-22,0.045532,0.054533
-6.5721e-22,0.045524,0.054523
-6.3752e-22,0.045519,0.054514
-6.1429e-22,0.045518,0.054506
-5.8743e-22,0.045519,0.0545
-5.5687e-22,0.045523,0.054494
-5.2255e-22,0.045529,0.054489
-4.8444e-22,0.045539,0.054486
-4.4248e-22,0.045551,0.054483
-3.9667e-22,0.045566,0.054482
-3.47e-22,0.045584,0.054481
-2.9349e-22,0.045604,0.054481
-2.3615e-22,0.045626,0.054483
-1.7503e-22,0.045651,0.054484
-1.1019e-22,0.045677,0.054487
-4.172e-23,0.045706,0.054491
3.0293e-23,0.045737,0.054495
1.0573e-22,0.045769,0.054499
1.8446e-22,0.045803,0.054505
2.6631e-22,0.045839,0.05451
3.5112e-22,0.045876,0.054516
4.3868e-22,0.045915,0.054523
5.2879e-22,0.045955,0.05453
6.2119e-22,0.045996,0.054537
7.1563e-22,0.046037,0.054544
8.1182e-22,0.04608,0.054552
9.0947e-22,0.046123,0.05456
1.0083e-21,0.046167,0.054567
1.1078e-21,0.046211,0.054575
1.2078e-21,0.046256,0.054583
1.3078e-21,0.0463,0.05459
1.4075e-21,0.046345,0.054597
1.5064e-21,0.04639,0.054605
1.6041e-21,0.046434,0.054611
1.7e-21,0.046478,0.054618
1.7939e-21,0.046522,0.054624
1.8851e-21,0.046565,0.05463
1.9731e-21,0.046608,0.054636
2.0576e-21,0.046649,0.054641
2.1378e-21,0.04669,0.054646
2.2134e-21,0.04673,0.05465
2.2838e-21,0.046769,0.054653
2.3483e-21,0.046807,0.054657
2.4066e-21,0.046844,0.054659
2.458e-21,0.046879,0.054661
2.502e-21,0.046913,0.054663
2.538e-21,0.046946,0.054664
2.5655e-21,0.046978,0.054665
2.5841e-21,0.047008,0.054665
2.5931e-21,0.047037,0.054664
2.592e-21,0.047064,0.054663
2.5804e-21,0.047089,0.054662
2.5578e-21,0.047113,0.05466
2.5238e-21,0.047136,0.054657
2.4779e-21,0.047157,0.054655
2.4196e-21,0.047176,0.054652
2.3488e-21,0.047194,0.054648
2.2649e-21,0.047211,0.054644
2.1678e-21,0.047226,0.05464
2.0571e-21,0.04724,0.054636
1.9327e-21,0.047252,0.054631
1.7943e-21,0.047263,0.054627
1.6418e-21,0.047272,0.054622
1.4752e-21,0.04728,0.054616
1.2944e-21,0.047287,0.054611
1.0995e-21,0.047293,0.054606
8.9053e-22,0.047298,0.054601
6.6768e-22,0.047302,0.054595
4.3115e-22,0.047305,0.05459
1.8124e-22,0.047307,0.054585
-8.172e-23,0.047308,0.05458
-3.5729e-22,0.047309,0.054575
-6.4499e-22,0.047309,0.05457
-9.4425e-22,0.047308,0.054565
-1.2544e-21,0.047307,0.05456
-1.5748e-21,0.047306,0.054555
-1.9046e-21,0.047304,0.054551
-2.2429e-21,0.047302,0.054547
-2.5888e-21,0.047301,0.054542
-2.9413e-21,0.047299,0.054538
-3.2992e-21,0.047297,0.054535
-3.6614e-21,0.047295,0.054531
-4.0267e-21,0.047293,0.054527
-4.3936e-21,0.047292,0.054524
-4.7609e-21,0.047291,0.05452
-5.127e-21,0.047291,0.054517
-5.4904e-21,0.047291,0.054513
-5.8494e-21,0.047292,0.05451
-6.2025e-21,0.047293,0.054506
-6.5479e-21,0.047295,0.054502
-6.8839e-21,0.047297,0.054498
-7.2085e-21,0.047301,0.054494
-7.52e-21,0.047305,0.05449
-7.8164e-21,0.047311,0.054485
-8.0958e-21,0.047317,0.05448
-8.3562e-21,0.047324,0.054475
-8.5957e-21,0.047332,0.054469
-8.8122e-21,0.047341,0.054463
-9.0037e-21,0.047351,0.054456
-9.1682e-21,0.047362,0.054448
-9.3038e-21,0.047374,0.05444
-9.4084e-21,0.047387,0.054431
-9.4801e-21,0.047401,0.054422
-9.517e-21,0.047416,0.054411
-9.5172e-21,0.047432,0.0544
-9.479e-21,0.047449,0.054388
-9.4006e-21,0.047467,0.054375
-9.2803e-21,0.047486,0.054361
-9.1165e-21,0.047506,0.054347
-8.9078e-21,0.047526,0.054331
-8.6528e-21,0.047548,0.054314
-8.3503e-21,0.04757,0.054297
-7.9991e-21,0.047593,0.054279
-7.5983e-21,0.047616,0.054259
-7.147e-21,0.04764,0.054239
-6.6445e-21,0.047665,0.054218
-6.0905e-21,0.047689,0.054196
-5.4846e-21,0.047715,0.054174
-4.8266e-21,0.04774,0.054151
-4.1168e-21,0.047766,0.054127
-3.3553e-21,0.047792,0.054102
-2.5428e-21,0.047818,0.054077
-1.6799e-21,0.047845,0.054052
-7.6782e-22,0.04787,0.054026
1.9231e-22,0.047896,0.053999
1.1989e-21,0.047922,0.053973
2.2503e-21,0.047947,0.053946
3.3443e-21,0.047972,0.05392
4.4786e-21,0.047996,0.053893
5.6508e-21,0.04802,0.053867
6.8577e-21,0.048043,0.05384
8.0964e-21,0.048065,0.053814
9.3633e-21,0.048087,0.053789
1.0655e-20,0.048107,0.053764
1.1967e-20,0.048127,0.053739
1.3295e-20,0.048146,0.053715
1.4635e-20,0.048163,0.053692
1.5981e-20,0.04818,0.05367
1.733e-20,0.048195,0.053649
1.8674e-20,0.048209,0.053629
2.001e-20,0.048222,0.05361
2.133e-20,0.048233,0.053592
2.2629e-20,0.048243,0.053575
2.39e-20,0.048251,0.053559
2.5137e-20,0.048258,0.053545
2.6334e-20,0.048264,0.053532
2.7483e-20,0.048268,0.053521
2.8577e-20,0.048271,0.05351
2.961e-20,0.048272,0.053502
3.0574e-20,0.048271,0.053494
3.1462e-20,0.048269,0.053488
3.2266e-20,0.048266,0.053483
3.2979e-20,0.04826,0.05348
3.3595e-20,0.048254,0.053478
3.4104e-20,0.048245,0.053477
3.4501e-20,0.048235,0.053477
3.4778e-20,0.048224,0.053479
3.4927e-20,0.048211,0.053481
3.4943e-20,0.048197,0.053485
3.4819e-20,0.048181,0.05349
3.4547e-20,0.048163,0.053495
3.4123e-20,0.048144,0.053501
3.3539e-20,0.048124,0.053508
3.2791e-20,0.048102,0.053516
3.1874e-20,0.048079,0.053524
3.0783e-20,0.048055,0.053532
2.9513e-20,0.048029,0.053541
2.8062e-20,0.048003,0.05355
2.6426e-20,0.047974,0.053559
2.4602e-20,0.047945,0.053568
2.2589e-20,0.047915,0.053577
2.0385e-20,0.047883,0.053585
1.7991e-20,0.047851,0.053594
1.5406e-20,0.047817,0.053602
1.2631e-20,0.047783,0.05361
9.6689e-21,0.047748,0.053617
6.5215e-21,0.047712,0.053623
3.1928e-21,0.047675,0.053629
-3.127e-22,0.047638,0.053634
-3.9896e-21,0.0476,0.053638
-7.8314e-21,0.047561,0.053641
-1.1831e-20,0.047522,0.053644
-1.5979e-20,0.047483,0.053645
-2.0267e-20,0.047443,0.053646
-2.4684e-20,0.047403,0.053645
-2.9219e-20,0.047363,0.053644
-3.3859e-20,0.047323,0.053641
-3.8591e-20,0.047282,0.053637
-4.34e-20,0.047242,0.053633
-4.8269e-20,0.047202,0.053627
-5.3184e-20,0.047162,0.05362
-5.8125e-20,0.047122,0.053613
-6.3075e-20,0.047083,0.053604
-6.8013e-20,0.047044,0.053594
-7.292e-20,0.047006,0.053583
-7.7773e-20,0.046969,0.053572
-8.2551e-20,0.046932,0.053559
-8.723e-20,0.046896,0.053546
-9.1787e-20,0.04686,0.053532
-9.6197e-20,0.046826,0.053518
-1.0044e-19,0.046793,0.053502
-1.0448e-19,0.046761,0.053486
-1.0829e-19,0.046729,0.05347
-1.1186e-19,0.0467,0.053453
-1.1515e-19,0.046671,0.053436
-1.1814e-19,0.046644,0.053418
-1.2079e-19,0.046618,0.0534
-1.2309e-19,0.046594,0.053382
-1.2501e-19,0.046572,0.053364
-1.2651e-19,0.046551,0.053346
-1.2758e-19,0.046531,0.053328
-1.2818e-19,0.046514,0.05331
-1.2829e-19,0.046498,0.053292
-1.2789e-19,0.046484,0.053275
-1.2696e-19,0.046471,0.053258
-1.2546e-19,0.046461,0.053241
-1.2338e-19,0.046452,0.053225
-1.207e-19,0.046446,0.053209
-1.1741e-19,0.046441,0.053194
-1.1347e-19,0.046438,0.053179
-1.0888e-19,0.046438,0.053166
-1.0363e-19,0.046439,0.053153
-9.7695e-20,0.046442,0.053141
-9.1076e-20,0.046447,0.05313
-8.3762e-20,0.046454,0.053119
-7.575e-20,0.046463,0.05311
-6.7037e-20,0.046473,0.053102
-5.7624e-20,0.046486,0.053095
-4.7514e-20,0.0465,0.053089
-3.6714e-20,0.046517,0.053084
-2.5234e-20,0.046534,0.05308
-1.3087e-20,0.046554,0.053078
-2.8816e-22,0.046575,0.053077
1.3142e-20,0.046598,0.053076
2.718e-20,0.046622,0.053077
4.1799e-20,0.046647,0.05308
5.6969e-20,0.046674,0.053083
7.2656e-20,0.046702,0.053087
8.8821e-20,0.046732,0.053093
1.0542e-19,0.046762,0.0531
1.2242e-19,0.046793,0.053108
1.3975e-19,0.046825,0.053118
1.5738e-19,0.046858,0.053128
1.7523e-19,0.046892,0.053139
1.9326e-19,0.046926,0.053152
2.1139e-19,0.046961,0.053166
2.2956e-19,0.046996,0.05318
2.4769e-19,0.047032,0.053196
2.6572e-19,0.047067,0.053213
2.8356e-19,0.047103,0.053231
3.0114e-19,0.047139,0.05325
3.1836e-19,0.047175,0.05327
3.3514e-19,0.04721,0.053291
3.5139e-19,0.047245,0.053313
3.6702e-19,0.04728,0.053336
3.8194e-19,0.047314,0.05336
3.9605e-19,0.047348,0.053385
4.0925e-19,0.04738,0.05341
4.2144e-19,0.047413,0.053437
4.3253e-19,0.047444,0.053465
4.4242e-19,0.047474,0.053493
4.5101e-19,0.047504,0.053523
4.5819e-19,0.047532,0.053554
4.6388e-19,0.047559,0.053585
4.6797e-19,0.047585,0.053617
4.7037e-19,0.047609,0.053651
4.7099e-19,0.047633,0.053685
4.6973e-19,0.047654,0.05372
4.6651e-19,0.047675,0.053756
4.6125e-19,0.047694,0.053792
4.5386e-19,0.047712,0.05383
4.4427e-19,0.047728,0.053868
4.3242e-19,0.047743,0.053907
4.1823e-19,0.047756,0.053947
4.0165e-19,0.047767,0.053987
3.8263e-19,0.047777,0.054029
3.6113e-19,0.047786,0.05407
3.3711e-19,0.047793,0.054112
3.1054e-19,0.047799,0.054155
2.8141e-19,0.047804,0.054198
2.497e-19,0.047806,0.054242
2.1543e-19,0.047808,0.054286
1.7859e-19,0.047809,0.05433
1.3922e-19,0.047808,0.054374
9.7352e-20,0.047806,0.054418
5.3026e-20,0.047802,0.054462
6.3017e-21,0.047798,0.054507
-4.2748e-20,0.047793,0.054551
-9.4041e-20,0.047787,0.054594
-1.4748e-19,0.04778,0.054638
-2.0295e-19,0.047772,0.054681
-2.6034e-19,0.047764,0.054723
-3.1949e-19,0.047755,0.054765
-3.8027e-19,0.047746,0.054807
-4.425e-19,0.047736,0.054847
-5.0601e-19,0.047726,0.054886
-5.706e-19,0.047715,0.054925
-6.3606e-19,0.047705,0.054962
-7.0217e-19,0.047694,0.054998
-7.687e-19,0.047684,0.055033
-8.354e-19,0.047673,0.055066
-9.02e-19,0.047663,0.055098
-9.6824e-19,0.047653,0.055129
-1.0338e-18,0.047643,0.055157
-1.0985e-18,0.047634,0.055184
-1.1618e-18,0.047625,0.055209
-1.2236e-18,0.047617,0.055233
-1.2835e-18,0.047609,0.055254
-1.3411e-18,0.047603,0.055273
-1.3962e-18,0.047597,0.05529
-1.4483e-18,0.047591,0.055306
-1.4972e-18,0.047587,0.055318
-1.5424e-18,0.047584,0.055329
-1.5835e-18,0.047582,0.055338
-1.6203e-18,0.047581,0.055344
-1.6524e-18,0.047581,0.055348
-1.6794e-18,0.047582,0.055349
-1.7009e-18,0.047585,0.055349
-1.7165e-18,0.047589,0.055346
-1.726e-18,0.047594,0.05534
-1.729e-18,0.0476,0.055333
-1.7252e-18,0.047608,0.055323
-1.7142e-18,0.047617,0.055311
-1.6957e-18,0.047628,0.055297
-1.6694e-18,0.047639,0.055281
-1.6351e-18,0.047653,0.055262
-1.5925e-18,0.047667,0.055242
-1.5414e-18,0.047684,0.05522
-1.4815e-18,0.047701,0.055196
-1.4127e-18,0.04772,0.05517
-1.3347e-18,0.04774,0.055142
-1.2476e-18,0.047762,0.055113
-1.1511e-18,0.047784,0.055082
-1.0451e-18,0.047809,0.055049
-9.298e-19,0.047834,0.055016
-8.0501e-19,0.04786,0.054981
-6.7081e-19,0.047888,0.054945
-5.273e-19,0.047917,0.054908
-3.7459e-19,0.047946,0.05487
-2.1285e-19,0.047977,0.054831
-4.2281e-20,0.048008,0.054791
1.3686e-19,0.04804,0.054751
3.2427e-19,0.048073,0.05471
5.1959e-19,0.048106,0.054669
7.2243e-19,0.04814,0.054628
9.3234e-19,0.048173,0.054586
1.1488e-18,0.048208,0.054545
1.3713e-18,0.048242,0.054503
1.5992e-18,0.048276,0.054462
1.8318e-18,0.04831,0.054421
2.0685e-18,0.048344,0.05438
2.3085e-18,0.048377,0.05434
2.551e-18,0.048409,0.0543
2.7951e-18,0.048441,0.054261
3.0399e-18,0.048472,0.054223
3.2845e-18,0.048502,0.054185
3.5278e-18,0.04853,0.054149
3.7689e-18,0.048557,0.054114
4.0066e-18,0.048583,0.054079
4.2398e-18,0.048606,0.054046
4.4673e-18,0.048628,0.054014
4.688e-18,0.048648,0.053984
4.9005e-18,0.048666,0.053955
5.1038e-18,0.048681,0.053927
5.2964e-18,0.048694,0.053901
5.477e-18,0.048705,0.053876
5.6444e-18,0.048713,0.053854
5.7973e-18,0.048718,0.053833
5.9342e-18,0.04872,0.053813
6.0538e-18,0.048718,0.053796
6.1549e-18,0.048714,0.05378
6.2361e-18,0.048707,0.053766
6.296e-18,0.048696,0.053755
6.3334e-18,0.048682,0.053745
6.3471e-18,0.048665,0.053737
6.3358e-18,0.048645,0.053731
6.2982e-18,0.048621,0.053727
6.2334e-18,0.048593,0.053725
6.1402e-18,0.048562,0.053726
6.0176e-18,0.048528,0.053728
5.8645e-18,0.048491,0.053733
5.6803e-18,0.04845,0.053739
5.464e-18,0.048406,0.053748
5.2149e-18,0.048359,0.053759
4.9325e-18,0.048308,0.053772
4.6163e-18,0.048255,0.053787
4.2658e-18,0.0482,0.053804
3.8808e-18,0.048141,0.053823
3.4611e-18,0.04808,0.053844
3.0068e-18,0.048017,0.053867
2.5179e-18,0.047952,0.053892
1.9948e-18,0.047885,0.053919
1.4379e-18,0.047816,0.053948
8.4777e-19,0.047746,0.053978
2.2512e-19,0.047674,0.054011
-4.2909e-19,0.047601,0.054045
-1.1138e-18,0.047528,0.054081
-1.8277e-18,0.047454,0.054119
-2.5694e-18,0.047379,0.054158
-3.3372e-18,0.047305,0.054199
-4.1293e-18,0.047231,0.054241
-4.9437e-18,0.047157,0.054285
-5.7782e-18,0.047084,0.05433
-6.6305e-18,0.047012,0.054377
-7.4979e-18,0.046942,0.054425
-8.3777e-18,0.046872,0.054473
-9.267e-18,0.046805,0.054523
-1.0163e-17,0.046739,0.054574
-1.1061e-17,0.046676,0.054626
-1.1959e-17,0.046614,0.054679
-1.2853e-17,0.046556,0.054732
-1.3739e-17,0.0465,0.054786
-1.4613e-17,0.046447,0.054841
-1.5471e-17,0.046397,0.054896
-1.6309e-17,0.046351,0.054952
-1.7122e-17,0.046307,0.055007
-1.7906e-17,0.046268,0.055063
-1.8656e-17,0.046231,0.055119
-1.9367e-17,0.046199,0.055175
-2.0035e-17,0.04617,0.055231
-2.0656e-17,0.046145,0.055287
-2.1223e-17,0.046123,0.055342
-2.1732e-17,0.046106,0.055397
-2.2178e-17,0.046092,0.055451
-2.2557e-17,0.046082,0.055505
-2.2863e-17,0.046075,0.055558
-2.3092e-17,0.046072,0.05561
-2.3238e-17,0.046073,0.055661
-2.3298e-17,0.046077,0.055711
-2.3267e-17,0.046085,0.05576
-2.314e-17,0.046096,0.055808
-2.2913e-17,0.04611,0.055854
-2.2583e-17,0.046127,0.055899
-2.2144e-17,0.046146,0.055942
-2.1595e-17,0.046169,0.055984
-2.0931e-17,0.046194,0.056024
-2.015e-17,0.046221,0.056062
-1.9249e-17,0.04625,0.056098
-1.8226e-17,0.046281,0.056133
-1.7079e-17,0.046314,0.056165
-1.5806e-17,0.046349,0.056195
-1.4406e-17,0.046385,0.056224
-1.288e-17,0.046422,0.056249
-1.1226e-17,0.04646,0.056273
-9.4452e-18,0.046498,0.056294
-7.5386e-18,0.046537,0.056313
-5.5077e-18,0.046577,0.05633
-3.3545e-18,0.046617,0.056344
-1.0817e-18,0.046656,0.056355
1.3074e-18,0.046696,0.056364
3.8089e-18,0.046735,0.05637
6.4181e-18,0.046773,0.056374
9.1298e-18,0.046811,0.056375
1.1938e-17,0.046848,0.056373
1.4837e-17,0.046883,0.056369
1.7818e-17,0.046918,0.056362
2.0873e-17,0.046951,0.056352
2.3995e-17,0.046983,0.05634
2.7174e-17,0.047013,0.056325
3.0399e-17,0.047042,0.056307
3.366e-17,0.047069,0.056286
3.6946e-17,0.047094,0.056263
4.0244e-17,0.047117,0.056237
4.3541e-17,0.047138,0.056209
4.6825e-17,0.047158,0.056178
5.0082e-17,0.047175,0.056144
5.3296e-17,0.04719,0.056108
5.6453e-17,0.047202,0.05607
5.9537e-17,0.047213,0.056028
6.2532e-17,0.047222,0.055985
6.5422e-17,0.047228,0.055939
6.8189e-17,0.047232,0.055891
7.0817e-17,0.047234,0.05584
7.3288e-17,0.047234,0.055788
7.5585e-17,0.047232,0.055733
7.7689e-17,0.047228,0.055676
7.9582e-17,0.047221,0.055617
8.1247e-17,0.047213,0.055557
8.2665e-17,0.047203,0.055494
8.3819e-17,0.047192,0.05543
8.469e-17,0.047178,0.055364
8.5262e-17,0.047163,0.055297
8.5518e-17,0.047147,0.055228
8.544e-17,0.047129,0.055158
8.5013e-17,0.047109,0.055087
8.4221e-17,0.047089,0.055015
8.3049e-17,0.047067,0.054942
8.1484e-17,0.047045,0.054867
7.9513e-17,0.047021,0.054792
7.7123e-17,0.046997,0.054717
7.4303e-17,0.046972,0.054641
7.1044e-17,0.046946,0.054564
6.7337e-17,0.04692,0.054488
6.3176e-17,0.046894,0.054411
5.8554e-17,0.046868,0.054334
5.3468e-17,0.046841,0.054257
4.7915e-17,0.046815,0.054181
4.1894e-17,0.046788,0.054105
3.5408e-17,0.046762,0.054029
2.846e-17,0.046736,0.053955
2.1054e-17,0.04671,0.053881
1.3198e-17,0.046685,0.053808
4.9026e-18,0.046661,0.053736
-3.8215e-18,0.046637,0.053665
-1.296e-17,0.046614,0.053595
-2.2496e-17,0.046592,0.053528
-3.241e-17,0.04657,0.053461
-4.2682e-17,0.046549,0.053397
-5.3286e-17,0.04653,0.053334
-6.4198e-17,0.046511,0.053273
-7.5387e-17,0.046493,0.053214
-8.6822e-17,0.046477,0.053158
-9.8469e-17,0.046461,0.053103
-1.1029e-16,0.046447,0.053051
-1.2225e-16,0.046434,0.053002
-1.343e-16,0.046422,0.052955
-1.4641e-16,0.046411,0.05291
-1.5852e-16,0.046402,0.052869
-1.7058e-16,0.046393,0.05283
-1.8255e-16,0.046386,0.052793
-1.9436e-16,0.04638,0.05276
-2.0598e-16,0.046375,0.052729
-2.1733e-16,0.046372,0.052702
-2.2836e-16,0.04637,0.052677
-2.3902e-16,0.046369,0.052655
-2.4923e-16,0.046369,0.052636
-2.5894e-16,0.04637,0.05262
-2.6807e-16,0.046372,0.052607
-2.7658e-16,0.046376,0.052596
-2.8438e-16,0.04638,0.052589
-2.9142e-16,0.046386,0.052584
-2.9762e-16,0.046392,0.052582
-3.0293e-16,0.0464,0.052582
-3.0728e-16,0.046408,0.052585
-3.1059e-16,0.046418,0.052591
-3.1281e-16,0.046428,0.052599
-3.1388e-16,0.046439,0.052609
-3.1373e-16,0.046451,0.052622
-3.1231e-16,0.046464,0.052637
-3.0955e-16,0.046478,0.052653
-3.054e-16,0.046492,0.052672
-2.9982e-16,0.046507,0.052693
-2.9275e-16,0.046523,0.052715
-2.8414e-16,0.046539,0.052739
-2.7397e-16,0.046556,0.052765
-2.6218e-16,0.046573,0.052792
-2.4875e-16,0.046591,0.05282
-2.3366e-16,0.046609,0.05285
-2.1688e-16,0.046628,0.05288
-1.984e-16,0.046647,0.052911
-1.782e-16,0.046667,0.052943
-1.5629e-16,0.046687,0.052976
-1.3266e-16,0.046708,0.053009
-1.0734e-16,0.046729,0.053043
-8.0336e-17,0.04675,0.053077
-5.1678e-17,0.046772,0.053111
-2.1399e-17,0.046794,0.053145
1.0457e-17,0.046817,0.053179
4.3839e-17,0.046839,0.053213
7.8688e-17,0.046863,0.053247
1.1493e-16,0.046887,0.05328
1.525e-16,0.046911,0.053312
1.913e-16,0.046935,0.053344
2.3124e-16,0.04696,0.053375
2.7221e-16,0.046986,0.053405
3.1409e-16,0.047012,0.053434
3.5677e-16,0.047039,0.053462
4.001e-16,0.047066,0.053489
4.4396e-16,0.047094,0.053515
4.8817e-16,0.047122,0.053539
5.3259e-16,0.047152,0.053561
5.7704e-16,0.047181,0.053583
6.2135e-16,0.047212,0.053602
6.6533e-16,0.047243,0.05362
7.0878e-16,0.047275,0.053636
7.5151e-16,0.047308,0.05365
7.933e-16,0.047342,0.053662
8.3394e-16,0.047376,0.053673
8.7321e-16,0.047411,0.053681
9.1089e-16,0.047447,0.053687
9.4673e-16,0.047484,0.053691
9.8051e-16,0.047522,0.053694
1.012e-15,0.04756,0.053694
1.0409e-15,0.0476,0.053692
1.0671e-15,0.04764,0.053688
1.0902e-15,0.047681,0.053682
1.1101e-15,0.047723,0.053673
1.1264e-15,0.047765,0.053663
1.139e-15,0.047808,0.053651
1.1476e-15,0.047852,0.053637
1.152e-15,0.047896,0.053621
1.152e-15,0.047941,0.053603
1.1473e-15,0.047986,0.053583
1.1377e-15,0.048032,0.053562
1.123e-15,0.048078,0.053539
1.1031e-15,0.048125,0.053515
1.0777e-15,0.048171,0.053489
1.0468e-15,0.048218,0.053462
1.0101e-15,0.048265,0.053434
9.6745e-16,0.048312,0.053405
9.1883e-16,0.048359,0.053375
8.641e-16,0.048406,0.053344
8.0317e-16,0.048452,0.053313
7.36e-16,0.048498,0.053281
6.6255e-16,0.048544,0.053249
5.828e-16,0.048589,0.053216
4.9676e-16,0.048633,0.053184
4.0449e-16,0.048677,0.053152
3.0603e-16,0.04872,0.05312
2.0148e-16,0.048762,0.053089
9.0976e-17,0.048803,0.053058
-2.534e-17,0.048843,0.053029
-1.4728e-16,0.048881,0.053
-2.7463e-16,0.048918,0.052972
-4.0714e-16,0.048954,0.052946
-5.4453e-16,0.048988,0.052922
-6.8648e-16,0.049021,0.052898
-8.3265e-16,0.049051,0.052877
-9.8265e-16,0.04908,0.052858
-1.1361e-15,0.049107,0.05284
-1.2924e-15,0.049132,0.052825
-1.4513e-15,0.049155,0.052812
-1.6121e-15,0.049175,0.052802
-1.7743e-15,0.049193,0.052794
-1.9373e-15,0.049209,0.052789
-2.1005e-15,0.049222,0.052786
-2.2632e-15,0.049233,0.052786
-2.4248e-15,0.049241,0.052789
-2.5846e-15,0.049246,0.052794
-2.7417e-15,0.049249,0.052803
-2.8956e-15,0.049248,0.052814
-3.0453e-15,0.049245,0.052828
-3.19e-15,0.049239,0.052845
-3.329e-15,0.04923,0.052865
-3.4613e-15,0.049218,0.052888
-3.5862e-15,0.049203,0.052913
-3.7027e-15,0.049186,0.052942
-3.81e-15,0.049165,0.052973
-3.9072e-15,0.049141,0.053006
-3.9933e-15,0.049114,0.053042
-4.0676e-15,0.049084,0.053081
-4.129e-15,0.049052,0.053122
-4.1768e-15,0.049016,0.053164
-4.2101e-15,0.048978,0.053209
-4.2279e-15,0.048937,0.053256
-4.2296e-15,0.048893,0.053305
-4.2142e-15,0.048847,0.053355
-4.181e-15,0.048798,0.053407
-4.1293e-15,0.048746,0.05346
-4.0583e-15,0.048692,0.053515
-3.9675e-15,0.048636,0.05357
-3.8561e-15,0.048578,0.053626
-3.7236e-15,0.048518,0.053683
-3.5696e-15,0.048455,0.05374
-3.3935e-15,0.048391,0.053797
-3.195e-15,0.048326,0.053855
-2.9739e-15,0.048258,0.053912
-2.7298e-15,0.04819,0.05397
-2.4627e-15,0.04812,0.054026
-2.1725e-15,0.048049,0.054083
-1.8592e-15,0.047977,0.054139
-1.5229e-15,0.047904,0.054193
-1.1639e-15,0.047831,0.054247
-7.826e-16,0.047757,0.0543
-3.793e-16,0.047683,0.054351
4.5383e-17,0.047608,0.054401
4.908e-16,0.047534,0.054449
9.5616e-16,0.04746,0.054496
1.4406e-15,0.047386,0.054541
1.943e-15,0.047313,0.054584
2.4623e-15,0.04724,0.054625
2.9973e-15,0.047169,0.054665
3.5464e-15,0.047098,0.054702
4.1083e-15,0.047028,0.054737
4.6812e-15,0.04696,0.05477
5.2634e-15,0.046893,0.054801
5.853e-15,0.046827,0.05483
6.4479e-15,0.046763,0.054857
7.0461e-15,0.046702,0.054881
7.6452e-15,0.046642,0.054904
8.2429e-15,0.046584,0.054924
8.8367e-15,0.046528,0.054942
9.424e-15,0.046475,0.054958
1.0002e-14,0.046424,0.054973
1.0568e-14,0.046375,0.054985
1.112e-14,0.046329,0.054996
1.1653e-14,0.046286,0.055005
1.2166e-14,0.046246,0.055012
1.2654e-14,0.046208,0.055018
1.3116e-14,0.046174,0.055023
1.3547e-14,0.046142,0.055026
1.3945e-14,0.046114,0.055028
1.4306e-14,0.046088,0.055029
1.4627e-14,0.046066,0.05503
1.4904e-14,0.046047,0.055029
1.5135e-14,0.046031,0.055028
1.5316e-14,0.046018,0.055026
1.5444e-14,0.046009,0.055024
1.5516e-14,0.046003,0.055021
1.5529e-14,0.046,0.055018
1.5479e-14,0.046001,0.055015
1.5365e-14,0.046005,0.055012
1.5182e-14,0.046012,0.055009
1.493e-14,0.046022,0.055007
1.4604e-14,0.046035,0.055004
1.4204e-14,0.046052,0.055002
1.3726e-14,0.046072,0.055001
1.3169e-14,0.046094,0.055
1.2532e-14,0.04612,0.054999
1.1812e-14,0.046149,0.055
1.101e-14,0.04618,0.055001
1.0123e-14,0.046214,0.055002
9.1515e-15,0.046251,0.055004
8.0954e-15,0.046291,0.055008
6.9545e-15,0.046332,0.055012
5.7293e-15,0.046377,0.055016
4.4206e-15,0.046423,0.055022
3.0296e-15,0.046471,0.055028
1.5579e-15,0.046522,0.055035
7.3712e-18,0.046574,0.055043
-1.6195e-15,0.046627,0.055052
-3.32e-15,0.046683,0.055061
-5.0907e-15,0.046739,0.055072
-6.9281e-15,0.046797,0.055082
-8.8279e-15,0.046856,0.055094
-1.0786e-14,0.046916,0.055106
-1.2796e-14,0.046976,0.055118
-1.4854e-14,0.047037,0.055131
-1.6953e-14,0.047098,0.055145
-1.9087e-14,0.047159,0.055158
-2.1248e-14,0.047221,0.055172
-2.343e-14,0.047282,0.055187
-2.5625e-14,0.047343,0.055201
-2.7825e-14,0.047404,0.055216
-3.002e-14,0.047463,0.055231
-3.2202e-14,0.047523,0.055246
-3.4361e-14,0.047581,0.055261
-3.6487e-14,0.047638,0.055276
-3.8571e-14,0.047694,0.055291
-4.0601e-14,0.047748,0.055305
-4.2567e-14,0.047801,0.05532
-4.4458e-14,0.047852,0.055334
-4.6262e-14,0.047902,0.055348
-4.7967e-14,0.04795,0.055362
-4.9563e-14,0.047996,0.055376
-5.1037e-14,0.048039,0.055389
-5.2377e-14,0.048081,0.055401
-5.3572e-14,0.048121,0.055414
-5.4608e-14,0.048158,0.055426
-5.5475e-14,0.048193,0.055437
-5.616e-14,0.048225,0.055448
-5.6652e-14,0.048256,0.055458
-5.6939e-14,0.048283,0.055468
-5.701e-14,0.048308,0.055478
-5.6853e-14,0.048331,0.055486
-5.6459e-14,0.048352,0.055494
-5.5818e-14,0.04837,0.055502
-5.4919e-14,0.048385,0.055509
-5.3754e-14,0.048398,0.055515
-5.2314e-14,0.048409,0.055521
-5.0592e-14,0.048417,0.055526
-4.858e-14,0.048423,0.05553
-4.6272e-14,0.048427,0.055534
-4.3664e-14,0.048428,0.055537
-4.0751e-14,0.048428,0.055539
-3.753e-14,0.048425,0.055541
-3.3999e-14,0.04842,0.055542
-3.0156e-14,0.048414,0.055542
-2.6002e-14,0.048405,0.055542
-2.1538e-14,0.048395,0.055541
-1.6767e-14,0.048384,0.055539
-1.1693e-14,0.04837,0.055537
-6.3229e-15,0.048355,0.055534
-6.6233e-16,0.048339,0.05553
5.2797e-15,0.048322,0.055526
1.1493e-14,0.048303,0.055521
1.7966e-14,0.048283,0.055516
2.4684e-14,0.048262,0.055509
3.1634e-14,0.04824,0.055503
3.8798e-14,0.048217,0.055495
4.6158e-14,0.048194,0.055487
5.3694e-14,0.048169,0.055479
6.1384e-14,0.048145,0.055469
6.9204e-14,0.048119,0.05546
7.7129e-14,0.048093,0.055449
8.5133e-14,0.048067,0.055439
9.3186e-14,0.04804,0.055427
1.0126e-13,0.048013,0.055415
1.0932e-13,0.047986,0.055403
1.1734e-13,0.047959,0.05539
1.2527e-13,0.047931,0.055376
1.3309e-13,0.047904,0.055362
1.4076e-13,0.047877,0.055348
1.4824e-13,0.047849,0.055333
1.5548e-13,0.047822,0.055317
1.6246e-13,0.047795,0.055301
1.6912e-13,0.047769,0.055284
1.7542e-13,0.047742,0.055267
1.8132e-13,0.047716,0.055249
1.8678e-13,0.047691,0.055231
1.9176e-13,0.047666,0.055212
1.962e-13,0.047641,0.055193
2.0008e-13,0.047617,0.055173
2.0333e-13,0.047593,0.055152
2.0592e-13,0.047571,0.055131
2.078e-13,0.047548,0.05511
2.0894e-13,0.047527,0.055087
2.0929e-13,0.047506,0.055065
2.0881e-13,0.047487,0.055041
2.0746e-13,0.047468,0.055017
2.052e-13,0.04745,0.054993
2.0201e-13,0.047433,0.054968
1.9784e-13,0.047417,0.054942
1.9267e-13,0.047402,0.054916
1.8646e-13,0.047388,0.054889
1.7919e-13,0.047376,0.054862
1.7084e-13,0.047364,0.054834
1.6139e-13,0.047354,0.054805
1.5082e-13,0.047345,0.054777
1.3912e-13,0.047338,0.054748
1.2628e-13,0.047332,0.054718
1.1229e-13,0.047327,0.054688
9.7169e-14,0.047323,0.054658
8.0907e-14,0.047322,0.054627
6.3516e-14,0.047321,0.054597
4.5012e-14,0.047322,0.054566
2.5416e-14,0.047325,0.054535
4.751e-15,0.047329,0.054504
-1.695e-14,0.047335,0.054473
-3.9652e-14,0.047342,0.054442
-6.3311e-14,0.047351,0.054411
-8.7878e-14,0.047362,0.05438
-1.133e-13,0.047373,0.05435
-1.3952e-13,0.047387,0.05432
-1.6646e-13,0.047402,0.054291
-1.9406e-13,0.047418,0.054262
-2.2223e-13,0.047436,0.054233
-2.5088e-13,0.047455,0.054206
-2.7994e-13,0.047476,0.054179
-3.0929e-13,0.047498,0.054153
-3.3884e-13,0.047521,0.054127
-3.6848e-13,0.047545,0.054103
-3.9808e-13,0.04757,0.05408
-4.2753e-13,0.047596,0.054057
-4.567e-13,0.047624,0.054036
-4.8547e-13,0.047652,0.054016
-5.1368e-13,0.047681,0.053997
-5.4121e-13,0.04771,0.05398
-5.679e-13,0.04774,0.053964
-5.9362e-13,0.047771,0.053949
-6.1819e-13,0.047802,0.053935
-6.4148e-13,0.047833,0.053923
-6.6332e-13,0.047865,0.053913
-6.8356e-13,0.047896,0.053904
-7.0203e-13,0.047927,0.053896
-7.1856e-13,0.047959,0.05389
-7.3301e-13,0.04799,0.053885
-7.452e-13,0.04802,0.053882
-7.5498e-13,0.04805,0.05388
-7.6219e-13,0.04808,0.053879
-7.6667e-13,0.048109,0.05388
-7.6828e-13,0.048136,0.053883
-7.6685e-13,0.048164,0.053886
-7.6226e-13,0.04819,0.053892
-7.5435e-13,0.048215,0.053898
-7.4301e-13,0.048238,0.053906
-7.281e-13,0.048261,0.053914
-7.0951e-13,0.048282,0.053924
-6.8714e-13,0.048302,0.053935
-6.6089e-13,0.04832,0.053948
-6.3067e-13,0.048336,0.053961
-5.9642e-13,0.048351,0.053975
-5.5807e-13,0.048365,0.05399
-5.1557e-13,0.048376,0.054006
-4.689e-13,0.048386,0.054022
-4.1803e-13,0.048394,0.05404
-3.6296e-13,0.0484,0.054058
-3.0372e-13,0.048405,0.054076
-2.4033e-13,0.048407,0.054095
-1.7285e-13,0.048408,0.054114
-1.0135e-13,0.048406,0.054134
-2.591e-14,0.048403,0.054154
5.3343e-14,0.048398,0.054174
1.3628e-13,0.048391,0.054195
2.2276e-13,0.048382,0.054215
3.1259e-13,0.048371,0.054235
4.0558e-13,0.048358,0.054255
5.0151e-13,0.048344,0.054275
6.0013e-13,0.048327,0.054295
7.0119e-13,0.048309,0.054315
8.0438e-13,0.048289,0.054334
9.0941e-13,0.048268,0.054352
1.0159e-12,0.048244,0.05437
1.1236e-12,0.048219,0.054388
1.232e-12,0.048193,0.054405
1.3408e-12,0.048165,0.054421
1.4495e-12,0.048135,0.054437
1.5577e-12,0.048104,0.054452
1.6649e-12,0.048071,0.054466
1.7707e-12,0.048037,0.054479
1.8745e-12,0.048002,0.054491
1.9758e-12,0.047966,0.054502
2.0742e-12,0.047928,0.054513
2.169e-12,0.047889,0.054522
2.2597e-12,0.047849,0.05453
2.3457e-12,0.047808,0.054537
2.4265e-12,0.047766,0.054543
2.5015e-12,0.047723,0.054549
2.57e-12,0.04768,0.054552
2.6315e-12,0.047635,0.054555
2.6854e-12,0.04759,0.054557
2.7311e-12,0.047544,0.054558
2.768e-12,0.047498,0.054557
2.7955e-12,0.047451,0.054556
2.8131e-12,0.047403,0.054553
2.8201e-12,0.047355,0.05455
2.8162e-12,0.047307,0.054545
2.8006e-12,0.047258,0.054539
2.7729e-12,0.04721,0.054532
2.7327e-12,0.047161,0.054525
2.6794e-12,0.047112,0.054516
2.6127e-12,0.047063,0.054507
2.5321e-12,0.047014,0.054496
2.4373e-12,0.046965,0.054485
2.328e-12,0.046916,0.054473
2.2039e-12,0.046868,0.054461
2.0647e-12,0.04682,0.054447
1.9104e-12,0.046772,0.054433
1.7407e-12,0.046725,0.054419
1.5557e-12,0.046678,0.054403
1.3552e-12,0.046632,0.054388
1.1394e-12,0.046587,0.054372
9.0837e-13,0.046542,0.054355
6.6228e-13,0.046499,0.054338
4.0139e-13,0.046456,0.054321
1.2604e-13,0.046414,0.054303
-1.6338e-13,0.046374,0.054286
-4.664e-13,0.046334,0.054268
-7.8245e-13,0.046296,0.05425
-1.1109e-12,0.046258,0.054231
-1.451e-12,0.046222,0.054213
-1.802e-12,0.046188,0.054195
-2.163e-12,0.046155,0.054177
-2.5331e-12,0.046123,0.054159
-2.9111e-12,0.046093,0.054141
-3.2959e-12,0.046064,0.054123
-3.6864e-12,0.046037,0.054105
-4.0812e-12,0.046012,0.054088
-4.479e-12,0.045988,0.05407
-4.8782e-12,0.045966,0.054053
-5.2773e-12,0.045946,0.054037
-5.6748e-12,0.045927,0.05402
-6.0689e-12,0.045911,0.054004
-6.4578e-12,0.045896,0.053989
-6.8398e-12,0.045883,0.053973
-7.2129e-12,0.045872,0.053958
-7.5753e-12,0.045863,0.053944
-7.9248e-12,0.045856,0.05393
-8.2595e-12,0.045851,0.053916
-8.5773e-12,0.045848,0.053903
-8.8761e-12,0.045847,0.05389
-9.1537e-12,0.045847,0.053878
-9.4079e-12,0.04585,0.053866
-9.6366e-12,0.045855,0.053855
-9.8376e-12,0.045862,0.053844
-1.0009e-11,0.04587,0.053834
-1.0148e-11,0.045881,0.053824
-1.0253e-11,0.045893,0.053815
-1.0321e-11,0.045907,0.053806
-1.0352e-11,0.045923,0.053798
-1.0341e-11,0.045941,0.05379
-1.0289e-11,0.04596,0.053783
-1.0192e-11,0.045982,0.053777
-1.005e-11,0.046004,0.053771
-9.8595e-12,0.046029,0.053765
-9.62e-12,0.046055,0.05376
-9.3298e-12,0.046082,0.053756
-8.9876e-12,0.046111,0.053751
-8.5921e-12,0.046141,0.053748
-8.1425e-12,0.046172,0.053745
-7.6378e-12,0.046205,0.053742
-7.0774e-12,0.046238,0.05374
-6.4608e-12,0.046273,0.053738
-5.7876e-12,0.046308,0.053737
-5.0579e-12,0.046344,0.053736
-4.2719e-12,0.046382,0.053735
-3.4298e-12,0.046419,0.053735
-2.5325e-12,0.046458,0.053735
-1.5806e-12,0.046496,0.053736
-5.7558e-13,0.046536,0.053736
4.813e-13,0.046575,0.053737
1.5883e-12,0.046615,0.053738
2.7433e-12,0.046655,0.05374
3.9442e-12,0.046695,0.053741
5.1882e-12,0.046735,0.053743
6.4725e-12,0.046775,0.053744
7.7939e-12,0.046815,0.053746
9.1488e-12,0.046855,0.053748
1.0533e-11,0.046894,0.05375
1.1944e-11,0.046934,0.053751
1.3375e-11,0.046972,0.053753
1.4823e-11,0.04701,0.053755
1.6282e-11,0.047048,0.053757
1.7747e-11,0.047085,0.053758
1.9213e-11,0.047121,0.053759
2.0673e-11,0.047157,0.053761
2.2121e-11,0.047192,0.053762
2.3551e-11,0.047226,0.053763
2.4956e-11,0.04726,0.053763
2.633e-11,0.047292,0.053764
2.7665e-11,0.047324,0.053765
2.8953e-11,0.047354,0.053765
3.0189e-11,0.047384,0.053765
3.1362e-11,0.047413,0.053766
3.2467e-11,0.047441,0.053766
3.3495e-11,0.047467,0.053766
3.4438e-11,0.047493,0.053766
3.5288e-11,0.047518,0.053766
3.6037e-11,0.047542,0.053766
3.6678e-11,0.047565,0.053767
3.7202e-11,0.047587,0.053768
3.7601e-11,0.047609,0.053768
3.7868e-11,0.047629,0.05377
3.7994e-11,0.047649,0.053771
3.7974e-11,0.047668,0.053773
3.7799e-11,0.047686,0.053776
3.7462e-11,0.047703,0.053779
3.6957e-11,0.04772,0.053783
3.6278e-11,0.047737,0.053787
3.5419e-11,0.047753,0.053792
3.4374e-11,0.047768,0.053798
3.3139e-11,0.047784,0.053805
3.1709e-11,0.047799,0.053813
3.008e-11,0.047813,0.053822
2.825e-11,0.047828,0.053832
2.6215e-11,0.047843,0.053843
2.3974e-11,0.047858,0.053856
2.1526e-11,0.047873,0.053869
1.887e-11,0.047889,0.053884
1.6007e-11,0.047905,0.0539
1.2938e-11,0.047921,0.053918
9.6658e-12,0.047938,0.053936
6.1935e-12,0.047955,0.053956
2.5251e-12,0.047973,0.053978
-1.3341e-12,0.047992,0.054001
-5.378e-12,0.048012,0.054025
-9.5992e-12,0.048032,0.054051
-1.3989e-11,0.048053,0.054078
-1.8539e-11,0.048076,0.054106
-2.3238e-11,0.048099,0.054136
-2.8075e-11,0.048124,0.054167
-3.3036e-11,0.048149,0.054199
-3.8107e-11,0.048176,0.054233
-4.3275e-11,0.048203,0.054268
-4.8522e-11,0.048232,0.054303
-5.383e-11,0.048262,0.05434
-5.9183e-11,0.048293,0.054378
-6.456e-11,0.048325,0.054417
-6.9941e-11,0.048358,0.054456
-7.5303e-11,0.048392,0.054497
-8.0626e-11,0.048427,0.054538
-8.5884e-11,0.048462,0.054579
-9.1054e-11,0.048499,0.054621
-9.6111e-11,0.048536,0.054664
-1.0103e-10,0.048575,0.054707
-1.0578e-10,0.048613,0.05475
-1.1033e-10,0.048652,0.054794
-1.1467e-10,0.048692,0.054837
-1.1875e-10,0.048732,0.054881
-1.2256e-10,0.048771,0.054924
-1.2606e-10,0.048812,0.054968
-1.2922e-10,0.048851,0.055011
-1.3201e-10,0.048891,0.055054
-1.344e-10,0.048931,0.055096
-1.3638e-10,0.04897,0.055138
-1.3789e-10,0.049008,0.055179
-1.3893e-10,0.049046,0.05522
-1.3945e-10,0.049083,0.05526
-1.3943e-10,0.049119,0.055299
-1.3885e-10,0.049154,0.055337
-1.3768e-10,0.049188,0.055374
-1.359e-10,0.049221,0.05541
-1.3348e-10,0.049252,0.055445
-1.304e-10,0.049281,0.055479
-1.2664e-10,0.049309,0.055512
-1.2218e-10,0.049335,0.055543
-1.1701e-10,0.04936,0.055573
-1.1111e-10,0.049382,0.055602
-1.0447e-10,0.049403,0.055629
-9.7085e-11,0.049421,0.055655
-8.8941e-11,0.049437,0.055679
-8.0037e-11,0.04945,0.055702
-7.037e-11,0.049462,0.055723
-5.9943e-11,0.049471,0.055742
-4.876e-11,0.049477,0.05576
-3.683e-11,0.049481,0.055776
-2.4163e-11,0.049483,0.05579
-1.0774e-11,0.049481,0.055803
3.3172e-12,0.049478,0.055814
1.8089e-11,0.049471,0.055823
3.3515e-11,0.049462,0.05583
4.9565e-11,0.049451,0.055836
6.6205e-11,0.049436,0.055839
8.3397e-11,0.04942,0.055841
1.011e-10,0.0494,0.055841
1.1926e-10,0.049378,0.055839
1.3784e-10,0.049354,0.055836
1.5677e-10,0.049327,0.05583
1.76e-10,0.049298,0.055823
1.9547e-10,0.049266,0.055814
2.151e-10,0.049232,0.055803
2.3484e-10,0.049196,0.05579
2.5459e-10,0.049158,0.055775
2.7429e-10,0.049118,0.055759
2.9385e-10,0.049076,0.055741
3.1318e-10,0.049032,0.055721
3.322e-10,0.048986,0.055699
3.5081e-10,0.048939,0.055675
3.6892e-10,0.048889,0.05565
3.8643e-10,0.048839,0.055623
4.0324e-10,0.048787,0.055594
4.1924e-10,0.048734,0.055563
4.3434e-10,0.048679,0.055531
4.4843e-10,0.048624,0.055497
4.6139e-10,0.048567,0.055461
4.7313e-10,0.04851,0.055424
4.8354e-10,0.048452,0.055384
4.925e-10,0.048393,0.055344
4.9991e-10,0.048334,0.055301
5.0566e-10,0.048274,0.055257
5.0966e-10,0.048214,0.055212
5.1178e-10,0.048154,0.055165
5.1195e-10,0.048093,0.055116
5.1005e-10,0.048033,0.055066
5.06e-10,0.047972,0.055014
4.997e-10,0.047912,0.054962
4.9106e-10,0.047852,0.054907
4.8002e-10,0.047792,0.054852
4.665e-10,0.047733,0.054795
4.5042e-10,0.047674,0.054737
4.3173e-10,0.047615,0.054678
4.1037e-10,0.047558,0.054618
3.863e-10,0.047501,0.054556
3.5948e-10,0.047445,0.054494
3.2989e-10,0.047389,0.054431
2.9751e-10,0.047335,0.054367
2.6233e-10,0.047282,0.054303
2.2436e-10,0.04723,0.054238
1.8361e-10,0.047179,0.054172
1.4011e-10,0.047129,0.054106
9.3905e-11,0.047081,0.05404
4.5043e-11,0.047034,0.053973
-6.4063e-12,0.046988,0.053906
-6.0364e-11,0.046944,0.05384
-1.1673e-10,0.046901,0.053773
-1.7541e-10,0.04686,0.053706
-2.3626e-10,0.04682,0.05364
-2.9916e-10,0.046783,0.053574
-3.6394e-10,0.046746,0.053508
-4.3044e-10,0.046712,0.053443
-4.9847e-10,0.046679,0.053379
-5.6784e-10,0.046649,0.053315
-6.3833e-10,0.04662,0.053253
-7.0971e-10,0.046593,0.053191
-7.8173e-10,0.046568,0.053131
-8.5414e-10,0.046545,0.053072
-9.2666e-10,0.046524,0.053014
-9.99e-10,0.046504,0.052958
-1.0709e-09,0.046487,0.052903
-1.1419e-09,0.046472,0.05285
-1.2119e-09,0.046459,0.052799
-1.2804e-09,0.046449,0.05275
-1.3471e-09,0.04644,0.052702
-1.4116e-09,0.046433,0.052657
-1.4736e-09,0.046429,0.052615
-1.5327e-09,0.046426,0.052574
-1.5885e-09,0.046426,0.052536
-1.6407e-09,0.046428,0.0525
-1.6887e-09,0.046432,0.052467
-1.7323e-09,0.046438,0.052437
-1.7711e-09,0.046446,0.052409
-1.8046e-09,0.046456,0.052384
-1.8324e-09,0.046468,0.052362
-1.8542e-09,0.046483,0.052343
-1.8696e-09,0.046499,0.052327
-1.8782e-09,0.046517,0.052313
-1.8796e-09,0.046538,0.052303
-1.8735e-09,0.04656,0.052295
-1.8595e-09,0.046584,0.052291
-1.8373e-09,0.04661,0.052289
-1.8065e-09,0.046638,0.052291
-1.767e-09,0.046667,0.052295
-1.7183e-09,0.046699,0.052303
-1.6603e-09,0.046732,0.052313
-1.5928e-09,0.046766,0.052326
-1.5155e-09,0.046803,0.052341
-1.4282e-09,0.04684,0.05236
-1.3309e-09,0.046879,0.052381
-1.2234e-09,0.04692,0.052404
-1.1056e-09,0.046961,0.05243
-9.776e-10,0.047004,0.052459
-8.3932e-10,0.047048,0.052489
-6.9084e-10,0.047093,0.052521
-5.3226e-10,0.047139,0.052556
-3.6372e-10,0.047186,0.052592
-1.8541e-10,0.047234,0.05263
2.4335e-12,0.047282,0.05267
1.9952e-10,0.04733,0.052711
4.055e-10,0.047379,0.052754
6.1998e-10,0.047429,0.052798
8.4251e-10,0.047478,0.052842
1.0726e-09,0.047528,0.052888
1.3097e-09,0.047577,0.052934
1.5531e-09,0.047626,0.052981
1.8023e-09,0.047675,0.053029
2.0565e-09,0.047723,0.053077
2.3148e-09,0.047771,0.053125
2.5765e-09,0.047817,0.053174
2.8407e-09,0.047863,0.053222
3.1064e-09,0.047908,0.05327
3.3726e-09,0.047951,0.053319
3.6383e-09,0.047993,0.053366
3.9023e-09,0.048034,0.053414
4.1636e-09,0.048073,0.053461
4.4209e-09,0.04811,0.053507
4.673e-09,0.048145,0.053552
4.9187e-09,0.048177,0.053597
5.1565e-09,0.048208,0.053641
5.3852e-09,0.048236,0.053685
5.6034e-09,0.048262,0.053727
5.8096e-09,0.048286,0.053768
6.0025e-09,0.048306,0.053808
6.1807e-09,0.048324,0.053847
6.3426e-09,0.048338,0.053885
6.4869e-09,0.04835,0.053922
6.612e-09,0.048359,0.053958
6.7165e-09,0.048364,0.053992
6.7991e-09,0.048367,0.054026
6.8582e-09,0.048365,0.054058
6.8925e-09,0.048361,0.054089
6.9006e-09,0.048353,0.054118
6.8812e-09,0.048342,0.054147
6.833e-09,0.048327,0.054174
6.7548e-09,0.048308,0.0542
6.6455e-09,0.048287,0.054225
6.5039e-09,0.048261,0.054249
6.329e-09,0.048232,0.054271
6.1199e-09,0.0482,0.054293
5.8758e-09,0.048164,0.054313
5.5959e-09,0.048125,0.054332
5.2796e-09,0.048082,0.054351
4.9263e-09,0.048036,0.054368
4.5358e-09,0.047987,0.054384
4.1077e-09,0.047935,0.054399
3.6418e-09,0.047879,0.054414
3.1384e-09,0.047821,0.054427
2.5974e-09,0.047759,0.05444
2.0193e-09,0.047695,0.054452
1.4046e-09,0.047628,0.054463
7.539e-10,0.047558,0.054473
6.8137e-11,0.047486,0.054483
-6.5167e-10,0.047412,0.054492
-1.4043e-09,0.047335,0.054501
-2.1883e-09,0.047256,0.054509
-3.002e-09,0.047175,0.054516
-3.8437e-09,0.047092,0.054523
-4.7113e-09,0.047008,0.05453
-5.6025e-09,0.046922,0.054536
-6.515e-09,0.046834,0.054542
-7.4461e-09,0.046746,0.054548
-8.3929e-09,0.046656,0.054554
-9.3524e-09,0.046565,0.054559
-1.0321e-08,0.046474,0.054564
-1.1296e-08,0.046382,0.054569
-1.2273e-08,0.04629,0.054574
-1.3249e-08,0.046197,0.054578
-1.4219e-08,0.046105,0.054583
-1.518e-08,0.046012,0.054587
-1.6126e-08,0.04592,0.054592
-1.7054e-08,0.045828,0.054596
-1.7958e-08,0.045737,0.054601
-1.8834e-08,0.045647,0.054605
-1.9678e-08,0.045558,0.05461
-2.0483e-08,0.04547,0.054614
-2.1245e-08,0.045383,0.054619
-2.1959e-08,0.045298,0.054623
-2.2619e-08,0.045214,0.054627
-2.322e-08,0.045132,0.054632
-2.3757e-08,0.045052,0.054636
-2.4224e-08,0.044975,0.05464
-2.4616e-08,0.0449,0.054644
-2.4928e-08,0.044827,0.054648
-2.5155e-08,0.044756,0.054652
-2.5291e-08,0.044689,0.054656
-2.5331e-08,0.044624,0.054659
-2.5271e-08,0.044563,0.054663
-2.5106e-08,0.044504,0.054666
-2.4831e-08,0.044449,0.054669
-2.4442e-08,0.044397,0.054671
-2.3935e-08,0.044349,0.054674
-2.3307e-08,0.044305,0.054676
-2.2553e-08,0.044264,0.054678
-2.1671e-08,0.044227,0.05468
-2.0657e-08,0.044195,0.054681
-1.9511e-08,0.044166,0.054682
-1.8229e-08,0.044142,0.054683
-1.681e-08,0.044122,0.054683
-1.5253e-08,0.044106,0.054683
-1.3558e-08,0.044095,0.054683
-1.1725e-08,0.044088,0.054683
-9.7536e-09,0.044086,0.054682
-7.6461e-09,0.044089,0.054681
-5.4037e-09,0.044096,0.05468
-3.0292e-09,0.044108,0.054679
-5.2537e-10,0.044125,0.054677
2.1038e-09,0.044147,0.054676
4.854e-09,0.044174,0.054674
7.72e-09,0.044205,0.054672
1.0696e-08,0.044242,0.054671
1.3775e-08,0.044283,0.054669
1.695e-08,0.044329,0.054667
2.0213e-08,0.04438,0.054665
2.3555e-08,0.044435,0.054664
2.6967e-08,0.044496,0.054662
3.0437e-08,0.044561,0.054661
3.3955e-08,0.04463,0.05466
3.7509e-08,0.044704,0.054659
4.1087e-08,0.044782,0.054658
4.4674e-08,0.044864,0.054658
4.8257e-08,0.044951,0.054658
5.1822e-08,0.045041,0.054658
5.5353e-08,0.045136,0.054659
5.8834e-08,0.045234,0.05466
6.2248e-08,0.045335,0.054662
6.5579e-08,0.04544,0.054664
6.8809e-08,0.045548,0.054667
7.1919e-08,0.045658,0.05467
7.4892e-08,0.045772,0.054673
7.7709e-08,0.045888,0.054678
8.035e-08,0.046006,0.054683
8.2796e-08,0.046126,0.054688
8.5028e-08,0.046248,0.054694
8.7025e-08,0.046371,0.054701
8.877e-08,0.046496,0.054708
9.0241e-08,0.046622,0.054717
9.142e-08,0.046749,0.054725
9.2287e-08,0.046876,0.054735
9.2824e-08,0.047003,0.054745
9.3012e-08,0.047131,0.054755
9.2833e-08,0.047258,0.054767
9.227e-08,0.047385,0.054779
9.1306e-08,0.047512,0.054791
8.9925e-08,0.047637,0.054805
8.8113e-08,0.047761,0.054819
8.5855e-08,0.047884,0.054833
8.3139e-08,0.048006,0.054848
7.9952e-08,0.048125,0.054864
7.6286e-08,0.048243,0.054881
7.213e-08,0.048358,0.054897
6.7478e-08,0.048471,0.054915
6.2325e-08,0.048581,0.054933
5.6665e-08,0.048688,0.054951
5.0497e-08,0.048793,0.05497
4.3821e-08,0.048894,0.054989
3.6639e-08,0.048992,0.055009
2.8956e-08,0.049087,0.055029
2.0776e-08,0.049178,0.055049
1.211e-08,0.049265,0.05507
2.9676e-09,0.049349,0.055091
-6.6371e-09,0.049429,0.055112
-1.6688e-08,0.049505,0.055132
-2.7167e-08,0.049577,0.055153
-3.8052e-08,0.049645,0.055174
-4.932e-08,0.049708,0.055195
-6.0944e-08,0.049768,0.055216
-7.2894e-08,0.049823,0.055237
-8.5138e-08,0.049873,0.055257
-9.7641e-08,0.04992,0.055277
-1.1037e-07,0.049962,0.055297
-1.2327e-07,0.049999,0.055316
-1.3631e-07,0.050032,0.055334
-1.4945e-07,0.050061,0.055352
-1.6263e-07,0.050085,0.05537
-1.758e-07,0.050105,0.055386
-1.8891e-07,0.050121,0.055402
-2.019e-07,0.050132,0.055417
-2.1472e-07,0.050139,0.055431
-2.273e-07,0.050141,0.055444
-2.3958e-07,0.050139,0.055456
-2.515e-07,0.050134,0.055467
-2.6299e-07,0.050124,0.055476
-2.7398e-07,0.050109,0.055485
-2.8441e-07,0.050091,0.055492
-2.9421e-07,0.050069,0.055498
-3.033e-07,0.050043,0.055503
-3.1161e-07,0.050014,0.055506
-3.1908e-07,0.049981,0.055508
-3.2562e-07,0.049944,0.055508
-3.3118e-07,0.049903,0.055507
-3.3567e-07,0.04986,0.055505
-3.3903e-07,0.049813,0.055501
-3.4118e-07,0.049763,0.055496
-3.4207e-07,0.04971,0.055489
-3.4162e-07,0.049654,0.05548
-3.3977e-07,0.049595,0.05547
-3.3646e-07,0.049534,0.055459
-3.3163e-07,0.049471,0.055446
-3.2523e-07,0.049405,0.055432
-3.172e-07,0.049337,0.055416
-3.075e-07,0.049268,0.055399
-2.9608e-07,0.049196,0.05538
-2.8292e-07,0.049123,0.05536
-2.6796e-07,0.049049,0.055338
-2.512e-07,0.048973,0.055315
-2.326e-07,0.048896,0.055291
-2.1215e-07,0.048819,0.055266
-1.8984e-07,0.04874,0.05524
-1.6568e-07,0.048662,0.055212
-1.3967e-07,0.048583,0.055183
-1.1182e-07,0.048504,0.055153
-8.2162e-08,0.048425,0.055122
-5.0721e-08,0.048347,0.055091
-1.7539e-08,0.048269,0.055058
1.7336e-08,0.048192,0.055024
5.3844e-08,0.048116,0.05499
9.1918e-08,0.04804,0.054955
1.3148e-07,0.047967,0.05492
1.7244e-07,0.047894,0.054883
2.1471e-07,0.047824,0.054847
2.5817e-07,0.047755,0.05481
3.0271e-07,0.047688,0.054773
3.482e-07,0.047624,0.054735
3.945e-07,0.047562,0.054697
4.4147e-07,0.047502,0.05466
4.8894e-07,0.047446,0.054622
5.3675e-07,0.047392,0.054584
5.8471e-07,0.047341,0.054547
6.3265e-07,0.047293,0.054509
6.8037e-07,0.047248,0.054472
7.2765e-07,0.047207,0.054436
7.7429e-07,0.04717,0.054399
8.2007e-07,0.047135,0.054364
8.6476e-07,0.047105,0.054329
9.0811e-07,0.047078,0.054294
9.499e-07,0.047055,0.054261
9.8986e-07,0.047036,0.054228
1.0278e-06,0.047021,0.054196
1.0633e-06,0.04701,0.054165
1.0963e-06,0.047002,0.054135
1.1264e-06,0.046999,0.054106
1.1534e-06,0.046999,0.054078
1.1771e-06,0.047003,0.054051
1.1971e-06,0.047012,0.054025
1.2132e-06,0.047023,0.054001
1.2251e-06,0.047039,0.053978
1.2326e-06,0.047058,0.053956
1.2355e-06,0.047081,0.053935
1.2334e-06,0.047108,0.053915
1.2262e-06,0.047137,0.053897
1.2137e-06,0.04717,0.05388
1.1955e-06,0.047206,0.053864
1.1716e-06,0.047245,0.05385
1.1417e-06,0.047287,0.053837
1.1057e-06,0.047332,0.053825
1.0634e-06,0.047378,0.053814
1.0146e-06,0.047427,0.053805
9.5925e-07,0.047479,0.053796
8.9726e-07,0.047532,0.053789
8.2853e-07,0.047586,0.053782
7.5301e-07,0.047643,0.053777
6.7068e-07,0.0477,0.053772
5.8153e-07,0.047759,0.053768
4.8559e-07,0.047818,0.053765
3.8292e-07,0.047878,0.053762
2.736e-07,0.047938,0.05376
1.5776e-07,0.047999,0.053759
3.5535e-08,0.04806,0.053758
-9.2878e-08,0.04812,0.053757
-2.2726e-07,0.04818,0.053756
-3.6736e-07,0.04824,0.053756
-5.1288e-07,0.048298,0.053755
-6.6349e-07,0.048356,0.053754
-8.1883e-07,0.048412,0.053753
-9.7849e-07,0.048467,0.053752
-1.142e-06,0.048521,0.05375
-1.3089e-06,0.048573,0.053748
-1.4787e-06,0.048623,0.053745
-1.6508e-06,0.048671,0.053742
-1.8246e-06,0.048716,0.053738
-1.9995e-06,0.04876,0.053733
-2.1747e-06,0.048801,0.053728
-2.3496e-06,0.04884,0.053721
-2.5235e-06,0.048876,0.053714
-2.6955e-06,0.048909,0.053706
-2.8648e-06,0.04894,0.053696
-3.0306e-06,0.048968,0.053686
-3.192e-06,0.048993,0.053675
-3.3481e-06,0.049016,0.053662
-3.4979e-06,0.049035,0.053649
-3.6405e-06,0.049052,0.053634
-3.775e-06,0.049065,0.053619
-3.9002e-06,0.049076,0.053602
-4.0152e-06,0.049084,0.053584
-4.1189e-06,0.049089,0.053566
-4.2104e-06,0.049091,0.053547
-4.2885e-06,0.04909,0.053526
-4.3522e-06,0.049087,0.053505
-4.4005e-06,0.049081,0.053484
-4.4322e-06,0.049073,0.053461
-4.4464e-06,0.049062,0.053439
-4.4421e-06,0.049048,0.053415
-4.4181e-06,0.049033,0.053392
-4.3736e-06,0.049015,0.053368
-4.3075e-06,0.048995,0.053344
-4.2189e-06,0.048973,0.05332
-4.107e-06,0.048948,0.053296
-3.9708e-06,0.048923,0.053272
-3.8095e-06,0.048895,0.053249
-3.6224e-06,0.048866,0.053226
-3.4087e-06,0.048835,0.053204
-3.1678e-06,0.048803,0.053182
-2.8991e-06,0.04877,0.053161
-2.6021e-06,0.048736,0.053142
-2.2763e-06,0.0487,0.053123
-1.9213e-06,0.048664,0.053105
-1.5369e-06,0.048627,0.053089
-1.1228e-06,0.048589,0.053074
-6.7893e-07,0.048551,0.05306
-2.0529e-07,0.048512,0.053048
2.9807e-07,0.048473,0.053038
8.3097e-07,0.048434,0.053029
1.3931e-06,0.048395,0.053022
1.9841e-06,0.048356,0.053017
2.6035e-06,0.048316,0.053014
3.2507e-06,0.048277,0.053013
3.9248e-06,0.048239,0.053015
4.6251e-06,0.0482,0.053018
5.3507e-06,0.048162,0.053023
6.1004e-06,0.048125,0.053031
6.8731e-06,0.048088,0.05304
7.6674e-06,0.048052,0.053052
8.4819e-06,0.048017,0.053066
9.3151e-06,0.047982,0.053082
1.0165e-05,0.047949,0.053101
1.1031e-05,0.047916,0.053121
1.191e-05,0.047884,0.053143
1.28e-05,0.047853,0.053168
1.37e-05,0.047824,0.053194
1.4607e-05,0.047795,0.053222
1.5519e-05,0.047768,0.053252
1.6434e-05,0.047741,0.053284
1.7349e-05,0.047716,0.053317
1.8261e-05,0.047692,0.053352
1.917e-05,0.047669,0.053389
2.007e-05,0.047648,0.053426
2.0961e-05,0.047627,0.053465
2.184e-05,0.047608,0.053505
2.2703e-05,0.04759,0.053546
2.3549e-05,0.047573,0.053587
2.4374e-05,0.047557,0.05363
2.5176e-05,0.047543,0.053673
2.5952e-05,0.047529,0.053716
2.67e-05,0.047517,0.05376
2.7417e-05,0.047506,0.053804
2.8101e-05,0.047496,0.053848
2.875e-05,0.047487,0.053891
2.936e-05,0.047479,0.053935
2.9931e-05,0.047472,0.053978
3.0459e-05,0.047465,0.054021
3.0943e-05,0.04746,0.054063
3.1381e-05,0.047456,0.054105
3.1772e-05,0.047452,0.054145
3.2114e-05,0.04745,0.054185
3.2405e-05,0.047448,0.054223
3.2645e-05,0.047447,0.054261
3.2833e-05,0.047447,0.054297
3.2967e-05,0.047448,0.054331
3.3048e-05,0.047449,0.054365
3.3075e-05,0.047451,0.054396
3.3048e-05,0.047454,0.054427
3.2967e-05,0.047457,0.054455
3.2833e-05,0.047461,0.054482
3.2645e-05,0.047466,0.054507
3.2405e-05,0.047471,0.05453
3.2114e-05,0.047477,0.054551
3.1772e-05,0.047484,0.054571
3.1381e-05,0.047491,0.054589
3.0943e-05,0.047499,0.054604
3.0459e-05,0.047508,0.054618
2.9931e-05,0.047517,0.05463
2.936e-05,0.047526,0.05464
2.875e-05,0.047536,0.054648
2.8101e-05,0.047547,0.054654
2.7417e-05,0.047559,0.054659
2.67e-05,0.047571,0.054661
2.5952e-05,0.047583,0.054662
2.5176e-05,0.047596,0.054661
2.4374e-05,0.047609,0.054659
2.3549e-05,0.047624,0.054655
2.2703e-05,0.047638,0.05465
2.184e-05,0.047653,0.054643
2.0961e-05,0.047668,0.054635
2.007e-05,0.047684,0.054625
1.917e-05,0.047701,0.054614
1.8261e-05,0.047717,0.054603
1.7349e-05,0.047734,0.05459
1.6434e-05,0.047752,0.054576
1.5519e-05,0.047769,0.054562
1.4607e-05,0.047787,0.054547
1.37e-05,0.047805,0.054531
1.28e-05,0.047824,0.054515
1.191e-05,0.047842,0.054498
1.1031e-05,0.04786,0.054481
1.0165e-05,0.047879,0.054464
9.3151e-06,0.047897,0.054446
8.4819e-06,0.047916,0.054429
7.6674e-06,0.047934,0.054412
6.8731e-06,0.047952,0.054394
6.1004e-06,0.04797,0.054377
5.3507e-06,0.047987,0.054361
4.6251e-06,0.048004,0.054344
3.9248e-06,0.048021,0.054329
3.2507e-06,0.048037,0.054313
2.6035e-06,0.048053,0.054299
1.9841e-06,0.048068,0.054285
1.3931e-06,0.048082,0.054272
8.3097e-07,0.048096,0.054259
2.9807e-07,0.048109,0.054248
-2.0529e-07,0.048121,0.054237
-6.7893e-07,0.048132,0.054227
-1.1228e-06,0.048142,0.054219
-1.5369e-06,0.048152,0.054211
-1.9213e-06,0.04816,0.054205
-2.2763e-06,0.048167,0.054199
-2.6021e-06,0.048173,0.054195
-2.8991e-06,0.048178,0.054192
-3.1678e-06,0.048182,0.054191
-3.4087e-06,0.048185,0.054191
-3.6224e-06,0.048186,0.054192
-3.8095e-06,0.048186,0.054194
-3.9708e-06,0.048186,0.054197
-4.107e-06,0.048184,0.054202
-4.2189e-06,0.04818,0.054209
-4.3075e-06,0.048176,0.054217
-4.3736e-06,0.04817,0.054226
-4.4181e-06,0.048164,0.054236
-4.4421e-06,0.048156,0.054248
-4.4464e-06,0.048147,0.054261
-4.4322e-06,0.048137,0.054276
-4.4005e-06,0.048126,0.054292
-4.3522e-06,0.048114,0.054309
-4.2885e-06,0.048101,0.054327
-4.2104e-06,0.048088,0.054347
-4.1189e-06,0.048073,0.054368
-4.0152e-06,0.048058,0.05439
-3.9002e-06,0.048043,0.054414
-3.775e-06,0.048026,0.054438
-3.6405e-06,0.048009,0.054463
-3.4979e-06,0.047992,0.05449
-3.3481e-06,0.047975,0.054517
-3.192e-06,0.047957,0.054545
-3.0306e-06,0.047939,0.054573
-2.8648e-06,0.047921,0.054602
-2.6955e-06,0.047903,0.054632
-2.5235e-06,0.047885,0.054662
-2.3496e-06,0.047867,0.054693
-2.1747e-06,0.04785,0.054723
-1.9995e-06,0.047833,0.054754
-1.8246e-06,0.047816,0.054784
-1.6508e-06,0.0478,0.054815
-1.4787e-06,0.047785,0.054845
-1.3089e-06,0.04777,0.054874
-1.142e-06,0.047757,0.054903
-9.7849e-07,0.047744,0.054931
-8.1883e-07,0.047732,0.054958
-6.6349e-07,0.047721,0.054984
-5.1288e-07,0.047711,0.055009
-3.6736e-07,0.047702,0.055033
-2.2726e-07,0.047694,0.055055
-9.2878e-08,0.047688,0.055075
3.5535e-08,0.047683,0.055094
1.5776e-07,0.047679,0.055111
2.736e-07,0.047676,0.055125
3.8292e-07,0.047675,0.055138
4.8559e-07,0.047675,0.055148
5.8153e-07,0.047677,0.055156
6.7068e-07,0.04768,0.055162
7.5301e-07,0.047684,0.055165
8.2853e-07,0.04769,0.055165
8.9726e-07,0.047697,0.055163
9.5925e-07,0.047705,0.055157
1.0146e-06,0.047715,0.055149
1.0634e-06,0.047726,0.055138
1.1057e-06,0.047738,0.055124
1.1417e-06,0.047751,0.055107
1.1716e-06,0.047766,0.055088
1.1955e-06,0.047781,0.055065
1.2137e-06,0.047798,0.055039
1.2262e-06,0.047815,0.055011
1.2334e-06,0.047834,0.054979
1.2355e-06,0.047853,0.054945
1.2326e-06,0.047874,0.054908
1.2251e-06,0.047895,0.054868
1.2132e-06,0.047916,0.054826
1.1971e-06,0.047938,0.054781
1.1771e-06,0.047961,0.054734
1.1534e-06,0.047984,0.054684
1.1264e-06,0.048007,0.054633
1.0963e-06,0.04803,0.054579
1.0633e-06,0.048054,0.054524
1.0278e-06,0.048078,0.054467
9.8986e-07,0.048101,0.054409
9.499e-07,0.048125,0.05435
9.0811e-07,0.048148,0.054289
8.6476e-07,0.048171,0.054228
8.2007e-07,0.048193,0.054166
7.7429e-07,0.048215,0.054103
7.2765e-07,0.048237,0.05404
6.8037e-07,0.048257,0.053977
6.3265e-07,0.048277,0.053915
5.8471e-07,0.048296,0.053853
5.3675e-07,0.048315,0.053791
4.8894e-07,0.048332,0.053731
4.4147e-07,0.048348,0.053671
3.945e-07,0.048362,0.053613
3.482e-07,0.048376,0.053556
3.0271e-07,0.048388,0.053501
2.5817e-07,0.048398,0.053448
2.1471e-07,0.048407,0.053397
1.7244e-07,0.048415,0.053349
1.3148e-07,0.04842,0.053303
9.1918e-08,0.048424,0.053259
5.3844e-08,0.048426,0.053219
1.7336e-08,0.048426,0.053181
-1.7538e-08,0.048425,0.053147
-5.0721e-08,0.048421,0.053115
-8.2162e-08,0.048415,0.053088
-1.1182e-07,0.048406,0.053063
-1.3967e-07,0.048396,0.053042
-1.6568e-07,0.048384,0.053025
-1.8984e-07,0.048369,0.053012
-2.1215e-07,0.048352,0.053002
-2.326e-07,0.048332,0.052996
-2.512e-07,0.048311,0.052994
-2.6796e-07,0.048287,0.052996
-2.8292e-07,0.048261,0.053002
-2.9608e-07,0.048232,0.053011
-3.075e-07,0.048201,0.053025
-3.172e-07,0.048169,0.053042
-3.2523e-07,0.048133,0.053062
-3.3163e-07,0.048096,0.053087
-3.3646e-07,0.048057,0.053115
-3.3977e-07,0.048016,0.053147
-3.4162e-07,0.047973,0.053182
-3.4207e-07,0.047928,0.053221
-3.4118e-07,0.047881,0.053263
-3.3903e-07,0.047833,0.053308
-3.3567e-07,0.047784,0.053356
-3.3118e-07,0.047733,0.053407
-3.2562e-07,0.04768,0.053461
-3.1908e-07,0.047627,0.053517
-3.1161e-07,0.047573,0.053576
-3.033e-07,0.047518,0.053637
-2.9421e-07,0.047463,0.053701
-2.8441e-07,0.047407,0.053766
-2.7398e-07,0.047351,0.053834
-2.6299e-07,0.047295,0.053903
-2.515e-07,0.047239,0.053974
-2.3958e-07,0.047183,0.054046
-2.273e-07,0.047128,0.05412
-2.1472e-07,0.047073,0.054194
-2.019e-07,0.04702,0.05427
-1.8891e-07,0.046967,0.054346
-1.758e-07,0.046916,0.054423
-1.6263e-07,0.046867,0.0545
-1.4945e-07,0.046819,0.054578
-1.3631e-07,0.046773,0.054656
-1.2327e-07,0.046729,0.054733
-1.1037e-07,0.046687,0.054811
-9.7641e-08,0.046648,0.054888
-8.5138e-08,0.046611,0.054965
-7.2894e-08,0.046577,0.055041
-6.0944e-08,0.046546,0.055116
-4.9321e-08,0.046518,0.055191
-3.8053e-08,0.046493,0.055265
-2.7167e-08,0.046471,0.055337
-1.6689e-08,0.046453,0.055409
-6.6376e-09,0.046439,0.055479
2.9671e-09,0.046428,0.055547
1.2109e-08,0.04642,0.055615
2.0776e-08,0.046416,0.05568
2.8955e-08,0.046417,0.055744
3.6639e-08,0.04642,0.055807
4.3821e-08,0.046428,0.055867
5.0497e-08,0.04644,0.055926
5.6664e-08,0.046455,0.055983
6.2324e-08,0.046474,0.056038
6.7478e-08,0.046497,0.056091
7.213e-08,0.046524,0.056142
7.6286e-08,0.046554,0.056192
7.9952e-08,0.046587,0.056239
8.3139e-08,0.046624,0.056284
8.5855e-08,0.046665,0.056327
8.8113e-08,0.046708,0.056368
8.9925e-08,0.046754,0.056408
9.1306e-08,0.046804,0.056445
9.227e-08,0.046856,0.05648
9.2833e-08,0.04691,0.056514
9.3012e-08,0.046967,0.056546
9.2824e-08,0.047026,0.056575
9.2288e-08,0.047087,0.056603
9.142e-08,0.047149,0.05663
9.0242e-08,0.047213,0.056654
8.877e-08,0.047278,0.056677
8.7026e-08,0.047345,0.056699
8.5028e-08,0.047411,0.056719
8.2797e-08,0.047479,0.056737
8.0351e-08,0.047546,0.056754
7.771e-08,0.047614,0.05677
7.4893e-08,0.047681,0.056785
7.192e-08,0.047748,0.056799
6.881e-08,0.047814,0.056811
6.558e-08,0.047879,0.056823
6.225e-08,0.047943,0.056833
5.8835e-08,0.048005,0.056843
5.5354e-08,0.048066,0.056853
5.1824e-08,0.048124,0.056861
4.8259e-08,0.048181,0.056869
4.4675e-08,0.048235,0.056877
4.1088e-08,0.048286,0.056884
3.7511e-08,0.048335,0.056891
3.3957e-08,0.04838,0.056898
3.0439e-08,0.048423,0.056904
2.6968e-08,0.048462,0.056911
2.3557e-08,0.048498,0.056917
2.0215e-08,0.04853,0.056924
1.6952e-08,0.048559,0.056931
1.3777e-08,0.048584,0.056938
1.0698e-08,0.048605,0.056946
7.7218e-09,0.048621,0.056954
4.8558e-09,0.048634,0.056963
2.1056e-09,0.048643,0.056972
-5.2368e-10,0.048648,0.056982
-3.0275e-09,0.048649,0.056992
-5.4021e-09,0.048646,0.057003
-7.6445e-09,0.048638,0.057015
-9.7522e-09,0.048627,0.057028
-1.1723e-08,0.048612,0.057041
-1.3557e-08,0.048593,0.057056
-1.5252e-08,0.04857,0.057071
-1.6809e-08,0.048543,0.057087
-1.8228e-08,0.048513,0.057104
-1.951e-08,0.04848,0.057122
-2.0657e-08,0.048443,0.05714
-2.167e-08,0.048403,0.05716
-2.2552e-08,0.04836,0.05718
-2.3306e-08,0.048314,0.057202
-2.3935e-08,0.048266,0.057224
-2.4442e-08,0.048215,0.057246
-2.4831e-08,0.048162,0.05727
-2.5106e-08,0.048107,0.057294
-2.5272e-08,0.04805,0.057319
-2.5332e-08,0.047991,0.057344
-2.5292e-08,0.047931,0.05737
-2.5156e-08,0.047869,0.057396
-2.493e-08,0.047807,0.057422
-2.4618e-08,0.047744,0.057449
-2.4226e-08,0.04768,0.057476
-2.3759e-08,0.047616,0.057503
-2.3223e-08,0.047552,0.057529
-2.2622e-08,0.047488,0.057556
-2.1962e-08,0.047424,0.057583
-2.1248e-08,0.04736,0.057609
-2.0486e-08,0.047297,0.057634
-1.9681e-08,0.047235,0.057659
-1.8838e-08,0.047174,0.057683
-1.7962e-08,0.047114,0.057707
-1.7058e-08,0.047056,0.057729
-1.6131e-08,0.046999,0.057751
-1.5184e-08,0.046943,0.057771
-1.4224e-08,0.04689,0.05779
-1.3254e-08,0.046838,0.057808
-1.2279e-08,0.046789,0.057824
-1.1302e-08,0.046742,0.057838
-1.0327e-08,0.046696,0.057851
-9.3583e-09,0.046654,0.057863
-8.399e-09,0.046614,0.057872
-7.4523e-09,0.046576,0.057879
-6.5213e-09,0.046541,0.057885
-5.6089e-09,0.046509,0.057888
-4.7177e-09,0.046479,0.05789
-3.8502e-09,0.046452,0.057889
-3.0085e-09,0.046428,0.057886
-2.1947e-09,0.046407,0.057881
-1.4107e-09,0.046388,0.057873
-6.5801e-10,0.046372,0.057864
6.1901e-11,0.046359,0.057852
7.478e-10,0.046349,0.057837
1.3986e-09,0.046342,0.057821
2.0136e-09,0.046337,0.057802
2.5919e-09,0.046335,0.057782
3.1331e-09,0.046336,0.057758
3.6369e-09,0.046339,0.057733
4.103e-09,0.046344,0.057706
4.5315e-09,0.046352,0.057677
4.9225e-09,0.046363,0.057646
5.2761e-09,0.046375,0.057613
5.5929e-09,0.04639,0.057578
5.8733e-09,0.046407,0.057542
6.118e-09,0.046426,0.057504
6.3276e-09,0.046447,0.057465
6.5031e-09,0.046469,0.057424
6.6454e-09,0.046493,0.057382
6.7554e-09,0.046519,0.057339
6.8343e-09,0.046546,0.057295
6.8832e-09,0.046575,0.05725
6.9033e-09,0.046605,0.057205
6.896e-09,0.046636,0.057159
6.8625e-09,0.046668,0.057112
6.8043e-09,0.046701,0.057065
6.7226e-09,0.046734,0.057018
6.6189e-09,0.046769,0.056972
6.4946e-09,0.046804,0.056925
6.3513e-09,0.04684,0.056878
6.1903e-09,0.046875,0.056832
6.013e-09,0.046912,0.056787
5.821e-09,0.046948,0.056742
5.6156e-09,0.046985,0.056699
5.3984e-09,0.047021,0.056656
5.1706e-09,0.047058,0.056614
4.9336e-09,0.047094,0.056574
4.6888e-09,0.04713,0.056534
4.4376e-09,0.047166,0.056497
4.1811e-09,0.047201,0.056461
3.9206e-09,0.047236,0.056426
3.6572e-09,0.04727,0.056393
3.3922e-09,0.047304,0.056362
3.1267e-09,0.047337,0.056333
2.8616e-09,0.047369,0.056306
2.5979e-09,0.0474,0.056281
2.3367e-09,0.04743,0.056258
2.0788e-09,0.04746,0.056237
1.825e-09,0.047488,0.056219
1.5761e-09,0.047515,0.056202
1.3328e-09,0.047541,0.056188
1.0959e-09,0.047566,0.056176
8.6578e-10,0.04759,0.056166
6.4316e-10,0.047613,0.056158
4.2849e-10,0.047634,0.056153
2.2223e-10,0.047654,0.056149
2.4757e-11,0.047672,0.056148
-1.6359e-10,0.047689,0.056149
-3.4252e-10,0.047705,0.056152
-5.1179e-10,0.047719,0.056157
-6.7123e-10,0.047732,0.056164
-8.2068e-10,0.047743,0.056173
-9.6006e-10,0.047753,0.056183
-1.0893e-09,0.047761,0.056196
-1.2084e-09,0.047768,0.05621
-1.3174e-09,0.047773,0.056225
-1.4164e-09,0.047777,0.056242
-1.5054e-09,0.047779,0.056261
-1.5846e-09,0.047779,0.05628
-1.6541e-09,0.047778,0.056301
-1.7142e-09,0.047776,0.056323
-1.7651e-09,0.047772,0.056346
-1.807e-09,0.047767,0.056369
-1.8402e-09,0.04776,0.056394
-1.865e-09,0.047752,0.056418
-1.8817e-09,0.047742,0.056443
-1.8907e-09,0.047731,0.056469
-1.8921e-09,0.047719,0.056494
-1.8865e-09,0.047705,0.05652
-1.8742e-09,0.04769,0.056546
-1.8555e-09,0.047674,0.056571
-1.8309e-09,0.047657,0.056596
-1.8006e-09,0.047639,0.056621
-1.7651e-09,0.047619,0.056645
-1.7248e-09,0.047599,0.056669
-1.68e-09,0.047578,0.056691
-1.6312e-09,0.047555,0.056713
-1.5787e-09,0.047532,0.056734
-1.5229e-09,0.047508,0.056755
-1.4641e-09,0.047483,0.056774
-1.4027e-09,0.047458,0.056791
-1.3391e-09,0.047432,0.056808
-1.2736e-09,0.047405,0.056824
-1.2065e-09,0.047378,0.056838
-1.1382e-09,0.04735,0.056851
-1.069e-09,0.047322,0.056863
-9.9905e-10,0.047294,0.056873
-9.2879e-10,0.047265,0.056882
-8.5843e-10,0.047236,0.05689
-7.8822e-10,0.047208,0.056896
-7.1842e-10,0.047179,0.056901
-6.4924e-10,0.04715,0.056905
-5.8089e-10,0.047122,0.056907
-5.1357e-10,0.047093,0.056909
-4.4746e-10,0.047065,0.056909
-3.8271e-10,0.047037,0.056908
-3.1949e-10,0.04701,0.056906
-2.5792e-10,0.046983,0.056903
-1.9812e-10,0.046956,0.0569
-1.4019e-10,0.04693,0.056895
-8.4238e-11,0.046905,0.05689
-3.0329e-11,0.04688,0.056884
2.1472e-11,0.046856,0.056877
7.1113e-11,0.046833,0.05687
1.1856e-10,0.046811,0.056862
1.6378e-10,0.04679,0.056854
2.0676e-10,0.046769,0.056846
2.4749e-10,0.046749,0.056837
2.86e-10,0.046731,0.056829
3.2228e-10,0.046713,0.05682
3.5636e-10,0.046696,0.056811
3.8828e-10,0.04668,0.056802
4.1808e-10,0.046666,0.056794
4.4581e-10,0.046652,0.056785
4.7152e-10,0.046639,0.056777
4.9527e-10,0.046627,0.056769
5.1713e-10,0.046616,0.056761
5.3716e-10,0.046606,0.056754
5.5545e-10,0.046598,0.056747
5.7206e-10,0.04659,0.05674
5.8709e-10,0.046582,0.056734
6.006e-10,0.046576,0.056728
6.1269e-10,0.046571,0.056723
6.2343e-10,0.046566,0.056718
6.3292e-10,0.046562,0.056714
6.4123e-10,0.046559,0.05671
6.4846e-10,0.046556,0.056706
6.5468e-10,0.046554,0.056703
6.5998e-10,0.046553,0.0567
6.6443e-10,0.046552,0.056698
6.6811e-10,0.046551,0.056696
6.7111e-10,0.046551,0.056695
6.7348e-10,0.046551,0.056693
6.753e-10,0.046552,0.056693
6.7663e-10,0.046553,0.056692
6.7754e-10,0.046554,0.056692
6.7809e-10,0.046555,0.056691
6.7832e-10,0.046556,0.056691
6.783e-10,0.046558,0.056692
6.7806e-10,0.046559,0.056692
6.7765e-10,0.046561,0.056693
6.7711e-10,0.046563,0.056693
6.7648e-10,0.046564,0.056694
6.7577e-10,0.046566,0.056695
6.7503e-10,0.046567,0.056695
6.7427e-10,0.046569,0.056696
6.7352e-10,0.04657,0.056697
6.7279e-10,0.046571,0.056698
6.7209e-10,0.046573,0.056698
6.7144e-10,0.046574,0.056699
6.7083e-10,0.046575,0.0567
6.7029e-10,0.046576,0.0567
6.698e-10,0.046576,0.056701
6.6937e-10,0.046577,0.056701
6.6901e-10,0.046578,0.056702
6.687e-10,0.046578,0.056702
6.6844e-10,0.046578,0.056702
6.6823e-10,0.046579,0.056703
6.6807e-10,0.046579,0.056703
